-0.18624300 -0.03617630 -0.01064200
0.02983430 -0.05585290 0.04304390
-0.23012599 -0.01034500 -0.02967540
-0.18130700 -0.01256600 0.01480710
0.00532617 -0.06687420 -0.06124130
-0.24272200 0.05493180 -0.00174994
-0.12579300 -0.03082030 0.01154010
-0.00118763 -0.03545510 0.28748500
0.12850900 -0.01728640 -0.03012170
-0.01294320 -0.04257520 -0.24344701
0.04881980 -0.04851520 0.05710000
0.12512600 -0.02619640 0.01947830
0.21038200 0.01463080 0.01310100
0.12862800 -0.03270730 0.03069560
0.07439940 -0.06472920 0.03324550
-0.01716670 -0.08993280 -0.02202870
0.00847793 -0.06422220 0.04046800
-0.02473420 -0.02632260 -0.33402100
0.02220560 -0.05728600 0.01855920
-0.19661000 -0.03962710 -0.00453100
0.08522280 -0.03215410 -0.01166550
0.00514384 -0.04736880 0.19869199
0.06088590 -0.04717030 -0.16016001
0.10452100 -0.06597410 0.00402143
0.02876520 -0.02954310 -0.03049740
0.20265800 -0.08050610 -0.00219558
-0.25102800 -0.00834119 0.01620830
-0.02907490 -0.02538790 -0.37631401
0.21185499 0.00628425 0.00114711
0.09735680 -0.07960110 0.09217980
0.13241600 -0.02858300 0.00163022
0.00813497 -0.03203600 -0.02461730
-0.03617910 -0.05868040 -0.01783440
-0.02388590 -0.03122360 -0.28839400
0.01188280 -0.06314640 -0.21437700
0.08450840 -0.05185770 -0.06935940
0.05475770 -0.03593580 -0.03077140
0.20059800 -0.06040980 0.01382690
0.04326910 -0.04739300 -0.07104850
0.09673060 -0.02119830 0.00483433
-0.28341100 0.03708600 0.00015366
-0.02776600 -0.03194120 0.32769999
-0.14440200 -0.02704760 -0.01888840
0.10725600 -0.06235840 0.00000000
-0.03303360 -0.03407170 -0.31194499
-0.09006640 0.00392730 0.00331336
0.02796560 -0.06167680 -0.08277350
-0.04811470 -0.03152550 0.00639309
0.08653800 -0.08666180 -0.11600800
0.02249390 -0.04133340 -0.14708599
-0.01421070 -0.06261480 0.01944020
-0.19810200 -0.02193070 -0.01390130
-0.00924587 -0.03327940 -0.25178900
0.01694270 -0.07674740 0.21968700
0.02114050 0.00157372 -0.02020210
-0.26351300 -0.00480227 0.06084200
0.03290280 -0.07208550 -0.24172100
0.19302300 0.00735586 -0.02193110
-0.04230390 -0.02488110 -0.37062600
0.01197990 -0.03783660 -0.19029801
-0.28684500 0.09000620 0.00010559
0.14158700 -0.00224987 -0.00048866
-0.00642315 -0.01615380 -0.00622464
0.13319300 -0.02826540 -0.00764883
0.11933800 0.01384990 -0.01404870
-0.00893734 -0.08464780 0.01917260
0.01906420 -0.04929870 0.01295490
0.14083900 -0.01645350 -0.02604320
0.17344899 -0.06414210 0.00901311
0.19529501 -0.08355090 -0.00575797
0.01774660 -0.06895520 -0.03955740
-0.24991401 0.02109100 0.00206223
0.21316200 -0.06597410 0.00083277
0.03105500 -0.05127480 0.15594099
-0.00824818 -0.02653610 0.33319199
-0.25645301 -0.00779592 -0.01577440
-0.26101300 0.03448290 0.00145312
0.05507480 -0.04331360 0.14381500
0.00603667 -0.07189470 -0.22090200
0.02568250 -0.06844610 0.03819010
0.01938360 -0.03919100 -0.17298999
0.02764820 -0.03901140 -0.17522299
0.20473801 -0.00224987 -0.00169602
0.09780790 -0.04929870 0.02742050
0.21130900 -0.05626030 -0.00334262
0.01822570 -0.03525620 0.22189599
-0.24904400 0.05755650 0.00161059
-0.17449699 0.00199252 -0.00314540
-0.01145360 -0.03161850 0.27039599
0.17830200 -0.01049620 0.00762783
-0.06358450 -0.02022760 0.00029258
0.10646600 -0.01645350 0.02512090
-0.02461740 -0.02845040 0.00758230
0.01854300 -0.05421860 0.00000000
0.01978570 -0.03399220 -0.23760600
0.03419810 -0.06712320 0.02223030
-0.13051400 -0.02267140 0.01182150
0.28820801 -0.04005110 -0.01289840
0.10501200 -0.00335287 -0.00804000
0.03180400 -0.04917260 0.17014199
0.02043790 -0.06284710 -0.07940230
0.05079580 -0.04515650 0.22667900
-0.06104160 -0.06129520 0.00747031
0.01481890 -0.03727800 0.26331699
0.01592350 -0.05843650 0.05381860
0.01777840 -0.01090160 0.02848360
0.17811500 -0.05438200 0.02160150
0.21155700 -0.03390860 -0.03074000
0.00493693 -0.07238500 -0.22595200
0.00863021 -0.01499000 0.00103072
0.02436340 -0.04929870 -0.00054211
0.14262500 0.01881980 0.00422134
0.10657300 -0.06096080 0.01311630
0.14108101 -0.02948080 -0.02581870
0.02481480 -0.04065740 -0.15476400
0.03694410 -0.08678860 0.04506880
0.08813580 -0.05072790 0.02382470
0.01950120 -0.04929870 0.01255910
0.00932610 -0.09319540 -0.01983850
0.25861600 -0.06196960 0.00368879
-0.06614710 -0.02160640 0.02848860
0.05831900 -0.04671430 -0.07948390
0.10481200 -0.08017430 0.08979930
0.06482080 -0.09068060 0.10084900
-0.11395600 0.00170631 0.00814250
0.00435406 -0.05199080 -0.11764100
-0.24892899 -0.01797580 0.00559821
-0.04106730 -0.04200470 -0.03063440
0.13302299 -0.00009186 -0.02576550
-0.01947440 -0.02662050 0.36403099
-0.00505234 -0.08922370 0.01832920
0.21970400 0.01515040 -0.00989916
0.04537110 -0.04411860 -0.23115700
-0.28917301 -0.00261086 -0.06961300
0.06045420 -0.06464300 -0.11838000
0.24731500 -0.01275860 0.01540400
0.10014700 -0.05290410 0.00000000
-0.15060499 -0.02148590 0.01809540
0.15214400 -0.03107150 0.01436660
-0.12425300 -0.04478980 -0.01380430
-0.00231840 -0.03866090 0.19201399
-0.12982300 0.00282284 0.00357950
-0.06109850 -0.02920820 -0.00705595
0.09967870 -0.05568340 0.00000000
0.08925140 -0.05365800 0.06901360
0.05582290 -0.05784160 -0.10448800
-0.01366690 -0.04804150 0.19675100
0.00833973 -0.06144800 -0.09625880
-0.00586562 -0.03190900 0.01694010
-0.28691301 0.08974370 -0.00010091
-0.15620500 -0.01401860 0.01732330
0.21728601 0.00741539 -0.01866960
0.03928240 -0.06440810 0.05734460
0.04030130 -0.09392320 0.01784410
0.14102900 -0.00224987 0.02600400
-0.04888230 -0.03151850 -0.00300505
0.01883520 -0.04929870 0.00719989
0.09360900 -0.07813650 -0.08815280
0.18553901 -0.01946240 -0.03020260
-0.03781830 -0.03161900 0.02334930
0.09034400 -0.05774870 0.09569990
0.16370600 -0.01049620 0.00193070
0.21185499 -0.01515370 -0.03003410
0.08888180 -0.06263480 -0.03676040
0.00924445 -0.04459330 0.12648800
-0.14127700 -0.01355390 -0.01833950
0.06446300 -0.07541970 -0.09088680
0.04068950 -0.03120530 -0.03057270
0.16366200 -0.02749500 0.03050140
0.05482240 -0.04611610 -0.22515200
0.23352300 -0.01806790 -0.01557830
-0.03460200 -0.02768940 -0.33490601
0.05634850 -0.02655410 0.02230300
-0.00486105 -0.00768309 0.02643620
0.11125900 0.01603850 0.01139240
-0.01953830 -0.03352590 0.31244501
0.16616400 -0.02995930 0.00036268
0.07223470 -0.01645350 0.01058520
0.24192899 -0.01275860 -0.00093511
0.00403564 -0.03084090 0.27677301
-0.03998890 -0.02882520 0.02047860
-0.02343260 -0.03778790 -0.28257599
-0.03125750 -0.03572350 0.29914200
0.16730700 -0.01375720 0.01089580
0.02055010 -0.03214870 -0.02739490
-0.09517040 -0.02693350 -0.00685965
0.05639280 -0.04324450 0.12275600
0.10862800 -0.05912710 0.01384160
-0.27529100 -0.00526491 -0.04066970
0.03072310 -0.05128170 0.15607800
-0.01585770 -0.04392850 0.23488000
-0.13936301 -0.02810200 -0.01937480
-0.27275899 0.02578280 0.00074266
-0.00981644 -0.09134810 -0.02030810
0.22162700 -0.04415560 -0.02745070
-0.12651201 -0.00547191 -0.01617650
-0.27028301 -0.00632494 0.01802520
-0.25292000 -0.00647988 -0.02789550
0.03961070 -0.08668040 -0.04744060
0.02156810 -0.06668640 -0.24355599
0.01433350 -0.05349470 -0.14932700
0.01695210 -0.01698240 0.02998740
0.10243400 -0.04785410 -0.02531050
0.12744500 -0.01483900 0.03003060
-0.03387020 -0.02978400 0.03039070
0.01888670 -0.03842870 -0.18246500
-0.00096879 -0.03195340 -0.01007810
-0.09526450 -0.02596390 -0.01268280
-0.27209401 -0.00500705 -0.02284430
0.17474701 -0.00224987 0.01032500
-0.07654770 -0.04587550 0.02400930
-0.03425580 -0.05126980 0.02449480
0.18747900 -0.00224987 -0.01672020
0.01583070 -0.05704420 0.21225300
0.08352650 -0.05203020 -0.08443450
0.01896270 -0.06505370 -0.06531410
0.14505900 0.00366341 -0.01468130
0.09939070 -0.06768380 -0.09164670
0.05509540 -0.06441210 0.23405200
0.07139300 -0.04929870 -0.00390961
0.04645240 -0.08002660 -0.22881100
0.13562900 -0.00224987 -0.01060290
0.02742340 -0.04662240 -0.19066399
0.06942550 -0.01645350 0.02119220
0.20625600 -0.00224987 0.02249360
-0.25762400 -0.00575023 0.08580060
0.03702240 -0.06825070 0.01920160
-0.03039480 -0.03168630 -0.01333290
0.13337900 0.00042784 -0.01488500
-0.04443900 -0.06296630 -0.00689765
0.00638243 -0.04215710 -0.14969800
0.00875661 -0.06582430 0.00917755
0.04255320 -0.04900740 -0.16333200
0.05848870 -0.04682740 0.07807740
-0.13040100 -0.02063970 0.01996660
0.12820700 -0.00224987 0.02397880
-0.00497180 -0.03449040 -0.23638900
0.20871800 -0.02225160 -0.03030630
-0.02000420 -0.02610860 0.33558899
0.03652590 -0.03215410 0.00331398
0.05269010 -0.04980390 0.04108360
0.14096899 -0.01335010 0.01881370
-0.28291401 -0.00383672 -0.03744330
0.01679210 -0.03948560 0.17002100
-0.01984020 -0.02360110 0.38172299
0.07228080 -0.05054820 0.03183290
-0.20876700 -0.02914930 -0.01116700
-0.24265400 -0.00711836 0.04379050
-0.24107100 -0.01850360 -0.00764841
-0.01857590 -0.02680390 -0.32694700
-0.00198056 0.00748170 -0.01261530
0.15333299 0.00185410 0.02147400
0.18155099 -0.01425880 -0.01893850
-0.06890520 -0.01236610 -0.02501700
-0.05338150 -0.02156020 -0.02995320
0.04170070 -0.04273940 -0.21031100
0.18716000 -0.01307780 0.01897650
0.14783899 -0.00224987 -0.00398040
0.02842570 -0.05984900 -0.09555820
0.03736890 -0.06151450 0.04729740
0.01922690 -0.05090000 0.16529600
0.01943590 -0.07583520 0.22067000
0.00870222 -0.08721980 -0.02050760
0.00101679 -0.02414570 -0.03021580
0.06660060 -0.04877170 -0.14392500
0.19641700 -0.01425880 -0.00133839
0.16053700 -0.00224987 -0.02000840
0.02617680 -0.05455480 -0.03079010
-0.03454820 -0.03262860 -0.31577200
-0.09334640 -0.02131440 0.00195326
0.08473880 -0.06186380 0.02826950
-0.09102700 -0.01335080 0.02309820
0.03749850 -0.05386520 0.13861400
0.07968280 -0.06212310 0.01161720
0.01866400 -0.06786160 0.02416300
0.04651650 -0.05410520 0.12584600
0.02274350 -0.03543670 0.21965300
0.03676560 -0.04859040 -0.17042901
0.21185499 -0.05584150 0.01666160
0.20924801 -0.01645350 0.01183950
-0.08601750 -0.01781340 0.02569200
0.27073500 -0.03073070 -0.01832910
0.06076020 -0.07630830 -0.23106000
0.03451370 0.01419060 0.00558137
0.00894722 -0.04013280 -0.16876000
0.03433560 -0.09232700 -0.05570040
0.25895000 -0.04498000 -0.02147070
0.07172930 -0.06027560 0.10937700
-0.06000840 -0.03141750 -0.01835630
0.12250100 0.01716490 -0.00761897
0.07389730 -0.00617978 -0.02750460
0.03997830 0.01512800 -0.00333841
0.03251070 -0.04608780 -0.19053601
0.24480900 -0.01310540 -0.00927788
0.02205780 -0.03976850 0.24109100
0.04148210 -0.04438290 0.22272100
-0.07131430 -0.04422870 0.02615680
0.02865150 -0.02879470 -0.00792625
0.13594800 -0.01645350 0.00657762
-0.00893495 -0.04069280 0.25477499
-0.05004250 -0.03150790 -0.02496610
0.00870073 -0.03833280 -0.18744899
-0.01004300 0.00884113 -0.00893884
-0.12022800 -0.00385987 -0.01524490
0.19462200 -0.00224987 0.01458090
0.23626900 -0.02444960 -0.01230750
0.08812540 -0.06039630 0.05249540
0.01516680 -0.05020060 -0.02470300
0.01467510 -0.03473220 -0.28645000
-0.24850599 0.00986102 -0.00211210
0.08204240 -0.06377560 -0.03407180
-0.14375800 -0.00310800 -0.01268180
-0.02958830 -0.04382960 0.26004201
0.04294130 -0.08782990 0.05591200
0.13332801 -0.03044820 0.01489250
0.08701150 -0.05377280 -0.08588350
0.07576980 -0.06597410 -0.00224057
-0.00670628 -0.09080270 -0.01975370
-0.05280920 -0.03148280 -0.00381554
-0.00000131 -0.06345650 -0.08769020
0.18714300 -0.02725310 0.02985380
0.19796100 -0.06247810 0.00545983
0.09355150 -0.07526390 0.09108690
-0.25884899 -0.00639275 0.01258760
0.04449600 -0.04392680 -0.23063400
0.06248220 -0.07213990 0.08789820
0.09302450 0.00924534 0.01888630
0.02167180 -0.06546160 -0.02774730
-0.21695000 -0.03363580 -0.00656868
0.04595520 -0.03949110 -0.22426200
0.00898220 -0.03993400 0.24961600
0.00580311 -0.03019940 0.29296201
0.05825050 -0.09049450 -0.10594900
-0.14194700 -0.04494300 0.00974381
-0.24464799 0.07042480 -0.00112168
0.05916730 -0.06635910 -0.03200580
-0.24533600 0.00083119 0.00227103
-0.01102160 -0.01650940 -0.02972740
-0.00646461 -0.04152620 0.24737300
0.02338690 -0.05764090 0.03079020
0.01030230 -0.05526630 0.07647070
0.04647960 -0.04174180 -0.19095699
-0.14423899 0.00195980 0.00566286
0.24651000 -0.05386490 -0.02052440
0.05694630 -0.04809440 -0.15957899
0.12599200 -0.02763610 0.02282150
-0.05646360 -0.02559470 -0.02995210
0.12850399 -0.02995930 0.01994450
-0.02095980 -0.03747210 -0.03072170
-0.00125122 -0.03785160 -0.26242900
0.00657244 -0.06224110 0.09194750
0.13858201 -0.00176632 -0.00793326
0.13321701 -0.00005511 -0.01942860
0.06953640 -0.01584950 -0.01629270
0.09550290 -0.01651330 0.03008560
0.06288330 -0.04920640 -0.14885899
0.02220740 -0.04175880 -0.22748700
0.05610530 -0.03215410 0.00880614
-0.00937511 -0.04420150 0.26046300
-0.19883600 -0.03119590 0.01150030
0.11917700 -0.01375720 0.01107560
0.10278700 -0.08781160 0.10101700
0.04622430 0.01367440 0.01000460
-0.03522220 -0.02675020 0.03025050
0.01474660 -0.06490660 -0.21410000
0.20934300 -0.01645350 -0.01397370
0.08032710 -0.01831670 -0.03012370
0.17614800 0.00061466 -0.01316420
0.22157501 -0.06597410 0.00074982
0.08450010 -0.03215410 -0.01482640
-0.01609310 -0.05640530 0.13808499
0.10118600 -0.05864130 -0.10487300
0.13222300 -0.02795620 -0.02378030
0.06930380 -0.06336970 0.03002350
0.22154100 -0.00081642 0.00160620
0.16365001 -0.00172449 -0.00790197
0.01388870 -0.04749860 0.10452900
0.12915801 -0.05814030 0.01675420
-0.00739819 -0.03382250 0.30313599
0.05822040 -0.05429750 -0.11590700
0.05071560 -0.07345630 -0.09177390
0.02573010 -0.03215410 -0.02570510
0.26326999 -0.03384970 0.02087560
0.17485100 -0.06597410 0.00134122
0.08768360 -0.03215410 0.00872291
-0.01680050 -0.01695620 0.02369040
0.04252890 -0.06926960 -0.00620746
-0.11964600 -0.00272881 0.01358860
-0.22892800 0.03663000 0.00055052
-0.08239090 -0.02091430 -0.02114920
0.13063601 0.00108775 0.01610660
-0.07522700 -0.05104360 -0.02072130
0.09632620 -0.04929870 -0.00509896
0.04688780 -0.05413470 -0.12537199
0.04749150 -0.07491650 0.11594400
-0.08659070 0.00307470 -0.00730947
0.04439440 -0.04384520 -0.19986400
0.02491890 -0.05262480 -0.14965101
-0.03166320 -0.05607200 -0.02143830
0.05888360 -0.04402380 0.12329900
0.08156020 -0.06105060 0.05290260
0.04032780 -0.09226540 0.02438330
0.04800860 0.00102138 0.02424950
0.03835550 -0.04103930 0.15001801
0.05152680 -0.04963640 -0.22058700
0.04148470 -0.04822390 -0.22449100
-0.06354450 -0.02957100 -0.01000590
0.09250800 -0.00931120 0.02914480
0.11678300 -0.03215410 -0.02005330
-0.00882665 -0.02789990 0.00697480
-0.07701870 -0.02071820 0.01874860
-0.03048730 -0.01801440 -0.00691510
0.00555365 -0.06666290 0.03449320
-0.27591899 -0.00467221 0.06612090
-0.26478899 -0.00715477 -0.00696729
0.07642520 -0.06541730 0.00736845
-0.00976892 -0.04752630 0.02637700
-0.13413601 -0.03004190 -0.01764990
-0.00842465 -0.02753490 -0.35481000
0.05601170 -0.06324810 -0.05552320
0.17533000 0.00328380 0.02279660
-0.08733520 -0.01744170 -0.02539750
0.11929300 -0.01732320 0.03012310
0.03790880 -0.07939960 0.22331800
0.04850700 -0.04830130 0.02532810
0.03484970 -0.06823820 -0.01936030
0.07201960 0.01624510 0.00636954
-0.03014530 -0.04387380 0.25878301
0.21185499 -0.00367355 0.01583800
-0.04888840 -0.04862480 -0.02665730
0.05509540 -0.06194880 0.22589600
-0.00126775 -0.06067910 0.10121400
-0.01008480 -0.09445750 -0.01811740
-0.06040320 -0.02280340 -0.02930870
-0.28619400 -0.00363980 -0.06170540
0.12607200 -0.02786490 -0.00418372
-0.25983199 -0.01542000 -0.00359358
-0.22166599 0.00512493 -0.00366465
-0.13274300 -0.02312280 -0.00283544
-0.26859999 -0.00526899 0.02400520
0.15542300 -0.01182900 -0.01685870
0.21807300 0.00753172 0.01974900
0.10105000 -0.06451350 -0.02768700
0.04364540 -0.06402820 -0.05727250
0.24858899 0.00457357 -0.00363884
0.21991999 -0.06404190 -0.00914241
0.13124099 -0.00197744 0.00803202
0.11405600 0.00266535 0.02290070
0.05730170 -0.06927160 0.09083440
0.17319199 -0.01545240 0.03005340
0.06796130 -0.07425150 0.11773200
-0.23214200 -0.02874980 -0.00467297
0.11126600 -0.03215410 -0.01742570
0.10311400 -0.06087630 0.09633600
-0.02070250 -0.04257760 0.24569200
0.07341610 -0.08204930 -0.11936100
0.06363500 -0.06282730 0.00000000
0.04558470 -0.04662570 -0.17724299
0.12698200 -0.01645350 -0.01903160
0.09679190 -0.04947590 -0.03079010
-0.12889400 -0.05165610 0.00237993
0.00454775 -0.01158410 -0.02818160
-0.23414300 0.00290258 -0.00293016
0.18406001 -0.00005511 0.01253690
-0.28342700 -0.00337603 0.04903810
0.01923870 -0.05476580 -0.21419300
0.05509540 -0.06350660 0.23751900
0.10862800 -0.05099050 0.02018700
-0.24115001 -0.00754969 0.06932300
0.07690040 -0.05398810 0.00000000
0.18572800 0.00044645 0.02104750
0.06437630 -0.04564670 0.11018900
0.07756870 -0.04914720 -0.04924530
0.10501200 -0.01170030 0.01194110
0.26106501 -0.06144040 -0.00330419
0.10862800 -0.06235770 -0.01586860
0.03295750 -0.09548020 0.02517790
0.17943799 0.01716490 0.00279937
-0.13274300 -0.03004480 -0.01064710
0.03337490 -0.08962630 0.02610400
0.04079970 -0.07351710 0.23517799
0.02355960 -0.05781430 0.03079020
0.13628399 -0.06230610 -0.01138120
0.18006700 -0.03215410 -0.02674120
0.10619000 -0.08027600 -0.09145660
0.00729118 -0.03299710 -0.24997400
-0.07843450 0.00470213 0.00147197
0.19232599 -0.01414070 -0.03000460
-0.02292680 -0.05684270 -0.02018200
-0.24056700 -0.00798918 0.01023340
0.04693780 -0.05946500 -0.08791970
0.00226878 -0.03449440 -0.23136599
-0.14940600 -0.04022710 -0.01338190
0.01802360 -0.05649560 0.05892570
0.08493800 -0.06537610 0.09344310
-0.01874420 -0.03645110 0.24893101
-0.00639710 -0.01615180 -0.00451453
0.05482620 -0.06132120 0.07009220
0.02660780 -0.04929870 -0.02314280
-0.24129300 -0.00780894 -0.01468780
0.14445800 -0.03215410 0.02345660
-0.00968031 -0.02969530 0.33483100
-0.02314980 -0.02614940 0.33508000
0.04060970 -0.07992920 0.10303300
0.02260550 -0.04421100 -0.11740400
0.06615580 -0.06800440 0.02164640
0.15988100 0.00370745 -0.01792520
0.04547540 -0.04266280 0.12984000
0.05509540 -0.05422000 0.22803500
0.16475201 -0.01216080 0.01767400
0.02114050 -0.01454980 0.01976860
-0.23347799 -0.01013610 -0.04413340
0.15310600 0.00247651 -0.01189310
-0.03490840 -0.03147400 0.33198899
-0.05035230 -0.02128530 0.02995430
0.01597960 -0.04496230 0.22959700
-0.27027199 0.03497960 -0.00091427
0.01762980 -0.04360310 0.21836001
0.25082499 -0.01935070 -0.02512840
0.10862800 -0.06927030 -0.00311426
-0.09177900 -0.02971430 0.01327540
0.06620750 -0.06865110 0.01395560
0.21185499 -0.05094470 0.01312940
0.07378770 -0.08605940 0.09237790
0.03258230 -0.04929870 -0.00828082
-0.24196599 -0.00904653 0.04871570
0.21915799 -0.00583295 0.01791680
0.03369860 -0.03801470 -0.22282000
0.01754860 -0.06453470 0.00000000
0.03581890 -0.04496080 -0.10127800
0.11777300 -0.00224987 -0.01141450
0.00970620 0.01042260 0.01064310
0.20682199 -0.05196290 0.00187930
0.03457650 -0.06905930 0.02173630
0.07972060 -0.03215410 0.00767746
-0.00869127 -0.05216120 0.02373470
-0.06897800 -0.06054250 0.00377701
0.20838501 -0.04676600 0.00010970
0.20220800 -0.06424860 -0.00400297
0.04841820 -0.04335850 0.12119200
0.09448930 -0.08750810 0.10234100
0.22864500 -0.05680130 -0.01902890
0.01603720 0.01300880 -0.00470666
0.04894440 -0.04752560 0.06939960
0.05509540 -0.05127110 -0.23465200
0.02277620 -0.07554220 0.21705601
-0.00733379 -0.02814470 -0.31028399
-0.11161100 -0.03052660 0.02055050
0.02590370 -0.02965060 -0.01618970
0.08163330 -0.04319500 0.02787540
0.02503240 -0.04929870 0.00397995
-0.28294301 -0.00470960 0.03120930
-0.25919601 -0.00538090 0.06736560
0.09205610 -0.06019840 -0.03079010
-0.01892070 0.00537155 -0.01279600
0.13402700 -0.00224987 0.00679721
-0.23995900 0.06330500 0.00108002
0.05113200 -0.05158830 0.00000000
-0.11489400 -0.03091920 -0.00638116
0.10683100 -0.05893090 -0.02921850
-0.12658601 -0.02537410 -0.00687270
-0.16710900 -0.03896630 0.01146510
0.23265900 -0.02701120 -0.01660690
0.04934330 -0.04815110 0.16412801
0.05872210 -0.04929870 0.02990050
0.02790070 -0.04138540 -0.14571700
0.10607300 -0.01645350 0.01932340
0.14929800 -0.03215410 0.02046530
-0.02358550 -0.02879950 0.30864900
-0.01715800 -0.02743230 0.31913599
0.02353470 -0.07406850 -0.23985399
0.05817160 -0.04660220 -0.08087650
0.06621860 -0.05564310 -0.02776900
0.05646540 -0.05671710 0.10079700
0.20113900 -0.05586420 -0.01968980
0.08920470 -0.08026820 -0.12013300
-0.24332801 -0.00732940 -0.02621460
-0.02205510 -0.03717380 -0.28713101
0.12512100 0.00044645 0.01224010
0.05042480 -0.04432530 0.22383800
-0.14919800 -0.04152930 -0.01221500
-0.13274300 -0.03859410 0.00691180
0.05894670 -0.04982890 0.23937500
0.03675520 -0.05098610 0.05323410
0.02524930 -0.03215410 0.01070730
0.20366099 -0.08865070 -0.00461044
0.02694300 -0.04291060 0.21618401
0.02628420 -0.05951200 -0.09919350
0.02189590 -0.05705990 0.05035350
0.06051400 -0.04446820 0.10740000
0.03760810 -0.05395400 0.02609420
0.09241210 -0.03215410 -0.01894110
-0.03087610 -0.04297950 -0.25844100
-0.23707201 -0.00013940 -0.00275051
0.05039640 -0.04875890 -0.23270200
0.17019400 -0.05116340 -0.02351580
0.19527400 0.01789250 -0.00747348
0.04926860 -0.05056330 -0.14782900
-0.24621300 -0.00753881 0.00936715
0.05124870 -0.05207450 -0.02335810
-0.00632434 -0.05308100 -0.02335060
0.03872150 -0.05714600 0.21105801
0.14961500 -0.01586450 0.02186070
-0.00976392 -0.01641210 0.00123846
-0.01468210 -0.05526060 0.16423300
-0.27409300 -0.00462100 -0.03099510
-0.27560699 -0.00471072 -0.06586490
0.21185499 -0.03999650 0.02796480
-0.28092900 -0.00439148 -0.05291710
0.15639099 0.01989570 -0.00044812
0.22546400 0.01487100 0.00319357
0.15570500 -0.02855850 -0.01552260
0.05881260 -0.06942380 -0.00424197
-0.05440080 -0.04602090 -0.02838380
0.08855700 -0.05868380 0.01605320
0.17393599 -0.06597410 -0.00266467
0.17496599 0.01716490 -0.00208346
-0.04794050 0.00407673 -0.01010990
-0.07766350 -0.02074170 0.00101321
-0.01345100 -0.05540720 0.00517054
0.02143610 -0.04929870 -0.02426840
0.07152990 -0.05131390 0.12871800
0.01787000 -0.07752890 0.22065300
0.01946920 -0.06850270 0.21531799
0.06348780 -0.06079870 -0.01375170
0.20533399 -0.00224987 0.01588470
0.03166210 -0.05230730 0.21310700
0.07289630 -0.04994410 -0.03934110
0.04218450 -0.04868680 -0.16577700
-0.00746853 -0.08542370 0.00863767
0.06316760 -0.04926610 -0.23547401
0.05509540 -0.05628040 -0.22518501
0.21234800 -0.02876320 -0.03054700
0.06671520 -0.06362540 -0.09427570
0.10190700 -0.06952140 -0.11777300
0.00894419 -0.04083760 -0.24351799
0.02319790 -0.03215410 -0.02677590
-0.25930199 -0.00619828 -0.01842830
0.06479460 -0.08197730 -0.11535800
0.07345320 -0.03237360 -0.03064550
-0.16176000 -0.01823740 0.01696780
-0.23308299 0.03546320 -0.00257904
-0.06001440 -0.03366820 0.02984060
-0.05383540 -0.02777220 -0.03022980
0.19151001 0.01220920 0.01604030
0.01157770 0.01104190 0.01005820
0.19771300 -0.06512890 0.00774038
0.03948610 -0.04928400 -0.21510200
-0.26411301 -0.00610103 0.00699781
0.05079970 -0.08458890 -0.09747610
-0.27757701 0.00006736 0.00038751
0.15192799 -0.01449610 0.00406580
-0.00020916 -0.03908920 0.26143801
0.24494199 0.00550904 -0.01005900
-0.13197599 -0.02272500 0.01919540
0.19478300 -0.08616050 -0.00386368
0.10354700 -0.07788900 0.11780300
0.02879180 -0.07627320 0.21760900
0.00121215 -0.03472100 -0.22976100
-0.01776860 -0.02747370 0.35599601
0.04792020 -0.04649420 0.17641200
0.20541000 -0.03215410 0.00996966
-0.00801663 -0.02667020 -0.34551299
0.20920201 -0.04244630 -0.02816920
0.03935590 -0.07992930 0.22584200
0.11208200 -0.01599690 -0.01405450
0.05828590 -0.04400280 -0.12900700
-0.04355060 -0.02747300 -0.36267099
-0.04615400 -0.06089700 0.01030350
0.23181400 -0.05038520 0.02455980
-0.08164560 -0.02088710 -0.02014800
-0.01150700 -0.05087880 0.18075700
0.03125010 -0.06210500 0.21060801
0.06382490 -0.05326280 -0.21392800
0.11121400 -0.03151860 0.01420730
0.09518500 -0.01613700 -0.00900690
0.01745890 -0.07494440 -0.22089399
0.07431850 -0.07063900 0.12115500
0.19231901 -0.01459780 -0.03002160
0.03502510 -0.05803210 -0.24027100
0.17896201 -0.03215410 0.02061820
-0.01379860 -0.03107510 0.00765953
-0.26609001 -0.00546226 -0.02464990
0.06642650 0.01230990 0.01333100
-0.00549821 -0.03085160 -0.32381800
-0.15318599 -0.04784310 0.00242881
0.09580960 -0.05778050 -0.01731890
0.04983310 -0.04819220 0.06111450
0.04315630 -0.08686150 -0.02821640
0.04726780 -0.06391320 0.11218000
0.04046670 -0.08513160 -0.01794080
-0.01650010 -0.02654500 -0.33016500
0.00471990 -0.06160970 -0.05775260
0.02475970 -0.03743130 0.26072100
-0.00676771 -0.04947310 0.16827400
0.04926610 -0.05530780 -0.02101730
-0.09371360 -0.03111150 -0.02003010
0.19192199 -0.00005511 -0.01308580
-0.00297240 -0.04175740 0.17780501
0.16363700 -0.02704900 0.01852290
0.24897300 -0.00987602 -0.00523097
-0.26448500 -0.00721458 0.00578114
-0.11794000 -0.03089160 -0.01433140
0.12344600 -0.00224987 -0.00463247
0.25242001 -0.01275860 -0.00293264
0.18345501 -0.03215410 -0.02810700
0.06211830 -0.04837290 0.15665001
-0.22052300 -0.00263022 0.00699352
0.21650399 0.00618292 -0.01538510
0.15377900 -0.00005511 -0.01993380
-0.00401957 -0.01596800 -0.00519600
0.03470540 -0.08386890 0.04519420
0.01306820 -0.04062490 0.16086200
-0.09802750 -0.03902670 0.02336430
-0.03389350 -0.02612170 -0.37279701
0.17454700 -0.01645350 0.01460560
-0.01727660 -0.02425160 0.37124500
0.25223401 -0.01023210 -0.02043740
0.03517110 -0.08516450 0.04506880
0.05037120 -0.03215410 0.01109330
0.02663780 -0.06020740 0.09397760
0.16156200 -0.00224987 0.01276990
0.00365980 -0.05630080 0.23490100
-0.01386150 -0.03078920 -0.28058499
-0.01561980 -0.04249720 0.24551500
-0.13274300 -0.03638670 -0.00801009
0.14911599 -0.02803540 0.02548090
0.02958660 -0.05008460 -0.06848150
0.01104490 -0.05589300 -0.07257530
0.06133300 -0.06651310 0.02864370
0.19634800 0.00022498 -0.02564270
-0.00668761 -0.01617430 0.02030550
0.24930300 -0.02407580 0.02634990
-0.17938600 -0.04302690 -0.00413022
0.02096920 -0.03869130 0.03085310
-0.02427770 -0.01753430 -0.00493571
0.01232820 -0.06004000 -0.10339600
-0.12321800 -0.03081020 0.02110830
-0.15393800 -0.03820720 0.01379650
-0.22489101 -0.01381960 -0.01039780
0.07816230 -0.08529860 0.09165740
0.03699100 -0.03889310 0.21236500
0.10409700 -0.08407810 0.11706000
-0.02534250 -0.02569480 -0.34089899
-0.02070500 -0.02655070 0.33009300
-0.03790050 -0.03161830 0.02550310
0.08714520 -0.01435670 0.02009190
0.19630501 -0.00224987 0.00912727
0.02380490 -0.06031390 -0.21411000
0.08876570 -0.05282580 0.02270190
-0.09360960 -0.01273480 -0.02275270
0.27052099 -0.01724100 -0.01225910
0.07722990 -0.05330430 -0.02758080
0.08842910 -0.01645350 -0.00450169
-0.10046500 -0.04145100 -0.02076700
0.19857199 0.00242155 0.01750170
0.01432930 -0.05007470 0.09264690
-0.23169900 -0.01040530 0.01272460
0.10501200 -0.02620410 0.00849808
0.13912000 -0.01645350 -0.00803476
0.04163840 -0.06635240 -0.04748380
0.15886900 -0.02945740 -0.00232809
0.09285030 -0.05558380 0.10732700
0.07496730 -0.05516160 -0.10298000
-0.25568199 0.00774132 0.00168721
-0.05973980 -0.04464420 -0.02819380
0.03886470 -0.05527580 0.12268400
0.10862800 -0.05920990 0.00073049
-0.23544200 -0.00790970 -0.02924210
0.21185499 -0.00217957 0.00153548
-0.09417440 0.00128494 -0.01022910
0.19773901 -0.04314070 0.02779860
0.03135520 -0.09322680 -0.02732020
-0.00862794 -0.08602140 0.00972383
0.01831450 -0.05239130 -0.21586500
-0.02021690 -0.02692930 0.32538700
0.24754500 -0.01664200 -0.01084740
0.03772740 -0.05080350 0.15471500
-0.26826799 -0.00436322 -0.05885060
0.06382820 -0.05296890 0.21577400
-0.25827900 -0.00740462 0.08334590
0.17176700 -0.02628080 0.00381477
0.22112700 0.00476833 -0.02252300
0.07685410 0.01000920 0.01694580
0.00865340 -0.04185510 -0.15124300
0.02114050 -0.04487890 0.00489859
0.08276530 -0.00908970 -0.02884810
-0.05442610 -0.01986520 -0.01661100
0.17623501 0.00293547 -0.02059850
0.17783099 -0.01645350 0.02864630
0.02813610 -0.04829660 0.21643500
-0.10647600 -0.02179380 -0.02041510
0.21185499 -0.03952030 0.02956250
0.19541600 -0.01994460 -0.03022060
-0.03814850 -0.03064990 -0.33428201
-0.17514201 -0.01639960 -0.01575080
-0.15031500 -0.04742340 0.00502051
-0.24098600 -0.01729700 -0.00774146
-0.24920000 -0.00169067 -0.00216463
0.08392140 -0.01645350 0.01453870
-0.16035700 -0.00366138 0.01216630
0.03876340 -0.08820330 -0.05563070
-0.01632240 -0.02796360 0.35135099
-0.03510620 -0.04965750 0.19730900
-0.28476599 -0.00393887 0.05538010
-0.25852799 0.02212040 0.00156255
0.16801800 -0.04156510 -0.02863960
0.18038000 -0.01425880 -0.01467650
0.03461550 -0.06782510 0.02884860
0.00372409 -0.03253480 -0.30757901
-0.00307351 -0.05488490 -0.14908400
0.21185499 -0.00521449 -0.00475535
0.04622430 -0.05011530 0.15311199
0.01752430 -0.05468010 0.01370740
0.12475100 0.01873010 -0.00453594
0.02149190 -0.04631340 -0.21971600
0.20372900 -0.08210640 0.00378961
0.19841400 -0.02965850 -0.00370077
0.18485700 -0.02975040 0.03058540
0.03123450 0.01521970 -0.00098950
-0.01647440 -0.03115780 -0.00789925
-0.03158450 -0.03772570 -0.03071400
0.04894980 -0.03008850 0.01883990
0.21185499 -0.00866718 -0.00170142
0.02114050 -0.04184520 -0.00191352
-0.08395310 -0.05832150 0.00071603
-0.06784490 -0.03134640 0.01575970
-0.00609229 -0.05488200 0.14987400
-0.04824720 -0.02666480 0.01074380
-0.25204599 -0.00635581 -0.07983840
0.12898301 -0.06097870 -0.01309330
0.07976540 -0.04929870 -0.02879140
0.04699570 -0.06260220 -0.10534900
-0.01180720 -0.09011050 0.01850340
0.01672290 -0.07840610 -0.22351700
0.09028640 -0.05602760 -0.09935660
0.05352630 -0.04713960 -0.07419800
-0.03949870 -0.02897780 -0.01669750
0.05410400 -0.04266690 0.13265599
0.03321020 -0.04204040 0.13757500
0.21846600 -0.02646930 0.02621750
-0.25363201 0.05159220 0.00182318
0.10501200 -0.00319989 -0.01059730
0.00268787 -0.05536170 0.14240500
0.21660399 -0.02936660 0.01030820
0.05934820 -0.04934840 -0.14862899
0.05818470 -0.06214180 -0.11388200
-0.00233333 -0.05678530 0.16103300
0.14014600 -0.01066200 0.02175350
0.04048360 -0.08542110 0.05332860
0.07336110 -0.04939130 -0.04621180
0.02593400 -0.07614780 -0.22762699
0.22245000 0.00519106 -0.02164640
0.01848040 -0.05944350 0.10407500
0.02578570 -0.07318250 -0.21945600
0.09641110 -0.08204260 0.08987170
0.03476410 -0.04516510 -0.09922100
0.11287700 -0.00318494 0.02696360
0.06095110 -0.04709780 -0.07471780
0.05773770 -0.03215410 0.01571490
0.20062301 0.01849850 -0.00534809
-0.27178499 0.00788628 -0.00074800
0.25720701 -0.05550890 0.01459500
0.07068810 -0.05089130 -0.13239101
0.03474510 -0.06196100 -0.07676690
0.11324600 -0.03215410 0.00402103
0.03436360 -0.09442150 0.04506880
0.09898140 -0.09067950 0.10110700
0.04204160 -0.05656560 0.11159100
0.06325470 -0.06524110 0.02854140
0.13283700 -0.02729190 -0.00154996
0.09607950 0.01288710 -0.01457260
0.14140600 -0.02778260 -0.02523580
0.03429720 -0.09377730 -0.02675510
-0.15050501 -0.00084064 -0.00938334
0.03521490 -0.06345120 -0.01011200
0.02916010 -0.04190940 0.13920300
-0.25835100 -0.00275331 0.00205076
0.05922810 -0.06590580 0.03504760
-0.07677130 -0.02070910 0.01577430
0.02953950 -0.06675950 0.21507700
-0.28049400 -0.00450605 -0.05001600
0.00762470 -0.06291470 -0.02184760
0.01119050 -0.05687840 -0.06806620
0.03285040 -0.03655740 -0.21904300
-0.03400780 -0.02470000 -0.03013070
0.03075870 -0.04816090 0.23075300
-0.10975000 -0.03055570 0.01734850
0.01934050 -0.07441800 0.21633799
0.17270499 -0.02294270 0.03033230
0.04051160 -0.08574410 0.05504970
0.02996710 -0.05390070 -0.13760801
0.02114050 -0.02745190 -0.01705060
-0.27626100 -0.00511644 -0.00571685
0.05872880 -0.06228000 -0.06098010
-0.12398100 -0.03083670 -0.01480140
-0.00121441 -0.05306480 -0.13812400
-0.26241601 -0.00619515 0.00879718
0.00876745 -0.06121830 -0.09755940
-0.01551940 -0.09265900 -0.01875210
0.04920000 -0.05080690 0.24088100
0.23875900 -0.01040400 -0.00372521
0.26615801 -0.05556510 -0.01080740
0.06127310 -0.06529840 -0.24132700
0.21299000 -0.03084570 -0.03007100
-0.21046600 -0.00916737 -0.01142820
0.06533490 -0.05284380 -0.12051400
0.17984299 -0.01425880 -0.00078326
0.03247710 -0.09229490 -0.05570040
0.09977600 -0.05573610 0.00000000
0.20537700 -0.08728230 -0.00619130
0.14033200 -0.02703550 -0.02696610
0.05106210 -0.05115880 0.00000000
-0.27704501 0.05323330 -0.00057162
0.16739300 -0.00224987 0.02249990
-0.01920750 -0.03178790 0.01523140
0.09127810 0.01659870 -0.00914616
-0.02266140 -0.02550240 -0.34312299
-0.11933600 -0.03784170 -0.01908070
0.17521100 0.00370745 -0.01847410
-0.27817199 -0.00469638 0.05198440
-0.00875414 -0.03449690 -0.23892400
-0.26793501 -0.00589636 -0.04572220
0.16911501 -0.00224987 0.02582020
0.02114050 -0.03581800 0.01000050
0.02259440 -0.06768860 -0.04521200
0.18762900 -0.05357500 -0.02222840
0.20609100 -0.03372560 -0.03073320
0.27766100 -0.05462810 -0.00518194
0.03647840 -0.03215410 -0.01505200
-0.25521001 -0.00752042 0.06579820
0.03122410 -0.04699770 0.18531600
0.06491670 -0.04915980 0.04908920
-0.27675799 0.02804750 -0.00051586
0.10584600 -0.05737880 0.09902230
0.05464720 -0.06704720 -0.02868670
0.05029130 -0.04624200 0.17721900
-0.06289150 -0.02020230 0.02597320
-0.06791200 -0.04350870 0.02732830
-0.03030920 0.00841988 -0.00107131
0.09814330 -0.05801070 -0.05434880
0.03849710 -0.06495680 -0.05409580
0.16666500 -0.01425880 0.01145290
0.05533510 -0.08493830 -0.11271200
-0.00438694 -0.08726370 -0.01376890
-0.00948233 -0.05534140 -0.00264749
0.01858850 -0.05023990 -0.21528400
0.00147981 -0.04204430 -0.23916800
0.06806390 -0.04769400 -0.06730700
-0.01698540 -0.05978860 0.00275467
0.02724370 -0.05627220 -0.12202900
0.10084800 -0.02814660 -0.03051940
-0.12086600 -0.02767780 -0.00773150
-0.28608701 -0.00414462 0.04126320
0.01172030 -0.07512470 0.22319999
0.19340201 -0.01645350 0.00012389
0.02499220 -0.05864570 -0.01670600
0.14511600 -0.03460270 -0.03076580
0.10227500 -0.06949920 -0.00318035
0.02583330 -0.05360270 0.14208201
-0.03978460 -0.01873320 0.01019450
0.01771900 -0.04709520 -0.10022400
0.06776830 -0.05422840 -0.03079010
0.14874400 -0.00125574 -0.00775200
-0.00130135 -0.04200690 -0.17119500
0.04351850 -0.06577410 0.21494700
0.00716868 -0.03058780 0.27991900
-0.00559271 -0.03191150 0.02214270
0.00531189 -0.03896980 0.18322700
-0.22995000 -0.01349550 0.00951738
-0.28376001 -0.00384441 0.06355780
0.03060240 -0.04748380 -0.23774301
0.13494401 -0.03864350 0.03019930
-0.27419201 -0.00533734 0.04233050
-0.27254000 -0.00512956 0.06564680
0.04297660 -0.07482580 -0.21577600
-0.01066070 -0.06664210 0.01714320
0.13470601 -0.02995930 -0.02736260
0.22756600 0.00141717 -0.02384910
-0.06939420 -0.04760000 0.02439810
0.06257010 -0.05026730 0.03532330
0.06804740 -0.05782340 -0.08475200
0.05718150 -0.06885270 -0.08899450
0.15173900 -0.03888610 -0.03006970
-0.02679730 -0.02729060 -0.36151299
-0.02674050 -0.04404160 -0.26103899
0.10815300 -0.00902138 -0.02922410
-0.05623960 -0.06243180 -0.00219841
-0.02822200 -0.02398730 -0.36195299
-0.10795600 -0.00019307 -0.01141400
0.21185499 -0.00211221 0.00377389
0.00514162 -0.03396880 -0.23789600
0.05335080 -0.05159590 0.13781600
0.16041200 -0.00098029 0.00803202
0.14845900 -0.02695630 -0.01396270
0.07738940 -0.08061910 -0.12009800
0.21185499 -0.03986980 -0.02940650
-0.11160100 -0.02948090 0.01705760
0.00695727 -0.08822110 0.00843770
0.00743297 -0.06289300 0.01897690
-0.00915836 -0.04801270 0.18099900
0.04116220 -0.06805150 -0.02156590
-0.10721100 -0.02182070 -0.01378310
0.09489970 -0.05839390 -0.06143140
0.07691480 -0.06330980 0.03008080
0.27301800 -0.05020950 0.01367530
0.02114050 -0.03021080 0.02837790
0.24718501 -0.04999630 0.02253850
0.25856099 -0.05268460 -0.01713000
0.05044790 -0.04929870 0.02318440
-0.27363899 -0.00367385 -0.06870930
0.26673701 -0.01036740 0.00560490
0.00231354 -0.06084640 0.06774820
0.08050490 -0.06232610 0.04503330
0.15617201 -0.03006950 0.02805170
-0.24305600 -0.00743303 -0.02319770
0.12216100 -0.00224987 0.00370569
0.08599490 -0.09038810 -0.09873430
-0.03310200 -0.02728540 0.33607399
0.02708490 -0.06597410 0.00300918
0.04017390 -0.04006070 -0.21101400
-0.11382500 -0.03244470 -0.02265410
-0.11838100 -0.02222850 -0.01510610
-0.00423509 -0.03192380 0.00432538
