-0.02495380 -0.04792370 0.14653400
-0.32213199 -0.08906870 -0.00117950
0.20883900 -0.02256810 -0.13062900
-0.06169610 0.10084000 -0.11467600
-0.17391700 -0.09529170 0.04433270
0.22846200 -0.03479630 -0.16302800
-0.25657901 -0.11840300 0.17230301
-0.23767000 -0.06184130 -0.16500901
0.21700500 -0.00347402 0.15016900
-0.12058300 0.11995700 0.05291860
-0.03460220 -0.02190720 0.04358020
-0.30396399 -0.04054570 0.12608001
0.29980600 -0.04536900 -0.17928100
-0.05794770 -0.02334800 -0.01164750
-0.07906520 -0.08976890 0.00582132
0.15834101 0.03610250 -0.12133400
-0.40356001 -0.07896750 0.03309810
-0.18663600 -0.06068550 0.12236300
-0.23728500 0.03877740 -0.16496500
0.03388390 0.11460400 0.06205560
0.12006100 0.01900440 0.06098210
-0.17730400 0.01144750 0.17081600
0.00177870 -0.09668410 -0.08269410
-0.21563600 -0.10665300 0.13003799
0.21577901 -0.04724700 -0.14009801
-0.22471200 -0.02031240 0.14262199
0.16651200 -0.09195140 0.00987876
-0.07099100 -0.03811650 0.14407100
0.26637399 0.00127783 0.17605500
0.14331400 0.03023130 -0.04291930
-0.21925700 -0.01908180 0.17239299
-0.18712300 0.10709900 0.04095420
-0.30334100 -0.08987220 0.10890600
0.35712799 -0.04981000 0.16088100
-0.17744400 -0.05027360 -0.05079640
-0.00431590 -0.09664160 0.06841400
0.25034499 0.00192994 0.15810700
0.08991470 0.09582990 0.00110567
-0.34487101 0.03701640 -0.13305600
0.16710800 -0.07262980 -0.11629500
-0.27065101 -0.03714900 0.12236300
-0.06924650 0.04096250 -0.13572000
-0.06413050 0.11964000 -0.10252900
0.13713200 0.02922110 -0.13847201
-0.00592386 -0.09663040 0.06960000
0.18818700 0.03700800 0.12755799
-0.25785801 -0.09181700 0.09882320
0.12013300 0.00079032 -0.14690000
0.13909200 -0.09764290 0.07244810
0.06054730 -0.08420340 -0.02786940
0.21866900 -0.07988650 -0.16382900
-0.04332610 -0.09083650 0.08136370
0.22989100 -0.07587200 -0.15705100
0.32134101 -0.09419420 -0.12191300
0.34669301 0.01853250 -0.08996790
-0.18423600 -0.03230370 0.14590099
-0.07795320 -0.09612760 -0.06451190
0.14766400 -0.03849110 -0.15126701
-0.25877801 0.07771880 -0.09678190
-0.28415099 -0.09069270 -0.01402940
-0.28293699 0.04577710 0.00485324
0.19024000 0.04357270 0.10061200
-0.30097300 -0.10018800 0.16917500
-0.21011700 0.06861450 0.13351700
-0.35492799 0.03520800 0.13778500
-0.18788800 -0.02698800 0.02934670
-0.32012600 0.06687960 -0.04289280
0.05606420 -0.05190180 -0.06051260
-0.19854200 -0.01482940 -0.00924207
-0.09261590 -0.02153020 -0.00785495
0.05760620 -0.04323200 0.17187200
-0.29295200 -0.07794360 -0.16100700
-0.09072250 -0.09603840 -0.11874000
-0.09203480 0.10879500 0.08266450
0.21168301 -0.00529138 0.06102190
-0.26978001 -0.05213600 0.12236300
0.41493601 -0.05715870 0.03622210
-0.19626200 -0.05507800 0.17285199
-0.29044899 -0.03609020 -0.16743401
-0.36807501 -0.08548880 -0.05431810
-0.38842100 0.00661260 -0.13645700
-0.16584000 -0.09551610 0.01948950
0.27849799 -0.01331750 -0.17453600
0.27227899 0.01063310 0.17358799
0.18893901 0.02098930 -0.16744000
0.25446099 -0.05243400 -0.10810100
-0.43204299 -0.02639500 -0.06919320
-0.31286600 -0.02279340 0.12105800
0.26096299 0.03781190 -0.09217580
-0.26557600 -0.09148690 0.01654710
0.24161001 -0.07474680 -0.15854000
0.13125400 0.02563700 0.05916810
-0.39379901 -0.08104260 -0.05568820
0.23289201 -0.05810930 0.10880500
0.20931201 -0.08769970 0.18971901
-0.07389340 -0.06963070 -0.17420600
0.38319099 -0.02052350 0.12888300
0.27834800 -0.09877600 0.06286060
0.08620560 -0.09381650 0.16693699
-0.32608601 -0.04945660 -0.02648080
0.05464010 -0.09705310 0.12868001
-0.01709580 -0.07047420 0.14774799
-0.09695980 -0.03873640 -0.06019880
-0.17427599 -0.07746580 0.14697801
0.30523601 -0.03478330 -0.16123401
-0.01442530 -0.09657100 -0.01928720
0.28055000 0.02179000 0.16268000
-0.27605700 0.06680200 0.11612300
0.21549299 -0.09823840 -0.05437320
-0.07703310 0.03717060 -0.16237301
-0.25980499 0.00076595 0.17173600
-0.02523290 -0.09649560 -0.14548300
-0.03802950 0.11398100 0.04375200
0.42651600 -0.03334290 0.04920280
0.10097700 0.02323090 0.16734201
-0.12332400 -0.09581070 -0.02509330
-0.29924700 -0.05565810 -0.13942300
0.28066501 -0.07227520 -0.18985200
0.33474699 0.00625760 0.13786900
0.32177299 -0.08125700 -0.07310140
0.11148900 0.08342010 -0.05828230
-0.18657100 -0.05269140 0.12236300
0.13176300 -0.09083650 0.03363560
-0.05368930 0.02647000 0.11820800
0.37932101 -0.09732470 0.10706700
0.20622000 -0.06330580 0.17770600
0.04220130 -0.04642690 0.17108899
0.15728199 0.03608000 0.02734030
-0.33402801 0.04111220 0.14763100
0.05771400 -0.06320180 0.15076700
-0.04930240 -0.09083650 -0.02174370
-0.08155990 -0.06395340 -0.02201430
0.20824599 -0.00679796 0.03050300
0.01208250 -0.09675610 -0.12066400
-0.39698300 0.03218050 0.06556590
0.23795000 0.04265390 -0.03560840
0.32578000 -0.09927180 0.05016250
-0.04014200 -0.03915990 0.06205670
-0.28129101 -0.05874530 -0.15902799
-0.32932800 -0.06647550 0.01557600
-0.24463600 0.08273170 0.10212200
-0.27231300 -0.09119890 0.10686100
-0.07382290 0.08560070 0.08741410
0.04994120 -0.09083650 -0.02142930
-0.05037640 0.11323300 0.05984660
-0.17355900 -0.08196860 0.12236300
-0.39563099 0.01824490 0.11572000
0.31985801 -0.05995670 -0.01044650
0.30141300 -0.07727460 -0.16341799
0.30857301 0.03176200 0.05466790
0.04692150 -0.05541520 0.11746500
-0.31967399 0.05768430 0.01958330
-0.01231550 0.04309830 0.15697600
-0.18718800 0.08801900 0.12414300
-0.27341899 0.05083350 0.15324999
0.30475399 -0.02740920 0.01491070
-0.25198999 0.09157710 0.01413320
-0.27942401 -0.09869180 0.15595600
-0.15262900 0.10769800 0.10871600
-0.02866360 -0.06682790 0.17586599
0.32753500 0.02566500 -0.08000770
-0.00396307 0.12121300 -0.04886060
-0.32846901 -0.08879770 -0.07680480
0.21414500 -0.09429980 0.16703700
0.18453699 0.00849104 -0.17194800
0.05082210 0.03832900 -0.18853401
0.32139701 -0.07253930 -0.06272650
-0.40780601 -0.07473620 0.10903000
-0.27105299 0.04577710 -0.00272349
-0.10348700 0.04341020 0.15958001
0.23432700 -0.08016990 -0.16578500
0.23201901 -0.03486100 -0.16508600
-0.18763500 -0.06856720 0.12661400
0.02550210 -0.04780060 -0.05132580
0.12132900 -0.09083650 -0.14734299
0.25858399 -0.06093000 -0.16799100
0.24008299 0.00186514 -0.13581900
-0.19403200 -0.05699350 -0.13013300
-0.34702900 -0.08774890 0.04970990
0.08816920 -0.02246910 0.02283110
0.18032800 -0.03204720 -0.15681000
0.32713500 -0.03562900 -0.17013299
0.13620301 0.07025730 -0.07011750
-0.34568700 -0.08795220 -0.07790800
-0.16119701 -0.01218620 0.17311800
0.00818170 0.05820410 -0.14585599
-0.36288601 0.05503610 -0.09868020
-0.34898099 -0.00560701 -0.16400900
-0.21235700 -0.01962940 -0.15517700
-0.28417099 0.07228570 -0.08577730
-0.08249300 -0.05429730 -0.01219680
0.43020600 -0.03760280 -0.04155050
-0.17978799 -0.03193970 -0.11826700
-0.28565001 -0.01713970 0.15070701
-0.13909300 -0.01909310 -0.00779450
0.38273001 -0.09718440 0.00024446
0.05810290 -0.09707730 0.02315570
-0.36761999 -0.04000020 -0.15944000
0.18727900 -0.05530420 -0.13819000
0.01579660 -0.07473650 0.14941899
-0.14754900 -0.09564170 0.02525210
-0.38438499 0.04842140 0.05805120
-0.00137376 -0.05073400 -0.07857670
0.31392500 -0.02203870 -0.10810100
-0.25506699 0.09054980 -0.01517180
0.40512601 -0.01776730 0.06712800
-0.03583270 0.12469500 -0.02993620
-0.20422900 -0.10527600 0.16491801
-0.29822299 -0.09962580 0.17383200
-0.30679399 -0.09510400 -0.10553400
0.16687600 -0.07964030 0.15991400
-0.20111801 0.04278060 -0.11292400
0.27115500 -0.08350110 0.14228000
-0.28476799 -0.01472830 -0.17283399
-0.09221490 -0.02498940 -0.14057399
-0.31292799 -0.02286470 -0.00176742
-0.42259401 -0.04841040 -0.10316100
0.26084000 -0.05153920 -0.18785800
-0.20584600 0.02975630 -0.00651846
0.41308501 -0.07571850 -0.09881940
0.20798300 -0.09817410 0.02045130
0.16543600 -0.09782260 -0.00129330
-0.30214500 0.05838920 0.12975800
-0.17700100 -0.09527430 -0.02469310
-0.30958301 -0.08960530 0.01139940
-0.28206101 0.04577710 0.04183060
0.30945200 -0.03419210 0.11313100
-0.09894420 -0.03732780 -0.13983400
0.01414800 -0.09083650 -0.06655400
0.04315630 -0.07979050 0.15086100
0.18974400 -0.02107150 -0.08739620
-0.19078299 -0.08242900 -0.17236200
-0.00223329 -0.02337180 -0.14402001
0.10520800 -0.08442240 0.17149200
0.32101601 -0.06737390 -0.13952200
0.19345599 -0.05991140 -0.12638600
0.09868890 0.08752260 -0.07724590
0.08141130 0.08802830 0.12942000
-0.17430100 -0.07687700 -0.12290700
0.41164401 -0.02441170 0.04257480
-0.31481400 0.05712150 0.12861800
-0.13196300 0.03238470 -0.16234399
0.28665501 0.00504633 0.17305100
-0.14722501 -0.04605260 -0.09710560
-0.06886570 0.06832240 0.09071270
-0.13151500 -0.03253040 -0.13302700
-0.40832901 -0.06541840 -0.07939500
-0.12932201 0.10598700 -0.11886000
-0.20748600 -0.00816603 -0.13752800
0.16791700 0.04100950 -0.00446037
-0.04360540 -0.09636740 -0.07996120
-0.30052200 -0.01097680 -0.06390220
0.04717870 -0.09083650 0.00108128
-0.18338700 0.09084210 -0.12198300
0.21813600 -0.04260870 -0.15841500
-0.34689999 0.01879110 0.13292800
-0.11441900 -0.03307530 0.02561070
-0.10764000 0.12302500 0.01647690
0.11237300 -0.04408710 -0.17114700
-0.33137801 -0.08250340 0.02181770
-0.42743900 -0.06676960 0.04915720
0.24223500 -0.01107210 0.12549500
-0.09299360 0.02990970 -0.16498400
-0.19447900 -0.07066650 0.16665199
0.14970700 -0.09771700 0.12947699
-0.13397300 -0.01936160 0.00170179
-0.18550600 -0.03045490 -0.11821100
0.16645600 -0.09437210 -0.09081570
-0.05226160 -0.06952830 -0.14464800
-0.20877400 0.03668880 -0.02237450
-0.17559700 -0.05853420 0.17262700
0.19076701 -0.07998370 -0.10810100
-0.22111200 0.05378130 0.09248870
-0.31913099 -0.03241630 0.04681450
-0.03536930 0.12491700 0.00721628
0.14467999 -0.09372070 0.16704600
0.15010300 0.04223060 0.00403065
-0.34165999 -0.08856220 0.07251900
0.28324199 -0.02118590 -0.16540000
0.27533799 -0.03931890 -0.18024300
0.06299260 0.08578030 0.12996200
-0.06736420 -0.03758070 0.02572420
-0.38980901 -0.08096660 0.07703410
-0.06665890 -0.00787779 0.10382100
0.20300600 -0.07043740 -0.13361000
-0.05318400 0.01924100 0.07160790
0.24709600 -0.01576540 -0.17138800
-0.21923000 -0.11743900 0.13083500
0.21825001 -0.00241366 0.00326831
0.16760300 -0.09782870 -0.10582400
0.27857301 -0.00868593 -0.14197600
-0.24948899 0.03504320 -0.16804899
-0.19865499 -0.08220530 0.17415801
-0.23218600 0.00246640 -0.08306340
-0.10674600 -0.04968950 -0.16679800
0.22519700 -0.01756560 0.18675999
0.19723301 0.03917190 -0.04902300
-0.12860900 -0.09577380 0.04670750
-0.04413650 -0.05786830 -0.07205170
-0.05393090 0.02138760 0.10050900
-0.00414333 0.12222400 -0.01819650
-0.38514501 0.02723770 0.10980000
0.17198300 -0.03649330 0.10880500
0.01944830 -0.08909960 0.02885870
-0.17608400 -0.04070760 -0.12338900
-0.20203400 -0.09420390 0.00623388
-0.27366701 0.06586050 0.11878100
0.04608870 -0.09083650 0.05620270
0.12801699 -0.04228810 0.10875500
0.18432100 0.03974470 -0.04820380
0.17769600 -0.03595590 -0.04691550
0.30665499 -0.02968970 -0.02488230
-0.32592601 0.06682400 -0.02654940
-0.37957999 -0.01468000 0.15135100
-0.39793900 -0.04611930 -0.14058200
-0.22619601 0.00083977 0.06767450
-0.41550699 -0.04460560 -0.11688800
-0.00046320 -0.09083650 0.13746500
0.28331101 -0.06884660 0.12086100
0.43233100 -0.07139020 0.02313580
0.32115600 -0.09564920 0.02396090
0.37665600 -0.09743370 0.05408750
-0.33184201 0.04947540 0.13687301
0.32752800 0.02698380 0.06227590
-0.26890799 -0.04182070 -0.15902799
-0.40203801 -0.06987240 -0.07305170
0.31674501 0.03162940 0.01165100
0.38968301 -0.01106280 -0.11017200
0.40623301 -0.09575980 0.04457790
-0.30874300 -0.08964120 -0.10401000
-0.11135600 -0.09589430 -0.03477320
-0.08808970 0.00059614 -0.13888299
0.14235000 -0.07274140 0.17385501
-0.32041901 -0.03477270 0.05062750
0.12152700 -0.09083650 -0.01714180
0.23401301 -0.03115520 0.10880500
0.23616000 0.00169306 0.04050540
0.25794300 -0.10390700 -0.16674800
-0.17692800 -0.05258170 -0.06078040
0.14194500 -0.06012770 -0.07635940
-0.02349110 -0.05400510 0.10880700
0.18986100 -0.03506010 0.15497400
-0.29703999 -0.10543800 0.14547800
0.16643301 -0.09537350 -0.04858760
-0.23823500 -0.12401200 -0.16083500
-0.01722990 -0.09655150 0.12693501
-0.15215001 -0.09560960 0.13996001
0.11435700 -0.02478650 -0.09609940
0.31497300 -0.09908930 -0.00230651
0.27826601 -0.09877530 0.02459720
0.31267801 0.03230610 0.01577390
-0.14091000 -0.04513350 0.09002070
-0.22460300 -0.08660540 -0.15784501
0.02576280 -0.06485370 0.02744990
0.01178890 0.11905100 -0.04923600
-0.18863900 -0.07566330 -0.15069699
0.41187900 -0.02088440 -0.02997210
-0.20766699 0.03406790 0.01757010
-0.11899200 -0.04194330 0.05561910
0.10593200 -0.02680300 -0.17352000
0.22560500 -0.05088410 -0.16369800
0.32494500 0.02415840 -0.09897370
0.29627499 -0.08739270 0.12281800
0.24422300 -0.08281980 -0.15652101
-0.20498900 -0.02239720 -0.12165900
-0.06056970 -0.03487280 -0.11566700
-0.17885301 -0.09519510 0.00002682
0.30748701 0.03174630 0.05937550
-0.17864899 0.10413500 -0.08492340
0.23196700 0.04331940 -0.02277980
0.03679780 -0.09083650 -0.10944600
-0.05988370 0.04933240 -0.13731299
-0.37136999 -0.08368990 -0.12126900
0.31326300 -0.04082830 0.09444440
0.16709501 -0.07303820 0.17084400
-0.07338000 0.01933980 0.06893820
-0.23858900 -0.09264090 -0.09405800
-0.37442401 -0.08033710 -0.06739080
-0.38446799 0.05158130 0.04243830
-0.25784400 0.00464177 -0.04750400
0.19202100 -0.01883520 0.14048401
0.24216400 -0.09846650 -0.06012780
0.05632200 -0.05260460 0.08645890
-0.38499600 0.04315960 -0.07541830
0.07896140 -0.09722300 0.13426700
-0.26540500 -0.05527870 -0.16501001
-0.26873001 -0.07021820 0.15902799
0.28480801 -0.00782147 -0.14893900
-0.19074400 0.02054550 -0.16923501
-0.12912899 0.11031900 0.03933670
0.11227500 -0.02211870 -0.10572500
-0.02206030 -0.01620290 0.17342000
-0.09474480 0.04410430 -0.15860400
-0.04105980 0.12411000 -0.04878380
-0.08337770 -0.02201460 0.00593964
-0.22911800 0.09140050 -0.07900350
0.25528300 0.03697780 0.11143900
-0.37398499 -0.06354790 -0.05859530
0.24128200 0.04238830 0.02386030
-0.00787961 -0.09661670 0.05079960
0.30867800 0.02603600 -0.12000400
-0.17422301 -0.07872520 0.09797020
-0.06898630 0.12541699 0.01555490
0.17169400 -0.04807690 0.13864300
0.09863590 -0.08700010 -0.02992840
-0.12875900 -0.02612200 0.02526550
-0.07907890 -0.08962720 -0.00657108
-0.30109301 -0.01137970 0.04352990
-0.40969500 -0.02578730 0.12753201
0.35196000 -0.00091475 -0.14332400
0.43339500 -0.03173210 -0.00646186
-0.16650900 -0.02347070 -0.17504101
-0.38733500 -0.04056160 0.14954200
-0.15831600 0.11208200 0.05843440
0.12475800 -0.03910720 -0.06407610
-0.36574501 0.05060790 -0.09851190
-0.08631470 0.03809230 0.16246501
-0.07279190 0.05767500 0.04521690
-0.06247580 0.11963100 -0.10770400
0.03867200 0.06446080 0.14406499
-0.09035090 -0.03777450 -0.09157150
-0.13514800 -0.00426781 0.16932900
0.27029401 -0.04865330 -0.18534900
-0.07150290 0.02094960 0.11934100
-0.32178000 0.06181420 -0.02157390
-0.38380101 -0.06725430 -0.09829000
-0.12492600 -0.04282320 -0.16814600
-0.34492800 0.06544120 0.05168130
-0.31150800 -0.04342330 -0.12899999
0.17941301 0.04573450 0.07008190
0.09861050 -0.02588420 -0.14799900
-0.23697001 0.09537440 0.03220410
0.18516900 0.03906030 0.09085330
-0.35064501 0.01499030 0.15649500
-0.03271280 -0.09644340 0.07375100
-0.28852800 -0.00384972 -0.08669580
0.31168300 -0.02818520 0.10880500
-0.17073900 -0.09548290 0.09135580
-0.04446860 -0.09636130 0.07178980
-0.19119100 -0.08344760 -0.13899200
-0.35137001 -0.08696000 0.05644210
0.06428820 -0.05889490 0.02710360
-0.42945600 -0.01073750 0.06748700
0.31567600 -0.05579760 0.10880500
0.23315600 0.03167530 -0.16242400
0.29940599 -0.07061210 -0.15818700
-0.04609700 0.02903620 0.16696900
-0.08136190 -0.06600240 0.10906000
0.32190299 -0.08648900 0.04592460
0.40631300 -0.06311840 -0.11804100
-0.19584800 -0.09460830 0.14832599
-0.21030401 -0.10365500 -0.12682100
0.28313699 -0.06080770 0.11889400
-0.23756599 -0.07108550 -0.16713700
-0.03381190 -0.09083650 -0.04546780
-0.33677801 0.06715060 -0.03685050
-0.06762110 -0.00363307 0.06697780
0.27073199 -0.10942700 -0.14163899
-0.22116300 -0.10390800 -0.12717000
0.41140899 -0.06418170 -0.10940000
0.28768200 -0.07363400 -0.18875401
-0.08198000 -0.05960580 0.05512320
0.28821799 -0.09417460 0.13096599
-0.10232000 -0.08897610 -0.02814670
0.29838499 -0.04192680 -0.16512200
-0.01459830 -0.09656980 -0.03868600
0.43415600 -0.06261730 0.02084040
-0.40020299 0.02841480 -0.08979480
-0.30697599 -0.06891470 0.16417000
0.31803700 -0.05298940 -0.16776700
-0.18940599 -0.04430100 -0.14630300
-0.06554770 -0.09083650 -0.03973440
-0.41911900 0.02065560 0.05107630
0.27708000 -0.08806860 0.16018599
-0.08895340 -0.03757110 -0.14139301
-0.28147599 -0.07035310 -0.15902799
0.05041980 -0.00328830 -0.17336801
0.15581299 -0.02187240 -0.17378899
0.28541401 -0.11636400 0.15421100
0.18625499 0.04586660 -0.06340210
-0.27418000 -0.10908000 -0.17240100
-0.12965000 -0.01958830 0.01714510
0.23761600 0.00175693 0.08915320
-0.11397600 -0.09303000 -0.16514400
-0.00776790 -0.09661750 -0.01877650
-0.41934800 -0.03141020 0.11269000
-0.35823700 0.04973900 0.11538700
0.19052500 -0.09802480 -0.09865170
0.24413800 -0.06025660 -0.16527601
0.17976400 -0.09793280 -0.04675050
-0.15175800 0.02414180 0.16435499
0.36829600 -0.04800710 0.15471300
-0.03752130 -0.09083650 -0.14448699
-0.11837900 -0.09584520 -0.06962500
-0.16267700 -0.08231410 0.02849250
0.11759700 0.07798630 0.08686410
0.35689801 -0.09818810 -0.00774531
0.15647300 -0.07875250 0.07103920
-0.33107901 -0.07956610 -0.03979990
-0.14133500 -0.09568500 0.04994190
-0.10801000 -0.01070870 0.13738000
-0.06654190 0.05698920 -0.05620020
-0.27369100 -0.03062900 -0.12165900
0.26149601 -0.02065610 0.11867000
-0.41732699 0.02524130 0.03676510
-0.27469301 0.04577710 0.03765360
-0.30371800 -0.08985610 -0.03663310
0.32069099 -0.09878260 -0.10391300
-0.10842000 -0.02070150 -0.02012770
0.05197110 -0.09083650 -0.10990100
-0.13066000 -0.09575950 0.01581860
-0.13480900 -0.04586260 -0.16953500
0.16523100 -0.08995850 -0.08210900
0.35217899 0.01625660 -0.09177430
0.14759900 -0.03779760 0.15191400
0.40841800 -0.09555890 -0.06738620
0.23564500 -0.05403100 -0.14885201
-0.33241600 0.05153220 -0.13163100
0.13524300 -0.09083650 0.11090000
0.13882300 -0.05641560 0.13477200
-0.16972300 -0.01339470 0.12458200
-0.33601099 -0.08897040 -0.11898300
0.32036701 -0.01924560 0.17065801
-0.15326101 0.06046000 0.14090200
0.37336701 -0.09756550 0.07445160
-0.33527899 -0.09330630 -0.06716610
-0.22832400 0.00172676 0.11896800
0.28228101 -0.11606300 -0.14362800
0.39697200 -0.05262960 -0.12930401
-0.34006500 0.06658220 -0.03898920
0.18144500 -0.04434120 -0.10810100
0.06840060 0.01395810 0.10029500
0.11878300 0.02930770 0.09032860
-0.13391601 -0.09573680 0.10394000
-0.28784499 -0.01772470 0.17383200
-0.22491699 0.00030665 -0.03714560
-0.19840400 0.07969200 -0.10681400
-0.04534620 0.10299200 0.10931300
0.10948500 -0.04024570 0.17251299
-0.02013550 -0.09083650 -0.02823030
0.21639800 -0.00415968 -0.14861000
-0.23752201 -0.09268650 0.08977470
-0.05802090 -0.03115790 -0.16955000
0.03825720 -0.04640840 -0.09810010
0.26511300 -0.06080350 0.15457299
0.21013901 -0.08597150 0.17178901
-0.31812000 0.06396400 0.09475730
0.22407401 -0.05595840 -0.15680900
0.01749530 -0.09679390 -0.08406250
-0.09823250 -0.03892170 -0.06724720
0.11950000 0.01706260 -0.05877890
-0.02243190 0.11154800 0.11902700
0.02101690 -0.04829010 0.07578120
-0.17556900 -0.05865710 0.03976540
0.17472000 -0.04191570 -0.09538630
0.17877001 -0.03416220 0.02466210
-0.17688000 -0.03882420 0.06047740
-0.15241200 -0.00657474 -0.12743700
0.11829600 -0.09083650 -0.13273200
-0.04818340 -0.09083650 0.09558910
0.31598499 -0.04731320 -0.04459930
-0.07447030 -0.06521750 -0.17477299
-0.00261611 0.10290800 0.12175200
-0.14404400 -0.07986880 0.02830200
-0.31028801 0.06170390 -0.11152100
0.25165901 0.04023420 -0.07661810
-0.09942410 0.03070750 -0.16749600
-0.04891190 -0.09083650 -0.00469905
-0.08541430 0.11325200 -0.04817700
-0.05538580 0.02556870 -0.05849010
-0.17397299 -0.09003180 0.02194610
-0.26891500 0.00311905 0.08661670
-0.21753199 0.00565086 0.17604500
-0.37652701 -0.08817410 -0.10950700
0.05917780 -0.00254001 -0.14455201
0.31304100 -0.04044190 -0.10945500
-0.06852780 0.04751840 0.04092850
0.07711820 -0.04048520 -0.17164500
-0.10265600 -0.03956550 0.07406260
-0.21747001 -0.10802800 0.14376099
0.23493400 0.00163930 -0.06992360
-0.19680800 -0.08005520 -0.13179500
0.38454801 0.00675240 0.06211590
-0.35240400 0.04844290 -0.12653500
0.22307700 -0.03902840 0.18678500
0.15656599 -0.01193780 -0.17340000
-0.24181101 -0.06706770 -0.16758899
0.25874200 0.04037580 -0.03987810
-0.23558700 -0.11705200 0.13133501
-0.12401300 0.11136800 -0.02307030
-0.07936320 -0.08668510 0.04101270
-0.17393300 -0.09382600 0.02882020
0.12536401 0.03485640 -0.15415999
0.07257880 0.04902910 -0.16391800
0.24740499 -0.12475600 0.13978601
0.43221301 -0.04335960 -0.04468890
-0.41068000 -0.05917300 -0.12113600
0.12122800 -0.09083650 0.06224670
0.02819140 -0.04750710 0.09736880
0.06282320 -0.09711030 -0.13743401
0.14805800 -0.04239210 0.15230900
-0.23158300 0.04533320 0.02274060
-0.11045400 0.08570450 0.12892300
-0.17469400 -0.09537300 0.09490250
-0.08123980 0.05041460 0.11649200
-0.30099300 -0.05788000 0.16897300
-0.26165801 0.00429122 -0.08138340
-0.08817340 -0.09605620 -0.05701500
0.03659110 -0.09692720 0.11545800
0.26400501 -0.00609244 -0.14214399
0.09920540 -0.09038080 -0.16852100
0.10901400 -0.09083650 -0.00087415
0.28159001 -0.08570540 -0.17085201
-0.43738401 -0.04251660 -0.00530704
0.36380699 0.00311683 0.11323000
0.15565500 0.06326660 0.00656119
0.27528000 -0.02903590 0.10951000
-0.02032130 0.09472400 0.12703900
0.20843200 -0.11471100 -0.14437400
-0.39852399 0.03166330 0.08355890
-0.06607250 -0.09621060 -0.05975960
-0.14313900 -0.01888100 0.01073180
0.21851499 -0.09826420 -0.05784690
0.08924050 -0.02072980 -0.01403670
0.01737420 0.11538100 0.08952080
-0.06070800 0.11336900 0.05692450
-0.00824814 -0.09083650 0.14692400
0.29686999 -0.01901240 0.08621410
0.29592001 -0.00584715 -0.10810100
-0.08010130 -0.07904700 -0.03966880
0.30400801 -0.07907050 0.12910700
-0.33403400 -0.08867620 -0.06657720
0.26160800 -0.00013568 -0.06071440
-0.13870201 0.01569170 0.16651300
0.16433600 0.03801370 0.03202390
-0.31277299 -0.07498940 -0.13249600
-0.03609110 -0.03878500 0.04617870
0.01519370 0.11982000 0.00249223
-0.21894699 0.03889390 0.16356499
0.13834199 0.02806630 0.08000930
-0.28381500 0.06896230 0.10686800
0.06628460 0.03672130 -0.15578300
-0.29188100 -0.00532130 0.09277340
-0.00472014 -0.09663880 0.11206000
0.30395600 -0.06664350 0.14283600
0.14281800 0.06883040 0.04006420
-0.33805200 0.05570730 0.11830500
0.12542400 -0.09754750 -0.08000460
0.03226320 -0.01957500 0.17408900
-0.36067501 -0.05508830 0.16212700
0.26216900 0.04021230 0.02469220
-0.03658550 -0.09641640 0.15471300
0.13150300 -0.04675150 -0.10424000
0.06217620 -0.03959580 0.00531258
-0.19707701 -0.09581460 -0.14270601
0.31920499 -0.05497740 -0.17056599
-0.35238200 -0.08677980 -0.00227164
-0.14199100 0.09373920 -0.12669399
-0.04144990 -0.09083650 -0.08326130
0.15343800 0.03391860 0.04046020
0.05306050 0.01475710 -0.14337400
0.13779700 0.02751600 -0.06403760
-0.17637600 -0.04084820 0.02622430
-0.04640670 0.01668040 -0.16966800
0.28982100 0.03099230 -0.11116400
0.13031600 -0.05261150 0.03564700
0.32186601 -0.08498020 0.14371400
-0.32411101 -0.04369220 0.07164130
-0.01588140 0.10110500 -0.11562500
0.36632401 -0.09784760 -0.05965750
0.40943900 -0.09544850 0.02458520
0.05008490 -0.09083650 -0.04905420
-0.21853900 -0.01481980 0.13934501
0.38462901 0.00975716 0.03187640
0.23454900 -0.00659529 0.16132100
0.27924201 -0.00664019 -0.00005234
0.42079699 -0.07921160 0.02546890
0.28398600 -0.07221280 0.12486300
0.35307300 -0.03284830 0.16105101
0.19430800 -0.01659020 -0.08618410
0.23123799 0.04048880 -0.10731500
0.24006200 -0.10858400 0.15406400
0.13056000 -0.04554980 0.08888940
-0.16233800 -0.09553980 -0.05806020
-0.39328101 0.03608860 -0.08139500
-0.26165000 0.00429231 -0.00090109
0.17652400 0.04031750 0.14334700
-0.17882700 -0.03421430 -0.11181300
0.02617520 0.11594000 0.06964000
-0.39362100 -0.08074810 0.00226890
-0.08837370 -0.03570830 -0.02497650
0.23890001 -0.04740570 0.17043100
0.21172801 -0.09820620 -0.05020760
-0.27390301 -0.07771720 0.15902799
-0.06490890 -0.01559820 0.07099520
0.14826000 -0.06821760 -0.10133200
0.03183400 -0.09689390 0.15599699
-0.30308199 0.06076830 -0.12018300
0.28431100 0.03259380 -0.10691500
-0.28775901 -0.10492500 0.13548200
-0.26402000 0.04577710 0.07154000
-0.15130000 -0.04664570 0.04910840
-0.02646470 -0.05291720 0.03005460
0.16169100 -0.09779780 -0.14076200
0.21981600 -0.00181556 0.14787599
0.19313900 0.00177380 0.17545301
-0.10136900 0.12155600 -0.06265070
0.08564610 -0.02806740 -0.01324880
0.28494900 -0.04908050 -0.17461701
-0.31951100 -0.03311190 0.12686600
0.19265200 -0.08896600 -0.14654100
0.27552101 -0.00050646 -0.10810100
-0.00362966 0.07219750 -0.13991500
-0.25721300 -0.03675070 -0.15627401
0.21296100 -0.08875160 -0.10598700
-0.21095000 0.06258860 -0.13868099
0.04059690 -0.09695510 0.09657680
0.22448701 -0.01151750 -0.16371401
-0.17609499 0.11081400 -0.01681910
-0.24651600 0.04080420 -0.16410500
-0.21488400 -0.05853410 0.17372300
-0.28678200 -0.00308360 0.05175880
-0.10854800 0.11156400 -0.04540670
0.27699301 -0.01117120 -0.17141500
-0.00889624 0.10227400 0.12224000
0.05027730 -0.09702270 0.00527876
0.05181130 -0.07332590 -0.11867900
-0.09246320 -0.03808190 -0.06160360
0.14628400 -0.00982862 -0.17294100
0.16738200 -0.04036480 -0.17486399
0.40576100 -0.00648893 0.06065020
-0.32979199 0.06750090 0.04649350
0.24368900 0.04234550 -0.00801888
0.24465799 0.04081660 -0.08040200
-0.08882860 -0.03755290 -0.06547670
-0.08156020 -0.06395000 -0.12550500
0.11850900 0.08215590 -0.02413170
-0.05609740 0.03835550 -0.04430050
-0.08973060 -0.03768420 0.03371220
0.27301601 -0.02011970 0.12073000
-0.15701400 -0.09557580 -0.12092300
-0.00272830 0.11951600 -0.07486190
0.12406200 0.07214840 -0.10416000
0.11693200 -0.07457780 0.03185360
0.32051301 -0.09913670 0.04166580
0.30255300 -0.04998450 -0.17584600
-0.02949020 0.12438800 -0.01879260
-0.06048760 -0.09083650 -0.07566410
0.22775500 -0.02806360 -0.16199100
0.29283300 -0.09889990 0.07778790
0.24897900 -0.07851010 0.15699200
-0.41299799 -0.07854380 0.03779320
-0.20346799 -0.07699580 -0.14103299
-0.24952500 0.05527070 0.14755100
0.00493292 0.04170570 -0.15629400
-0.20327599 -0.02811590 -0.17383200
0.25469401 -0.10764500 0.14468400
0.05062140 -0.07447910 0.03815040
0.07984120 0.09400500 -0.08993260
0.20062000 -0.08768590 0.17467600
-0.35063401 -0.02620490 -0.16624400
0.25373799 -0.09116540 0.15233600
-0.39291900 0.04671250 0.03059960
-0.16218300 -0.09554080 0.14022900
-0.04785600 0.11946800 -0.10937700
-0.19677199 -0.04051110 -0.17415801
-0.05996670 -0.07743450 -0.17266899
-0.29452699 -0.07952780 0.15402500
0.20975000 -0.07004590 -0.11532100
-0.02402810 0.00510545 0.17285600
0.03068020 0.06610650 0.14337701
0.22508501 -0.09780840 -0.11184400
-0.34611201 -0.05024610 0.16864000
0.32097799 -0.06686220 0.01715790
-0.17320099 0.10465500 0.09108110
-0.31204101 0.06275300 -0.10478500
0.05006040 0.05374010 -0.14772099
-0.08347700 -0.04411480 0.08660420
0.32128301 -0.07098870 0.07379390
-0.04945130 0.00962831 -0.07306790
-0.19941500 -0.09625840 0.12608001
-0.06035670 -0.07430440 -0.02729420
0.08412180 0.02243440 0.16824301
0.10337800 0.06457500 -0.14163300
-0.37417901 -0.09200960 -0.06257330
0.11517800 -0.00595995 0.09552380
-0.08067000 -0.07316180 -0.08993000
-0.27001700 0.08587810 0.01340440
0.33945799 0.01875160 -0.10512400
-0.06882490 -0.09619140 0.14172401
0.16336000 -0.09083650 0.04927530
-0.08098340 -0.06991860 -0.06787920
-0.22068200 -0.00145830 0.01175700
-0.31042701 -0.08956920 0.04939830
0.14539900 0.04255310 -0.00702127
-0.06709430 -0.08888230 -0.14525899
-0.15486300 -0.03742880 -0.12856500
-0.02766390 -0.09647860 0.02598790
-0.37373200 -0.06036810 -0.05353230
-0.02810390 -0.09647550 0.16020700
0.19321400 -0.01766360 -0.06888610
-0.31620899 -0.08932190 -0.09192560
-0.26594901 -0.11696900 -0.15185100
0.16141400 -0.03593610 -0.17504600
0.23413500 0.00160423 -0.02335390
-0.17300899 0.06535100 -0.13616800
-0.39302799 0.03581490 -0.08308200
0.24558701 -0.01636520 -0.16505399
0.25880799 -0.08654830 0.16797200
-0.08492330 -0.03698450 -0.04166300
-0.14062400 0.10907000 -0.11136700
-0.30395401 -0.08186780 -0.16827001
-0.13335399 0.12009900 -0.01785770
-0.17860000 -0.04510590 0.10352000
0.40460899 -0.05734200 0.12176100
-0.39088699 -0.08135040 -0.02637230
-0.39440599 0.01218640 0.12850900
-0.36662701 -0.08424380 -0.08516800
0.35114101 0.01606540 -0.09564860
-0.02934120 -0.05509970 0.11326400
-0.17085400 -0.04375420 0.17564400
0.21369700 -0.00798664 0.14089499
-0.42254901 -0.06960820 -0.07291900
0.23312899 0.03862780 0.13824700
0.19839500 -0.01348130 0.11367900
0.20555501 -0.09768390 0.16981900
0.42379299 -0.03626270 0.06862580
-0.34954399 0.06271250 -0.06832570
0.42931199 -0.08624590 0.02126910
-0.42437401 -0.02987120 0.10120800
-0.24815901 -0.12310600 0.17383200
0.04514190 0.06452830 -0.14334200
0.23470099 -0.03586750 -0.15420200
-0.23898301 -0.01511920 0.14891399
0.22228500 -0.09829650 -0.06800450
-0.13278700 0.11546800 0.08119130
-0.16968700 -0.09549000 0.00308474
0.26236501 0.00944320 -0.17444500
-0.23510300 -0.03052120 -0.15627401
-0.26930299 0.04759930 -0.15690500
0.16914301 -0.05744130 -0.00583605
-0.30648401 -0.01538650 0.14631499
-0.18699799 -0.02828360 0.11610800
0.23119500 -0.12516201 -0.16753200
-0.38707501 -0.05711160 -0.14713700
-0.39774299 0.02143770 0.10891400
-0.05571870 -0.06810740 -0.02693410
-0.03587140 -0.02095810 0.03357900
0.11913500 0.01999260 0.01530400
0.13275500 -0.09759870 -0.14938900
-0.12266700 0.07407530 -0.13654700
0.13398901 -0.04993820 0.11807600
0.01130370 -0.09675060 0.05373540
0.16977400 0.05200870 -0.06040200
-0.29723501 -0.00865545 -0.12042400
-0.00420835 0.04446090 -0.14517599
-0.01789550 -0.06551330 0.14754200
0.39313099 -0.09670490 -0.10222800
-0.26597300 0.04755380 0.15821600
-0.06543860 -0.03054680 -0.14294000
0.38790101 -0.08239970 0.12868100
0.21864100 -0.09826530 -0.10365800
0.07149900 -0.09083650 0.12396900
-0.28122899 -0.02004280 0.16788800
0.15250599 0.05384720 0.12194300
-0.22159301 -0.09336760 -0.04208700
0.18311900 0.03842320 -0.11159700
-0.11425800 -0.03621300 -0.02508010
0.16705400 -0.07427630 0.00731618
-0.03311140 -0.09083650 -0.11340700
-0.17667399 -0.05371480 -0.04920680
-0.20831600 0.03560400 0.04900570
0.01598910 0.03319680 0.14072300
-0.21866600 -0.00229837 0.05015550
-0.28675601 -0.01796880 0.16776000
-0.11848900 -0.09584450 0.02087460
-0.24119900 -0.01191810 -0.13434900
-0.18872900 0.02254110 0.16859500
0.23203100 -0.10642200 -0.14775001
-0.15434100 -0.09382580 -0.16433001
-0.08405010 -0.03818480 0.09829640
-0.23024000 -0.00895416 0.17415801
0.17702900 -0.00625777 0.17505200
-0.12719201 -0.00985038 -0.16869600
0.07610810 -0.09083650 -0.08148590
-0.02997520 0.10986700 0.08215420
-0.08292550 -0.04982250 -0.10243800
0.24058500 -0.12140900 0.18020201
0.21996900 -0.08044380 -0.10810100
-0.12039800 0.11491300 -0.09561080
-0.22585000 -0.01067090 0.16370700
0.04662880 0.01666040 0.17109101
-0.20667399 0.03171550 -0.07427980
-0.43231699 -0.04165470 -0.06470190
-0.06406260 -0.09083650 0.08889910
-0.02978210 -0.09646380 0.04832480
-0.30415899 -0.07984310 -0.12165900
0.19206600 -0.04104990 0.10880500
0.00472768 0.12096600 0.02163290
0.11055800 -0.09083650 -0.03972220
0.19034100 0.04137710 -0.04741050
0.28977701 -0.01282500 0.03003290
0.05512240 -0.03840650 0.01934770
0.12161800 0.04099210 -0.15168600
-0.29912999 -0.05020020 -0.13418899
-0.30948699 -0.02008790 -0.12165900
-0.19555300 -0.01439540 -0.12165900
-0.40760601 0.02589650 0.07878010
-0.06533330 0.05408440 -0.06887630
0.00054408 -0.05052470 0.09752170
0.27234799 0.03889330 -0.02081140
-0.14882000 -0.09563280 0.14258400
-0.02518470 -0.02709730 -0.17181900
0.04255860 0.10598300 0.10374100
-0.18602100 -0.01813840 -0.12165900
0.22091700 0.01269890 -0.17411099
0.03982100 0.11272500 -0.06908660
0.09419800 -0.09083650 0.15138499
-0.05692720 -0.03511200 0.02555630
-0.08042310 -0.07665940 -0.17305499
-0.19508500 0.10344700 0.06174220
0.01199810 -0.04927450 -0.04211270
-0.17272800 -0.04865470 0.12327400
-0.14721400 -0.05141220 -0.17233901
0.23483001 0.02387680 0.16960800
0.12631699 -0.09083650 0.10499400
-0.25982600 -0.07577950 -0.17127100
-0.12037100 0.05247660 0.15259200
0.10725700 0.06632500 -0.12614501
-0.07439300 0.07422840 -0.10245700
0.36736900 -0.07264940 -0.15223600
0.41272500 -0.02228330 0.02858620
0.41152900 -0.07471360 -0.10625400
0.32111999 -0.06878180 0.14407100
0.10208900 -0.09738450 0.11515900
-0.03563830 0.02200390 -0.13898499
-0.12678400 0.11329800 0.10447900
0.00392685 -0.04889010 -0.03740790
0.03677000 -0.03337360 0.14756100
-0.04896960 -0.09632990 -0.14574400
0.23917000 -0.05022350 -0.16781500
0.21462600 0.03839850 0.01708170
0.12807900 -0.03455860 0.15094499
-0.00622130 -0.04422820 0.17034100
0.13496800 -0.05407190 -0.14343300
-0.37995401 0.05489980 -0.05441010
0.13484000 -0.09083650 0.15441300
-0.27685201 0.00121600 0.11557400
-0.09371210 -0.04990570 0.16664600
-0.20055801 -0.02328110 -0.14137700
0.32189801 -0.08627570 -0.08355780
-0.22724700 -0.00612388 0.17383200
-0.16637599 -0.09551240 -0.00996309
-0.03458410 -0.04209080 0.14570799
-0.00105480 -0.09083650 -0.08186600
-0.15785100 0.07049960 0.13553800
0.06236170 -0.09710700 0.05270440
-0.13031900 0.10930300 0.06198560
0.18129700 -0.03073050 0.15536600
-0.04369850 0.01818890 0.13973300
-0.01854260 -0.09083650 -0.04884740
-0.10805000 0.01664980 0.13600400
-0.31109601 -0.02073830 0.04082660
0.20375000 -0.04908660 0.18950500
-0.09748140 -0.09599120 -0.14445101
0.24164601 0.00193368 0.05184420
0.10125400 -0.01208900 -0.04540680
-0.22216600 0.10020100 -0.01005570
0.18041100 0.03836880 -0.11809200
0.32122201 -0.07016360 0.13292700
-0.42374700 0.01406970 -0.05151660
-0.05672190 0.10504200 -0.10050400
-0.27584901 0.04577710 0.07400490
0.28295800 -0.00882207 -0.16597199
-0.42993200 -0.03804090 -0.08240130
0.22342999 -0.11096200 0.19010700
0.12544399 -0.09083650 0.08678980
0.11444300 -0.09747080 0.11556200
-0.27581000 0.04577710 0.02380710
0.32156500 -0.07481920 0.15842800
0.06006510 0.09894040 0.00395833
0.25565699 -0.12011700 0.17150100
-0.31827900 -0.03085660 -0.14683899
0.20995399 0.04112490 0.04876010
-0.37881401 -0.08750090 -0.08755350
-0.22173700 -0.00101843 0.16562100
-0.22205099 -0.08411050 0.16941400
0.29196799 0.03587730 0.03234590
0.26151201 -0.00639710 0.11596700
-0.13624200 -0.04445400 0.01760290
-0.36438501 0.03566210 -0.12827100
0.31817400 -0.08866960 0.10880500
-0.01218880 0.11924300 0.09110790
0.12470400 -0.09083650 0.10597900
0.04111910 -0.09695880 0.07482920
0.04763270 0.10549900 0.10060800
0.00804366 0.08593760 0.13200200
0.05234920 -0.09703710 -0.11575600
-0.20628400 0.03079260 -0.00009290
-0.10445000 -0.04622320 0.16724300
0.06340780 -0.02598420 -0.17343301
-0.35641900 -0.02905010 -0.16439100
-0.07112770 0.07632350 0.06862430
-0.19649801 0.09597500 -0.09943530
-0.13431101 -0.00444708 0.13176399
-0.42758599 -0.06456740 -0.00038494
-0.26204899 -0.01529090 0.16970199
0.43314499 -0.05752930 -0.02476320
-0.23288999 0.02736760 0.17202900
-0.26880401 -0.12280300 -0.13225700
0.16503800 0.04947880 -0.14597000
0.23605800 0.00038566 -0.14315900
-0.29344901 -0.03353670 0.16723301
0.12237600 0.01757990 0.16865700
-0.14513800 0.09144010 0.12885000
-0.07206640 0.01552820 0.09430780
0.13829701 0.05069920 -0.15031700
0.02946590 -0.08710780 0.16906400
0.25066400 -0.03172090 0.15411100
0.39230499 -0.09676200 0.06068770
0.29861900 -0.02055910 0.06603640
-0.30102101 -0.01132870 0.08383280
0.37121600 -0.01924360 0.13233700
0.03844250 -0.04638820 -0.07432790
