0.01425420 -0.10077100 0.03652290
-0.28512001 0.07802060 -0.07383900
-0.40406501 0.00506595 -0.15900201
0.17264301 0.00496768 0.15786999
0.03199620 -0.04550500 -0.03822170
-0.07587510 -0.04933490 -0.15737300
0.16814101 -0.00050210 0.15900099
0.04992960 0.02722880 0.14022601
0.24713001 -0.10071500 0.05994760
0.03261370 -0.04357680 0.12867500
0.42806700 -0.08100070 -0.06028120
-0.07043400 0.12437900 -0.08740380
-0.24095300 -0.05618960 0.01591850
0.43796599 -0.05050580 0.02114440
-0.14360300 -0.02639320 -0.11542500
0.03455790 -0.10077100 0.00905223
0.23005800 -0.05188640 -0.13069600
-0.25968701 0.04040700 -0.14224499
0.39665800 -0.05493950 -0.00591461
-0.28869101 0.07505360 -0.11475300
-0.03231020 0.00710649 -0.15900201
-0.26706001 -0.12123200 -0.13874801
0.32984501 -0.06180450 0.14830001
0.13965000 -0.05328670 0.02906200
-0.03913840 0.09756000 -0.13434701
-0.07611670 -0.07885940 -0.14854600
0.02972140 0.12379900 0.01323150
-0.25565800 0.00596486 -0.14565000
0.29770800 0.04482100 0.01238030
-0.22678199 -0.02785380 0.04090570
0.27284601 0.00019262 -0.14112701
-0.03550240 0.01726560 -0.15742099
0.14835000 -0.10077100 0.00669548
0.11575700 -0.00215126 0.04278250
-0.25831199 0.00774812 0.04666380
-0.06214560 0.05858460 0.06496860
0.12926701 -0.09986950 -0.10850700
0.33317900 -0.04066780 0.00534468
0.43473899 0.00687876 -0.07594270
0.09881380 -0.08237320 -0.08888100
-0.03633370 -0.01487560 0.14022601
0.04398020 0.09836670 -0.13405301
0.01319700 -0.05234590 0.14022601
0.31979099 0.00630712 -0.00688336
0.27019599 0.01582810 0.04828230
-0.25614700 0.04040700 -0.04164310
0.31147099 -0.01438540 -0.08632090
-0.09455790 -0.04069610 0.02179430
-0.01352230 -0.06296420 -0.03675300
-0.24411400 0.03016440 0.14022601
0.16952300 -0.06696310 0.13933900
-0.02595910 -0.05645460 -0.03583350
-0.10728500 -0.02068810 0.14022601
0.40886399 -0.04305700 -0.05593760
-0.44221199 0.01423400 0.01854810
-0.15193400 -0.03467220 -0.13627499
-0.10572900 -0.05368710 -0.08200290
-0.13735799 0.04040700 0.14435600
-0.42763701 -0.07345790 -0.05340080
0.30035600 0.00649985 -0.12034100
-0.06431640 0.09011880 0.13602901
-0.04583320 0.07139230 -0.14051600
0.25072601 0.01595250 0.02488620
0.43891501 -0.00461730 0.04941120
0.30090499 0.00643417 -0.13675299
0.40553600 -0.04917340 0.08164330
0.14895700 0.04416580 0.12924001
0.14823399 -0.04282280 0.14022601
-0.26723400 -0.10455300 -0.13705000
-0.11779400 0.12214100 0.10398700
-0.27035901 0.02135150 0.07744840
-0.37832701 0.03207290 -0.15162700
0.21031199 0.01827080 -0.00516669
-0.25197101 0.00058833 -0.06229140
0.18378200 0.04798230 -0.02230770
-0.36651599 0.05176170 -0.08569200
-0.03997030 -0.04237580 -0.02906300
-0.20047100 0.05105460 0.14538901
-0.01126830 -0.09966640 -0.11776700
-0.01090670 -0.10077100 0.04299320
0.28119600 -0.11548400 0.11935100
0.23400000 -0.02793490 0.10665400
0.43839699 -0.00054034 0.03835130
-0.26774800 0.06815510 -0.13836201
0.33887199 -0.00728363 0.00725090
-0.10382000 -0.05573000 0.15627800
0.00463867 -0.09984540 -0.10981700
-0.16025600 -0.02988800 -0.04258670
0.43067700 0.02321380 -0.05550640
0.15525600 -0.10077100 -0.00084837
0.35486600 -0.03882920 0.13739800
-0.23670600 -0.10880400 -0.13423400
-0.00614240 0.09890130 -0.13392501
0.35690501 0.02562890 0.04664870
0.32835099 0.04275600 0.07170040
-0.18116800 0.01227010 -0.12517101
0.13857000 0.07103070 -0.13856401
-0.04035380 -0.06795500 0.14477900
0.31745499 -0.06207110 -0.08632090
-0.13448299 0.11723800 0.12660100
0.09777960 -0.03181170 0.14022601
0.35519701 -0.07347620 -0.12121900
0.01530820 -0.01063290 0.14022601
0.30241001 0.00197762 0.13129200
-0.19652399 0.10063300 0.13351101
0.43058699 -0.04837490 0.01039410
0.31922099 0.00260002 0.08816300
-0.23936300 -0.05448940 0.10022900
0.39265800 -0.09925840 0.04309950
0.30403000 0.00606007 -0.08847850
0.27650601 -0.01526480 -0.12515700
-0.24210501 -0.12532400 -0.15446800
0.32999000 -0.00085101 -0.00716867
-0.35153499 -0.09772980 0.09341110
-0.43525800 -0.01359960 -0.15338600
0.15135100 -0.10077100 0.02500200
-0.02706210 -0.07624210 0.14022601
-0.09768170 -0.03644800 0.14022601
0.22821499 -0.04956780 0.10183500
0.41574800 0.03472970 0.00571575
-0.26993099 0.02161280 0.15571900
0.26997900 -0.00321853 -0.16189000
0.36882401 0.00542582 -0.15900201
0.30961201 -0.01877260 -0.01549650
-0.05772130 0.12475000 0.06929510
-0.12965600 -0.05451790 0.06497700
0.17264301 -0.00166037 -0.14190900
-0.08279590 0.12429100 0.09167340
-0.21862100 0.01690990 0.03619700
0.01802240 0.12286700 -0.08063760
0.06684290 0.02283840 0.15524000
0.21796700 0.02370540 0.06974430
0.22766800 -0.05939290 0.09709810
0.10457900 0.01602880 0.00561284
0.36217800 -0.06798120 -0.07716870
-0.15175800 -0.02782040 0.11598400
0.20145300 -0.04989840 -0.01286640
0.07996960 0.03827350 0.11354700
-0.05898060 -0.02128250 -0.07688780
0.16823301 -0.07306290 0.15331300
-0.05432540 -0.02600070 -0.04799100
0.43795401 -0.06928060 -0.08628070
0.16172799 0.04295710 -0.13972899
-0.39888600 0.03571540 0.15020099
-0.07628970 -0.07885940 -0.14050300
-0.00994265 -0.08237320 0.05234020
-0.11414400 0.12330700 -0.11603400
-0.07430880 0.12542699 -0.03628850
0.32510999 0.01735190 0.03968960
-0.22201601 0.03036310 0.12450500
-0.26362300 -0.10057500 0.06792260
-0.05654110 0.00224936 -0.12435100
0.27180800 0.04482100 -0.02857560
-0.31722000 -0.10011600 -0.09412420
0.33476201 -0.00499282 0.12957700
-0.06588150 0.12379900 0.00056370
-0.18432900 -0.08064760 -0.14333101
-0.32938799 0.05219940 -0.02207650
-0.03619430 -0.05348620 -0.12556601
-0.03021910 -0.04364240 -0.14022800
0.16952300 0.03033240 -0.04671840
-0.29929599 -0.09658800 -0.12440000
-0.00494748 -0.03315050 -0.00270777
0.42313701 0.01009980 0.06001000
0.16952300 -0.02794510 0.12839800
0.05167090 -0.07531230 -0.15292799
-0.44210100 -0.02757790 -0.07259580
0.26896000 0.01966320 0.02984360
-0.18259101 -0.02509840 -0.14900801
-0.36131200 0.05243180 0.07056170
0.11462200 -0.08237320 0.09642390
-0.14105099 -0.10024500 0.08681200
-0.29650000 0.04305580 0.02021510
0.14103401 0.04453780 -0.03147770
-0.12293900 0.06404920 0.14227501
-0.13024700 0.09615560 -0.13458300
-0.20281801 -0.06011300 0.16242400
-0.05651660 -0.02612680 -0.10306600
-0.18410499 0.12034400 0.02905050
-0.30654001 -0.07537780 0.12667000
-0.13713001 0.12379200 -0.03549190
-0.07549060 0.06094050 -0.06567690
-0.02023810 -0.03244430 -0.12579300
-0.32577699 0.04010680 0.14848199
0.30764601 -0.04983460 -0.00536093
-0.14141600 -0.00891576 0.15900099
0.07006370 0.12528700 0.02400480
0.06712210 -0.04264160 0.04466010
-0.28715700 -0.02632520 0.16219600
-0.23807600 -0.05549770 0.10694500
-0.00575944 0.12269700 0.08892890
0.42351401 0.03160270 -0.01486780
0.26234299 -0.00986588 -0.11893500
0.12231700 -0.02629730 0.02906200
-0.15313099 -0.07885940 -0.14554800
0.13909800 -0.07312340 0.02906200
0.01336010 -0.07774160 0.15251200
0.33571401 0.00630712 0.00855995
0.17572699 0.05180960 -0.08715150
0.34707099 0.02691900 0.15364300
-0.21093801 0.01761820 0.15728199
-0.16750801 -0.09119410 -0.15265299
-0.19339500 0.01562310 -0.07317760
0.27467701 0.04414140 -0.13166800
-0.19857600 -0.05732400 -0.09202340
-0.04035380 -0.00763416 -0.15429300
0.15944301 -0.10044400 0.07545940
-0.04008470 -0.10077100 -0.00333454
-0.19351199 -0.00440616 -0.12591401
0.12182700 -0.08237320 0.13784499
0.01366940 -0.04210530 -0.15861000
-0.23659299 -0.05138010 0.07759180
-0.15006500 -0.10033100 -0.08190310
0.00232747 -0.01926420 -0.02606220
-0.20427500 -0.01458460 -0.16181600
-0.30755699 -0.04437540 0.10681600
0.32262400 -0.03942310 0.14511900
0.39570799 -0.09950030 -0.12246000
-0.10806700 0.06329320 0.14245699
0.37809700 -0.06916860 0.15700300
0.41860601 0.02092370 -0.15598901
0.25796199 -0.04066780 -0.00933113
0.22119901 -0.03606700 0.01595350
0.14609601 -0.01262120 -0.08908940
0.19077700 -0.09908120 -0.13347100
0.00897389 -0.05324970 0.10060800
0.16952300 -0.06455440 0.05488880
0.14330401 0.04216940 0.14022601
0.33887199 0.01610750 0.05608360
-0.09730770 -0.02709290 -0.14022800
-0.22411899 0.09858710 0.13115001
-0.20485300 -0.04913490 0.04059160
-0.21620899 -0.10191600 -0.12230800
-0.10352700 0.11809000 0.12932700
0.42320499 -0.09730300 -0.12904800
-0.16604100 -0.10077100 0.00728525
-0.16230100 0.02021330 0.14022601
0.41227001 0.03393360 0.09806930
0.16275100 0.05895700 0.12512299
0.08712620 0.02157710 0.07108390
0.05026250 0.03300240 0.14022601
0.00574657 -0.10077100 0.04075490
-0.18501800 0.09880580 0.13101800
-0.23548201 -0.01803000 -0.09241050
0.16952300 -0.00042526 0.01764520
-0.10443600 -0.08237320 0.10284000
0.16952300 0.01348230 0.08919170
0.21713600 -0.10071700 -0.05981320
-0.09422040 0.11988200 0.12889799
0.00334945 0.09564530 0.13470399
0.10154700 0.04809110 -0.14609900
0.29553899 -0.05546360 0.15476701
0.40895900 -0.01136040 0.02114380
0.35963100 -0.03687890 0.14144699
0.14397900 0.07749110 -0.01978160
0.20656100 -0.01064030 0.15900099
0.19824800 -0.02278370 -0.15900201
-0.43641901 0.01809190 -0.09686840
-0.19058099 0.11172400 0.12913901
0.26942301 0.00214645 -0.11893500
0.28899500 -0.12407600 0.15108401
-0.28446200 -0.06032650 -0.10681700
-0.14551400 0.12379900 -0.01259510
0.26003999 0.04482100 0.03312080
-0.24524900 0.04040700 0.13059500
-0.21721099 -0.04145190 -0.01741930
-0.28413701 -0.10077100 -0.01021200
0.39330599 -0.04093780 0.03257160
0.31413499 0.04355330 -0.11020700
-0.12281000 0.12379900 -0.02059860
-0.26607001 -0.09732360 -0.10681700
0.32416499 -0.02411760 -0.14605901
0.36020699 -0.03823900 -0.08752900
-0.44117999 -0.03049620 0.08018290
0.01458500 0.12165900 0.11498500
0.09679870 0.11170000 0.04689640
-0.00160814 0.10678600 0.13203500
0.10482000 0.10630100 0.02612110
0.40967801 -0.03599210 -0.00150523
-0.28563300 -0.10043200 0.07612450
0.16952300 -0.05300950 0.03406230
0.22903800 0.04482100 0.02446380
-0.05158820 0.02902280 0.06749970
0.27579999 -0.01321340 -0.12209900
0.22766800 -0.09095640 -0.09839530
0.40196601 -0.06571070 0.15457000
-0.06042300 0.12467800 -0.07283590
-0.43959799 -0.00329044 -0.07669770
-0.19349200 -0.00442610 -0.12882200
-0.09190180 -0.06193540 -0.14022800
-0.20897201 -0.11393400 -0.13664600
0.08516970 -0.10077100 0.03699510
0.06305850 -0.00601172 -0.15900201
-0.22065900 0.08321330 -0.13768400
-0.27579999 0.02749540 -0.11444600
-0.06063060 -0.01587440 0.14022601
0.11416100 -0.03505150 -0.00657889
-0.31300801 -0.05527970 0.12587100
-0.01893940 -0.08237320 -0.03860430
0.00859072 0.00073616 -0.15900201
-0.12604199 0.06191720 0.14278600
0.13155000 0.05378220 -0.14473601
0.06885970 0.09599750 0.13462000
0.37171501 -0.09933830 0.12676200
0.06854120 -0.10019100 0.08993950
0.16119300 0.02667400 -0.15373901
-0.36305600 0.04069500 -0.14825200
-0.10053000 -0.08237320 0.10448400
-0.13781600 -0.07325650 -0.15328000
0.18983699 -0.10008900 0.09591480
0.43936300 -0.00503340 0.04110670
0.39663601 0.03670870 0.07793890
-0.30402401 -0.08816860 -0.12652700
-0.07336780 -0.09892250 -0.13770600
-0.13346100 -0.02418050 0.03548750
-0.13680001 -0.02714210 -0.13645101
-0.33515599 -0.10069500 -0.06107360
0.42240700 -0.06070180 -0.06219930
0.10029800 -0.09756510 0.14667100
-0.01477550 -0.09934280 0.12637500
0.12310300 0.02732200 0.07603840
-0.23740000 -0.03984640 -0.15864000
-0.10541800 -0.01570710 -0.04302590
-0.14254101 -0.04299260 -0.03928500
0.05915230 -0.08237320 -0.03284910
0.31946999 -0.10077100 -0.03928450
-0.25644001 -0.01993940 -0.15905599
0.23009400 -0.04066780 -0.00595801
0.11073500 0.02694080 0.07569480
0.01398570 0.12379900 0.03346960
0.33404201 -0.00448537 0.12406800
0.01856990 0.07491500 0.13967200
0.25112399 0.00359847 0.16106100
0.06878090 -0.00583578 0.09722290
-0.27190399 0.07527240 -0.13684000
0.13051300 -0.08237320 0.13488400
-0.00524967 -0.05967930 -0.03884570
0.09136260 -0.09699340 -0.14840899
0.41533601 -0.02324540 0.15900099
-0.18886800 -0.03315050 -0.02566210
0.39292499 -0.09872030 0.06892600
-0.15836100 -0.06289240 0.11020400
-0.18758699 0.11836100 0.05067370
-0.31026399 0.02682960 0.15367800
-0.31536001 0.04844810 0.10736500
-0.02529890 0.01557100 0.14022601
0.27152601 0.00294069 0.14928600
-0.20134699 -0.06803150 0.00831538
0.08653280 0.06744130 0.08137180
0.24295500 -0.05284890 0.12132200
0.07562440 0.11487400 0.13009800
-0.08919030 -0.09883690 -0.14002100
0.18732700 -0.09174250 0.15011699
-0.09324650 -0.03327490 0.05685570
-0.43670401 -0.00654600 -0.11752600
-0.11558900 -0.09891490 -0.13791101
0.11673400 -0.08237320 0.07496570
0.42526200 0.02634930 -0.13324200
-0.27405399 0.00769277 0.16183600
-0.09845270 -0.04849150 0.06164350
0.27707899 0.00630712 -0.00938804
-0.09431510 -0.03033900 -0.09686450
0.32813200 -0.02651280 -0.16150300
0.11466700 0.00114485 0.15900099
-0.25864699 -0.06048770 -0.14600700
-0.43081799 -0.06199120 0.08981970
0.42265701 -0.07433980 -0.15309399
-0.40649101 0.04880020 0.02555400
0.14197600 0.02776410 -0.14022800
0.02155980 -0.05164400 -0.03901190
0.17991699 -0.06790340 -0.15419500
0.18936500 -0.02424610 -0.03245450
0.08073910 -0.09965610 0.11812100
-0.04048870 -0.07885940 -0.14773400
-0.25962901 -0.05905580 -0.06791720
0.40770501 -0.05493950 0.03036100
-0.19960999 0.00238158 -0.16094001
-0.11926000 0.12527700 -0.04361230
-0.13473800 -0.09888110 0.13882400
0.09775830 0.00761904 0.15900099
-0.38940200 -0.08363240 0.14475399
-0.21338500 0.10736300 0.06827500
-0.03900160 -0.08237320 -0.07817480
-0.04035380 -0.01925890 0.14726900
-0.13276701 -0.02402900 -0.06581230
0.43376899 -0.08209170 0.00143158
-0.26669499 -0.00521860 0.10681600
-0.02516700 -0.02425080 -0.02321890
-0.00739790 0.10286900 -0.13297400
0.38928401 0.01247390 -0.15900201
0.34292501 -0.08677590 0.11988400
-0.20329700 0.10395000 -0.13044199
0.32831901 -0.05186610 0.15121900
-0.13340200 0.12198400 -0.10757300
0.01836430 -0.08237320 -0.04282580
0.26447099 -0.10061900 -0.14715900
0.17547600 -0.10063100 -0.06471650
-0.23971000 -0.01325540 -0.04454560
0.19181000 -0.10072300 0.05945580
-0.18930100 0.11567500 0.10753200
0.03317450 0.03574260 -0.15019000
-0.06152480 0.02106700 -0.12288500
0.22766800 -0.08860290 0.12397500
0.40533999 0.03621280 0.04757260
-0.06486370 0.12379900 -0.02853310
0.31785101 -0.07979200 0.14942800
-0.26852801 0.08420270 -0.09245490
0.17447001 0.05201590 -0.10308500
0.10163300 -0.03908680 -0.15900201
-0.40439600 -0.08030810 0.11303800
0.02917740 -0.02425080 0.02567370
-0.06711080 0.04977060 0.14569700
-0.16710301 0.12395600 0.07700280
-0.05320110 -0.03638400 -0.07679770
0.30381399 -0.01167970 -0.16192000
-0.43913099 -0.02540420 -0.11761900
-0.10993800 -0.05383340 0.00202798
0.27214801 0.00317539 0.12418300
0.31984299 0.01652800 0.02246560
0.09793370 -0.08237320 -0.06131350
-0.09275260 0.06013310 0.14321400
0.41264901 -0.09577200 -0.00370283
0.10642600 -0.01377100 -0.02671700
-0.26935500 0.02021750 0.03550480
0.33932999 -0.09986730 -0.16225700
0.16279501 0.06368740 0.01349480
0.16952300 0.01296200 -0.03404920
-0.17790200 -0.01544630 -0.00020773
0.03632960 -0.03450440 0.14022601
-0.05292920 -0.04355980 0.14022601
0.08724490 -0.02425080 0.01784730
0.09523100 -0.04482370 0.00981703
0.42313701 0.01813020 0.03068520
-0.30253199 0.07170690 0.04735360
-0.26727799 0.08491920 0.08573160
-0.06961900 0.10361800 -0.13279501
-0.34117699 0.05346530 -0.12022300
0.08550310 0.06829470 0.14125800
0.34318301 -0.03963570 0.16286799
0.39434299 -0.04419270 -0.03742280
-0.27188700 0.04040700 0.10470500
-0.22554000 0.03354130 0.01595280
0.16521899 0.05957790 -0.08673740
0.05389320 -0.04871750 -0.02906300
0.02001950 -0.05104420 0.06671710
0.03820730 -0.02425080 0.02583820
0.40990099 0.01318120 -0.02584410
0.24666600 -0.05256180 0.14655100
0.13728601 0.05730780 -0.15708201
-0.05155130 -0.08237320 0.13429400
-0.13090900 -0.08237320 0.05866070
0.26878101 -0.00207098 0.14842300
0.21031199 0.01564810 0.02081020
-0.43346599 -0.06754530 -0.01368160
0.00233735 -0.01507400 0.02268030
-0.03119830 -0.01450610 0.06590600
-0.17941800 -0.10077100 0.03852700
-0.02693480 -0.05413980 0.04228070
-0.21018000 0.10684500 -0.11382100
-0.21111700 -0.04727820 0.14862600
0.08356000 -0.08237320 0.07589090
-0.26338500 0.01347660 -0.00750570
-0.33138499 0.05937420 -0.06759970
0.35783499 -0.03263440 0.09203990
0.39137000 0.03745550 0.04034490
0.13580400 0.08374220 0.00025725
-0.05014780 0.12485400 -0.06421780
0.15835200 -0.01012230 0.14022601
0.10356100 -0.08130050 -0.02906300
0.26196599 0.02317530 0.04559230
-0.36890301 -0.08960280 -0.09920500
0.02563870 0.12543599 0.01655160
-0.16773400 -0.03164910 -0.00001129
0.21018700 -0.10044200 0.07560480
0.23916200 -0.01983020 0.15118600
-0.24221399 -0.12532701 -0.14712200
-0.04072360 -0.02775570 0.15900099
-0.20949000 0.05019830 0.02076040
-0.17637400 -0.07782650 0.06018050
-0.00754387 -0.06192090 0.04619860
0.26863500 -0.11998600 0.15305001
-0.42949301 -0.06859910 0.06287680
-0.30905601 -0.03355710 -0.11008500
-0.38250300 -0.08298570 0.11235200
0.34222299 -0.10077100 0.00757997
0.08504270 -0.04005750 0.15895900
-0.28832701 0.04071930 -0.09918780
-0.31300801 -0.07540340 0.15188099
0.01514640 -0.09995910 -0.10328000
-0.28472301 -0.04075950 0.15871701
-0.01347960 -0.08237320 -0.11481700
0.33648801 0.04174930 0.09712890
0.30036899 -0.08777850 0.15806200
-0.09581970 -0.04966500 0.15731500
0.02009230 -0.04720870 -0.05325520
-0.04200500 0.01934520 -0.14022800
0.14197899 0.04449340 0.12177700
-0.05971150 0.04626870 0.05760380
-0.14310400 0.04040700 0.14759000
0.30629101 -0.11675500 -0.16218600
-0.15969200 -0.03569180 0.05375500
0.10776600 -0.08237320 -0.05031390
-0.13556400 -0.03930810 -0.15900201
0.05458000 -0.03315050 -0.00577303
-0.23181599 0.06037860 0.14315499
0.39537999 -0.05057170 0.03630500
0.19445100 -0.00318780 0.15900099
0.35932699 0.01773100 0.01708200
0.32039699 0.00006184 -0.02288280
0.17097101 -0.06248120 -0.15512300
-0.19361800 0.04699070 0.14636301
0.43946800 -0.00976822 0.10097700
0.26260000 -0.00368943 -0.08632090
0.25784400 -0.00831234 -0.16084400
-0.05093100 0.12379900 0.00135467
-0.16624200 -0.01961220 -0.14022800
0.15782900 -0.05938850 0.02906200
0.06025810 0.12373100 -0.03848200
0.03011300 -0.08237320 0.04154960
0.24886000 0.04482100 0.00504817
0.27255499 0.02119920 -0.15920800
0.25699601 -0.00364421 -0.14620499
0.04830290 0.07656450 -0.13927700
0.26147899 -0.05178690 0.14830001
0.23060700 -0.06188870 0.14200699
-0.09596340 -0.02043680 -0.11776800
0.41055200 -0.01016200 -0.15900201
-0.16558300 -0.03283210 0.11471900
-0.24214800 -0.04240210 -0.00256554
0.27926400 0.00527590 0.09068790
-0.23884200 -0.05593930 0.10330400
-0.20558999 -0.00220127 0.15800700
-0.20753500 0.05956540 -0.10110700
-0.26148000 0.02130630 -0.15940700
-0.31300801 -0.08699840 -0.14149700
0.40588799 -0.05105540 -0.07748120
-0.31321499 0.04783480 -0.02655300
-0.34778100 -0.09924090 -0.03056700
0.36886501 0.02351430 0.00087311
0.34763399 0.04133150 -0.02157640
-0.11119900 -0.08017460 0.15209600
0.15399399 -0.10034600 0.08112600
-0.44073200 0.01180750 0.04399060
0.12508200 0.08962820 0.07648610
-0.08911380 0.12477000 -0.06831890
-0.19789100 0.09805900 -0.13412701
0.26305899 0.02637760 0.04769470
-0.11707200 -0.05408110 0.03988010
0.16212000 -0.09972740 -0.11628000
0.10326600 -0.06534970 0.14022601
-0.30805901 -0.05703440 0.14820801
-0.27426901 -0.03388530 -0.15796800
-0.36160699 0.01645510 0.15773800
-0.36873901 0.04965300 0.14275500
0.23800901 0.04431010 0.12019000
0.11667800 0.03793100 -0.14022800
0.15761299 0.03380430 -0.14022800
0.29907399 -0.06602070 0.15003400
0.29143900 -0.05767510 -0.14600700
-0.18680300 -0.00533044 -0.13408400
-0.12167500 0.11458000 0.12855200
0.12039400 -0.03544220 0.15900099
0.20810600 0.01795440 0.15715100
0.32077801 -0.05990560 -0.16044800
-0.23885500 -0.12504900 -0.13697401
-0.19160500 0.04040700 0.14414801
-0.06186960 -0.04487920 0.02906200
0.22969200 0.01028280 -0.01881310
0.06919710 -0.05602820 0.04697070
-0.12001400 0.00548804 -0.15900201
0.40886399 0.01400260 0.01304390
-0.35710099 0.03283760 -0.15132700
-0.25925401 0.02064410 0.15963700
-0.20624200 -0.06375730 0.13952900
0.06180710 0.12062000 -0.12294800
-0.37635100 -0.09083560 -0.12136600
-0.18329400 -0.10077100 -0.02335110
-0.08674840 -0.02147150 0.14022601
0.03980990 -0.09951700 -0.12178800
-0.21592000 0.06278430 0.10770500
-0.20616500 0.11018500 0.07224210
-0.22772300 0.00740038 0.16275200
0.33988500 0.01193770 -0.01407450
0.02350200 -0.07706750 -0.14022800
0.35677299 -0.06639770 -0.14378600
-0.16027200 -0.08237320 0.03420470
0.14874500 0.07413310 -0.00764007
-0.11300000 -0.08237320 0.04717300
-0.18703400 -0.03246800 -0.01391460
-0.26881701 0.01961010 -0.04359490
0.10705900 -0.00897877 0.14022601
-0.16337299 -0.10077100 0.05237390
0.43307599 -0.07173220 0.01895880
-0.05393520 0.03587130 -0.07287730
-0.31162900 -0.10077100 0.05093490
0.16952300 -0.03315120 0.10880000
-0.20337801 -0.00381586 0.15331601
-0.05492660 0.08007690 0.09904920
0.28406900 0.04469420 0.07253680
0.20754100 -0.01228920 -0.02278810
-0.39970699 -0.08227550 0.11882000
-0.09799350 -0.07472190 -0.15302899
0.31776100 -0.00666734 -0.08632090
-0.22791100 0.10309500 -0.00443503
0.40886399 -0.04713260 -0.04055470
-0.43366799 0.01230430 0.13310599
0.24499699 -0.03041400 0.01595350
-0.08806480 0.12310000 0.06927560
-0.23930800 0.07950690 -0.13857201
-0.30248001 0.03139990 0.15188900
0.26696399 0.02432970 -0.01666910
0.39268300 0.03742760 0.01710050
0.07549350 -0.06154030 -0.02906300
-0.43280199 -0.05275010 -0.12464800
0.25249201 -0.02272900 -0.11952300
-0.31383601 -0.09088880 -0.15455300
0.11769600 0.01033970 0.14022601
0.04906990 -0.05945400 -0.14022800
-0.23860700 -0.08133650 0.15830299
-0.16860700 0.12040300 0.12640800
0.32466400 -0.03083080 -0.08632090
0.17198400 0.01955660 0.14574599
0.16952300 -0.02985080 0.06844960
0.16903600 0.04487420 0.14394000
0.25534299 -0.00035464 -0.02190160
0.00435006 -0.01507400 0.00655031
-0.28070199 -0.06225410 0.05840270
0.05452790 0.03777970 -0.14022800
-0.05355730 -0.03774900 -0.14022800
-0.04411620 -0.02165960 0.14022601
-0.15684700 0.07796790 -0.13894100
0.14184600 0.04449970 -0.00405140
0.41012499 -0.09589240 -0.04441570
-0.27840501 0.04040700 -0.07558870
0.39401001 -0.09890900 0.05305200
0.24330699 0.04415270 0.13090201
-0.24534599 -0.02482990 -0.09908580
-0.26902601 -0.06225410 -0.07950190
-0.25819999 -0.02947160 -0.10529000
0.32377201 0.00088134 -0.14645100
-0.00751157 0.04838960 -0.14602700
0.10446400 0.10184400 -0.12176700
-0.06687170 0.05470160 0.09519970
-0.03035430 -0.01266970 -0.15900201
0.23233500 0.00051145 0.00241954
-0.23808600 -0.07373460 -0.14600700
0.03630740 -0.02343090 -0.15900201
0.42706099 0.00885842 0.15697300
-0.05765680 0.01411180 0.04313530
0.35937199 -0.05401450 -0.08632090
-0.09256540 -0.06624440 0.15447900
0.30021101 0.04460740 -0.08480670
0.16952300 -0.03630840 0.09329000
0.40800601 0.03342530 0.14023700
-0.27399200 0.02545310 -0.04359050
0.09849600 0.03172010 0.14022601
-0.25595200 -0.10809400 0.13446800
-0.07358670 0.07281450 -0.07957530
0.01226620 -0.04749540 -0.02906300
-0.44384101 0.00568293 0.00342315
0.20687801 -0.01082620 -0.00467893
0.13309900 0.08269120 0.09941860
-0.42627901 -0.01896900 -0.15900201
0.18227699 -0.02610860 -0.03333910
-0.10593100 0.12543599 0.00297748
0.32982501 -0.10066500 -0.06280910
-0.24240200 -0.04818900 -0.15065400
-0.33037001 0.05231470 -0.01912420
0.18064301 -0.08963150 -0.15047801
0.39396599 0.00506051 -0.05665130
-0.19597700 -0.02705860 -0.04207430
-0.26739901 0.07246970 -0.13732800
-0.21752700 -0.05056900 -0.07114130
-0.12189200 -0.02131490 -0.14022800
-0.16690999 0.04974630 0.14570200
-0.12696400 -0.02277850 0.02156940
-0.07552590 0.01096110 0.14022601
0.05941390 -0.02425080 0.02512420
-0.10875500 0.12377900 -0.03611960
0.32717299 -0.11648000 0.15815599
-0.20913000 -0.04380080 -0.01246690
-0.14272900 -0.02620240 0.09202950
-0.31702200 0.06698060 -0.00334065
-0.21023700 0.05048300 -0.10038900
0.42313701 -0.00192051 -0.04852460
-0.24887200 -0.00291011 -0.08001540
-0.11355900 -0.03956230 0.15900099
0.40964600 0.00506051 0.02988540
-0.09069140 -0.05112360 -0.02906300
-0.17857800 0.00832450 0.12858699
-0.16929400 0.12325500 -0.09151690
0.00710096 -0.02893270 -0.02906300
0.40990099 0.00311655 -0.02193230
-0.06293050 -0.10077100 -0.00899475
-0.05968000 -0.06353890 0.02906200
-0.18240499 -0.06348390 0.09870650
-0.33195901 0.05246380 -0.08114570
0.16952300 0.01455810 0.10163500
-0.36987299 -0.08955740 -0.10852600
-0.21029299 0.10947100 0.03845580
0.15709600 0.04378360 0.10194800
-0.11769100 -0.09869270 -0.14324500
0.16700301 -0.07349390 0.14155400
0.27934301 -0.12398000 -0.13953599
-0.17447700 -0.03569180 -0.03653280
0.16952300 0.02654370 0.10871800
0.12601399 0.05096220 0.14541100
0.39580199 -0.09729580 -0.09719060
-0.18455100 -0.02262830 0.14941400
0.34607500 0.04145690 -0.02616110
-0.26786801 -0.07479180 0.10681600
0.23396900 -0.10077100 -0.01074530
0.27197599 0.04482100 0.01389660
0.29492101 0.00715016 -0.14960299
-0.01973070 -0.08237320 0.10589300
0.27414301 0.02794700 0.05231760
-0.22132900 -0.04805530 -0.10059000
0.03134270 -0.05726840 0.03667900
0.39330599 -0.01324380 0.03654760
-0.43538499 0.01263580 -0.11797100
0.29936099 -0.00128618 0.01595350
0.12058100 0.04549820 0.03365320
-0.40352800 -0.08098970 0.07838130
-0.20382600 -0.10461200 0.11898600
0.30223101 -0.12495800 0.14819200
0.29297099 0.00691674 -0.12162600
-0.13727599 -0.05443560 -0.06424290
-0.13551900 -0.08237320 -0.04867760
0.09701060 -0.07100400 0.15366501
0.07627060 -0.04469320 -0.06654810
0.13242200 -0.10077100 -0.04429050
0.33206999 -0.00309486 -0.11764400
0.09822800 0.05262830 -0.14501201
0.23164400 0.04482100 0.01019990
0.27041799 0.01565880 0.06999660
-0.06580170 0.12379900 0.03364500
0.24907701 0.00606249 -0.01451720
0.27695799 -0.02827450 0.01595350
-0.05565050 -0.08237320 0.13565899
-0.26767600 -0.06608020 -0.10570900
0.12560900 -0.08237320 -0.05127800
0.16952300 0.02421340 -0.13976599
-0.43165201 0.02395880 0.13646001
0.24750701 0.02509000 0.04502800
-0.20347400 -0.08513840 -0.14540200
0.08673700 -0.08237320 -0.11087200
-0.37191099 0.05109900 -0.09888770
0.14451000 -0.10077100 -0.00565522
0.43731201 -0.00566018 0.08197290
-0.08886680 -0.01727910 -0.15900201
-0.07791850 -0.04859980 0.14022601
-0.23407300 0.05892920 0.14350200
0.42003900 -0.07762250 0.02507300
-0.17637400 -0.07051140 -0.05696310
-0.10162900 -0.03624240 0.15900099
0.26430199 -0.11883300 -0.14535099
0.40770999 0.03507040 0.11702500
0.00711916 0.02057110 0.15612701
0.05961650 -0.04037470 0.09262510
0.23828200 -0.10049400 -0.07261480
-0.43134901 -0.06688230 -0.04915920
-0.25553599 -0.05429760 -0.15638900
0.40908301 -0.01957070 -0.05129050
0.07292570 0.00615841 0.10755600
-0.39125600 -0.08918970 -0.01510740
0.11470700 0.03682090 0.13095300
0.25724599 -0.05773930 -0.14805600
-0.20085500 -0.08370890 0.14427701
0.16765100 -0.03431560 0.01807600
0.25011700 0.04482100 0.04113450
0.24858700 -0.05020260 0.15967999
0.21319599 0.04482100 0.00125774
-0.16998000 -0.07068030 0.02906200
0.23307800 -0.08519470 0.08632000
-0.21452101 -0.11740800 -0.15531600
-0.36744800 -0.09498370 0.06047470
0.35230300 -0.02180170 -0.13489801
0.13204500 0.04266860 -0.15284000
-0.14389400 0.12404100 0.09931260
0.28574899 0.00605227 -0.15153900
-0.25942600 -0.10057800 0.06772160
0.04722710 0.12379900 0.00326483
-0.13059600 0.12312600 0.06798100
0.25633100 -0.00790317 0.00282006
-0.43657100 0.01188800 -0.10269100
-0.24079201 -0.04230360 0.09755700
-0.03589830 0.12373500 -0.10628100
-0.20060299 -0.10077100 0.02172000
-0.16096000 -0.05869000 0.15582800
-0.21320499 0.06208020 -0.10701800
-0.33051801 -0.10029300 -0.08401430
-0.17563300 -0.02034480 -0.05824790
0.12053600 -0.00609708 0.04270340
0.29664901 0.00694348 -0.07577820
0.01050650 -0.05078180 -0.04097850
-0.03126640 0.02072270 -0.15606800
0.20208800 -0.01175940 -0.00925843
0.20265900 -0.06521140 -0.15465599
0.29060000 -0.00048266 0.08632000
-0.05883600 -0.01837080 -0.05770180
-0.25223199 -0.06085010 0.15489499
0.00005668 0.01327690 -0.14022800
0.21546100 0.00677907 -0.15900201
-0.14351100 -0.08237320 -0.07292850
0.03331850 -0.02091250 0.15900099
-0.17233101 -0.10077100 -0.02197420
0.39537999 0.01084730 -0.02558970
0.26650301 -0.10199800 -0.13261300
-0.03673470 -0.07823280 0.05276400
0.37435499 0.03779600 0.13360000
0.27558801 -0.10077100 -0.02911950
0.01293600 -0.05803750 0.04314310
-0.34360000 -0.01307100 0.15900099
-0.43482500 0.01899730 -0.11713000
-0.31300801 -0.08863330 -0.14373900
0.40990099 -0.02089640 -0.04058110
0.34676400 -0.09860410 0.15762600
-0.17563300 0.12222300 0.07281410
-0.39462101 -0.07479430 0.15301600
0.02996990 -0.10077100 -0.05623590
-0.04640150 -0.01356320 0.15900099
0.09461810 0.11294500 0.05543140
0.25854400 -0.08802160 -0.16183101
0.33408499 -0.08637430 -0.14146701
0.29565799 -0.00168336 -0.03501560
-0.17850000 -0.09906030 0.11079600
-0.16684300 0.12165000 0.12409600
-0.21973500 -0.05745890 -0.06837800
-0.28310001 0.03157610 -0.15182100
0.31996900 -0.11973600 0.12852401
0.31579399 -0.01067290 -0.16227400
0.16952300 0.02044580 0.01889720
-0.30052099 0.07047800 -0.11143200
-0.05535780 0.08359170 -0.08596620
0.07668000 -0.04452530 -0.02906300
0.04762410 0.12310800 -0.06886870
-0.17612900 -0.09517440 0.15342300
-0.09750190 -0.03045150 -0.08809850
-0.07902430 -0.07885940 0.15188800
0.30116001 0.00294012 0.14403699
-0.18265800 0.12054900 -0.04427150
0.36080500 -0.04129690 0.08265200
-0.26000699 -0.07259170 0.10082600
0.03695840 -0.09953590 -0.12128400
0.20706300 -0.10077100 0.04163840
0.21089800 0.01811360 0.02225310
0.26357999 -0.02215500 -0.13503399
0.12058600 -0.07550370 0.14022601
-0.44034100 0.01928530 0.03946730
0.10440900 -0.01080230 0.02522610
0.32918900 -0.10077100 -0.02658240
0.30161601 0.00792266 -0.02613140
0.24878800 0.00630712 0.01445790
-0.15324301 -0.02841420 0.07737450
-0.11639400 0.10406900 -0.13268700
-0.26990801 0.02084150 -0.10651000
-0.18655799 -0.02222280 -0.14022800
0.14538400 0.02096260 0.14022601
0.43062299 -0.08199450 0.02008410
0.30192000 0.04473190 -0.06720860
0.24133900 0.01986700 0.04571830
-0.17778599 0.01426010 0.15859701
-0.25678399 -0.04546030 0.07891790
-0.28587699 -0.06074670 -0.02617450
0.30845100 -0.07702170 -0.08632090
0.14174700 0.01721650 0.15744001
0.22766800 -0.09362540 0.09353870
-0.43719599 0.04406770 -0.05079150
0.36585501 0.01157780 0.02426910
-0.02567950 0.04040700 0.14076500
0.32277599 0.00125766 0.15682100
0.24152800 -0.01694970 0.12922101
-0.38208300 0.04958650 -0.12701599
-0.11407800 -0.03315050 0.00549661
-0.32706699 0.05179510 0.09267550
0.29017800 -0.03368130 0.08632000
0.21494301 0.00750118 0.03990270
0.17264301 -0.01418890 0.15304600
0.43026099 -0.04837490 -0.06817350
0.37708801 0.03833940 -0.08483330
-0.24495301 -0.04415760 -0.09829400
-0.01823050 -0.04444340 -0.07684230
-0.24472900 0.02859660 -0.15298700
-0.22052900 -0.07989220 -0.14837100
-0.03189940 -0.01297430 -0.06599960
-0.17423400 -0.02432960 0.09682940
0.23016100 -0.05929580 0.12559900
0.43008399 -0.08511240 0.12259500
0.39537999 -0.05113520 0.00344524
-0.07464760 0.02515230 0.11859700
0.07033870 -0.05129710 -0.14022800
0.38770500 0.03762880 -0.06596720
0.35963401 -0.03688480 -0.13782300
0.27696601 -0.12278700 0.13158000
-0.08720190 0.03141860 -0.15188199
0.39649501 -0.09977310 0.11421600
-0.05633890 -0.10077100 0.05011790
0.01354290 0.12164800 -0.11523100
-0.24514499 0.04040700 -0.13056000
-0.03903740 0.08556520 -0.13728900
-0.43755701 0.03951300 0.05157120
0.16952300 0.00778738 0.09911560
0.25925699 -0.08214640 0.08632000
-0.30258799 -0.09103110 -0.14030100
-0.02942680 0.01118690 0.14022601
0.06102800 -0.03998730 0.08058190
-0.25651899 -0.05138010 -0.07395380
-0.36958301 0.05192340 0.05339380
0.33887199 0.01558110 0.06144390
0.44902399 -0.02524440 0.00121161
-0.01709770 0.12332500 -0.05830250
0.23683600 -0.02266270 -0.14112100
0.22167000 0.04482100 0.04366090
0.37855300 0.03736650 0.13624001
0.33522800 -0.08384580 0.16055000
-0.18118200 -0.00886829 -0.06864560
0.44186401 -0.05386890 -0.07122310
-0.31863901 -0.10077100 0.00682466
-0.13886000 0.12508500 0.05296730
0.35301000 -0.07448380 0.16242699
0.30523399 0.02794700 0.04913530
0.16952300 -0.05264270 -0.10662000
0.07738830 -0.03315050 0.01216800
0.03895710 -0.05587610 0.15625300
0.15305400 0.04397340 0.00451139
0.02602070 0.12339900 0.05468270
-0.28587699 -0.05563030 0.02820600
-0.16630000 -0.03294200 0.12409100
-0.37758401 -0.09321630 0.02257660
-0.30651000 -0.08195150 -0.13216200
-0.05418680 -0.00769207 -0.14022800
-0.09359010 0.12543599 0.02276850
0.33429900 0.02794700 0.03910900
-0.20187099 -0.02220340 0.06783900
-0.36657399 -0.09214940 -0.13645899
0.35071999 0.04069090 0.08101780
-0.00378598 0.11438100 -0.12728500
-0.16104300 0.07360660 0.13998599
-0.08112550 0.04753660 0.07375910
0.37582499 0.01247710 -0.00473275
-0.21012899 0.00204583 -0.16247299
-0.03152490 -0.05762790 -0.04438250
-0.19352099 0.05766550 -0.14380500
0.36403400 0.01197820 0.02429800
0.08833420 -0.10077100 -0.01038880
-0.24832800 -0.06123320 0.08009470
-0.19801299 0.02381920 -0.10225300
-0.01115890 0.12471700 0.07091880
0.04288550 0.12531400 0.04181860
0.30988801 -0.02450450 0.16101199
0.22725900 0.02079100 0.03273160
-0.00532171 -0.02961690 0.14022601
-0.38797200 0.04580500 0.14664701
-0.34600601 0.05341390 -0.09927650
0.06586000 -0.03918710 0.09359440
-0.01727010 -0.01507400 0.00938099
0.04727120 0.12412000 -0.09749960
0.02754800 -0.04752970 -0.05425810
0.05865400 0.12443700 -0.08458150
-0.10197400 -0.03315050 -0.02530150
-0.26816499 -0.10077100 0.04932720
-0.43620399 -0.00215313 -0.12139300
-0.37277600 0.05194000 -0.00543148
0.05138190 -0.09877290 -0.14174999
0.16952300 0.00692051 -0.06687670
0.28729701 -0.05572830 -0.15446401
0.24608999 0.00750118 0.05646730
0.31919000 -0.10077100 -0.01786360
0.09510510 -0.09859200 -0.14355101
-0.17939700 -0.04605110 -0.13219200
-0.21590100 -0.04145190 0.02189630
0.27675200 0.04482100 -0.04319940
-0.13903800 -0.10070200 -0.06064000
-0.00281365 -0.02425080 -0.01584910
0.11792500 -0.08237320 -0.10856900
-0.22506000 -0.07888600 0.10681600
-0.30629000 0.04585500 -0.07657510
0.22342500 -0.04525120 -0.00272210
0.03778870 -0.00030960 -0.14022800
0.09011530 -0.10003600 -0.09890770
0.08502880 -0.09991470 0.10588000
-0.10186600 -0.08237320 -0.07831400
0.13786300 -0.03633540 -0.02906300
-0.22708200 0.09403810 0.13269800
0.35615700 -0.02270150 0.16275200
-0.06241500 0.05257700 -0.07480220
0.12275600 -0.10077100 0.03131850
-0.10810800 -0.10077100 0.02370100
0.03433250 0.12421500 -0.09533730
-0.00571610 -0.06709650 0.00874077
0.03491550 0.00384300 -0.14022800
-0.04035380 -0.00251901 0.14086001
-0.23903900 -0.05138010 -0.08223650
0.12818301 -0.07047640 0.15375499
0.19963300 -0.10077100 0.02377320
-0.06192320 -0.01408760 0.08563870
0.09113430 -0.03667930 0.02906200
-0.02103950 -0.08237320 -0.11315000
-0.42702299 -0.07315060 0.06414540
0.03491900 -0.10077100 -0.05363710
0.31768799 -0.10068200 0.06183930
0.16952300 -0.03060670 0.00810297
0.14627400 0.02411980 -0.14022800
0.32972601 0.04080710 -0.14674400
0.03536390 0.12236300 0.09893180
0.33579800 -0.00278400 -0.16275400
0.26563400 0.02791300 0.06813260
0.16952300 0.02025740 0.02664770
0.37205800 0.03790630 0.13729499
-0.09847420 0.12423300 0.09453160
0.27960500 0.04470070 0.07161260
0.24391299 -0.04594360 0.08632000
0.12445500 0.02422880 0.09949710
0.31937200 0.04333510 -0.08951030
0.26891199 0.00750118 0.04479120
-0.03594590 -0.08237320 0.04689510
-0.09423270 -0.08237320 0.07065590
0.05914680 -0.05636090 0.04846520
0.36072400 -0.04048790 -0.11637500
0.11350100 0.09626710 -0.11035900
0.25750700 -0.06240850 -0.14861900
0.39330599 -0.05266540 0.04819880
-0.04035380 0.00990393 0.15848300
-0.01425000 -0.03153390 -0.12406500
