0.06385630 0.07873820 -0.14146601
-0.09113850 -0.21866401 0.00358996
0.12559099 0.05647150 -0.01376430
0.15025900 0.16015901 -0.18787400
0.15753700 -0.30218801 0.15198100
0.17410100 -0.08896650 0.15034100
0.02739580 0.05647150 0.17510600
0.19479200 0.29306301 0.19443800
0.04723900 -0.19639701 0.12886199
-0.17055900 0.02669140 0.19487500
0.22782101 0.37526801 -0.14437100
-0.19487400 0.26999301 0.19394000
-0.15735200 -0.31099299 -0.19663499
-0.18649900 0.16256700 0.19487500
0.19320300 0.37852401 0.06470100
-0.07597470 0.34752801 0.20297000
0.18861400 0.24776401 0.19487500
-0.07174370 0.38090900 0.09528800
-0.14867200 -0.21866401 -0.10872200
-0.18777400 0.06966580 0.06598150
0.16518900 0.16492800 0.15034100
0.01766950 0.05647150 0.04777880
-0.04387040 0.05647150 0.03334680
0.18760499 0.06784280 0.14918700
-0.05088160 -0.21866401 0.12842600
-0.16168000 -0.24848901 0.15034100
0.12392600 -0.21866401 0.04478640
0.13003600 0.38090900 0.16482800
-0.10350900 0.07873820 -0.16823301
0.11390000 -0.21866401 -0.08032430
0.14707799 -0.19797000 -0.09203600
0.18241499 0.16125400 -0.15025900
0.21863499 0.34808201 -0.04347970
0.03091450 0.06063640 -0.18825901
0.17392799 0.36661401 -0.02271640
0.07802640 0.05647150 -0.12177400
-0.19487400 -0.27697501 0.18106300
-0.15034100 0.14682201 -0.15250599
0.03452750 0.05952410 0.18855600
0.06476770 0.38090900 0.17782600
0.15028501 -0.12579100 0.15034100
-0.15146600 0.19426399 -0.19479200
-0.02724300 0.36661401 -0.13737901
-0.15856700 0.04921220 0.19487500
0.15025900 -0.11471200 0.18544400
0.13446601 0.07873820 -0.06672310
-0.17044000 0.14757600 0.15034100
0.16204201 -0.22845300 -0.19479200
0.15570700 -0.32262000 -0.18772800
0.18447700 0.38090900 -0.06136010
-0.16653800 0.18679400 0.15034100
0.07095260 -0.19639701 -0.15874501
-0.15994400 -0.02953870 -0.19479200
-0.08808180 0.05647150 -0.13972101
0.09463130 -0.21866401 0.01555250
-0.13073000 0.05858300 -0.18867800
-0.15321100 0.07278150 0.15034100
-0.04783460 0.05647150 -0.03190540
-0.15034100 0.31889099 -0.15755700
0.04783960 0.36661401 -0.13530600
0.17738700 0.35418999 -0.21746901
0.02177270 -0.19639701 0.11122400
-0.18933600 -0.33940700 -0.16175701
0.14423200 0.38090900 -0.14662901
-0.19487400 0.36617100 0.16829500
0.01778130 0.05647150 0.17192900
-0.19317400 0.02314930 -0.15025900
0.17738800 0.05647150 -0.03685900
-0.08381990 0.36661401 -0.13798700
0.01386960 -0.19639701 -0.00275283
0.19479200 0.35078600 0.10451400
-0.01656780 0.05647150 -0.01724110
0.00640638 0.36661401 -0.09184170
-0.15835500 0.35280100 -0.15025900
0.13540800 -0.19639701 -0.03507340
-0.18849701 -0.34352201 0.20238701
-0.13466699 0.34752801 0.19936401
0.18730301 -0.34785500 0.18379200
-0.11516600 0.05647150 0.15459900
-0.14892501 0.38090900 -0.19724000
0.19472200 -0.32451901 -0.19851001
-0.07219430 -0.19639701 0.04954100
0.21179700 0.38090900 -0.18907000
0.14120100 0.38090900 -0.21263300
0.17699900 0.28726199 -0.19479200
0.18230200 0.08893300 -0.19479200
0.08834680 0.38090900 0.18340500
0.16156200 -0.33940700 -0.16992800
-0.16269100 -0.34384900 -0.20238100
0.17927200 -0.36454600 0.18853500
-0.05291130 0.36661401 -0.17195800
0.11915500 0.38090900 0.04220430
-0.15034100 -0.20835499 0.18090899
-0.18462899 0.05647150 -0.12607799
0.16713600 -0.21866401 0.08149580
0.15025900 0.25202900 -0.16706300
0.17890400 -0.00721845 0.15034100
0.07986380 -0.21600600 0.18864100
0.18763500 -0.20902100 -0.07021180
-0.15085000 0.05647150 0.06980020
-0.15034100 0.16696700 -0.17360000
0.19479200 0.25438100 0.16087700
0.01737120 -0.21866401 0.13530400
0.13615800 0.07873820 0.10870600
-0.03462510 0.05647150 -0.04764830
0.15025900 -0.26181901 -0.18688799
0.10596100 0.38090900 0.16476800
-0.17557800 -0.30540600 -0.19602901
0.18340100 -0.35623699 -0.17522800
-0.12624200 0.07873820 -0.13565700
-0.14013501 0.36661401 -0.14187101
0.15786500 0.34829101 0.21883400
0.11991800 -0.19878399 -0.14847900
-0.19766700 -0.36454499 -0.20275199
-0.19487400 0.12378800 -0.17167200
0.18799400 -0.29646701 -0.17611501
-0.00446057 -0.19639701 0.10507800
-0.02934480 0.38090900 0.05664900
-0.19487400 0.16773400 0.16093700
0.02816360 0.07321150 0.18811500
0.19212100 -0.31375101 -0.15404800
0.18836799 0.07528520 0.00128265
0.17286500 0.05647150 0.08043490
-0.14114100 0.37766999 -0.22902000
-0.19487400 0.06423260 -0.16306999
-0.16268200 0.19371000 0.19487500
0.19479200 -0.21088700 -0.18811899
-0.15034100 0.03411140 0.17709900
0.07480710 0.38090900 -0.04951110
0.12566100 0.05647150 -0.04715910
-0.15134101 0.29142401 -0.19479200
-0.15034100 0.05066190 -0.15182900
0.16145900 0.38090900 -0.09381920
0.03289900 0.36661401 -0.08963630
-0.16023500 0.36661401 0.01591630
-0.02463320 0.38090900 -0.00350796
0.17806201 -0.17925601 -0.15025900
-0.16288400 -0.21866401 0.05093180
0.00054804 0.36661401 0.06466220
0.19884799 0.38090900 0.16931200
0.19037500 -0.36454499 0.18601900
-0.04577440 0.36661401 -0.03065140
0.00844400 0.36661401 -0.06934430
-0.12259500 0.07873820 -0.00404022
-0.19487400 0.03922920 0.18164800
0.07003300 0.07873820 -0.10299100
0.17120200 0.05647150 -0.00364569
0.04931550 0.07873820 0.10645800
0.16670699 0.04765160 -0.15025900
-0.06849300 0.05647150 -0.06338630
0.19479200 0.35773301 -0.16588099
-0.15034100 0.11118400 0.15898199
0.19407400 -0.02431600 -0.15025900
0.18724400 -0.19639701 -0.03078190
-0.12192800 -0.19639701 0.08939750
0.07851510 0.07873820 -0.09256890
-0.15509200 -0.02843080 -0.19479200
0.18898000 -0.21776100 -0.10049300
-0.15034100 -0.14503101 -0.16308001
0.19479200 0.36135700 0.19354101
-0.00116295 0.36661401 -0.04330390
-0.18787800 -0.20400700 0.02374330
-0.19487400 0.09473350 -0.15434800
-0.09184650 -0.21866401 -0.16358900
-0.04471200 -0.19639701 -0.08499560
-0.19487400 0.36555600 -0.11884000
-0.15544000 0.38090900 -0.02470770
-0.05408480 -0.21866401 0.02896000
-0.15034100 0.14282200 0.19288801
-0.19329600 0.36661401 0.17822100
0.21738900 0.36306500 0.15479000
0.18812600 -0.25488999 -0.15025900
0.15025900 0.23293801 0.18952900
0.18745100 0.19903900 -0.19479200
0.19479200 0.21294799 0.17795600
0.11865800 0.36661401 -0.02091800
-0.19627900 0.35196099 0.21819600
-0.15346099 0.38090900 -0.07678640
-0.11973400 0.36661401 0.19386999
0.04651440 0.07162470 0.18792599
-0.01650570 0.38090900 0.15086000
0.17151099 -0.28455999 0.15051900
0.20811400 0.34752801 0.10909700
-0.18320499 0.38090900 -0.19770600
0.18480299 -0.16582300 -0.19479200
0.02907250 0.07873820 0.06867540
-0.18836600 -0.32234699 0.18591100
0.07774900 -0.21866401 -0.03835690
-0.05193400 0.07838370 -0.14946300
0.18765400 0.06962860 0.01807880
0.22765400 0.37514001 0.03132340
0.15950800 -0.21866401 -0.12792800
-0.15034100 -0.16339700 -0.18779500
-0.11121200 -0.21866401 0.01704220
0.22595701 0.37456200 -0.11396200
0.13841000 -0.21866401 -0.01528730
0.13571601 0.38090900 0.06707040
0.02841120 0.07873820 0.13473301
-0.04942450 0.07873820 0.03312240
-0.17919700 0.38090900 -0.17512000
0.21767800 0.36417001 -0.11855700
-0.22841699 0.37955999 0.06293630
0.19866000 0.38090900 0.08986650
0.17448100 0.34752801 0.20908999
-0.18208399 -0.28779700 -0.15521000
0.15886500 -0.31130499 0.19675100
0.19479200 -0.03531090 0.15524399
0.09726850 0.36661401 -0.04073310
0.15025900 -0.03980460 0.18971600
0.16612200 0.05647150 0.09382390
-0.10723000 0.34752801 0.21342701
0.16793300 0.05647150 -0.08972080
-0.15034100 0.07393200 0.16847000
-0.19094799 -0.32234699 0.19416800
-0.10234800 0.38090900 0.12943099
-0.15131500 0.21769001 -0.19479200
-0.18838400 0.38090900 0.09009350
0.22133601 0.37075099 -0.08347280
0.12344900 0.38090900 0.03805740
-0.04897480 0.38090900 0.05041220
0.02104730 -0.21866401 -0.14692400
-0.15034100 0.01456980 -0.15188000
0.18923600 -0.35147700 0.16567500
-0.19487400 0.33036599 0.16324399
0.01205560 0.07873820 -0.09137560
0.04636380 0.06309980 -0.18790200
0.07294110 0.36661401 0.07716080
-0.21449900 0.34752801 -0.16395301
0.19479200 0.31636599 0.19202401
0.07595150 0.38090900 -0.04365440
0.10941800 0.05647150 -0.03700570
-0.18768799 -0.19639701 -0.11721800
0.03423020 -0.21866401 0.08310090
0.17763899 0.36645001 -0.21855401
0.04091970 0.38090900 0.06241560
-0.18871100 -0.19873600 -0.10592800
0.08198100 0.05647150 -0.07742620
-0.18593100 -0.27911901 -0.19119500
0.18382899 -0.10444400 -0.19479200
-0.14381801 0.07873820 0.16865800
0.03054790 0.07873820 -0.01761510
0.05383540 0.36661401 -0.08794470
0.13088900 -0.19639701 -0.15782499
0.12129000 -0.19639701 -0.00603852
0.16353799 0.06741280 -0.19479200
-0.05785020 -0.19639701 0.12951399
-0.17868000 -0.19639701 -0.13667899
0.17792600 -0.17516600 0.19487500
-0.03885520 0.07873820 0.15515999
-0.15034100 0.24180500 -0.15567499
0.05813160 0.07873820 -0.13156600
-0.21962300 0.38090900 0.10213400
-0.12586500 0.38090900 0.04775680
-0.15296100 0.07018500 0.15034100
-0.19487400 0.01354320 -0.17163600
0.21722101 0.35539800 -0.01850820
0.08197010 -0.21866401 -0.00919012
0.15025900 0.00860317 -0.16623300
-0.11863900 0.36661401 0.03011610
-0.19487400 0.27552000 0.15073501
0.15991700 -0.16090401 0.15034100
0.16514000 0.05232800 -0.19479200
0.19479200 0.26815701 0.16245200
0.20996700 -0.37011001 -0.19012900
0.15025900 0.24671300 -0.16177300
-0.09593390 0.05647150 -0.18289800
0.14130700 -0.21866401 0.11015000
0.19120701 0.21886700 -0.15025900
0.18234600 -0.36454600 0.19657700
0.15405200 0.06355760 -0.15025900
0.16364300 -0.22311001 -0.15025900
-0.16184200 0.33361700 0.19487500
-0.03263150 0.07873820 0.12591900
-0.19240201 0.09586410 -0.19479200
0.15025900 -0.04828590 0.15069699
-0.20929299 0.36456999 0.21778201
0.16529100 -0.10946600 -0.15025900
-0.14245200 0.38090900 -0.19812900
0.19479200 0.23034300 0.16378599
0.15721400 0.05647150 -0.00747975
-0.15823300 -0.13170300 0.19487500
0.18259200 0.23672999 0.15034100
0.17062300 -0.21675900 -0.15025900
0.14559500 0.07873820 -0.06016310
-0.12522700 -0.21866401 0.01496830
-0.15034100 -0.20482500 -0.18936600
0.17456500 -0.05963110 0.19487500
0.13455801 -0.19639701 0.02759300
0.17454100 0.28240299 0.15034100
-0.16598700 -0.31224501 -0.19677100
0.18498600 0.38090900 -0.01890640
-0.16667899 -0.21866401 0.10726700
-0.17510401 -0.25430200 0.15034100
0.12438600 0.36661401 0.12890300
0.05916500 0.38090900 0.09088740
0.09743950 -0.19639701 -0.07339320
-0.04668200 0.07873820 -0.09032590
-0.17688300 0.34019101 -0.15025900
-0.18961500 0.34022799 -0.19479200
-0.20168699 0.34752801 -0.13359900
-0.18830800 -0.35824400 -0.20618500
-0.15814400 0.36423999 0.19487500
0.10104000 0.36661401 -0.17022900
-0.18789101 -0.21124600 0.12329700
0.14032400 0.37465000 0.22662200
-0.12223200 -0.21866401 0.12573200
0.00661637 0.06994700 0.18779400
0.19479200 -0.14371599 0.18655200
-0.16004100 -0.32234600 -0.16435200
-0.03814340 0.05647150 -0.01009630
0.17294499 0.07061780 0.15034001
-0.10836200 0.05647150 -0.04692960
0.16834199 0.36661401 0.18775700
0.19479200 -0.12204100 0.15554400
0.22151400 0.38090900 0.00062244
0.19479200 0.27080801 0.18930100
0.18819299 -0.14081401 0.15034100
0.13891700 0.07873820 -0.09445210
-0.19487400 0.14652801 -0.16693000
-0.02687460 -0.21866401 -0.10225100
-0.19507900 -0.28932500 -0.17968699
0.09832830 0.05647150 -0.12179100
-0.15034100 0.05870510 -0.16271000
0.09054210 0.38090900 -0.01159960
-0.05822440 0.07873820 0.15633400
-0.21831700 0.34784099 -0.04456760
0.03926430 0.36661401 0.18161801
0.18306801 0.07873820 -0.04925110
0.00701458 -0.19639701 0.10892800
-0.03016490 0.07873820 -0.17587100
-0.08445410 0.07873820 -0.13293800
0.14950800 -0.21866401 0.08742350
0.21843199 0.36615899 -0.12389800
-0.15313600 -0.29137099 -0.15081100
-0.19151200 -0.01174660 -0.15025900
0.21738800 0.36305901 -0.10828300
-0.20737800 0.34752801 -0.16021600
-0.19487400 0.18430500 0.15705700
0.20491500 0.34752801 0.21084800
-0.04478150 0.36661401 0.03330870
-0.07344230 0.36661401 0.02948240
0.05709270 0.05647150 -0.06296860
-0.19487400 0.29171801 -0.19464999
-0.17942300 -0.21866401 0.01931050
-0.14399000 0.38090900 0.11903000
0.03902190 0.05647150 0.03084540
0.17259100 0.30767399 0.19487500
-0.09532110 0.05647150 0.16981600
0.00533340 0.36661401 -0.18982500
0.07238870 0.36661401 0.03579560
-0.05009900 -0.21866401 0.04535110
0.03498220 0.05647150 0.00779698
-0.07674690 -0.19639701 -0.03676630
0.17630300 -0.00316087 -0.19479200
0.15860499 -0.07852750 -0.15025900
0.00283485 0.38090900 0.18678699
-0.10760900 0.36661401 -0.15744600
-0.18320701 -0.34785500 -0.18738200
-0.05203560 -0.20013000 -0.18833099
0.19127800 -0.27911901 0.18707199
0.13715900 0.05647150 -0.10611500
-0.19487400 -0.09586590 0.15527500
-0.17934000 -0.33090100 -0.19462000
-0.11631400 -0.21866401 0.18531300
0.19479200 -0.20586300 0.17662799
0.00208243 -0.19639701 -0.10290500
-0.15109099 0.34752801 -0.20656000
0.08301020 0.05647150 0.03325000
0.19479200 -0.10467900 -0.16948099
0.18462600 -0.34538901 0.20282701
0.10190200 0.05647150 0.09089230
0.21351500 -0.37992999 -0.18475699
-0.07976830 0.34752801 0.21497899
-0.11356700 0.38090900 0.09879200
0.13205300 0.05647150 -0.14892000
-0.19487400 -0.07244870 -0.17657100
0.10031300 -0.21866401 -0.02175230
-0.07259890 0.05647150 0.11171700
-0.16572700 0.07873820 -0.14029799
0.19006801 -0.37277099 -0.18372200
-0.15034100 0.03893150 0.18122900
0.15043300 -0.19639701 -0.06286550
0.12784199 -0.21866401 0.12015500
0.16526701 0.07873820 -0.13398300
0.19200000 0.36661401 0.00287843
0.16556901 -0.31028900 -0.19655800
-0.15034100 0.00099255 -0.18670601
-0.15034100 -0.13058700 -0.17086799
0.15323900 0.02404180 0.19487500
0.05441690 0.38090900 0.08896600
-0.07576780 0.38090900 -0.10266100
-0.15421200 -0.26273000 0.15034100
-0.20339800 0.38090900 0.16344100
-0.15034100 -0.22217500 0.16951101
-0.00717785 -0.21866401 -0.14977200
0.17545700 0.26004899 -0.19479200
-0.14962900 0.38090900 0.10539100
0.13415800 -0.21866401 0.06588370
0.01812210 0.36661401 -0.04946000
-0.20415799 0.38090900 0.15927000
0.17009400 0.34357601 0.15034100
0.15025900 0.29238001 0.18988900
0.16420700 0.38090900 0.02671120
0.17803299 0.07873820 0.03164010
-0.02483240 0.07873820 -0.16283800
0.01126960 -0.21866401 0.08444130
-0.15034100 0.00537015 0.16407000
0.16707800 0.36280501 0.19487500
-0.16067401 0.15204300 -0.15025900
0.18323100 -0.35959199 0.20667399
-0.09222530 -0.19639701 0.09982510
-0.17952700 -0.19639701 0.09361660
-0.21798900 0.36510801 -0.18469900
0.13679899 0.36661401 0.17598601
-0.15203799 0.18556300 -0.15025900
0.17683899 -0.06356850 0.15034100
-0.18165100 -0.36454600 -0.18243200
0.15025900 -0.21100301 0.19360401
0.15046801 0.38065001 -0.22703600
0.06573380 -0.20973299 0.18778400
-0.15034100 0.34769499 0.18012400
0.15158500 -0.29977700 0.18628100
-0.16127200 0.24743800 -0.15025900
0.18983600 0.02823630 0.19487500
0.15025900 0.20202699 0.17195299
0.19341999 -0.34785500 0.19148999
0.01492460 0.07873820 -0.11981400
-0.01191430 -0.19645000 0.14715900
-0.16410400 -0.19639701 -0.04064240
-0.09763580 0.07873820 -0.05515240
0.13088401 -0.19639701 -0.13861400
0.15427700 -0.31588101 0.16144501
0.16004799 0.07873820 0.14834300
-0.19178900 -0.00957073 -0.15025900
0.02610580 -0.21866401 -0.12973399
0.15041099 -0.28380901 0.16301300
0.15216500 0.21459600 -0.15025900
-0.02358870 0.05647150 0.05862340
0.19108400 -0.38090900 -0.19168700
0.07489520 -0.21866401 -0.07962270
0.10572800 0.36661401 -0.03502070
0.08329900 0.36661401 0.12821200
0.15025900 0.29651099 0.18479200
0.13216101 -0.21866401 -0.07374860
0.16212800 -0.21866401 0.01896890
0.16148099 0.07873820 -0.09621500
-0.10267300 -0.19639701 -0.11541500
-0.08390310 0.38090900 -0.20833001
0.08234240 -0.21866401 -0.15292799
0.15025900 -0.10338800 0.18385200
-0.10702300 0.38090900 0.11754400
0.09967690 0.05647150 0.10744500
0.16093200 0.05647150 0.02933100
-0.10111100 0.38090900 -0.12475100
-0.00230122 0.34752801 0.20117900
0.16099501 0.17530300 0.19487500
-0.17216700 0.35819399 0.19487500
-0.17074300 0.07815770 -0.15025900
-0.16060200 0.16339099 0.15034100
-0.07040610 0.07873820 0.18885900
0.04555860 0.38020200 -0.19403800
0.01493400 0.07679540 0.14954600
-0.15639400 0.05647150 -0.07025810
-0.16301900 0.15731899 -0.19479200
0.20429599 0.34752801 0.01846670
0.21930000 0.36787900 0.06578650
-0.13300700 0.07873820 0.12319300
-0.02929940 -0.19639701 -0.00191462
-0.06982350 0.05647150 -0.02368120
-0.11816600 0.38090900 -0.09438590
-0.14209400 0.36661401 -0.03528640
0.08444250 0.38090900 0.08478850
0.07503050 -0.21866401 -0.09670020
0.15234700 0.36661401 -0.18834400
0.06901880 0.05647150 0.17961900
0.08130830 0.07817140 0.18915600
0.17397700 -0.36803401 -0.19820000
0.15347500 0.07873820 -0.09184520
-0.15645500 0.11889300 -0.15025900
0.16001400 -0.20140500 0.15034100
0.18361400 0.07873820 0.03099040
0.02577790 -0.19639701 -0.05297530
0.09851670 0.05647150 -0.15915599
-0.19487400 -0.19960199 -0.17370200
0.19479200 -0.23366600 0.18768901
-0.18601900 -0.27911901 -0.17569000
-0.03037430 0.05647150 -0.17281801
-0.15930000 0.28042001 0.15034100
0.06161360 0.36661401 -0.13375799
-0.10458200 0.07873820 -0.18446399
0.07506080 -0.21866401 0.10928700
0.17447600 0.28536901 -0.15025900
-0.06150340 0.07873820 -0.10426100
0.09885380 -0.19639701 -0.15007301
0.12075700 0.38090900 0.12227000
-0.15034100 0.02201220 0.15150800
-0.15173499 -0.30032900 0.19180900
0.18298200 -0.06870100 0.19487500
0.15015399 0.07873820 -0.10623500
0.15025900 -0.07796810 -0.18834700
-0.15045200 0.05647150 0.04058310
-0.19487400 0.15916200 0.15856300
-0.15727501 0.36661401 -0.15932199
0.19479200 0.05071870 0.19073001
0.15178099 -0.12787899 0.19487500
-0.08862760 0.38090900 0.07450600
-0.15034100 -0.22852901 -0.17280500
-0.12337200 0.05647150 -0.02465230
-0.17624700 -0.30512199 0.18851399
-0.19487400 -0.05361150 0.17455199
-0.17711700 -0.31375101 -0.19556500
0.16606399 0.38090900 -0.16427299
-0.19487400 -0.19711600 0.18920299
-0.06443150 0.07873820 0.10091300
0.05137520 0.38090900 -0.08619260
0.00502022 0.34752801 0.21152601
-0.03173050 0.07873820 0.04738090
0.18798301 0.07302130 0.09188580
-0.19487400 -0.09724550 0.15418699
-0.20846599 -0.36742499 0.20914300
-0.16647100 -0.35323399 0.20456301
0.03141390 -0.19639701 -0.05911990
0.18386599 -0.28779700 -0.16798800
-0.17224100 -0.36454600 -0.20460901
0.17241000 0.20650700 0.15034100
0.11796700 0.36661401 0.13593601
0.15025900 -0.01757440 0.18596900
-0.13962200 0.38090900 -0.02346200
0.18932299 -0.36454600 0.18983001
0.14339700 0.07873820 0.13162200
0.04504720 0.36661401 0.13693400
-0.04489800 0.36904001 0.21999800
0.03973480 -0.21866401 0.05563300
-0.15034100 0.01873320 -0.15709700
-0.17023800 -0.08801650 0.19487500
0.11879300 -0.19639701 0.12226200
-0.15547000 0.38090900 0.18865700
0.15064000 0.07873820 -0.02793380
0.05107640 0.36661401 -0.16767099
-0.19487400 -0.12092200 -0.19142300
0.19479200 0.18104701 0.16604100
0.15025900 -0.03237290 0.16216899
0.01817160 0.36661401 -0.16285899
0.19479200 -0.23541699 -0.18476200
0.09785330 -0.21866401 0.04602120
0.17401500 0.30752099 0.19487500
0.17900901 0.07873820 -0.02699590
0.19231400 0.18439600 0.19487500
0.19501001 -0.36454499 0.17242000
-0.10894700 0.37405500 0.22512899
0.04466270 0.05647150 0.11513500
-0.17540500 0.05647150 -0.05366570
0.13312501 0.38090900 0.17814399
-0.12721799 -0.19639701 0.13835800
-0.15852000 -0.15288900 0.19487500
-0.05648020 0.07464950 0.18835400
0.05280840 0.38090900 0.01354090
-0.19487400 0.36079499 0.18820800
0.04044010 0.07873820 0.08404730
-0.18120199 0.05270160 -0.19479200
0.02687880 -0.21866401 0.17904501
0.15363801 -0.28779700 0.19481701
-0.12535700 -0.21866401 -0.00416082
-0.19468699 -0.21965800 -0.15025900
-0.15830800 -0.33171701 0.17732801
-0.12953900 0.38090900 -0.08830620
0.04675690 -0.21866401 -0.13479200
-0.04128520 0.36661401 -0.11667800
0.00406711 -0.21866401 0.00967368
-0.16247800 -0.19639701 -0.05834330
0.18760000 -0.20748900 0.11682400
0.19422400 0.18526800 -0.19479200
-0.02230700 -0.19639701 -0.09140270
-0.12514800 -0.21866401 -0.12135700
0.07866570 0.37852401 0.19195201
0.14427100 0.38090900 -0.16797900
0.19479200 -0.19219100 -0.18394400
0.18761000 0.06806680 -0.04738790
0.08479800 0.07873820 0.05203400
0.19479200 -0.09078990 0.18247201
0.07622500 -0.19639701 -0.07383800
-0.18775199 0.06609410 0.11160100
0.15038800 -0.21669500 -0.19479200
0.18148300 -0.06245110 -0.19479200
-0.15722001 -0.03609010 0.19487500
0.16473401 -0.27911901 -0.19201100
-0.19458500 -0.19909599 -0.15025900
-0.18802799 0.06272420 -0.01073790
-0.15034100 -0.13577600 0.17574900
0.11384600 0.38090900 0.13036700
0.15193200 -0.10783400 -0.15025900
-0.17966400 -0.28779700 0.17266500
0.11834300 0.38090900 0.17008699
0.14082401 0.38090900 0.03838320
0.20078000 0.34752801 0.06124290
-0.09033670 0.38090900 -0.22309899
0.02981990 0.05647150 -0.06436650
0.18811899 -0.19639701 0.12924300
-0.13720900 0.38090900 -0.06047320
-0.07331640 0.05647150 0.12833700
-0.15570000 0.01574850 -0.15025900
0.10690700 -0.21866401 -0.17737000
0.19479200 0.28132901 0.15253501
0.01606490 0.07873820 0.04986950
0.16827700 -0.34785500 0.18523499
0.09901150 0.36661401 -0.19180501
-0.19190100 0.36661401 -0.17989799
0.07396500 0.07873820 0.16729701
-0.20353401 0.34752801 -0.06176880
-0.15034100 -0.08378320 0.16419600
0.19193199 0.35323000 0.19487500
-0.10548300 0.38090900 0.13921000
-0.10386400 0.07873820 -0.07891280
0.12703100 -0.21866401 0.11208400
0.08592430 0.07873820 0.16036400
0.04211770 0.35987300 0.21689600
0.05557250 -0.19639701 0.07564020
-0.11223900 0.36661401 0.03844390
-0.15034100 -0.17240700 0.15326400
-0.08268450 0.36661401 -0.06524100
0.00469373 -0.19639701 -0.15622000
-0.19487400 -0.25539601 0.17666000
-0.19595200 0.38090900 -0.19787800
-0.11678200 0.05647150 0.04834040
-0.15384100 0.36661401 0.16334800
-0.14385401 -0.19639701 0.04370270
-0.07561500 0.36661401 -0.04522700
-0.19487400 0.31536400 -0.18135799
-0.08478250 -0.19639701 -0.13616499
0.15209900 -0.07564090 0.19487500
-0.05698750 -0.21866401 0.08316230
0.12140800 -0.19639701 0.08303820
-0.19487400 -0.22173600 0.15407500
-0.18633001 0.36661401 -0.18063501
-0.19487400 0.02903570 0.19152100
-0.21688201 0.35901701 0.05430030
0.15602300 -0.20303300 -0.15025900
0.18339500 0.36661401 0.03362610
0.07932500 -0.21866401 -0.17754699
0.18796800 0.36661401 -0.17574400
-0.16222399 -0.12837800 -0.15025900
-0.11614500 0.36661401 -0.04238190
-0.12517899 -0.19639701 0.07449680
-0.17081000 -0.20237701 0.15034100
-0.02283310 0.38090900 -0.13689700
0.03582190 0.34897399 -0.19479200
-0.16486301 0.12420800 -0.15025900
-0.08392130 0.05647150 -0.03494010
-0.11808100 0.38090900 0.22234800
0.15925400 0.31965801 -0.15025900
0.20710000 0.37215599 0.22270501
-0.16543600 0.12831999 0.15034100
0.16838600 -0.33940700 0.17716400
-0.11117000 -0.19639701 0.10436500
-0.04769040 0.05647150 0.07180560
0.17140000 0.06480400 -0.15025900
0.05814990 -0.21866401 -0.05869500
-0.08930720 -0.21866401 0.13868500
-0.15034100 -0.24781699 0.16008399
-0.18405400 0.07873820 0.08237180
0.16164599 0.38090900 -0.01208250
-0.06577010 0.38090900 -0.04984360
0.19546001 -0.29816800 -0.17146000
-0.16875499 -0.19845200 -0.19479200
-0.10188400 0.07873820 0.00882913
0.19178000 0.32945800 -0.19479200
0.22214700 0.38090900 -0.18662800
-0.21737599 0.34752801 0.13015600
-0.18459199 0.07873820 -0.02583200
0.06387340 0.07873820 -0.09567290
-0.18833600 -0.20059299 0.03070730
0.08115600 0.34752801 0.19948100
0.06566610 -0.19639701 0.10071600
-0.20606200 -0.37277201 -0.20317200
-0.15722400 0.23267600 -0.19479200
0.12875199 0.07873820 0.00517034
0.18575500 -0.33090100 0.18820100
0.19505499 -0.29057500 -0.16491701
-0.15759900 0.20815200 0.15034100
0.04461050 -0.21355499 0.18818399
-0.03282600 0.36661401 0.05344390
-0.17255700 0.06936510 0.15034100
-0.19487400 -0.02749470 0.19406600
-0.12061800 -0.21866401 0.06780410
0.19479200 0.06019420 -0.17060199
0.19479200 0.26572800 0.19437400
-0.09032660 0.07873820 0.07498510
-0.04796540 -0.19639701 -0.15122800
-0.19487400 -0.06158820 0.17290600
-0.19891100 0.38090900 -0.02454130
0.01040610 -0.19639701 0.01808680
-0.14875300 0.36661401 0.04162160
0.02077440 0.05647150 0.00008807
0.07157690 -0.21866401 -0.15153600
0.20118700 0.34752801 0.15756699
-0.18342300 -0.06511830 -0.15025900
0.18829700 0.07492810 -0.09694090
-0.15936300 0.05647150 -0.02791890
0.15025900 -0.10611600 0.17971399
-0.11927100 0.38090900 0.12223100
0.18249500 -0.35623699 -0.20205100
0.04184120 -0.21866401 0.15143900
0.15025900 0.18503000 -0.15228000
-0.16311400 -0.17891800 0.19487500
-0.17711700 -0.01546190 0.19487500
0.17844200 -0.09696060 -0.19479200
-0.07489380 -0.21866401 -0.12275300
-0.18573500 0.31096101 -0.15025900
-0.15034100 0.04619970 -0.15097800
-0.18857700 -0.07723760 0.19487500
0.17115700 -0.35623699 0.20017800
0.15025900 -0.03704780 -0.15900800
-0.15034100 0.06163520 -0.17262299
0.19479200 -0.26842701 -0.15704300
0.16534200 0.36661401 -0.05256110
-0.19487400 -0.15816399 0.15419000
0.19785500 0.34752801 -0.05650010
0.18176600 -0.03915760 -0.15025900
0.06937920 0.05647150 0.03489260
0.15025900 -0.21597800 0.18362200
0.19479200 -0.10486200 -0.16502900
-0.07203890 -0.19639701 -0.02354280
0.19479200 0.02163730 0.16938999
-0.02950910 0.38090900 0.14669999
0.17484300 -0.21866401 -0.00500708
-0.15197501 -0.21866401 -0.02794670
-0.02585640 -0.19639701 -0.00759233
-0.19626699 -0.30685100 0.17360400
0.19400799 -0.36454499 -0.19642299
0.18285900 0.38090900 0.02987110
-0.05848860 0.07873820 0.15244900
-0.19487400 0.33904999 -0.17848600
0.17561400 -0.33735701 -0.20091900
0.20195501 -0.38090900 -0.19590700
0.14407399 0.38090900 0.05835300
-0.02111960 0.36661401 0.04464010
-0.05969130 0.36661401 -0.16488799
-0.16516900 0.07849980 0.15034100
0.05907610 0.36661401 0.00677072
0.18734500 0.36640900 -0.19479200
0.08850470 0.38090900 -0.09564250
0.09231840 0.38090900 0.21628501
-0.21949400 0.36820200 0.16928799
0.16189700 0.04466800 0.19487500
-0.07729570 0.05647150 0.06354000
0.16907400 -0.19639701 0.12537600
0.18349500 0.36661401 -0.11569200
-0.19403800 0.38016400 -0.08268720
0.04692180 0.36661401 -0.01789750
0.14633600 0.36661401 -0.04276440
-0.16087200 -0.30512199 -0.17060301
0.07779600 0.07873820 0.03574360
-0.02959820 0.38090900 -0.16589600
0.03960990 -0.21866401 -0.07163920
0.17032100 -0.34275699 0.16211499
0.19479200 0.12163900 -0.17085899
-0.15772501 0.09668450 0.15034100
-0.22898400 0.37739101 0.14942101
0.19896799 0.38090900 0.16161500
-0.05796510 -0.21866401 -0.01798640
0.19885200 -0.32651001 0.19014700
0.16481499 -0.30512199 -0.15868799
0.09848950 0.36661401 -0.00235970
-0.17518100 -0.05949070 -0.15025900
-0.19293000 -0.35623601 0.19114999
0.04289500 0.36661401 -0.05673930
-0.09786500 0.37070799 0.22129899
-0.19299100 -0.36454499 -0.19530401
-0.06396050 0.05647150 -0.00409348
-0.06066080 0.05647150 0.16078199
-0.00377336 0.36661401 -0.06402460
-0.18466499 0.38090900 -0.12801200
-0.22533800 0.38090900 0.16955601
0.16403100 0.17058900 0.15034100
0.19479200 -0.05839680 0.16906600
0.06038170 0.36661401 -0.02549900
0.19679700 -0.31247601 -0.17189300
-0.11142400 0.05647150 -0.03246850
-0.15034100 -0.18137001 0.19467001
0.07949720 0.05647150 -0.07161620
0.15025900 0.32152599 -0.18877999
-0.17141700 -0.30512199 0.15885100
-0.16804500 0.05647150 0.05401250
-0.16917700 -0.22998799 -0.19479200
-0.08769180 0.36661401 0.12772100
0.06364910 0.05647150 0.03830710
-0.03893260 0.05647150 0.14967300
-0.19165200 0.37863001 0.01513020
0.15134400 0.36315501 0.19487500
-0.19430900 0.36661401 -0.07015510
0.14946400 -0.19710299 0.04274580
0.15025900 0.10705300 -0.17840700
-0.03829670 0.38090900 -0.16472600
0.17213100 0.17381200 0.19487500
0.07607840 -0.19639701 -0.16710800
-0.08754480 0.06809480 -0.18764700
-0.03493110 -0.21866401 -0.03615940
0.03187510 0.36661401 -0.01325740
0.10484400 -0.21866401 -0.13737699
0.14670700 0.38090900 0.14928500
-0.17435101 0.25016499 0.15034100
-0.18641300 0.38090900 0.08022360
-0.15034100 -0.18805300 0.19454999
-0.22599800 0.37456799 0.08211150
0.10712700 0.07491130 0.18839701
0.19344699 0.35753599 -0.19479200
0.05057630 0.07873820 0.00253094
-0.19487400 -0.13215099 -0.15233500
-0.08685560 -0.21866401 -0.06784720
0.02575970 0.07873820 0.13364001
-0.13539200 -0.19639701 0.02908720
-0.19487400 -0.25766301 0.19312701
0.15849601 -0.21866401 -0.05763750
-0.19915900 0.37634599 0.22868800
0.15509599 0.02211450 -0.15025900
-0.12944201 0.05647150 -0.18071100
0.09200340 0.07873820 0.18393700
-0.18896100 0.38090900 -0.00819212
0.19186200 0.25761101 0.15034100
-0.04425260 -0.19639701 -0.08285980
0.19479200 -0.16334100 0.18111800
-0.01840450 0.38090900 -0.01571450
-0.19403800 0.38033500 -0.07821840
-0.17786200 0.36661401 -0.16109499
-0.17994399 -0.33940700 0.16815200
-0.13283999 -0.19639701 0.07025530
-0.02997020 0.05647150 -0.16442500
-0.03762630 0.07873820 -0.03845300
0.16041300 0.01866790 -0.15025900
0.01923770 -0.19639701 0.08662280
0.19479200 0.13183600 -0.18545300
0.18767001 0.06984150 0.01787040
-0.15592600 0.34556401 0.19487500
0.12085600 -0.19981200 -0.18839601
-0.18660600 0.07097830 0.19487500
-0.19487400 0.25257999 0.18547501
0.15934400 0.28258899 -0.15025900
0.15117601 0.04616580 0.15034100
0.19300801 -0.35623601 0.18249400
-0.19246000 -0.08145230 0.15034100
0.15366700 0.38090900 0.05220470
0.08550420 0.05647150 -0.08442900
-0.15034100 0.33122599 0.18054201
-0.00898774 -0.21866401 0.15779600
-0.19603799 -0.30459100 -0.18660800
-0.19487400 0.36503199 -0.17512000
-0.17445900 0.19606701 0.19487500
-0.01304470 0.38090900 -0.11367200
-0.02382630 -0.19639701 0.00417423
0.18770500 -0.20481101 -0.09723220
0.21899800 0.34851500 -0.09553680
0.02851660 -0.21866401 0.00344383
-0.10144400 0.37867701 -0.19165200
0.13244000 0.05647150 -0.13838500
-0.01146110 0.38090900 -0.05392250
-0.15394799 0.34130099 0.19487500
0.10886000 -0.19639701 -0.07264740
0.21067400 0.34752801 -0.21620800
0.16003700 -0.29646701 0.19113100
-0.18196300 0.06559020 -0.15025900
0.05495050 -0.19756299 -0.14707799
-0.18905500 0.16065100 -0.15025900
-0.19487400 -0.11298500 0.18700799
0.09775870 0.36661401 0.17610100
-0.17652901 0.07873820 0.06955930
-0.17830101 -0.08808620 0.19487500
-0.00916812 0.38090900 0.04316960
-0.19487400 0.11176100 -0.19205700
-0.19487400 -0.21792801 0.18535000
0.21946400 0.38090900 -0.11936100
0.06836290 -0.19639701 0.01288930
-0.03706910 0.05647150 -0.06309660
-0.13428500 0.36661401 0.15241900
-0.16812700 0.36661401 0.19396600
0.15025900 0.32727301 -0.18632300
-0.11723400 -0.21866401 0.18295400
-0.13184801 0.36661401 -0.08762150
-0.17647700 0.05647150 0.08582900
0.15025900 0.34469199 -0.16113600
0.10708400 -0.19639701 0.01183270
-0.19165200 0.37922600 0.07700060
0.18172300 0.05647150 0.09911200
-0.04580340 0.36052501 -0.19479200
0.07002240 -0.19639701 0.04848190
-0.15582800 0.12083400 -0.15025900
-0.15748200 0.06974950 -0.19479200
0.14004099 0.05647150 0.00123487
-0.19338000 -0.26984099 0.19487500
-0.17764100 -0.34725901 0.20326699
-0.20613299 0.38090900 0.02732990
-0.11316000 -0.21866401 -0.11695500
-0.03504380 -0.19639701 0.17869700
0.15525900 0.27114299 -0.15025900
-0.13287200 0.38090900 0.11117000
-0.19487400 0.34797001 0.11538200
0.18368900 0.17658700 0.19487500
-0.12207400 -0.20924500 -0.18767600
-0.15316300 0.07873820 -0.04672200
-0.10214100 -0.19639701 0.05646720
0.07388410 0.36661401 0.15091600
-0.04461630 0.05647150 0.16610900
0.12702499 -0.21866401 0.01893200
-0.15034100 0.33901501 0.15896900
0.16489001 -0.20433900 -0.19479200
-0.13322000 0.05647150 0.02760910
0.14707799 0.07741640 -0.00620665
0.02390650 0.38090900 0.14176700
-0.13902800 0.05647150 -0.06685080
-0.08359600 0.35569999 0.19487500
-0.15528201 -0.10672100 0.19487500
0.22662900 0.38080701 0.05892750
-0.20771600 -0.36454499 -0.20326500
0.18492700 0.36661401 0.08596620
-0.13674000 0.07873820 -0.12949499
-0.16197599 0.07873820 0.07303660
0.21246099 0.38090900 -0.14599399
0.14707799 -0.19851500 0.10170000
0.02327470 0.07873820 -0.13634899
0.02424860 -0.21866401 -0.11197000
-0.19487400 0.28024399 0.18624701
-0.15048300 0.29484299 0.15034100
-0.21001500 0.38090900 0.02609470
-0.04124350 0.07862590 0.14954600
0.18868700 -0.21664800 0.06620160
0.11867200 0.05647150 0.01511000
-0.13654900 0.38090900 -0.03318280
-0.17396900 -0.27911901 0.15477601
-0.18084601 0.05647150 -0.01412420
-0.19412200 0.04432440 -0.15025900
0.15025900 0.10429300 -0.17109600
0.15176600 0.34808901 0.21864299
-0.07517020 0.38090900 0.14414600
-0.20304900 -0.35314700 -0.20475100
0.16865200 -0.33940700 0.19742300
-0.19487400 0.34986401 0.11418000
-0.15448301 0.28344700 0.15034100
-0.22204800 0.37154999 -0.20366700
-0.21560401 0.38090900 -0.01926720
-0.18954200 0.25382000 -0.15025900
0.13679300 -0.21866401 -0.18252499
-0.05486850 0.36661401 0.15755600
0.07587090 0.05647150 0.16527601
0.02572490 0.05647150 0.05396310
0.03750040 0.38090900 -0.19614300
0.15025900 0.09176710 -0.18573201
0.13558599 -0.19639701 0.00113094
0.09302240 0.38090900 0.18368900
0.00526628 0.38090900 0.03528490
0.15421100 0.03069670 -0.15025900
0.17109300 0.17922799 0.19487500
-0.16545001 -0.34785500 0.19114400
-0.19095300 0.34752801 0.21095900
-0.22828600 0.37973100 0.03648290
-0.05507970 0.07873820 0.00774388
-0.16078100 -0.32332999 0.19838899
0.15393400 -0.19639701 -0.00706594
-0.19487400 0.16612799 0.16389699
0.00042752 0.38090900 -0.18590599
-0.22901200 0.37784699 -0.01184790
0.06764190 0.05647150 -0.07627810
0.15775600 -0.04317120 -0.19479200
0.16053000 0.07873820 0.10233300
0.15025900 0.25076801 0.17233001
0.15025900 0.03277540 -0.15775000
-0.17498000 -0.36454600 -0.19795001
0.02144340 0.38090900 -0.09437890
0.19479200 0.14749500 -0.17915501
0.19479200 0.18360400 -0.17235400
0.09647850 -0.19639701 0.12066600
-0.17227800 -0.34785500 0.18730301
0.15025900 -0.21582200 -0.18772300
-0.15182599 0.36661401 0.15183499
0.18461099 0.35219899 0.19487500
-0.02782950 0.38090900 -0.01254190
-0.09268740 0.05647150 -0.12935300
-0.08980590 -0.19639701 -0.11942200
-0.10777300 0.07873820 -0.05530490
-0.03116890 0.07873820 0.08088320
-0.16220300 -0.28432199 -0.19487301
0.15957800 -0.19639701 -0.06751790
0.19479200 -0.18789300 0.16790099
-0.18745400 0.08636350 -0.19479200
0.08578940 -0.19639701 0.11082000
0.19479200 0.24028701 -0.17578401
0.02852230 0.38090900 -0.01783300
-0.05621160 0.05647150 0.14796500
0.19479200 0.05640920 0.17462800
-0.04972420 0.05647150 -0.11500500
0.17385700 0.36661401 -0.04118370
0.15931900 0.17293800 -0.15025900
0.15029299 0.05647150 -0.13737200
-0.10655600 0.38090900 -0.16552600
0.12959500 -0.21702000 -0.18878800
0.19522201 -0.38090900 -0.18799300
-0.09893960 0.07873820 0.10129500
0.19479200 0.01974840 0.15841900
0.18395101 0.27621499 -0.19479200
-0.15190600 0.04872650 0.19487500
-0.09667090 0.36661401 0.02128280
0.19479200 0.16181500 0.19449501
0.17847000 0.18477499 0.19487500
-0.14838900 -0.20055901 -0.18825901
-0.10013600 -0.19639701 -0.15299299
0.22369801 0.38090900 -0.16773200
0.10815400 0.05647150 -0.07279090
0.19479200 -0.25894701 -0.17008300
0.15036701 -0.28244099 0.16999701
0.15025900 0.06130450 -0.16692600
0.21855199 0.34801000 -0.04113450
-0.04215520 0.36661401 0.05758490
0.19988300 -0.33226699 -0.16807400
0.21397600 0.34752801 -0.11180200
-0.04299950 0.05647150 0.11880600
0.15095100 0.36751100 0.21907800
0.11797400 0.38090900 -0.06725360
-0.17441100 0.38090900 0.03700750
-0.21165401 0.38090900 -0.20685300
0.16803800 -0.28779700 0.18333700
-0.08818140 -0.19639701 -0.15316001
0.16928400 -0.34785500 -0.16510300
0.22427900 0.38090900 0.08208150
-0.02610980 -0.21866401 -0.08971510
0.19479200 -0.04489610 0.17196301
0.15025900 -0.25712001 -0.15110099
