0.05633090 -0.02413320 -0.07245560
-0.00390280 0.09321540 0.01737520
0.01367370 -0.08909040 0.05669300
0.27852201 -0.13388300 -0.01604350
-0.00898592 0.09068850 0.03957790
0.03444060 -0.12583201 0.02437550
0.15130900 -0.02413320 0.09799310
-0.08044250 0.05721920 0.02203490
-0.20159000 -0.02413320 -0.04365110
-0.04153280 0.00517780 0.00989726
-0.02598510 0.07577520 -0.03387300
-0.08044250 -0.01974290 0.03082500
0.04573180 0.04518850 0.03099780
-0.04884150 -0.00797313 0.07379040
-0.03721680 0.06561790 -0.04836460
0.40438601 -0.03661640 0.01669400
-0.29911700 0.02144730 0.01487280
-0.01865910 -0.02134340 -0.05811030
0.29518601 -0.03391030 0.05899480
-0.09582400 -0.00700377 -0.05588360
-0.05496980 -0.14156801 0.01103810
0.06400690 -0.01071400 -0.02281900
0.03355390 -0.02413320 -0.07697250
-0.15017299 -0.04602740 0.08358520
0.00885498 -0.14283800 0.01001100
-0.07481190 -0.13445500 0.01606050
0.24567100 -0.10616100 -0.03313420
-0.24189900 -0.02413320 -0.04218890
0.02040150 0.01556020 0.01231230
0.30928299 0.01988830 -0.02962720
-0.03322530 -0.02413320 -0.00478388
-0.25628501 -0.03740290 0.06814570
0.13755400 -0.07711890 -0.06368080
-0.04559290 0.04761060 -0.03387300
0.08777290 -0.02413320 -0.07200250
0.17696100 -0.04529770 -0.08261220
0.07036480 -0.02413320 0.10781000
0.07073410 0.01613890 0.02687400
0.24050701 -0.04656290 -0.07123350
-0.08044250 -0.00778414 0.00967521
0.20792501 -0.06366030 -0.06323930
-0.03245960 0.00517780 -0.05122100
0.11439700 0.02548990 0.01265590
0.04474100 0.01009390 -0.02295920
-0.07931050 0.00509943 -0.06260700
0.02040150 0.04415840 -0.01460110
0.30990601 0.01777300 0.01243670
-0.30763999 0.02395520 -0.00480457
-0.18115100 -0.02413320 -0.03589480
0.00683159 -0.05061150 0.09054570
0.38620800 -0.02413320 -0.00783592
0.02175920 -0.10656800 -0.04662800
-0.02401790 0.00171374 0.05647980
-0.10122500 -0.06926770 -0.07281200
-0.22078900 -0.11438500 -0.03187720
0.26538301 -0.02413320 -0.04429960
0.01564030 -0.00125410 -0.02869160
-0.05469430 -0.04059560 -0.09852760
-0.06930950 -0.01295200 0.04703230
0.05008870 0.04697680 0.01147210
-0.03154570 0.05823260 -0.04209380
0.18545400 -0.00357906 0.01011280
0.41417801 -0.03539890 -0.02001870
-0.10152600 -0.11057400 0.03365660
0.13557200 -0.02413320 0.03524810
0.37983000 -0.10123000 -0.00459023
-0.37698701 -0.01956740 -0.01718460
-0.20731500 -0.12496800 0.01704420
-0.07917610 0.00517780 -0.03504870
-0.42363000 -0.05228310 -0.00772286
-0.01439780 0.04829990 0.03957790
-0.06602610 -0.01944550 -0.04895320
0.21518700 -0.02413320 -0.06630370
-0.09257200 -0.15903400 -0.00382898
-0.32486001 -0.06943140 0.02684650
0.08232760 0.01479400 0.00745115
0.11916400 0.02548990 -0.01458900
-0.22365400 -0.09483160 -0.04364480
-0.28627700 -0.02808700 -0.06980280
-0.25161099 -0.02413320 0.00239541
-0.08560550 -0.01808350 0.04703230
0.06955620 -0.01510220 0.10901200
0.12680499 -0.15553500 -0.00112209
-0.20929700 -0.00494184 -0.03414070
0.05043070 0.04051490 0.02384430
0.24004699 -0.02413320 0.04735530
-0.02515200 -0.12563600 -0.03132390
0.31028700 -0.10799000 -0.02706780
0.05616540 -0.01757510 -0.02452940
-0.38708401 -0.08077070 -0.01094720
0.01513340 0.00071428 -0.09226530
-0.06161330 -0.02320790 -0.10253100
-0.24849799 -0.04453580 -0.07024670
-0.37481001 -0.02297330 -0.00333945
-0.22075000 -0.13644600 0.00676253
-0.27952600 -0.08308380 -0.03860870
-0.06584660 -0.00095630 -0.07710330
-0.35122401 -0.06445760 0.02056840
-0.06111420 -0.01097390 0.08173230
-0.23898500 -0.01956000 0.07110080
-0.37010100 -0.06464610 -0.02632270
0.18519400 -0.07427750 0.05371620
-0.09311030 0.06143730 0.05126030
0.28461701 -0.06671090 0.04023560
-0.14991499 -0.09955420 0.04043520
-0.35121599 -0.12802200 -0.00499442
0.35872000 -0.02290900 -0.04696350
-0.25549200 -0.02413320 -0.05866890
0.01397240 -0.01367990 -0.04373310
-0.03328180 -0.04924540 0.09062570
-0.03002420 -0.02413320 -0.10712800
-0.32987201 -0.01042780 -0.00465523
0.18646599 -0.06956600 0.05732250
0.23415101 -0.09100770 -0.04567450
0.08222800 0.00962288 -0.00057920
0.17372701 -0.02413320 -0.07827280
0.24040300 -0.08340720 0.03831690
-0.04703040 -0.02263630 0.03957790
-0.08044250 0.07242200 -0.01383320
0.08471610 -0.02413320 0.06278330
0.15035500 -0.12840800 0.01659530
0.18531200 -0.02413320 -0.06473510
0.08643610 -0.03730510 -0.09966210
-0.18058500 -0.13204300 -0.02125000
0.11048700 -0.04429260 -0.09134910
-0.02401790 -0.01102100 -0.00485664
0.30595800 -0.02413320 -0.01116140
-0.18090500 -0.02413320 0.05700730
0.32554799 -0.03849210 -0.05354470
0.10121800 -0.02413320 -0.04890430
0.12036700 -0.15248699 0.00123519
-0.06808630 0.09309060 0.03957790
0.26417199 -0.06043360 -0.05608710
0.22300699 -0.00603174 -0.01129550
0.04844300 -0.04583070 -0.09455100
0.15041800 -0.02413320 0.07083010
0.10782300 -0.15323000 -0.00925383
-0.24317300 -0.01426900 -0.02088340
0.14159200 -0.02413320 -0.05661900
0.11505500 -0.02413320 0.09119630
-0.31695199 -0.09500460 0.01333640
0.03825420 0.05815500 0.01572100
-0.17328800 -0.02413320 0.02672130
-0.02401790 -0.01209050 0.00348407
-0.16210400 -0.03906150 -0.09004770
-0.04986310 -0.00231584 -0.03387300
-0.07573220 -0.13799199 0.01289290
-0.09237810 0.06266420 0.00976352
-0.10471800 -0.15587100 -0.00138212
-0.02401790 -0.00997161 0.01103110
-0.24642400 -0.03759080 0.07099080
0.28554800 -0.06760830 -0.04569860
0.28202999 -0.11020000 -0.02656340
0.17677000 -0.02413320 0.00163520
-0.00436651 -0.10679300 -0.04712440
0.08229950 -0.00509279 0.00766479
-0.00723270 -0.02413320 0.10384800
-0.04838610 0.00517780 0.05172030
0.16262200 -0.10471000 -0.04251530
-0.10028100 -0.14686900 0.00558109
0.00928595 -0.02413320 0.02015010
0.03830220 0.03931760 -0.01972640
-0.01965210 0.09591330 0.00254898
-0.07506750 0.06273180 0.04987720
0.23518300 0.00095749 -0.02851320
-0.07348970 -0.02413320 0.03194700
0.29347700 -0.09129700 -0.03496040
-0.00276857 -0.00642200 -0.05150880
-0.30648801 -0.02413320 -0.03094710
-0.13655899 0.01735940 -0.00617920
-0.22566301 -0.02413320 0.05284960
-0.05474630 -0.08665510 -0.06185900
0.08157700 0.04089230 -0.00895947
-0.08044250 0.03724980 -0.01238380
-0.31558499 -0.02413320 -0.03062880
-0.28198999 -0.02414600 -0.02876950
-0.05728530 -0.01995490 -0.03387300
-0.06688070 -0.02117620 -0.03387300
0.14029101 -0.11098300 -0.03946470
0.38311499 -0.02413320 0.00321512
0.26897600 -0.02311020 0.07262830
-0.10657600 -0.02858530 -0.10415000
-0.23062000 0.00661702 -0.00499472
-0.37416700 0.00589386 -0.00405482
-0.02842310 0.08940500 0.03957790
0.02040150 0.03357670 -0.01245500
-0.27232900 -0.02461990 0.07291180
-0.32524699 -0.00486240 0.01276870
-0.16670100 -0.02413320 0.03804300
-0.02771460 -0.01141220 0.04261030
-0.05623790 -0.02609900 -0.11015400
-0.09944770 -0.02413320 -0.05366440
-0.09671090 -0.00925042 -0.10253100
0.02040150 0.00209987 -0.03094800
0.07922250 0.03001290 0.01751650
0.10808400 -0.04088910 -0.09430550
-0.12875000 -0.02413320 -0.10025700
-0.38993499 -0.08458960 -0.00784066
0.04429460 -0.15447199 0.00010125
-0.07634540 0.01383320 -0.04497180
-0.15803100 -0.05738190 -0.07761480
0.22649901 -0.15081900 -0.00013674
0.12129100 0.02887060 -0.01377380
0.20482700 -0.03837470 -0.08211870
-0.33322600 -0.00910493 -0.02483170
-0.07400590 -0.02234570 0.06990210
-0.08862650 0.06252960 -0.01260370
0.11519400 0.04139560 -0.00363819
-0.06670080 -0.06241050 -0.08085080
-0.08323800 -0.08318560 0.05921400
-0.06589020 0.00517780 -0.03878080
0.10451600 -0.03117600 0.10137700
-0.23985000 -0.02898550 0.07946070
-0.06323540 -0.02413320 -0.07368100
0.10230500 -0.14083301 -0.01811890
-0.19766399 -0.02413320 -0.02087820
-0.13563900 -0.12846200 0.01968850
0.07385490 0.04611610 -0.00874959
0.12287300 0.02156020 0.00996060
0.00909023 -0.00125410 -0.02790900
0.10857400 -0.02256900 -0.08945550
-0.16360700 -0.10217400 -0.04415380
0.13112099 -0.06838980 0.06628720
-0.29903001 -0.00694550 -0.01060270
-0.29941800 -0.00694550 -0.01717830
-0.05831330 0.11601000 0.01444120
-0.21973599 -0.08278180 -0.05089670
-0.01865910 -0.00891414 -0.05930510
0.09788030 -0.12968300 -0.02609230
-0.08044250 0.08260870 0.01499040
-0.29558599 -0.11518600 -0.02434890
0.24008501 -0.09356270 0.03076680
0.04072610 -0.01355320 0.02892440
0.43522501 -0.02694150 -0.01440490
0.31443101 -0.02468140 -0.06397870
0.24767500 -0.02413320 0.04536680
-0.09703460 -0.01736650 0.08563450
0.09644310 -0.14944500 -0.01196050
-0.05134850 -0.01998610 0.03957790
-0.05995540 0.01735940 -0.02571040
0.11821600 -0.15835200 -0.00330146
-0.28489500 -0.11503400 0.01302760
0.11648300 -0.14090900 0.01019160
0.09307410 -0.02413320 -0.01238460
-0.02091930 0.04766700 0.03957790
-0.04463980 -0.13521200 0.01642510
-0.04757410 0.13433100 -0.01441570
-0.02567870 0.05823260 -0.03388260
0.24073800 -0.02413320 -0.02412950
-0.01145270 -0.11391000 0.03513630
0.02040150 0.04388950 -0.00359155
-0.07743450 -0.08338920 0.05977370
-0.06591180 -0.00493131 0.07495930
0.07968030 0.03309890 -0.00878255
-0.32620600 -0.01026100 -0.02606580
0.02731830 -0.05407490 0.08666350
-0.19394600 -0.06763810 -0.06312220
-0.04596720 0.00517780 -0.01745580
-0.02882070 -0.00839942 0.04264280
0.14975500 -0.14291500 0.00655494
0.18489100 -0.02413320 -0.08433720
0.25878900 -0.02413320 -0.00310468
0.02758630 -0.08631580 0.05852850
-0.12266500 0.01511290 0.03653460
-0.07042260 -0.02413320 -0.06969030
-0.06070390 -0.11420600 -0.04027730
-0.20820899 -0.04563930 0.07237820
0.17305399 -0.02413320 -0.03484290
-0.22578800 -0.02413320 0.06297000
0.23279600 -0.03717370 0.07536350
-0.04743730 -0.02413320 -0.05174190
0.05256620 -0.02919280 -0.10780300
0.10567900 -0.14550000 -0.01478110
0.08259880 -0.12535800 0.02292060
-0.29582700 -0.07419490 0.03527620
-0.07814170 0.00049343 -0.05427590
-0.06946480 -0.06316200 -0.08026210
0.27649799 0.00803499 0.01547310
0.34263599 -0.02413320 0.01703110
-0.30448100 -0.02413320 -0.03833260
-0.29965800 -0.10471200 -0.02900140
0.00944551 -0.13763499 -0.02206390
0.12859000 0.00587974 0.00996060
0.09374230 -0.02413320 -0.06485510
0.24569000 -0.09804360 0.02569550
-0.34486899 -0.02413320 0.01471530
0.15454599 -0.02413320 -0.09533660
-0.20492600 -0.03781190 -0.00750393
-0.02401790 -0.00484244 -0.01738330
-0.12724000 0.02644730 -0.00093696
-0.35034499 -0.11040100 0.00557491
0.33384499 -0.05390470 0.03338750
0.31445399 -0.08057620 -0.03818880
0.24782600 -0.06249340 -0.05938960
0.08641540 -0.06423640 0.07515550
-0.14532700 -0.00335013 0.01836320
-0.12768599 -0.11696100 -0.03518950
0.06730950 -0.02348540 0.10875200
0.37942499 -0.06662460 0.01365760
-0.05576420 0.10884400 -0.01402610
0.28979900 -0.02413320 -0.03450570
-0.36248600 0.00099957 0.01284880
-0.26294601 -0.02413320 -0.07682720
0.26723701 -0.11593900 -0.02401430
0.06521510 0.03997930 0.02821980
-0.16799900 -0.02413320 -0.01891120
-0.08044250 0.06452950 0.01432760
-0.29922399 -0.10314500 0.01507750
-0.05577450 -0.02413320 -0.08883260
-0.20598900 -0.03050980 -0.01886150
-0.31770301 -0.01853320 0.01034430
-0.03503690 0.00517780 0.02518730
-0.17353100 -0.10499700 0.03122910
0.18790200 -0.07856780 -0.05641760
0.16653199 -0.02413320 0.00709449
-0.16929100 -0.02413320 0.07695760
-0.02979330 0.01735940 -0.03778520
0.10858800 -0.02413320 0.03092440
0.07490720 0.01445240 -0.01578740
0.11034100 -0.02413320 -0.06340340
-0.07864380 0.09591330 0.02943930
-0.09871580 -0.03328410 0.10029400
0.38650399 -0.06163260 -0.02025700
-0.08385020 -0.01097390 0.07546110
-0.00390280 0.06714180 0.02877080
-0.10148300 -0.02413320 -0.05968550
-0.01072030 0.09591330 -0.01270090
-0.07342680 -0.02413320 -0.00921863
0.17964999 -0.02413320 0.08675320
-0.07966530 0.05823260 -0.04889560
-0.04312530 0.03458110 -0.03387300
-0.05613920 0.01735940 0.03747870
0.25543401 -0.02722090 0.07607010
0.10527300 -0.15761299 -0.00611941
0.03258860 -0.02413320 -0.06911500
0.27372301 -0.03573160 -0.06861020
-0.24367300 -0.10617800 -0.03368210
0.14119101 -0.14649899 0.00422311
-0.06344190 0.08016030 0.03957790
-0.09089730 -0.05148280 0.08558790
0.09802930 -0.01547160 -0.02190830
-0.33437601 -0.02413320 -0.03202550
-0.14005500 -0.08813750 -0.05580130
-0.12071300 -0.02413320 -0.06523400
-0.00255541 0.02499520 0.03957790
-0.01697430 0.08166850 -0.03387300
0.12850299 -0.03231460 0.09735620
0.01225890 -0.08282040 0.06222180
0.09679940 -0.10222400 -0.04743640
-0.05576380 -0.06531450 -0.07857600
0.34194699 -0.02413320 0.01529180
-0.01047000 -0.01924940 -0.04373310
-0.01513540 -0.02413320 0.04181130
0.40929300 -0.05638680 -0.01233010
-0.02789260 0.09591330 0.03192090
0.08593070 -0.14494000 -0.01518160
0.31070000 -0.13942599 0.00088260
-0.16139500 -0.08700560 -0.05554860
-0.09380600 0.06252960 0.02364940
0.07924260 -0.06842720 0.07244960
-0.07607660 0.09591330 0.00193660
-0.02401790 0.00153632 -0.03759180
0.25553101 -0.02413320 -0.00632855
-0.07255600 -0.02413320 0.02984060
-0.21986599 -0.13234100 -0.02107060
0.33383101 -0.09353600 -0.02512810
-0.09736200 0.05901800 -0.04310160
-0.03307900 -0.02413320 0.01049310
-0.09250750 -0.06001530 0.07802440
0.31912801 0.02434360 -0.00799969
-0.16271000 -0.02413320 0.06060980
-0.34560999 -0.05170780 -0.04011520
-0.15479200 -0.06627940 -0.07143210
0.36994699 -0.02696410 -0.04263180
-0.11521200 -0.02413320 0.05552890
-0.11351700 0.00517780 0.00508432
-0.09632880 0.00517780 0.03552630
-0.19704200 -0.14732000 0.00332597
0.04711600 -0.02291400 0.10958500
0.04291890 -0.01622760 -0.02220440
-0.08370490 -0.01097390 0.08545110
-0.09349410 0.06252960 0.04378550
-0.09597960 -0.01910640 -0.04895320
0.12897100 -0.11747700 0.02831690
-0.07831290 0.09591330 0.03461700
0.03088060 0.04569260 -0.00112815
-0.07529420 0.13686800 0.00670727
-0.27643901 -0.08915120 0.02946420
0.06290310 -0.10436600 -0.04798490
-0.03996230 -0.02413320 -0.09914450
0.40352401 -0.03592610 0.01747910
-0.33227301 -0.07972360 0.01720120
-0.08469060 0.05823260 0.02550920
-0.05822140 0.09576810 0.03957790
-0.40226001 -0.04291720 0.01450510
-0.38721201 -0.05456630 -0.02327350
-0.14961700 -0.12536301 0.01925880
-0.11935200 -0.11608800 -0.03581390
0.30704400 -0.07830730 -0.04073050
-0.13041900 -0.02439400 -0.10464500
0.40819001 -0.02481750 -0.02775370
-0.02759380 -0.02413320 -0.05831570
0.07303130 0.05691060 -0.01559770
-0.09703460 -0.01319280 0.10102400
-0.02378900 -0.09222720 -0.05810970
-0.23319800 -0.11864200 0.01530840
0.05206450 0.00303507 0.03213400
-0.20785700 -0.14890800 0.00078067
-0.19818699 -0.10481600 -0.03763620
0.02696180 0.01128570 0.01214420
-0.39895001 -0.02413320 0.02194140
0.00545482 -0.00511010 -0.07191940
-0.00390280 -0.00332899 -0.00645379
-0.34492299 -0.02413320 0.00137930
-0.15744001 -0.12546700 0.01790880
0.20153201 -0.00305208 0.02661450
-0.11141300 -0.04825550 -0.08812680
-0.00833187 0.06966180 -0.03387300
-0.05278420 0.02761090 0.03957790
0.35371900 -0.01822470 -0.00356986
-0.05625750 -0.02413320 0.03839260
-0.12640101 0.00231108 -0.03378610
-0.10159900 -0.02413320 -0.05140530
-0.12233000 -0.08478910 0.05360180
0.00109727 -0.02413320 0.09658950
-0.02385320 0.09591330 -0.01199790
0.01293510 0.02683670 -0.03387300
-0.04961040 0.10018600 0.01326230
0.01440460 -0.05069240 -0.09195820
0.28903300 -0.14863101 -0.00949234
0.18689699 -0.02158810 0.00280009
-0.22318199 -0.01115000 0.02452200
0.27126500 -0.11622800 -0.02388570
-0.04782230 0.13433100 -0.00795693
-0.13981600 -0.02413320 0.10009000
0.02040150 0.01657410 -0.01238830
-0.20545800 -0.02196340 0.01904800
-0.00390280 0.05314090 0.02392670
-0.32314199 -0.02413320 0.03312830
0.06883780 -0.01049240 -0.02070050
-0.08837200 -0.04267330 -0.09521690
0.01878170 -0.00125410 0.03722820
0.29374501 -0.02413320 0.01533980
0.23676200 -0.09315650 0.03207900
0.25373101 -0.10060200 0.02396780
-0.36558500 -0.02413320 0.00782106
-0.13519900 -0.02413320 0.01571150
-0.07083960 -0.08606730 0.05807870
-0.20050099 -0.02339720 0.08641180
0.04101590 0.05805480 -0.01183390
0.20720901 -0.09412080 0.03830670
0.38218799 -0.03304060 -0.03535430
0.22703899 -0.02413320 -0.08040520
-0.30325699 -0.02413320 0.02169860
-0.22674900 -0.15152900 -0.00952259
-0.11016700 -0.11926200 0.02693590
0.36001101 -0.02848940 0.03954320
-0.29158300 -0.13849799 -0.01399320
0.09056860 -0.02413320 -0.06906250
-0.31674099 -0.14596500 -0.00083434
0.11367800 0.03321680 -0.00353086
0.13556901 0.00451291 -0.01259870
0.01231350 -0.02413320 -0.10519900
-0.24555001 -0.05779360 0.05604370
0.13140300 -0.02413320 0.05872300
-0.34327200 -0.00373945 -0.02694820
0.25854799 -0.02413320 -0.06448390
0.06856650 -0.01597700 0.10025500
0.21777099 -0.02413320 0.06782900
-0.04670510 -0.02413320 -0.08435710
-0.36997500 0.00468619 0.01191100
0.13932499 0.02447420 0.00516313
0.16303800 -0.02344910 -0.09837130
0.34892499 -0.05439810 -0.03766270
-0.26699099 -0.02989850 -0.07407980
0.03929720 -0.14995401 0.00393062
-0.11529100 -0.05213490 -0.08462340
0.24074499 -0.05743810 0.05776650
-0.13197500 -0.02518020 0.10307000
-0.19083001 -0.04328830 0.07801790
0.04991560 0.01344670 -0.02422280
-0.31770301 -0.01923020 0.01705080
-0.06238810 0.13107000 -0.01402610
0.16437700 -0.02413320 0.08066460
-0.07858820 -0.07061830 -0.07440730
-0.20397900 -0.04431410 0.01674820
-0.06547350 -0.02413320 0.01258270
-0.01292510 0.05836140 -0.03387300
-0.08278150 0.01245040 0.04580560
-0.29899800 -0.02413320 0.03148580
-0.28214100 0.01399520 -0.00865955
0.37022901 -0.04594700 -0.03377290
-0.15595999 -0.15771601 -0.00579931
0.12260800 0.04139560 -0.00239545
0.03576670 0.02021560 -0.01778060
-0.02401790 0.01106310 -0.02563190
-0.34018901 -0.02413320 0.00553164
0.32591999 -0.07251280 0.02441950
-0.24725200 -0.10652000 -0.03247180
0.28661701 -0.06000510 -0.05007630
-0.13866299 -0.04577530 0.08445870
0.02974970 -0.02413320 -0.04542140
-0.25005800 0.00255352 -0.00378390
-0.08044250 0.03506690 0.01682580
0.31323299 -0.02413320 -0.04316570
-0.00649351 -0.00432849 -0.06018280
0.12805000 0.00455267 -0.01259870
-0.06783970 -0.01345760 0.03957790
0.20855300 -0.02413320 0.07582230
-0.08044250 0.01562890 -0.02182220
-0.07323940 0.00088849 -0.06561430
-0.27565700 0.01155900 -0.02475880
-0.14887100 -0.02437880 0.10162000
-0.11891500 0.01735940 -0.03213500
-0.15745200 -0.07176390 -0.06733820
0.03362880 -0.01453500 -0.01595160
-0.02062600 0.01418120 -0.03387300
0.25898501 -0.15194000 -0.00802232
-0.38056800 -0.07905640 -0.01473290
-0.27782601 -0.11047200 0.01880570
0.25552899 -0.02413320 -0.07753280
0.40147901 -0.03053560 -0.02811590
0.12354900 -0.02413320 0.03599000
0.23473699 -0.03909560 -0.07718830
-0.04974330 -0.07250560 0.06964390
0.29705301 -0.02413320 0.02647820
-0.37696201 -0.01956740 -0.01786220
-0.08927790 -0.00806014 -0.02841410
0.28211200 -0.02413320 0.05907980
-0.05882690 -0.04892550 0.08983100
0.28538200 -0.13983600 0.00077507
-0.23694900 -0.02413320 -0.03751590
0.05185890 -0.02413320 -0.10060700
0.22203900 -0.11692200 0.01864370
-0.12949100 -0.02413320 0.02445210
0.04656450 0.04710440 -0.01092290
0.03798110 0.04741520 0.00011035
-0.20556900 -0.02044460 0.01543860
-0.08044250 0.08710510 0.00905611
0.21816000 -0.02413320 -0.07448010
-0.10903700 -0.02433750 -0.10719900
0.06287630 -0.01916950 -0.02328730
0.27726999 -0.05295310 0.05008230
-0.34864199 -0.02595690 -0.05088460
0.13585301 -0.02265630 0.10284800
0.23190600 -0.02413320 0.08117260
-0.11334000 -0.02413320 0.09363950
-0.09306060 -0.00700377 -0.07338720
-0.01687080 -0.02413320 -0.01620370
0.01323110 -0.06826960 0.07487360
-0.39037099 -0.02120450 -0.00158071
0.02600930 0.01471990 0.00689969
-0.15333200 -0.05914340 -0.07653510
0.04338800 -0.02413320 -0.04036060
0.19548100 -0.13085499 -0.02196530
-0.38614199 -0.04281760 0.02258400
-0.07253280 0.06260830 0.04987720
-0.03767250 0.09591330 -0.01022000
-0.20613800 -0.01259650 -0.02900310
0.14190499 -0.13634400 -0.02132860
0.15733700 -0.02413320 -0.05382570
-0.09015530 -0.01097390 0.08610800
-0.42340001 -0.02647400 0.01245210
0.23106100 -0.09044600 -0.04628420
-0.05599990 0.05968180 -0.04985250
-0.08830130 0.06252960 -0.04292200
0.06367740 -0.02413320 0.03190930
0.06990350 -0.09662100 -0.05405220
-0.04967480 -0.11647000 0.03231070
-0.05756320 -0.11023600 0.03759450
-0.06480900 0.00517780 0.00269591
-0.00390280 0.07830460 0.03620500
-0.25597399 -0.02413320 -0.01301300
-0.28475299 -0.04693420 -0.05863680
0.26857299 -0.10937700 0.01975570
-0.00217809 0.03441580 -0.03387300
0.27926901 -0.02413320 -0.02525820
-0.08419630 0.06266420 -0.00465877
0.26253200 -0.07897920 -0.04513910
-0.16555899 -0.02413320 0.08293490
0.13751100 0.02772380 -0.01259870
0.18066800 -0.03548320 0.08660780
0.04129320 0.00709066 0.02915930
0.11399100 -0.02413320 0.09011430
-0.13097000 -0.00297404 -0.03278620
-0.02401790 -0.01240580 -0.02509540
-0.07921320 -0.04536420 0.09234570
-0.19327500 -0.02413320 -0.06029790
-0.01068810 -0.02413320 -0.03062040
0.05674210 -0.02413320 0.05454410
0.26095399 -0.13049901 0.00961694
0.34981000 -0.07449170 -0.02807080
-0.40981400 -0.06000660 -0.01038170
-0.02593810 0.00517780 -0.00253971
-0.04893140 0.09591330 -0.02487900
-0.07957670 -0.00537910 -0.05921580
-0.02380720 -0.03175910 0.10627700
-0.20418499 -0.04289530 0.00008500
-0.05387900 -0.10872600 -0.04457020
0.43134299 -0.05141010 -0.00461360
-0.01793100 0.09591330 0.00991754
0.07410770 -0.02413320 0.09643500
0.02681320 0.03959980 0.01178530
-0.06600740 -0.00377629 0.08968970
-0.22260800 -0.06775260 0.05546510
0.07019150 -0.00388360 -0.01966180
0.32095000 -0.09559010 -0.02888920
0.37895399 -0.02413320 0.02504570
-0.30454701 -0.11586600 0.00706907
-0.06518350 0.01689080 0.03957790
0.27013299 -0.11637400 0.01639700
-0.00390280 0.07153200 0.00657826
0.13748699 0.04061630 0.00996060
-0.00928519 -0.00700377 -0.09469070
-0.27814099 -0.02413320 0.05819790
-0.01281100 -0.06082880 -0.08384890
0.02040150 0.00307836 -0.01322300
-0.05470850 -0.04014110 0.09766680
0.37214100 -0.08561850 0.00749422
-0.03012610 0.00517780 -0.04264150
-0.13465200 0.01735940 0.01662570
0.07383380 -0.01668130 0.09526940
-0.09839940 -0.02413320 -0.07085760
0.24609300 -0.02413320 0.07843400
-0.31105801 0.02799860 0.01251160
-0.20795600 -0.01003950 0.02452200
-0.07744410 -0.01901510 0.10289300
0.00414448 -0.15223600 -0.01049950
0.29374999 -0.02413320 0.04310640
-0.18027100 -0.02413320 0.00950348
-0.09525840 0.05823260 0.03543030
0.07338890 0.06118420 0.02268820
0.20329000 -0.13491599 -0.01952090
0.19140001 0.00130911 -0.00637987
-0.38113800 -0.05366100 0.01948680
-0.08838260 -0.12398600 0.02337100
-0.03427490 0.05823260 -0.04218720
-0.08187120 0.05823260 -0.03764120
-0.12168400 0.00517780 -0.00263940
-0.20121901 -0.10938200 -0.03488830
0.37080100 -0.04879730 -0.03224910
0.24639000 -0.13682200 -0.01473770
-0.11960500 -0.02413320 0.07834490
-0.22255200 -0.10622400 0.02654320
-0.18049900 -0.09466180 -0.04624970
0.08727800 -0.10525900 0.03966300
-0.13730800 -0.09099640 0.04880040
-0.19434500 -0.08937930 -0.04733580
-0.19638801 -0.02413320 -0.02004050
-0.05286510 -0.14477000 -0.01633470
-0.16852400 -0.12046900 -0.02996570
-0.43391600 -0.02819520 0.00632731
0.18696600 -0.02244340 -0.00737619
-0.17593201 -0.02265630 0.09510830
0.10054200 -0.09124510 -0.05562350
-0.01358270 0.01660500 0.03957790
0.30936101 -0.02413320 0.00527171
0.13932499 0.00624934 -0.00042002
-0.07004780 0.01599310 -0.03387300
-0.12813400 0.00417195 0.03494750
0.27147701 -0.08616550 0.03089730
0.03399580 -0.01610710 -0.01642160
0.13149901 -0.06317540 -0.07404620
0.03099610 0.06160240 -0.00979806
-0.11618600 -0.15970001 -0.00462685
-0.18739100 -0.05657220 -0.07240990
-0.06617220 0.06252960 0.04375210
-0.04324160 -0.12139800 0.02813350
0.30161601 -0.14900900 -0.00932444
0.30625200 0.01797030 -0.03021860
0.20993300 -0.12196300 -0.02731630
-0.05406890 0.13433100 0.01321140
-0.20042200 -0.01877990 -0.07453890
-0.02401790 -0.01605970 0.03118080
0.20917800 -0.04160500 -0.07892690
-0.00833346 -0.02413320 0.02438450
-0.20547301 -0.02176250 -0.01696440
-0.05539080 -0.02413320 0.09300560
0.02040150 0.02351610 -0.00954924
-0.24664301 -0.06837730 0.04774390
-0.02509970 -0.07706370 0.06670360
-0.15788500 -0.10924000 -0.04017660
0.29843000 -0.02413320 0.05854210
-0.08084140 0.00517780 -0.02496610
0.07222280 -0.01941470 -0.01810320
0.16604500 -0.04270200 -0.08664020
0.16109900 -0.01971350 0.10112800
-0.35885501 -0.02845480 -0.04599910
-0.08044250 0.04624600 0.00726274
-0.08660590 0.06266420 0.01237130
-0.25189501 -0.14560500 -0.01083630
-0.08044250 0.02072420 -0.02109710
0.30393901 -0.05137940 -0.05269200
-0.09645620 0.05823260 -0.03935530
0.04193820 -0.13674900 0.01512280
0.24027300 -0.02413320 0.07566530
-0.18805400 -0.04769760 0.07498110
-0.03304650 -0.13538200 -0.02368940
0.11743100 -0.02413320 0.09400540
0.30148900 -0.02413320 -0.06041190
0.33034599 -0.04791500 0.03867720
-0.10023400 -0.00700377 -0.07919920
-0.35895899 -0.02413320 0.03338060
-0.06860520 0.09591330 -0.02097920
-0.36587301 -0.05790950 0.02228780
-0.15769100 -0.07151310 0.06185440
-0.10569200 0.01735940 -0.01582870
-0.08333460 -0.02413320 -0.06968200
-0.07960100 0.00517780 -0.01790700
-0.30191800 -0.11655200 -0.02374180
0.02189380 -0.10110300 -0.05102840
0.14497399 -0.01557790 -0.07636580
-0.24637800 -0.05189270 -0.06631420
-0.30835199 -0.02413320 -0.05232250
0.26307800 0.00557786 -0.01145570
-0.02796810 -0.14519900 -0.01599890
0.30910999 -0.11554200 0.00715440
0.31770399 -0.02413320 0.01844850
-0.13535400 0.01735940 0.03339230
-0.38188100 -0.01956740 -0.01247990
-0.05825880 -0.01122900 -0.04895320
0.27403700 -0.07231440 0.03754590
-0.30454001 -0.00694550 0.01555950
-0.33037201 -0.02413320 -0.04290100
-0.10230100 -0.03330990 -0.10094000
-0.04021570 -0.04879820 -0.09247940
-0.06416150 -0.03797060 -0.10027500
-0.02409540 0.00086113 0.05944730
0.02726510 -0.01147750 -0.07609720
-0.28573099 -0.01817320 0.06139250
-0.09541330 -0.13827400 0.01222930
-0.01092650 -0.15505400 -0.00827930
-0.03797490 -0.02413320 0.09295800
0.13818300 0.03564440 0.00996060
-0.04981430 0.10067400 0.01444120
0.17353199 -0.01829160 -0.07776370
0.18306699 -0.13227101 0.01348110
0.25771600 -0.05075780 0.05765700
0.07033170 0.03078020 0.02718270
-0.30235100 0.02312170 -0.02476730
0.04788120 -0.02413320 0.09939860
0.05834490 -0.08344920 0.06029770
-0.16423300 -0.10143900 0.03583160
-0.20637700 -0.00931713 -0.00781909
-0.26588699 -0.02413320 0.03383700
-0.33134800 -0.00783504 0.01509320
0.00618121 -0.04905740 0.09192870
-0.08417650 0.06812150 0.02152670
-0.33748299 -0.07302390 0.01949420
-0.28029501 -0.01678150 0.00910699
-0.24721099 -0.04072510 -0.07295020
-0.06832080 0.04641970 0.03957790
-0.29590201 -0.02265630 -0.06872500
0.11389300 -0.00227730 0.02628350
-0.03225970 0.09591330 0.02440360
-0.04371670 0.05823260 0.03978960
-0.24152000 -0.01935750 -0.03414070
0.13458200 -0.02413320 -0.05679520
0.05094240 -0.13416100 -0.02464560
-0.20518400 -0.02573760 -0.02404670
0.28128001 0.01154720 -0.03229400
-0.31114599 -0.02413320 0.03800720
-0.13695700 -0.11785300 -0.03455170
-0.06024410 0.10810700 0.01444120
-0.03701110 -0.01573750 0.09448570
-0.08044250 0.04395420 0.02120880
-0.31849900 -0.08879820 -0.03291810
-0.14743900 -0.02413320 -0.01213220
-0.05476050 0.04625980 -0.03387300
-0.03873620 0.01735940 0.04606510
0.26617101 -0.07034430 0.04034890
-0.26533499 -0.03437420 0.06768560
0.17884900 -0.03142950 -0.09225950
0.24688800 -0.05286030 -0.06557660
0.08023530 0.00384146 -0.00744269
-0.08044250 0.01159180 0.02616210
-0.23110400 -0.04251510 0.07188780
-0.02934690 0.01012840 0.03957790
0.07157540 -0.02307730 -0.10865200
-0.19440600 -0.02413320 0.05949010
-0.08542050 -0.01667570 -0.04895320
-0.09299140 0.01415030 0.04343230
0.15152299 -0.15186000 0.00073462
0.14447200 0.02887060 -0.00103373
-0.04516330 -0.02413320 -0.00307239
-0.07174920 -0.02665260 0.10871700
-0.09235450 -0.09688690 0.04624120
0.12681100 0.03329480 -0.01259870
-0.16888300 -0.02413320 -0.05245400
-0.32030100 -0.02413320 0.02695210
-0.09169830 -0.13714300 -0.02075750
-0.03428590 -0.00280189 -0.05394540
0.01092580 -0.07954160 -0.06883730
0.13501801 -0.02413320 0.04701470
-0.29014400 -0.02664460 -0.06960890
-0.02836460 -0.02325040 -0.03387300
-0.08981820 0.06266420 0.02515370
-0.05433230 0.00079326 -0.07126680
0.22244100 -0.07429410 0.05061810
0.23511600 -0.09575380 -0.04248560
-0.36171201 -0.02413320 -0.03228180
0.09250680 -0.14941700 0.00361036
0.05386320 -0.00161977 0.03237080
0.01123630 -0.11541100 -0.03990960
-0.34969500 -0.02413320 -0.03354920
-0.02401790 0.06252960 0.04985210
0.14959300 -0.02262770 0.01726040
-0.08417650 0.06413790 0.01922310
-0.29880500 -0.08649740 0.02608340
-0.33788699 -0.06209110 -0.03814940
0.21788900 -0.13494200 -0.01950550
-0.08309460 -0.02293040 -0.10253100
-0.04312040 -0.09964970 0.04656680
-0.32591599 -0.12015400 -0.01574380
-0.06553850 -0.13722500 -0.02224550
-0.05556750 -0.02413320 0.03583280
-0.22049400 -0.10831200 -0.03553170
0.27564999 0.01043900 0.01134470
-0.20453601 -0.03467300 0.01632810
0.09802930 -0.02147740 0.01489580
-0.07147910 0.05111440 -0.03387300
0.05451870 -0.02413320 0.06992910
0.31953099 -0.02413320 -0.04579880
0.16065800 -0.02413320 0.01024800
-0.26458400 -0.08406110 0.03190740
0.23667499 -0.02413320 -0.03029630
-0.09202200 0.06266420 0.03997770
0.21778600 -0.04667290 0.06948610
0.01752840 -0.07314890 -0.07373340
-0.08661170 0.06252960 0.01502190
-0.16575800 -0.02413320 0.04172380
0.17033100 -0.09361600 0.04096990
0.02189430 -0.02413320 0.09749700
-0.07331220 -0.02413320 -0.05833890
-0.23357400 -0.11757700 -0.02949480
0.25838900 -0.05681250 0.05289440
-0.14065599 -0.02413320 0.04966420
0.18847799 0.00125013 0.01807220
0.34898901 -0.02413320 0.02617210
0.12740301 -0.02929020 -0.10115200
0.27348301 0.00937406 -0.00926031
-0.07499140 0.00517780 -0.01298880
0.01680980 -0.00125410 -0.00251260
-0.15859000 -0.07957870 0.05502500
-0.00578491 -0.00700377 -0.09743340
0.14298899 -0.01898120 -0.02528000
0.32370201 0.02460990 -0.00748685
-0.25467801 0.00307780 -0.00972545
-0.18772499 -0.12569700 -0.02506940
-0.02739660 -0.02413320 0.01312340
-0.41729799 -0.05638380 0.00007319
0.03400050 -0.02507560 -0.11184500
-0.01839090 0.03705410 -0.03387300
-0.24620301 -0.14336100 0.00344288
-0.00780803 0.08429100 0.03957790
0.10998200 0.00245457 -0.00648345
0.40881300 -0.05065700 0.00725156
-0.04238290 -0.10587400 -0.04680390
-0.20685799 -0.02453560 0.00547470
0.13043700 -0.11342100 -0.03772100
-0.02169220 -0.02413320 0.05020940
0.08478170 -0.02689060 -0.10803900
-0.06546880 -0.05274510 -0.08842210
-0.10618900 0.01002260 -0.03853810
-0.24110501 -0.02413320 0.03244310
0.19371000 -0.09602160 0.03706980
0.36989701 -0.02413320 -0.00081309
-0.01900840 0.01562910 -0.03387300
0.26185501 -0.13850500 -0.01399010
-0.02517230 -0.06904510 0.07369530
0.28220201 -0.05161860 -0.05646850
0.08699450 -0.02413320 0.08412330
0.22512600 0.00063921 0.01281160
-0.10497200 0.01735940 0.01955700
-0.30687201 -0.03189450 -0.06170400
-0.23104100 -0.05824100 -0.06566600
0.22219101 -0.02413320 -0.06783550
0.01839430 -0.05192970 -0.09080530
-0.10311400 -0.01226920 -0.08669620
-0.06924700 -0.02393360 0.06990210
0.39016101 -0.06376550 0.00978423
0.07555860 -0.11622000 0.03169390
0.28536201 0.01505380 -0.03187200
-0.26868701 0.01052650 -0.00569162
-0.10610500 -0.06881820 0.06870880
0.43244901 -0.04862180 -0.00542611
-0.12753300 -0.02413320 0.08411460
0.14959300 -0.02369420 0.00742129
-0.14627400 -0.07821640 -0.06289590
-0.15735701 -0.02413320 0.03167930
-0.07136230 -0.02413320 -0.06265630
0.18661700 -0.11910400 -0.02903710
0.00466232 -0.12219800 -0.03469420
0.16503300 -0.02413320 0.05437560
0.42042899 -0.03396120 0.01007250
0.19050300 -0.02413320 0.03568560
0.22925100 -0.04564910 0.06984840
-0.24375400 -0.02413320 -0.05687240
-0.35758299 -0.07890470 0.01677470
0.03037320 -0.02325660 0.11265300
-0.31074300 -0.07424000 0.02932260
-0.03503920 0.09591330 -0.02728580
0.21632400 -0.03988150 0.07538670
0.44072801 -0.03605950 -0.00111963
-0.33436900 -0.04829550 0.03683160
-0.08782910 0.01735940 0.00476434
0.29798800 -0.06091030 0.04301990
-0.14580400 -0.00413598 0.02814850
-0.08044250 -0.00107229 -0.01486040
0.23540500 0.00199931 -0.03371420
0.01004870 -0.02413320 -0.04348700
-0.13585800 -0.08964540 -0.05472300
-0.10545300 -0.12355000 0.02361890
-0.03772240 0.01735940 0.05069360
-0.15282500 -0.08489790 -0.05811800
0.18619700 -0.02413320 -0.01792400
-0.05150330 -0.00700377 -0.06973970
-0.29220501 0.01631050 -0.02560300
0.34515199 -0.10186000 0.01074710
-0.25264800 -0.02413320 -0.07805090
-0.05559390 -0.00700377 -0.08290710
-0.23338600 -0.02364650 0.06801970
0.28540799 -0.02413320 -0.05041410
-0.16458200 -0.02413320 -0.08236540
-0.15227300 -0.12494700 0.01903450
-0.08044250 0.07644700 -0.03362520
-0.27055299 -0.07582120 -0.04483940
-0.11859700 -0.04975420 0.08356910
0.03230660 -0.02413320 0.06773310
-0.02181370 0.02642520 0.03957790
0.10094900 -0.07894000 0.06063180
0.26601499 0.00728199 -0.00809283
-0.07649630 0.06252960 0.04277720
-0.17599100 -0.02267300 -0.09809470
-0.16799501 -0.02441100 0.09842150
-0.18763900 -0.05067460 0.07261960
-0.09488210 -0.05451680 0.08246610
0.16556600 -0.10967700 -0.03834680
-0.07083460 0.05823260 -0.04598870
-0.19570900 -0.03638300 -0.08535600
0.06758080 -0.13413499 -0.02466570
0.31672201 -0.07211990 -0.04126020
-0.09300320 -0.01097390 0.08241250
-0.02016730 -0.14297500 -0.01774150
0.07170820 -0.02413320 -0.04598270
0.03144860 0.04006390 0.02073930
-0.07458960 -0.00141807 0.06917730
-0.03752530 0.01735940 -0.02507770
-0.18548000 -0.10082100 -0.04081740
-0.08044250 0.00680239 -0.01329770
0.25011799 0.00452553 0.01515980
-0.11280800 -0.02413320 -0.09191480
-0.42482701 -0.02413320 -0.01050470
-0.06766580 -0.14136700 0.01100410
-0.29456800 -0.15419200 -0.00702195
0.21101800 -0.02413320 0.06549280
-0.22687501 -0.04078580 0.07301310
-0.39960900 -0.03184100 0.02153480
0.10254200 -0.02413320 0.05969090
0.04779920 0.04061030 0.03007540
-0.02230140 -0.02413320 -0.05226470
0.32421800 -0.06877480 -0.04006320
0.16332100 -0.13447900 -0.02087030
0.31034300 -0.14900300 -0.00163221
0.02726510 -0.01956760 -0.08933480
0.36649501 -0.03746320 0.03112520
0.24415700 -0.06535690 0.05077100
0.09709140 -0.10184600 0.04136370
-0.28787601 -0.15361100 -0.00284220
0.01163470 -0.00587230 -0.05514590
0.18579200 -0.00779865 -0.02969450
-0.03923300 -0.11267600 0.03552590
0.39509800 -0.05719970 -0.01842790
-0.13842601 0.00517780 0.00851713
0.16442800 -0.02413320 -0.08327910
-0.00231357 -0.00125410 0.02835870
0.21951000 -0.02413320 -0.04391680
-0.13513100 0.00517780 -0.00069366
-0.09711820 -0.02332900 -0.04895320
-0.07950050 0.00517780 -0.01401670
-0.04020650 -0.11445900 -0.04007910
-0.06796610 0.00517780 0.00798896
0.35292301 -0.05016810 -0.03815230
0.20142400 -0.08687600 -0.04843270
-0.17666100 -0.15654200 -0.00231234
0.11808400 0.04139560 -0.00239207
-0.08579300 0.00537812 -0.06021300
-0.00390280 0.08550950 -0.03324720
-0.01053890 -0.07782160 -0.07023890
-0.36033601 -0.06140540 -0.03025900
-0.01410900 -0.12939700 0.02151490
-0.19291900 -0.02413320 -0.05027120
-0.09442270 -0.00822541 -0.10253100
0.08464140 -0.08278540 0.05938140
0.26166800 -0.11956800 0.01486400
-0.07881760 -0.02413320 0.05519160
-0.06402450 -0.09114890 0.05377180
0.32950401 -0.06753140 -0.03870410
0.10804100 -0.02413320 -0.03166160
-0.24317300 -0.01124750 -0.02691330
-0.34375900 -0.00117385 -0.00714199
-0.07592890 0.12211500 0.01035020
-0.04605120 -0.01097390 0.05657400
-0.02743300 0.09591330 -0.01403710
0.30377200 0.02019240 -0.03011890
-0.26038200 0.00041431 -0.00659411
0.08244650 -0.05482310 -0.08636550
0.07857370 0.01727440 -0.01100890
0.44714901 -0.03149820 -0.00680669
-0.12774800 0.00517780 0.01834230
-0.34562701 -0.02413320 -0.02839970
-0.15810400 -0.06581110 0.06645890
-0.23794900 -0.02413320 -0.04795310
0.11685500 -0.08830870 0.05087930
-0.02781160 -0.10101400 0.04569760
0.09353520 -0.09382030 0.04873660
0.14094000 -0.00802834 -0.02528000
-0.09268200 -0.00700377 -0.08688620
0.26594701 -0.11468500 0.01720780
0.16371500 -0.13009700 -0.02395850
0.19767600 -0.00106757 0.02661450
-0.09190100 0.06252960 -0.00952706
0.10665800 -0.02413320 -0.04942280
-0.03100140 -0.09797280 -0.05319680
