0.07226367 -0.01817309 0.02910517
0.02937128 -0.01112154 -0.00495664
-0.08462289 -0.03553211 0.30061412
0.27671054 -0.03316395 0.02037123
-0.02077328 -0.02548443 -0.08515042
-0.16047525 -0.03587107 -0.03315029
-0.26789898 -0.05353550 0.02111806
-0.22347489 -0.06900379 0.00736178
-0.09458202 -0.01265319 0.05420097
0.03250458 -0.01780168 0.03963022
-0.11811262 -0.01066337 -0.02051863
-0.03964369 -0.03281816 0.19575791
-0.05228440 0.00074989 0.01127984
-0.18664137 -0.03559275 0.02433341
0.06089384 -0.04188166 0.03517046
0.17727546 -0.00978709 -0.02011798
-0.06754325 -0.02969317 0.20720471
0.03821042 -0.05830520 0.02144948
-0.23535542 -0.06166052 -0.00007643
-0.13394703 -0.03028341 0.06274039
-0.22794937 -0.02380139 0.00511640
0.12668753 -0.06191958 0.02280564
-0.25482640 -0.02816756 0.03589728
-0.11008254 -0.02463215 -0.10849116
-0.14783581 -0.01868440 0.02900293
-0.24312899 -0.03487279 0.06373909
-0.08542722 -0.02267653 0.07473670
0.17305741 -0.04862947 0.01020176
0.24153139 -0.01440493 -0.01037731
-0.10766698 -0.03294830 -0.25004801
-0.04384213 -0.03455396 -0.23413663
0.16519175 -0.01807986 0.01859377
-0.10806423 -0.02974026 0.12224019
0.27581087 -0.01649005 -0.01050018
-0.05750636 -0.02962041 0.14868945
-0.04795051 -0.00133389 -0.00487847
0.00806232 0.00500299 0.01167494
0.08584820 -0.02699108 -0.04682017
0.31170335 -0.05012752 -0.00438249
0.03087514 -0.05458684 0.02358025
0.03238089 -0.06494074 -0.01737349
-0.03607249 0.00375501 0.02168198
-0.09056593 -0.00734589 -0.01742157
-0.10678026 -0.03204767 0.23095259
-0.10133541 -0.03490609 -0.12529559
-0.04272156 -0.02853239 0.09001628
0.03716668 -0.06933455 -0.00529196
-0.28433132 -0.05590059 -0.00974847
0.25576004 -0.01946438 -0.02656933
-0.09920321 -0.03212833 0.28546196
-0.30025861 -0.02627112 0.04723535
-0.27375346 -0.01125377 0.00697173
-0.06797539 -0.03357713 0.31294587
-0.07431357 -0.03313224 -0.23602504
0.16882998 -0.04519201 -0.03255583
-0.01853088 0.00074093 0.01230966
-0.21739320 -0.05815030 -0.01874590
-0.01911840 -0.04426909 -0.00706835
-0.28717500 -0.05592281 0.00813424
-0.24741301 -0.05387266 -0.01621108
-0.30272663 0.00226186 -0.00527053
0.23480201 -0.03623425 0.02878487
0.07919914 -0.03887320 -0.04771229
-0.06322616 -0.02033442 -0.03918913
-0.04908707 -0.03189046 -0.11607094
-0.30781603 -0.03388735 -0.05435538
-0.07692117 -0.03127184 0.19624649
-0.11748030 -0.03020451 -0.15592511
0.05076577 0.00900993 -0.00909447
-0.10550873 -0.02639084 0.09133471
-0.28174841 -0.07101841 0.00633759
-0.30850479 0.04453228 0.00190519
-0.31025186 0.01079494 -0.01272978
-0.05126645 -0.02929458 -0.09929612
-0.07886551 -0.03115392 0.14993441
0.11739960 -0.02615883 0.03383170
-0.10121112 -0.02977730 0.28004447
-0.08262845 -0.01061548 0.01377221
0.03109677 -0.04715532 -0.02720745
-0.04019599 -0.03105944 -0.24366502
-0.00861176 -0.02376080 -0.08540109
-0.04387060 -0.01081904 -0.03094054
0.03535791 -0.07047316 -0.01425378
0.09370364 -0.04183337 -0.04600849
-0.16172540 -0.04488156 0.04973788
0.02740909 -0.03565933 0.05749787
-0.03004809 -0.03178465 -0.10462342
-0.11027014 -0.06876107 -0.02250556
-0.28405130 -0.03727546 -0.00705834
-0.22117130 -0.02575515 -0.02250024
-0.04911272 -0.05215279 0.06168876
0.28615543 -0.04264998 0.02671248
-0.01508829 -0.02948309 -0.16090794
0.03263680 -0.02733030 0.09732626
-0.10501451 -0.03499494 -0.25558373
0.03072743 -0.02608527 -0.07997822
0.09232285 -0.05452527 -0.01270503
0.21052068 -0.03127603 0.03370926
-0.05322428 -0.03868463 -0.03493222
-0.04908190 -0.03233321 -0.30944490
0.08726471 -0.00122377 0.00067220
-0.18451263 -0.01913453 -0.02765787
-0.26720110 -0.06302911 0.03460070
-0.03588161 -0.03137659 0.17163043
-0.07577103 -0.02628697 0.01901770
-0.28770512 0.01587066 0.00275805
-0.31143886 -0.01475771 -0.00091001
-0.08269110 -0.03877075 -0.31571209
0.14007992 -0.04025537 -0.03347901
0.01990877 -0.02574252 -0.10157016
-0.17954151 -0.06050462 -0.01106771
-0.14930926 -0.01431814 0.02719643
0.00582159 -0.02583293 0.10843018
-0.03090004 -0.03127509 0.14212775
0.06522699 -0.03088915 -0.02961607
-0.10895466 -0.03456609 -0.28119096
-0.09652176 -0.03617940 -0.31786883
-0.18753341 -0.02073718 -0.04722070
-0.27539608 0.00522690 -0.00418748
0.01661640 -0.05652702 -0.02629403
0.08574641 -0.02915882 -0.04568868
-0.05164332 -0.03359437 0.27996635
-0.04612621 -0.04555218 0.09324367
-0.32640412 -0.05108409 0.00866070
-0.12783206 -0.03372741 -0.13064714
0.09402336 -0.04279752 -0.01372282
-0.03022440 -0.02421870 0.04745124
-0.20854363 -0.05801254 0.02935697
0.02379755 -0.01986993 0.06919238
0.09237686 -0.02528762 0.04483344
-0.02740131 -0.02155926 0.07243061
0.00953267 -0.02757424 0.09997585
-0.15101418 -0.03641728 0.02910503
-0.06718928 -0.00547245 0.02389656
-0.28509903 -0.03762586 0.01745279
0.16985914 -0.04727463 -0.02261711
0.10934755 -0.05388611 0.03563054
-0.15147014 -0.02535599 0.03060244
0.33286887 -0.04863040 -0.00035412
-0.07414629 -0.03298583 -0.24059562
0.27181032 -0.02472254 0.01226316
0.07071070 -0.03485395 0.04871229
-0.06286409 -0.03209082 -0.28088856
-0.33264494 -0.01196223 -0.00579352
0.23072092 -0.01471201 -0.02364512
-0.08665076 -0.03506215 0.31228307
0.01321375 -0.02131671 -0.09129771
0.26760566 -0.06085549 0.01912825
-0.13284992 -0.03185382 -0.24114570
0.03331580 -0.06953015 -0.00012931
0.11590633 -0.02047962 -0.03999414
-0.15779915 -0.04361351 0.13352989
0.01594215 -0.00857675 -0.02530414
-0.12579055 -0.03091013 -0.03985910
0.03640049 -0.05363422 -0.01384429
-0.12723863 -0.03352503 0.11192427
-0.10151964 0.00189504 -0.00151835
-0.27912998 -0.05144204 -0.02707505
-0.22946268 -0.04412123 -0.03281118
-0.22264688 -0.00815406 -0.00567346
-0.26053059 0.03880060 0.00366143
-0.19042471 0.00286706 0.01211362
-0.07165820 -0.03125917 -0.16964823
-0.03436061 -0.00020332 0.01438442
0.06103765 0.00170213 -0.00185577
-0.18888403 -0.05601932 -0.04436413
-0.19811116 -0.06273253 0.00767133
-0.32732785 0.01430857 0.00279734
-0.29130113 -0.01858185 -0.02200970
-0.10254736 -0.04436190 -0.07394095
0.00981376 -0.05395623 0.01064579
-0.33434373 -0.03306245 0.02113155
-0.20804116 0.01231926 -0.00357349
0.00305966 -0.03059157 0.16145270
-0.00679974 -0.05239453 0.00697442
-0.00890012 -0.04751454 0.04479709
-0.22642246 -0.06182108 -0.01329803
-0.23002900 -0.05298809 0.04322188
-0.09171297 -0.00688564 -0.05060344
0.19731110 -0.03723212 -0.02220930
-0.17981398 -0.02709163 -0.07515870
-0.01212161 -0.03097452 0.09328397
0.04975748 0.00936380 -0.00912898
-0.21953496 0.00522977 0.02915468
-0.29885343 -0.06433095 0.00331877
-0.11183903 -0.03025462 -0.14205901
-0.29796186 -0.03241091 -0.05361000
-0.21048129 -0.03032685 0.00835199
-0.11848099 -0.02891432 -0.15759414
0.04585168 -0.02956824 0.05426337
-0.06071807 -0.01085623 0.01956783
-0.31951967 -0.02294427 -0.01129004
-0.23044087 -0.01619706 -0.03674085
-0.05541657 -0.03329258 0.09948062
0.06926817 -0.02410153 0.05360724
-0.06051594 -0.02400710 0.04106503
-0.10661992 -0.07061156 0.02629117
-0.27242750 -0.03024969 0.01530562
-0.02219468 -0.03209457 -0.16627596
-0.06919853 -0.03154061 0.18237795
0.28015935 -0.04475404 -0.03016507
0.17906584 0.00444165 -0.00156868
0.26403397 -0.03325750 0.02560502
-0.15563230 -0.00834862 0.01660411
-0.05648509 -0.03498199 0.20890316
0.00173817 -0.01997669 0.03373708
-0.07976996 -0.02925329 -0.27980918
-0.07927874 -0.03415976 0.20643508
-0.31143412 -0.02005120 -0.05434163
-0.06823656 -0.03659146 -0.24169312
-0.30330262 -0.03046839 -0.05837624
0.09304795 -0.06643557 0.02125183
0.13973865 -0.03932159 0.04244149
-0.06768451 -0.03343662 0.23168005
-0.06269684 -0.03107535 -0.26040402
-0.08880387 -0.03593284 -0.20172405
0.09335277 -0.02707496 -0.02909595
-0.07646307 -0.02570957 -0.06041788
-0.05403652 -0.02982158 0.06097679
-0.03147594 -0.03475527 -0.00212001
0.01304587 -0.02304387 0.05363297
0.25377372 -0.02794375 -0.03089255
-0.13702898 -0.00899352 -0.02332191
-0.08735248 -0.01538219 0.02861445
-0.07695659 -0.03081846 0.03446311
-0.10253485 -0.04544204 -0.08801986
0.24251288 -0.03293330 0.02810388
-0.17346044 -0.05074416 0.02161456
0.04378945 -0.01229441 0.03257998
0.17788698 -0.04844562 0.03406724
-0.09538665 -0.03769191 -0.31831887
0.24388908 -0.06452541 0.00488655
0.16141140 -0.00738536 -0.02506821
-0.07108183 -0.05255932 0.04652373
-0.16501203 -0.06980788 -0.01849561
-0.32163686 0.03924903 -0.00896165
0.00760295 -0.03570468 -0.06597164
-0.16796011 -0.07089670 -0.02209149
-0.08377066 -0.03415907 0.24980195
-0.25012416 -0.02826487 -0.06637407
-0.02820823 -0.06913909 -0.02579450
-0.07194789 -0.02897923 0.09238194
0.10509413 -0.07066700 -0.00385711
-0.30772942 0.05854713 0.00509708
0.00597515 -0.04014686 -0.12687817
-0.23145324 -0.00928870 -0.00143005
-0.15638560 -0.00128751 0.00615337
0.02117747 -0.04488245 0.00203260
-0.23025586 -0.06192604 0.02555907
-0.00192080 -0.01666042 0.04226644
-0.24490425 -0.03475123 0.01927459
-0.12406176 -0.01561655 -0.01066628
-0.00093875 -0.05991838 -0.01535823
-0.03080449 -0.01134737 -0.03989733
-0.26090074 -0.02726026 -0.09671053
0.02356481 -0.02601084 0.06486934
-0.08869540 -0.03314396 0.28184655
-0.26815215 -0.02868363 -0.07568835
0.02406789 -0.05766753 -0.02277773
-0.10969004 -0.03079199 0.31976286
0.02306520 -0.02574778 -0.06303502
-0.30888882 -0.02958058 -0.06039785
0.29145196 -0.04906280 0.01708619
-0.09367435 -0.04091812 0.12018748
-0.27120465 0.01530695 0.00419189
-0.22304165 -0.05330443 0.03788832
-0.06984533 -0.03363907 0.11572883
0.22493964 -0.02189311 -0.01214694
-0.16460136 -0.06680565 0.01915192
-0.03113098 -0.02729123 -0.01436065
-0.12143859 -0.03287698 0.10759888
0.17342271 -0.05491443 -0.02938855
-0.06037303 -0.03370538 0.17860234
0.26868501 -0.04637816 -0.03006301
-0.29242244 -0.04768164 0.02620185
-0.18739834 -0.04641110 0.05086885
-0.09726827 -0.03018588 0.09312325
-0.05145888 -0.00806091 0.03513172
-0.24502346 0.00488658 -0.00962770
0.13746643 -0.02847958 0.02903592
-0.25278872 -0.05040356 -0.02926590
0.08515839 -0.02861319 0.03331732
-0.08008423 -0.03449427 -0.31555128
-0.16049841 -0.06935925 0.01320100
0.23604544 -0.03051184 0.02576085
-0.03416681 -0.03108381 -0.13095562
0.09461811 -0.05745511 0.01570811
-0.07765462 -0.03491007 -0.33735636
-0.09474214 -0.03267931 -0.16783130
-0.29104918 -0.03691750 -0.01350958
-0.32004422 -0.02531924 -0.03863537
0.09636781 -0.03100453 -0.03547587
-0.22368866 -0.04308953 0.00708300
0.02045231 -0.01310033 -0.00501629
-0.00855269 -0.02778451 -0.17643535
-0.07143489 -0.07090887 0.00652296
-0.07602254 -0.03351364 -0.10518498
-0.05122778 -0.01224729 0.07017769
-0.09690333 -0.05230653 -0.04841967
-0.00131625 -0.02933335 0.11613026
-0.03869947 -0.03236850 -0.11519416
-0.05066962 -0.02859677 -0.17919472
-0.13077199 -0.06393011 -0.01940323
-0.08931866 -0.03174854 0.24554312
-0.13401455 -0.02181493 0.06112860
-0.30284864 -0.04036010 -0.02503446
-0.12013299 -0.00858086 -0.02366346
-0.31529868 -0.05870584 0.00662835
-0.30645043 -0.03250969 0.03644245
0.18619886 -0.04641335 0.03117838
-0.06102132 -0.03040694 -0.22141080
0.22508781 -0.05568643 -0.02171252
-0.06600401 -0.03600331 0.05682679
0.08011740 -0.06705054 0.02071707
0.00773804 -0.02006471 0.05892696
-0.07025649 -0.02932279 0.23670238
-0.15234697 -0.07023185 -0.01292480
-0.05548153 -0.06894211 -0.01952598
-0.10065514 -0.03485423 0.15240513
-0.04392182 -0.03330334 0.15813950
-0.02387531 -0.02766736 -0.17004126
-0.17623609 -0.04168459 0.02939130
-0.11222298 -0.03480810 0.27780142
-0.06824730 -0.03108793 0.32363459
-0.29192469 -0.03764229 0.04605356
-0.17895374 -0.02706783 -0.08204178
-0.08143339 -0.02547644 -0.13907775
-0.00945920 -0.02746784 -0.20510794
0.14686680 -0.06688431 0.02631058
-0.09556555 -0.03235383 0.23974574
0.15837660 -0.00965304 0.01633073
-0.19141592 -0.00847617 -0.00117519
0.27338806 -0.03149233 -0.01311472
0.02986523 -0.01428941 0.03848738
-0.27174723 -0.02476280 -0.03394767
-0.09263457 -0.03633603 0.32925683
-0.09493438 -0.03212161 0.19477731
-0.06119717 -0.03409609 0.10927041
-0.15838732 -0.06391750 -0.02806208
-0.09128252 0.00145447 0.00117401
-0.27665973 -0.01341331 0.01151630
-0.10100402 -0.02709745 -0.13152498
0.06320288 -0.01338781 0.03315885
0.01738490 -0.04138479 0.02289889
-0.02399773 -0.01195166 -0.03937881
-0.06855294 -0.06920813 0.01332857
-0.08515701 -0.07349815 0.01867197
0.16222981 -0.01735918 -0.02434229
-0.10316338 -0.03843455 -0.34286627
-0.04731828 -0.02739069 -0.05376933
0.12859060 -0.04624425 0.02742838
-0.00173492 -0.04166602 -0.10934728
-0.12340541 -0.02996609 -0.16679730
-0.30635837 -0.04821949 0.02991950
-0.30044109 -0.06552584 0.01659923
-0.13905713 0.00442189 -0.00172154
-0.07510039 -0.03307623 0.29232174
0.13901211 -0.06595840 -0.01575607
-0.04764710 -0.03241972 -0.25382608
-0.26327327 -0.02811203 -0.02833694
-0.11355554 -0.03654936 -0.32920253
0.12959915 -0.06308536 0.00716446
-0.23478539 0.00434223 -0.01307955
-0.07013934 -0.03371286 -0.19755186
-0.08132927 -0.01765664 -0.04914133
0.00689228 -0.05660830 0.02455312
0.23921263 -0.04407345 -0.02234924
-0.08432670 -0.02882223 0.09938567
-0.07370752 -0.00533545 0.00883903
-0.04875730 -0.03530322 -0.31615913
-0.07606644 -0.03016438 0.19550440
-0.21702376 -0.03734509 -0.03390977
-0.05740497 -0.04606194 -0.05980152
0.04383614 -0.06004233 -0.00731493
-0.09687039 -0.03205434 -0.20483984
0.01511759 -0.02716400 0.09179045
-0.09172442 -0.00597778 0.02546939
0.03779935 -0.01136262 -0.00469800
-0.29537404 -0.02500557 0.01442584
-0.28929874 -0.02962272 -0.03281726
-0.05459140 -0.03467928 -0.14165077
0.11340210 -0.05843176 -0.02976924
0.01924312 -0.04027584 0.06801875
-0.11125648 -0.02097885 -0.03197595
-0.08092976 -0.03051452 -0.19411005
0.11757445 -0.02893124 -0.03652845
-0.18244563 -0.07224390 0.01975831
0.06100742 -0.01773022 -0.02928029
0.07224569 -0.03621767 0.04370196
0.10296852 -0.02315169 0.04895425
-0.10970163 -0.03307344 0.23578073
-0.19705176 -0.01334451 0.02829324
-0.00177496 -0.01731639 -0.03621624
-0.07438643 -0.03082580 -0.16363963
-0.28661597 0.00599529 -0.00456727
-0.13268586 -0.04774519 0.07675143
-0.07035929 -0.03168301 0.19343141
-0.13947719 -0.01986230 -0.00947209
-0.01529027 -0.03024821 0.10958249
0.26815245 -0.04092755 0.02437703
0.21720903 -0.05449290 0.02980169
-0.14851366 -0.03430246 0.04440197
0.06694978 -0.02586743 -0.04270915
-0.29697409 -0.02936040 -0.10244264
-0.10050490 -0.03499926 -0.25621995
-0.01321476 -0.04721164 0.00873729
0.07337938 -0.04348558 -0.05083660
0.28387308 -0.05927658 0.00353740
-0.09688785 -0.01337595 -0.04708242
-0.02991612 -0.00159354 -0.02395242
-0.06009174 -0.04391156 -0.13238408
-0.05865328 -0.03505081 -0.23718920
0.04407004 -0.01387201 0.02984300
-0.10789730 -0.03454502 0.27475083
-0.28321776 -0.05597748 0.01046728
-0.09348640 -0.03447494 -0.30495057
-0.11230871 -0.03023521 -0.13617137
0.20337224 -0.01260299 -0.02668735
-0.10377494 -0.03180771 -0.16760913
0.10513549 -0.05886028 -0.00874224
-0.16163431 -0.03557721 0.05981693
-0.12136012 -0.00941351 -0.00964708
-0.09510364 -0.03121832 -0.22058643
0.03191174 -0.01405864 -0.02950593
-0.12108260 -0.00494102 -0.01479671
-0.12739952 -0.01037442 -0.02165443
-0.03026948 -0.03513618 -0.18969013
0.04544091 -0.01743556 -0.03622684
-0.05997068 -0.03033686 0.24497347
0.04199746 -0.02855384 -0.09977230
0.30206856 -0.04963797 0.00204080
-0.00083755 -0.03269525 0.18672544
0.18671335 -0.02356215 -0.02337010
-0.08185080 -0.03140074 -0.20402710
-0.20894174 -0.06046671 -0.03096777
0.29080838 -0.04437590 0.02356739
-0.09544800 -0.03380050 0.22568841
0.01477996 -0.02338187 0.06156014
0.11839483 -0.04454882 -0.01316637
-0.14223854 -0.03477004 0.02547731
-0.29307768 -0.02704085 -0.02566979
-0.12941188 -0.03036848 0.11053631
-0.01096914 -0.05417836 0.01426996
0.26398095 -0.02751226 -0.02624054
0.05925282 -0.04406700 -0.02830138
-0.04383882 -0.06534219 -0.03592966
-0.06417009 -0.03123262 0.18258750
-0.01021204 -0.01895078 0.04751941
-0.30304754 0.03591056 -0.00396256
-0.29568562 0.03811644 0.00233007
-0.00543443 -0.06767881 -0.01417343
-0.15634334 -0.01516538 -0.02894495
-0.04156604 -0.03060206 -0.22183624
-0.05603069 -0.03026300 0.30944905
0.07655427 -0.02805962 0.03310147
-0.10369857 -0.03754108 0.32167697
0.00490306 -0.04154639 -0.01476340
-0.28972316 -0.06052665 -0.01926528
-0.07460210 -0.03795030 -0.29491901
-0.05951888 -0.00207310 -0.02463773
-0.00608371 -0.03259637 -0.09165474
0.02310476 -0.00589253 0.01808344
-0.02207202 -0.03841136 0.01753392
-0.13569462 -0.03077389 -0.05263645
-0.31013268 0.01859931 -0.00282294
-0.21020813 -0.06599010 -0.02050206
0.33059683 -0.05320083 -0.00658129
-0.27582279 -0.06209564 0.01671161
-0.04649003 -0.02567810 -0.12521736
-0.15547499 -0.01937723 0.03370065
-0.06590562 -0.02549790 -0.10317519
0.08066489 0.00357578 -0.00494392
-0.05984337 -0.03160585 -0.18704003
-0.08904207 -0.03333624 0.34209073
-0.13834903 -0.03676561 -0.25872058
-0.12465601 -0.02929746 0.34662116
-0.15185137 -0.01301686 0.03501782
-0.07798455 -0.03367330 0.03457632
-0.18273295 -0.05265235 0.02557661
-0.01827704 -0.05823711 -0.01808479
-0.08468532 -0.03857280 -0.34016246
0.03848608 -0.03097351 0.09360950
0.17099456 -0.04664746 0.03121943
0.09492289 -0.06438471 -0.01718533
-0.16557574 -0.01736680 -0.02925998
-0.33869687 -0.03633427 0.01254724
-0.07873464 -0.04365217 -0.05350004
-0.19896659 -0.05218605 0.03484639
-0.23927961 0.01856312 0.01039475
-0.10736826 -0.03308230 -0.13011923
-0.06398343 -0.03210213 0.21113801
-0.08262699 -0.03127405 0.17263760
-0.30662730 -0.04905907 0.00074366
-0.28780049 -0.01821409 -0.03325909
0.22633906 -0.04714300 -0.02181855
-0.09914745 -0.03277633 0.32737264
-0.07382978 -0.03179560 0.32446823
-0.27549472 -0.02894434 -0.04166162
-0.12060127 -0.05231027 -0.06462555
-0.05013787 -0.03111178 0.23742816
-0.07443089 -0.03304961 -0.28642368
-0.21520573 -0.05727212 -0.04257618
-0.28981256 -0.04828915 -0.02167832
-0.09073206 -0.03474826 -0.27279735
-0.21019311 0.00612597 0.02107022
-0.20705082 -0.01142937 -0.01263882
0.09591258 -0.00314594 0.02034848
-0.32450160 -0.02067655 0.00235746
-0.08749509 -0.03058270 -0.15382071
0.01531286 -0.07209085 0.00167701
-0.33032447 -0.01592456 0.00137488
-0.04149483 -0.03753955 -0.31653500
0.00597551 -0.03586484 -0.12204680
-0.06301422 -0.03874620 0.24055135
0.22892508 -0.06869899 0.01577777
-0.07492208 -0.01311547 0.02972105
-0.09278233 -0.03386949 0.25033945
-0.30800927 0.02400228 0.00159586
0.13336772 -0.02756818 0.02883999
-0.20338963 -0.00447472 -0.00962529
0.25556752 -0.00925264 0.00097562
0.01897964 -0.03218688 -0.01898970
-0.23929363 -0.01072122 -0.00242516
-0.10945161 -0.02590753 -0.06493178
-0.13126364 -0.05378420 0.02942688
-0.05567220 -0.02685299 -0.16097988
-0.27012923 -0.02886594 -0.07956538
-0.10314961 -0.03043077 -0.04171861
0.03812846 -0.02753263 -0.10422231
-0.03030969 -0.01932622 -0.03743734
-0.09810635 -0.03170813 0.10385551
-0.05676804 -0.02833315 -0.17935646
-0.09590928 -0.03642995 -0.24353616
-0.06540027 -0.03447051 0.16639581
0.09713854 -0.05424127 -0.03343166
0.23356612 -0.04743438 0.03361275
0.01616996 -0.02505737 -0.10698293
-0.12776375 -0.04420530 0.03273672
-0.10488261 -0.04534639 0.10147888
-0.33971044 -0.04504873 -0.01804562
-0.05756145 -0.03260399 -0.23070143
-0.09379955 -0.03142188 0.15273830
0.21627824 -0.00812640 0.00093654
0.28441241 -0.03243607 -0.02155770
-0.32401916 -0.04660238 -0.01502665
-0.02641352 -0.02883679 0.22448878
-0.10423797 -0.03196555 0.27352291
-0.06089906 -0.03278708 0.16143098
-0.24104941 -0.06934973 0.01305648
0.04020199 -0.06643170 -0.02519136
-0.20136505 -0.06103043 0.03644546
0.05879993 -0.00453638 -0.00004209
-0.08839977 -0.02974885 -0.08550750
-0.05259170 -0.03190113 -0.22603251
-0.27917346 -0.02105106 0.03858792
-0.09218273 -0.04647128 0.15439430
0.01906218 -0.05226506 0.05346379
-0.04824425 -0.01630745 -0.04689237
-0.31322941 -0.06098033 -0.02223190
-0.10254002 -0.03511258 0.06933226
-0.06654507 -0.05149210 0.06817783
-0.04615432 -0.05715788 -0.00140284
-0.00672305 -0.01837711 -0.05854227
-0.23507205 -0.04615615 -0.01959093
-0.20345356 -0.01597343 0.02619704
-0.10984489 -0.00070432 0.01352436
-0.00222783 -0.03421596 0.10536564
-0.10966535 -0.02880825 -0.23542225
-0.04022607 -0.00120797 -0.02486323
-0.06882329 -0.03705413 -0.26904514
-0.12291408 -0.02944265 -0.10191422
-0.32686052 -0.03206490 0.03492516
-0.18012759 -0.01322959 -0.04342889
0.14905781 -0.02312514 -0.02099192
-0.14182016 -0.07087991 -0.01866124
-0.09766553 -0.02326846 0.08067886
-0.10142049 -0.03270374 0.07127528
-0.16122532 -0.05014767 0.03573597
-0.05159014 -0.01103995 0.02345588
0.21507734 -0.06704764 -0.00511806
-0.03635927 -0.03317823 -0.25485635
0.05425250 -0.02913687 -0.00925154
-0.01632512 -0.02966152 -0.09869418
-0.09384535 -0.02283648 0.04092935
-0.11476184 -0.03650253 -0.33774570
-0.07640550 -0.01079118 -0.03558392
-0.08131607 -0.01342727 -0.04118156
-0.08109894 -0.03381063 0.10097800
-0.30965760 -0.03301635 -0.04269938
-0.05551504 -0.03227664 0.29031304
-0.03257118 -0.01381284 0.04818766
-0.31587091 0.00466975 0.00182526
0.10458024 -0.04493045 0.04176458
-0.19442067 -0.04565616 0.06792260
-0.11426248 -0.03609909 -0.32954353
-0.31529924 -0.02956164 -0.05748484
0.11421963 -0.04385880 0.02927212
0.10291688 -0.04797859 0.02644252
-0.25973246 -0.04542301 0.02524491
0.14801097 -0.01828433 0.01806805
-0.05946398 -0.03585311 0.27559578
0.00707876 -0.02510384 -0.09242011
-0.23375359 -0.03120973 0.00016439
-0.05776538 -0.02979903 0.20196949
-0.12610859 -0.03561504 0.07134132
-0.27126017 -0.02433331 0.02885163
-0.13640144 -0.04106611 0.04481281
-0.03344128 -0.02926097 0.10311655
0.30736148 -0.05413367 -0.01430911
-0.07133000 -0.03129380 -0.22225747
-0.27731553 0.00474144 -0.00943734
-0.29259366 -0.02891192 -0.02868554
-0.22790995 0.01355895 -0.00858514
0.28218776 -0.02933793 -0.00218765
0.17956813 -0.00245716 0.00955399
-0.24158832 -0.04594072 -0.02314849
-0.22332379 -0.06594279 0.00858417
0.03449397 -0.02906914 -0.11166088
0.04647894 -0.03934791 0.05683045
-0.18420884 -0.03568511 0.04873182
-0.06295444 -0.07054134 0.02030890
-0.09916573 -0.03005265 0.13460542
0.17315058 0.00469219 -0.00281033
-0.25442031 -0.02754130 0.09709486
-0.29917657 -0.03845236 -0.05063577
-0.10600174 -0.03642312 -0.26314771
-0.14033122 -0.02234913 -0.02618583
-0.25955480 -0.03718808 -0.02473812
-0.18096362 -0.03191243 -0.02115916
-0.06166045 -0.00796911 0.03058844
-0.30370083 0.00835690 0.00378161
-0.04533570 -0.03192975 -0.22849801
-0.17932898 -0.02838239 0.04537932
0.16250390 -0.05225273 -0.03006841
-0.07758132 -0.03475441 0.12070093
-0.08672275 -0.02264985 0.03886277
0.02467335 -0.07358760 0.01302376
-0.10282399 -0.03492772 0.27467912
-0.16297933 -0.01023262 0.01865053
-0.04153367 -0.01679455 -0.06520380
-0.03669117 -0.02744700 -0.02021866
-0.32836732 -0.03675319 0.02561246
-0.09706824 -0.03905689 0.02472140
-0.04589541 0.00177214 -0.00261987
0.07357763 -0.01412711 0.02427566
-0.27834383 -0.00824938 0.00324198
0.24977577 -0.04269478 0.02746150
-0.10260043 -0.03420540 0.26040336
-0.00970216 -0.03295760 0.11707786
-0.10184136 -0.07333104 0.00771550
-0.30404967 -0.02517371 -0.00669617
-0.09572887 -0.01991546 -0.03228907
-0.04341160 -0.03696219 0.07095695
-0.05213674 -0.03286467 -0.12315553
0.12380985 -0.01551480 -0.01884732
-0.05922600 -0.03701697 0.20690408
0.24508949 -0.01275657 0.01216528
-0.06853966 -0.02074348 -0.05448742
-0.11164007 -0.03323529 -0.13792083
0.02532830 -0.02492713 -0.06879694
-0.04814517 -0.02390983 -0.10525748
-0.29569557 -0.03198298 -0.01323235
-0.14355002 -0.03023375 0.05837920
-0.31442901 0.00301412 -0.00181957
0.27041748 -0.05041634 -0.02048050
-0.15393813 -0.00677749 0.02508467
0.13400833 -0.03366654 0.02936004
-0.07293470 -0.02901411 -0.13981055
-0.15999570 -0.00949893 -0.03356744
-0.02872474 -0.03215157 0.21241112
-0.29621777 -0.03200901 -0.04598268
-0.09623764 -0.03202009 0.21165815
-0.02696492 -0.05340551 0.00897025
-0.08799963 -0.03136073 0.27251402
-0.02107494 -0.03028319 -0.20731817
-0.03005129 -0.01574003 -0.02197180
-0.08117129 -0.04513544 -0.08822264
-0.04525372 -0.00216272 -0.03076893
-0.31564477 -0.02650147 -0.03143399
0.22734159 -0.03553008 0.03059036
-0.19236253 -0.04196591 0.04526816
-0.06184019 -0.02064126 -0.04903273
0.20430806 -0.03241844 0.02903896
-0.25291136 -0.00391557 0.01260981
0.16014303 -0.00556916 -0.02751199
-0.19342382 -0.00613284 -0.01932073
0.05149924 -0.06950232 0.01521744
-0.01500370 -0.04741776 -0.05444740
0.32446349 -0.04821809 -0.00039700
-0.28023702 -0.01901882 -0.03716271
-0.27848154 -0.03000119 -0.05288351
-0.12076361 -0.00293342 -0.01672643
-0.04471595 -0.02951405 -0.18349563
-0.09237417 -0.03155938 -0.15286781
-0.03187350 -0.02682204 0.08255081
-0.08320269 -0.03249863 -0.08094313
-0.01611274 -0.03502557 -0.06012931
-0.05565457 -0.04225967 -0.00039722
-0.03213352 -0.05342496 -0.03624031
0.07330288 -0.07157507 -0.01017076
0.21670198 -0.01314903 -0.00996031
-0.13492808 -0.07247037 -0.01178727
-0.30021313 -0.01861949 -0.02479915
-0.03776044 -0.03595180 -0.27840260
0.05158410 -0.05367028 -0.01333383
-0.07549918 -0.03738157 0.31189314
-0.22331445 0.00380888 -0.00897839
-0.17940131 -0.05098876 0.05080304
-0.10105015 -0.03672500 -0.27650493
-0.12503809 -0.03563932 0.24031813
-0.05345961 -0.05576647 -0.03998191
-0.30996677 0.06234735 0.00185371
-0.08947799 -0.03182389 0.33564422
-0.10987231 -0.00584452 -0.01141993
-0.02818222 -0.03366245 0.11512150
-0.05158308 -0.02865308 -0.16507302
-0.05324531 -0.02746852 -0.05136266
0.07474654 -0.03315153 0.03736675
-0.07387943 -0.00545735 -0.01593917
-0.06297150 -0.02996111 0.17770258
-0.14002959 -0.04395628 0.05011582
-0.16832131 -0.07105384 -0.01393294
-0.06027202 -0.03266202 -0.16291858
0.00932644 -0.01884231 -0.12263052
-0.06496581 -0.03312037 -0.25303584
0.23695450 -0.03461188 0.02730910
0.24757256 -0.02142234 -0.01519988
-0.11585902 -0.06873628 -0.00801808
-0.05469720 -0.02708213 0.09529255
-0.10826864 -0.03791202 0.32409781
-0.05499466 -0.02725106 -0.18386447
-0.32292885 -0.03151323 0.03327474
-0.24388660 -0.03184929 -0.00979094
0.11620308 -0.03074609 0.04206863
0.16241631 0.00177141 -0.00125086
-0.22775377 -0.05675011 -0.03018343
0.17462139 -0.03865796 -0.01264254
-0.24810410 -0.02337622 0.01675126
-0.05148314 -0.02804953 0.08702378
0.06115722 -0.03347074 0.04143151
0.01373450 -0.06192999 -0.00280177
-0.01724993 -0.02657807 -0.05148821
-0.26112723 0.02247602 0.00750029
-0.21160525 -0.06844338 0.00143840
0.10741731 -0.04443625 0.02947499
0.24508135 -0.05986192 0.00632295
0.18510948 -0.04433648 0.02686330
-0.18985942 -0.01439750 -0.03314944
0.01244832 -0.01542878 -0.02960702
-0.27730727 -0.04045019 -0.02746290
-0.11237809 -0.02783386 -0.07025896
0.11391695 -0.02806056 0.02829170
-0.06718680 -0.03725367 -0.24991143
0.02497247 -0.01066892 -0.03836289
0.01565939 -0.02007538 -0.11976681
0.15659624 -0.04026207 -0.01272469
-0.08523138 -0.02893794 -0.22772451
-0.11446652 -0.04720181 -0.03452018
-0.16820012 -0.03462198 0.11581963
-0.34450978 -0.01164901 -0.00120794
-0.29724899 -0.03524379 -0.00335211
-0.20104331 0.01357097 -0.00912737
-0.01293436 -0.02720951 0.10529099
0.16782166 -0.03255080 0.03400606
-0.04960916 -0.00304812 -0.02240680
0.11056806 -0.01562632 0.02973819
-0.28037405 -0.03685938 0.03068681
-0.21450873 -0.05692238 -0.03560351
-0.06331012 -0.03029560 0.24818264
-0.06554683 -0.04210688 0.15206534
-0.11499549 0.00064591 0.00092314
-0.07909028 -0.02907088 0.17900284
-0.05670445 -0.02084548 0.06179298
-0.10235243 -0.02706131 0.02257876
-0.02999491 -0.01667972 -0.02864469
-0.09420067 -0.01382463 0.03064399
-0.07326999 -0.02890332 -0.22792786
0.19338325 -0.02002123 0.01262415
0.25032669 -0.06589963 0.01280133
-0.03575137 -0.05262243 0.00801270
-0.12713803 -0.00104981 -0.00062482
-0.04481206 -0.03598685 0.19745812
-0.04994376 -0.03167139 -0.26906806
-0.17393425 -0.03479198 0.05183890
-0.23152637 0.00616982 0.01140230
0.08599541 -0.05634810 -0.02872415
-0.07814433 -0.04112728 -0.07326522
-0.15756500 -0.00516249 -0.01091850
-0.24220914 -0.06227744 0.03509953
0.04636479 -0.05501563 -0.01356923
0.13773914 0.00128417 -0.00289709
-0.04473915 -0.04320260 0.02228057
0.00280615 0.00334941 -0.00998314
0.14047757 -0.04564158 -0.03221406
-0.19254546 -0.00054493 -0.01214174
-0.07467256 -0.03318613 -0.28754386
-0.28597155 -0.02453873 0.08205834
-0.04906899 -0.04674374 -0.06966632
0.10361784 -0.00123175 0.02031999
-0.06711121 -0.03315051 -0.10659510
-0.01679906 -0.02834074 -0.18014359
0.11737397 0.00777740 -0.00476749
0.01905533 -0.07040717 -0.01467004
0.01641366 -0.01404610 0.03632214
0.28555620 -0.02818650 -0.00342206
-0.04920706 -0.03163530 0.19349876
-0.02919415 -0.04352695 -0.03826611
-0.22689714 -0.01710780 -0.02511169
0.20309104 -0.03800078 -0.02836173
0.30035225 -0.04984500 0.01725407
0.09746487 -0.02768827 0.03374569
0.22141032 -0.04593559 0.03545174
0.01577859 -0.06726198 0.03305361
0.07715817 -0.03347463 0.04702766
-0.09302530 -0.03158247 -0.21557958
-0.12150158 -0.03796376 -0.29542241
0.21502422 -0.03791287 -0.02824845
0.01589264 -0.02894146 -0.08070730
-0.05418093 -0.02741178 -0.13041623
-0.18154933 -0.04856851 -0.03944916
-0.08639677 -0.03397786 -0.25787115
-0.03823766 -0.03009090 0.22423592
0.02372662 -0.06277020 -0.03533709
0.02172942 -0.01608419 0.03902769
0.07720536 -0.06238351 -0.02020746
-0.01526470 -0.03086407 0.12052651
-0.10526587 -0.03230488 0.15620245
-0.24306539 -0.06099405 -0.00571901
-0.01064419 -0.03099803 0.15050437
-0.12459424 -0.06624284 0.01882216
-0.10632113 -0.03315623 0.32923213
-0.06915499 -0.05672953 0.03660668
-0.05312125 -0.03822925 0.30629179
0.20938769 -0.04556634 -0.02309251
-0.28511113 -0.05791915 0.01199699
0.16834639 -0.06842232 -0.00419370
-0.25074610 -0.03095342 0.03511819
-0.11184570 -0.00812927 -0.01720832
-0.09638163 -0.03202842 0.08703780
-0.27574396 -0.03408335 0.02483963
-0.02727689 -0.03678555 -0.14238228
-0.15011117 -0.06474175 -0.00220371
-0.00598110 -0.05238083 -0.04307920
-0.26057532 -0.00010015 0.01086956
-0.03998952 -0.03127268 -0.22643782
0.03459404 -0.05273017 0.05557055
-0.13456015 -0.00063815 0.00363772
-0.10930808 -0.02961246 0.10087021
0.08782893 -0.04758476 -0.01316189
-0.05936779 -0.06285225 -0.02212067
0.04027837 -0.02638297 0.03916478
-0.04493901 -0.03179987 0.09204240
-0.06220310 -0.02533226 -0.12637292
-0.08839093 -0.02867154 -0.14633423
-0.00739485 -0.02128999 0.07147695
-0.26367432 -0.03657687 -0.00584718
-0.25139171 0.01321419 -0.00516975
-0.07373266 -0.04486383 -0.08156376
0.14196803 -0.01515616 -0.01988599
-0.08453727 0.00740857 -0.00658420
-0.27048039 -0.02963814 0.03709763
-0.02084200 -0.00129515 0.02705244
0.29764444 -0.03296640 0.01906132
-0.18093310 0.00321421 0.02088709
-0.01698120 -0.03707993 -0.06890175
-0.32225445 -0.05133555 0.01375471
0.05281534 -0.00977886 0.00569722
-0.03383008 -0.02964747 -0.14998336
-0.06361219 -0.03837838 -0.24394430
-0.24362360 -0.01489680 0.00600827
-0.10730930 -0.06101515 -0.03792648
0.07324468 -0.06811514 -0.01141763
-0.07041073 -0.04280911 0.13938586
0.02388518 -0.04240333 -0.01220375
-0.12753902 -0.03006314 0.08918799
-0.11514458 -0.03454853 -0.21727540
0.26465127 -0.01102067 0.01178023
-0.12555924 -0.04240506 -0.03525655
0.23511449 -0.04815025 -0.02780673
-0.13564238 -0.06146479 -0.01517588
-0.11861712 -0.03094474 0.13399665
-0.05177717 0.00195983 -0.00897594
-0.01184944 -0.04327075 -0.05139114
-0.07524320 -0.03456219 -0.04044780
-0.11411902 -0.03609424 0.11334059
-0.26529911 -0.00723639 -0.00212048
-0.02216466 -0.01855579 -0.02714750
-0.11737785 -0.03712247 0.32023880
-0.09091568 -0.02135042 -0.04095235
0.18207127 -0.06201339 -0.01817553
-0.22696146 -0.05741763 -0.03757574
0.01845887 -0.05049774 -0.04267132
-0.33379701 0.05801035 0.00195258
-0.05665456 -0.02602946 -0.13545813
-0.27702221 -0.03616681 -0.00343924
0.34651002 -0.05018384 -0.00495263
-0.07652071 -0.03465980 -0.14028504
-0.34601817 -0.01136499 0.00233405
-0.05594458 -0.02592122 -0.06837332
-0.25183836 -0.02732341 0.07425114
-0.13093525 -0.03190328 -0.05840588
0.13834757 -0.01088718 -0.01867246
-0.15685952 -0.00622601 0.02052038
-0.10137490 -0.03096492 0.32960811
-0.06777126 -0.03545711 0.22866859
0.14151186 -0.06172242 -0.02534512
0.12706178 -0.02863407 -0.02853425
-0.05974608 -0.03408024 0.12930556
0.12573312 -0.06803906 0.01991806
-0.08885279 -0.06049865 -0.03920960
-0.28968480 0.03477350 0.00003716
0.04324479 -0.04495134 -0.04077506
-0.31883681 -0.02824904 -0.02570106
0.20431721 -0.06573195 -0.00599024
-0.05409885 -0.03216138 0.08677168
-0.09226011 -0.03083445 -0.20559438
0.06179412 -0.01148375 0.02218509
-0.03169862 -0.02630809 -0.10883352
0.01354693 -0.03863673 -0.04521037
-0.10098142 -0.03477423 0.23629186
-0.21767476 0.01811403 -0.01127663
0.12036838 -0.05833951 0.02795871
0.15093669 0.00204213 -0.00968785
0.16664381 -0.02273833 0.03319446
-0.01771840 -0.05840396 0.02705278
0.00571900 -0.04658890 -0.03749903
-0.04134839 -0.02754978 0.08561709
-0.07572985 -0.02896043 -0.18047845
-0.03528953 -0.02848382 0.14621662
0.01059465 0.00013565 -0.02098257
0.01017667 -0.06886017 0.02392474
-0.07486679 -0.02558829 0.01204205
-0.20202078 -0.02785186 -0.00314152
0.00426552 -0.02783000 0.11188872
-0.16965771 -0.01109085 -0.00791885
0.19089182 -0.03648830 -0.03587218
0.10030316 -0.05592110 -0.02824738
-0.10863433 -0.03520681 0.33294171
-0.08490299 -0.00313347 -0.02487769
-0.09608999 -0.03042584 0.14441685
0.07281139 -0.02250963 0.04976713
-0.05023687 -0.02773111 -0.15836345
0.03523327 -0.07138106 0.01094213
-0.26632544 0.00526649 0.01291621
0.04294578 0.00260476 0.01970392
0.09933200 -0.02088796 -0.04098762
-0.09052820 -0.02376549 -0.05019589
-0.32190722 -0.04549205 -0.02650385
0.11514314 0.01257723 0.00477380
-0.13341469 -0.06643762 -0.01315872
0.30488747 -0.03407219 -0.00710793
-0.26925185 -0.03666922 0.01739304
-0.06893672 -0.02561234 0.05673388
-0.05302986 -0.03435957 -0.15015173
-0.10891590 -0.03613048 0.26330087
0.01030336 -0.03590102 0.04714576
0.04800056 -0.03000316 -0.02955436
-0.12810242 -0.03011043 -0.17601356
0.16513570 -0.05744186 -0.00837716
-0.10616373 -0.03459966 0.33191633
-0.17736429 -0.06836973 0.00939910
-0.09017959 -0.01209418 -0.02896774
-0.13469820 0.00232331 0.01174766
-0.32193300 -0.01649817 -0.00823918
0.07504507 -0.04005615 0.03535648
-0.13154742 -0.06255760 0.02299780
-0.34059033 0.01764266 0.00048599
-0.12398821 -0.02688614 -0.08593819
-0.04467578 -0.03659625 0.23212634
-0.31755564 -0.03220164 -0.01402256
-0.08310147 -0.05383690 -0.04827569
0.27999645 -0.02049936 -0.01232711
0.07398903 -0.01486019 0.03307792
-0.08741608 -0.03503704 -0.24679604
0.00795208 -0.02137483 -0.08274066
-0.22765797 -0.03599470 0.05667435
-0.12524182 -0.03593855 0.29155207
-0.29863331 0.05470116 0.00624746
-0.10435735 -0.03519465 -0.27284339
0.07054192 -0.00610998 -0.01298025
-0.05056561 -0.01583649 -0.05434815
-0.17801350 -0.06272617 0.02971482
-0.08878490 -0.02549643 -0.12188896
0.12505506 -0.03816677 -0.01299342
-0.10430455 -0.01517262 -0.04252566
-0.09151205 -0.03332345 0.21996519
0.27803546 -0.05148701 0.00418084
0.00096603 -0.02806818 0.12537029
-0.11951604 -0.00246491 0.01628998
0.06519378 -0.02472376 -0.05561376
-0.09905160 -0.03510564 0.28679806
-0.07090930 -0.03358666 0.23498048
0.27630386 -0.06169233 -0.01673602
0.01730294 0.00278984 -0.00860330
0.16049318 -0.04040653 -0.02804351
-0.05822235 -0.05414455 -0.04181219
-0.05267478 -0.02957724 -0.13963385
-0.05711881 -0.03761586 0.07696646
-0.03801998 -0.03448152 -0.19277307
-0.14845608 -0.07146848 -0.00696351
-0.18446457 -0.00405798 -0.01903673
0.17659864 -0.02001388 0.03156640
0.13009773 -0.03892742 -0.03622986
-0.09949535 -0.03472520 0.16381280
0.02296797 -0.01384046 0.02134662
-0.02332267 -0.06766092 0.00474137
-0.10504617 -0.02819456 0.13756549
-0.02093068 -0.07161129 0.00603224
-0.25259277 -0.03081487 -0.04776551
-0.09624743 -0.03424260 0.28583729
-0.05640470 -0.02121758 0.02502687
-0.04552730 -0.03731673 0.22259603
0.08628239 -0.04233466 -0.04630210
-0.11353414 -0.02978839 0.23719360
-0.10728515 -0.02614394 -0.07165510
-0.01137704 -0.02661004 0.10600852
-0.11455828 -0.02163036 -0.02781634
-0.05141136 -0.00776399 0.02651310
-0.03183644 -0.02321775 0.07850447
0.16874899 -0.01421476 0.02612769
-0.07464620 -0.03393033 -0.30930489
-0.18811433 0.00558519 -0.01967327
0.05545558 -0.06623951 0.02604429
0.09859654 -0.05221689 -0.01321067
