0.02358166 -0.06643122 0.11327932
0.03353065 -0.02885756 -0.01848871
-0.05077064 -0.06208779 -0.03235233
0.01782817 -0.10253780 0.07802481
0.18770698 -0.02920891 -0.02293485
0.00820515 -0.07980869 0.07654752
0.00719936 -0.09159148 -0.00898420
0.06079751 -0.07810263 -0.08825815
0.06179873 -0.10311101 -0.09202497
0.23828232 -0.04305434 -0.03068559
0.06406938 -0.09612581 -0.12449756
-0.13047805 -0.04160200 0.30723998
0.00061499 -0.09185475 -0.11412759
0.12008876 -0.01998504 0.00744001
-0.06706910 -0.06002687 0.16803125
-0.09106293 -0.05052452 0.24982798
0.15907188 -0.09298985 0.01294583
0.01904640 -0.07760325 0.09671982
-0.08332478 -0.09415674 -0.00894302
-0.04952282 -0.09617431 -0.00042103
-0.04713948 -0.07636781 0.04233822
0.06249880 -0.08130088 0.07960132
0.01788181 -0.09002824 -0.01443031
-0.04909290 -0.07398108 0.04784667
-0.31904221 -0.02118270 0.00247627
0.07021936 -0.03661596 -0.03210573
-0.12454980 -0.09156136 0.00224745
0.26166216 -0.08945046 -0.01633505
0.02079560 -0.09791750 0.10727392
-0.27953342 -0.02021395 0.00661824
-0.19204770 -0.08467636 -0.00429773
0.03147992 -0.08163905 -0.06118811
0.22577547 -0.07748785 0.02862408
-0.16202563 -0.03711547 0.02995043
-0.28916886 -0.03577740 0.04648053
-0.15913397 -0.07942455 0.02556418
-0.02952590 -0.09043532 -0.02606603
-0.20989546 -0.03581591 0.02837407
-0.10952874 -0.05210353 0.23813851
-0.02544369 -0.07845739 0.04665951
-0.04756125 -0.06980287 -0.08917111
0.08901954 -0.07733522 -0.02812785
-0.09638610 -0.05266748 -0.22790338
0.19046262 -0.03558886 -0.02565641
-0.00250258 -0.07840263 -0.08229965
0.08667856 -0.08589992 -0.02400151
-0.06057855 -0.06506813 0.15533189
-0.03551542 -0.08985602 -0.02685868
0.20855244 -0.02811520 -0.02230160
0.03535219 -0.07452887 0.05145051
-0.03135193 -0.05834975 0.16688552
0.04446007 -0.07048615 -0.09120517
-0.06012021 -0.05650153 0.20613059
0.29562712 -0.03519595 -0.02592863
-0.01237871 -0.08074173 0.03782866
0.04152274 -0.09345338 -0.01734998
-0.03343802 -0.05891674 0.17738393
0.05670356 -0.10127361 0.10920090
-0.08463001 -0.05409741 0.22419426
0.02714516 -0.10623825 -0.07439438
0.24203230 -0.06379929 0.03312706
-0.35549793 0.08578248 0.00224164
0.08439903 -0.01886179 -0.00805701
0.23334618 -0.02178342 0.00904426
0.04830503 -0.10400462 0.09158736
0.04163388 -0.09362829 0.00742996
-0.03930322 -0.06521194 0.11301556
0.01582198 -0.07503543 0.03618881
-0.02076277 -0.01727493 0.00657455
0.26037195 -0.02305300 0.00397016
0.03827829 -0.07365929 0.08666094
-0.07665857 -0.09395056 -0.00848929
-0.23303360 -0.06873900 0.02343868
0.03433336 -0.07723354 0.09654688
-0.17685458 -0.01642880 0.01560832
-0.02025055 -0.06072417 -0.13558234
-0.11364756 -0.02454741 -0.01857405
-0.05638543 -0.07029258 0.11201078
-0.32073742 -0.03969370 0.01505477
0.06652137 -0.07229535 -0.08775862
0.04934136 -0.01955364 -0.00035767
0.34910446 -0.06628338 0.01680593
-0.00383982 -0.07193065 -0.08189461
0.14639319 -0.06600529 0.03284372
0.11925007 -0.06760326 0.02996669
0.01223330 -0.09851179 0.10949402
0.15194583 -0.03686102 -0.02890120
0.01444962 -0.06450579 0.09014607
-0.32155323 -0.02944717 0.06190664
-0.23498282 -0.01748510 0.00901585
0.06010414 -0.10333921 0.10642556
-0.04180282 -0.06198506 0.13667269
-0.06403527 -0.05867299 0.18297569
0.09573799 -0.07743765 -0.02658721
0.03914946 -0.08109194 0.08839642
-0.00598812 -0.06369609 0.10733591
0.04114949 -0.09739779 -0.11715963
-0.33248630 -0.04762966 -0.01011205
0.04243954 -0.07625267 0.05676594
-0.08761062 -0.09223653 0.01741343
-0.02462472 -0.07881723 0.07832326
0.02587964 -0.06874093 0.03909194
0.05130694 -0.08349002 0.03157947
-0.02514842 -0.06000764 0.15946634
-0.21592629 -0.08458982 -0.00236004
0.05962114 -0.08535433 0.07721177
0.27106652 -0.02465234 -0.01751594
0.03011461 -0.06711841 -0.09387691
-0.11216569 -0.05568045 -0.03119687
0.04158087 -0.07703871 -0.09280030
-0.00301409 -0.07023996 -0.04865694
0.03192947 -0.07082208 0.09102957
-0.29317743 0.02570915 0.00579799
-0.32296774 -0.02685042 0.09173670
-0.12324679 -0.04614285 -0.29310399
-0.06040797 -0.06429709 -0.14433962
0.05526660 -0.10543003 -0.10211008
0.13783251 -0.03589613 0.03090676
-0.02256275 -0.07012224 -0.11321978
-0.29132888 -0.00305270 0.00626172
-0.05483261 -0.08388904 0.01305538
0.18508103 -0.09141627 0.01141997
-0.24682640 -0.06761514 -0.01508016
-0.02535145 -0.02178860 0.01507142
0.10516910 -0.05260640 -0.03344040
-0.11957452 -0.05431706 -0.03692099
-0.33916351 -0.02889476 -0.08381210
-0.25963441 -0.05359365 0.02271896
0.00384516 -0.07872908 -0.10413528
0.23626666 -0.06111789 -0.03231473
0.03418450 -0.07678511 -0.03438690
-0.30066326 0.01285741 -0.00535816
-0.25846583 -0.04438994 -0.02707211
-0.14870441 -0.02043741 0.00921450
-0.24610452 -0.01520001 0.00661926
-0.00393383 -0.06458059 0.13211770
0.33127266 -0.04196208 -0.01436170
-0.04967789 -0.05440589 0.17716523
-0.02458410 -0.01900781 -0.00776476
-0.09149936 -0.01995366 0.01648373
0.09625723 -0.01981645 -0.01132928
-0.32006770 0.00629430 0.00531550
0.25754026 -0.02265724 0.01187884
0.17572157 -0.05319441 -0.03337150
0.03338408 -0.07975955 -0.08186404
-0.06494273 -0.06251283 -0.17896436
-0.31703961 -0.02206439 -0.00121317
-0.04363922 -0.10287850 0.05541564
-0.34890410 0.09266596 0.00173316
-0.01525391 -0.06115487 -0.13678865
-0.29016256 0.00234903 -0.00438643
-0.33418322 0.02577351 0.00228432
-0.25280523 -0.06229370 -0.02298648
-0.06027601 -0.03274721 -0.02550138
0.28341594 -0.02469136 -0.01641015
0.14098668 -0.08279266 0.02225086
-0.04851201 -0.07707664 -0.06466034
0.03626477 -0.06709529 -0.05072971
-0.32521445 -0.05263345 0.00404404
-0.02800013 -0.07976848 0.07747770
0.00639724 -0.07557201 0.09233060
-0.02390017 -0.05937583 0.03544461
-0.27696180 -0.03653399 0.02041506
-0.16264084 -0.05499620 -0.03300927
0.05720565 -0.02632856 -0.01649301
0.04443127 -0.08551187 0.07896210
-0.14212745 -0.04810406 0.03296766
-0.27978176 0.03800713 -0.00009254
-0.23866217 -0.05859130 0.02675987
-0.33815327 -0.02862132 -0.06715122
-0.31978294 -0.02584434 0.09034358
-0.04164157 -0.06266710 0.16658846
-0.20857115 -0.02241338 -0.00509912
0.12406617 -0.04677298 0.03483215
0.00483826 -0.06978046 0.04859064
-0.01184820 -0.06665791 0.06760435
-0.10077589 -0.08757511 -0.01448388
-0.09735519 -0.05009363 0.27193841
-0.29796016 -0.03387063 0.04840440
0.26943415 -0.02023709 0.00729968
-0.12051889 -0.02400997 -0.01864031
-0.05439149 -0.08783062 0.03392274
0.02711100 -0.06706498 0.08210263
-0.17575073 -0.03670196 0.02724687
0.04190530 -0.08219483 -0.09256937
-0.33165956 0.05902504 -0.00164824
0.18136162 -0.01760964 -0.00083512
-0.10896561 -0.01535738 0.00579224
-0.32945156 0.05810295 -0.00231703
0.02632296 -0.07754739 0.08694154
-0.11433786 -0.04840968 -0.28147662
-0.09688904 -0.04701195 0.26640949
0.31141868 -0.10282664 0.00684186
-0.30159852 -0.03258891 0.05547641
0.22702332 -0.03946137 0.03074296
-0.32180288 -0.02876271 -0.05137532
-0.06943604 -0.06393997 -0.14806263
0.01384999 -0.08002188 -0.02548076
-0.23562101 -0.01190814 -0.00276638
-0.05455818 -0.07011458 0.06811912
-0.10014901 -0.05438606 -0.03188633
0.03175477 -0.08770271 0.10723510
-0.33990675 -0.03039950 0.05859619
0.31094244 -0.08044181 0.02199389
0.13954288 -0.08644256 -0.02318265
0.14133233 -0.03986213 0.03195655
-0.11287354 -0.05224782 0.23937266
0.17086640 -0.09203542 -0.00015854
-0.12356412 -0.01798867 -0.01150833
0.07560015 -0.09389795 -0.00239495
-0.04986655 -0.05657878 0.21930507
-0.24022856 -0.03399830 0.02951758
-0.34698206 0.07236662 0.00082754
0.04443365 -0.07937502 -0.08005685
-0.06934536 -0.03673143 0.03151465
-0.13445644 -0.01835024 -0.00382493
-0.02881232 -0.07554034 0.08579153
-0.03083928 -0.08297201 0.02765768
0.00405189 -0.05516727 0.03365552
0.02192221 -0.08252931 0.05384787
0.18434502 -0.09257412 -0.01139289
-0.03491680 -0.06999711 0.10840204
-0.02152229 -0.07788843 -0.03426849
0.05475651 -0.07839794 -0.10231936
-0.08137548 -0.05030208 0.25849432
-0.32565793 -0.03025914 -0.07103302
0.07845980 -0.02144414 0.01726996
0.16114613 -0.06518906 -0.03427083
0.00054791 -0.06728606 0.02989474
0.02877658 -0.08006964 0.09465276
-0.02172303 -0.06011715 0.16412440
-0.27212119 -0.03846755 -0.01827669
0.10953327 -0.01656726 -0.00354312
-0.02333571 -0.06313291 -0.14760605
0.02371122 -0.09859038 -0.11330235
0.30779731 -0.10509397 -0.00255883
0.01443009 -0.06333262 0.07810864
-0.30049425 0.01188091 -0.00151273
-0.07475106 -0.05694569 -0.18873179
-0.10166625 -0.05160047 0.25567219
0.30519775 -0.08773762 -0.01416101
-0.29066733 -0.05025937 0.02470955
-0.11605758 -0.05025749 -0.26980975
0.03275866 -0.08711415 0.12344228
0.01189142 -0.07928523 -0.08975619
0.27805531 -0.07444718 0.03009001
-0.09648294 -0.09029854 -0.01869052
-0.25105229 -0.01662669 0.00717692
0.01118199 -0.06830505 0.09335982
-0.02156866 -0.09261868 0.01156280
0.04058571 -0.07166058 -0.03238553
0.08252080 -0.04906579 0.03412867
0.02441417 -0.08008482 -0.10004227
-0.30234528 -0.03196052 -0.05377777
-0.00451127 -0.07374100 0.07919671
0.05945412 -0.08300042 0.03014707
-0.23697071 -0.04486990 -0.02720868
-0.00009587 -0.06991426 -0.12854199
0.02368509 -0.06646888 -0.09564733
0.02376898 -0.07838582 -0.08179270
-0.04977037 -0.10344028 0.05917922
-0.03417967 -0.06421142 -0.11188259
-0.00779534 -0.07068759 -0.06425010
0.18902600 -0.08729032 0.02319244
0.02392838 -0.07426177 -0.10342111
-0.31103334 -0.04303771 0.02233448
-0.34692708 0.10824654 -0.00053943
-0.29022685 -0.05797113 0.01522451
-0.01813718 -0.06688690 0.07614743
-0.06220650 -0.06262191 -0.19303055
0.02061869 -0.06870625 0.02445285
-0.21992622 -0.08128650 0.00354493
-0.08126459 -0.05360436 0.23640703
0.00968472 -0.07132484 -0.03960809
-0.10762374 -0.05261676 -0.25286874
0.31715548 -0.08992336 0.01210139
-0.06508993 -0.05834821 0.21436462
-0.20980544 -0.04724503 -0.03089355
-0.03780285 -0.05448628 -0.18451029
0.15705706 -0.01679344 -0.00964605
-0.01124733 -0.04245339 -0.02982136
-0.28599936 0.00284355 -0.00588700
-0.26628789 -0.07504383 0.00156069
0.03503330 -0.07037999 -0.06356294
-0.02122095 -0.10068230 0.06054446
0.02897055 -0.07766963 0.10028274
0.02404303 -0.09679653 -0.10261346
0.01708718 -0.06816915 0.08598110
-0.11914556 -0.04582444 0.27490580
-0.34294063 -0.02960720 -0.06802593
0.07008398 -0.07804614 -0.08714706
-0.03197639 -0.06222010 0.13023119
-0.34660485 -0.02518918 -0.09433721
-0.28977147 -0.03632016 0.02257851
-0.26998770 -0.00879149 0.00320623
-0.27508432 -0.06054855 -0.01697289
-0.12290745 -0.04891173 -0.28391567
-0.06636851 -0.07078362 0.07070417
0.02559020 -0.05477445 0.03470229
0.04642820 -0.06774523 0.04207144
-0.24632943 0.00215511 0.00270675
0.06392089 -0.07903716 -0.10769176
-0.12230380 -0.04775297 0.27926800
-0.10460477 -0.04079347 0.03156153
-0.00596573 -0.06006325 0.04001524
0.14133030 -0.07338123 0.03246624
-0.16734555 -0.06516645 0.03100960
0.26716065 -0.08586697 0.01902668
-0.11603607 -0.09043618 -0.01413158
0.26604307 -0.09104785 0.00215234
-0.21247694 -0.01972637 -0.01308301
-0.11567531 -0.04415045 0.29560587
-0.31318703 -0.05724354 0.00970414
0.03782505 -0.02779675 0.02231786
-0.26787677 -0.06834286 0.01312590
0.04636706 -0.08969308 0.11199956
0.32598338 -0.09064173 0.00944450
0.02037583 -0.07456451 -0.09230299
0.06531120 -0.08014838 0.05284903
-0.02105159 -0.03612659 0.02975201
0.01909867 -0.07532591 -0.12180521
-0.23664007 -0.02713131 -0.01906973
0.00992295 -0.07240320 -0.03504525
-0.16699859 -0.02035433 0.01636309
0.05129536 -0.02294418 0.01423962
-0.33256429 -0.03425810 -0.02997603
-0.30782989 -0.04800975 -0.01352807
0.05942840 -0.09188588 0.07496372
0.02655507 -0.09411091 0.00123808
0.05640193 -0.07936171 -0.09744328
-0.34836596 0.09222710 0.00215348
0.03091715 -0.08139177 0.03618734
-0.19031505 -0.08149815 -0.02070734
0.21414070 -0.08252670 -0.02433236
-0.07508881 -0.06725471 -0.10679861
-0.27874261 -0.06062592 0.01142556
0.32193449 -0.07466898 0.02212542
-0.04727362 -0.07062966 -0.06448288
0.02604859 -0.08175880 -0.07856730
-0.00194781 -0.07747521 0.10313004
0.05727521 -0.07953157 -0.10479495
0.02604090 -0.06675117 0.09126373
-0.30560887 0.04907011 0.00152389
-0.30119354 -0.03149998 -0.03488443
-0.24531429 -0.06871340 0.02459447
-0.22703582 -0.01469684 -0.00018230
-0.02927560 -0.09068169 0.01541878
-0.25143203 -0.02337243 0.01406920
-0.11030110 -0.04453354 -0.29742065
-0.33158901 -0.03424410 0.01294739
-0.02421574 -0.07656694 -0.02599523
-0.27679247 -0.02336067 -0.00548755
0.16398962 -0.07760636 -0.02599072
-0.00352138 -0.08073728 -0.06547333
0.18438670 -0.05335400 -0.03340380
-0.34314176 0.07053815 0.00074997
0.13903935 -0.02235674 0.01343148
0.07931451 -0.07382399 0.02935472
0.08339409 -0.04929094 -0.03575151
0.07020096 -0.08792642 0.02569713
0.26197895 -0.07540610 -0.02781175
0.06234031 -0.10029522 -0.09963616
-0.19908702 -0.08695836 0.01141598
-0.34226477 -0.02717135 -0.08662820
0.03577440 -0.08103407 -0.08490808
0.07756671 -0.07769478 -0.08290861
-0.33779868 -0.02939686 -0.05789810
-0.33708683 -0.02523356 -0.08769596
-0.00002151 -0.06383084 0.10278276
0.05681230 -0.07363316 -0.04318386
-0.34416333 -0.02526063 -0.00029476
-0.00947717 -0.10364401 0.04670713
-0.08444323 -0.05282158 -0.25443396
-0.02227856 -0.09374154 -0.03972957
-0.34334970 -0.02440129 0.11262339
0.33798674 -0.04391104 0.00569781
-0.31184149 -0.03569907 0.02798921
0.07529575 -0.07914740 0.11463823
0.04679163 -0.07886813 -0.10361990
-0.17957895 -0.02229361 -0.02090640
-0.31377944 -0.03055904 -0.07867660
-0.00493890 -0.06490152 -0.07891826
-0.01868127 -0.07751446 0.03826317
0.20849079 -0.05095809 0.03473802
-0.04590463 -0.07053950 0.07304713
-0.02060545 -0.01909276 -0.00766392
-0.03310476 -0.10357732 -0.05320058
-0.07462025 -0.02566105 -0.01953153
0.03219534 -0.08682889 0.08354874
-0.07490750 -0.05219205 0.24137671
-0.04270129 -0.03352368 -0.02716014
-0.09524316 -0.05726258 -0.22255938
0.06184639 -0.07983623 0.08343317
-0.07875483 -0.05250192 0.23283228
-0.03931305 -0.04152812 -0.02839320
0.00620414 -0.07323737 0.10098152
0.02634732 -0.06777126 -0.10113320
-0.07572557 -0.01814698 -0.01030503
0.09519770 -0.03156617 -0.02362681
0.21243523 -0.08431792 -0.02154157
-0.10050526 -0.08485790 0.02693152
-0.32527107 -0.02849292 0.07953048
-0.13526997 -0.04772893 0.03394382
0.19981767 -0.08537315 0.02605092
0.34786072 -0.07040360 -0.01275105
0.28667796 -0.02499651 0.00075873
-0.27354845 -0.06143360 0.01306827
-0.01504322 -0.09328710 0.01744197
-0.29725581 -0.03677210 0.02374028
-0.26422095 -0.02075035 -0.00333611
-0.26005065 -0.05791810 0.02551972
0.01992249 -0.07019329 -0.05276320
-0.30468583 -0.03052117 0.06036162
0.30284750 -0.03928490 -0.02500554
0.20210204 -0.01845786 -0.00201966
-0.03777669 -0.05876723 0.14638358
0.04959005 -0.07922994 -0.08134010
0.04789864 -0.10330270 -0.07810561
0.19029337 -0.09095474 0.01275930
-0.28258833 0.02534635 0.00504485
0.00106500 -0.02297796 0.01471005
0.31112945 -0.09119079 -0.00746609
0.13003965 -0.09201583 0.01229240
-0.24274524 -0.01178943 -0.00291127
-0.13250139 -0.07513204 0.02902664
0.16166177 -0.08251904 0.02450162
0.16060044 -0.06561215 0.03299791
0.28933963 -0.03013312 0.01778333
-0.34674132 0.05269718 0.00212562
-0.11576697 -0.04594571 0.03439305
0.09359848 -0.06193366 -0.03250638
-0.07218353 -0.04999975 -0.25198600
-0.10482815 -0.05232583 -0.26553842
0.05720896 -0.09078346 -0.02218832
-0.30564854 -0.04377722 0.01632875
0.24830872 -0.05340856 0.03672829
-0.29717305 -0.03699657 0.03509903
-0.08786795 -0.05597995 -0.03716483
-0.00860787 -0.08919077 -0.02808972
-0.07752009 -0.06109897 -0.16655208
-0.07400692 -0.05853584 -0.20132039
-0.10403947 -0.01968759 0.01726803
-0.27552751 -0.00166106 -0.00431269
-0.05198827 -0.05663640 -0.16161968
-0.00375719 -0.06689192 0.11191864
-0.05327722 -0.06064333 0.17821689
-0.04793527 -0.06726489 0.10646869
-0.09205586 -0.05764740 0.19778246
-0.30054080 -0.03447541 0.04374282
0.04311933 -0.07206201 0.03544855
-0.32473904 -0.01424037 0.00375793
-0.00257806 -0.04888784 -0.03430171
0.02003307 -0.07317805 -0.09216318
0.02006056 -0.07800394 0.08654227
0.34068194 -0.07548231 0.02108009
-0.20808782 -0.05894494 0.03120821
0.11875385 -0.09333143 -0.00089020
-0.03527333 -0.05822449 0.17414372
0.04253802 -0.10129437 0.11239111
-0.07622851 -0.06081857 -0.19661660
-0.09204727 -0.04786688 -0.26901734
-0.19501364 -0.08854243 -0.00770407
0.14219785 -0.06600321 0.03524248
-0.32652810 -0.00305291 0.00033313
-0.34779093 -0.02215726 -0.10920643
-0.00565062 -0.09330751 -0.04655351
0.23809612 -0.03448819 -0.02604688
-0.02815095 -0.07040428 -0.07923769
0.31158525 -0.03572030 0.02376970
-0.21456924 -0.03543580 0.02722022
-0.29296768 -0.02646798 0.00782962
-0.05292197 -0.06532750 0.14990512
-0.25684336 -0.04002563 -0.02127316
-0.30379716 0.00490813 0.00348807
-0.01020020 -0.06464668 -0.04553407
-0.32674086 -0.03541888 -0.03356814
0.01961667 -0.08908682 -0.02230362
0.32891276 -0.05796627 0.02499862
-0.11480302 -0.09159812 -0.00125055
0.33348089 -0.05685828 -0.02743740
-0.32097542 -0.02940273 -0.03941429
-0.08644490 -0.05515784 0.21833986
-0.11114491 -0.08636752 -0.02172954
0.31551072 -0.05064843 -0.02504668
0.22620729 -0.02715486 -0.02362671
-0.01445955 -0.08035289 0.02310672
-0.04492006 -0.05557381 0.21076354
-0.08450858 -0.05949754 -0.20204268
-0.26592892 -0.05912105 0.02281404
0.09652418 -0.01974735 0.00414973
-0.32249367 -0.03021063 -0.05648500
0.26827011 -0.08947580 -0.01263670
0.06026009 -0.07725478 -0.09956109
-0.00786706 -0.06361350 0.14386936
-0.18750387 -0.07341307 -0.02372593
-0.03916197 -0.06698503 -0.11985900
0.33628073 -0.07053972 -0.01475329
-0.05462309 -0.06317221 0.14488670
-0.18655702 -0.05349338 -0.03139961
-0.24418685 -0.00583808 -0.00181250
-0.04853571 -0.05761702 0.19385611
0.02714508 -0.02507353 -0.01864895
-0.12880769 -0.04490280 0.28927073
0.01414182 -0.06719615 0.02706616
0.03728680 -0.06357685 0.03262548
-0.08350817 -0.05176111 0.24884686
0.06472392 -0.08239943 -0.11161178
0.05374125 -0.07887221 -0.09271333
-0.11086473 -0.04226056 -0.03109527
-0.05972090 -0.05747696 -0.21867357
0.00242561 -0.07231662 -0.10817288
-0.31170675 0.02413587 -0.00161826
0.02911491 -0.06700032 -0.05244542
-0.33759892 -0.02849522 0.05037951
0.05836037 -0.07748839 -0.10130316
0.18445702 -0.01825901 -0.00054263
0.18910280 -0.07379907 0.03099513
0.05085190 -0.07624133 0.09711117
-0.32719290 -0.03305925 0.04773404
-0.10235959 -0.05206991 0.23856731
-0.24146250 -0.04122866 -0.02478312
0.31877792 -0.07262717 -0.02042915
-0.32488728 -0.02842883 -0.08240442
0.34070012 -0.06719095 0.01807724
0.08934493 -0.09558258 0.00315829
-0.33727336 -0.02488083 0.12356950
-0.02452891 -0.07251333 -0.09047391
-0.11431362 -0.08332697 0.02694385
0.31177703 -0.09111085 0.00218199
-0.03900798 -0.06899062 -0.12312027
0.12918605 -0.06164023 -0.03365489
0.14989367 -0.03598030 -0.02635872
-0.08933709 -0.05688516 -0.03252918
-0.08629957 -0.08742853 0.02144921
-0.29865450 -0.03975743 -0.00956829
-0.11799419 -0.04687493 -0.28022736
0.00330004 -0.07709857 -0.04440999
0.06019878 -0.10344949 0.10237325
-0.20403643 -0.08970478 -0.00361224
0.00379287 -0.07943796 -0.07726614
0.16880126 -0.07512392 0.03106760
-0.04901488 -0.06333803 -0.15818445
-0.19732347 -0.04708066 -0.03116356
-0.05991666 -0.05584181 -0.22612466
-0.16768804 -0.07067360 0.02740111
0.01440838 -0.07366251 0.09169600
0.05074163 -0.07835129 0.10522018
0.14005983 -0.05461976 -0.03452734
-0.10968917 -0.04581396 -0.28908172
-0.08220664 -0.05316751 0.23301697
-0.14853171 -0.01724213 -0.01092301
-0.24236941 -0.07542374 0.00154898
0.28299230 -0.02909783 0.01408502
0.00401780 -0.07470237 -0.10761392
-0.02086761 -0.08468398 0.05683393
0.06287760 -0.08796809 0.02345857
0.00583291 -0.05284702 -0.03154721
0.31828463 -0.08341146 -0.00938955
-0.33867389 -0.02461913 -0.10782359
0.01034383 -0.06589811 -0.08315135
0.03762347 -0.07893670 0.10485350
-0.33654699 0.06005321 -0.00060591
-0.01071957 -0.09081671 0.01906496
-0.13979205 -0.03486865 0.30939141
-0.14570473 -0.04784644 0.03191181
0.34910545 -0.05837649 -0.01461539
0.16340189 -0.06490272 0.03381613
0.22436948 -0.04772998 -0.03542575
-0.33432314 -0.02478316 0.08879094
-0.00760602 -0.06636341 0.03483808
0.03041766 -0.05132809 0.03698976
0.06433359 -0.10076418 0.10345630
-0.04000919 -0.10090809 0.05641560
-0.04452070 -0.08578026 -0.01858784
-0.07099803 -0.02628803 0.02461953
-0.07590882 -0.01894499 0.01248472
-0.00865339 -0.09199569 -0.11074137
0.05299282 -0.06933086 -0.02766256
-0.32111835 -0.03180110 -0.05636244
0.33153662 -0.08117430 -0.00954761
-0.09693404 -0.03408451 0.02988063
-0.32314500 -0.03635576 -0.01255174
-0.11221994 -0.04468124 -0.29439873
-0.32387918 -0.01729908 -0.00145027
0.01630937 -0.06697831 -0.10140676
0.06036872 -0.07422499 0.03337456
0.34536958 -0.08042350 0.01121305
-0.09024008 -0.05353872 0.23996195
0.01947431 -0.07077069 -0.10904426
-0.02281758 -0.05516162 0.03283472
0.08852598 -0.02310308 0.01858333
-0.09852184 -0.05117667 0.26105684
0.31302899 -0.02944747 -0.01358604
-0.09443806 -0.04414089 -0.03229839
-0.04230713 -0.07912590 -0.04549477
-0.14321959 -0.03368130 -0.02765427
-0.13954741 -0.05653141 -0.03075201
0.07534593 -0.08274657 0.03007801
-0.06224285 -0.06740536 -0.03384256
-0.28981882 -0.03952740 -0.02476416
0.04022855 -0.07375383 -0.10601732
-0.22773832 -0.06977808 0.02795565
0.01343360 -0.07157853 -0.09045488
0.05832479 -0.08766223 -0.10726919
0.05609806 -0.09832467 -0.08105716
-0.04164408 -0.07354136 0.06079558
-0.04510480 -0.05767652 0.18897207
-0.03954373 -0.10332857 0.05676115
-0.04198665 -0.07744961 -0.04135125
-0.21366164 -0.03079621 -0.02167933
-0.11485381 -0.04335063 -0.29635006
0.23763818 -0.02833477 0.02080144
0.07309013 -0.07377359 0.03050330
0.28230655 -0.10587893 -0.00052029
-0.28354907 0.03788153 0.00098374
-0.04270341 -0.05562055 0.17799640
-0.30862466 -0.03089291 -0.03595256
0.21939252 -0.03496680 -0.02597925
0.24678577 -0.02187810 0.01005921
0.13589908 -0.01852826 -0.00118892
-0.08816424 -0.04682740 0.26608291
-0.32916844 0.04440078 0.00218028
0.05416751 -0.09800269 -0.10574690
-0.07893334 -0.05185309 0.24957839
-0.32118043 0.02526743 -0.00061621
-0.06872178 -0.06466959 0.13344997
-0.05326308 -0.07073145 0.06965498
-0.10438012 -0.04836027 0.27671802
-0.35412639 0.08705585 -0.00002018
-0.08412310 -0.03278174 -0.02341336
0.18071447 -0.03647872 -0.02993944
0.04417033 -0.09855471 -0.11547144
0.11094739 -0.03504949 -0.02753143
-0.25313210 0.01674651 -0.00152235
-0.07685395 -0.06114722 0.16335061
0.00411774 -0.07312120 0.08781105
0.14571977 -0.03926496 0.03060367
-0.30383858 -0.05812655 0.00803316
-0.13339294 -0.06505474 0.03364433
0.06483648 -0.09811961 -0.08040835
0.27480316 -0.02848995 0.02084957
0.21075296 -0.01968269 -0.00765317
-0.04904047 -0.05909458 -0.17415759
-0.13600343 -0.08838130 0.01774504
-0.09917641 -0.04392361 -0.03509166
0.19617622 -0.08390679 -0.02001272
0.35249093 -0.05222855 0.00527425
-0.00837060 -0.07513969 0.02604903
-0.04150123 -0.06807517 0.09160905
0.13221245 -0.08208600 0.02657568
-0.16610605 -0.08749045 0.01170184
0.00730086 -0.06411004 -0.08333797
0.04116893 -0.07451428 0.08036000
-0.09909702 -0.04935384 0.27352446
0.10105993 -0.09361915 -0.00976492
-0.00020048 -0.07034203 -0.06332416
0.04867747 -0.06692656 -0.02186498
-0.06631975 -0.06006510 0.03793922
-0.10881022 -0.04944335 -0.25248888
0.03669186 -0.07854534 0.08698633
-0.03642727 -0.07391622 0.05864990
0.24898632 -0.04715323 -0.03293080
-0.29616314 0.02959521 -0.00193637
-0.04520623 -0.06944476 -0.08941054
-0.05932124 -0.05679294 -0.20678307
0.05780398 -0.07578619 -0.08931203
0.26745591 -0.08933558 -0.00990597
-0.06411874 -0.06203745 -0.16528161
-0.05423399 -0.02701589 0.02449379
0.00103215 -0.06490929 0.09717851
-0.11324371 -0.02577981 0.02245068
0.11844185 -0.09044205 0.01709696
-0.02453061 -0.06882092 -0.09376802
-0.21600480 -0.04177852 0.02663312
-0.02306173 -0.09382525 -0.00586245
0.04973621 -0.08660030 -0.11399398
0.24086075 -0.09129939 0.01572290
-0.09200529 -0.05265111 -0.25238508
0.06459829 -0.06342254 -0.02456821
0.01270564 -0.10331242 0.08293805
-0.30156860 -0.03536631 0.03687271
-0.05189497 -0.06352611 0.03039930
-0.31463039 0.01178278 0.00252138
0.16413271 -0.08735376 0.02544697
0.01036799 -0.06376141 0.12575328
-0.06595808 -0.05481930 0.21863165
0.31452262 -0.05146972 0.02798406
0.13301639 -0.02894484 0.02335229
-0.04777667 -0.07169584 -0.04851892
-0.34152451 0.05110541 0.00263386
0.05745465 -0.07995616 -0.10890885
-0.35975128 -0.03060313 0.00178739
0.00952074 -0.09918404 -0.11272588
0.07110896 -0.08315420 -0.03159118
-0.05988036 -0.07731700 0.02780562
0.05483291 -0.10717229 0.09848424
-0.30828688 -0.04102127 -0.02484420
0.34750694 -0.04501993 0.00572754
-0.30436739 -0.03883934 -0.02381698
-0.05305208 -0.05641640 -0.20248426
0.01425220 -0.07570753 -0.11725878
0.33015916 -0.03638390 0.01059147
-0.30856365 -0.03637686 -0.04203717
-0.10475458 -0.04738557 0.27538070
0.33084789 -0.06528898 -0.02214589
-0.07300171 -0.06337009 0.14883408
-0.33286661 -0.02741439 0.06395592
0.05097720 -0.07905720 -0.10408951
-0.04357720 -0.06638975 -0.12834105
-0.02171449 -0.04649127 -0.03541844
-0.10522375 -0.05208503 0.24398741
-0.14573364 -0.06549699 0.03251946
0.04805899 -0.09366163 0.00592395
0.23265040 -0.06332571 0.03298227
0.05395161 -0.08627708 0.11885718
-0.08870408 -0.09156052 0.01253262
0.17942752 -0.03502162 0.03049685
0.02457311 -0.08372151 0.03409988
-0.07777511 -0.05108847 0.24438317
-0.15961602 -0.02559948 0.02292957
-0.32344422 0.07425343 0.00161853
-0.00173760 -0.07058700 -0.04546632
-0.08683420 -0.05862141 0.19676462
-0.08897557 -0.05190297 -0.25698653
0.00802127 -0.07739849 0.07992005
-0.06931460 -0.06492151 -0.14140429
-0.25519907 -0.07065995 -0.00390401
-0.11623206 -0.01733898 0.00492007
0.05568548 -0.10335004 0.10594907
0.06154383 -0.02022500 -0.00113878
0.00857629 -0.07166062 0.08751269
-0.11542591 -0.04025892 0.30475819
-0.05883155 -0.06538549 0.12843160
-0.23671301 -0.00131981 0.00008083
0.04640717 -0.02188788 -0.01353103
0.36911926 -0.07277360 0.00477432
-0.01898681 -0.07718867 0.03261164
-0.30636823 0.02315819 -0.00062175
0.06537826 -0.08512540 0.07472261
-0.18001321 -0.09092763 -0.00737674
-0.32229453 -0.02770562 0.06492261
-0.24997871 -0.07469234 -0.01629196
-0.03104577 -0.11548834 0.04149218
0.19227436 -0.01462827 -0.00103898
-0.34849212 0.10804232 0.00016365
-0.06072265 -0.05314777 0.03940332
-0.04179350 -0.09192486 0.01409609
-0.36173204 -0.02156753 0.10169949
-0.00203461 -0.06580742 0.09028323
-0.06342877 -0.05523574 -0.18655246
0.04460760 -0.10498052 -0.10724369
0.06054761 -0.07991285 -0.09153304
-0.21977256 -0.07101569 0.02007394
-0.33228210 -0.00193853 0.00330529
-0.05684446 -0.06385357 -0.15553325
-0.05217107 -0.06421140 -0.13187747
-0.06438523 -0.05870866 -0.21288647
-0.03821852 -0.10454744 -0.04785839
-0.04052710 -0.05919998 -0.17007579
-0.34714547 -0.02750882 0.07155444
-0.02195271 -0.05957888 0.16107483
-0.22118184 -0.01681355 0.00703438
0.08210176 -0.08221114 0.02312950
-0.19393443 -0.03572847 -0.02648722
-0.31938979 -0.04911147 -0.00907887
-0.34173071 -0.02963168 -0.07236281
0.04263787 -0.07348901 0.11527669
0.05788256 -0.09963873 -0.09680349
-0.32944739 -0.01520937 0.00035890
0.00993965 -0.09026027 0.02387334
-0.11451490 -0.04778337 -0.27083468
0.25761858 -0.05297153 0.03591006
-0.35494703 -0.03184885 0.00049101
0.30715874 -0.08057678 0.02070695
0.00150032 -0.01733935 0.00653852
0.02040395 -0.06934475 -0.03151663
-0.09995674 -0.07181896 0.03391756
0.20991097 -0.03903509 -0.03108043
-0.07899677 -0.04388845 -0.03099624
-0.33502719 0.02141993 0.00044452
-0.11844495 -0.04539532 -0.03122000
0.02337651 -0.07931203 -0.08417051
-0.30039307 0.04775452 0.00214851
0.05270873 -0.04368750 0.03304097
-0.26546586 0.02367327 0.00020267
0.10746466 -0.04921718 -0.03474714
-0.12124079 -0.06539918 0.03579143
0.10977892 -0.09422476 0.00470103
0.00112422 -0.09205656 0.00934919
-0.11128582 -0.04140620 -0.03445883
-0.13058949 -0.03704266 -0.30520234
-0.19014943 -0.02041516 -0.01156316
-0.03991551 -0.08954319 -0.01538038
0.00752475 -0.08162146 -0.02649885
-0.08074593 -0.05597363 0.22068337
0.01898071 -0.09339383 0.02261223
0.02852456 -0.08387333 0.02705173
-0.05593015 -0.07032561 0.06300342
-0.26382181 -0.02840475 0.01984825
-0.08150071 -0.05808319 0.19708458
-0.06572388 -0.06281042 -0.17764626
0.01398114 -0.07344643 0.07598484
0.27746436 -0.08936180 -0.02020827
-0.00401597 -0.03182610 0.02654695
0.01706376 -0.07449878 -0.11986634
-0.31483817 -0.03782279 -0.01393912
-0.13239308 -0.02480239 0.02208711
0.26150781 -0.05336881 -0.03331273
0.20609969 -0.02544483 0.02144327
-0.06984127 -0.05902262 0.18692426
-0.06339388 -0.05605721 0.19854039
-0.30942881 -0.03027715 0.01961489
-0.08512229 -0.05028487 -0.26381969
-0.27215901 0.01697222 -0.00094876
-0.02528259 -0.06229850 -0.15443213
-0.02057833 -0.09743883 0.04584028
-0.04514864 -0.07876326 -0.02519424
0.18750851 -0.02862225 -0.02230696
-0.16246712 -0.01933672 0.00940846
0.30934095 -0.08051695 -0.02422152
-0.30491051 -0.03097262 0.05732960
0.07287136 -0.08486223 0.08209152
-0.10159178 -0.04517888 -0.28890470
-0.05556080 -0.06252190 -0.17055000
0.01375549 -0.08943347 0.06630092
-0.33135685 0.09292162 0.00056091
0.19283679 -0.06579958 -0.03066426
0.09915330 -0.02199147 -0.01353565
-0.33851030 0.01644324 -0.00033220
0.00415758 -0.07092860 0.10230879
0.05382790 -0.10477909 -0.10993548
0.31984413 -0.02960636 -0.01148749
-0.20457159 -0.08209019 0.01056364
0.00118021 -0.07338453 0.03285326
0.18890312 -0.09412500 0.01212245
-0.16513970 -0.08248235 0.01720815
-0.22980833 -0.07545440 -0.01363820
0.05262318 -0.07689833 0.10676988
-0.04099625 -0.06925503 0.10087523
0.11324697 -0.08396690 -0.02048314
-0.05469370 -0.05554822 -0.21812823
0.03807064 -0.09106351 0.02706780
-0.35621622 0.09752959 0.00077661
0.07817448 -0.08986923 -0.02268626
-0.34537756 -0.01153871 -0.00040456
0.04926016 -0.09560162 0.00266026
-0.08598948 -0.05604013 -0.21649772
-0.18817647 -0.05343133 0.03685824
-0.01588166 -0.07985856 0.03343422
0.01255333 -0.09091173 0.10487770
0.22736523 -0.04772861 -0.03182387
0.16183574 -0.09086651 0.01438029
0.06270005 -0.07697061 -0.07961173
-0.02705383 -0.07990751 0.09065182
-0.09433034 -0.05203434 -0.23383008
0.08636369 -0.07457173 0.02845022
-0.03672070 -0.01861751 -0.01058547
-0.28351983 0.00900191 0.00310701
0.13466603 -0.02846639 -0.02156075
0.06905713 -0.09288790 -0.02068900
-0.02414271 -0.01969535 -0.01037284
0.03463959 -0.09166089 0.02960249
-0.14519452 -0.09425811 0.00450491
-0.32459292 -0.03161788 -0.05644948
0.00385425 -0.06716873 0.03763222
-0.07935406 -0.03218701 -0.02445451
-0.22479321 -0.08201814 -0.00580701
-0.32679993 -0.03764759 -0.02156906
0.08019911 -0.10001816 -0.09951653
-0.10801014 -0.08643341 -0.01873830
-0.01831418 -0.06125112 0.16483742
-0.15802069 -0.02655169 -0.01740866
0.30130237 -0.04348801 0.02742407
0.00885649 -0.07772080 0.09131099
0.10395994 -0.06253947 0.03200304
0.16844293 -0.03670914 -0.03159864
-0.03454372 -0.11101399 -0.05368023
0.08937576 -0.06259961 0.02781267
0.31237864 -0.03253642 -0.01630929
-0.04896436 -0.07180871 -0.07290843
-0.29460165 -0.01700085 0.00775347
-0.34126347 0.08655784 0.00168395
-0.11453317 -0.05011560 0.26151943
-0.26046771 -0.04523105 0.02480171
-0.01377280 -0.02110801 0.01546810
0.07701844 -0.02074058 -0.01372549
-0.04750603 -0.07375178 0.07021704
0.05582032 -0.07140944 0.09125241
0.20423058 -0.08545550 0.02291920
-0.28583664 -0.01702729 -0.00502087
-0.03065411 -0.05881501 0.14822826
-0.05093776 -0.06984378 -0.08797984
-0.11575260 -0.05009006 0.26890257
0.29512772 -0.10554621 -0.00058423
0.01153087 -0.09272274 -0.08608474
0.01092623 -0.07999371 -0.09147481
-0.28225499 -0.01459887 0.01016743
0.06585876 -0.08504388 -0.06896677
0.04243987 -0.10192758 -0.10115245
-0.07840422 -0.05212395 0.23897794
0.29597738 -0.06409846 -0.02576353
-0.03508703 -0.06789114 -0.10342708
-0.18802145 -0.02458854 0.02574863
0.05470055 -0.02087486 -0.01403359
-0.03897884 -0.08010425 -0.02616195
-0.35073233 0.10714574 0.00020673
-0.03644225 -0.02493503 -0.01787300
0.00251636 -0.06412280 -0.08627717
0.33241653 -0.04468648 0.00644207
-0.00883180 -0.02083651 -0.00804481
-0.19121647 -0.07209088 -0.02615726
0.05436959 -0.06718842 -0.02627051
-0.02932813 -0.08927900 -0.03115136
-0.33045164 -0.03276411 0.04451769
0.25514978 -0.01997411 0.00690168
0.03974228 -0.09252558 -0.02004538
-0.02722904 -0.08119920 0.02795701
-0.02632771 -0.09407850 -0.03532166
0.07617289 -0.07745967 -0.03065880
-0.09086349 -0.05230724 0.22919738
-0.34161833 -0.03124367 0.04391426
-0.08775945 -0.04698332 0.27513090
-0.00977386 -0.06324963 -0.12839219
0.13917357 -0.04970649 0.03497100
0.05698305 -0.08444683 0.11249709
0.16522251 -0.03744971 0.02916250
0.00523432 -0.07177211 0.12437408
-0.30203003 -0.04555911 0.01451109
0.04314891 -0.03888808 -0.03101820
-0.29241687 -0.02104063 -0.00257799
-0.07248660 -0.05951115 0.18438362
0.01163555 -0.02139855 0.01119844
-0.00026421 -0.06595986 -0.04192294
0.01757875 -0.09423129 0.01706276
-0.03068363 -0.06107321 0.14217724
-0.28657442 -0.02070370 -0.00330662
0.04291566 -0.08603932 -0.03045603
-0.02588749 -0.06172784 -0.03358579
-0.28942835 -0.03123526 0.01736813
0.05392268 -0.07720938 -0.11024828
-0.06277275 -0.06026401 0.17143889
-0.32729405 -0.00284199 0.00231940
0.11371203 -0.09241634 0.00970941
-0.33297902 -0.01523264 0.00041147
0.28250790 -0.02203696 -0.00149555
-0.15649755 -0.07913048 0.02622756
-0.25723284 -0.02510308 -0.01769919
-0.31995434 -0.04232278 0.02397328
-0.04793349 -0.06265213 -0.14940549
0.12967145 -0.02156584 -0.01176871
-0.20144039 -0.04793644 -0.02984999
-0.02656666 -0.07715955 -0.03659835
0.01056260 -0.06754358 -0.07072787
-0.30611071 -0.00748664 -0.00474298
-0.01517264 -0.06870931 -0.05456457
0.31071350 -0.08099477 -0.02130029
-0.16698317 -0.01772376 -0.01021487
0.02974036 -0.06837923 -0.09664760
-0.27967957 -0.02760757 -0.01816472
-0.30728266 -0.00751211 -0.00284547
-0.05057608 -0.06847082 -0.10203301
0.25568047 -0.02907671 0.02215797
-0.02532319 -0.11073270 -0.05566530
0.33910239 -0.07932611 0.01178917
-0.03037050 -0.06710179 -0.10607383
-0.11208635 -0.04546794 -0.03043493
-0.12509015 -0.02409237 0.02218224
-0.27707589 -0.03396803 0.01746352
0.00793942 -0.07989430 -0.08474042
-0.00962391 -0.06379323 0.13679563
0.22693665 -0.07742751 0.02982691
0.04103913 -0.09121696 0.03104913
0.29405868 -0.02872626 -0.01712108
-0.03383236 -0.06220908 -0.16363487
-0.32292122 0.07199277 0.00185135
-0.22686268 -0.07365926 0.01759126
-0.10636578 -0.05106987 -0.26447365
-0.05277888 -0.05715435 -0.19407584
0.35067278 -0.05843306 -0.01804869
-0.26107413 -0.07044869 -0.00626140
-0.01720834 -0.07662021 -0.10968116
-0.13380367 -0.03655579 0.03180273
-0.33714843 -0.02832221 -0.07453655
-0.08801001 -0.05965099 -0.19249716
-0.08602016 -0.05163066 -0.26072749
-0.32889324 -0.03455992 -0.03756416
0.06556479 -0.08976150 -0.02637292
-0.03163486 -0.07044210 0.08135004
-0.19209400 -0.02137926 0.01071388
0.10762966 -0.08833270 -0.01317626
0.10381529 -0.01747810 -0.00635574
0.00176309 -0.07021191 -0.03131687
-0.25929913 -0.07107095 0.00389044
-0.13513525 -0.04418275 0.29050446
-0.33301070 0.02976190 0.00193585
0.00247510 -0.07085592 -0.04782575
0.11627251 -0.02917078 -0.02457101
-0.01142282 -0.09157144 0.01548330
-0.04441614 -0.07531718 -0.05640476
-0.02422061 -0.06950246 -0.04214358
-0.31587613 -0.04062690 0.01351734
-0.33472258 0.04982838 0.00235906
-0.31020752 -0.03476476 0.03474710
-0.03378442 -0.11585424 0.03803399
-0.05923938 -0.06769519 -0.09720910
0.08597877 -0.06303987 -0.02405286
-0.00546647 -0.06750151 -0.05838663
-0.27332491 -0.02863854 -0.01741071
-0.11900976 -0.03403908 0.03071785
-0.02856295 -0.10174499 0.06355422
0.02344300 -0.09205275 -0.09104788
0.09351701 -0.07499197 0.02978574
-0.01927446 -0.06305785 0.11783510
-0.33123478 -0.04035863 0.02151153
0.02719774 -0.07746694 0.09363985
0.01343506 -0.07110117 -0.10813876
-0.26243407 0.01726241 -0.00098011
0.01851160 -0.06714282 -0.09137792
-0.06130958 -0.02653349 -0.01822573
-0.21007819 -0.06669945 -0.02488253
0.01159068 -0.06749120 0.08196421
0.27289113 -0.07905697 0.02704486
-0.05127590 -0.06762595 0.09248380
-0.02927543 -0.06217978 -0.16155781
