0.12039641 -0.04902302 0.00562558
0.15929052 -0.01137114 -0.04796219
0.00634574 -0.05076588 0.00630988
0.15414697 -0.02237363 0.16054451
0.12582028 -0.03280089 0.10311230
-0.23062830 0.01625147 0.00026317
0.10067474 -0.01707010 -0.30379385
0.25488108 0.01805842 -0.00066612
0.01496704 -0.00397968 -0.01673978
-0.02990467 -0.03654173 -0.01456573
0.09741591 -0.05695898 0.00399417
0.09733418 0.00840828 -0.02339263
0.07498674 -0.01573068 0.27713507
0.05433482 -0.05252149 -0.00192200
0.10581364 -0.02894989 0.16067122
0.16520722 0.00710738 -0.01946171
0.11841361 -0.02737636 -0.17648111
0.12785877 -0.02412736 0.29159835
-0.19147845 -0.01369359 -0.02377777
0.02136971 -0.00843299 -0.04130705
-0.04256209 -0.05432674 -0.00611110
0.08322211 -0.01873795 -0.30064678
0.10951202 -0.01795489 0.26333144
0.14268665 -0.05755334 0.00153217
-0.10852929 -0.01865523 -0.01989893
0.06384881 -0.03017057 -0.15483165
0.06295188 -0.02944239 0.10192842
0.10694224 -0.02726274 -0.08329263
0.13379000 -0.03045946 -0.14695835
0.12907809 -0.02248795 -0.07850200
0.09671551 0.02385842 0.00817900
-0.20687585 -0.02227457 0.02725973
-0.02439156 -0.01144528 0.02408557
0.27670020 -0.04105278 -0.00417267
0.04404693 -0.01998932 -0.26252562
-0.26831365 0.05592945 0.00259774
0.19083655 -0.02156033 0.11248244
0.23536578 -0.02201202 0.01814827
0.29400346 0.00085784 -0.00334645
0.05452443 -0.02707583 0.12785725
0.02821293 -0.02428466 -0.02873420
0.09201643 0.01660227 -0.01281412
0.14921682 -0.03212177 -0.06985012
0.11865032 -0.02047932 0.28961480
0.14100078 -0.04576925 0.01829191
0.22230670 0.01674894 -0.01310645
0.19742712 -0.02231037 -0.05618487
0.10666282 -0.02906116 0.18435545
-0.22966823 -0.01241408 0.03167491
0.11597747 -0.02437331 0.23927690
-0.14901081 0.00327381 -0.01688860
0.05224676 -0.02688762 -0.16208053
-0.17890231 -0.03013344 0.01537852
-0.11555912 0.01141901 0.01043741
0.11583196 -0.02953746 -0.03577926
-0.09394267 0.01461478 -0.01240474
-0.28450590 -0.01863247 -0.04740854
-0.12479552 0.00892073 0.00837369
0.09375412 -0.03832115 -0.03633794
0.05925008 -0.02417898 -0.13426137
0.15387705 -0.02207574 -0.08965285
0.11169041 -0.01890472 0.05201441
0.05536479 -0.01961535 0.31805551
0.12265600 -0.01641584 -0.19328170
0.13509519 -0.02828196 0.18901603
0.09129923 -0.02790435 0.09502970
0.05860740 -0.02142523 -0.24758983
0.09809202 -0.02666643 -0.19315653
0.03110036 -0.02618377 -0.09152018
0.06078582 -0.01918840 0.12296261
0.04653862 0.00330424 -0.03045202
0.10328007 -0.01764281 -0.24766181
0.08021849 -0.04268128 0.01774182
0.10978954 -0.02201098 0.24275377
0.08954215 -0.02269556 0.24852380
0.06210507 -0.01897317 0.30570784
0.01888682 0.00160965 0.01825039
-0.21140079 -0.01121783 0.03286371
-0.06177915 -0.03658660 -0.01893896
0.05014481 -0.02336875 -0.19575678
0.14131185 -0.02144841 0.13196367
0.06620825 0.02402510 -0.00549846
0.15175346 -0.03407034 0.02416063
-0.04357039 -0.01845274 0.02455379
0.14589351 -0.04054092 0.03419427
0.11126523 -0.01375157 -0.22740605
0.15785173 -0.05272428 0.00601436
0.05469171 -0.04981545 -0.00301908
0.08522876 -0.01638193 -0.17915873
0.14948879 -0.02906790 -0.07040101
0.21960986 0.00534793 -0.03069578
0.11385663 -0.02829541 -0.16865031
0.22163278 -0.00415104 -0.01998939
0.06572787 -0.01448253 -0.33145040
0.16701049 0.00226116 0.00931692
0.08852154 -0.02065346 -0.02325852
0.11222137 -0.02868559 0.20645063
0.08084953 -0.05210392 -0.01222600
0.15246582 0.00482978 0.01685493
0.06612444 -0.02016291 0.23477845
0.02791209 0.02280065 0.00201920
0.07671574 0.02725890 -0.00465129
0.13440003 -0.01657077 -0.30174387
0.08017790 -0.01918286 0.09487989
-0.13586053 0.01418562 -0.00954013
0.12157698 -0.02100947 -0.29032177
-0.26155248 0.05511568 -0.00203962
0.23167501 -0.01035036 -0.03655543
0.23654278 0.01720567 0.01819931
0.23159166 0.00437242 -0.03181184
-0.23099867 -0.01930610 -0.01266090
-0.15201530 -0.03265698 0.01273047
-0.26461899 -0.00742743 -0.03214363
0.09913553 -0.02857774 -0.01991526
-0.22765772 -0.00741345 -0.00830252
0.04398803 -0.02684619 0.20494674
0.03319147 -0.04593576 -0.02607185
-0.26858655 -0.01282396 -0.00290872
0.07084806 -0.01968847 0.31819385
-0.03096728 -0.01652241 0.01956608
0.01828941 -0.05209982 0.01673091
0.09207471 -0.02070177 -0.30227965
-0.00337517 -0.03374385 -0.02995577
0.00978361 -0.02587247 -0.05414731
-0.19853510 -0.03621618 0.00290653
0.04013294 -0.02328803 0.24767303
0.14313175 -0.02179985 0.27171391
-0.22828792 -0.01824697 -0.05060871
0.02630539 -0.03268588 -0.08367698
-0.28241923 0.04478081 0.00474622
-0.26341453 -0.01921226 -0.11089783
0.30499598 -0.01286953 -0.01242046
0.05626152 -0.02310949 0.21426989
0.03697893 -0.02598508 -0.19564703
0.08332418 -0.02074555 0.16653854
0.11534652 -0.03085601 0.21966249
0.00162816 0.01564469 0.01337046
0.15496390 -0.01660148 -0.26558921
0.00038606 -0.04297040 0.01217793
0.01999665 0.01997755 -0.00161597
-0.27032176 -0.00850950 -0.02847750
0.09142375 -0.02800727 -0.22130781
0.14165533 -0.01681941 -0.05300222
0.11727830 -0.01161086 0.34959731
-0.20278031 -0.03646343 -0.00988497
0.19019425 -0.00390769 -0.00053497
-0.06515002 0.01577302 0.00722811
0.06543402 -0.04638830 -0.00886389
0.15340282 -0.02658914 -0.04565072
0.05409838 -0.01725250 -0.35706094
-0.13620287 -0.03872648 0.01434848
0.24255827 0.00869445 -0.02069948
0.06038256 -0.02540442 -0.05918998
-0.24683143 -0.01473258 -0.07404787
0.05802672 -0.03519299 0.02014766
-0.14722668 -0.02222493 0.01257633
0.09284440 0.01344042 0.01040618
0.05601398 -0.02345358 0.32965389
0.13957715 -0.05549154 -0.01592736
0.00045624 0.01311365 -0.01769115
-0.12442800 -0.03556232 0.01973836
0.11833840 -0.01825458 -0.12201830
0.14246872 -0.01574834 -0.26993594
0.27483958 -0.02062293 0.02427027
-0.09446786 -0.05026256 0.01559349
0.03980499 -0.02473807 0.25590751
-0.19706520 -0.00690883 0.02721709
0.14177313 -0.02719304 -0.23978321
0.10496777 -0.03448668 -0.13889803
0.07230239 -0.02332290 -0.15862635
-0.24284159 -0.02060866 -0.10223813
0.07202870 -0.01805874 -0.23771840
0.04969513 -0.02409634 0.26057538
0.16404551 -0.02559599 0.04242106
0.10995302 0.01687195 0.00737330
0.18415135 -0.01771375 0.03630758
0.17574804 -0.04300146 0.00057249
0.10615205 -0.03096288 -0.10326019
0.01268517 -0.02742642 -0.02789997
0.04984102 -0.02022149 -0.27429855
0.11427674 -0.03607716 -0.03030662
-0.18063492 -0.02772502 -0.02126243
0.00778478 -0.03166237 -0.07646001
-0.09971529 -0.02459802 -0.01863679
-0.25119784 -0.01647349 0.02328005
0.28627792 -0.01661467 -0.04514878
-0.02834702 0.02172633 -0.00977041
-0.26880497 -0.00119906 0.00722964
-0.06668337 -0.03649728 0.01308955
0.08731501 -0.01655934 -0.34346539
-0.21440665 -0.01408291 -0.01763636
0.28467828 -0.00469086 0.00596764
0.18028459 -0.03055585 0.04955518
-0.23845658 -0.01674609 -0.03804614
0.12364009 -0.05456959 -0.00757454
0.12239720 -0.03367030 0.02993787
0.12284074 -0.03834986 0.13803661
0.06521626 -0.02212926 0.26145315
-0.13401067 0.01075007 0.00810165
-0.14064008 -0.00242357 0.02661487
-0.10527139 -0.03586411 0.02781114
0.04179399 -0.02950177 -0.15482070
0.13062765 -0.02532539 0.26362577
-0.25002521 -0.01731656 -0.10817515
-0.26423752 -0.01141803 -0.01253491
-0.27060318 -0.01074098 -0.01172600
0.19105807 -0.04179557 -0.01506717
0.12349536 -0.02683487 0.03972663
0.01652294 -0.01637422 0.03297216
-0.25862139 0.00903090 0.00216829
-0.18907408 -0.02258310 0.02305493
-0.01193759 -0.04277059 0.00451079
0.09012427 -0.01939354 0.09754113
-0.22090702 0.00153046 0.01310681
0.26959679 -0.02646082 -0.03181777
0.22451741 -0.04621346 -0.01855508
-0.16986205 -0.01225160 -0.02164987
0.18142052 -0.03038063 -0.02349205
-0.02658170 0.00572205 -0.02524030
0.22481334 0.02402630 -0.00792329
-0.08108433 0.01148707 0.01252039
0.06748717 -0.03312759 -0.14607772
0.09436917 -0.01191559 -0.36814609
0.13083541 -0.02509144 -0.23052953
0.11601054 -0.02094392 -0.26983550
-0.29298943 0.00104760 -0.00341694
-0.19614170 -0.01356333 0.01482654
0.12851103 -0.01676686 0.18322934
-0.12353634 -0.04250796 -0.00042287
-0.10218471 -0.04254971 -0.01592129
0.27125126 0.00555477 -0.01410360
-0.14788318 -0.02180565 0.01869195
-0.21516314 -0.03350487 0.02104490
0.20464937 -0.02491972 0.04314362
0.11863540 0.01697323 0.01184066
-0.04141030 0.00243094 0.02104235
0.07944667 -0.03180242 -0.13516960
0.11494552 -0.03142678 0.05217425
0.11399429 -0.01420286 0.36856982
0.04633959 0.02152402 0.01180844
0.05140808 -0.00117391 0.00474609
-0.27015999 -0.01719502 0.02087145
0.18292803 -0.01278220 0.04644671
-0.28630912 -0.01608340 -0.08004432
0.07824776 -0.01967346 -0.24453090
0.16870551 0.00313741 0.02381084
0.07490535 -0.02923655 -0.10556828
0.10569835 -0.03101331 0.10854199
0.10336928 -0.02184535 -0.09539378
0.17446430 -0.03094139 0.05679544
0.10096599 -0.01514163 0.36303002
-0.20622635 -0.03026435 -0.02304021
0.18577988 0.01231829 0.00464969
0.15963234 -0.03438882 0.09424254
-0.20709622 -0.03116947 -0.02403760
0.07995472 -0.03154926 -0.01641265
0.13965453 0.01412188 -0.02413416
0.06608075 -0.03589369 0.11189511
0.07615313 -0.02603686 0.04053175
0.09584486 -0.02961313 -0.11085421
0.09681343 -0.02506711 -0.23120022
0.18090974 -0.04556885 0.02399550
-0.10394760 0.01100383 0.00511028
0.12455899 -0.02067205 -0.02549395
0.04931774 -0.03674696 0.09466973
0.05242424 -0.03798496 -0.05493301
0.06526402 -0.03039558 -0.11625414
-0.12124679 -0.03475283 -0.02227290
0.12215466 -0.02859247 -0.06966893
-0.25911781 -0.01524277 -0.04619925
-0.20593867 -0.02119934 0.12762748
-0.00665117 0.02183964 -0.00213548
0.13939972 -0.02387777 0.07738686
0.25765043 -0.00438134 -0.03616615
0.01860842 -0.04231765 0.00445251
0.08638558 -0.01602459 0.25433230
0.06909417 -0.02999562 -0.19635043
0.06607654 -0.01459911 -0.32274765
0.21930294 -0.03725408 0.02670876
0.16469292 -0.00885201 0.02980621
0.11040970 -0.01719666 -0.25494069
0.17838594 -0.00561290 0.02646064
-0.12950324 0.00626473 -0.01565701
0.01429409 -0.03545364 0.02128188
0.07139648 -0.02053260 -0.30328119
-0.26796752 -0.00306481 -0.01221516
-0.27901331 -0.01709256 0.08464457
0.04076567 -0.03780975 -0.02000032
0.11465301 -0.04674184 -0.01532494
0.13254389 -0.02280592 0.16205585
0.04086903 0.02155489 0.02225354
0.22492653 -0.00800380 0.03711180
-0.19978535 -0.00586134 -0.00740003
0.08725005 -0.02508112 -0.09347305
-0.15723349 -0.02199555 0.02810111
0.23827016 -0.02544288 0.01858011
0.04621724 -0.03166131 -0.09132848
0.11304861 -0.01617971 0.29409334
0.11042014 -0.02502502 0.15688105
0.03982584 -0.01887333 -0.06787208
0.07475510 -0.02315356 0.31227884
0.06494017 -0.02515115 0.01827721
-0.17315772 0.00409171 -0.00096856
-0.12218656 0.00702116 0.00591552
-0.23024966 -0.01081530 -0.01195212
0.13498236 -0.02239051 -0.23718201
0.21550891 0.01299524 -0.01835889
0.07568536 -0.01526045 -0.32406035
0.05318860 -0.03069645 -0.15293130
0.10673704 -0.03874990 0.09475154
0.08541839 -0.02674033 -0.10342506
0.13211322 -0.01639341 0.19185880
0.07102589 -0.01831251 0.30119362
-0.24197312 -0.01931057 -0.10178675
-0.25693846 -0.01970203 -0.11649862
-0.02819296 -0.00207636 -0.03116857
0.06403986 -0.01319007 0.35761893
-0.27996242 -0.02001785 -0.12059060
0.03523334 0.01104649 -0.01935322
0.05773459 -0.02507650 -0.09076138
0.09567134 0.01279290 0.01523551
0.03943028 -0.02670094 0.20813490
0.03713316 -0.01805800 0.05669613
-0.07272372 -0.04396673 -0.00159490
0.12851292 -0.02230270 -0.07488545
0.07866426 -0.01406915 -0.17932501
0.19282049 -0.04152846 -0.01602064
0.08531993 -0.02464257 0.20607488
0.04752771 -0.01956347 -0.29478222
-0.25315893 -0.02649256 -0.01069195
0.11054447 -0.01316614 0.19752340
0.29382190 -0.00584604 -0.01389667
0.14302839 -0.02283359 -0.21569245
0.16119203 -0.03049298 -0.18242483
-0.11874455 0.01022791 0.00071175
-0.21609223 -0.02072454 -0.08830267
0.11707129 -0.02714264 0.20768204
0.08634419 -0.01434118 -0.23639055
0.08060986 -0.03598271 0.16795443
0.24065286 0.00992183 -0.01615520
-0.18384710 -0.04128042 -0.00111623
0.09619080 -0.02709392 0.14933734
-0.28357407 -0.03452651 -0.00929882
0.03832039 -0.04932698 -0.00610284
-0.17978433 -0.01555897 0.02427987
0.04535596 -0.02175487 -0.29289863
0.05079482 -0.04870301 0.00521216
-0.06288841 -0.03082043 -0.02934469
0.05128005 -0.02673173 -0.15204991
0.02968583 -0.02982454 0.11330993
-0.01846861 -0.01085090 0.02625918
0.03615459 -0.01973294 -0.26795244
-0.23338208 0.04495290 -0.00322403
0.08952036 -0.03795716 -0.07669899
0.07195345 -0.01984401 0.19187948
0.15167525 -0.02621437 -0.16523208
0.08466674 -0.03092527 0.05541116
0.07004118 -0.01041308 -0.01397929
0.11549874 -0.02425061 0.26481760
0.14381227 -0.03747861 0.06874762
0.23058860 0.00563988 0.02095288
0.17885293 -0.02850003 -0.04330616
0.06288636 -0.02390549 0.20781308
0.06845978 -0.02046589 0.33487785
0.08400078 -0.01432168 0.16209023
0.20039603 -0.04081076 -0.02168767
0.09258594 -0.03124477 -0.05172522
0.13182783 -0.02200785 -0.21826090
0.18470964 -0.00875251 0.03530738
0.23535278 -0.00499887 -0.03109836
0.12299244 -0.01938587 0.27045813
0.10728465 -0.02739904 -0.05607026
0.11761674 -0.02407069 0.17760366
0.04729679 -0.01638971 0.03501448
0.29878151 0.00229395 -0.03764314
-0.07945006 -0.04337898 0.01169027
-0.05791920 -0.03319998 -0.01914904
-0.13580123 -0.03547569 -0.01946678
0.16760288 -0.03665888 0.08760376
0.03025379 -0.02340569 -0.06666858
-0.07470694 0.01188861 0.00000153
0.06315406 -0.01385606 0.32294083
0.10901780 -0.03580378 0.02771763
0.22992110 -0.00261969 -0.02888037
0.01628162 -0.03359452 -0.13198289
0.06736336 -0.02088879 -0.28562811
0.11664854 -0.01548465 0.15176825
0.04470140 -0.02057023 -0.29560548
0.06036930 -0.01908503 -0.23970200
0.09870825 -0.01932590 0.34789068
0.07406175 -0.04818797 0.00958826
-0.28067577 -0.00227826 0.01022260
0.12061162 -0.01372299 0.32703945
-0.22338094 -0.01493327 0.06755212
0.06293504 -0.01680249 0.35757804
-0.04265363 -0.03254546 0.01982622
-0.11948980 0.00726544 0.00110703
0.13318488 -0.01753752 -0.25200224
0.09151441 -0.03051745 0.03618384
-0.12697706 -0.00579656 -0.02641976
0.02242252 0.02459606 -0.00484938
0.07917540 -0.02796757 0.15981701
0.13983881 -0.02145310 -0.25355422
0.12467205 -0.01749985 0.29066637
0.06774370 -0.01734069 -0.31924114
0.18280528 -0.04232335 -0.01949773
-0.16209206 -0.03925270 -0.01270007
0.13330632 -0.01395809 -0.24020457
0.00879361 -0.03072912 0.04070799
0.13329829 0.00025010 -0.02348555
0.11747339 -0.02849602 -0.02982030
-0.25165457 0.02361097 0.00462161
0.20121112 -0.04504962 0.06710651
-0.11380441 -0.00301951 0.02640159
0.31079343 -0.03526296 -0.00114866
-0.21945684 -0.01758315 0.09847873
0.10162245 -0.01947181 0.29347315
0.27624047 -0.05613424 -0.00182478
0.05752492 -0.02526927 -0.02738717
0.08351935 -0.01635380 -0.18776441
0.05627704 -0.03735288 0.10601325
-0.26499343 -0.02802217 0.00229982
0.06863204 -0.02187494 0.18442775
0.01903205 0.00387055 0.00793002
0.11271670 0.01330275 0.01456688
0.12855296 -0.02311269 -0.26771456
0.09667017 -0.02376053 -0.14207205
0.07102553 -0.02421568 0.24964598
0.10378293 -0.02848786 -0.20276235
-0.20851274 -0.03721821 -0.01656919
0.14087699 -0.03551329 0.03313284
-0.24966273 -0.00965315 -0.00069365
-0.23103824 -0.02605543 0.01498182
0.03846713 -0.01707385 -0.03329552
0.07847755 -0.01716628 0.18987733
0.06496792 -0.01304901 -0.31960249
-0.26018026 -0.02003690 0.08456985
0.10105009 -0.01465582 0.35776642
-0.23879278 -0.01726714 0.11011915
0.24561499 -0.02172356 0.02007516
0.08551387 -0.02980929 -0.06655479
-0.15863752 0.00465991 -0.01968544
-0.23896040 -0.01901431 0.11077961
-0.29360124 -0.02081577 -0.00269179
-0.26038644 0.01218967 0.00601034
-0.20750362 -0.03911698 -0.02209513
0.06921270 -0.04676230 -0.00926836
0.01047911 -0.03640146 0.02076494
0.04941035 -0.02759083 -0.21609680
-0.25566778 0.05814414 -0.00033224
0.26652288 -0.02064367 0.02496490
-0.30425704 -0.00070505 -0.00080710
0.04537116 -0.03482072 0.07805992
0.12169576 -0.02446518 0.16383851
-0.12706524 -0.02347108 0.00759979
-0.23846738 -0.01755578 0.08794299
0.16845930 -0.04036901 -0.02255276
0.14446667 -0.03165820 0.14034744
0.05970537 -0.02722068 -0.09020669
0.01606605 -0.03234180 -0.08299193
0.05329736 -0.02018687 -0.32433325
-0.09152552 0.00135391 0.02045345
0.13466766 -0.03211029 0.22132465
0.31438670 -0.03408467 0.00281079
0.06389077 -0.01807010 -0.32788837
0.24979362 -0.05227271 -0.00268190
0.09746204 -0.03231598 -0.08914191
-0.02232148 -0.03088493 -0.02520628
0.08151352 -0.02322524 0.23562951
-0.02282464 -0.03811415 -0.01539535
0.13512358 -0.01865545 0.06576639
0.19763337 -0.05071056 -0.00943692
0.04856940 -0.02414929 0.18278176
0.04967768 0.01294485 -0.00763494
-0.21013425 -0.03376285 0.00070994
0.06270300 -0.02501776 -0.12380066
0.21546073 -0.03260048 -0.02913257
0.11353102 -0.02888364 0.05401587
-0.27304825 -0.02011500 -0.00261243
-0.24051081 -0.01094140 0.04190374
0.08069035 -0.01332987 -0.36277238
0.07843425 -0.01497336 -0.34329805
0.02908258 -0.03721051 -0.02752853
0.05824393 -0.03170079 -0.07013426
0.13974270 -0.01350920 0.10663258
0.14508250 -0.03301629 -0.10008456
0.11351947 -0.03100888 0.06342427
0.13200440 -0.04106641 0.02912711
0.11306244 -0.02501210 -0.04034073
-0.21200506 0.00431239 -0.00507116
0.15454398 -0.02104791 0.05588064
0.12918594 -0.02250089 0.17844264
0.15110189 -0.01726439 -0.11497737
0.24838932 -0.04618162 0.02621273
0.04647695 -0.02074745 0.27257907
0.28260607 -0.03102988 0.00062599
0.07025456 -0.01643870 0.12067719
0.02996533 -0.02668914 0.26577342
-0.03811197 -0.00770281 0.02301595
0.13146043 -0.03629155 -0.06776834
0.11880793 -0.03108314 0.09994502
0.02952257 -0.01554564 -0.03689234
0.26316968 -0.02419806 0.01264633
0.04278377 -0.04232426 0.01302442
0.10815963 -0.01993897 0.28083739
0.09532280 -0.03576107 -0.00115947
0.11920290 -0.01020473 0.02065698
-0.26356325 -0.01959999 0.12394018
0.06828403 -0.03548297 -0.07897403
0.08205146 -0.01894390 -0.29271948
0.06255472 0.01115667 -0.01920277
0.06497314 -0.02201492 0.28400645
-0.28922394 -0.00523625 -0.00626256
0.14171091 -0.02451257 -0.14189644
-0.02073843 -0.04705780 -0.00428768
-0.02125112 -0.02857837 -0.03906122
0.15623027 -0.00908362 0.07988847
0.22245879 0.01913859 0.01512561
0.13903698 0.01833115 0.00632965
0.07755882 -0.03188614 0.17730270
0.03828014 -0.02783611 0.09975740
0.09788267 -0.02917995 -0.20737834
-0.02291590 -0.03382427 -0.02968768
0.09113187 -0.05278377 -0.00312439
-0.17010768 0.00355441 0.00767342
0.11263004 -0.01624867 0.02607889
0.06710079 -0.02413629 0.32704964
0.05794654 -0.02951273 -0.16161175
0.18668123 -0.04792021 0.01507130
0.15766032 -0.02916879 -0.08540473
-0.23761187 -0.01293016 0.01118892
-0.25120130 -0.01596048 0.13435759
0.13338362 -0.03190481 -0.01628974
-0.15551665 -0.02600222 -0.02132885
0.10062825 -0.02141555 0.19237213
0.09396088 -0.02187654 0.31965843
0.13469169 -0.03187297 0.08893940
0.05068994 -0.02252504 0.36537030
0.26746434 -0.03318921 -0.00161631
0.11712345 -0.02138462 -0.05965741
0.11623792 -0.02183848 0.13599598
0.12985869 -0.01691053 -0.26043212
0.04713619 -0.02930889 0.21869074
-0.24608524 0.01483015 -0.00119532
0.12843093 -0.02653298 0.24480587
0.13149057 -0.02694059 0.20362739
0.09547668 -0.01209914 -0.23897080
-0.26314145 -0.03517036 -0.00872523
0.08449773 -0.00740565 -0.03389880
0.15485094 -0.03356116 -0.00187481
0.15402530 -0.01247777 -0.04200707
-0.14155768 -0.04334919 -0.01717177
-0.11802261 -0.03635037 0.01559496
0.07304218 -0.02239385 -0.23323292
-0.07331105 -0.01384345 0.03627332
0.02656653 -0.05002986 0.01033308
0.07669668 -0.02304699 -0.09071556
-0.12602247 -0.01262931 -0.03516984
0.00835718 -0.03432852 -0.02697286
0.05382758 -0.02218194 -0.25223380
0.14900810 -0.03482349 -0.09617998
0.03211305 -0.02784853 0.15308312
-0.01066974 -0.00584429 -0.02353404
-0.12053821 -0.02798199 0.01309047
0.09262727 0.01528955 -0.00964271
0.11978576 0.00174411 0.02808571
-0.23368190 -0.01245559 -0.00126976
0.07648307 -0.04357307 0.00788508
0.02228245 -0.04224518 0.01521312
-0.21488404 -0.02015533 0.12412461
0.04587936 -0.04085156 -0.00357484
-0.27070683 0.00745739 -0.00929345
-0.13617110 -0.03762980 0.02250787
0.08152422 -0.03173734 0.18513745
0.11870894 0.00062910 -0.02486039
0.07140581 -0.02565160 -0.10232725
0.01699138 -0.04726141 -0.02500574
0.06214405 -0.03844132 -0.03881918
0.24964382 -0.02996884 -0.03012690
0.08153903 -0.01679425 0.26257268
0.08316439 -0.02928279 -0.20663673
0.07446755 -0.02345513 -0.11329927
0.05924994 -0.02197147 0.24813345
0.07160607 -0.02105277 0.19482526
0.05394514 -0.02195791 -0.14401600
0.26624236 -0.03421484 -0.01968837
0.08484919 -0.01459546 0.32064918
0.13781226 -0.02324297 -0.26110220
0.12170387 -0.03460503 0.03666229
0.05409834 -0.02072967 -0.18005365
0.25018799 -0.00494233 0.02159358
0.13042557 -0.02615121 0.24834554
-0.18876804 -0.03574897 0.01814828
0.09744842 -0.01196071 0.03724475
0.08859481 -0.01922203 -0.32123670
0.27017957 0.01848507 -0.00769131
0.03254363 -0.03408038 -0.02712950
0.05126660 -0.01971479 -0.33496988
-0.25432697 -0.00999904 0.04735233
0.10553429 -0.04720820 -0.08779639
0.02404865 -0.04891338 0.00411577
0.32321677 -0.01098884 -0.00545236
0.13579796 -0.03129598 0.27046114
0.28171948 -0.03545098 -0.00117873
0.02317896 -0.04006014 -0.03556388
0.05179903 -0.03138076 0.06942318
0.11698238 -0.03559407 0.09747779
0.06952187 0.00749987 -0.02909949
0.12518282 -0.01867724 -0.08631364
0.10320422 -0.03445391 0.11604381
0.17305210 -0.02860233 0.08331250
0.09322318 -0.02039849 -0.05769958
0.14247288 -0.01202416 0.09297293
-0.27703062 0.05904716 0.00274280
-0.27968511 0.03115367 0.00001884
0.06916792 -0.01206109 -0.30414301
0.06318928 -0.02263238 -0.28705984
0.13998932 -0.02935853 0.10350250
0.06571168 -0.02268046 0.24901792
-0.16646121 -0.01103109 0.01007703
0.16944084 -0.00904608 -0.03837218
0.11480190 -0.01570099 0.32842472
0.16002253 -0.04103817 0.03125498
-0.01264508 -0.00077482 -0.01960983
0.06376977 -0.02472648 0.12581727
0.15443935 -0.04522264 -0.01945944
-0.28523502 -0.00493727 -0.00756574
-0.28441152 -0.01262521 0.00883241
0.01444147 0.00570386 -0.02733607
-0.15812549 0.00131306 0.00221020
-0.07295330 0.00679361 -0.02116481
0.09342498 -0.02236647 0.20371062
-0.20740661 -0.02009931 -0.12352062
0.10938930 -0.05800199 -0.00038068
-0.12404202 0.00668204 0.01134910
-0.26061141 -0.01532125 0.06506421
0.15008952 -0.01913621 0.07650798
0.21776292 -0.05308396 0.01987478
0.08219688 -0.02383739 0.35071358
0.14695604 -0.03120845 0.10831027
0.06559153 -0.02914584 -0.00474958
0.09854780 -0.01537743 0.36642388
0.10048509 -0.03564765 0.02438660
0.13853063 -0.03034978 0.08072066
0.14863740 -0.03448005 -0.11025194
0.03130056 -0.03404850 -0.09046718
0.16748451 -0.01561506 -0.10445678
-0.13358016 -0.04562984 0.01935291
0.07796853 -0.03230959 0.16844976
0.11902727 -0.01469827 0.28285161
-0.25353679 -0.01864619 -0.07153398
0.13490188 0.01402279 0.01319005
0.10550823 -0.02090520 -0.30121583
0.16936775 -0.01716689 0.03928257
0.10959339 -0.02138285 0.34686348
0.16072476 -0.00714437 -0.04330323
0.21226040 -0.00129972 0.02069960
0.08555900 0.02299125 -0.00106607
0.15260495 -0.02769900 -0.21043870
0.05878207 -0.03335527 0.06055533
0.05596130 -0.02841663 -0.21393415
0.23983043 -0.00057937 0.03585286
-0.22330444 0.01729078 0.00111552
0.03020515 -0.02196682 -0.26149032
0.15244627 -0.02061153 0.23159353
-0.12036804 -0.01889111 0.02242825
0.03690412 -0.02654175 -0.17159148
0.12070487 -0.02692480 -0.11627021
-0.24855812 -0.03186008 0.00352470
0.10936604 -0.00935417 0.03008222
0.11953367 -0.02079411 -0.13238211
0.17840746 -0.05177390 0.00319696
0.08477460 -0.02602512 0.33026394
0.09735407 -0.02306758 -0.23403777
0.13124028 -0.02483386 -0.08533532
0.08711028 -0.01406197 0.19893317
-0.01513509 -0.01677842 -0.03134890
-0.26369518 -0.01955272 0.04922714
-0.24635141 -0.03598270 -0.00023786
0.01524066 -0.04202852 0.00059947
0.24858691 -0.05641451 0.01879078
0.09528663 -0.02541155 0.23357429
0.01935492 0.01832477 -0.01826395
-0.30812982 -0.01641816 -0.00500602
0.12665102 0.01003192 -0.02762832
0.15980291 -0.03852190 0.01798821
0.27018470 0.00295741 -0.01198359
0.10653690 -0.04128266 -0.01114318
0.10525353 -0.02172361 -0.05505553
-0.28227636 -0.01884318 -0.03430201
-0.27395505 -0.02078895 -0.13284804
-0.27435863 -0.03480093 -0.00839157
0.16395338 -0.00789333 0.02839937
0.07967276 -0.02636900 0.14582717
0.05328957 -0.02402933 0.22052470
0.29358864 -0.03307226 -0.04034514
-0.14620404 0.00833623 0.00559680
-0.26398858 -0.01141719 0.04062674
0.19101113 -0.04832499 -0.02391886
-0.20873237 -0.03202643 0.01211375
-0.14393799 -0.04229099 0.02623877
0.04520692 0.01039498 -0.01527278
0.04863416 -0.02194407 0.26291975
-0.24745050 -0.02061152 -0.04624245
0.05948282 -0.02396358 -0.23666598
0.06861119 -0.01166405 0.33112592
0.15058969 -0.01341702 -0.03904218
0.11536098 -0.02694590 -0.20393002
0.01982494 -0.03435284 0.07706827
-0.24422553 -0.01436824 0.02390451
0.02022564 -0.02782105 -0.02533486
0.21553580 -0.04017653 -0.02369536
-0.25734496 -0.01923172 -0.12037462
0.07067090 -0.02146979 0.26226193
0.10805868 -0.02020809 -0.28926158
0.28887418 -0.03409553 0.00022340
0.20792894 -0.04194459 -0.02190163
0.11370836 -0.02474933 -0.14803758
0.04926731 -0.02818455 0.18894272
0.27406454 -0.02140883 0.01470581
0.30289122 -0.00430279 -0.00756966
0.10497477 -0.03217955 -0.03087484
0.06460989 -0.02006435 0.09883263
0.08965281 -0.02414586 0.26337978
-0.00721102 0.02356263 -0.00680594
-0.25044048 -0.01085557 0.00782863
-0.30039588 0.00133730 -0.00292019
0.10144129 -0.01898810 -0.09775602
0.15499838 -0.00017615 -0.02722155
-0.25157273 -0.01889987 0.05137600
-0.25441617 -0.00876306 0.00195880
0.08493479 -0.01765965 -0.33342031
0.12575018 -0.04482866 0.00548051
-0.23457444 -0.03336998 0.01752483
-0.04789129 -0.03975729 0.01992708
-0.08623166 -0.03215484 -0.03124064
-0.01596006 -0.04056520 0.01239017
0.19891010 -0.04186386 0.01822486
0.13354771 -0.03238651 0.03601017
-0.09989066 -0.03568844 0.02168526
0.15991151 -0.02176948 -0.12786558
0.12895566 -0.03393104 0.08375505
0.08629693 -0.02294205 -0.07416353
0.06946959 -0.02818421 0.14624569
-0.19321927 -0.03876886 -0.02779582
0.12801498 -0.04337737 0.00840511
0.07915808 -0.01988847 0.26351291
0.30717286 -0.01823374 0.02535428
0.08976164 -0.03245842 -0.07075414
0.10770909 -0.03578451 -0.12011298
0.11806916 -0.02059203 -0.27776930
0.11997031 -0.00841193 0.35514238
0.12429875 -0.02267829 0.18184301
0.13214962 -0.02266562 -0.26268700
0.30138597 -0.02723774 0.00659795
0.06200887 -0.02099328 -0.15727633
0.07917610 -0.02219123 0.21159159
0.07971559 -0.00828179 -0.02909699
-0.25941756 -0.03179021 0.02040005
-0.21152161 -0.02054830 -0.06736743
-0.05956191 0.01230391 0.01718545
-0.29291511 -0.02800999 0.00493315
0.09776857 -0.01829621 -0.16850683
-0.24930520 -0.00940460 -0.00743874
-0.25980622 -0.01166680 0.03832408
0.03756280 0.00379028 0.00932245
-0.28595555 -0.02261681 -0.01008956
0.06702027 -0.01751007 -0.32909620
0.02339947 -0.02957179 -0.16755357
0.27964842 -0.01963155 -0.01282866
-0.21055272 0.01218395 -0.00471553
0.05053008 -0.02131067 -0.19033292
0.04527650 -0.02852567 -0.15173171
0.21106693 -0.04098753 0.01998666
-0.00208976 -0.02188077 -0.03198944
-0.02871333 0.01390816 -0.00173174
0.27205268 -0.05653412 0.01879832
-0.22854799 -0.02055935 -0.07294834
0.16369957 -0.04648054 0.02071523
0.12004703 -0.03201609 0.21103919
-0.26009694 -0.01477035 -0.11707873
-0.25697604 -0.01514017 -0.12123924
0.06814680 -0.04195657 0.03555299
-0.07883506 0.00586261 -0.01342160
0.01895710 -0.03168140 0.09157098
0.31340370 -0.01830643 0.00676180
0.07189497 -0.01916526 0.30861557
-0.28677318 0.00052996 0.00205996
0.25023845 -0.04628043 0.01655826
0.01215053 -0.03628662 -0.02201486
0.02140223 -0.04474259 0.00069617
0.16335049 -0.03504587 0.03162058
0.02895702 -0.03183154 0.05998924
0.03842317 0.01282500 0.01075600
0.11538273 -0.00696483 -0.01377095
-0.25720343 -0.01021153 -0.00908682
0.09844155 -0.03073839 0.05973250
0.14121971 -0.02299378 0.22129412
0.06606944 -0.02348594 -0.15050712
0.08882587 -0.03488917 0.17319624
0.11078059 -0.01250723 0.04555147
0.09889206 -0.03289440 -0.12516302
0.14350305 -0.02041361 -0.15606517
0.07113851 -0.02126060 -0.23792389
0.04538434 -0.02113879 0.25166720
0.07042108 -0.02935286 0.12280707
-0.13184191 -0.00216934 -0.02956484
0.11796616 -0.01334850 -0.11316358
0.02323715 -0.00933999 -0.03407829
0.13797113 -0.02527946 0.12856458
-0.00633261 -0.04910074 0.00162386
-0.06144111 -0.04560351 0.00039387
0.06353378 -0.02973591 0.11033858
0.00055854 -0.03666792 0.01734088
-0.07536095 0.00502123 -0.02908610
-0.06007410 -0.01345605 0.02501346
0.15110323 -0.02451918 0.06943317
-0.02392434 -0.04867550 0.01740399
0.24668559 -0.00016501 0.02012354
-0.05278626 -0.00420501 0.03204305
-0.27301314 0.05777084 -0.00184092
0.19901223 -0.00466489 -0.02244748
0.06392995 0.00110262 -0.03218981
0.11851095 -0.02390493 -0.19208291
0.10716267 -0.02208698 -0.13482364
0.05591126 -0.02446545 0.20940413
-0.10457434 0.00397588 -0.01772621
0.06518223 -0.01511307 0.35197103
0.08452487 -0.03331000 -0.06481220
0.13769485 0.00635596 0.01738249
-0.04517984 -0.03210993 -0.02007886
-0.23417810 -0.00909209 -0.02395521
0.08496474 -0.03248878 0.06191333
-0.27363640 -0.01816445 0.12451103
-0.12687889 -0.04173982 -0.01767214
0.08821426 -0.02129531 0.25704637
0.15957810 -0.03110241 0.02959181
0.00996500 -0.01013611 -0.01280332
0.05834681 -0.03038936 -0.03423280
-0.16239299 -0.01132829 0.01480214
0.20169224 -0.05136605 0.02242761
0.27706656 -0.00212392 0.00013790
0.06433125 0.01249008 0.02154292
0.11325287 -0.02031910 0.33719033
0.08745669 -0.02533688 0.19617380
0.05953576 -0.03577690 0.11333001
0.09911717 -0.03282701 -0.04427974
0.02985860 -0.04019834 -0.04829318
0.09723818 -0.03628061 0.11596197
-0.28373075 -0.02112410 0.07567775
-0.24702051 -0.01240495 -0.00620922
-0.04888567 0.01049844 -0.00038931
-0.04845722 0.01310536 0.00386726
0.13597658 -0.02242208 0.03662628
-0.12052383 -0.04098377 -0.01337810
0.20627700 -0.05057012 0.01330816
0.10316192 -0.03045320 0.07821541
0.24623764 -0.03417823 -0.02451971
0.13173263 -0.03017353 0.04834017
-0.25006646 -0.00400592 -0.01762273
-0.25873372 -0.02936777 -0.01890610
0.10430333 -0.02249916 0.13177195
-0.28225577 -0.02306298 0.07325900
0.29032987 -0.05300238 0.01170208
0.12674892 -0.02894834 0.17521867
-0.03505116 -0.00530841 -0.02166257
0.13744205 0.00437346 0.02015010
-0.25643465 -0.01765122 0.12092766
0.12477730 -0.02708981 0.17045712
0.13298094 -0.02408332 0.14009543
0.11594182 -0.01480484 0.32594919
0.06601895 -0.02152887 0.30196086
0.03338905 -0.02028070 -0.28261778
0.06990305 -0.02316803 -0.16358578
-0.19442852 -0.02965271 -0.02793931
0.03381098 -0.05363689 0.01905321
0.09054969 -0.02820684 -0.04354131
0.07060248 0.00241203 0.03087214
0.09210008 -0.01979399 -0.31913877
0.09786854 -0.02236626 0.13158111
-0.17881283 -0.03651138 -0.00807407
0.02730277 -0.01988477 -0.03633333
0.13498986 -0.02175657 0.03265516
-0.07256690 -0.03750400 0.01845604
0.09334792 -0.05187678 -0.00851485
0.05303601 0.01466357 -0.00923463
-0.05370145 0.01162287 0.00290390
0.06816340 -0.01566509 0.34524599
0.20847724 -0.03101377 -0.03750322
0.13704164 -0.02233664 0.20725746
-0.25615185 -0.01696508 -0.02776967
0.10346705 -0.02778940 0.16899909
0.23692352 -0.03977746 -0.01844307
0.27437213 0.01378240 -0.01339083
0.15731990 -0.03500527 0.00685650
0.05812807 -0.02122187 -0.24782480
0.08258168 -0.02358141 -0.27569953
0.10573347 -0.02690533 -0.09876810
0.17797016 -0.00678092 0.02170866
0.02715060 -0.02618988 -0.04162355
0.19797619 -0.00272236 0.03429716
0.06289164 -0.01894639 0.28739294
-0.24433547 0.02060233 -0.00637283
0.03358906 -0.02670320 -0.19781786
0.04598575 -0.01754223 -0.32674250
0.15790558 -0.03015241 0.12368873
0.07667878 -0.02126206 -0.25785741
0.10282099 -0.02596405 0.22462936
0.10867156 -0.03132936 0.07939298
0.10042635 -0.02839505 -0.20769389
0.16521232 -0.02636841 0.16005085
0.07769540 -0.02424115 0.27007928
0.28217837 -0.01720841 -0.03228142
-0.28452682 0.04873915 0.00305489
0.05089258 -0.02357444 -0.14562660
0.07848395 -0.02173287 0.13573889
-0.28405091 0.03137089 -0.00164956
0.14928578 -0.02304920 0.06084043
0.13968691 -0.02074075 0.23576093
0.05062883 -0.03304549 -0.04051619
-0.13663775 -0.00231738 0.02999006
-0.10195138 -0.04619860 0.01998617
0.08768605 -0.01903447 -0.24311528
0.13620466 -0.02169948 -0.22731920
-0.22952405 -0.00907743 -0.01799238
0.13130450 -0.03404810 -0.12741159
0.06041979 -0.01361504 -0.03810266
-0.07760403 -0.04466246 -0.02122935
-0.25598663 -0.01567274 -0.14220536
-0.12969987 -0.02349734 0.02581241
0.12177645 -0.03113377 0.19902548
0.05741417 -0.03099882 -0.10908385
0.11769655 -0.02469153 0.22837183
0.06305724 -0.01469788 0.35915390
0.09083191 -0.01167105 -0.35783434
0.10314605 -0.01974155 -0.12366640
0.10802338 -0.02159771 -0.27469546
-0.03243119 -0.01579650 0.03112943
0.13922840 -0.01957075 -0.21083328
0.11927636 -0.01502641 -0.31674588
-0.01580307 -0.00392827 -0.01904378
0.26805055 0.01924292 0.00314102
0.15143193 -0.03365133 -0.07727521
0.02967140 -0.02341876 0.03179964
-0.22675952 -0.03769599 0.00233591
0.05767766 -0.01978061 -0.29270917
0.15113567 -0.02965030 0.14937562
0.04113636 -0.02846601 0.24182025
0.06861805 -0.01986262 -0.31668964
0.07408506 -0.03664824 0.06981062
0.04355428 -0.02890756 -0.14431734
0.13413693 -0.01855567 0.21175602
0.30745003 -0.03180528 0.00964299
0.22371821 -0.04844325 0.01663593
0.19058983 -0.02042523 -0.02374457
0.09879963 -0.01489851 -0.25547877
0.17248377 -0.00837801 -0.01638937
-0.24415113 -0.01802132 -0.08076293
-0.03857730 0.01330033 0.00804947
0.00014587 0.01482659 -0.00274233
-0.23765613 -0.00983564 -0.00696113
0.09997901 -0.01894590 -0.16860680
0.11244924 0.00576347 -0.01528143
-0.24623181 -0.00881894 0.00811380
0.06158418 -0.02980051 -0.04178428
0.05859303 -0.01777646 -0.26279646
-0.24022338 -0.01574425 0.03354017
0.13940118 -0.05454966 -0.01526145
0.10134107 -0.01346096 -0.32302448
-0.18326733 0.00000556 0.00014398
0.25117224 -0.04491109 0.01052995
0.15330267 -0.01620499 0.15759279
0.09919313 -0.02027894 -0.31328943
-0.24106094 -0.01963460 0.10552827
-0.29395264 0.02883630 0.00328132
-0.26813447 -0.03589216 -0.00525409
0.12775281 -0.03100674 0.23884714
0.11396645 -0.02843619 -0.12992206
-0.05370568 -0.05160929 0.00457751
0.09497065 -0.01404136 -0.35141563
0.03211311 -0.04301807 0.00485800
-0.11999704 -0.02474360 0.02683004
-0.04733526 -0.00481764 0.02475416
0.26145932 -0.04769814 -0.00461274
0.12927568 -0.04652686 0.08142134
0.13160738 -0.02090181 -0.03848061
0.16061524 -0.03216807 0.10612632
-0.22795485 -0.01395131 0.00574203
0.03585180 -0.03640524 0.06009637
0.05513718 -0.03621407 0.01791961
0.25239247 0.01672429 0.01315118
0.12977347 -0.02367442 0.06402903
0.06619266 -0.01888700 -0.19028592
-0.00989629 0.01234407 0.01429646
0.09250579 -0.01971139 -0.27174979
0.15242675 0.01252171 -0.02243072
0.12018111 0.00820580 -0.01750298
0.11308837 -0.03087593 0.08098872
0.28586474 -0.04548697 0.00445643
-0.12736422 -0.02287070 -0.01673494
0.05085991 -0.03018664 0.14967766
0.12778562 0.01636208 0.01619107
0.20670961 -0.02960544 -0.02537964
0.00589351 0.00240256 0.01370177
0.14942387 -0.02144050 0.18123500
0.17608683 -0.03157499 0.10668470
0.24778131 0.01687082 0.00621566
0.08126715 -0.03364504 -0.13667086
-0.25434917 -0.01181570 0.01055147
0.12967928 -0.01779776 -0.28755152
0.08857565 -0.03268676 0.09021229
0.20544174 0.01754051 -0.01420844
-0.21324252 0.01398858 0.00844126
0.00908157 -0.02178906 -0.03753574
0.07064070 -0.03175111 0.05700424
0.17496316 -0.03724376 0.00479011
0.13860837 0.01223699 -0.01121186
0.22132823 -0.03943389 -0.01567331
0.18463796 -0.03677417 0.02775526
0.15548123 -0.02253756 0.24696177
0.06847890 -0.02206951 -0.24830374
0.07344301 -0.02413087 0.31843194
-0.10501906 -0.01692921 0.02017454
-0.02282455 0.01227816 -0.01072412
