-0.10979231 -0.02417632 0.06553257
0.06340930 -0.06487274 0.01377775
-0.30876133 0.01560007 -0.08505187
0.23103283 -0.02028670 0.01642340
0.16159886 0.00199871 0.00137876
-0.12975319 -0.03412263 -0.13265498
-0.13087608 -0.02878761 -0.07759304
-0.23779131 -0.02782683 -0.11257372
-0.01029881 -0.03378191 -0.10706265
-0.12761265 -0.03357477 0.18633695
-0.23391901 -0.04427554 -0.09856816
-0.13532531 -0.02351182 0.07235979
-0.20343253 -0.02881990 0.00095546
0.01199452 -0.05944568 0.02222985
-0.12245983 -0.02572916 -0.04792873
-0.35369688 -0.03939637 -0.13236086
-0.25404555 -0.04783109 0.04926860
-0.09154117 -0.05739220 -0.00827693
0.05063217 -0.00185583 0.01046798
-0.18415938 -0.03170210 -0.19087030
-0.19075465 -0.03158517 -0.16839187
0.15542752 0.00238915 -0.00577948
-0.20280668 -0.03250550 -0.15047300
0.14235874 -0.01125922 0.04593999
0.01289592 -0.06351099 0.05388393
-0.28299132 -0.05770089 -0.04571505
-0.31163165 -0.02314309 0.05883003
0.08863944 -0.02487177 0.00488582
0.12464608 -0.01386100 0.05066462
0.14444974 -0.00894441 -0.01733565
-0.24214961 -0.05744452 -0.06642476
0.18044925 -0.02331120 0.00957408
-0.21898456 -0.03131295 0.09653983
-0.03032362 -0.02558087 0.11246759
-0.12436788 -0.02930528 -0.09246533
0.07769693 -0.01025351 0.00899920
0.04608894 -0.06310932 0.03991230
-0.26500458 -0.04032658 -0.10770859
0.05170612 -0.03606419 -0.01948050
-0.39104819 -0.04057962 -0.11559246
0.17860475 -0.00965084 0.00102768
-0.07924937 -0.02352472 0.00909609
0.05083099 -0.06340294 0.02456381
-0.29566753 -0.04051828 0.09957612
-0.09471314 -0.06443146 0.04434165
-0.18037648 -0.05350478 -0.07849960
0.17061713 -0.01822847 0.04098135
-0.31340718 0.02407003 -0.09837691
0.05155568 -0.03196809 -0.02569618
-0.23828673 -0.05121064 -0.08510216
-0.27855060 0.03725517 -0.09724832
-0.38830790 -0.03954927 -0.09383448
0.03188120 -0.03329294 -0.08083507
-0.24495704 -0.05752970 0.03116655
0.12453026 -0.00977644 -0.00780115
-0.01103101 -0.01315310 0.03693186
-0.23452315 -0.05766279 -0.07498487
-0.35025305 -0.04522317 -0.05171356
0.00675152 -0.03876973 0.03803438
0.01046420 -0.02778319 0.07328622
-0.32956955 -0.02861160 -0.07010966
-0.14453299 -0.02743828 -0.19773678
0.02262084 -0.03528878 -0.01152466
0.38607141 -0.02834044 -0.00216616
-0.32513407 -0.04384693 -0.11040793
-0.13166876 -0.06409074 0.02530546
-0.06933986 -0.02681969 -0.07604426
-0.12497903 -0.03095126 -0.03089242
0.02985244 -0.00397430 -0.00130071
0.33982906 -0.03294430 0.00757169
-0.20963551 -0.02634495 0.01696108
-0.39887902 -0.03653595 -0.12865922
0.18205346 -0.00803942 -0.00727265
-0.06973260 -0.01641830 0.00285003
-0.09362332 -0.02924935 0.05530499
-0.24157411 -0.04157640 0.00500563
-0.08375812 -0.02674941 -0.00380191
-0.36227804 -0.03421342 -0.13402107
-0.24434167 -0.05837812 -0.03914697
-0.19988364 -0.05933103 0.01087829
-0.31889179 -0.04059034 -0.08177080
-0.06532700 -0.02910947 0.12245052
-0.16941217 -0.02639541 0.05347244
-0.08476402 -0.04050818 -0.08007463
-0.34245047 -0.05613266 -0.04284019
-0.19027564 -0.02932799 -0.10356700
-0.20625526 -0.03212250 -0.10387384
0.04877973 -0.03355136 -0.06175615
-0.03944298 -0.03656260 -0.09497590
-0.15626810 -0.03401798 0.21983539
-0.14466561 -0.03942620 -0.09153145
0.07681710 -0.05083835 -0.00089582
0.14630760 0.00257995 -0.00335710
-0.34008124 -0.04804925 0.12892906
-0.22480235 -0.03268372 -0.04442742
-0.14114937 -0.03913543 0.07315300
-0.03991166 -0.02580039 0.11154860
-0.17924145 -0.06580679 0.01264917
0.26237935 -0.00998660 0.01346508
-0.09047247 -0.06174694 -0.03789535
0.12168963 -0.02597854 -0.03657858
-0.07106923 -0.01430139 0.03768797
-0.01616131 -0.03569877 0.10111268
-0.05189650 -0.05925572 -0.03185453
-0.06527682 -0.05751198 -0.01403635
0.27137762 -0.01026881 -0.01731127
-0.08414175 -0.03496731 0.11981124
-0.31389189 -0.03931737 0.12450121
-0.18452066 -0.02938953 0.12739432
-0.06698055 -0.05915307 -0.03074965
-0.17462401 -0.06223478 0.00659347
-0.08784774 -0.03454236 -0.07857423
-0.19244844 -0.04455180 0.10117900
0.13713568 -0.00992963 -0.00613522
-0.23829596 -0.05919522 0.00603627
-0.00343429 -0.03625416 -0.07313974
-0.02281123 -0.06459618 0.03596503
-0.02158505 -0.01938366 0.08730129
-0.08479942 -0.04015825 0.06604730
0.19362608 -0.02830523 0.02875416
-0.15218516 -0.03217820 0.10254242
0.24171188 -0.02356991 -0.01518289
-0.10182651 -0.03082557 0.19365399
-0.07025626 -0.03305138 0.10659184
-0.17852770 -0.02838210 -0.00386047
-0.32463071 -0.05920669 0.07751874
-0.21199867 -0.02630926 -0.06713888
0.06199976 -0.05866951 -0.02631816
-0.38896963 -0.04275663 -0.15264916
-0.06717436 -0.02937430 -0.13506843
-0.23043817 -0.03714666 -0.07850175
-0.02042510 0.00038410 -0.01466345
0.16436018 -0.03219562 0.02187018
-0.17893015 -0.02376487 -0.05180828
-0.29641178 -0.02875250 -0.02646316
-0.26875567 -0.02475677 -0.04465386
-0.06987453 -0.07061159 0.04944133
-0.29248083 -0.02649928 -0.04580356
-0.33121878 -0.03819128 -0.01546700
-0.08093505 -0.03078201 -0.08779338
-0.00185732 -0.03008943 0.06144433
-0.25256696 -0.06087685 0.00053605
0.15056349 -0.02267055 0.02254398
0.18913043 -0.00508222 0.00177987
-0.25479710 -0.03835886 0.10089368
-0.28745717 -0.03455281 -0.07586507
-0.16216147 -0.02721562 0.08584853
-0.14311469 -0.02431219 -0.04694407
-0.23935145 -0.04313219 0.07752843
-0.07097590 -0.04188940 -0.09045120
0.13510364 -0.01402983 0.05230406
0.20193790 0.00247358 -0.00062548
-0.03037066 -0.06114978 0.04640606
0.04101614 -0.01113224 0.02612879
0.16453190 -0.02304103 -0.04160389
-0.30131936 -0.03939570 -0.11916780
0.11423291 -0.04819357 -0.00559003
-0.38282782 -0.04452489 -0.08230706
0.11963353 -0.02402639 0.05157351
-0.00417290 -0.06116898 -0.02278497
-0.12333879 -0.05232683 0.02291749
-0.21398555 -0.03364656 0.20660977
-0.03140359 -0.00934020 -0.02768933
0.18192333 -0.02059503 0.02821791
-0.34893832 -0.04550464 -0.08673304
-0.17572942 -0.03131272 -0.16816194
-0.14392784 -0.03371274 -0.22755970
-0.20115647 -0.03517210 0.20483103
0.10650433 -0.03677921 -0.00677147
-0.20595410 -0.03192995 0.05923655
-0.04922134 -0.06759655 -0.03488908
-0.20485033 -0.03051849 0.03047598
-0.10154700 -0.06448419 -0.01185998
-0.32625192 -0.03878278 -0.02080077
0.13290203 -0.00499251 0.00848190
-0.03433848 -0.03313185 -0.06934541
0.12367386 -0.04707793 -0.00624147
-0.24995019 -0.03085163 0.06835982
-0.21685699 -0.03202483 0.19371060
-0.12477466 -0.04209128 -0.07055135
-0.14674214 -0.07080720 0.04246067
0.10596018 0.01790062 -0.00908038
0.21340895 -0.01928701 0.02002003
-0.15583999 -0.04493013 -0.06773630
0.03091365 -0.06341597 -0.04096486
-0.13769211 -0.02341008 0.01728255
-0.11645395 -0.02248130 -0.03946136
-0.13970292 -0.06125020 0.08356097
-0.20717384 -0.02669226 0.05754068
-0.07039318 -0.03104044 -0.11847549
-0.00795510 -0.04687883 -0.04040438
-0.05186691 -0.02754465 -0.04988954
-0.06238555 -0.05322057 0.06505296
-0.03161095 -0.03147525 -0.11717091
-0.14580370 -0.02568063 -0.04173368
-0.06156732 -0.03143099 0.14196557
0.08978884 -0.02270636 0.06283613
-0.14354256 -0.02425700 -0.06707811
-0.11132918 -0.02865407 -0.15189601
-0.14789812 -0.04025847 0.23569652
-0.08999318 -0.06681680 0.03482660
-0.14068498 -0.02720065 -0.13049234
-0.25003684 -0.06569147 -0.06901281
-0.12377197 -0.02890966 -0.18759954
0.17767158 -0.05160335 -0.00990623
-0.12725665 -0.06699647 0.06213739
-0.03159377 -0.03286603 -0.10385568
-0.23491178 -0.01825131 0.04580404
0.13241079 -0.02346300 0.01815838
-0.26593572 -0.02644786 -0.07702753
0.07601359 -0.06256726 0.01819311
0.12493756 -0.02869953 0.03760912
0.01225059 -0.05637466 -0.06614195
-0.29036576 -0.01907447 0.09257479
0.13561302 -0.00880452 -0.02519297
-0.14563879 -0.01976484 -0.01662286
-0.11765265 -0.02917478 0.12039772
-0.36348385 -0.04300953 0.14145714
0.16196437 -0.03426160 0.02733024
0.00317150 -0.02893998 -0.06008310
-0.22989300 0.00860159 -0.08866963
-0.25942200 -0.04881591 -0.02493389
-0.25693417 -0.03362525 0.01512385
-0.24270476 -0.05434603 0.04710629
0.05364753 -0.06187955 -0.02176623
-0.21100610 -0.05991902 -0.00742014
-0.33879584 -0.04112043 0.13893172
0.05125367 -0.00662650 -0.02374639
-0.22258525 -0.03059392 -0.19220504
-0.20434594 -0.05761751 -0.02248365
-0.04378741 -0.03115497 -0.06464738
-0.10937603 -0.02384264 0.05371616
-0.03883857 -0.06809322 0.08599897
-0.13714637 -0.07278176 0.03857986
-0.01159272 -0.06657565 -0.02074661
-0.12574556 -0.04919314 0.07766712
0.02994516 -0.02474945 0.04352546
0.07302366 -0.03136949 0.06595106
0.27150896 -0.02257569 0.01969417
0.17674369 -0.00593308 -0.01789635
-0.13544986 -0.03060735 -0.17295022
0.20095785 -0.05015786 -0.00881475
0.12493928 -0.02748057 -0.01767786
0.00889674 -0.06079969 -0.03476866
-0.20360288 -0.02509083 0.04458026
0.03107150 0.01341684 -0.01029068
-0.18621883 -0.01912791 -0.01021616
-0.09123024 -0.02454306 0.08532377
-0.29573497 -0.03960839 0.06580038
-0.29556769 0.05021482 0.10949582
-0.09460978 -0.06918644 0.05631155
-0.20088658 -0.02834250 -0.10505599
0.14786161 -0.01126154 -0.04329817
-0.27859810 -0.04916829 0.08485782
-0.13630809 -0.03341659 0.20007135
-0.04253696 -0.02087144 -0.02124158
-0.00902272 -0.03089420 0.09902353
-0.32789189 -0.03023812 -0.08717955
0.14327791 -0.05290872 0.00718377
-0.16575919 -0.06620222 0.00406505
-0.15888460 -0.02550674 -0.02272286
-0.04561253 -0.02789197 -0.07451893
-0.06849359 -0.01334235 0.05218062
-0.06904913 -0.03369982 0.15824634
-0.18708354 -0.02815006 0.00752085
-0.23651938 -0.03589065 -0.01791179
-0.14229293 -0.03951695 0.02243030
-0.23757935 -0.04204084 0.07917480
-0.14120278 -0.03420412 0.12254980
-0.20293902 -0.02991801 -0.20748502
-0.01193246 -0.01415439 -0.00422329
-0.10799831 -0.02828485 0.17517565
0.30897400 -0.01619173 0.00904395
0.21738403 -0.00624737 -0.01707261
-0.29899520 0.01134646 0.08025775
-0.14426678 -0.03261939 0.19712697
-0.02355544 -0.02833038 0.05452157
0.11000232 -0.05543102 0.01075938
-0.08409513 -0.05124889 -0.07287233
-0.13966757 -0.02988614 -0.09942902
0.29038313 -0.02009066 0.00510537
-0.26397738 -0.06008115 0.03779810
0.07912455 -0.04098856 0.00333885
-0.09600717 -0.03299748 0.16462491
-0.37112191 -0.04736907 0.07499120
-0.22205096 -0.02503811 0.04764924
0.16410249 -0.03817321 0.00694878
0.09629073 -0.02778998 -0.05778046
0.14031926 -0.00469057 0.01577544
-0.32750714 -0.03533212 0.05568535
0.06951936 -0.02612062 -0.06770890
-0.23612446 -0.02185372 0.07278650
-0.01324262 -0.01404221 0.02013929
-0.20104948 -0.02172578 -0.04034074
-0.17304997 -0.03349677 0.25103328
-0.05007872 -0.06259073 0.05670846
-0.17668456 -0.02984272 0.01600703
0.02184077 -0.05731161 0.02526239
-0.23400255 -0.05551463 -0.04853975
-0.33381799 -0.04445506 -0.03652380
-0.18728484 -0.03458496 0.24584609
0.03661584 -0.00349651 -0.00645807
0.25453761 -0.02039915 -0.01522788
0.13871975 -0.00945007 0.00341470
-0.19144388 -0.02999154 -0.20852378
0.19922706 -0.00604307 -0.02675137
-0.20667008 -0.06013354 0.01008437
0.07770793 -0.01638000 -0.04722226
-0.20175868 -0.05348385 -0.00476820
-0.24870738 -0.03902773 0.04088303
-0.07960778 -0.02970617 -0.17994280
-0.31320199 -0.04521635 0.07800990
0.06633934 -0.00829625 0.01347777
0.11028846 -0.02806808 -0.02626847
-0.04395798 -0.03298843 0.11272614
-0.08038677 -0.03715305 -0.10353427
0.25308925 -0.02007579 0.01417088
-0.15872912 -0.03411168 0.20022729
-0.06253911 -0.05950619 0.01399490
-0.24711184 -0.05037269 0.02678022
-0.18967347 -0.03368705 0.21877924
-0.30454305 -0.04069162 -0.05309382
-0.18946601 -0.03639956 0.25839397
-0.17228422 -0.03936597 0.07958320
-0.16681358 -0.05851281 -0.01811902
-0.26485282 -0.06407762 0.01857388
-0.21625017 -0.03553011 -0.14986269
-0.16671465 -0.03387665 0.22303142
-0.31653002 -0.05432061 0.02719647
-0.10990559 -0.06035846 -0.05147105
-0.08900668 -0.03022847 -0.11796901
-0.04155713 -0.03554823 0.06845487
-0.16878587 -0.03118217 0.14040373
-0.21309058 -0.01606186 0.06426441
0.07507451 -0.01239583 -0.03090981
-0.23864953 -0.03237525 0.20308630
-0.16362800 -0.03043285 -0.20183787
-0.08822524 -0.02786982 0.08522955
-0.31385568 -0.05701334 -0.03881198
0.11433034 -0.05331669 0.00495713
-0.08606731 -0.06306440 -0.05763352
-0.25613511 -0.03022960 0.08468024
-0.29693198 -0.04870522 0.00770246
0.09722970 -0.04848927 0.02316808
-0.32262510 -0.03631799 -0.01102787
-0.14070396 -0.03174358 0.03286754
-0.08944382 -0.02557910 -0.07802352
0.04500190 -0.03384295 -0.02632986
-0.33952865 -0.04371580 0.09729573
-0.13141437 -0.06342398 0.02316544
-0.21718574 -0.06185023 0.05345105
-0.29001242 -0.02848156 -0.04626981
-0.26347515 -0.05882268 -0.03753367
0.27202302 -0.03375823 -0.01998639
-0.05853453 -0.03221358 0.12362936
-0.19872217 -0.04009026 0.08427979
-0.11142297 -0.04359868 0.05137579
-0.17571720 -0.05518807 0.09146624
-0.05935117 -0.02866220 -0.09440663
-0.26897857 -0.02519720 -0.02615615
-0.32183498 -0.05546042 -0.06507037
-0.18864222 -0.03428091 -0.24846850
-0.26578444 -0.05896124 0.02388726
-0.09667404 -0.01623638 -0.02178517
-0.18633261 -0.01786633 0.00057017
-0.33300042 -0.04903935 -0.09894544
-0.03912023 -0.02885771 0.06830712
-0.07571760 -0.03310754 0.08939581
-0.02455696 -0.06132479 -0.06473392
-0.12860051 -0.03088746 -0.06843881
-0.22470462 -0.03115723 -0.13782184
-0.35502785 -0.03894528 -0.10864116
-0.10661123 -0.02875751 0.08005546
-0.17698506 -0.03357394 -0.14928645
-0.34268215 -0.00256496 0.08025440
-0.16985323 -0.03080462 -0.22655585
-0.18759671 -0.01999698 -0.03499369
0.06549323 -0.02701029 0.05102583
-0.06262286 -0.04256056 0.05529807
-0.10231324 -0.02624494 -0.15445431
-0.32289773 0.00987954 0.08772548
-0.10382408 -0.02917670 -0.03497345
0.24846880 -0.00866084 0.01361577
-0.26658610 0.00282796 0.08089103
0.01236108 -0.03941590 -0.04941255
-0.16590330 -0.02950236 -0.17618886
-0.31542701 -0.03058538 -0.02954377
-0.21863325 -0.03648842 0.24189678
-0.18892767 -0.03179404 -0.04588975
-0.31846181 -0.03855980 0.04585932
-0.19272333 -0.03220695 0.10721064
-0.32718733 -0.03656646 0.11662659
0.03459758 -0.02779539 -0.06925058
0.08198004 -0.06112447 0.00030578
-0.10844041 -0.06390996 0.02244328
-0.01667205 -0.02578639 0.06425718
-0.03250308 -0.03287636 0.12257057
-0.16433084 -0.01617972 0.08120858
-0.25749189 -0.06712832 0.00736346
-0.17529690 -0.06628115 0.05385971
-0.19869238 -0.06292084 -0.05287095
-0.10307927 -0.03582779 -0.07433735
-0.10190289 -0.03633567 -0.11113804
-0.10467321 -0.06824294 0.02420205
-0.35713702 -0.03949695 -0.18100213
-0.17715463 -0.02951920 -0.11854102
-0.06862368 -0.02990874 -0.08628398
-0.03935908 -0.05920076 -0.01985749
-0.25561801 -0.03561847 0.12147400
-0.33122462 -0.05223557 -0.08893538
-0.30993748 -0.02718492 -0.00776902
-0.30590329 -0.04406076 -0.03639886
-0.31940931 0.03152533 0.09552246
0.04899120 -0.02714185 0.06598280
0.23189016 -0.00975216 0.01618807
-0.29180175 0.06202229 -0.11721347
-0.34123248 -0.05187713 -0.04937434
-0.15754695 -0.02835672 -0.11437126
-0.16512655 -0.03274956 0.16793507
-0.23322456 -0.02355772 0.02489649
-0.04516955 -0.03516239 -0.07020221
-0.16069722 -0.03149273 -0.20274580
0.23404415 -0.00050029 -0.00415179
-0.35922444 -0.04471585 -0.09844445
-0.13638820 -0.02805728 -0.21195897
0.09975900 -0.00885711 0.02356477
-0.12573010 -0.04502508 0.09947608
-0.31330082 -0.04279826 -0.07678347
-0.16310078 -0.03254370 -0.23680511
-0.34027597 -0.04208970 0.07069091
-0.26573437 -0.05569423 -0.01244063
0.05876556 -0.00220138 0.01312418
-0.30845633 -0.04047931 -0.09141218
-0.24093848 0.05105551 0.10042967
-0.01211745 -0.06915817 -0.03495180
0.18562537 -0.00549783 0.00554145
0.13821328 -0.03122545 0.03069760
0.21373141 -0.02354551 -0.01752193
-0.13144432 -0.03904134 0.11099458
0.17027014 -0.00099163 0.01050869
-0.06205917 -0.03246959 -0.11330518
-0.08750062 -0.04323322 0.06381001
-0.14681606 -0.02718248 -0.13490289
-0.06390339 -0.06391270 -0.06125480
-0.15631996 -0.02289906 0.06787419
-0.26705405 -0.06092989 -0.04916020
-0.24783947 0.00304121 0.08472078
-0.20019415 -0.03404773 0.21685910
-0.12113625 -0.03360303 -0.11774710
-0.23309749 -0.05305580 -0.03406079
-0.09409689 -0.03195778 0.18928684
0.23101099 -0.00125061 0.00077362
0.19092079 -0.02728150 -0.01205407
-0.31443071 -0.03533062 0.04846337
-0.08030889 -0.03608986 0.08468668
-0.01326122 -0.04682887 -0.03093913
-0.37954584 -0.04299691 -0.15597917
0.00249499 -0.03656296 0.01548781
0.18280859 -0.00161411 -0.02329819
-0.08949903 -0.03206879 -0.14997506
-0.13767329 -0.03332815 0.09357717
0.28028581 -0.02789753 0.01567083
0.09049787 -0.01777530 0.02614372
-0.14376801 -0.05258505 -0.06479587
-0.04084930 -0.03195597 0.14419731
-0.03580201 -0.03302453 0.09773188
0.05633364 -0.02495092 0.00379472
-0.20227605 -0.03479066 -0.21312931
-0.24669534 -0.02615063 -0.06412204
-0.20222914 -0.03439062 0.26439536
-0.11412755 -0.02247234 0.08166479
-0.01126852 -0.05439436 -0.06894775
0.16377054 -0.04310912 -0.01093285
-0.06259955 -0.06897443 0.04183061
0.03923206 -0.04811541 0.03468265
-0.00117697 -0.06892784 0.01911927
-0.02333059 -0.02477409 -0.09429383
-0.37884486 -0.04721629 -0.08643795
-0.23614544 -0.02543232 -0.05552068
-0.22145611 -0.02908105 -0.09286975
-0.25051802 -0.02951227 -0.12736571
-0.16261616 -0.03257463 0.18186553
-0.35673207 -0.04397995 0.05729948
-0.13346693 -0.03182230 0.16726156
-0.01110325 -0.03001889 -0.08302587
-0.08320380 -0.03558319 -0.13148814
-0.02831329 -0.04910270 -0.02236656
-0.17353763 -0.05939263 -0.00951665
0.10552970 -0.00316086 0.01350277
-0.05604660 -0.03628571 0.06201586
-0.13623574 -0.05814435 -0.02268434
-0.12194171 -0.02806210 0.10490341
-0.11966951 -0.07079336 0.03712931
-0.26757905 -0.05643835 -0.02244546
-0.27960691 -0.03850899 0.07451645
-0.22309533 -0.03181548 0.12326648
-0.25733367 -0.04090663 0.08210078
-0.17588368 -0.02840917 0.16577461
-0.21343420 -0.03298927 0.18564174
-0.19635351 -0.05534730 -0.02808463
0.01689874 -0.02930822 -0.07138476
0.15685868 -0.01254222 -0.02453897
-0.12660573 -0.02458921 0.05711288
-0.30368191 -0.03238485 -0.08631901
-0.08549576 -0.06529946 0.01340527
-0.05410431 -0.02945836 0.06691640
0.07960254 -0.02658660 -0.04871751
-0.30940700 -0.05219295 -0.06211694
-0.13122194 -0.03014115 0.16814086
-0.10015619 -0.07298020 -0.05728267
-0.22907066 -0.05595326 -0.01259679
-0.18070839 -0.03804884 0.23854952
-0.11278784 -0.06313793 -0.05002941
-0.11418221 -0.07186198 -0.05147761
-0.32215384 -0.05101553 0.00020695
-0.16608562 -0.03746775 -0.06632344
-0.07431337 -0.02589954 -0.13725445
0.25343606 -0.03696698 0.01557408
-0.29037401 -0.04172330 -0.01465256
0.06581864 -0.05728194 -0.00592612
-0.17654368 -0.03564510 0.10588297
-0.21298902 -0.02575440 -0.06779382
-0.02117031 -0.02511482 -0.08170424
0.29722878 -0.04750966 0.01071765
-0.20155933 -0.02973949 0.13073647
-0.30704024 -0.04153052 -0.00951581
-0.22263172 -0.03427431 0.17243414
-0.26353192 -0.05556908 -0.06645025
-0.04238770 -0.03306963 0.10680830
0.03346407 -0.03370155 0.01429855
-0.04652358 -0.06702110 -0.04487714
-0.08299162 -0.03162116 0.17117672
-0.03126837 -0.04201005 -0.06634642
-0.17077595 -0.03328443 0.09392852
-0.07368464 -0.02756930 0.04792741
0.11107622 -0.04740735 0.03034350
-0.17929772 -0.03066534 -0.21818252
-0.14172825 -0.02805630 -0.12431278
-0.35117757 -0.03935789 0.14633673
0.10851780 -0.02751685 0.02741619
-0.22391641 0.02245478 0.09716976
-0.34899130 -0.04039751 0.07753349
-0.33171785 -0.03691774 0.03284377
-0.03988301 -0.04871149 0.05478471
-0.02732796 -0.02163810 -0.04643479
-0.07389541 -0.02417663 -0.00164438
-0.11783545 -0.06244868 -0.04202868
-0.07949128 -0.03262046 0.18603648
0.06421846 -0.03135980 0.07157519
-0.10430560 -0.02133287 -0.03218221
0.28027341 -0.04621448 -0.00620519
-0.19061653 -0.03459016 0.17260601
0.33398724 -0.02605943 -0.00041801
-0.18286133 -0.03579687 0.21085162
-0.17876753 -0.06706600 -0.03557333
-0.23634493 -0.03350699 -0.18168065
-0.33906031 -0.03728813 -0.12792367
-0.20343933 -0.03986916 -0.07613953
-0.23818220 -0.03628878 0.21804665
0.15184805 0.00031978 -0.00214132
-0.25023064 -0.05900471 0.08456867
-0.17119506 -0.05609042 0.06031523
-0.07091881 -0.04001558 -0.06252380
-0.05391646 -0.02744156 -0.06784977
-0.30985194 -0.03313744 0.01155871
-0.18073215 -0.03198972 -0.16375531
-0.01651976 -0.04572843 -0.06985940
0.15672854 -0.05909824 -0.00314751
-0.29132551 0.02628477 -0.08405348
-0.21125016 -0.02611163 -0.08031256
-0.01688083 -0.01793638 0.01676856
0.15980969 -0.01130923 -0.03992841
-0.16790587 -0.03402013 0.12798597
-0.23425195 -0.03484098 0.18313959
-0.10890315 -0.03959510 -0.08917831
-0.36565059 -0.04662684 0.12222390
0.20786525 0.00757648 -0.00325076
0.06558082 -0.02823261 -0.05764477
-0.05579167 -0.01675127 -0.02380345
0.07482333 -0.01763754 0.03710081
-0.04272333 -0.02566785 0.06825397
-0.19907290 -0.04111552 0.10398579
-0.18023968 -0.02982448 -0.21082518
0.01595296 -0.01831013 -0.04516989
-0.19129585 -0.03017068 0.06625312
0.01506147 -0.02482611 0.04209946
-0.25697038 0.05028807 -0.10397337
-0.18043458 -0.03268420 0.22945759
0.19203246 0.01537769 -0.00460395
-0.06413380 -0.04165405 -0.08556736
-0.10711516 -0.02971741 -0.14669771
-0.09133843 -0.03044981 0.03623323
-0.35283643 -0.04099930 -0.10507968
-0.19826494 -0.02095629 -0.02411038
-0.13202146 -0.03119818 0.21098699
-0.35835081 -0.04384695 -0.04387974
-0.36021927 -0.04665096 -0.09843794
-0.06811906 -0.06703514 0.01526651
-0.14327380 -0.06692696 0.04699288
0.05659636 -0.02991387 -0.03996141
-0.08140545 -0.06894860 -0.06500264
-0.05759291 -0.00908973 -0.01400338
-0.03702065 -0.02025460 0.09335335
0.14676398 -0.01669198 -0.01877588
0.15291783 -0.03353157 -0.00578037
-0.25537580 -0.05625971 -0.06599641
0.01298620 -0.03734490 -0.01289171
-0.20833075 -0.03162687 -0.16703273
-0.25622693 -0.02187609 0.02983819
-0.26984993 -0.03470710 -0.06524627
-0.23208115 -0.02414643 -0.02193213
0.07095298 -0.01318714 -0.04187824
-0.20764846 -0.03198185 -0.18950848
-0.07636844 -0.03725756 -0.12674424
-0.20326339 -0.05661714 0.01768554
-0.21596800 -0.03963618 -0.04797309
-0.05238076 -0.04082298 -0.05598032
-0.02035524 -0.02479767 0.04644983
0.03826444 -0.02937986 -0.04839091
-0.16788283 -0.03148902 -0.24203217
-0.34279284 -0.04379595 0.04950162
-0.15183851 -0.03502277 0.11940213
-0.23936337 -0.05343605 -0.07723032
-0.11697076 -0.03369290 0.16075224
-0.38458142 -0.04360743 0.14065200
-0.04616787 -0.02503745 0.02690887
-0.22086410 -0.05645811 -0.07063655
-0.17930986 -0.03796727 -0.13091910
-0.11494941 -0.05657590 -0.07203357
-0.10951718 -0.03617511 -0.07548834
0.09460229 -0.02941393 0.02508895
-0.13165258 -0.02662179 -0.02166935
-0.26602301 -0.06431593 0.04461932
0.14294980 -0.00841142 -0.00989350
-0.22215538 -0.05461767 0.07443477
-0.12568597 -0.02974946 0.12988488
-0.21088220 -0.03574919 0.20394544
-0.29788041 -0.03356936 -0.08291437
0.14063048 -0.00876052 -0.00997534
-0.00614285 -0.06345765 -0.04598719
0.03985966 -0.03786023 -0.04392379
-0.10361934 -0.06892113 0.05154328
-0.27837053 0.00211934 0.09415431
-0.20513716 -0.03083905 0.13865650
-0.18655244 -0.03497260 0.14813027
-0.00282845 -0.04612192 0.05171903
-0.34436715 -0.04623818 -0.11877794
-0.19112882 -0.02545111 -0.07545906
-0.07669677 -0.03416373 -0.10231928
0.00200666 -0.00878618 -0.00834274
-0.04461867 -0.02672223 -0.08089902
0.05333535 -0.03560276 -0.00923439
0.31875446 -0.03053276 0.01771136
-0.20446490 -0.05521485 0.04134759
-0.06600175 -0.04099522 0.04314676
-0.12930046 -0.03170070 0.19764297
-0.32796115 -0.05017753 0.06675488
-0.21493016 -0.05778824 -0.02647876
-0.13477260 -0.03226064 -0.18447322
-0.03651127 -0.02139857 -0.03986190
-0.32709557 -0.03569393 -0.02039609
-0.18935569 -0.05950930 -0.01684146
-0.31647962 -0.04222960 0.07222089
-0.12324855 -0.03258813 -0.16890666
0.22413787 0.00989773 -0.01030962
-0.07290845 -0.04030615 0.05410727
-0.03536689 -0.06804896 0.01490237
-0.02029679 -0.06163544 0.05193669
0.10123894 -0.04531378 -0.03695885
-0.32028946 0.04810398 0.11620696
-0.29717210 -0.03750136 0.14139873
-0.21184896 -0.03422275 -0.23166965
-0.10662073 -0.02136630 0.01741724
-0.01231087 -0.03058049 -0.09910255
-0.17490846 -0.02593707 0.00422601
-0.10792731 -0.04933330 0.08888300
0.01492686 -0.03604266 -0.06198388
-0.38174370 -0.03806733 -0.17082109
-0.17114583 -0.03389020 0.20075428
-0.06470551 -0.02517020 -0.11984271
-0.20760983 -0.02695891 0.02097406
-0.27211553 -0.03219447 -0.06560893
-0.03680819 -0.02088446 -0.02696381
-0.12733021 -0.01966124 0.00590490
-0.07193267 -0.04644456 -0.06601619
0.04568408 -0.00834596 0.02585996
-0.14335704 -0.03346964 -0.22324818
-0.20699699 -0.03405647 -0.12378432
-0.35625818 -0.03778707 -0.06718075
-0.14184792 -0.06782205 -0.04015080
-0.14261988 -0.02813716 0.10500738
0.04086858 -0.03509478 -0.03297465
-0.05289321 -0.03838490 0.08549651
-0.22088684 -0.03061489 -0.19631882
-0.07445566 -0.02753864 -0.16224714
-0.18771589 -0.03147079 0.09006401
0.07901415 -0.01563648 -0.04352393
-0.11736367 -0.03416485 0.16972913
-0.14423344 -0.07073265 -0.06995776
-0.11320037 -0.03298819 -0.08547604
0.13820019 -0.00283733 -0.01483538
-0.26751789 -0.03501574 -0.04903077
-0.13523379 -0.06390030 -0.02687526
0.22659332 -0.04410262 0.01186173
-0.34346357 -0.04153664 0.09357559
0.32207891 -0.03727106 -0.00298259
-0.25681576 -0.02136604 0.05365958
-0.27062535 -0.03469769 0.06661807
-0.15805613 -0.03386090 0.12947382
-0.11260401 -0.03168667 0.15265897
0.15813909 -0.04687212 -0.00562633
-0.18060184 -0.02680891 -0.10976958
-0.16302474 -0.03299534 -0.21563385
-0.29675159 -0.05886219 -0.01716695
-0.19827950 -0.02704824 0.01256823
-0.38103700 -0.04571503 -0.08058459
-0.19721425 -0.02722021 -0.07902290
-0.05653106 -0.05047951 -0.06053463
-0.31347769 -0.04202973 0.13334745
-0.20776320 -0.03270395 -0.22172546
-0.10361583 -0.02403000 0.01257898
0.03348777 -0.04677261 -0.01175924
-0.29191658 -0.06257696 -0.00824314
0.00947560 -0.03247035 0.03475974
-0.09493411 -0.01736733 -0.00489512
-0.16063292 -0.06766548 -0.01942077
-0.37784073 -0.05189616 -0.06264986
-0.13442335 -0.06164564 -0.02863488
-0.24416791 -0.05745185 0.06078675
-0.10310186 -0.03198684 -0.06656756
0.27735382 -0.01258498 0.00818826
-0.07891828 -0.04149636 0.06877111
-0.18869150 -0.02752222 -0.14149059
-0.10381015 -0.06900457 0.05277079
0.00370039 -0.01793572 -0.01858038
-0.15776715 -0.03247505 -0.06965093
-0.16738212 -0.02377763 0.07340986
-0.05553248 -0.06863838 -0.05045511
0.07586984 -0.02416169 -0.04494304
-0.38665155 -0.04869196 0.13266389
-0.15468046 -0.02873057 -0.06937730
-0.11241935 -0.03197492 0.20018849
-0.02752399 -0.07076540 0.03640717
-0.28607339 0.02142892 0.11167550
-0.08001553 -0.03285937 0.17980267
-0.28210264 -0.02728344 -0.07281645
-0.05124078 -0.06186775 -0.05132169
0.01941257 -0.03048640 0.05552830
-0.02165818 -0.01308565 0.00633453
-0.06528764 -0.01973736 -0.05915800
-0.23499388 -0.00780826 -0.08884773
-0.12596758 -0.03199843 0.16069169
-0.30279502 0.01712951 -0.07896417
-0.16106643 -0.03463935 -0.23806405
-0.34954649 -0.04048114 -0.10351548
0.22579595 -0.02350335 0.02711275
-0.10004651 -0.01723081 -0.01323564
-0.24479957 0.02051006 0.09910537
-0.38681018 -0.04734704 0.14363368
-0.01851501 -0.03077051 0.08539882
0.12141347 0.00049182 -0.00792372
-0.29658791 -0.05693584 -0.04188078
-0.30740464 -0.05948846 -0.02330608
-0.13854110 -0.02947414 -0.17253855
-0.02529569 -0.02644980 -0.06716032
-0.13915467 -0.03183484 -0.13087572
-0.10078660 -0.02392022 -0.08890552
-0.10043436 -0.03519952 -0.14344580
0.09631987 0.00040304 -0.00591984
-0.19058774 -0.03321126 0.22278079
-0.06747746 -0.03225802 -0.14083236
-0.31668642 -0.04356432 0.10420122
-0.39507204 -0.04859260 0.11675279
-0.14864272 -0.02984238 -0.20305610
0.23711306 -0.03473520 -0.00687205
-0.20010589 -0.05616428 0.07126964
-0.08566789 -0.02591293 -0.14975348
-0.02354456 -0.05799132 -0.05991079
0.07504428 -0.01664664 -0.03811477
-0.30838671 -0.03701925 -0.10889640
0.26199806 -0.00662930 -0.00287697
0.02449503 -0.06027592 -0.02519535
-0.00574336 -0.03757807 -0.06797962
0.17372656 -0.05564027 -0.00041986
-0.22604436 -0.03023139 0.13379991
-0.08062856 -0.03599684 -0.07474227
0.14478832 -0.03135494 -0.01965266
-0.08459873 -0.03922240 -0.06986214
-0.05630501 -0.05888785 -0.02309728
-0.12344734 -0.02907006 0.16186033
-0.24196392 -0.03574811 -0.22566965
-0.08716209 -0.06261380 -0.02976426
0.22170620 0.00358895 0.00961286
0.10214161 -0.00413553 -0.01446542
-0.30062619 -0.03953637 0.03348655
-0.22634910 -0.02448228 0.01131477
-0.22059250 -0.05628816 0.02830922
-0.33628342 -0.04133595 0.08803523
-0.35557166 -0.04791379 -0.10419463
0.35989597 -0.03962974 -0.00223550
0.32139018 -0.03783975 -0.00553708
-0.38443795 -0.04560532 0.08854931
-0.35198382 -0.04576149 0.03666601
-0.30642480 -0.02336692 0.06639507
-0.21673846 -0.03412116 0.05790026
0.04321453 -0.00532428 -0.00794692
-0.16100590 -0.03573681 -0.24433756
-0.29348308 -0.05091560 0.02503523
-0.29109576 0.05023931 0.10268374
-0.00906368 -0.01956918 -0.03515452
-0.05409855 -0.06403220 -0.05419894
-0.12715927 -0.05834830 0.06172010
-0.30499944 -0.05857868 -0.03048689
-0.09183788 -0.06704934 0.04826207
-0.14504541 -0.05775337 0.00092875
-0.11147378 -0.03261152 0.12756023
-0.16297914 -0.02857411 0.19200587
-0.31015700 0.02648171 -0.08011369
-0.13611209 -0.03507910 -0.14077410
-0.24125013 -0.02140957 -0.01548005
0.09655850 -0.02321652 0.06004762
-0.04538847 -0.02063616 0.07834287
-0.31059876 -0.02577573 0.05429507
-0.22424729 -0.01417792 0.08365771
-0.11461542 -0.06029646 -0.05552814
-0.28990117 0.04775970 -0.10451099
-0.11840589 -0.02611574 0.06213908
-0.08497544 -0.07029262 0.02721365
-0.15820494 -0.02626139 -0.12206771
-0.07013862 -0.03009364 -0.17441244
-0.25973716 0.04864796 -0.10272299
0.10880356 -0.00030204 -0.01868727
-0.03507759 -0.03625490 -0.03303346
-0.08665162 -0.03193188 -0.08631714
-0.29568052 -0.04343896 0.07379689
-0.05418631 -0.04123940 0.06368980
-0.10519604 -0.03312626 0.15112627
-0.09193525 -0.03543343 0.10356244
-0.19983478 -0.02327728 -0.05263071
-0.13038275 -0.02952812 -0.12161820
-0.12983485 -0.06580298 0.05062087
0.03247801 -0.02947394 -0.00870870
-0.28155160 -0.03880470 0.07427633
0.11209416 0.00034981 0.00942348
0.15955190 -0.01699903 -0.02518423
-0.04603291 -0.02050767 0.09176544
-0.14852251 -0.02791888 0.17375623
-0.18466900 -0.04905934 0.07351653
-0.34224588 -0.03967168 -0.14896527
-0.27139208 -0.03521613 -0.08830223
0.08337419 -0.02276239 0.04304928
-0.18804285 0.02130278 -0.09247569
-0.11655540 -0.02959128 0.15404128
-0.10605906 -0.02485669 0.00414129
-0.31221440 -0.03955323 -0.04755557
-0.31417215 -0.03893282 -0.06409315
-0.21721594 -0.04647736 0.04587981
0.23065519 -0.01872797 0.01437543
-0.17152302 -0.07123601 0.02182569
-0.25863999 0.01687200 0.08004415
0.32556742 -0.03009514 -0.01632097
-0.16410781 -0.03111051 0.14946468
0.12121369 -0.04457925 0.02528120
-0.20638657 -0.01916538 -0.00534703
0.08036745 -0.06374781 -0.02901279
-0.10673605 -0.02732152 -0.00911852
0.00348839 -0.06383332 -0.00652981
-0.30684862 -0.06189968 0.05745284
-0.24652152 -0.02916363 0.15176418
-0.29006082 -0.05096377 0.00895248
-0.00385776 -0.06084780 0.05597635
-0.05574017 -0.02739449 0.02394434
-0.20191823 -0.05490684 -0.01672762
-0.39044410 -0.04641286 0.09948973
-0.15660691 -0.03200702 -0.18570961
-0.19898951 -0.01816417 0.01816900
-0.34684160 -0.04370812 0.17362237
-0.03033609 -0.02324977 0.07612105
0.27303505 -0.04027169 -0.00437824
-0.22719048 -0.06703712 -0.01715546
-0.38926443 -0.04129472 -0.15462336
-0.24876592 0.02275521 -0.10401236
-0.28461498 -0.05683600 -0.03161473
-0.21745953 -0.03461447 0.22476478
-0.30646941 -0.06435867 -0.01609793
-0.28020158 0.01766845 0.10888320
-0.04914269 -0.03380068 -0.04851930
-0.18674621 -0.02454384 0.01860272
-0.14557931 -0.06787422 -0.06017856
-0.10557132 -0.05177662 0.08237901
0.03793683 -0.05788894 0.02848784
0.19144410 -0.01485404 -0.00037188
-0.09852482 -0.03250428 -0.15860070
-0.06922913 -0.03710434 0.05899242
0.00998246 -0.02053081 -0.07266285
-0.22682314 -0.03764743 0.00246289
-0.12500630 -0.03407653 0.14633130
-0.15498111 -0.03365199 0.19400045
0.00062738 -0.06611264 0.00926317
-0.07175579 -0.07124690 -0.02998159
-0.23853159 -0.02451539 -0.02475852
0.18050361 0.01406346 0.00022997
-0.13991877 -0.03182282 -0.17204896
0.16332966 -0.01628479 0.02408945
-0.11293304 -0.06034888 -0.07125433
-0.21644065 0.00179297 0.08081969
-0.16094629 -0.03109207 0.17765085
0.20829400 -0.00645457 0.01295413
0.21009468 -0.00746636 -0.00786381
-0.20074901 -0.03614876 0.11606463
-0.04904800 -0.02096359 -0.00303760
-0.29335472 -0.00239044 -0.08954179
-0.24443096 0.00310260 0.08040094
-0.31699124 -0.05302982 0.05990819
0.22414061 -0.02568169 0.01636972
0.00382841 -0.03050043 0.00705013
0.21795592 -0.01577229 -0.02311297
-0.20590089 -0.06253396 0.05648535
-0.09696207 -0.02473176 -0.16225061
0.07226750 -0.01417604 -0.02516356
-0.19125412 -0.03303299 0.18590154
-0.30899009 -0.03185047 0.07858086
-0.17184462 -0.03717487 -0.08750951
-0.37668654 -0.04849097 0.05952020
-0.24971668 -0.03572561 -0.23721857
-0.13515517 -0.03324961 0.20941365
-0.06804197 -0.03288952 -0.04178839
-0.36951315 -0.04397456 -0.13808827
-0.16247365 -0.03163851 0.16543600
0.06476792 -0.02781614 -0.05393658
-0.10307144 -0.03018827 0.04957080
-0.23681617 -0.02918702 -0.12934545
0.03476186 -0.03549477 0.03392841
-0.16874711 -0.03103763 0.17578271
-0.15759628 -0.03701560 -0.22301017
-0.32429928 -0.04127944 0.06725415
0.28610605 -0.02200938 0.01870503
-0.38875517 -0.04571395 0.08651298
-0.27882364 -0.03276993 -0.01207855
-0.15823957 -0.03942742 0.11499920
-0.05034473 -0.06247311 -0.05996565
-0.15096106 -0.02777228 -0.08536215
-0.12487409 -0.03403386 0.11545367
-0.16198444 -0.06494258 0.05445880
-0.30203781 -0.03929217 -0.07464664
-0.26528126 -0.03225754 -0.02648778
-0.32273540 -0.05374067 -0.08085441
-0.09463736 -0.02371804 0.00161527
-0.25203303 -0.02956223 -0.02189918
-0.21680556 -0.03775505 0.00550616
-0.03858922 -0.03315708 -0.10973559
-0.34453130 -0.05270218 -0.05501866
-0.05572137 -0.06558964 0.03588420
0.16174643 0.00628311 -0.01063468
-0.01129420 -0.01377488 -0.04164846
-0.34721041 -0.03295146 -0.06093567
-0.15373823 -0.03235309 0.20251529
-0.10009173 -0.03021173 -0.16819596
-0.19599617 -0.04334947 0.08095863
0.14140612 -0.04463580 0.00040121
-0.11048293 -0.03562746 -0.11004339
-0.18795301 -0.02941279 -0.06938730
-0.26522672 -0.06451853 0.00481675
-0.30266568 -0.02063295 0.05388872
-0.29274073 -0.02366317 0.02010181
-0.12691523 -0.03009634 0.13039361
0.05323073 -0.02823078 -0.01786676
-0.20034094 -0.03582937 0.10098411
-0.22964169 -0.03636247 -0.07982910
-0.09154126 -0.04026598 -0.08220211
-0.29047307 -0.02450447 -0.04779816
-0.23137213 -0.03326846 -0.23553047
-0.20087627 -0.03573590 0.19914167
-0.04902793 -0.03033953 0.12898660
0.09225513 -0.00843849 0.00612592
0.03089839 -0.01964922 0.02982436
-0.27162546 -0.03040648 0.00184627
-0.14678319 -0.03524648 -0.11838027
-0.11517343 -0.02163723 -0.01155576
-0.06252544 -0.03693117 -0.11030781
-0.01085880 -0.02943453 -0.06195589
-0.30249709 -0.04131114 0.07128923
-0.15162796 -0.02893677 0.15140912
-0.28725755 -0.03169455 0.00826622
0.18653695 -0.00223798 0.01191039
-0.28999561 -0.06632644 -0.03797269
-0.03800165 -0.01347028 -0.00405643
-0.11132839 -0.02567505 0.12432308
0.10002678 -0.04774061 -0.01087820
-0.12588285 -0.02931087 -0.11000326
-0.26332223 -0.05372547 0.04969170
0.00198803 -0.06046350 0.05453406
0.03148607 -0.01686723 -0.03519266
-0.11702898 -0.06754071 0.04754891
-0.28393328 -0.05640731 -0.02053107
-0.15892899 -0.03338585 0.23296507
-0.03181747 -0.07345369 -0.01458483
-0.09263196 -0.06971701 0.06005241
-0.39435813 -0.04800875 0.14886615
-0.15934405 -0.03434012 -0.11231973
-0.06853485 -0.05735306 -0.02698407
-0.33364528 -0.02909105 0.07995640
-0.27087176 0.05063329 0.09149896
-0.13446291 -0.05873188 -0.06677944
-0.09935732 -0.02042466 -0.03532592
-0.24202979 0.00935018 0.07701232
0.13469586 -0.02307361 -0.06119503
-0.11640631 -0.03177527 -0.03720943
-0.14279087 -0.02501423 0.06968826
-0.20751694 -0.03456556 0.20606998
-0.01321540 -0.02357846 -0.07818144
-0.02432011 -0.02122779 0.06103908
0.04412719 -0.05762200 -0.03077983
-0.08658871 -0.05597115 -0.00948507
-0.13832428 -0.05758511 -0.08933961
-0.07699844 -0.03183143 -0.11817354
-0.38999516 -0.03908440 -0.16494752
-0.01788109 -0.03526610 -0.11153301
-0.19014996 -0.04509999 0.00135131
-0.25245735 -0.05332859 -0.03041060
-0.06119721 -0.06077540 -0.05536031
-0.16013841 -0.06550220 0.06179491
-0.19879079 -0.06287411 -0.00582252
0.10107087 -0.02899678 0.04299741
