-0.03357458 -0.18669714 0.17748307
-0.01635685 -0.23149714 0.38170913
-0.01065424 0.22681937 0.41084021
-0.02891506 -0.23255557 -0.04592184
0.02218360 -0.16498455 0.39442867
-0.04505513 -0.08321957 0.06964776
0.03073235 -0.17051153 -0.28913465
0.02896148 0.19128799 -0.37158611
-0.04100703 -0.13230327 -0.29406658
-0.04294502 -0.20971210 0.32483146
-0.03526862 0.10196916 0.03131069
-0.03612601 -0.11585101 0.14237766
0.01679621 -0.03558049 -0.30458850
0.00046653 -0.07520942 0.32315880
-0.02378701 0.22353017 -0.14165750
0.02529654 -0.20152043 0.10699482
0.00870405 -0.18584445 -0.31675652
0.03217317 -0.11141377 -0.39291695
0.02676714 -0.17908363 0.28088039
-0.00308284 0.14185479 -0.39818656
-0.03362010 -0.20490786 -0.03278562
0.03029831 0.10858958 0.25239027
-0.02838288 -0.15256460 -0.00935016
0.02265038 -0.19530392 -0.41443747
-0.01800339 -0.07464436 0.12327489
-0.03254808 -0.09681661 -0.17894094
0.03239631 -0.10961597 -0.01490026
0.00288909 -0.01361521 0.32650071
-0.04300216 -0.14591336 0.00592740
0.03290497 0.16306111 -0.11789696
0.01622433 -0.23729250 0.25260693
-0.04333964 0.12319657 0.03637516
0.02084801 -0.12806986 0.01117801
-0.01342855 0.03545848 -0.38904184
0.02996526 -0.20514709 0.31066748
0.02837447 -0.15130353 0.15135112
0.02961285 0.15973260 0.30874690
0.00635436 -0.23394006 0.03984195
0.01968930 -0.01235390 -0.38542062
-0.02528487 -0.06546485 0.36680698
-0.03001699 -0.08742312 0.06422335
0.00689863 -0.18144682 0.40493256
-0.03636694 -0.21722396 -0.16794001
-0.01638646 -0.09815758 -0.11542721
-0.02842205 -0.03635220 0.25418940
-0.03820502 -0.09933815 -0.26760215
-0.01262013 0.01484648 0.40859911
-0.03041045 -0.20848788 0.35294127
0.00658586 -0.14223157 0.41881526
0.02685350 -0.15950103 -0.40573865
-0.01863716 -0.22313792 0.09463903
0.03151104 -0.21372676 -0.41341099
0.02271598 -0.10900322 -0.41751125
0.01793229 -0.10185061 -0.11890116
0.03701613 0.13662267 0.17883110
-0.00802649 -0.23511887 -0.26806921
0.03303440 -0.19250447 -0.12618454
0.01940705 -0.20681146 0.22776383
-0.04567577 -0.08854336 0.14606914
-0.04379969 0.23323484 0.01589360
0.00165912 0.00035599 0.30653387
-0.03435089 -0.05483756 -0.09681642
0.01748439 0.23266825 0.08501752
0.01520350 -0.06813197 -0.40814573
-0.03524127 -0.13337103 -0.13785219
-0.03525291 0.00586326 0.23262921
-0.02616980 -0.21643901 0.36138260
0.03188140 -0.22046997 0.11081833
0.00572004 0.06908280 0.40724292
0.03828000 -0.06335205 -0.39462730
-0.03927520 -0.22791658 -0.30921823
-0.03663030 -0.16972873 0.36089599
0.02572084 -0.14671192 -0.41078627
-0.01317794 -0.23088811 -0.22374722
-0.04451988 -0.15731283 0.08238963
-0.03172242 -0.14150880 0.05512443
-0.03435519 0.11853000 0.34125462
-0.03312421 0.18594113 0.01468299
0.01150605 -0.23282468 -0.21072313
-0.00439431 -0.15956104 0.27400413
0.01456852 -0.04861843 -0.15301785
-0.02322638 -0.08217461 0.03086558
-0.03528137 -0.22278617 -0.28714493
0.00764724 -0.09794597 0.40492171
-0.00392790 0.22139227 0.41557351
-0.01825291 -0.14636889 0.40073180
-0.03511230 -0.19259569 -0.08218208
-0.04369178 -0.10975835 0.39062685
0.01918940 0.24572964 0.31619829
-0.02649112 -0.12985632 0.40546182
-0.00492411 -0.16557442 0.20233893
0.01780918 -0.03529295 0.22203255
-0.02425660 -0.17993402 0.07398200
0.02721323 -0.23027970 -0.05721167
0.00596911 0.00900550 0.40662450
-0.01359758 -0.02625017 -0.17320557
0.02539048 -0.15141974 0.22602874
-0.00354438 -0.21829677 0.42073506
-0.02927918 -0.19402409 0.17352620
0.03187820 0.01092842 -0.22493359
0.03354776 -0.15184097 -0.22709370
-0.03567010 -0.03810654 0.39026594
0.02035920 -0.12709416 0.31098741
-0.03214176 -0.18442547 0.41893056
0.02779964 0.24185459 -0.39610693
-0.03630837 0.20610572 -0.41189298
-0.00000810 -0.16199487 -0.28332981
-0.04145193 0.14636810 0.41185471
-0.01340012 0.23572603 0.31256503
-0.02908890 -0.12640902 0.27976567
-0.01522840 -0.08795491 0.41322705
-0.03993936 0.02830164 -0.16597450
-0.02977837 0.22297871 -0.21878259
-0.00973236 -0.23709662 0.22175486
-0.00343179 -0.23493728 -0.02462753
-0.03494738 0.17687835 0.09327151
0.00754976 0.04960375 -0.32677588
-0.03669225 -0.09011301 -0.01971667
-0.00597108 0.22493000 -0.08776660
0.00401307 -0.06309071 0.08358851
0.00346014 -0.16578172 -0.29416502
0.02477197 -0.23529969 0.18319681
-0.00432857 -0.21638675 -0.33218426
0.02505658 -0.06332357 0.32610407
-0.03417946 -0.10201259 0.10518309
-0.03753180 -0.20521861 -0.00184104
0.02773350 -0.14353658 -0.06863908
0.02529655 -0.20192504 0.07281366
0.02386696 -0.23277064 -0.08472545
0.01810770 -0.08295399 0.40989253
0.02028435 0.09108368 -0.39196217
-0.00567948 -0.22237097 0.41921690
-0.00003201 0.11924076 0.02769727
-0.01727509 -0.15277041 -0.31899413
-0.04130380 0.12196165 -0.36565584
0.02001382 -0.23354876 -0.11080815
-0.03762713 -0.11669564 -0.21234937
0.02826947 -0.18789619 0.35305661
0.02177242 -0.24132025 -0.39232707
0.01929266 -0.06856741 -0.39359996
-0.01997103 -0.21202807 -0.42039645
-0.02988083 -0.17354888 -0.24648617
-0.01562812 -0.07121763 -0.18272476
0.03583292 -0.19038136 -0.23601347
-0.03404628 0.12407099 -0.36314949
-0.03487568 -0.21000476 -0.06167444
-0.01841225 -0.22840711 -0.08709954
-0.01016884 -0.22149105 0.00295215
-0.03970446 0.21120462 0.22019897
-0.03057870 -0.17263356 0.13993028
0.00413163 -0.17108107 0.42339140
-0.03445933 -0.04701972 -0.22836600
0.02903849 0.00415863 -0.29836288
0.01833993 -0.22914007 0.26566842
0.02853490 -0.23703521 -0.06119524
0.02881615 -0.16884215 0.30309787
0.02419141 -0.15290034 0.37527654
-0.03862952 0.23591377 -0.29732877
-0.01676742 -0.09585642 0.04988503
0.01309988 -0.01219011 -0.29324648
0.02896283 -0.22522600 -0.21952049
-0.02888809 -0.19781663 -0.14793426
0.03221563 -0.00124720 0.04635166
-0.03174915 -0.08619486 0.16027436
-0.00420650 0.01592150 -0.41148618
0.02770166 -0.15228374 -0.33102456
0.03000496 0.10939448 0.21859781
-0.02909941 0.04687247 -0.23292033
0.00227166 -0.11802377 -0.14452490
-0.03644165 -0.09721157 0.27459949
0.01073872 -0.18446574 -0.13982041
-0.04626588 -0.13425677 -0.25460023
0.02829670 -0.23161140 0.22911923
-0.01796863 -0.05540998 0.10648357
-0.03786138 0.01367829 0.41238365
-0.01402393 0.16586283 -0.37455973
-0.03253217 -0.11683808 0.06257071
-0.02711780 -0.06311733 0.40519828
-0.01511544 -0.16023836 -0.40629399
-0.01740784 -0.14614749 0.03897180
-0.00599130 -0.15882339 0.40575767
0.01259614 0.19393612 0.26807243
0.01922964 -0.08752880 0.27435613
-0.03430237 0.10640925 -0.06576513
-0.04123375 -0.14871049 -0.29766798
-0.04032817 -0.12801433 -0.36326602
-0.04009412 0.00510133 -0.35031655
0.00900657 -0.12065531 -0.41516206
-0.00762299 -0.04610371 -0.11145659
-0.03738738 0.05301585 0.21674615
0.01910837 -0.22517474 -0.38623551
-0.01837791 0.02030493 0.11583920
-0.03934196 0.09585259 0.32746565
0.03517081 -0.23245196 -0.28893334
-0.00836297 -0.12350149 -0.17454556
-0.03664706 -0.06561275 -0.06656065
-0.04165469 -0.20415612 0.02845201
-0.04438503 -0.02317718 -0.41505650
-0.03343568 -0.07702132 0.15468210
0.01504251 -0.10407870 0.21333170
-0.03038332 -0.19621260 -0.41581407
0.03762237 -0.13108304 0.16086268
0.03125284 -0.16708165 -0.06461336
0.00685614 0.20262077 -0.30074507
-0.03099976 -0.14706911 0.31746531
-0.03343011 -0.14366587 0.07300709
-0.04388881 0.20937280 -0.32298720
-0.04147977 -0.24368432 -0.21975751
0.03315677 -0.17831355 -0.29230338
0.03042281 -0.03141265 -0.31506535
-0.04286106 0.17318295 0.00697907
-0.04100357 -0.18609677 -0.24130672
0.02519842 -0.23587669 -0.33402041
0.02414909 -0.07853960 0.17225848
-0.04542891 0.04563364 0.13046108
0.00015964 -0.09990797 -0.24960741
-0.03189619 -0.06749307 0.18727437
0.00254763 -0.05061999 0.40823612
-0.03559712 -0.11870982 -0.06920455
0.01825906 0.00347750 -0.41122004
-0.03755715 -0.06023043 0.06188781
-0.04172572 -0.15130512 -0.10407570
0.03274845 0.15527353 0.31236669
0.00123000 -0.17338584 0.17152593
-0.01892226 -0.20018068 -0.21916001
0.02062318 0.23698370 0.01844817
0.03032646 0.04021607 -0.35497609
-0.00454345 -0.23540916 0.31184506
-0.03244785 -0.08783320 0.09583076
0.01144069 -0.14880897 0.28582633
-0.02172217 -0.08702403 -0.09823856
-0.03353376 0.16166480 0.37253752
-0.00657239 -0.20196329 0.41910720
-0.01725717 -0.01463773 -0.41376188
-0.03947300 -0.18221556 0.16429955
-0.03917698 0.00405104 0.40589088
-0.02866107 0.18233165 0.12452555
-0.04454640 -0.15980056 -0.22520025
0.03018742 0.17097594 0.22279277
-0.00132231 -0.10533173 0.14150769
0.01687718 -0.12599048 -0.24110568
-0.03940471 0.06827616 -0.09798369
-0.03910840 -0.14856176 0.36181909
-0.03709986 -0.15787114 -0.16561911
0.01428518 -0.12789187 -0.11958235
0.02371946 -0.17811504 0.38567847
-0.01411405 0.19107245 0.21180181
0.01945632 -0.07465150 0.06817719
0.02916142 -0.07861406 0.36278778
-0.01287019 -0.16440479 -0.12243483
0.02458588 -0.00318632 0.27952069
0.01369767 -0.15575816 0.30524027
-0.00054853 0.04071596 0.16072431
0.02520475 -0.21356091 0.26333889
-0.03419872 -0.01546729 -0.05348105
-0.03636765 -0.06322718 -0.34164438
-0.04140791 -0.08302550 0.39306223
-0.03283610 -0.20535755 0.40532416
-0.02221711 0.17474437 -0.29271144
-0.00504334 -0.13619483 0.41886449
0.03148817 -0.19313966 -0.34685791
0.02030845 -0.14079937 0.41488370
-0.02518758 -0.21546587 0.35197851
0.02208224 -0.09775757 0.18394302
-0.02802240 -0.22402535 0.11287993
-0.03519012 0.13177001 -0.08989345
-0.03229645 -0.03998451 -0.09392597
-0.04190122 -0.20711511 -0.25344273
-0.03240648 0.16569877 -0.00558781
-0.00822446 0.19268964 0.07005541
-0.03915097 -0.16782215 -0.38394904
0.01195231 0.04173975 -0.19401154
-0.04585534 0.23028836 -0.35844731
-0.01758689 -0.22481517 0.28076524
0.01616613 -0.11095509 -0.20700088
-0.03205927 0.10935818 -0.28957176
0.02800358 -0.09661679 -0.18623872
0.03489921 -0.04053886 -0.33636355
-0.04224058 -0.07127456 -0.18944211
-0.00163984 -0.20363976 0.26821837
-0.02511541 -0.11654516 0.08201061
-0.03979652 -0.08131109 -0.24687865
0.02152281 0.01048272 -0.41515845
0.03699094 0.17114535 -0.32841212
0.00822066 0.10792106 -0.05040706
-0.02597213 0.15723343 -0.05651436
0.03430590 0.22552907 0.18380928
-0.02845034 -0.23828575 0.25440618
0.02647899 -0.11573761 0.25173807
-0.03963089 -0.03448860 -0.24527512
-0.00575625 -0.13768792 -0.13090357
0.03062912 -0.06840004 0.19031355
-0.03769150 0.11909446 0.27389055
0.03256530 0.21450339 -0.13638641
-0.03313408 -0.20663485 -0.07139909
0.02859325 0.02182424 0.14626335
-0.01811843 -0.17400600 0.41771081
-0.01095730 -0.15368825 -0.18180829
-0.00995519 -0.18531097 -0.13163954
-0.02144549 -0.06421500 -0.40637213
0.01545728 0.02123490 0.41176134
-0.02909960 -0.13393377 -0.12469760
0.00384802 -0.23434301 0.31678540
-0.03337558 -0.13993667 -0.01126646
-0.01495527 -0.05014400 -0.41325378
-0.03843103 0.20557027 -0.17612733
0.01408685 -0.16807342 -0.10388049
0.03312573 -0.07469170 -0.18136075
0.00816459 0.08658016 0.11276174
-0.03829505 -0.21024740 0.38042143
0.01935615 -0.17462021 0.27899161
0.00924840 -0.19640414 0.39555484
0.00934444 0.19304234 -0.19618061
-0.04031603 -0.10651059 0.39097366
-0.01270982 -0.15107296 0.32113507
-0.02182922 -0.08367342 0.17687985
0.03193106 -0.01962882 0.04310357
-0.03496087 -0.19282286 0.40483370
-0.01634162 -0.05545894 0.40984526
-0.03029406 -0.20633595 -0.40477276
-0.03847744 -0.13648963 0.41351634
-0.03454343 0.17419656 -0.21797784
0.02256862 0.01923261 -0.36500767
-0.02930386 -0.17962632 0.16304462
0.02876689 -0.10946562 0.42077836
-0.04246521 -0.17370687 0.18646543
0.02864801 0.23313488 -0.32062155
-0.03673974 -0.15159437 -0.15863606
0.00984391 0.00926035 -0.39151967
0.02791260 -0.14884265 0.25345668
0.02096952 0.22907272 -0.14052041
0.02766510 -0.19603238 -0.39488491
0.01238485 -0.11657217 0.17174472
-0.03452665 0.02260047 0.14567836
0.02551795 -0.21077925 0.02692298
-0.04893702 -0.00310368 -0.20868357
0.02644934 0.08290042 -0.00793421
-0.00355913 -0.03376935 -0.14506385
-0.02581216 -0.02317868 -0.41929162
0.02011961 -0.19593659 0.42301777
0.02108944 0.01470071 0.40755749
-0.04124630 -0.18240456 -0.26398632
0.01913301 -0.23064980 -0.30677143
-0.01687615 0.17768653 -0.17932233
-0.04681451 -0.14729546 -0.02000228
0.03278526 0.14809966 -0.38914719
-0.02104191 0.23893338 0.03783762
-0.02703187 -0.14710632 -0.40474975
-0.01795644 -0.09163596 0.41588232
-0.00419492 -0.22938377 -0.24927537
0.03722063 -0.17624146 -0.02871773
0.02184109 -0.16101518 -0.32009605
-0.02809545 -0.14003643 0.12219121
-0.02814425 -0.13928305 -0.11235130
0.02879957 -0.15646487 -0.01882809
-0.03515214 -0.03518856 0.41479084
-0.02284692 0.21982296 -0.25181529
-0.04212557 -0.20658097 0.10939957
0.03426114 0.15995599 0.05293791
-0.03692736 -0.18160176 -0.17202106
-0.03682512 -0.15362677 0.36375934
-0.03102881 -0.02285026 0.16868635
-0.01828387 0.14813890 -0.26492029
-0.03461697 0.02209475 0.41656482
-0.03687803 -0.07477175 -0.19497296
0.02614835 -0.06675164 -0.23125690
-0.04053032 -0.23045774 0.33652309
0.02583380 0.24938545 -0.36714214
-0.03705776 0.22860369 0.00756777
0.01107989 0.08482772 0.41432601
-0.03411843 -0.10581556 -0.15992078
-0.02308572 0.05493886 0.01926790
-0.01873248 0.03834493 -0.40282485
-0.03007085 -0.20727776 0.32795808
0.00252054 0.01519438 0.23098627
0.02054606 -0.13456801 -0.35571995
0.01594035 -0.18258965 0.05051043
0.02071101 0.05294602 0.26815444
-0.03680805 -0.06303778 0.40112284
0.01319338 0.14785561 -0.07544891
-0.04211408 -0.06214585 -0.03275747
-0.00509615 -0.08422049 0.17518365
0.02581952 -0.13823126 -0.32764027
-0.03129469 0.23256315 0.34800866
-0.03057327 -0.20480430 0.23866442
0.00404332 0.00663567 -0.21625048
-0.03681822 -0.07055619 0.20781745
-0.03321836 -0.13485682 -0.29127648
0.02309893 0.00395152 -0.36633757
-0.01008445 -0.11069012 -0.00279672
-0.03612768 -0.07111066 -0.30251518
-0.00669109 -0.07882576 -0.00311022
-0.03214002 -0.08336454 -0.22244263
0.00560395 0.22157101 -0.39838195
-0.02626445 -0.17504549 0.17735806
-0.03530183 -0.03969251 0.30900714
-0.01766441 -0.10978656 -0.30500495
-0.00923088 -0.21371461 0.16099024
-0.02691881 -0.00122395 -0.18354626
-0.02291124 -0.21930964 0.28038841
0.02582958 -0.12502149 0.21258187
0.00928199 -0.08544101 0.41102660
0.02069719 -0.08352785 -0.35161495
-0.03959913 -0.11022569 -0.36611718
-0.02224817 -0.07223353 -0.40996322
0.01261907 0.04054528 -0.40324789
0.00949098 -0.15148525 0.33600539
0.02091911 -0.16568050 0.40156370
0.02321595 -0.19374928 0.40152693
-0.02319706 -0.16670784 0.11468522
-0.03114857 -0.03338975 -0.38004506
-0.03400672 -0.13295487 0.09691972
-0.01707745 -0.14937405 0.06982666
-0.03772578 -0.09492779 -0.30782801
-0.00927671 0.08083430 0.38755584
-0.03781754 -0.05098215 -0.23430105
0.00567661 -0.17806052 -0.25390917
0.00415133 -0.21468495 0.42041519
-0.03346241 -0.17869838 0.35992897
0.02618185 -0.17022839 0.13408385
-0.02442572 -0.09839073 0.32473320
-0.02622279 -0.21334513 -0.18332693
0.01332898 0.18720126 0.02595252
0.02521547 -0.09519041 -0.19633824
0.00894149 -0.07901336 -0.21338956
0.00336546 -0.11177629 -0.34720436
-0.03875046 -0.12017960 0.18127950
0.02758305 -0.13293648 0.17703749
0.03813941 0.19720367 0.27073252
0.01662532 0.15140678 0.41544321
-0.03322760 -0.14648598 -0.21698640
-0.01393911 -0.12624614 0.00163780
-0.00047867 -0.06895939 -0.40843466
0.00365954 -0.06322880 -0.34891483
-0.03890026 0.23638880 -0.40793318
0.01670047 0.10242867 0.41111839
-0.02143259 -0.21460649 0.16886267
-0.05002547 -0.02706142 -0.03263571
0.01080060 0.08055931 -0.41161665
0.02430970 -0.09067111 -0.26989585
0.03649930 -0.22793669 0.00322860
0.02360171 -0.05144187 0.22775926
-0.02550378 0.14032784 -0.29835954
0.03146805 -0.16957118 0.01072583
-0.02737564 0.19723503 -0.41307178
0.01761328 -0.08422300 -0.24499041
-0.03806991 -0.08746042 0.12644556
0.01514898 -0.09187458 -0.39715371
0.02789930 -0.16308108 0.33876252
-0.01370452 0.17176469 -0.22071013
0.03522528 -0.20014749 -0.03191425
0.00907730 -0.04815029 0.40726241
-0.02604278 -0.13955402 -0.05110354
0.01263282 0.21876156 -0.30286682
0.01120017 -0.07376290 0.39617035
-0.04216661 -0.11837384 -0.00004643
-0.02896422 -0.14748248 0.01393142
-0.03247013 -0.12892038 0.24173969
0.03155107 -0.18424585 -0.09894316
-0.04231194 -0.03211099 0.04549206
-0.00745249 -0.21115483 -0.41570163
-0.03780767 0.06743637 -0.12736987
-0.04553922 0.20066251 -0.14708810
-0.03663062 0.01106732 0.01686324
-0.05532081 -0.21913624 -0.38345313
-0.02989750 -0.09434093 0.20432962
0.03099948 -0.22662948 0.36345899
-0.00377259 -0.16695836 -0.35226050
-0.03348901 -0.18443726 -0.35732761
0.00227115 -0.11304218 -0.41180950
-0.00117006 0.15251911 0.27570581
0.01045125 0.22051087 -0.14609697
-0.04673091 0.17878968 0.41769364
-0.04196551 -0.19328675 -0.19811589
-0.04096782 0.19898526 0.24744470
0.00103737 0.25026917 0.23221701
0.01421696 0.11350544 -0.41702104
0.02199998 -0.11434852 -0.27778944
0.01945681 -0.24037834 0.05981372
0.00115679 -0.17139703 -0.21274385
0.01226924 0.22219290 -0.37829334
-0.03999753 -0.07987209 0.16347118
-0.03948447 0.10458286 0.32364824
-0.00338848 -0.11188879 -0.21877232
-0.03366134 -0.04597642 -0.30787981
0.02867852 -0.19111635 0.31131852
0.01468875 0.04184011 -0.13450843
-0.00154874 0.20485139 -0.40184096
-0.03172556 -0.16118719 0.06208836
-0.03183227 -0.06454247 -0.33825037
0.01887470 -0.12880369 0.15955843
-0.02620111 0.17784777 0.13029002
0.03969013 -0.06213273 -0.40858084
-0.03205324 -0.13165213 -0.32672769
-0.04284760 -0.17092116 0.36055985
-0.02228038 -0.18126594 -0.16154604
0.02223012 -0.04090545 -0.18868586
-0.02236627 -0.20597222 0.40695295
0.03738770 0.14019996 0.15386412
-0.03705614 -0.18480283 0.14292024
-0.03438073 -0.05903342 0.08762150
0.00964434 0.20035230 -0.05334145
-0.01578877 -0.11480253 0.13826536
0.03339838 0.00884813 -0.24257548
0.00328438 -0.13625491 0.18433464
-0.04435481 0.21335533 0.12685351
0.03842520 0.23806483 -0.37510148
0.01228895 -0.06566487 -0.34814894
0.02651229 -0.12277169 -0.22982183
0.02487909 0.11578935 0.41505349
-0.03297986 -0.16323973 -0.05301636
0.02623596 -0.09714672 0.14402036
0.01539935 -0.22720082 0.32366443
-0.00122679 -0.01862831 0.40658638
0.02502048 -0.20329747 0.02222149
-0.04065457 0.18195774 0.26424339
-0.00030636 0.16565239 0.35337102
-0.03844883 0.08609463 0.31159350
-0.04285407 0.12644002 0.10818325
-0.03753378 -0.08251964 -0.22071037
0.02221629 -0.07709089 0.19069679
-0.02795889 0.06391521 -0.29882881
-0.04149980 0.18654470 -0.31665373
-0.03368420 -0.13184234 -0.22427039
-0.03163641 -0.04897168 -0.31069306
-0.03868170 -0.04850450 0.11501241
-0.03910385 -0.07648057 0.00448865
0.02235706 -0.21767674 0.37888697
0.03035053 -0.06220417 0.40192571
-0.03565846 -0.16128334 -0.13986038
-0.02135163 0.16928780 -0.41222459
-0.01585910 -0.23008515 0.41290960
0.00598499 -0.09518808 0.25724071
-0.03788525 0.01655849 0.40271619
-0.01870978 -0.14883184 -0.18610774
-0.03398732 -0.10072799 -0.40999332
-0.04286043 0.09397332 0.07666500
0.00884598 -0.02938651 -0.23668359
0.03779658 0.07488459 -0.40770024
-0.01418853 -0.19766933 0.11245945
-0.01882235 0.09333344 0.09798285
0.01471563 0.02229261 -0.11110598
0.03992912 0.16923633 0.07889777
0.02215134 -0.12331195 0.23068963
-0.02348842 0.24165088 -0.09856039
-0.03226517 -0.15328801 0.42231572
0.02729791 0.08972002 0.17512383
0.01503160 0.11339926 -0.04750717
-0.03754051 -0.12631761 0.09483325
-0.04160697 -0.16458486 -0.14315186
-0.03904864 0.04012188 -0.31312403
-0.00211720 -0.12929191 0.34178856
0.00792068 -0.13885738 0.41112441
0.00709159 -0.08027557 -0.22328611
-0.03727395 -0.07543385 0.09824269
-0.02406879 -0.18304011 -0.41552305
-0.01464017 0.10370389 0.21857706
0.04277351 0.01025797 -0.40640977
-0.04881469 -0.11071348 -0.38684809
0.01894752 0.17560644 -0.17369097
-0.01304445 0.20003101 -0.24384138
-0.04128145 -0.07157731 -0.25345257
0.01392752 0.16770244 -0.18302123
-0.00427283 -0.10098539 -0.18096581
-0.03924184 -0.12799755 -0.33184937
-0.03062490 -0.06391314 0.21771322
0.03161463 -0.14837207 0.15547667
-0.03207951 0.03043552 -0.38700670
0.02208089 -0.22956267 0.16824566
-0.03386233 0.12236203 -0.13420472
-0.03729251 -0.20030965 0.05083533
0.03435327 -0.16752277 -0.02136207
0.02923357 0.01092599 -0.41722497
-0.03193971 -0.16581458 -0.26450205
0.01748402 -0.04214555 -0.30974084
-0.02584701 0.02944118 -0.41094992
-0.01120778 0.11135112 -0.41521662
-0.03737741 0.09167235 -0.11387353
0.02140680 -0.15691029 -0.39354122
-0.03118197 -0.22997394 0.15179630
-0.00089943 -0.05107446 0.07977178
0.01926551 -0.11458656 0.01745610
0.01940053 0.08953237 0.20524758
-0.04229484 0.14751162 0.08877791
0.00586360 -0.24004696 -0.34704646
0.02661494 -0.17340076 -0.17514110
0.01629891 -0.23828708 -0.01994432
-0.03261882 -0.14778894 0.00440435
-0.02910164 -0.14509502 -0.24893127
-0.04308299 -0.19038291 0.36418134
0.01789490 0.20131581 -0.27773988
0.01655023 -0.09174809 -0.11068264
-0.04093391 -0.07634758 -0.01216557
-0.03333733 -0.11140621 -0.19799544
-0.03726595 -0.07442845 -0.10602860
0.02002933 0.21406400 0.41241056
-0.01893865 -0.04346092 -0.31569910
-0.03488461 -0.20957595 0.04435517
0.01516988 -0.23209697 0.37743920
-0.03236129 -0.20148641 0.01723574
0.00539457 -0.11349331 -0.40679690
-0.03740226 0.20450523 0.24682628
0.02876741 -0.05649399 -0.41782328
-0.00789417 0.20407088 -0.23501103
0.01785924 -0.15842254 0.30442700
-0.04627734 -0.09722084 -0.15400933
-0.04154419 -0.15531807 0.41483787
-0.04238208 0.00187336 0.39559016
-0.03174003 -0.06934860 0.08219597
0.02231765 -0.09432757 0.03915066
0.00551422 -0.07452358 -0.39145255
0.03431916 0.11712000 -0.20851670
-0.02040183 -0.12150884 0.32799828
0.01250062 -0.21397726 0.01309184
-0.04095474 -0.14346485 -0.27038056
0.02019994 -0.17584600 0.39771229
0.01660479 0.11336983 -0.41127279
0.03104281 -0.11963645 -0.22855352
0.02727645 -0.23210901 0.30071294
-0.01243435 -0.13163385 0.01855068
0.03461575 -0.02030977 0.33587968
-0.04867581 0.21815139 -0.37549075
-0.04527955 -0.05196227 -0.25963068
-0.03060992 -0.16817695 0.40900725
-0.03852531 -0.11641416 -0.07915534
0.02342746 0.11321738 -0.33452150
-0.03389287 -0.06068192 -0.13797554
0.02456798 -0.03044126 -0.17459093
-0.03379851 0.04928911 0.06512247
-0.00306110 0.15797934 -0.40595344
0.02288581 0.15041468 0.11602181
-0.01715383 -0.08218448 -0.31864575
-0.03508702 -0.13715678 0.22330120
-0.02507685 -0.16776311 0.29323503
-0.02637476 -0.15081404 0.31120014
-0.01275820 -0.10398448 0.01380437
-0.03362291 -0.02404919 0.37018266
-0.02981305 -0.01809514 0.11688432
0.02391807 -0.07115976 -0.30200037
-0.03091319 0.05714811 0.38457429
-0.02110123 -0.15941074 0.35214701
0.01976244 0.18932606 0.14408921
0.02781992 -0.17715593 0.13452403
-0.02776866 -0.06881230 -0.29835680
-0.03422308 -0.03137073 0.23958242
-0.00833217 0.14254227 0.02302455
-0.01092481 0.20243113 -0.14377232
-0.01620124 0.22947484 0.10226978
-0.03122835 -0.04424321 -0.11492120
0.02099593 0.18734047 -0.26141351
-0.01312337 -0.21840248 -0.01778335
-0.04087386 0.16827869 -0.39364848
0.01848395 -0.14682059 -0.35413677
0.01881973 -0.05562535 -0.17344658
0.03322396 0.07708194 -0.18456121
-0.04175497 -0.06860137 0.37325299
0.03618084 0.05338994 -0.40198782
-0.03845470 -0.17890301 -0.03065781
0.00025315 0.21264844 -0.28613144
0.03538031 -0.09373409 -0.18646257
0.02605178 0.09123123 0.03832882
-0.03176238 0.02391474 -0.21509731
-0.02957262 -0.12174316 0.37138668
0.03156648 -0.22777303 0.13874348
-0.02498900 0.25781643 0.35683197
-0.05211090 -0.04173705 0.21295378
-0.03100036 -0.02782564 -0.20480485
-0.04024344 -0.14901929 -0.27546114
0.02183883 -0.18547960 -0.16553976
0.00232227 -0.16595925 -0.20240529
-0.03840948 -0.12700665 0.21902981
-0.03201644 -0.08106911 0.39234263
-0.00079175 -0.07998279 0.40383253
0.03270086 -0.18624462 -0.13157716
0.01321793 -0.17299420 -0.00484966
-0.02832405 -0.20578702 -0.02285264
0.03830299 0.16119775 -0.39896229
-0.00755349 -0.10675468 -0.18308769
0.01246178 0.00945777 -0.29026371
-0.03093480 -0.18375833 0.08676520
0.03273693 0.16540569 0.15914026
0.03603957 0.19299719 -0.01746811
-0.03178028 -0.18987693 0.29138595
0.02133509 -0.18030527 -0.00870028
0.03071221 -0.14364409 0.01253219
-0.00193003 -0.18974830 -0.04765081
-0.02608903 -0.17331344 0.41175368
0.01956660 -0.13270636 -0.23050675
-0.03106978 -0.08919351 0.29820770
0.00274794 0.12555788 -0.06367882
-0.02851648 0.16733485 0.06476182
-0.03184192 -0.22084153 -0.22089456
0.02129211 0.16618520 0.34610882
0.01462905 -0.13049763 -0.21192925
-0.03397798 -0.18465342 -0.02580479
-0.01109620 -0.23737504 0.15902254
0.00659215 0.23967713 -0.41371763
-0.01278531 -0.13181429 -0.32347372
-0.04112404 -0.13529433 0.36673224
0.02950096 -0.07745448 0.22986613
-0.03565755 -0.11666350 0.20402887
-0.00246004 -0.10950878 -0.18912373
0.02571689 0.15801005 -0.16247739
-0.00037025 -0.01721041 0.23485221
0.03037269 0.02608737 -0.41245571
0.01275075 0.10753359 -0.09812407
0.01632631 0.11404507 0.32511184
-0.04199626 0.20859927 0.15200634
0.03634756 -0.10710505 -0.39996544
0.01321310 -0.10637185 -0.05549790
-0.03292360 -0.03168169 0.13356173
-0.02606983 -0.23130770 0.07583933
-0.02933062 -0.23340929 0.05695335
0.01947061 -0.23518340 0.34945080
0.00978999 0.02841574 -0.10543248
-0.03499136 -0.17432684 -0.04833214
-0.01086818 0.11459230 0.30685720
-0.04084475 -0.16069672 0.15717155
-0.04474122 -0.08328649 0.06816996
-0.00403753 0.21612565 0.41045719
0.00529634 -0.01957445 0.22338432
-0.03382420 -0.02760503 -0.26027259
-0.01515510 -0.23715243 -0.20165397
-0.03396804 0.05586977 -0.13669820
-0.01861855 -0.01889485 0.10776038
-0.03408879 -0.06192969 -0.25739080
0.00462745 -0.08100081 -0.10551859
0.03181585 -0.08366232 0.13296534
0.03588945 0.13999754 -0.36754292
0.01876593 -0.04814686 0.21745954
-0.03710571 0.00699311 -0.15422985
0.00892284 -0.08869950 0.40900755
-0.03725864 -0.18330218 -0.06017687
-0.00279017 -0.13570794 0.00608273
-0.03575358 -0.15588377 0.29352540
0.03554706 0.03005660 -0.41192672
-0.02788212 0.11449946 0.11792096
-0.04133156 -0.20769353 0.23969451
-0.02851255 -0.01065780 -0.27242881
-0.03517891 -0.01727519 0.36565670
0.00909500 -0.15551734 0.38167560
-0.03985718 -0.15757740 -0.16263744
0.02864001 -0.12992045 0.21795096
0.02826612 -0.04819558 -0.31845048
-0.03177168 -0.17694649 0.15015846
0.00113012 -0.23022693 0.30171227
-0.02857174 0.20727509 0.06422733
-0.03286143 0.10892265 0.22019088
-0.04162103 -0.14852956 -0.06117057
0.02998367 -0.16934365 0.12190837
0.03306230 -0.17750002 -0.15941972
-0.00255400 -0.23510654 -0.30658659
0.00869734 -0.13725354 0.24756384
0.02668581 -0.12427749 -0.23201767
0.01220579 -0.05464724 0.11174743
-0.02940960 -0.17748177 -0.00704835
-0.00723854 -0.13698339 0.30322188
0.02929487 -0.00507384 -0.36899513
-0.02793767 -0.12173992 0.28045496
0.01621598 -0.08718418 -0.35934341
-0.00453193 -0.05029204 -0.20018782
-0.03293595 0.01155055 0.09298153
0.02858733 -0.20106679 0.34934214
-0.03565813 -0.10087693 -0.35612172
0.02024747 -0.23375332 -0.03856538
-0.03888863 -0.07952788 0.02217651
0.03677654 -0.20053115 -0.18481538
-0.01403178 -0.10384819 0.19239581
-0.02659456 -0.23566297 0.26909950
-0.02749173 -0.13390653 -0.23510125
0.02866820 -0.11778846 0.32260492
-0.03915644 -0.06231701 0.35208035
0.02427215 -0.16734400 -0.41178709
-0.00948112 -0.21492952 -0.12119938
-0.02636373 -0.22030477 0.03671578
0.03094500 -0.09711254 -0.34643233
-0.02377069 -0.20171998 0.40637943
0.03599851 -0.17877501 -0.06736671
-0.04130146 0.17071205 -0.27600369
-0.04151065 -0.20175348 -0.03412862
-0.02975488 -0.23504362 0.09539147
0.02982733 -0.02922100 -0.18913352
0.00694721 -0.00246948 0.20676103
-0.00007334 -0.02950972 0.40667599
0.02219968 -0.13424483 0.16941531
-0.03543444 -0.22303347 0.13296297
-0.03189927 -0.11136606 -0.16019051
-0.03946529 0.22091675 0.15652581
-0.02227941 0.24653161 0.32505241
0.02404502 0.18679765 -0.41050175
-0.02674653 -0.12174295 -0.00057984
-0.02347851 -0.08544562 -0.34211752
0.03199948 -0.21570517 -0.07943697
-0.03922081 -0.04523461 0.22839752
0.01442912 -0.06172691 -0.39419195
0.02394716 -0.15673476 0.31939819
0.00664627 0.18129537 0.01958780
-0.02636372 -0.05926989 -0.32516772
-0.02109697 -0.22602767 0.26758710
-0.03584148 -0.18637250 -0.32740983
0.02100289 -0.11688802 0.21793978
-0.02259775 -0.22383934 -0.41113588
-0.00977230 -0.23843421 -0.22470173
-0.01370844 -0.17183010 0.01843813
-0.03377054 -0.11787803 -0.21170725
-0.02860503 -0.13575059 0.21819103
0.00552865 -0.10798102 -0.37986061
0.03859181 0.15851101 -0.19067302
0.01088639 -0.15840507 0.29831532
0.01945092 0.19823252 -0.37853029
0.02389717 -0.09390466 -0.40712687
0.03687482 -0.11214059 -0.23461565
-0.03517237 -0.08099183 0.02165759
-0.00779423 -0.22272567 -0.30851710
-0.02807012 -0.10469883 0.41749132
-0.05179010 0.01066166 0.03121853
-0.03106709 -0.11064316 -0.33653492
0.01805617 -0.05618329 0.01432461
-0.01428853 -0.14639711 -0.11655396
0.02298411 -0.09462188 0.28182164
-0.03641737 0.01347111 0.24681345
-0.01254571 0.16516837 0.42086011
-0.01687958 -0.14610466 -0.12192624
-0.02500297 -0.19940796 -0.00377602
-0.01160658 0.08928080 -0.14865139
-0.03250618 -0.12944421 0.20691769
-0.01694589 0.10969925 0.24491152
0.04074622 0.02463797 -0.39086324
-0.02656536 -0.08976449 0.40869293
0.03276310 0.10411967 -0.32307550
0.00385688 -0.12198976 -0.26910666
0.01268137 -0.15764096 0.21451947
-0.03265543 -0.21666144 0.20330045
-0.03598055 -0.10396903 -0.16478592
-0.02915950 -0.15493824 0.35036430
-0.01577598 -0.06987827 0.20657699
-0.04087882 -0.23233202 -0.01077163
-0.00508473 -0.23447005 -0.36980745
0.00284277 -0.12541942 0.17156596
-0.04025880 -0.01858231 0.26327795
-0.03412686 -0.06925720 0.00701485
-0.01340923 -0.12479852 0.29658794
-0.03681453 0.08740130 0.37533823
0.03682540 -0.23416001 0.27159169
-0.01226504 -0.23385200 -0.25678313
0.03184763 -0.17086744 -0.16438228
0.03745748 0.07700302 0.02941614
-0.04335425 0.18260019 0.38561559
-0.02009108 -0.10355764 0.08110342
-0.04249424 -0.15044241 0.01133552
-0.02706387 -0.23531131 -0.01215697
0.03565437 0.22352906 0.32303792
-0.03660985 -0.11835010 -0.14398408
-0.03232704 -0.18253317 0.28735271
0.02269490 -0.13164091 0.39465907
-0.02503211 -0.21760301 0.42118296
-0.02615122 -0.04170690 -0.29576701
-0.04093381 -0.11080535 -0.34566867
-0.03398276 -0.23699157 -0.05914328
-0.03319257 -0.08719298 0.01364746
-0.03792275 -0.09542999 -0.36925933
-0.02568118 -0.13779652 -0.40855771
0.00356930 -0.06194626 -0.41325662
0.01438695 0.16677789 0.33556595
-0.03866348 0.01660167 -0.26163051
0.02878129 0.12526990 0.41321972
0.02822474 -0.10446550 -0.33137769
0.02449621 0.24965376 0.21358256
0.03249580 0.20133980 0.31038311
-0.02894183 -0.02663751 0.40792015
-0.03418421 -0.11438860 0.31672734
-0.03214564 -0.10209520 0.35672459
0.01856991 -0.22255217 0.39089695
0.00629378 0.07400609 -0.40040565
-0.03325219 -0.07817272 0.06103462
-0.02808821 0.10668159 -0.12798326
0.02774566 -0.04028416 0.33632508
0.03233862 0.23147818 0.30017117
-0.04690731 -0.23082633 -0.35670915
-0.01856254 0.02393322 0.33529246
0.01521375 -0.04104517 0.03932846
0.03018467 -0.22184211 -0.38584152
-0.03730687 0.25095353 0.29466599
0.03424543 0.20813502 0.17877382
-0.02609935 -0.08121651 0.11580123
-0.02740323 -0.20720376 0.21960075
0.01980982 -0.16744275 0.26901144
-0.00383466 -0.13237889 -0.42477682
0.01952214 0.03715886 0.23321082
-0.02861371 0.16476656 0.15823489
-0.03619315 -0.02076853 0.35539007
0.01917697 -0.08017112 -0.35678568
-0.00835986 -0.23139486 -0.41930237
0.03282548 -0.19492592 -0.23813373
-0.04167666 0.14373553 0.16589777
-0.03995797 -0.22046408 0.08205556
-0.02005235 -0.23692843 0.08789828
-0.04375055 -0.06622122 -0.13170813
-0.01305898 -0.22161904 0.34883022
0.03011056 -0.07763322 0.35839927
0.00867365 -0.11892793 0.01921855
-0.02603358 0.19275644 -0.10241188
-0.00684950 -0.18505442 0.01357707
-0.04216965 -0.08731911 0.10192282
0.00263617 -0.13269192 -0.25074929
-0.03002923 0.12159866 -0.05989179
-0.03971729 -0.07239248 -0.11470282
-0.02473158 -0.21126474 -0.38190722
0.02838212 -0.10907059 0.37082586
0.00883746 0.09519205 -0.02321772
-0.03444955 -0.12884298 0.23061709
0.02907175 -0.09763508 0.24872406
0.03344468 -0.03530034 0.18705586
0.01569015 -0.18268274 0.00507601
-0.05020417 -0.06992714 0.39053255
-0.03592138 -0.14678214 0.41722476
-0.03571387 -0.17244014 -0.16922730
-0.01166355 0.11360808 0.08264273
-0.00990013 0.03704192 0.08227252
0.02014407 0.05386437 0.39125752
-0.03465836 0.11391587 -0.20639028
-0.01185286 -0.21572474 -0.31462881
-0.03191132 -0.17359151 0.31843233
-0.02336294 0.00855172 -0.28281087
0.03093405 -0.13225880 -0.21854451
0.00453785 -0.23149638 -0.21916708
-0.03675080 0.04166933 -0.37601659
0.02640165 0.21806106 0.37686336
0.01634467 -0.11851990 0.30710420
-0.00708446 -0.15115745 0.23156717
0.00817786 -0.14019398 0.23313604
0.02289045 -0.17354360 0.39289275
-0.03914052 -0.11520628 0.13383570
0.03251104 0.03227647 -0.33216846
-0.04088055 -0.21752307 0.40269831
-0.03314827 -0.00185542 -0.23130642
-0.02844922 -0.13419831 -0.08060010
-0.03184995 0.14422604 0.02937124
0.00662065 -0.05782116 0.41320843
-0.03473558 -0.15195860 -0.06429788
0.02931513 0.23111044 -0.05325393
-0.03790022 -0.18825170 -0.02707967
-0.02728989 -0.14634146 0.14416304
0.00511487 -0.23378704 -0.28059521
-0.04215016 -0.14051190 -0.13770556
0.02766883 -0.09387496 -0.17796269
-0.00449412 -0.16451818 -0.32033250
-0.03281907 -0.05908726 -0.25681788
-0.03652887 -0.10356614 -0.40453249
0.01893379 -0.17381740 0.40913296
-0.03691493 -0.20795953 -0.24335733
-0.02741048 0.23979525 0.07762151
-0.03753622 -0.14811312 0.09030484
0.01440299 -0.06794558 -0.40098423
-0.03844172 0.20474474 0.03191261
-0.03501094 -0.02533908 -0.36557207
0.01572884 -0.09223758 -0.34833437
0.03651088 -0.05325330 -0.24229676
0.03792863 -0.21957020 -0.16605744
-0.01799987 0.15349391 -0.20619060
-0.03540945 0.23244402 -0.22271439
-0.01124687 0.00316679 0.41229820
0.02723821 -0.00547745 -0.41563728
0.02368577 -0.20057853 0.41268167
-0.03508453 -0.14481387 -0.40573767
0.02166395 0.01197086 -0.32373741
0.03907253 0.19217086 0.16536692
-0.03487273 -0.18779540 0.20851284
-0.03266846 0.18414798 -0.25415730
-0.01117721 -0.03387249 -0.22743268
0.02924244 -0.23569438 0.10525963
0.02530464 -0.17374480 -0.16505563
0.03810004 -0.20166489 -0.16361889
-0.02571322 0.00344284 -0.38419691
-0.00195394 -0.16998523 -0.33830559
-0.03720760 -0.19934773 -0.01522357
-0.03691180 -0.04709698 0.30661681
-0.00273996 -0.23386627 0.36351290
-0.03808650 -0.15774953 -0.04859661
-0.01452318 -0.19074976 -0.01287745
0.02688985 0.25046772 0.27740991
0.01286467 -0.14346683 0.00952912
0.01942484 -0.06160481 -0.22227992
0.00075418 -0.17508678 0.11472389
0.03541687 0.19180006 0.22146475
-0.03536846 -0.02091711 0.35472283
0.03944553 -0.05933307 -0.20014724
0.01970170 -0.17115128 0.11486773
-0.03229811 0.12963994 0.14306304
-0.02863440 -0.08162095 0.11985650
-0.03516155 -0.20696348 -0.37996751
0.02994005 -0.19494231 0.05077586
-0.02862668 -0.02055452 -0.17818159
-0.03816568 0.07775433 -0.30775383
0.03127601 0.05060662 -0.26156583
0.00780733 0.20518106 0.02686312
0.01611842 0.01025388 0.40505421
-0.01676584 -0.07533606 0.18633607
0.03100750 -0.16016690 -0.09566472
0.01918939 -0.06026482 0.27046832
0.03597692 0.12475547 0.04975810
0.02646789 -0.14809266 0.11216354
-0.04143402 -0.07171673 0.31623572
-0.03206792 -0.11177562 -0.32519677
0.02636098 0.04631134 -0.11622126
0.01453587 -0.16094720 -0.41327292
-0.01398866 -0.05251545 -0.26191705
-0.03191968 0.22974856 0.25183266
-0.03419758 -0.12758958 -0.19320850
0.02899690 0.08380236 0.06864968
0.03289767 -0.14819005 -0.00164165
-0.03601885 -0.12842168 0.12255039
-0.04011120 -0.17144895 0.21015535
0.02219771 -0.05601038 -0.04096991
0.01167734 0.05568206 0.18322371
-0.03060060 0.08002709 -0.09871002
0.01210999 0.19501945 0.23036076
0.03127750 -0.15940158 -0.36123520
-0.04181690 -0.10846825 0.09281878
0.01844634 -0.18778943 -0.00709866
0.01316480 -0.12915739 -0.24449961
0.03693639 0.16479880 -0.28927171
0.02451173 -0.14851435 -0.26909658
-0.02974518 -0.15778723 -0.00506111
