0.08008444 -0.23166378 -0.09042529
-0.26230741 0.01900535 -0.08821308
-0.18962015 0.36178291 0.09305002
0.19756030 0.04045003 -0.09252881
-0.20600590 -0.26613790 0.08641590
-0.06940611 -0.21743111 0.06273179
-0.15552214 -0.07610400 0.01385161
-0.27463961 -0.16831705 -0.06560709
0.24416302 -0.04168639 0.06044418
0.12320071 0.13473636 -0.06154396
0.06093127 0.05155688 0.08605380
-0.18086454 -0.17633431 -0.07682338
0.19403543 0.38333976 -0.09070007
0.16499357 0.13166516 0.04060604
-0.25347519 0.35898599 -0.01457757
0.22983971 -0.19458413 0.09359566
0.21070138 0.35468823 -0.06372144
-0.25060010 0.30639753 0.01918142
-0.17758322 -0.28670856 0.08571263
0.18507171 0.13818423 -0.01379376
-0.13854676 0.19894862 -0.09103255
0.24523534 0.01719256 0.08116911
-0.24073979 -0.05104489 0.07072967
-0.17589751 -0.24737862 0.03164672
0.23727545 -0.18472430 0.06672062
0.24735329 0.09551937 0.08551031
0.24485001 -0.02965034 -0.00037795
0.13271080 -0.01960643 -0.09009552
-0.10569758 -0.20510213 -0.08940397
0.20023780 -0.21714500 -0.09721854
-0.25651008 -0.17205520 0.05279434
-0.27917415 0.37307569 -0.05507020
0.11409944 0.02787777 -0.08651371
0.24939795 0.06690963 -0.06668928
0.09853262 0.31762186 0.08945463
-0.26639569 -0.06230023 0.08589283
0.20059267 0.25186604 0.09461812
-0.19970256 0.25933245 -0.06993390
-0.26693293 -0.05071223 0.06308199
-0.07325372 0.10269776 0.08252622
0.23143694 -0.22094111 -0.09695167
-0.20712064 -0.10165824 -0.08294998
0.26541942 -0.24504606 -0.05904316
0.23815651 0.15421808 0.05702572
-0.21738698 0.36675254 -0.03569317
-0.04941256 0.09601256 0.08945685
0.21803474 0.05104303 0.09289682
-0.26250342 -0.21193525 -0.05286185
0.20892173 0.25715983 0.02799565
-0.16818921 -0.18395990 -0.08613208
-0.04313998 -0.29362595 -0.09387922
-0.26177981 0.19335134 0.04337701
0.14322843 0.31690684 -0.09345456
-0.13063172 -0.02870929 0.08633602
-0.07828737 0.29966933 0.08661411
0.00005819 0.14090501 -0.07917693
0.24014781 0.16777711 -0.07092759
0.22899055 0.02164944 0.02577397
0.09699300 -0.05975671 -0.08731793
-0.25991178 -0.11380347 0.04864400
0.06652506 0.04274226 0.09088627
0.11074046 -0.05083948 0.09334341
0.11328435 0.17322078 -0.02164127
0.05010687 -0.18574585 0.09383304
0.24387486 -0.13913263 -0.08629148
-0.25478628 0.18691683 0.08155452
0.03948595 -0.27451867 -0.08239941
-0.08502759 -0.10849375 -0.08664896
-0.24061047 0.20557623 -0.02721284
-0.28085032 0.33580831 0.08699077
-0.14591643 0.03428855 0.08977222
0.11417855 0.36769947 0.09631260
-0.20015474 -0.08033740 -0.01817616
0.19550705 -0.22899818 0.06258623
-0.08740090 -0.20950073 -0.09085339
0.21897295 -0.24695517 0.08197477
-0.26714963 -0.09255741 0.06941787
0.05916050 0.32635915 -0.08958224
-0.01288696 -0.25701198 0.09014999
-0.27145720 0.02837847 -0.07527720
-0.02660755 -0.12269761 -0.09175131
0.24514207 0.26750910 -0.04246436
-0.18162866 0.35792083 0.02463546
0.16453932 -0.25088653 0.04403991
0.12447603 -0.07738487 0.02235274
-0.22523698 0.25366369 0.08684079
-0.20209040 0.37300706 0.08116919
0.22056806 0.35210559 -0.08592723
0.25086609 0.12372175 -0.03801862
-0.06267128 0.12313554 -0.04058100
-0.02323574 -0.25656673 -0.08997741
-0.07165161 0.23549648 0.09431020
-0.00246080 0.38596454 0.09143528
0.19580203 -0.23887114 -0.01277722
0.08809914 -0.26746804 -0.04005316
0.26293832 -0.26491722 -0.01696422
-0.03093126 -0.37673512 0.09093669
0.07434323 -0.08140961 0.03189291
-0.28879669 -0.29791167 0.03711746
-0.27154419 0.38114634 -0.07148001
0.23140933 -0.08227023 -0.01878162
0.15191020 0.12300324 0.03442688
0.14486645 0.34713221 -0.09350083
-0.27224278 0.00645705 0.04865895
0.15676720 -0.15932882 -0.09198877
-0.26937541 0.34887490 0.01888471
-0.24308062 0.28240666 0.08370087
-0.00504907 0.02750364 0.08951618
-0.00467888 0.16916570 -0.00955678
0.22127680 0.26064134 -0.08484555
0.14436130 -0.08150368 -0.00005445
-0.26598710 0.00659514 0.01861924
-0.18348315 -0.06388373 0.00397319
0.03672680 -0.05280257 0.09058909
0.25364357 -0.04957523 -0.07401579
-0.15326610 0.28924558 -0.09262758
0.22134620 -0.08586470 -0.09267520
-0.16591327 0.06800945 0.08785769
0.24906766 0.33220541 0.01767746
0.12705219 -0.01058829 0.09008321
0.20739511 0.21340258 0.06245724
0.17857637 -0.07641184 0.00583352
0.11475699 0.12453520 0.00102255
-0.27130300 0.12248823 -0.07601308
-0.11970969 0.14610590 0.08166906
0.16571987 -0.23178975 0.08423704
-0.27590674 -0.23258609 -0.09425379
-0.27704841 0.34920305 -0.08320731
-0.16275887 -0.21817449 -0.08516397
-0.27509108 -0.10259853 -0.09062534
0.21263175 0.34066829 -0.04568605
0.23223676 0.22196513 0.06883088
0.07238863 -0.26738188 -0.03820425
-0.14010012 0.30157274 -0.08894293
0.23833700 -0.05835905 -0.05240395
0.06139217 -0.23806563 -0.08964674
-0.27300158 0.33478534 0.08576492
-0.26031858 0.22707722 0.04769845
-0.27415565 -0.30792785 -0.03544134
0.09077302 -0.29981452 0.09002008
0.25129119 0.30969089 -0.07421491
0.17522112 0.33290008 0.07948823
0.13178663 0.12875339 0.00452238
0.02008372 -0.27603731 -0.04934426
0.04258626 -0.17366235 0.07945786
0.20228100 0.27801591 0.09097295
0.08546649 -0.08055352 -0.09169014
0.20255253 0.23464951 -0.05959757
0.24704750 0.39165753 0.03749746
-0.26722518 -0.07906187 -0.03502342
-0.12850642 -0.02481138 0.05212163
-0.26201263 -0.02028360 0.01077678
-0.26485899 -0.01149927 -0.00140400
-0.18619072 0.14592665 0.08880529
0.03959729 0.34676123 -0.08757105
0.15883426 -0.15533838 0.09137102
0.21730630 -0.09671292 -0.06465425
0.10344444 0.13325296 -0.08675997
-0.26586971 -0.14958589 -0.00999529
0.24657974 0.13976109 -0.07078400
-0.01147355 0.19793063 0.09018587
0.06354934 -0.25104058 0.09364145
-0.20093176 -0.09316256 -0.06764511
0.08879747 0.32874951 -0.09148846
0.23264186 0.16537553 -0.05913118
-0.19397779 -0.37741354 0.09490439
-0.24722090 0.04414307 0.01761900
-0.17534782 0.06907269 0.09306265
-0.19734466 -0.26827678 0.00326779
0.15269926 -0.13112597 0.07333295
0.04774486 -0.03515977 0.06024101
0.12150903 0.09535682 -0.09088188
0.04652083 0.26550671 -0.08998630
0.20429854 -0.01245000 0.08923939
-0.10012647 0.36010826 -0.09283898
0.08214188 -0.02970725 0.04439575
0.24811976 -0.16772434 0.07270988
-0.26155931 0.36339262 -0.05210562
-0.08938332 0.05986613 0.08733637
-0.17880324 0.12787609 0.07701972
-0.12932143 0.36730829 0.02870950
-0.15624002 -0.09451709 -0.01543913
0.14064318 0.17858994 -0.08189813
0.23419869 -0.22637504 0.09226637
0.18531191 0.21228054 0.08979315
-0.08654274 -0.15440711 0.09185885
0.23270029 0.20184220 -0.02466590
-0.26517725 0.23504665 0.01132255
-0.20705965 -0.38062823 -0.09488054
-0.05630853 0.16547412 0.08632224
0.21022224 0.30645818 -0.08579119
0.23728919 -0.15659067 -0.06026325
-0.12010662 -0.25440046 0.01927907
-0.18923245 0.35446867 0.06096021
0.23204164 0.16891065 -0.00687855
-0.23702896 0.11067604 0.09010173
-0.27316350 0.07464082 0.09908470
-0.12679034 -0.03422811 0.08891991
-0.06343789 -0.01244211 -0.08380452
0.22762448 -0.02905963 -0.02745589
0.24449131 -0.00813488 -0.07406355
-0.27195126 -0.01143164 0.05956993
0.02167891 0.32036206 0.09495494
-0.03757759 0.35251483 -0.05418359
0.20319909 0.38704029 0.05569254
0.11510581 -0.25115317 0.04538074
-0.07936046 0.28028899 -0.08893859
0.23976921 -0.27992734 0.06168156
0.20074467 0.20293362 -0.08946490
-0.26984781 0.06975248 -0.06951250
-0.02903025 0.05437481 0.08739140
0.12445492 0.38728055 0.09359835
-0.04422283 -0.24296455 -0.08325186
0.20599918 0.12340277 -0.03270567
0.23217334 -0.29515067 0.04337933
-0.13032819 -0.25262296 0.07853162
-0.27950013 0.38193795 0.02611011
0.08747362 0.27020845 0.09596106
-0.23963591 -0.19710708 0.09161708
-0.25844309 -0.15916736 -0.02538743
0.16119282 -0.24349035 -0.08689941
-0.00047629 -0.06589893 0.04469727
-0.13459024 -0.17195123 0.09162118
0.01992830 0.26715225 0.09440390
-0.26490957 0.38092944 -0.06326233
-0.12285118 -0.06840526 0.08677710
0.24441279 -0.15782894 0.00642063
0.24133703 -0.16749707 -0.00963196
0.22929437 -0.28123879 0.02681720
0.09797358 0.05451434 -0.09232163
-0.19755158 -0.24103458 -0.06623691
-0.05344079 -0.17599276 -0.09051897
0.07024374 -0.26109737 -0.00013603
0.22779876 -0.14193635 -0.09770311
-0.26459321 -0.01108144 -0.01716600
0.06866649 -0.21850039 0.00422452
-0.07754718 0.34902322 0.06379555
-0.07708622 -0.09802040 0.08840484
0.00531397 -0.24279061 0.03149328
-0.01725109 0.14834742 -0.06569761
-0.19602326 0.19167291 0.09177573
0.23856451 0.09450842 -0.04298975
-0.12339430 0.35149872 0.08746660
-0.22263721 -0.13684693 -0.00801923
-0.02313028 -0.26907670 0.01666030
0.24782006 0.06764850 -0.02892800
-0.02811605 0.22419585 0.08776791
-0.20838833 0.15958208 0.08187418
-0.26600969 0.22560920 0.05616694
0.23833922 0.40529370 -0.03896970
0.04222169 -0.23377946 0.00491746
-0.18717057 0.36924696 0.00042241
-0.14407754 -0.26279694 -0.08881054
-0.06713389 -0.23318256 -0.08948637
-0.06999999 0.17150980 -0.00346057
-0.19706415 -0.36391062 -0.09451685
-0.04634783 0.29941201 -0.08685277
0.01677150 -0.24012472 -0.09021518
0.18798892 -0.07089436 -0.03018326
-0.16347098 -0.15006565 0.09235203
0.21726157 -0.00272544 -0.00982648
0.21162736 0.11112898 0.08094767
-0.01256123 -0.32534361 0.09724110
-0.23606536 0.24380597 -0.01419365
0.22328749 -0.17720500 -0.09791930
-0.12271339 0.12421051 -0.00022921
-0.27831709 0.34297997 -0.02734580
0.03567900 0.17465816 -0.00974965
0.11111550 -0.27225274 0.07614547
0.10276940 -0.23014510 0.04463921
0.06388895 -0.24095099 0.01645107
-0.13612130 -0.01407107 0.08749247
0.01346658 -0.06852687 0.05995043
-0.27691489 -0.15499783 0.09493610
0.24890839 0.04700482 -0.05082812
0.23780091 -0.13349298 0.09337240
0.01559933 0.11953362 0.05734765
0.23160352 -0.13088676 0.05402531
-0.27507940 0.39322624 0.01125334
-0.24716449 0.34450904 -0.04172259
-0.26513219 -0.14466347 0.04713356
-0.08807968 -0.06719574 -0.07902780
0.04788984 -0.27376074 -0.02826544
0.22895938 0.36032379 0.08123544
0.10596161 0.03720317 -0.09185976
0.01286425 0.37312418 0.08949599
-0.13694531 -0.10123314 0.08885827
0.10259257 -0.38187578 0.09825271
0.19678478 -0.25679529 0.08182928
-0.23457581 -0.23615679 -0.01091811
-0.24184188 0.36848789 0.00477121
-0.19247897 -0.35372567 -0.09381036
-0.09403054 0.11115554 0.08049009
-0.06363852 0.34643960 -0.04567121
-0.26608282 0.09923330 0.04997019
-0.26424059 -0.01806360 0.00153409
0.10104038 0.10628691 0.00822624
0.13199806 0.36334929 -0.08481548
-0.01880020 0.23333892 -0.08907866
-0.24125266 0.09134959 0.07265199
0.21378253 0.23815154 0.06757479
0.19802725 0.24287573 -0.08774057
-0.13960820 0.24678987 -0.09270959
-0.27988026 0.39064449 -0.07899587
-0.27289236 -0.08505561 -0.08828613
0.18310159 0.35567233 0.05367380
-0.07044010 -0.22750632 0.01287525
0.21895315 0.14790392 0.08811130
-0.18241444 -0.05189399 -0.08842180
0.24057814 0.22659841 -0.02085233
-0.16608219 -0.23713909 0.00592608
0.24216093 -0.08972840 0.05460102
0.24397063 0.01449418 0.07504451
0.21247482 0.29715210 0.09150746
-0.18607987 -0.24434097 -0.06746370
0.19744682 0.25643912 0.08551741
0.19260117 0.18094233 0.08343242
0.02390289 0.35204491 0.06622133
0.20786104 0.38127187 -0.09321176
0.14500098 -0.26722831 0.03234728
0.12975615 -0.20573510 0.09142577
-0.09189217 -0.26179194 -0.00383900
-0.27203944 -0.21336746 -0.00267887
-0.01154483 0.23602465 0.09608263
0.25001824 -0.11060542 0.01704715
-0.19578166 0.13160260 -0.08624436
-0.26092497 0.12051550 -0.03685371
-0.02068709 0.36153999 -0.05143118
0.08165486 0.30985105 -0.01457225
-0.26222646 -0.13890482 -0.09067855
-0.04307653 -0.13482271 -0.09125901
-0.27265146 -0.22184166 -0.00949889
0.21935086 0.24619754 0.09412383
-0.29430696 -0.33598614 -0.00075801
-0.24947503 -0.09200371 -0.08391730
-0.26201677 0.20734160 -0.01455940
-0.21885774 -0.23407029 -0.08359133
-0.19594739 0.37900275 -0.08892862
0.14711878 0.29573378 0.09371105
-0.24528565 0.29519695 -0.09073188
-0.06407158 0.07201019 0.08864512
0.24934597 -0.06407606 0.04345696
-0.09286366 0.37725973 -0.01154783
0.04901711 0.28817013 0.08412066
0.13835041 0.06798168 0.08594047
0.01085447 0.37067696 0.09217758
-0.06648004 -0.15620854 0.08712682
-0.15848355 -0.03400704 0.08237457
0.23948288 -0.25398135 0.05625710
-0.26717347 -0.22944215 0.08105354
-0.26186356 -0.15218210 0.03097451
0.19681369 0.24598247 0.06519774
-0.27543193 0.24260466 0.09337262
-0.13006841 0.06714551 0.09275901
-0.21534906 -0.10954948 -0.06640535
-0.21419853 -0.30892730 -0.09579612
-0.21167028 0.22658803 0.08648895
-0.08882557 0.00852492 0.09067057
0.23217477 0.19402505 0.05866025
-0.19034934 -0.30152696 0.09200104
0.23890649 -0.17740157 -0.01181078
-0.18758324 0.37089118 -0.08887746
-0.23923841 0.05497766 0.07454162
0.24037816 0.40028769 -0.02136589
-0.26080945 -0.22015586 0.02984006
0.20034856 0.05398654 0.09337073
0.20621388 0.38405076 -0.07449652
0.17738195 0.10928325 -0.08770009
-0.16174765 0.01784231 0.08396665
-0.15140495 0.34365395 -0.08489516
0.21286808 -0.04954854 -0.08470017
-0.17861612 -0.12276593 0.06941755
-0.26402664 0.04445879 0.01499332
-0.24972624 -0.02275186 0.01045663
0.07791157 -0.23471642 0.05477186
0.07774106 0.17008875 0.09107147
0.00803065 -0.19893764 -0.09068763
-0.22214441 -0.20816052 0.08349290
0.22880915 -0.10027258 -0.01579676
-0.22828820 0.37152505 0.05976421
-0.26683155 -0.15530279 0.08070682
-0.07009131 -0.07674903 -0.08690684
-0.06841051 0.13515596 -0.05139100
-0.04751468 -0.10792343 -0.09262739
-0.11721363 -0.23257114 0.00667887
0.21178688 -0.24461208 -0.05206060
-0.24351728 -0.26072231 0.09403095
-0.22425112 0.06507021 -0.07810371
-0.20143951 -0.20270258 -0.08075035
-0.09177004 0.25270161 0.09111734
-0.07847533 0.36920720 -0.05221012
0.21826835 0.34445089 -0.08734626
-0.14795215 -0.24619716 -0.08824559
-0.21877888 -0.26003161 -0.02712060
-0.04174016 0.17440917 -0.02145630
-0.08556621 -0.27102247 -0.08081509
0.05013071 -0.24066499 -0.09041370
-0.27186149 -0.05717653 -0.07582408
-0.27175775 -0.20623544 0.01827085
0.13753773 -0.07206965 -0.01556330
0.21980166 -0.17820302 0.07229689
0.19212602 0.37312284 -0.08809330
0.02272262 0.16244821 -0.08581036
0.23479526 -0.14960015 -0.08849332
0.24724734 -0.10211027 0.02363942
-0.07336728 0.29004258 0.08897962
0.23406433 -0.27686352 0.01190684
-0.00817897 -0.21684480 -0.08477193
0.19903962 0.24106550 -0.02855528
-0.25435400 -0.25610733 0.09407019
-0.28565121 -0.26802653 -0.07850237
0.11956371 0.21144015 -0.09266467
0.11327208 0.08345996 0.08796566
0.01605383 0.08569814 -0.09055743
-0.14106044 0.36863071 -0.00957291
0.18509044 -0.16545106 -0.09024028
-0.25489086 0.36604241 0.09077135
0.14512810 -0.26407143 0.02258962
0.02369848 -0.06227802 0.05505387
0.23648629 -0.15270050 0.05669598
-0.23775849 -0.01399664 0.08862862
0.01173460 0.19672744 0.08843780
0.18219079 -0.26223952 -0.08751925
0.22401300 0.34098250 -0.02417628
0.19457705 0.30096987 -0.08835549
0.01822539 -0.02812256 0.05639348
-0.11229154 -0.04607554 -0.07722605
-0.21712090 0.12167418 -0.07916934
0.16375583 -0.21056604 0.07965970
-0.26075283 0.23496124 -0.02894619
0.13055995 -0.26305068 -0.08442371
-0.22288162 -0.25493219 -0.07967867
-0.15564983 -0.11816142 -0.08669674
-0.26443097 -0.25705400 0.08781200
-0.09911094 -0.22370146 -0.04808928
0.03013466 0.36588785 0.09069847
-0.25341845 -0.34033948 0.09563168
0.08618153 -0.26272473 0.00405252
-0.13698329 0.07783084 -0.06751411
-0.21038140 0.20544145 0.08686192
0.14246500 -0.06803305 -0.05635130
-0.26715118 0.29497495 -0.01633344
0.22890735 0.12392613 -0.03943362
0.12825152 -0.33715928 -0.05824931
-0.25901470 0.33869731 -0.05927045
-0.15941368 0.27374002 0.08553100
-0.28132087 -0.24903351 0.07931789
0.22609822 0.13634388 0.09268890
-0.04473220 0.32390925 0.08992099
-0.13163942 -0.09575778 -0.08025146
-0.26267335 0.28417134 -0.05735814
0.03157994 -0.10722494 0.09534127
0.23513234 0.05024458 -0.09010998
-0.27838275 -0.28226790 0.08284051
-0.26662058 -0.00952232 0.05324971
-0.05922088 -0.28478011 0.08261585
-0.24802816 0.04381462 0.08960167
-0.13312571 -0.05627371 0.03015212
0.01107164 -0.27106714 0.03029668
-0.01867530 0.17838266 -0.08755326
-0.07493622 0.11984557 -0.03118515
0.01800868 0.07062830 0.09018839
0.15277234 -0.22242528 -0.08020997
-0.01339324 -0.13910252 0.09158903
0.18099414 0.36112431 0.04903254
0.11642865 -0.10889904 -0.09184130
0.24762373 0.16728680 0.01511186
0.23954126 -0.15992020 -0.08995210
0.22518234 -0.03803620 0.05202735
-0.23658532 -0.07980016 -0.05640862
0.17752823 0.00623679 -0.05430961
0.25139672 0.38816124 0.07343896
-0.25918034 0.33797756 -0.06338267
0.22059073 0.03136741 0.05775130
-0.27658868 -0.29009324 0.08240739
0.19349088 0.06005339 0.08122012
-0.23659386 -0.07015349 0.08646408
0.14574358 0.21503274 -0.08568992
-0.17998064 -0.22919084 -0.01055187
-0.29074225 0.38915297 0.08176215
-0.15231216 -0.27101493 0.06889599
-0.14720738 -0.06768228 -0.09044067
-0.22595005 0.34153348 -0.07863752
-0.26711309 -0.06668862 0.09811967
-0.26723880 -0.09811030 0.00988591
-0.26316383 -0.11116584 0.04987016
-0.27242056 0.02011555 0.08505198
0.09527543 -0.18162590 0.08722308
-0.07230847 -0.24398477 0.05939169
0.20664582 0.34550580 0.09335208
-0.17359322 -0.27300364 0.08629982
-0.15226920 0.20155573 -0.08939805
0.24725686 0.28878650 -0.05219863
0.15725213 -0.26599276 0.01685960
-0.12607637 -0.21010295 0.09025818
0.04141594 -0.09610780 0.09240440
-0.26494199 0.22923221 0.09042991
0.23327215 0.27689075 0.08284120
0.25425762 -0.21283290 0.06009821
-0.23603240 -0.23183872 0.08233686
-0.18966445 0.21801521 0.09138121
0.24163590 -0.05270214 0.08861708
0.22318122 0.31647143 0.05815474
0.08433861 -0.11145080 0.08957640
0.24696073 0.25071719 0.08687234
-0.26925796 -0.07993479 0.06071093
0.22473358 -0.02681880 0.08257356
-0.15111975 0.11245112 -0.01743220
-0.08309224 0.20962736 -0.08926449
0.19861104 0.38331750 0.07720040
0.18626015 0.14391705 0.07835454
-0.23465362 0.26971611 -0.09024031
0.00065537 -0.06415533 0.05480264
-0.06458289 0.15735921 0.09294972
0.21673365 0.17719291 0.03924793
-0.19783556 0.16980486 0.09261118
-0.17211281 0.08084760 0.09043931
-0.24927740 0.34765428 -0.01544964
0.24670592 0.18076591 0.03920865
0.25216976 -0.00838072 0.07916334
-0.26418459 0.12995899 -0.02083467
0.19277851 -0.06403736 0.06841706
-0.03668116 -0.22225292 -0.01092190
-0.16515933 -0.03288215 -0.08665931
0.18651693 0.13678086 -0.00023853
0.21754387 -0.16760993 -0.09127565
-0.09236025 0.35813257 -0.07804015
-0.25318122 -0.32299826 -0.09594628
0.10751460 -0.09541502 0.08870196
0.24202763 0.21150461 -0.03881300
0.08437648 -0.13139202 -0.09265519
-0.11107101 -0.29046717 0.09211139
-0.27938366 -0.17396955 0.09265719
-0.25614053 -0.24431114 0.05166500
0.18716286 0.11878854 -0.06147682
-0.26159915 -0.23453006 0.06194083
-0.19753948 0.00597732 -0.09213653
-0.16892451 0.08674209 0.08271310
-0.02494432 0.14568940 0.08322357
0.21063386 0.23011933 -0.02382445
-0.00891508 0.18291365 -0.09267131
0.19220288 0.08349480 0.00899218
0.05482678 0.29213226 -0.09279273
-0.25202325 -0.07552814 -0.06209829
-0.11147529 -0.16183449 0.09401781
-0.04955786 -0.26702353 0.01908482
-0.26296598 0.05154717 -0.06533314
-0.24980140 0.13703743 -0.01701917
0.17713054 -0.05289529 -0.00623491
-0.24515162 0.06460364 0.08523033
-0.27137479 0.05374512 0.07863876
0.05397928 -0.21319115 -0.09145601
0.18127249 -0.32105413 0.06803896
0.04006251 0.14449723 -0.08416022
-0.26196218 0.10748075 -0.04663198
0.18643576 0.03470875 -0.09187198
-0.11266139 0.19681123 0.08473608
-0.16505864 0.19781460 0.01219914
0.00837811 0.14830318 -0.09469121
0.19712168 0.16101643 -0.08761505
0.21267439 -0.23368351 -0.08378883
-0.25827804 -0.26453918 0.08617643
0.24904874 0.06283265 -0.07206097
0.22791018 -0.06661958 -0.07911048
0.18094596 -0.38191584 0.04647351
-0.07035677 0.32612586 0.08184427
0.23155934 0.36548927 -0.01790794
-0.00124772 0.27883440 -0.08833043
0.23843671 0.34341252 0.07123791
-0.04631407 -0.21234640 -0.06836842
0.21428497 0.05893073 0.01099319
-0.18426895 -0.03466800 0.09145420
-0.16589047 -0.12674507 0.09161437
-0.12374215 0.34032935 -0.08258915
-0.26880699 0.32314509 0.03792658
0.04336610 -0.16583057 -0.09239359
0.19970903 -0.19526303 0.08892173
0.11078259 0.38834339 0.08177613
-0.22580539 0.38429487 0.09067221
-0.07699522 -0.37647381 -0.09571166
-0.10692760 0.10593519 -0.09136288
0.17760226 0.21624145 -0.08719309
-0.25739351 -0.16012689 0.06048268
0.23732281 0.19882913 0.01155915
-0.25766119 -0.25255644 -0.04594949
0.24079415 -0.20237629 -0.08277111
-0.15826075 0.37627530 0.05262561
0.22558248 0.19237404 0.00409736
-0.06201241 -0.08808159 -0.08802000
-0.09058893 -0.26854864 0.02023602
0.07960173 0.12458385 0.01045924
-0.13553083 0.37273425 0.08716964
-0.25293922 -0.31149191 -0.03545804
-0.06133942 -0.05362747 0.00686449
-0.10046651 0.24069095 0.09619381
-0.20384495 -0.25903928 -0.01169482
-0.10601960 -0.03098884 -0.09215517
0.07636967 -0.02908184 0.08883334
-0.05433158 0.32094684 -0.08546557
0.17566489 0.22756229 -0.09353121
0.16072747 0.22215390 -0.08529764
0.02847614 -0.37126681 -0.09043933
0.19288243 0.11031101 0.06344612
-0.26274338 -0.04952210 -0.04414462
0.20177086 0.04118952 -0.05653429
0.07270810 -0.22173813 -0.07769020
0.22369413 0.39638430 0.08623641
-0.26350611 0.08638459 0.04842945
-0.08462857 -0.18015234 -0.09186902
0.20327792 -0.11441776 -0.09071872
-0.23500679 0.31843996 -0.07258164
0.02471723 0.11032754 0.05931148
0.17727923 0.28088725 0.09380691
-0.24104165 -0.26066029 0.04845569
-0.18137796 -0.01389307 0.07936256
0.22047061 -0.03610398 -0.09398345
0.09524584 0.36785471 0.09585922
0.19765556 0.17980793 0.07007460
0.23420689 0.18347754 0.04215087
0.15955527 0.17050236 0.08750962
0.23585206 0.20362362 -0.06979231
-0.23135404 0.30579096 0.08629052
0.23528755 0.26942363 0.07177916
-0.10709137 0.13367982 -0.03399420
-0.12929805 -0.05667469 0.08815854
-0.00784179 0.09503086 -0.03037009
-0.26584956 0.32975024 -0.04400685
0.07271853 -0.19310634 -0.09134966
-0.12957782 0.18983915 -0.08535933
0.07596312 -0.13638337 -0.09522847
0.24901909 -0.06674785 -0.07953179
-0.24001455 0.03352216 0.08855900
0.20545812 0.33352181 -0.09670079
0.17579648 0.36905968 0.08751422
-0.09996594 -0.13783619 0.08774345
0.22702087 -0.20982920 -0.09281275
-0.04899091 -0.27554250 0.02283458
-0.23258470 0.37504998 0.02565200
-0.27106559 -0.13944504 0.01212354
0.15380082 -0.26514179 -0.08934352
-0.28210267 -0.09805124 -0.09524085
-0.27089134 -0.34874961 -0.00654843
0.00716097 0.27308506 0.09628490
-0.22189488 0.23159288 0.08714115
-0.00794733 -0.03608779 -0.08190995
0.07823730 -0.04874859 0.08575080
0.22569451 0.29842994 -0.03100026
0.15036948 -0.14692055 0.08941150
0.23411523 0.17318496 -0.00574081
0.23663117 0.30251569 0.04876095
-0.00966780 0.26436689 0.09361364
-0.02321242 0.36983293 0.08816800
-0.26569885 0.00674401 -0.01617373
0.20103823 -0.25331524 0.09022705
0.19224507 -0.23074959 0.07896443
0.12225421 0.12001045 0.00021856
0.24353614 -0.00274218 -0.04680513
0.18698478 0.28242877 0.09173126
-0.16141127 -0.24329202 -0.08847426
-0.26408732 0.00262461 -0.02477028
0.14243138 0.04053317 0.09038677
0.22115082 0.36567336 0.03306033
0.19447389 -0.03490528 0.09357271
-0.26243359 0.30298349 -0.01173879
-0.23604968 0.37235656 -0.04242261
-0.11848222 -0.16065075 -0.09058683
-0.29075330 -0.26421064 0.03632548
0.03471505 -0.02462423 0.05954168
-0.14428560 0.36500263 -0.03890166
-0.24684876 0.06599037 0.09020981
-0.22959296 0.15197575 0.08369952
-0.23666680 0.36641037 0.09123489
0.25008690 -0.25186214 -0.06814650
0.06678709 -0.08051080 -0.01239986
-0.26347312 -0.26415053 0.05315755
0.11515869 0.04295154 0.08861791
0.24996208 0.32231608 -0.05999909
0.01492721 -0.12405104 0.09377713
-0.10313026 0.29704031 0.09193317
-0.07544409 0.12159947 -0.05999776
0.09285908 0.11497755 -0.08840700
-0.25818023 0.00736675 -0.04847347
0.11928953 -0.08743761 0.00722809
0.23103420 -0.03366732 0.04310695
0.25015873 0.29915571 -0.03105672
0.08110441 -0.34599721 0.09761909
-0.22286963 0.07996424 0.06868280
0.09075706 0.05234110 0.09111291
-0.26153335 0.06433450 -0.08498484
0.11240247 -0.00054214 0.06698328
-0.16614518 0.33623949 0.05490733
0.02607969 0.24237028 0.09493785
-0.18540372 0.27153122 0.08766151
0.24788080 0.08611748 0.03332768
-0.07696941 -0.06707848 -0.00586992
0.17169687 0.00847238 0.09076066
0.08500855 -0.27821398 -0.09575305
-0.10249676 0.10773593 0.00729560
0.02002340 0.03021136 0.09367441
0.25801966 -0.21091206 -0.08179367
0.09353733 0.35412818 0.08652881
-0.13806756 0.14922170 0.08726969
-0.27982414 -0.12607194 0.08892561
-0.26630086 -0.00975412 0.07834841
-0.25084117 -0.01364462 -0.05103627
0.23380047 0.00802221 0.00058153
-0.13243343 -0.27257961 -0.00721350
-0.15466389 0.13780266 0.09019307
0.12438682 0.26517856 0.09047149
-0.15739851 -0.05194323 0.00735429
-0.27448693 0.38289157 0.03486957
-0.01647957 0.27862012 0.09087534
-0.09425014 0.17432168 -0.08900060
0.24586897 0.26270431 0.09014644
-0.26538259 -0.21334116 0.08248664
-0.20779195 0.00108585 0.08781291
-0.26497936 0.37796137 0.05436413
0.22793072 -0.11117563 -0.08884643
-0.19774754 -0.11773808 0.08835832
0.23286757 0.14448994 0.01834222
0.19890568 0.17879580 -0.09213062
0.14945647 -0.29964802 -0.01531615
0.06777509 -0.07066298 0.03998981
0.13110128 -0.28783086 0.08792902
0.22535302 0.23453735 -0.06347793
-0.06838104 -0.22575523 0.08557250
-0.10399076 -0.26596111 0.04788269
0.16425417 -0.28597784 0.06446037
0.13935962 0.05582247 0.08924719
0.24267639 0.12020689 0.03240321
0.23591058 -0.03259890 -0.02384299
-0.25825658 -0.16653401 -0.06836018
-0.14990319 0.35289776 0.07026945
0.09226909 -0.05323955 0.08588233
0.09868315 0.08645108 0.09168011
0.25054210 0.31789416 0.00456085
0.08356973 0.35172459 0.10219492
0.05649523 -0.26225513 0.00533298
0.15228260 -0.21968967 0.08145255
-0.27641770 0.29116708 -0.05694613
0.22461648 -0.10722572 -0.03880865
0.13986604 -0.29936701 -0.09558266
0.13208139 -0.36949611 0.09551992
-0.11992797 -0.26722533 0.04774240
-0.10163809 0.34874377 0.06490425
0.19637536 0.14935336 -0.07119787
0.24930695 0.32487631 0.04191498
-0.14932656 -0.36020935 -0.09789608
0.05416246 -0.15679538 0.09085005
-0.21499225 0.32116055 -0.08635105
-0.09172966 -0.30595455 0.09404918
-0.00017194 -0.31285173 0.09427913
-0.11689092 -0.08540685 0.08739668
-0.18492171 -0.25600433 0.04134852
-0.23391142 -0.24897650 0.02257813
-0.22797248 -0.28977573 0.09287076
-0.11049701 0.23085846 -0.09232148
-0.24266894 0.21327126 0.00985030
0.18337157 -0.20697188 -0.09135659
-0.22947282 -0.25032592 0.00852999
0.24658810 0.15632096 0.00495399
0.24650361 0.14523956 0.02944531
-0.27139556 0.04528730 0.09124562
0.23172037 -0.03254471 -0.08690611
-0.20559698 0.40187478 -0.09081263
-0.20892704 -0.08599214 -0.08577418
-0.02305745 0.17030594 -0.00814075
-0.25070557 -0.00181496 -0.08434226
-0.09594819 0.38647044 -0.06937210
0.23163520 0.02138921 -0.03587350
0.24625967 0.18254684 -0.05437149
-0.22355734 0.01139843 0.07920763
0.13100545 0.35790831 0.08774954
-0.03508076 -0.26300427 -0.05543217
0.04149869 0.34141248 -0.08694151
-0.12108485 0.17304192 -0.08977083
0.21205720 -0.17258617 0.07084818
-0.15370978 0.32528892 0.09563111
-0.04511104 0.24483474 0.09579352
-0.21775599 0.16120893 0.07530535
-0.00637972 0.31840038 0.09395945
-0.26535496 -0.09463686 -0.01762424
-0.27546066 0.29780298 -0.01743478
0.24000920 0.07509934 -0.04040338
0.22172245 0.09057504 0.05416514
0.09674542 -0.03873641 -0.06116373
-0.27419508 -0.16234811 0.08855346
-0.20836587 0.36636212 -0.04902177
-0.00451708 0.36919728 -0.08525121
-0.24312463 -0.10279439 0.09362461
-0.26347610 0.21107872 -0.05323824
0.14494695 0.11768577 -0.08671115
0.03231431 -0.23925537 0.08803017
0.05563486 0.29275963 0.09183864
0.18229382 0.37844682 0.04390285
-0.23742972 -0.22198135 0.00925782
0.05278020 0.15039411 -0.05987061
0.22349234 0.19435667 -0.09271608
0.24754061 0.15829460 0.03754283
-0.25302058 0.36429793 0.09296187
0.11400731 -0.00552867 -0.08898636
-0.26198429 -0.17828369 0.06139540
0.09952979 0.17536539 0.06376679
0.22012173 0.36051530 -0.02198249
-0.28827700 -0.28571051 0.00733899
-0.10846511 -0.30478513 -0.09465089
0.19340818 0.37831497 0.05095238
-0.18646112 -0.00769103 -0.08817931
0.03293001 0.36066577 -0.07123353
0.15525626 0.23691916 -0.09272101
0.08171674 -0.23872751 0.01265403
-0.00858507 0.35003012 0.05564484
-0.03107122 0.37488860 0.08526172
-0.05602172 -0.01795507 0.08044835
-0.11706787 0.09379987 -0.09322145
-0.26184744 -0.22631964 -0.08893485
0.24224222 0.23137051 0.01623851
-0.01068499 0.07086872 -0.09063550
0.18421222 0.06781691 0.06090241
-0.26832443 0.37473834 0.04822658
0.25112340 -0.26457250 0.09435987
0.04432942 0.07568809 0.09229836
0.17153096 -0.05483675 0.07806028
-0.24498403 0.09681233 0.07528305
-0.12264118 0.36833677 0.03083899
0.21941470 -0.00821363 -0.09265605
0.24400066 -0.02093365 -0.07910171
-0.02359884 0.18572137 0.09318849
0.23147310 0.37396830 0.04999410
0.12192348 -0.03470697 0.05625938
-0.26977378 0.19333179 -0.04401210
0.25349966 0.31897542 0.07913288
0.22461711 0.07204843 -0.00985037
0.10649700 -0.16686746 -0.08821852
0.16910806 -0.28190318 0.08769294
-0.20959049 -0.25068018 0.08842545
0.03904700 0.13182427 -0.08433581
-0.14018154 0.23178442 -0.07786801
-0.03283244 0.19937538 0.09300736
-0.05788068 0.37067166 0.09204087
0.00584894 -0.26694754 -0.00670411
-0.08488265 0.00689721 0.08929995
0.08450314 0.22292174 -0.08527303
-0.24725376 -0.25363258 -0.01334532
0.11850295 0.35693520 0.08274581
-0.23028556 0.36622697 -0.00396268
-0.00292704 -0.25850600 -0.09040134
-0.10829619 -0.14924879 -0.09135749
0.05555873 0.11484528 0.05315696
-0.02600510 -0.07402788 -0.09340082
0.25197652 -0.21146056 0.07384347
0.07660849 0.15284175 -0.08992048
0.09580947 -0.20263097 -0.08887754
-0.09385349 0.10627288 -0.09193835
-0.14353999 0.38126564 0.08541266
0.10401967 0.02759572 -0.09134845
-0.10640898 -0.05425641 -0.08967419
-0.00033994 0.24766572 0.09431957
-0.01997004 -0.22047324 0.06528129
0.24821857 -0.09137858 -0.04077205
0.19201833 0.27512324 -0.08741375
0.15695126 -0.12002894 -0.08640394
-0.06787375 0.14854966 0.08381548
0.24467166 0.22767186 0.03423898
-0.27445439 0.22767684 0.09239554
0.03266925 0.38899478 0.09068321
0.26553825 0.24961378 -0.05818186
-0.26282117 0.18079463 -0.05510340
0.00762007 -0.27608001 -0.02655628
-0.23705241 -0.13841426 -0.08624586
-0.03320438 0.34641615 0.05991942
-0.15494078 -0.03317937 -0.08786283
-0.27243948 -0.04675753 0.08449161
-0.07166570 0.35376471 0.08045013
0.21436566 -0.03557277 0.10220837
0.22666466 -0.20217723 -0.03794218
0.16339919 -0.27622122 0.07093885
0.24967477 -0.25259504 0.02106143
-0.03792351 -0.25377977 -0.08214343
-0.07672481 0.33032644 0.07217167
0.05054836 -0.26139224 -0.04344485
-0.02933195 0.26765338 0.09211806
0.08544078 -0.23647909 0.06060860
-0.12486397 0.27431068 -0.08603776
-0.19949807 0.39189407 0.09333007
-0.16192326 -0.23718739 0.06539872
-0.02418801 0.26337251 -0.09031532
0.19370119 -0.00028451 0.05943179
-0.27864707 0.34028813 0.08648805
-0.05988242 0.35999101 -0.07828526
0.10692415 -0.14070255 -0.09495535
-0.22559565 -0.01209415 0.09640647
-0.20314401 0.36614162 -0.08439683
-0.20680417 0.02090667 0.08692757
0.15018326 0.36106172 0.09392903
0.09876996 0.13900450 0.08780172
-0.20182982 0.37509465 0.04039580
-0.25818866 -0.38655230 0.09363196
-0.09117334 -0.10792576 -0.07303599
-0.06935079 -0.21929549 0.08505062
0.24465416 -0.11978200 0.01593426
0.20856188 0.13504295 -0.03158765
-0.27635756 0.20819862 0.07634576
0.18960865 -0.22861142 -0.00428318
-0.06967509 0.08315822 0.08835234
0.24633840 0.18572314 -0.01725282
0.15501305 -0.36213306 -0.05291566
0.23059985 -0.22059396 -0.03514281
0.24460298 -0.02932396 0.03790968
0.13692769 -0.28234103 -0.09030833
-0.27446163 0.09854880 0.07566356
0.06569492 -0.27113679 -0.02396536
0.02607033 0.10945703 -0.08985077
-0.23806684 0.23827834 0.08838610
-0.17928004 0.36427444 -0.05891773
0.21862894 0.34974822 0.07195017
0.02889637 -0.07978890 0.05948355
-0.02847145 -0.01554680 -0.08816366
-0.10115735 -0.27042371 -0.03328253
0.17831944 -0.21331450 0.02690277
0.07939672 0.08032832 -0.09300342
0.00934574 -0.10144078 -0.08826894
-0.26330414 -0.11144441 -0.06085547
0.24278696 -0.01533090 -0.05402920
-0.03835702 0.12106416 0.09231713
-0.25110441 -0.25566593 0.04884420
0.20716956 -0.01548185 0.00532991
-0.25355840 -0.27232349 0.08434873
-0.27537826 0.20192108 -0.09862790
0.23900241 0.27562875 0.01518612
0.05420469 -0.27868474 -0.09077623
-0.04375535 0.07309723 0.09261296
0.22405803 0.17453383 -0.08837474
0.24316505 -0.05820104 -0.09287789
0.04540363 -0.26081821 -0.03725775
0.05785211 0.13375919 0.08386318
0.24806210 0.27930307 -0.08825404
-0.28202918 -0.26713076 0.08184180
-0.17996967 -0.25501749 0.08186025
0.18194495 0.19251397 0.06630257
0.24645750 -0.08660369 -0.08594292
-0.27109954 -0.01671944 0.07061519
0.25704351 0.24732377 0.03465702
-0.08224931 -0.21245885 0.04488400
-0.24909720 0.05030268 -0.05728052
0.21777666 0.18950023 0.10064119
0.18096158 -0.23557188 -0.05464101
0.11945952 -0.34366918 -0.09375431
-0.26872128 -0.03657902 -0.05194572
-0.15783413 0.17833593 -0.08770910
0.05643164 0.12209024 0.01406161
-0.12373629 0.20161633 -0.08951924
0.18002214 0.27652469 -0.07615650
-0.13480157 0.37976116 0.01984211
0.22416596 -0.05178861 -0.06756741
-0.10461158 0.36684632 0.04859689
-0.17745343 -0.19446877 -0.08964933
0.23204952 0.01362888 -0.09536096
0.24262653 -0.02232612 -0.04063778
0.08972502 -0.21538876 -0.08650818
0.22478804 0.06591419 0.04282287
-0.25852498 0.21085814 -0.04620679
0.00691641 0.11784151 -0.05770089
-0.10161476 -0.04372478 -0.07815558
-0.21129900 -0.35699064 0.09360546
-0.17969707 0.10721919 0.03004496
0.24434647 0.05637320 -0.04210782
-0.13553812 -0.04412976 0.06120833
0.00989315 -0.29826015 0.08973339
-0.07786210 -0.08407159 -0.08790332
0.12665874 -0.34859243 0.04222135
0.24895187 -0.18428610 -0.02660879
-0.16276486 0.03683538 -0.09040619
0.25226006 0.18535776 -0.02564318
0.23663932 -0.24841030 -0.05568520
0.14794838 0.19444335 0.08785670
-0.17058966 -0.26507157 0.00681862
-0.26919001 0.26101705 0.09113867
0.13242154 -0.15041015 0.09040637
-0.20738998 -0.23778129 -0.08539063
0.23394378 0.06660481 -0.06990003
-0.26346183 -0.14608248 0.05644016
0.24220917 0.27267623 -0.09582986
0.14349967 0.30198655 -0.08889385
-0.23465173 0.09441712 -0.08402457
-0.21346857 0.29053146 0.08941080
-0.27174395 0.15790810 -0.07217172
0.05146680 0.10880631 -0.00064628
-0.08937500 0.31051719 0.09095096
-0.24068989 -0.39004302 -0.09839246
-0.26517829 0.05718062 0.01829787
-0.26176041 0.08583610 -0.05619551
0.05378462 0.01942160 -0.08472880
-0.04912383 0.24645242 -0.08776090
-0.26332268 0.07038011 0.07503228
0.25489897 -0.25633392 0.08943076
-0.17836699 -0.16199942 -0.09065724
0.19693869 -0.20496815 -0.08920971
0.25042853 -0.13087896 0.03615887
-0.06808171 0.17329657 -0.08895474
0.19339801 -0.00681376 -0.06530600
-0.07812872 -0.03149594 -0.07561143
0.18249555 0.33566487 0.05856782
-0.09288847 -0.22267756 0.08629338
0.14755715 -0.09819195 0.09208128
0.25600940 0.32862362 -0.02482788
-0.26116714 0.32789257 -0.00036696
-0.26261231 0.15297195 0.03344738
0.21089505 0.32601780 0.09390140
-0.08387077 0.30784148 -0.09062511
-0.09587407 0.11735363 0.08324464
0.05996117 0.28709540 0.09182306
0.21543081 -0.23256135 0.06590799
-0.15493825 0.18467295 0.08536117
-0.13130167 -0.24353784 -0.04924376
0.05526065 -0.15425572 -0.09051954
-0.26927936 -0.05084422 0.04532441
-0.21862803 -0.06008893 -0.01287033
-0.08935349 -0.06350482 0.02279646
-0.10226008 0.39176381 0.08664588
0.14337973 -0.33975938 -0.09161592
-0.03460068 0.11252544 -0.00013502
-0.26001084 -0.18724795 -0.03439566
0.13840429 0.21470723 -0.08489962
