-0.40500683 0.07829756 -0.12688589
-0.39846846 0.03477184 -0.07779641
-0.40026727 -0.06367061 0.03574503
0.22503081 -0.00752540 -0.18341897
-0.11357883 -0.08978124 -0.04125153
-0.01410003 0.11161819 -0.10409562
-0.17309557 0.04836835 -0.12176740
0.26107964 -0.09276483 -0.04517953
-0.40313393 0.03457144 -0.11959483
-0.39401561 0.02366674 -0.14645806
0.15456188 0.07697421 0.02702338
-0.32175505 -0.04652236 0.08164069
0.13009869 -0.09258026 -0.07756563
-0.35646430 0.06999617 0.12664784
0.24082972 -0.07813536 0.15492681
-0.32881549 -0.02536126 -0.13850993
-0.30080497 -0.06335781 -0.17114602
-0.41500083 0.01529175 0.08847458
-0.30558646 -0.06790611 -0.18588859
0.09786965 -0.09100819 0.02829180
0.36964408 -0.09981306 -0.07089150
-0.18207188 0.09611476 0.10275315
-0.37868515 0.04378777 0.14013626
-0.27337608 -0.02594050 -0.16528231
0.13675356 -0.08941595 0.05526910
-0.26579863 0.02687879 -0.17933090
-0.04643511 0.01614230 0.12825243
-0.36100751 0.07241689 -0.15380372
0.08962416 0.04945797 0.01429462
-0.31583944 -0.08191333 -0.00922887
-0.31252524 0.00503242 0.18440413
0.42132467 -0.08500717 0.02308049
0.31027988 -0.04262617 0.18417197
-0.27604541 0.00441204 0.14896660
-0.05390475 0.03047132 0.17638408
0.31505156 0.03024620 0.09134204
0.15105361 -0.08708261 -0.04946503
0.11408307 0.08830995 -0.06736658
0.30572245 0.03862027 -0.02059620
-0.18586537 0.10455496 0.06251316
0.18918610 0.01275382 0.17729536
0.25579485 0.00617297 0.12074820
0.23609459 -0.08984867 0.00556297
-0.35712323 -0.07907157 -0.10423590
-0.20516829 0.00065087 0.15855961
-0.31484210 0.00938530 -0.18000486
0.38913485 -0.02259845 -0.12255328
0.26861346 -0.01417553 -0.18214250
-0.12915719 -0.08336547 -0.06691681
0.13570485 0.00617237 -0.17635034
0.24089456 0.04512241 -0.11582041
0.29669940 -0.06206633 0.17501281
0.38270593 -0.02534121 -0.14197406
0.35394925 0.01802661 -0.09788021
-0.28511003 0.01859074 0.18494803
0.16035934 -0.08973661 -0.08342557
-0.31721804 -0.08456217 -0.17022891
-0.30607572 -0.05521068 0.13521655
-0.41791058 0.05142697 -0.00358666
-0.28057715 -0.04495685 0.11734745
-0.23376091 -0.07033819 0.17855395
0.19365701 -0.09848695 -0.12949353
0.32937783 -0.05387218 -0.17738844
-0.17602144 -0.08724570 -0.11227617
-0.05134992 -0.08656870 -0.14931269
-0.35141870 -0.04577758 -0.17536411
-0.42785862 -0.03583773 0.01999906
0.11179414 -0.09605115 -0.15195242
0.20755632 -0.12058979 0.15849048
0.06405210 0.10841759 0.00580635
0.09470296 -0.08035159 0.17635101
-0.34353739 0.06745589 -0.09515071
-0.33253369 0.06281044 -0.12353899
0.23978989 -0.11903926 -0.14133872
0.23531891 -0.10341985 -0.18660492
-0.21144161 0.05145929 -0.01282131
-0.30474061 0.07606819 -0.04671971
0.41762897 -0.08822202 -0.05524696
-0.27734539 -0.07070212 -0.17836569
0.10391824 -0.07768003 -0.18168542
-0.05881104 0.04939676 0.14396206
-0.07597999 0.01632201 0.14728825
-0.02037365 -0.07999198 -0.15344492
-0.25231844 0.01485958 0.18425672
-0.03633433 -0.06495447 -0.10505014
-0.25957921 -0.08482341 -0.01133280
0.40117776 -0.01009531 0.08921990
0.02510272 -0.08972101 -0.14461802
0.23158245 -0.08945268 -0.12992983
0.36824930 -0.10106497 0.15651011
0.25644678 -0.00234017 0.18254773
-0.41498104 0.02989442 -0.05839944
0.01256685 -0.08752013 0.07192578
0.22008121 -0.00176373 0.17817944
-0.32708430 -0.10180217 -0.12356203
-0.28674260 0.08302759 -0.03784852
0.40468878 -0.03162423 0.00771521
-0.19070734 -0.03164732 -0.18127859
0.30628848 -0.02371590 -0.10248863
-0.03919221 0.12109882 0.01627426
-0.20780434 0.05600693 0.15701587
0.16473086 -0.09131932 0.12652513
0.21898901 0.00967388 0.12570044
-0.21570618 -0.07361726 0.13378745
-0.00249719 0.04563833 0.16283774
-0.24304593 -0.05832250 -0.15398058
0.36118200 -0.09745564 -0.05468446
0.29556757 -0.10099775 -0.13686040
-0.25209400 -0.08632758 0.05465170
0.17284815 0.05689082 0.11002256
-0.01063330 0.05634121 0.15710808
0.21570490 -0.00819368 0.14491476
-0.36458206 0.07184672 -0.15000606
-0.26333764 -0.07993822 -0.03991335
0.20235901 -0.00720868 0.11689664
-0.01405746 -0.08744507 0.06858832
-0.20106225 0.00451608 -0.11494632
-0.11546633 -0.03169652 0.09951821
0.28533995 -0.07449411 0.16382101
-0.41163757 0.01348768 -0.04715548
0.16435531 -0.02113563 0.15607497
0.06000824 0.05920074 0.15213998
0.24818861 0.02133247 -0.18060157
0.11991743 -0.09090228 0.06399498
-0.08014727 -0.08996021 -0.05615864
0.14566033 0.08347777 -0.06353771
-0.41199398 -0.06087507 0.07132319
-0.12329265 -0.06556362 -0.18002717
-0.28802708 -0.05165045 -0.16905034
-0.08248395 -0.09178168 -0.02957658
-0.15600751 -0.06441212 0.18965906
-0.05551810 -0.07483508 -0.17538525
0.35012445 0.02391109 0.07376681
0.42457476 -0.09400973 -0.04162400
-0.07656956 0.11019123 -0.07757466
0.14637664 -0.08531318 0.16904826
-0.07865067 -0.08906199 0.07059491
-0.32794133 0.07383691 0.06095425
0.14793465 0.07845885 0.02016857
-0.35434940 0.06641136 0.00985683
-0.27375311 0.04512328 -0.15837610
-0.03542524 -0.05747581 -0.12064184
0.29928941 -0.11080526 -0.17654772
0.26517868 -0.00673424 0.18112625
-0.37134966 -0.06588726 0.06698839
-0.34010121 -0.05593993 0.10920072
0.18964371 -0.02509907 0.16423322
-0.08174464 0.07088343 0.13847558
-0.33497772 0.07661815 0.02025783
-0.11740883 -0.08798594 0.05955584
0.22967198 0.04946393 0.01279323
-0.27548629 -0.03499689 -0.07036312
-0.05024561 0.11490734 0.02686208
-0.09469875 0.03083037 0.17774345
0.17606153 -0.05768741 -0.13222049
-0.16132155 -0.03347737 -0.18562807
0.38014942 0.01491867 -0.01775164
-0.34687048 0.07794717 -0.02929702
-0.36562687 0.05824864 0.15991704
-0.04856586 -0.05575551 0.18675618
0.41370788 -0.09148598 -0.05294525
0.19190291 -0.01566954 -0.13650872
-0.28190461 -0.08967002 0.15071552
0.18607877 0.04939440 -0.06936812
0.26226097 0.04701048 0.02655016
-0.22697482 0.00031568 0.14575739
-0.39644289 0.04577997 -0.11551992
-0.34486860 0.07592696 -0.04092334
-0.36501408 -0.06896606 0.10982826
-0.23059422 -0.08890174 -0.14953870
0.42397767 -0.05045433 0.05126631
0.39288545 -0.05872788 -0.12222113
0.21865863 -0.01421066 0.16152444
-0.07048996 0.01426607 -0.17741695
0.10404953 -0.09651788 0.13830161
-0.04798800 0.05956919 -0.13754368
0.38252771 -0.01272193 0.12848622
-0.19916001 0.10122150 -0.02925672
0.06633679 -0.08713361 0.02492229
-0.06572707 -0.02168196 -0.16922240
-0.08674698 0.02175007 0.11721987
-0.06222817 -0.09063709 0.07509510
-0.13432196 -0.08987246 0.12437417
0.07309476 -0.08311228 0.16964650
-0.29139659 0.06359266 -0.11309831
0.29517800 -0.04313267 0.14370494
-0.18674213 -0.02705077 0.16553353
0.07020351 0.10184500 -0.10799489
-0.31720817 -0.08171170 -0.11650603
-0.00209990 -0.02672900 -0.17618003
0.31766489 -0.05215915 -0.18258303
-0.37115970 0.02547012 0.14474899
0.31004035 0.02623969 0.16058053
-0.10228651 0.10765740 0.07754212
0.04499427 -0.08785354 -0.02157790
-0.04911807 0.11603080 -0.07672565
-0.18604034 -0.05448496 0.17778079
-0.14561711 -0.09263492 -0.03001310
0.31964198 -0.02607428 -0.12750477
0.14700544 0.08421409 -0.02439050
-0.30868962 0.02874962 0.18265760
0.17375995 -0.05286907 -0.15241410
0.17205396 0.06306272 0.06157601
-0.29339549 0.00074775 0.18749048
0.27167076 -0.08960454 -0.03056271
-0.10613825 -0.09081457 0.09156179
-0.41033918 -0.06157632 -0.10752163
0.15574005 -0.06717911 -0.16594289
-0.34006116 -0.02989790 -0.18302289
-0.16518545 -0.02612609 0.00459215
-0.05475034 -0.08701590 0.01534286
0.36589777 -0.09483586 -0.03252287
-0.05940825 -0.07854757 0.05262410
-0.07605940 -0.01957707 -0.13236979
-0.30951044 -0.08217018 -0.13348442
-0.25770482 -0.01468661 0.13043903
0.03485498 -0.04979715 -0.02051532
-0.02979615 0.10085102 -0.12184110
-0.40357327 -0.05919682 0.15054369
-0.41269767 -0.04055256 -0.09482577
0.29651856 0.02266852 0.15170786
-0.07046261 0.10920784 -0.09180380
0.14187542 -0.09276804 0.13000020
0.35856879 -0.01213827 0.10927229
0.01124620 -0.01573470 0.17029987
0.10602499 0.07664399 0.11483350
-0.25563824 -0.00014381 0.19017167
-0.23916684 -0.07094582 -0.15166947
-0.41598827 0.01217650 -0.11000946
0.23749214 0.01373469 0.17441423
-0.33628032 -0.07798973 -0.03807994
-0.17798142 0.10046633 -0.02639738
-0.17217797 -0.02625300 0.18604088
-0.22373363 -0.10829560 -0.16124052
-0.06039056 -0.05762976 -0.00900157
-0.39085218 0.07327765 0.01472724
0.31515670 -0.05138671 -0.13373412
-0.12255362 0.11016624 0.04602231
-0.34086150 -0.07473366 -0.16200086
-0.31587484 -0.00507478 -0.16224431
-0.09929613 -0.07707602 0.18493208
0.42763391 -0.04740716 -0.04964888
-0.41631171 0.08784679 0.06245542
0.28549355 -0.01743919 -0.18567026
-0.16413490 -0.08934117 -0.12565501
-0.24901989 0.08695324 -0.05977141
-0.24115495 0.05714313 -0.15560324
-0.06715780 -0.08287194 0.03869373
0.15277751 -0.09053513 -0.17961906
-0.29966843 0.01988626 -0.14696169
0.11816745 0.04768280 0.15708172
0.30605897 -0.09369580 0.12687165
0.06304035 -0.07705971 0.16872068
-0.35086113 -0.08292104 -0.16276267
-0.00470610 -0.01712401 0.18335505
-0.15010008 0.10650593 0.06142284
0.18958271 0.04557099 -0.16694182
-0.14423004 -0.03260295 0.13433562
-0.12725602 -0.01838809 0.17114030
0.07105026 -0.08651704 -0.09263708
-0.08868039 0.10986329 -0.08144063
0.22808933 -0.12170965 0.15551011
-0.35317749 -0.00072579 -0.15920354
-0.24334347 -0.01691204 0.12515715
-0.13618292 0.11064269 0.01119947
0.23795420 -0.00895530 0.12644947
0.30035627 -0.04493747 -0.17152274
0.43042830 -0.08336911 0.01244697
0.22710247 -0.09839100 0.18508960
0.25472513 0.01431237 0.16823953
-0.25772551 -0.02156378 0.15095346
-0.21351868 -0.08772080 -0.18758774
-0.39457038 0.00315745 0.15917912
0.29969111 -0.10245179 -0.18252064
-0.17315717 -0.02855270 0.11983171
-0.27817807 -0.02475363 -0.15132743
0.26128283 0.04121985 -0.07058915
-0.03023204 -0.08678358 0.05502033
-0.17939015 -0.01468112 -0.08086752
0.09656844 -0.03853997 -0.17633000
-0.31956938 -0.03152586 -0.13773024
-0.32371068 -0.02158394 0.16769558
-0.29140198 0.08776697 -0.00342045
0.28017071 0.01576428 -0.18262500
0.16487272 -0.08946124 -0.03958374
0.42021140 -0.02654451 0.03485750
0.42032197 -0.09228516 0.09121561
0.16980387 0.04587785 -0.14916244
-0.27699104 -0.03524659 -0.18107529
-0.06622927 -0.08713411 -0.06499361
0.21945475 0.05725861 0.01498754
0.40824246 -0.00785117 0.02674696
-0.40562871 0.08805168 -0.10964295
-0.18448499 0.04219191 0.17060930
0.09495186 -0.02394197 -0.15115440
-0.12330688 -0.09047402 -0.02109641
0.16344063 -0.08861835 -0.13471025
0.19338453 -0.09476192 0.04977000
-0.07157288 -0.09170176 0.01422681
0.27774271 0.04632548 -0.00757137
-0.08189468 -0.02139678 0.14730529
-0.32556286 -0.04765642 -0.18666629
-0.11538406 0.05120522 0.16131593
0.13861455 -0.09224791 0.06274894
0.00569173 0.12112714 0.01478269
0.22425376 -0.08095316 -0.14813998
0.19905497 0.03335092 -0.17334564
-0.16016269 -0.06543475 -0.05342368
-0.07322018 0.11528543 0.00915393
-0.40858963 0.02024564 -0.07234845
-0.32468912 0.08058924 -0.03534163
0.31703398 -0.00279653 -0.14478596
-0.42774132 0.00205798 -0.00079825
-0.38378894 0.05433613 -0.14681166
-0.34306923 0.01004873 0.17945014
-0.08762164 -0.01367549 -0.15266865
-0.20618854 -0.02834935 0.15866826
-0.29162455 -0.05606146 0.17462073
0.42670974 -0.02194272 -0.02782077
0.21360828 -0.05655074 0.13236150
-0.37869072 0.03249415 0.11857674
0.13732268 -0.07346903 0.15282553
0.06034927 0.04305753 0.14432041
0.22202532 -0.07865123 0.17394234
-0.30828327 -0.03556396 -0.16013010
0.33303902 0.02951619 -0.06910697
0.25519094 -0.02413514 -0.16614065
0.19420370 -0.05387308 0.17591827
-0.25006488 0.05839091 0.12531555
-0.39419657 -0.04808864 -0.14857444
0.33149225 -0.07003330 0.16923402
0.15025958 -0.08791958 0.14377157
-0.42001447 -0.03236946 -0.09860036
0.31512409 0.03258910 -0.02044673
-0.22910726 0.00666074 -0.01086009
-0.19768240 0.09243494 -0.09100165
0.27172962 -0.08917659 0.06303359
-0.42720008 -0.01817925 0.01756644
-0.24434528 -0.07194668 0.15330374
-0.34233594 0.07360300 0.00883259
-0.12556460 0.05779274 -0.02814065
-0.11371815 -0.08978183 -0.13747464
0.35770148 -0.05980802 -0.15718025
-0.06923039 0.11191174 0.03814880
-0.29011267 -0.08270840 0.09858836
0.19344811 -0.00505595 -0.17596619
0.28134754 -0.06442418 -0.14242765
0.10660336 -0.01185330 -0.15081325
0.09848855 0.09598603 -0.07864798
0.30111584 0.03678859 0.03394036
0.27783528 -0.07885779 0.17050266
-0.18950959 -0.06179031 -0.10896102
0.07471909 0.10617329 -0.04754135
0.12499699 0.05030044 0.04956482
-0.24418025 0.06044637 -0.07337500
0.40730625 -0.06325148 0.07085311
0.25220582 0.01145794 0.18082781
-0.30725226 0.07915755 0.08603866
-0.07581377 0.08950090 -0.12993880
0.08417664 0.03858598 -0.12575659
-0.26678491 0.00303681 -0.17610605
0.18024397 -0.05125382 -0.04269458
-0.27490079 -0.09106714 0.13811988
0.03559375 0.09082956 0.13414770
-0.32374150 0.07353258 0.08300718
0.03577309 -0.09396386 0.11390453
-0.19714083 0.08479113 0.12581772
0.00217159 -0.09301433 0.15806942
0.32343930 0.01958496 0.14193577
-0.11337510 0.01776838 0.17948343
-0.26954165 -0.10250649 0.17689794
0.17944543 -0.00448417 0.18063472
-0.23688668 -0.07210246 -0.16105551
-0.25153401 -0.02544863 -0.17745805
-0.05405960 -0.08772927 -0.10901446
0.27379316 -0.07473934 -0.16043580
0.11696555 0.05179749 0.14605370
0.31154403 0.02879454 0.14759602
-0.08785936 0.11183170 0.02541071
-0.10170137 -0.08529343 -0.01107695
-0.15505786 -0.08633953 0.00942932
-0.25361946 -0.03519653 -0.13380338
-0.38041571 -0.07285368 0.14014968
0.26613337 -0.07847961 0.15495683
-0.01538987 -0.01313540 -0.18314460
-0.40957618 0.04924262 -0.07547409
-0.24673507 -0.11004983 0.16666311
0.43212229 -0.03661954 -0.00211202
-0.24658261 -0.08476526 -0.10964875
-0.13805041 0.04516933 0.08120403
0.22020364 0.05116077 -0.16085312
0.32963869 -0.09490843 0.15614106
0.23036799 -0.01014538 -0.17572735
0.17695716 -0.05227141 -0.13254617
-0.21164064 -0.10270009 -0.17597137
-0.31436870 -0.03716458 0.15209079
-0.38490859 0.06715741 -0.03735729
0.22879773 -0.02633784 0.15907529
-0.30428761 0.03573889 -0.17485023
-0.30885416 0.08159300 -0.07887195
0.30258092 -0.09150625 -0.05541938
0.36525074 -0.03870858 -0.16054514
0.19211812 -0.05551174 0.13142267
0.21744975 -0.03006055 -0.15812805
0.02507090 -0.08834487 -0.13564843
-0.25341758 0.01040975 0.18397988
-0.24606939 0.05776923 -0.13294150
0.25858781 -0.09262997 -0.17441955
-0.38798922 0.07656740 0.02746103
-0.26348457 -0.05645964 0.17778002
0.26537552 -0.08577521 0.17940825
-0.35087860 -0.03422903 -0.15753795
-0.41758919 0.08337830 -0.06359267
-0.27745578 -0.08226706 0.16674852
-0.27997226 0.03154422 0.17883046
-0.24134055 -0.10595399 0.15316622
0.24390246 0.00291780 0.14779340
0.21278448 -0.11328991 0.17571032
0.28508532 -0.01046611 -0.17666091
-0.05112887 0.08837682 -0.06304722
-0.36599398 -0.06644921 -0.08658960
-0.08953264 0.11060509 0.06301377
-0.42798287 -0.02876050 -0.00676861
-0.24845541 0.03765502 -0.16894454
-0.22508210 -0.07597050 -0.15390420
-0.42171785 0.01743434 0.05591882
0.29029906 -0.06833620 0.17295055
0.12896468 -0.09320948 0.17201856
-0.29209358 -0.08895831 -0.18505402
-0.19187231 -0.05868810 -0.17339623
-0.22547236 -0.00794952 -0.18025041
0.18162383 0.01886793 0.17336579
0.28667682 -0.00252351 0.15263154
-0.40394306 0.01861312 -0.12178217
0.26467821 -0.07485644 -0.16736835
0.17944252 -0.08732665 -0.10567324
-0.32836291 -0.07746454 -0.06897130
-0.25727269 -0.02359226 -0.17127034
-0.31140551 0.00900804 -0.07830012
0.08320451 -0.09266068 -0.16015945
-0.42812139 -0.01193766 0.00690574
-0.39316237 0.01226368 0.14777802
-0.42318532 -0.02232057 0.03614628
0.28103146 0.02803986 0.16545095
-0.28999704 0.02142986 -0.18465281
0.09049381 -0.08395042 0.07496241
-0.16939400 -0.08550267 -0.14955598
-0.34542659 -0.07653292 -0.14813574
0.23773736 -0.08613511 -0.10419980
-0.42106447 -0.05503258 -0.00794162
-0.17509174 0.10022649 -0.05361015
0.26078123 -0.00895205 -0.14477330
0.38777795 -0.09822714 -0.11413053
-0.18636450 0.10102691 0.01836809
0.04042045 0.11585551 -0.01152196
-0.26751015 -0.05680129 -0.15055877
0.22950067 0.05176041 -0.07435235
-0.30495366 -0.01552684 -0.18176480
0.05773821 0.03953584 0.15192659
0.28636408 0.04002748 -0.11311330
-0.11480926 -0.06316963 0.17458487
0.25756508 -0.10930216 -0.18139431
-0.30708376 0.07821669 -0.10822663
0.33000678 -0.03674716 0.16124631
0.24668080 0.02465987 -0.03353758
-0.04541564 0.00348640 -0.13383868
-0.12618153 0.05640695 -0.05928807
0.14401354 0.00664587 0.17818828
-0.09304556 -0.09168775 -0.08080043
-0.26105231 -0.05088226 0.15329400
-0.22632679 0.05487526 -0.16171196
0.14459261 0.08218393 -0.00066044
0.30838510 -0.10206329 -0.16925120
-0.03021898 -0.04802382 -0.02092452
0.32022089 0.02200500 0.13649242
0.27317068 -0.01974562 0.18367425
0.13883306 -0.04320814 -0.17179477
-0.35151160 -0.01878953 -0.11454267
-0.11158406 -0.08384823 -0.15187360
0.21543573 0.04264348 0.15487140
0.22287425 0.01748320 0.17628926
-0.41321921 -0.04087552 0.09210922
-0.21362570 -0.03501076 0.18453653
-0.39095905 0.08376903 0.02964925
0.40946877 -0.02494279 -0.09151138
-0.24742341 -0.10406784 -0.17513184
0.17232694 -0.04210070 0.17103584
-0.25539804 -0.08971134 0.16592450
0.32009414 -0.09341703 -0.10637994
-0.29157799 -0.08662688 0.02947331
-0.08776098 -0.08828491 -0.02358179
-0.42272621 -0.05598089 0.02147128
-0.26469496 0.03107309 -0.18316133
-0.42037505 0.01425384 0.03201029
-0.17289981 -0.03289448 -0.18783037
-0.10452321 -0.01612027 -0.14487162
0.18010855 -0.05040891 0.12277405
0.24008216 0.01106154 -0.16071323
0.07672679 0.03990162 -0.14904584
0.30056503 0.03045309 0.14194451
-0.22067654 -0.08885680 -0.05643096
0.06283867 -0.05270385 -0.17195241
-0.31689402 0.00731866 -0.12422501
0.20850375 -0.07329087 0.11380981
-0.14384571 -0.03234374 -0.18704794
0.20980324 0.05101937 0.09866209
-0.19260783 0.10389855 -0.00767489
-0.16095620 0.10732195 -0.03424995
-0.28824538 0.06623606 -0.12626325
-0.39165390 0.06552240 0.09210395
-0.15893246 0.01936286 0.13960801
0.21637914 -0.05399754 -0.15293880
0.27568141 -0.01332871 -0.13999082
0.17034602 -0.02590759 -0.14264363
0.25561592 0.00934086 -0.13862556
0.21903668 -0.02576811 -0.14018027
-0.17572261 -0.04362400 0.17923009
0.02598348 -0.09207088 0.03438697
0.20574793 0.01218039 0.16044988
0.27811599 -0.05882860 0.12823392
0.24507029 -0.00181013 0.17253608
-0.03840164 0.05993169 -0.14906278
0.03287845 0.11033805 -0.07366136
0.05182952 0.09700341 0.11518045
-0.01607550 -0.06686847 0.11655638
-0.29240426 -0.04364093 -0.17021638
-0.31024915 -0.08079525 0.03607134
-0.38868329 0.07132104 0.09152018
-0.40989259 0.00327213 0.12181871
-0.41573662 0.04933067 -0.04459734
-0.40519539 -0.06704251 0.00822120
-0.12140679 0.10221093 -0.11465616
-0.23402244 0.00840140 -0.16757640
-0.17954633 -0.02329970 0.06381612
-0.28635973 -0.08255307 -0.01239916
-0.39561096 0.08286151 -0.04773316
0.20877491 -0.02711168 -0.09568660
-0.28711569 0.01148628 -0.04176375
0.40575427 -0.09184542 0.09023197
-0.16230804 0.10603794 0.07385382
0.31970176 -0.09271532 0.12520063
0.39129162 -0.09545322 -0.11788939
-0.26002690 0.04875971 0.16941746
-0.26525977 0.01502826 0.18019217
0.21883595 -0.08846855 -0.17213240
-0.20331714 -0.10083283 0.18954012
-0.40539256 0.09005508 0.02067755
-0.23374175 -0.01000378 0.18742850
0.43292260 -0.04904838 -0.01042793
-0.24123569 -0.10647696 -0.16141461
0.23358569 -0.00753754 0.14821126
0.22136986 -0.00628837 0.08345684
-0.40617749 -0.06053155 -0.06132174
-0.18190999 0.06001738 0.15014990
-0.19287559 -0.08680987 -0.03958783
-0.08940580 -0.08868483 0.05860445
0.31767324 -0.09118938 -0.01903825
0.06269613 0.08418583 -0.13726076
0.24317938 0.00941185 0.14493540
-0.12684442 -0.09098649 0.08729985
-0.38610780 -0.07640690 0.04317005
0.07100166 -0.08811420 0.06961279
0.22084206 0.04974918 -0.11642174
-0.29747495 -0.11088268 -0.14204325
0.41109896 -0.00497868 -0.01634897
-0.23750593 -0.08739040 0.09830884
0.19984105 -0.06069224 -0.11689069
0.32492867 -0.09486169 0.05845171
0.00560504 0.03402501 -0.14101407
0.28497490 -0.00077077 0.17100522
0.09857965 0.09537974 -0.05891130
0.35607427 0.01714144 0.13358150
-0.32536465 0.00181771 0.18369961
0.40020093 -0.06078896 0.10804272
-0.03871820 0.11391339 0.08852863
0.24834923 -0.12125020 0.15167947
-0.09518932 -0.05276937 0.17614870
0.34443000 -0.01450590 0.15987323
0.19277312 -0.04613839 0.12681304
-0.36518472 -0.08155481 0.16224983
-0.34300375 -0.08164085 0.15909523
-0.34816122 -0.02696383 -0.11278244
-0.31966314 0.07956769 0.03518452
-0.31276405 -0.08410916 0.11438102
-0.03803543 -0.08457072 -0.17967024
-0.18009238 -0.08706300 0.07975690
-0.03071472 -0.07791410 0.14240608
-0.30403984 -0.08301619 0.11018896
0.07534898 -0.08895563 -0.14258555
0.17225680 -0.02375605 0.15694012
0.22839551 -0.09199114 -0.03787952
0.32033497 -0.02746218 0.15578386
-0.20418945 -0.02363092 -0.16190362
0.16649117 -0.08561928 -0.09738687
0.08152835 -0.08472433 0.12801939
0.20842279 -0.09078191 0.04465851
0.27757028 0.00642613 -0.13821621
0.22847924 -0.00373699 -0.14771655
0.27280679 -0.12081436 0.15175177
-0.14890549 0.10521850 0.03203458
-0.06726706 -0.01884042 -0.11551408
-0.06237994 0.00174741 0.18200125
0.20814730 -0.08836184 -0.15313311
-0.30047944 -0.01149545 0.14619276
0.27433932 0.03843486 -0.08586140
0.28883120 -0.10679610 0.18008977
-0.23466411 0.06422093 0.03796688
-0.02006406 -0.06601522 0.02507647
0.42257836 -0.09335400 0.02102913
-0.33760145 -0.08691899 -0.11761299
-0.12503085 -0.01401970 -0.18543588
-0.20445263 0.02253445 0.18807721
0.24867243 -0.06773076 -0.17045136
0.14671829 0.07662648 0.04121570
0.40800175 -0.05040652 -0.02616511
-0.22686557 -0.07845260 -0.09114574
0.20274182 -0.02681765 -0.12693556
0.28447184 -0.09483138 0.16768940
0.27696687 -0.10319730 0.15767246
0.19982749 -0.09437038 0.08262735
-0.28169009 0.00490964 -0.16801834
0.20111379 -0.03050313 0.16232787
0.00518333 0.09807159 -0.01559488
0.08513398 -0.09320756 0.16112681
0.18126622 -0.04483408 0.17186083
0.34883562 -0.01306495 -0.13042817
-0.22819114 -0.09052905 -0.12154192
-0.29583314 -0.08186768 0.12068998
-0.02666043 0.11340033 0.00185609
-0.21805990 0.08919234 0.12143447
-0.30625170 0.02044147 0.13617820
-0.07631104 0.08483872 -0.12783422
0.41979077 -0.06671989 -0.04991074
0.38961917 -0.00310543 -0.09731542
0.28784773 0.04177596 -0.00644686
0.23843333 -0.03256034 -0.15635800
0.18101329 -0.02406968 0.15418638
-0.27692175 -0.02962334 0.03114270
0.05536662 -0.09109952 -0.11799539
-0.31020129 -0.03158117 -0.11792195
-0.22572535 -0.01793836 0.18311828
-0.09069508 0.10907200 0.09867452
-0.32725358 -0.00204795 -0.17892590
-0.22022381 -0.08359840 -0.17752272
0.12810089 0.05340353 0.07904056
0.25923911 -0.07284366 -0.17707406
0.39054251 -0.00084624 -0.06914788
-0.20164517 -0.00217517 0.18977551
-0.35448480 -0.03112458 -0.17527793
0.34172893 0.00879764 0.12870158
0.09262252 -0.09146181 0.10497572
-0.03154495 0.12038377 0.04913238
0.29103377 0.03971734 0.00939700
0.28772098 -0.10056724 0.13343167
-0.41998118 -0.05968454 -0.01046095
0.06213965 -0.08535569 0.17558800
-0.02629799 0.11743349 -0.04971763
-0.14068870 0.02081534 -0.16087690
0.38483036 0.00132303 0.03603317
0.11587968 0.02030285 0.16235615
0.23956771 0.04796765 -0.10351844
0.11980612 0.07624441 0.08854746
-0.16371080 0.01837991 0.18355078
-0.24738812 0.00475130 -0.14253519
-0.13114704 -0.02889107 0.18008757
0.07311821 -0.05004843 -0.00541106
0.27814299 -0.05446691 -0.16747037
0.20491323 -0.06630310 0.12910333
0.05704299 0.08521017 -0.12309372
-0.27070069 -0.10568988 0.18830186
-0.14394651 0.10082235 0.10596997
-0.23477809 -0.00457648 -0.15210538
0.15165477 -0.09173593 0.05811635
0.22293538 -0.11640138 0.17455545
-0.29909235 -0.07298288 -0.18011269
-0.09522168 -0.05012980 -0.01716811
-0.09079807 0.11070090 -0.06643390
-0.08248730 0.03133703 -0.17782566
0.14878938 -0.09160923 0.18445028
0.18607201 -0.00578961 -0.18094848
0.34664083 -0.00456560 -0.14782397
-0.22772400 0.01162471 0.18619157
-0.37250480 -0.00960899 0.16202028
-0.19304754 -0.02538527 -0.13872102
-0.33945546 -0.07618279 -0.03799126
-0.28148097 0.04828349 -0.16908225
0.39808807 -0.09425878 -0.04708692
0.22509131 0.04508998 0.05272983
0.09341649 0.05521881 0.15877645
0.20112734 -0.05193534 -0.04053446
-0.23175544 0.04695192 -0.16158152
-0.03830586 -0.09040295 -0.01718345
0.26462266 -0.11504248 -0.17897961
-0.22055522 -0.09078826 0.16868900
0.39269114 0.00636361 -0.01205899
0.32562071 -0.10010150 0.17413983
-0.40416509 0.04060221 0.07935350
0.34620464 0.00625789 -0.14707455
0.21395637 0.00305674 0.16575645
0.33353284 -0.09357614 -0.02026974
0.37762132 -0.00801595 -0.12800807
0.28179127 -0.01992865 -0.12587658
0.27004102 -0.09240545 0.11153693
0.06985627 0.07235952 -0.12916192
-0.05959313 -0.01345842 0.14699502
-0.29576969 -0.00014454 0.13644363
0.09032396 0.10298178 -0.04773689
-0.21431576 -0.05686841 -0.18921229
0.22309038 -0.00251678 -0.12943001
0.06915779 0.07108430 -0.14359048
0.30906239 -0.02462678 -0.11876753
-0.26508707 0.01435627 -0.14811285
0.32765612 -0.07170963 0.17696993
0.29826027 -0.00951190 0.10360541
-0.17668834 -0.05773799 0.15540527
0.28421751 0.03907844 0.06269084
0.30622837 0.03383278 0.06914558
-0.25507593 -0.01560787 -0.13750415
0.24203680 0.04693313 -0.08187175
-0.31455541 -0.04026628 0.16219676
-0.37458852 0.00349076 0.15549888
0.39539152 -0.09348601 0.04828078
-0.03670605 -0.04868285 0.14228657
-0.30425590 -0.06981911 -0.16719960
-0.10435635 -0.05541826 0.18725413
0.02510690 -0.08808791 -0.17280523
0.24701393 0.04512757 0.12371613
-0.04949267 0.11181705 0.07103272
0.07039204 -0.08912013 0.10096689
-0.21781902 0.08503432 0.10167951
0.30838791 -0.09260785 0.03530979
-0.17358077 -0.09302489 0.14211778
0.35381484 0.02396443 0.10107481
-0.31006497 -0.07832294 -0.07236978
0.22161131 0.00853386 0.12677348
0.31294319 -0.09038970 0.04025014
-0.21569586 -0.07507743 -0.15118898
-0.18505456 -0.08425242 -0.18231921
0.19009130 0.00267979 0.17946976
0.24259420 -0.10510132 0.17876266
0.36631051 -0.00226217 0.10941494
0.14231034 -0.04190432 -0.18474750
-0.42154723 -0.05030802 -0.04267661
0.15056871 -0.09275941 -0.07482596
0.11199597 0.07873335 -0.11177352
-0.26708353 -0.06171552 0.17676583
0.27287936 -0.07288346 0.15489097
-0.27544191 -0.04238442 0.17645922
0.19801140 -0.00528815 0.14949858
-0.32004482 -0.09015184 0.16821794
-0.28776592 -0.02716317 -0.17940962
-0.18182606 -0.02963519 -0.13366202
0.24424143 0.04906604 0.04950870
0.26896465 0.03549902 0.11437196
-0.32905161 0.00855747 0.12743536
-0.20890102 -0.08312315 0.02410010
-0.20630188 0.04829057 0.02231067
-0.27070376 0.00470077 0.14168859
0.30176836 -0.05909706 -0.18306182
0.13645801 0.05135354 -0.15055728
0.05065295 -0.09102294 0.07747728
0.26493716 -0.03890999 0.13815549
0.28862268 -0.00943435 -0.17508541
0.21235289 -0.07764395 0.14328091
-0.31475952 -0.03202209 -0.12060763
-0.04518534 0.04839630 0.16531037
0.16770324 -0.04368915 -0.17863530
-0.05279543 0.02194859 0.10944965
-0.20918235 0.06137308 0.06697658
0.37536377 -0.09880085 0.09942643
-0.37762138 0.07581335 0.01809711
-0.18278447 -0.08531324 -0.06072603
-0.25606614 0.01784253 0.14364277
-0.23811224 -0.08840684 -0.11744568
-0.00470582 0.10400204 0.11838459
0.37766492 -0.09877438 0.07357511
-0.35218966 -0.04710151 -0.09973644
-0.32975397 -0.02379052 0.18607801
-0.21656190 -0.05248761 -0.17863543
-0.15490673 -0.04281461 -0.17448191
-0.21438269 -0.02705265 -0.12383635
-0.29621193 -0.02914100 0.15845479
0.34507132 -0.03641548 -0.17227590
-0.38052911 -0.06981827 -0.09640528
-0.27924678 -0.10923842 -0.16184050
-0.20678499 -0.04877570 -0.12841138
0.41806269 -0.04679564 -0.03494323
0.24109209 -0.03932624 0.15500240
-0.17741267 -0.03704811 0.18877770
-0.26006281 0.05862292 -0.14898117
0.30671147 -0.05767497 0.15521142
-0.21068048 -0.08380697 -0.00037390
0.22170402 0.01447903 -0.15686527
-0.37736812 0.07700705 -0.03132073
0.08329729 0.09559135 0.09244145
0.38213512 -0.03555230 0.12741217
0.19074528 -0.03943180 0.14450124
0.33102262 0.03185982 0.01917832
-0.38033798 0.07785656 -0.11066836
-0.35276747 -0.01299965 -0.15145791
0.26773486 -0.09299283 -0.02691144
-0.30635259 0.05218619 -0.16430430
-0.18861832 -0.07892901 -0.14739783
-0.00452365 -0.07278226 0.02210620
-0.41103441 0.09014760 -0.01395598
-0.39988342 0.03045714 0.12397705
-0.07104236 -0.06130777 -0.03014405
-0.32105359 0.04771270 -0.17403440
-0.19426167 -0.02212089 -0.03113958
0.29525807 -0.03517695 -0.18330607
0.20245647 0.03826486 0.15425016
0.24948260 0.04273127 -0.12763454
0.20411356 -0.09107399 -0.07816809
-0.20401432 -0.05273549 -0.17088480
0.30417699 0.03681776 0.03681097
0.29787233 -0.05506347 0.14409643
0.36398804 -0.05148885 -0.12964961
0.27482200 -0.01272548 -0.14962719
-0.31503063 -0.05624878 -0.14340083
-0.03444334 -0.08332229 -0.14804202
0.04102513 0.08993285 -0.08696029
-0.33264709 0.07020482 -0.00421567
0.19104055 0.00124018 -0.12164065
-0.33955321 -0.09026167 0.12967114
-0.13609162 -0.08665340 0.14560618
0.37351409 0.00914923 0.10039955
0.31840348 -0.02421811 -0.10660910
-0.10752535 -0.04093359 0.17008981
-0.15287675 0.06969370 -0.12477274
0.21068327 0.05908842 -0.00260318
-0.19741398 0.04961898 -0.10163728
0.18816583 0.01034435 -0.16983627
-0.03103855 0.03713942 0.16483583
0.00524637 -0.09193894 0.13970602
0.31700289 -0.00938352 0.12823197
0.07565201 0.03895967 0.14672945
-0.08063630 0.10775687 0.07531384
-0.17292081 -0.08699144 -0.01906472
-0.40260088 0.02795453 -0.13200140
0.30221182 -0.03597302 -0.15635484
0.39673671 -0.02270094 0.11671470
-0.06979055 0.02108530 -0.06014518
0.02695254 -0.08467280 -0.08849100
0.20972618 0.05848259 -0.08489285
-0.21518274 -0.06887850 0.16054124
-0.26231158 -0.08314856 0.16706020
-0.24862906 -0.04303228 -0.09816442
-0.41659302 -0.03970876 -0.04449560
0.22070080 0.00584696 0.13938005
-0.22426116 -0.10991916 -0.13469487
0.38563079 -0.06362303 0.13781244
0.19762315 -0.11745790 0.14954045
-0.23841822 -0.08760075 0.18268541
0.19375782 -0.01616852 0.13043606
-0.30376309 -0.02352652 0.13161753
-0.08584950 -0.09170441 0.12033284
-0.13890554 -0.09421518 0.10846075
-0.30313909 -0.02518973 -0.13998879
-0.23145801 -0.08896097 -0.05090821
0.09884323 0.09625852 -0.09192567
-0.09510008 -0.09014913 0.11714715
-0.31340078 -0.05375762 -0.15770096
0.29109311 -0.01455617 0.14997710
0.16894676 -0.08687760 0.10523326
-0.36312056 -0.07529064 0.08860543
0.03345197 -0.09289619 -0.08005414
-0.22452672 0.00036954 -0.15223143
-0.04656126 -0.08631144 0.01078837
0.30980706 -0.09158749 0.06228504
-0.38319892 -0.04493798 0.12124793
0.12900169 -0.07922495 -0.15267278
-0.30921111 -0.00519314 0.17518784
-0.10725962 -0.03315205 0.12614168
-0.22697803 0.07337923 -0.13762066
-0.27103645 0.07940226 0.11548644
-0.24599430 -0.05117701 0.16234598
-0.12655516 -0.08998819 -0.02672982
-0.39256233 0.08031700 0.12604490
0.21054028 -0.05155607 -0.12469076
0.26384723 -0.11447305 0.18519665
-0.37820250 0.06960317 0.08421575
-0.23926765 -0.01348289 0.10781895
0.40443712 -0.00399805 0.04865547
-0.09616963 0.00234641 0.18098070
0.39784276 -0.03714626 0.11957677
0.29950705 0.01295118 0.17768501
-0.39217347 0.07001707 -0.06179872
0.09944858 0.06940348 0.12751077
0.04932278 0.08576771 -0.13117103
-0.29934964 -0.11909946 -0.17891380
0.17290008 -0.05343448 0.13312954
0.36937669 0.00914985 -0.09039231
0.26480576 -0.11923209 0.13360479
-0.00686128 -0.06753317 -0.18291347
0.14328811 -0.04779983 0.13332219
0.23485856 -0.07037294 -0.17306495
0.25596732 -0.11559454 -0.18674383
0.21792924 -0.00372082 -0.15472296
-0.36263317 -0.07042256 -0.09777758
0.29106569 -0.09191324 -0.11612202
-0.06512434 0.11661038 0.00467684
-0.30657852 0.00580661 -0.16310288
-0.25426838 -0.03325300 0.12573209
0.18161325 0.06319530 -0.07906342
0.06946483 0.08926820 -0.11804953
0.28234005 -0.09341309 0.03737505
0.00634389 -0.08763516 -0.12894368
0.31967250 -0.07673248 -0.18065770
-0.38901550 0.09394240 -0.11100385
-0.38645250 0.07236330 -0.10111587
-0.09252635 0.02740311 -0.12980843
0.11458427 0.04829612 -0.00915784
0.00594330 -0.09081466 0.15375300
0.22439137 0.02593927 -0.17272615
0.27387097 -0.06960690 -0.16816880
0.26216605 0.04288117 -0.11512381
0.32891783 -0.01161076 -0.15152222
-0.42828158 -0.01436896 -0.01040341
0.38587719 -0.00159887 -0.10045444
-0.22616249 0.09746710 0.02240227
0.42714834 -0.04872636 -0.00300572
-0.13544479 0.10752977 -0.06074947
-0.28666425 -0.07037459 0.17788905
-0.30605963 -0.05801786 -0.08606680
-0.07596950 0.02648904 -0.17503129
-0.26676348 0.01584385 0.09567629
-0.31227502 -0.06661133 -0.12812163
-0.41062811 0.07688538 -0.07739802
-0.33996332 -0.01447722 -0.12541214
-0.40316504 0.01390527 0.07477985
-0.20073736 -0.06052226 -0.09273206
0.03707837 0.06213337 0.14706795
0.17665507 0.06537783 -0.08400816
-0.21167541 0.05486743 -0.14874573
0.35425922 -0.09847620 -0.07551745
0.11715102 -0.08549775 -0.16961320
0.38381973 0.01025049 -0.01026931
-0.35442841 -0.06169387 -0.11103345
0.35098377 -0.09593691 -0.17100000
-0.32160524 -0.07093369 -0.15333323
0.02243544 0.10017747 -0.11096923
0.11921689 -0.04379786 0.01781038
-0.33525839 0.01518053 0.12146814
-0.23950386 0.06100258 -0.12210789
0.27756828 -0.06182859 -0.15900235
0.17458525 -0.09016545 -0.05065203
0.31517565 -0.09037830 0.16053477
-0.40558466 -0.01220574 -0.09642984
0.13146472 -0.08933501 0.11093061
-0.29442114 -0.02364648 -0.18343903
-0.24160795 0.00026808 0.14603998
0.29665613 -0.01819715 -0.16721338
-0.31601396 0.01358081 -0.14444473
-0.00364215 -0.08967765 -0.11729047
-0.22902918 -0.04993161 -0.17893666
0.37519342 -0.03018166 0.15013164
0.23139508 0.04207890 -0.16425009
-0.31553465 -0.09703323 0.08985090
0.17932941 -0.09121907 0.16857588
-0.38237670 -0.04972116 -0.04916475
-0.02110141 0.02212306 -0.14590915
0.37873563 -0.09140513 0.03445970
0.34269497 -0.08942803 0.07631326
0.34165516 -0.09228174 -0.13776869
0.39431337 -0.09035965 -0.09699927
0.30106190 -0.10105207 -0.12879767
0.25376195 0.04687591 -0.06816199
-0.05209400 0.09281346 -0.01963987
0.29644054 -0.08945090 -0.00073658
0.42983413 -0.09425770 0.02954201
-0.25605085 -0.05358218 -0.13368398
0.22137946 -0.03621835 0.14254799
-0.01499880 -0.09347735 0.15492161
-0.00397855 -0.04694195 -0.13077407
0.04131098 0.08646483 -0.09555219
-0.10215826 -0.08589635 -0.04681281
0.27608600 -0.00936869 -0.17000023
-0.16198802 0.09629460 -0.06943526
0.15881479 -0.09162158 0.15376066
0.41337708 -0.07438207 0.07021241
-0.24518901 -0.11220727 -0.18617716
0.41947946 -0.06429343 -0.00487017
0.40695995 -0.09406713 -0.08842622
-0.04053131 0.11150237 0.02028888
0.12750724 -0.08432796 0.17726256
0.08550093 -0.08817126 0.05905369
0.30120197 -0.06060383 -0.16826674
0.16134904 -0.06796169 0.18029469
-0.27789548 0.07375951 -0.09427262
0.16323066 0.03733133 -0.16663308
0.05494193 -0.04928544 0.16707352
0.35888395 -0.09943166 -0.08663530
-0.05127826 0.11365081 -0.03089790
-0.34345609 -0.07294366 -0.14260490
0.18367714 -0.07558563 0.14117976
0.18112104 -0.08648297 0.09399347
-0.17189351 -0.03633908 -0.12557624
-0.35458514 -0.05852592 -0.12451860
-0.25077716 0.01277675 -0.18201986
0.23170413 0.01031357 -0.14068194
-0.41827556 -0.05608652 -0.05963521
0.22231738 0.05064712 0.03625276
-0.36218622 -0.08533050 -0.14976494
-0.29325038 -0.09847941 0.14645419
0.13136823 0.07612165 -0.11124107
0.06040637 -0.03051153 -0.17910126
-0.07067977 -0.08963876 0.09642246
0.04158026 -0.01023813 0.15045081
0.34798881 0.00847182 -0.14821312
0.39156416 -0.03876026 0.08447632
-0.16418937 -0.01883062 0.04669903
-0.38554662 -0.04505964 0.17371418
-0.25609249 0.07917200 -0.10437369
0.38422567 -0.00521222 0.10180910
0.35643920 0.01798373 -0.07590289
-0.23898011 0.00391522 0.19167572
0.19115157 -0.05326256 -0.11051460
-0.08955592 0.10360593 -0.10196336
0.05025046 0.10718095 -0.05727926
0.35619563 0.00040597 0.14637595
-0.25191081 -0.08668269 -0.09035225
0.36973795 0.01231168 -0.04946864
0.08409975 0.05711759 0.15514180
0.22873695 -0.11263283 0.16927004
