-0.33644235 -0.08148886 -0.00890817
-0.33673656 0.05882550 -0.09585509
-0.16322877 0.03151787 0.12553012
-0.37559733 -0.05902660 0.07865921
0.42358604 -0.08590750 -0.12572065
0.18595161 0.00147919 -0.13943861
0.16314784 -0.08301053 0.07670669
-0.29924697 -0.08691765 -0.02372811
0.26288921 -0.08476785 -0.07582740
-0.03985653 0.12758082 -0.06633724
0.15180036 0.04077547 0.07825527
0.44353554 -0.08796305 -0.10636064
0.16266736 0.03750665 0.08911461
-0.10442568 0.03362878 -0.13561943
-0.23326237 0.08555038 0.10887814
-0.39938703 0.04715704 -0.10552344
0.45171756 -0.03042734 0.04446970
0.20676085 -0.04185633 -0.11418466
0.01476121 -0.08915936 -0.02851195
0.41008297 -0.08691648 0.01357301
0.15421094 -0.08529904 -0.06082390
0.43948945 -0.00623279 -0.00361232
0.42995030 -0.01910723 0.05407692
0.25305349 0.03413723 -0.03223172
0.19782400 -0.08843282 0.05816826
-0.44206396 -0.02249197 0.13124037
0.07988465 -0.07204353 -0.03501043
-0.19911566 -0.03168657 -0.10370650
0.12937735 -0.08626264 -0.06219906
-0.29412770 -0.07231766 -0.02034975
0.32409698 -0.02963415 0.11851290
0.23083606 -0.07752591 -0.13034892
0.12639439 -0.09047347 0.01840961
-0.13401668 -0.02049534 -0.09635839
-0.23280287 -0.03372872 0.05941188
-0.17406893 -0.01605667 0.13944957
-0.02014440 0.06952621 0.12089588
-0.37431109 -0.04986567 -0.14186046
0.35186568 -0.04738820 0.09192942
0.02173552 0.12295946 0.09238695
-0.45265624 -0.05000067 -0.06329394
0.00807341 -0.00111701 0.11406547
0.09848572 -0.03310349 0.03171229
0.33372253 0.02154204 -0.11875705
0.09317897 -0.09183511 0.12814058
0.26447248 -0.04751007 -0.08296989
0.33753619 -0.04541139 0.06112946
0.25529516 0.03911952 0.12408711
0.15950173 -0.08571414 -0.01088356
0.01980703 0.03426742 -0.13351877
-0.24784762 -0.07413166 0.00864189
-0.33042258 0.05611343 -0.12892540
0.22458157 -0.08701167 0.08518659
-0.24878177 -0.08475174 0.07700655
-0.11804555 -0.08648543 -0.04790736
-0.25658962 -0.03901017 0.13746659
0.01785545 -0.08837981 -0.04337447
0.04159278 -0.08367216 -0.07597152
-0.26234767 -0.02874649 0.11973532
-0.11426814 0.00658030 0.13077907
0.00248094 -0.03492324 0.14074053
0.13526328 -0.05294168 -0.00166805
0.19472121 0.05460677 0.04648089
-0.29339856 -0.09117988 -0.09554292
-0.34425947 -0.00661163 -0.09394221
0.29202190 -0.09222937 0.00537309
0.07883126 -0.07733747 0.10564678
-0.22183441 -0.02723359 0.04570992
0.23439550 0.03042020 -0.00545675
0.44313335 -0.06515187 0.01993009
0.13490903 -0.08379307 0.13183552
-0.30112693 0.06733526 0.08292962
0.05180594 -0.06740721 -0.10765971
0.10247990 -0.08518639 -0.09152515
0.01748372 0.12519866 0.00938768
-0.09026113 0.05232830 0.12406431
0.04582794 0.02225084 0.11052336
-0.13713060 0.12525637 0.05000595
0.22322392 -0.08853409 -0.06197505
-0.13210312 -0.09261202 0.09422511
0.09262601 0.03644848 -0.12484907
0.26218060 -0.06966653 -0.11636630
0.37888002 -0.08224325 0.05869652
0.32603845 -0.09886743 0.09139436
-0.24557634 -0.08404041 0.01045358
0.14870629 0.02702556 -0.08317432
-0.23588215 0.09006426 -0.11642101
-0.12102520 -0.01956420 0.05106357
0.24342519 0.03480708 0.02251511
-0.11925096 0.08700192 -0.11679983
0.08337426 -0.08454681 0.04308993
-0.29589078 -0.10625404 -0.13149956
-0.14662729 -0.04497459 0.09860139
0.32446185 -0.09200888 -0.00228756
-0.29451373 -0.03488174 0.09025173
0.16639440 0.04148280 0.06099248
-0.26292619 0.09893040 0.03956056
-0.37882221 -0.06761701 -0.12939914
-0.26712251 0.01206957 -0.10303245
0.20677288 -0.06213315 -0.06662832
0.20093893 -0.03468892 -0.13582319
0.09864269 0.09609291 0.08171143
-0.33037058 -0.05285813 0.09693165
-0.38668644 -0.06824493 -0.09614857
0.10454683 0.11062598 0.04318222
0.42313567 0.00756353 0.10150141
-0.16925837 -0.02127665 -0.02859987
-0.33550978 0.01187819 0.13457239
-0.07522374 -0.03367562 -0.12124204
-0.17613399 -0.07827658 -0.11269470
0.19531502 0.03788843 0.12950756
0.26058131 -0.10137662 -0.12197887
-0.29425937 -0.04979622 -0.11327132
0.41821441 -0.08442169 -0.10281972
-0.06728406 -0.04545717 -0.11744630
0.02222239 -0.02873227 0.14342214
0.25686079 -0.07147548 -0.12602097
-0.29389688 0.08637941 -0.06797231
0.20712885 -0.08036483 0.03766397
0.23393570 0.03695996 -0.06802607
-0.35575324 -0.05034082 -0.11424453
-0.28930184 -0.07276331 0.10072003
0.27995211 -0.02946833 -0.10159124
0.28642833 -0.12625064 -0.12333652
0.14566319 -0.04946857 0.13642876
0.17188080 0.04102782 -0.11876696
-0.02339137 -0.07441742 -0.03297725
-0.18856418 -0.08867101 0.08603261
-0.23670672 -0.08258418 0.04871317
-0.22699931 -0.08245350 0.13289006
-0.29831219 -0.04670461 0.10356316
-0.28357637 -0.05442455 -0.13091348
-0.42876327 -0.06521631 -0.09269004
0.19939788 -0.08575652 0.11937335
-0.22201720 -0.03440370 0.12984082
-0.07925791 0.06721062 -0.12495694
0.01811234 -0.07223111 0.13096659
-0.04679452 0.13002232 0.00029409
-0.05290611 0.10834161 -0.10497249
0.22644661 0.03558056 0.10928667
0.01576313 0.03927035 -0.13015294
-0.33306697 0.04899420 -0.02935352
-0.15885606 0.08598568 -0.11776923
0.11533279 -0.07576156 -0.00905416
0.33994824 -0.02366420 0.07672908
-0.00158438 -0.08445881 -0.12500882
0.23536463 -0.11306691 -0.13225263
-0.44108868 0.01798258 0.06776544
-0.44755903 -0.00172673 -0.09284636
-0.00348331 0.05590087 -0.06933717
0.34951752 -0.07899269 0.08078669
0.32972267 -0.07063079 -0.08095909
0.01320159 -0.08755890 -0.08957990
-0.40787426 0.06344637 -0.00447918
-0.19973922 0.01877156 -0.10252443
0.35812646 -0.08108708 -0.08384740
-0.15637439 0.02927770 -0.13309716
-0.29853988 -0.03265388 0.04987879
-0.44452599 -0.06298578 0.12331006
0.44505715 -0.07744963 -0.07567055
0.03261108 0.01621675 0.09681384
-0.16706190 -0.03557482 -0.10114022
-0.15575835 -0.03954946 0.10560042
-0.00379636 -0.03507318 -0.11410996
0.23778285 -0.08126006 0.11491595
0.15222642 0.04568541 0.08807038
0.26651013 -0.02898536 0.11447295
-0.05316936 -0.08259056 0.04625735
0.30667704 -0.06212891 -0.07377090
-0.26196045 0.07538591 -0.06863344
-0.14841326 -0.08032443 0.05206987
0.23311788 -0.07909402 0.07254784
-0.32812268 -0.08082636 0.07341477
0.17921390 0.05124513 0.01580073
0.34470707 -0.02234544 0.13550171
0.16337104 -0.06038265 -0.13394335
0.36992583 -0.08230421 0.13515970
-0.09766644 -0.06054863 -0.08664103
0.15623707 -0.08954907 0.10084459
0.31178218 -0.04932242 0.08929486
0.42884660 -0.02634703 0.08641548
-0.19059177 -0.07071886 -0.10589711
0.39365050 -0.08222272 -0.08759023
-0.17642476 -0.05536604 -0.13468610
0.11417789 -0.07888565 -0.10618167
0.34315324 -0.04083827 0.11904094
-0.29534924 0.04885892 0.12655301
-0.27619773 0.04715395 0.12946221
0.02462466 -0.04312792 -0.02584736
0.42256194 -0.00845808 -0.02899822
-0.28318822 -0.02959144 0.14137504
-0.21930279 0.02045286 0.06026505
0.25009835 -0.05035782 -0.12871052
-0.35591388 0.07124628 -0.09934770
-0.26741859 0.01538996 -0.09615625
0.11510298 -0.09210341 -0.11990457
0.42189458 -0.01814003 0.12391102
0.39337882 0.01689772 0.06927101
-0.35510883 -0.07498185 -0.03766723
0.22067131 -0.10242643 0.09259858
-0.44917735 -0.04479639 -0.02970013
0.31743774 -0.06939083 0.13122390
0.42952660 0.00615587 -0.08522280
0.30150032 -0.04049987 -0.09416667
-0.38036975 0.06809279 0.04843007
-0.23577775 0.00368025 -0.05157284
-0.20573987 0.11616603 0.07766467
-0.27314010 -0.07452602 0.04440636
0.32734427 -0.06667729 -0.13187599
-0.22523743 -0.08131618 0.01362266
-0.21039891 -0.00078896 -0.11382671
-0.32392940 -0.03647320 0.13561547
0.19303890 -0.09120134 0.10048778
0.15206200 0.02759069 -0.13370782
0.08473800 0.09638192 0.08900390
0.08541286 0.10769501 0.06675773
0.26901495 -0.08616557 0.00340628
0.01878226 0.12334767 0.02989337
0.18985362 -0.03053113 -0.13030107
-0.20832357 -0.09448594 -0.13154477
-0.10495738 -0.02568200 0.11051197
-0.13154668 0.03555336 0.11616889
-0.01568635 0.13096620 -0.05451107
0.19979483 0.02300918 0.13472076
-0.40601134 0.02328324 0.13678221
0.30309024 -0.02255126 -0.11191053
0.13138236 0.01914298 0.01335635
-0.34282941 -0.07994781 -0.06717379
-0.03817829 -0.08260193 0.12711127
-0.14627224 0.08414267 -0.11773704
0.34832427 0.02824921 0.09658509
0.05477696 0.09028721 -0.11277960
0.27956071 -0.08773781 0.02115443
0.38104957 -0.07972926 -0.08199571
-0.15899545 -0.03381430 0.07254412
0.03269313 0.12717147 0.05735707
0.23858246 0.03626012 -0.01086029
-0.29045552 -0.02377927 0.10261197
0.32452115 0.03371656 0.12372171
-0.02202603 0.02563303 0.12407458
-0.20218766 -0.03495472 -0.09737912
-0.00898757 0.12968566 -0.04779838
-0.44459513 0.03897643 0.12400711
-0.00077530 0.05037676 0.09909414
-0.44556615 -0.03631447 -0.08162031
-0.01919563 0.12844908 0.01899111
0.44533131 -0.08603610 0.06589760
0.08975221 -0.07841836 0.00943717
-0.06323580 -0.07983269 -0.01055963
-0.33575165 -0.08424684 0.03318035
-0.45269677 -0.03794223 0.04070070
0.42238659 -0.02662464 0.06942572
0.35756582 0.02006438 -0.08073844
0.15894878 -0.08435925 -0.00974229
-0.34329361 -0.07103440 0.12572090
0.12123834 -0.02512456 0.11433520
0.11652370 0.09559100 0.08965045
0.13923346 -0.08116521 0.07810401
-0.16932620 -0.07749490 -0.12897353
-0.36124745 -0.06918115 0.02351897
-0.18122876 -0.07417611 -0.12904032
-0.32920128 -0.07935251 -0.07010709
-0.26830456 0.07098348 -0.11346544
0.00263395 0.05414507 -0.05365723
-0.33085054 -0.02947971 0.13055353
0.46512085 -0.05983017 -0.07085805
-0.24648964 -0.10756918 0.10446135
0.40066707 0.01718605 0.06596326
-0.26101053 -0.04858661 0.09812793
0.11268842 0.00922359 0.09483440
-0.23102184 -0.06743322 -0.13245432
-0.34794092 -0.08229305 -0.12711345
0.43750253 -0.00764053 -0.02902101
0.17007722 0.03785719 -0.12894686
0.09136683 0.07428514 -0.11520644
-0.10183590 0.05717197 -0.12674674
0.35811934 -0.09003053 -0.11068977
-0.20705841 0.10340719 0.06599620
-0.29077128 -0.08802807 -0.12590058
-0.26690042 -0.07851139 -0.12856260
-0.29590493 -0.03871833 -0.11334854
0.41105545 -0.03763529 0.04017529
0.20617004 -0.08349179 -0.05733642
0.01661847 0.12732601 0.03194660
0.45854595 -0.06199734 -0.04329780
-0.12005406 0.12391930 -0.07224405
-0.22356240 -0.11590687 -0.11952191
-0.11934394 0.11857239 -0.10116694
0.02989072 0.12324212 0.05849130
0.19105422 0.04158163 -0.12683932
-0.14913364 0.12286267 0.08228587
0.09651402 -0.04209911 0.06005757
0.26842615 -0.07514763 0.09016620
0.12184113 -0.03820194 0.13918336
0.04898477 0.11478335 -0.01038456
-0.26225886 0.05755536 0.02668496
0.08049646 0.10935084 -0.00586072
-0.14921530 -0.01254018 0.08992471
-0.14436041 -0.01065314 -0.10572849
0.19245496 0.01052919 0.12700728
-0.30696785 -0.09043669 -0.05266671
-0.02011845 -0.08473951 0.02541215
0.44858325 -0.08578931 0.10757868
-0.36875749 0.02394550 0.13329691
0.34173304 -0.02142396 0.10221362
-0.31330237 -0.06450235 0.02793502
0.22908923 -0.01444747 0.06234845
-0.43893450 0.05917918 -0.10796829
0.41427886 -0.08452589 -0.07871898
-0.03333834 0.06926412 -0.09127826
0.13726598 -0.01167824 0.13893403
0.03614336 -0.08629718 0.05318267
0.31895295 -0.01998368 -0.07958390
-0.21773177 -0.02041979 0.13040102
0.30745348 -0.00919634 0.12161962
0.23908737 0.01191115 0.13531636
-0.24126971 -0.12071986 0.11378866
-0.45096955 -0.04189208 0.00128965
-0.11027715 0.12590973 -0.03056187
0.26336783 -0.03173944 -0.13641082
-0.11824913 0.13266630 0.05945073
0.09831950 -0.02964495 -0.13541666
0.21093136 -0.00884355 0.06081019
-0.25205860 0.10706491 -0.00014341
0.00860687 -0.06176855 -0.02381835
-0.23496208 -0.01414568 0.13506883
0.03395679 0.12111064 -0.00001244
-0.15646200 -0.07765808 -0.12778845
0.25365800 -0.05018660 0.12886719
0.07182626 -0.03638795 -0.06337174
-0.29792309 -0.07190373 0.07376825
0.44189051 -0.04717876 -0.09703115
-0.43380156 -0.00019334 -0.13590357
0.06476178 0.04605484 -0.11342838
0.09926935 0.03202608 -0.13105077
-0.30934709 -0.09311900 -0.13564184
0.33508736 -0.10249627 0.09926033
0.40240818 -0.07821581 -0.09858454
0.33790162 -0.06416316 0.12785631
-0.17426550 -0.06516351 0.12197883
-0.23653576 0.01782359 0.06580606
-0.23367471 -0.01843377 0.12034587
-0.37249690 -0.07530006 0.10251448
0.24652246 -0.08904769 0.08240705
0.11310477 -0.01151180 0.11777063
-0.21268979 -0.06155538 -0.07699864
-0.24829859 -0.03166393 -0.12495276
0.18390901 -0.02523429 -0.08098732
-0.34310520 0.04797515 0.13491820
0.27602178 -0.09131821 0.10836534
-0.44337615 -0.02078510 -0.10946920
-0.34203231 -0.03931244 0.13960676
0.14117405 0.01232018 0.13759737
0.26965848 -0.07675919 0.03762120
-0.21175098 0.00839936 -0.08003826
-0.23663011 -0.07094572 -0.05993401
0.06812891 -0.07876939 0.12674114
-0.38883922 -0.07360525 0.06870212
0.10829353 -0.05363505 -0.06527613
0.30217940 -0.07932460 0.12164146
0.00907579 0.04210561 -0.02472307
-0.23727970 0.08239080 0.04493495
0.13840172 -0.06289680 -0.13388772
-0.42847541 0.00125600 0.12656622
-0.22194728 -0.09960500 -0.13157019
-0.28094217 -0.08672332 0.12819438
0.11730935 -0.05090627 -0.12993424
0.19387229 -0.08809487 0.00356599
0.34752467 -0.07927851 -0.05246625
-0.25181398 -0.05482160 0.07361291
0.23002714 0.03768206 -0.00335928
0.16135590 -0.04006010 0.13370995
0.01111089 0.12306044 -0.00053328
-0.16448547 -0.07004025 0.00065663
0.36429194 -0.05910679 0.11295837
0.34558687 0.01353791 0.13721667
0.11786227 0.10654634 -0.05859923
0.39020920 0.00102470 -0.13432075
-0.19504793 -0.08347908 -0.12607846
-0.43524519 0.02585619 -0.03517944
-0.36839375 -0.03250014 0.13827206
0.27892768 -0.01468918 -0.11950259
-0.33495647 0.07106223 -0.09656668
-0.19465917 -0.05092375 -0.10315803
0.18515597 -0.09055822 0.11976471
0.08195009 -0.08108905 -0.07799104
-0.07268222 0.12309690 -0.08569067
-0.45073918 -0.05142352 -0.01239867
-0.06696987 0.12565663 -0.03498895
0.36931714 -0.05686423 -0.13323548
0.01692197 0.12376509 -0.01734116
-0.38838986 0.07946716 0.10104962
0.03842584 -0.03010936 -0.07438512
0.44093388 -0.00873475 0.03551571
0.35625768 -0.05715888 0.11438899
-0.01404178 0.12929580 0.00357690
0.32536212 0.03045670 -0.00862490
-0.06719749 0.04323433 0.12771979
0.25721085 -0.06709879 -0.12005898
-0.44796360 -0.02388222 -0.00636600
0.29608613 -0.01223214 0.13101076
0.26626608 -0.05276918 0.13105701
0.14206834 0.02785718 -0.00399872
-0.18114462 0.10550418 -0.10891403
-0.13431728 0.04448698 0.13601802
-0.35279712 0.08029620 -0.06779241
0.23414290 -0.00433667 0.12502022
-0.19865124 -0.07152489 0.10730112
-0.24053662 0.10422085 0.02884144
0.35110193 0.02592349 -0.05820210
-0.31238666 0.08324247 0.06024861
-0.22347638 0.10872465 0.09102687
-0.22050455 0.06348419 0.01583137
0.32654616 -0.00023475 -0.13545416
-0.12678701 0.04778602 -0.07637270
-0.21868700 0.12224630 -0.05375132
-0.23528564 0.02077792 -0.09693715
-0.34842262 -0.07905322 0.07080295
-0.44498712 -0.02574140 0.07488364
0.00117613 0.04008929 -0.00389143
0.13406906 -0.08643036 0.07606892
0.19543648 -0.08352575 0.03618883
-0.37438577 -0.07117788 -0.02205131
-0.33115083 -0.07140383 -0.00359197
0.34551942 -0.01643781 -0.06938951
0.33490127 -0.03328747 0.02011391
-0.31502587 0.08795278 0.04205310
0.02456197 -0.07454953 0.05470939
0.21526904 -0.08199626 0.02142490
0.36916617 -0.00626714 0.12952824
0.27782249 -0.07121813 -0.13343480
-0.17897339 0.03992036 -0.08515792
0.39778554 -0.00420255 -0.08862695
0.17606060 0.04349555 0.00039856
-0.03844737 -0.07677411 0.12480406
0.15173981 -0.05972005 0.13189572
-0.00636048 -0.08240233 -0.04099862
0.27059940 -0.02188643 0.12321565
-0.08734134 -0.01124498 -0.13774113
-0.02487791 -0.09202695 0.12613553
0.26247439 0.03203529 -0.00889975
0.17077261 -0.08093635 -0.05771779
-0.18799198 -0.05866103 0.13180606
-0.28910971 -0.00289959 -0.09582166
-0.05111636 0.02021847 0.09945656
0.37313265 -0.08813941 -0.13212049
0.25761464 -0.02421732 0.12634946
0.12296803 -0.07173589 -0.01302233
-0.43853435 -0.00076599 0.04976553
0.19320257 -0.01700690 -0.12313451
-0.25237650 -0.08162989 -0.05745266
-0.02715201 -0.06988508 -0.10203880
-0.21056408 -0.02380679 -0.13546024
0.05014198 0.05879643 -0.12753767
0.03764175 -0.08630791 -0.11389942
0.43097568 -0.03872462 0.02813122
0.04598311 -0.07962479 -0.01398965
-0.07733586 -0.07478616 -0.11406478
0.27926424 -0.01730161 -0.06443706
-0.20869268 0.10457989 -0.11380890
-0.32085067 -0.07304231 -0.08375429
0.26500645 -0.05909012 0.11139351
-0.21729024 -0.02784451 0.13997830
0.16012493 0.05741296 0.08925109
-0.35546935 -0.07903735 0.07998113
-0.28009745 -0.03518514 0.02030501
-0.00700729 -0.07387160 -0.04697043
-0.22645141 -0.02330509 -0.11004785
-0.35068819 0.06410972 0.01535608
-0.28877202 -0.01998104 0.13463289
0.17940657 -0.07629898 -0.07159846
-0.17149231 0.11157678 -0.10918547
-0.42861813 0.03594038 -0.11007877
0.42831665 -0.03275407 -0.13320510
-0.23056956 0.11277413 -0.04947143
-0.02648221 -0.00669809 0.13543032
-0.44184971 0.02211211 -0.00973311
-0.14201567 0.02270188 0.13633786
-0.23558843 -0.06622125 -0.09887844
-0.28820151 -0.07577790 -0.01052700
0.02501553 0.12368388 -0.06357507
-0.04121023 -0.05746289 0.12270653
-0.17289096 -0.01447098 0.11382367
0.32126349 -0.06960652 -0.09950149
-0.22031406 0.09761578 0.11100939
0.45090854 -0.05928661 -0.08093301
0.14009695 -0.08359902 0.08226775
-0.25237662 0.06677328 -0.12235799
-0.35622469 -0.06313122 0.12156598
-0.27215832 0.00094514 -0.10696494
-0.14954694 -0.07916786 0.08169869
0.04975784 -0.07718927 -0.03365967
-0.37368873 -0.07613517 0.08083680
0.19657835 0.02432695 -0.00504626
0.09341893 -0.08638056 -0.06940458
0.18392891 0.04456417 -0.02692084
-0.05076273 -0.02618832 -0.09272062
-0.14607356 0.13240829 -0.06868198
-0.41694179 -0.01149799 0.13053322
-0.30599591 -0.03767337 0.08062644
0.42786750 -0.01138067 0.09303888
0.35780859 -0.09566105 -0.11939926
0.24544248 -0.08024213 0.02312150
-0.13223360 0.03298455 -0.13132156
-0.18314552 -0.08478017 -0.10332153
0.06739503 -0.08119334 -0.06484420
0.36891612 -0.09240967 -0.06940430
-0.35149369 -0.07614487 -0.10155789
-0.32447219 -0.07045424 0.08040200
0.31233567 -0.09749868 0.13117591
0.35662061 -0.10225393 -0.11056805
0.15764336 -0.00393020 0.08722387
0.35784313 -0.00944699 -0.14018972
0.12100357 -0.04749983 0.13328920
0.11025082 0.04382409 -0.12504616
0.41365734 -0.03517846 0.01615186
-0.23140192 -0.10384887 -0.13774744
-0.16005556 -0.07884338 0.02200520
0.21471900 -0.07850447 -0.08076622
0.14101006 0.08491323 0.02297385
0.41916949 -0.05163409 0.12513795
0.22068243 -0.01821777 -0.03530988
0.07195698 -0.06852137 0.04548873
0.00424050 -0.03353676 -0.03624314
-0.27295116 -0.03809611 0.09472365
-0.03305129 -0.08177201 0.02437218
-0.42118287 0.06293778 -0.11111162
-0.44596705 -0.04487143 0.13522932
0.33758661 -0.07021055 -0.12289150
-0.18034306 -0.02185523 0.09398059
-0.20489416 -0.07550327 -0.09873978
-0.03575438 -0.08645797 -0.11794631
0.27510661 -0.00756198 -0.10328741
0.31908864 0.01365942 0.00429434
0.03470323 -0.08765801 -0.02640464
-0.28608504 -0.07278156 -0.11357829
0.22277565 -0.08086263 0.01950336
0.14937481 0.00155974 -0.11600428
-0.44949088 -0.03402549 -0.09992130
-0.13848376 0.12382582 -0.06553087
0.28799909 -0.04804980 0.08968918
-0.22028619 0.02355343 -0.13463464
0.26465261 0.03231522 0.05515077
-0.03164000 -0.05079678 -0.12426820
-0.42192608 -0.05996532 0.04401148
-0.30553851 0.02452224 0.09063780
-0.18688349 -0.08173689 0.01700177
-0.27421057 -0.08226381 -0.13495843
-0.24897990 -0.05936690 0.12147543
0.30144793 0.03716647 -0.01048077
0.28506267 -0.01460947 0.11764272
-0.07720481 0.00161163 -0.08817080
-0.32376015 0.04282469 0.11362062
-0.04434234 -0.08925501 0.12619638
-0.45135257 -0.04030465 0.02668422
-0.28726172 -0.11110777 0.13010477
0.22004195 -0.09534705 0.08844366
0.01890794 0.12087079 -0.00977629
-0.10045736 -0.04179967 -0.02388722
-0.43684989 -0.07300828 -0.11714734
-0.23411833 -0.01609214 -0.12408589
-0.11498803 0.09911650 0.11244982
-0.41974407 -0.06867417 0.05960053
-0.10527734 0.08506169 0.11475818
0.33687738 0.01895221 -0.08951569
0.31496060 -0.06911299 0.13279282
0.18669254 -0.03789447 0.07483555
-0.27610019 -0.07868110 -0.02053691
-0.44418293 -0.04511732 -0.12848736
0.07977308 -0.03830179 -0.01471539
0.06551261 0.06574152 0.11263219
-0.24152374 -0.00111956 -0.10073125
0.26978892 -0.01019565 0.12716168
-0.39582393 -0.07378507 0.05702103
0.29165524 -0.01655818 0.09838799
-0.08107153 0.13077895 0.00367277
0.22773001 -0.04741925 0.04793903
-0.18213987 -0.01465439 0.11674590
-0.18575197 0.05360521 -0.11563293
-0.01413761 0.02198916 0.11334717
0.15252787 0.05512954 0.11641583
-0.27677664 -0.07053442 -0.10861394
-0.16370508 0.12839474 0.07071306
-0.38775283 0.05587132 -0.07618941
-0.36678582 -0.06082961 0.01013012
-0.22338304 0.11596377 0.05160092
-0.18580039 -0.08523802 0.09000673
-0.22024585 0.00459096 -0.11413994
-0.43391302 0.02842779 -0.11155281
-0.04887951 0.01014807 -0.13909414
0.34553871 -0.01739335 -0.02221645
-0.44187105 0.04079843 0.11192227
0.31169492 0.03092623 -0.12013642
0.32701421 -0.10279233 -0.10469129
-0.38822329 -0.07537897 0.12347618
-0.23373538 -0.07875074 0.08830743
0.23834758 0.03812783 -0.08034102
0.18749508 -0.07927295 -0.08842926
0.01840143 0.12471454 0.05443100
0.23001704 -0.09224651 0.11741176
-0.08894560 0.12152168 -0.10190275
0.26276916 -0.02390065 0.11127814
0.38151917 -0.07649799 -0.13540713
-0.44925585 -0.03590493 -0.02748879
0.05351887 0.11555932 -0.02810649
-0.04833787 -0.08826684 0.05155555
0.17814323 -0.02709323 -0.12351944
-0.27948970 -0.03279422 -0.13273562
0.39667392 -0.05059651 0.12232818
0.29531911 0.00287792 -0.13269612
0.28414685 0.02541814 0.03787620
0.23261529 -0.04714007 0.07940398
-0.41397327 -0.07048617 0.00904525
-0.42077339 0.05548841 0.09237930
0.18069981 -0.08647767 -0.00077818
0.19862719 0.04288005 0.00754360
-0.21067931 -0.10968100 0.13115846
0.38375828 0.01557026 0.12165999
0.25366575 -0.08327252 0.02587561
-0.12323080 -0.08409024 0.11395581
0.33482954 -0.06760864 -0.09087343
-0.44791535 -0.04005250 -0.02853331
-0.23377903 -0.10308487 -0.09907844
0.45371354 -0.04975840 -0.07780919
-0.20301645 -0.02565198 -0.11494603
-0.17922616 -0.08561396 -0.09146358
-0.18081038 0.02343992 -0.10223582
-0.44620764 -0.05935735 -0.11651851
0.34580985 -0.05061907 0.14282499
0.29745620 -0.08469918 0.12829842
0.36215499 0.01785208 -0.00173520
0.08482043 -0.04298320 0.06742710
-0.19300503 0.12576696 -0.05918636
0.25748640 -0.00724982 -0.13745466
0.24226271 -0.07723579 -0.12293238
0.03781526 0.02633187 0.08772034
-0.21418765 -0.02349694 -0.09284899
0.15860161 0.02440702 -0.10471004
-0.30854303 -0.02725590 -0.13601322
0.24772325 -0.08171795 0.08014382
-0.04976320 0.12219934 -0.08314340
0.22733724 0.00641915 -0.13605182
0.27079219 -0.08069224 0.11553341
0.08063801 0.02354537 -0.14315517
-0.45170063 -0.02905319 0.05229336
-0.43288454 0.04237235 0.03157745
-0.21111248 0.00302571 0.11937261
-0.38176450 0.02002185 0.13378453
-0.28070512 0.09610847 -0.01522822
-0.19599381 -0.04058105 0.13590091
-0.09456523 -0.07958592 0.05332853
-0.03257364 0.10777369 0.06009426
0.21396148 0.04377747 -0.05460765
-0.09118351 -0.07442522 -0.00182836
-0.34792444 0.02562992 -0.13350745
0.20509326 -0.08524394 -0.11920056
-0.01541627 -0.04709287 -0.12848370
-0.17521293 0.12657446 0.00147453
-0.12564515 0.05225154 -0.12336418
-0.02475433 -0.07641548 0.10752867
0.38490030 -0.07376829 0.11482590
0.01901861 0.11966300 -0.06101231
-0.02698762 -0.07961141 0.06955231
0.02165206 0.04839170 -0.12869868
-0.39110151 0.01151572 0.13809180
0.43513179 -0.07793096 0.10550249
0.22602060 -0.08473796 0.12215535
0.29204699 -0.07580546 -0.10301575
-0.04627151 0.04313186 -0.10544517
0.31067899 -0.01282582 0.12213731
0.18056232 0.03606011 0.07652039
0.31347388 -0.11768489 -0.12312622
0.04190881 -0.08182804 0.01996034
-0.22636786 -0.09818081 -0.13050808
0.13696896 0.09888837 -0.05022547
0.06818493 -0.07503104 0.06798239
0.30261990 -0.08976614 0.10240442
-0.07751128 0.10511199 0.10423196
-0.28832197 -0.08238328 0.05205256
0.04507125 -0.00721631 0.11985996
0.14738865 0.06523943 -0.04058971
0.43357950 -0.08320430 0.03134727
0.00847041 0.06150775 0.12271696
0.16004175 0.03948874 -0.12295637
-0.00030853 0.12464322 -0.08741455
0.22627765 -0.07900055 -0.10103977
-0.06592451 0.01915525 -0.13654844
-0.27277175 0.01860565 0.13872823
0.20759460 -0.04892460 0.13268733
0.40784034 -0.08293813 0.06886274
0.45339242 -0.07355150 0.08286902
-0.03960085 0.07288940 -0.09109478
0.40733159 -0.08890966 0.09234864
0.24615124 -0.06595481 0.10108779
-0.39831576 0.01229685 -0.13743600
0.32102019 -0.08849395 -0.12706378
-0.18748575 -0.00071289 0.11832438
0.11143983 0.03038369 -0.00455617
-0.20971043 -0.07692274 0.13189745
0.27071851 -0.01542437 -0.09919654
0.11970863 0.01929853 -0.11995515
-0.24524307 0.03705752 -0.11847392
0.38633034 -0.04809849 0.11458017
0.39494175 -0.08572191 0.09625697
0.25433996 -0.09556422 -0.13652492
0.35117608 -0.05730802 0.08245132
-0.18931316 0.12175576 0.07251980
0.29008701 -0.05762395 0.13067739
0.13201931 0.04372162 -0.08601869
-0.01458211 -0.08664990 0.05010004
0.14209387 0.02051594 0.00743329
0.18189402 -0.02934468 -0.13316660
0.27959809 0.00239305 0.13958694
-0.23363386 -0.08184154 -0.07074265
0.31342575 -0.02825217 0.06609728
0.13480684 0.06825119 -0.11439580
-0.31558770 -0.00816930 -0.13436830
-0.08521022 -0.07248905 0.06361245
-0.40670514 -0.07612666 0.11027526
-0.32320738 -0.07206450 0.10960923
-0.03941996 -0.03842828 -0.13994485
0.42525798 -0.07738573 -0.06447022
0.07277215 -0.05737485 0.13445097
0.12887746 -0.03433057 0.13443740
-0.14331205 0.12667644 0.06973816
-0.32085839 -0.07186500 -0.02030673
-0.24173418 -0.05649585 -0.12576750
0.13495219 0.04856181 -0.12987408
0.07404235 0.11539398 0.07938050
0.08567948 -0.01719171 -0.13587408
-0.14630648 0.09248710 -0.11520655
0.32221103 -0.01150645 -0.10750851
-0.22006255 -0.01518711 0.11884546
-0.14788222 -0.07891849 -0.04645085
0.30551451 -0.07564081 -0.07045807
-0.25571752 0.00822456 0.11480799
-0.30732819 -0.08428735 0.05595677
-0.19756085 0.12121360 0.06420284
-0.28894243 -0.01708394 0.12353501
0.12467652 -0.08349863 -0.12262547
-0.11467246 -0.08686879 0.10211328
0.17124256 -0.07291637 0.09205886
0.17220560 -0.00902860 -0.06500398
0.35080278 -0.11143608 -0.11294413
-0.05919261 0.06849016 0.08813550
-0.25170279 -0.05176467 -0.10405841
-0.44797346 0.02824646 -0.08767551
-0.25207308 0.05711295 0.00851668
0.33099350 -0.11781634 0.13589615
0.29104736 0.01733516 -0.03728419
0.21086374 -0.07858537 -0.09288415
-0.21144517 0.00327727 -0.03760643
-0.06045198 -0.07874362 -0.08082919
-0.45359370 -0.03343996 -0.11788753
0.33952311 -0.08337262 -0.03411485
-0.16580574 -0.08268092 -0.02396024
0.18409723 0.07306051 -0.03234756
-0.19896954 0.11866729 0.08792507
-0.24558805 -0.10044724 0.12734397
0.12581643 -0.06374058 -0.03459795
0.26353145 -0.08355253 -0.04015797
0.30976269 0.02529399 0.12259753
-0.12287977 0.06932040 -0.12225251
0.35378098 0.02416460 -0.04210751
0.24755526 0.02841375 -0.08665116
0.43727124 -0.02840446 0.06397936
0.18950845 -0.08418544 0.06077825
-0.18121782 -0.02286844 -0.04072331
-0.18593137 -0.04516429 -0.03319856
-0.00503786 -0.09029983 -0.04390544
0.42648122 0.01110828 -0.03350664
0.19363278 -0.07902049 0.01742348
-0.18554702 0.11884100 0.09713481
-0.35998064 0.01568606 -0.13431595
-0.33591151 0.05541667 -0.05517676
0.41311157 -0.01603004 -0.11878081
0.18331027 0.01243720 0.13535908
-0.35811058 -0.07384495 0.03339800
-0.08254921 -0.05765645 0.12791328
0.07315344 0.05854969 0.12318137
0.17347607 0.06348207 -0.09903333
-0.44116250 -0.07784805 0.08797041
-0.10937385 0.01014521 0.12279488
0.05222411 0.11813914 0.07692219
0.03618610 -0.09023910 -0.09178582
0.30233955 -0.05258675 -0.07627665
0.31587544 -0.09440410 0.12879963
0.14533709 -0.08060689 -0.02080716
-0.30451596 0.08659019 -0.05364479
0.45636687 -0.05927297 -0.07741082
0.44228423 -0.07546508 0.09703719
0.28380862 0.02702903 0.07659927
0.03952039 0.03352803 -0.08386548
0.02933281 -0.03927037 0.09178635
-0.35065967 0.06121063 0.01727846
0.22745717 -0.07927250 0.09756029
-0.22885229 0.03366844 -0.13664690
-0.27425775 0.10407732 -0.03266714
0.27239388 -0.09442970 0.11117835
0.14186551 -0.08118451 0.03119962
0.10977333 -0.04149631 0.11274943
-0.09254257 -0.08346057 -0.06344479
-0.09447060 0.12651438 -0.08280160
0.09098494 -0.04518895 0.13353741
-0.39366764 0.04984882 0.13156019
0.42591581 -0.01972160 -0.08645396
-0.20527445 -0.04730814 -0.13400656
-0.06338413 -0.05831980 0.02084813
0.22051536 0.03547101 -0.08867271
-0.16508374 -0.07551537 0.04509207
0.36830917 -0.03840487 0.06049516
-0.42396665 0.05322857 0.05713719
0.00032411 -0.00835285 -0.13972047
0.36028785 -0.05122959 -0.12369197
-0.30464581 -0.05592934 0.11532548
-0.28470123 -0.05172146 0.11767959
0.38587761 0.01864701 -0.11669791
0.21600339 0.04076765 -0.01389912
-0.37569657 -0.07951891 -0.00114887
0.33518377 -0.11433429 -0.13518010
0.40655786 -0.07975374 -0.09541162
-0.31400749 0.06177072 0.10918622
-0.32954887 -0.09300965 0.10070108
-0.33412960 0.05109915 0.09263672
0.32150257 -0.11276300 -0.10680075
-0.11527953 -0.06858275 0.08862587
0.02391918 -0.04450626 -0.13917595
-0.01789495 0.12781192 -0.00337257
0.14027670 0.05048170 -0.00456730
0.25748524 -0.01022118 -0.08991633
-0.02550369 0.07504268 -0.09054040
0.16387846 0.02994099 0.13080016
-0.42324853 0.06645247 -0.06316703
0.14115302 0.01660772 0.09656166
-0.42467803 -0.02085221 0.08123508
0.38394034 0.02352373 0.11279979
-0.25021940 0.01153849 -0.12463715
-0.15174025 0.07375758 -0.12115825
-0.27627623 0.04041294 -0.12143203
0.35317367 -0.03290903 0.10759908
-0.02270504 -0.08183564 0.00895161
-0.27437919 0.06041437 -0.10330567
-0.19190750 0.12895396 -0.02955411
0.33392909 -0.02382661 -0.10745544
0.24699743 -0.02416410 -0.10524546
0.34606397 0.02827873 -0.06066528
0.16091533 -0.08038223 -0.04043650
-0.31988189 0.01868627 -0.12709266
-0.00715889 0.12715751 0.00871219
0.19172677 0.02068621 0.13080801
-0.21850426 0.00914241 -0.07346155
-0.28258637 -0.10339154 -0.05046933
-0.21128514 -0.04175882 0.12623027
0.32178026 -0.07536854 0.08367912
-0.36550945 -0.01491261 0.13636553
0.43916452 -0.03299159 -0.12544976
0.10790004 -0.07880177 -0.07806048
0.38567364 -0.08081031 0.00319040
0.26712897 -0.09507526 0.11719219
-0.17725782 -0.09666050 0.13557859
-0.44949377 -0.05587947 -0.09970577
0.33159304 0.02428352 -0.01632095
-0.25887367 0.00431914 -0.06110287
-0.36506909 -0.06230984 0.04020350
-0.31443650 -0.01590541 0.00426735
0.34435394 -0.04947925 -0.10738438
0.04442599 0.01400302 0.12894039
-0.00246601 0.08775474 0.10607212
-0.28390971 -0.04333754 -0.08404124
-0.39907119 0.04448257 0.10428765
-0.24742508 0.09669654 -0.01428658
0.16164850 -0.06752791 -0.13637759
-0.10241055 0.09544748 0.11399315
-0.20027034 -0.09901642 -0.08573555
-0.02118766 -0.05489382 -0.11981753
-0.21529542 0.03381699 -0.09836987
0.02806094 0.04973235 0.12687060
-0.26651627 -0.01457142 -0.08384648
0.04062681 -0.02196282 -0.09255427
-0.02189490 0.12250325 0.08503582
-0.34819308 0.00844563 -0.13582431
-0.36742970 0.08240999 -0.09423182
-0.05557497 0.12743275 -0.05763448
-0.31254819 -0.03355381 0.09785601
0.08775729 0.09890861 -0.04587753
-0.45413598 -0.04856557 0.06188291
-0.18172057 -0.04705695 -0.08108861
0.45178354 -0.05775685 -0.09125192
0.19848511 -0.08193772 0.01896046
0.26707283 -0.08634864 0.10037515
0.16796872 0.07132224 -0.01600926
-0.12686154 0.11628788 0.10744607
-0.30207330 0.04849787 -0.12942530
0.17082827 0.00055039 -0.13626730
0.39467791 0.02037944 0.06259958
-0.43021113 0.02113413 -0.05517612
0.09232150 0.11221290 0.00749505
-0.16982898 -0.02537747 0.01610512
-0.25073543 -0.01754927 0.13067894
-0.28000617 -0.01104213 0.10352597
0.36933264 -0.08229771 0.07812738
0.01425284 0.12485293 -0.03552380
-0.28871575 -0.03098163 0.13446748
-0.24667992 0.10893642 -0.06089165
-0.13993774 0.08790280 -0.09337911
-0.30917519 0.07721753 -0.04256122
0.33043441 -0.11988977 0.11893959
0.11846389 0.03095244 0.07270150
-0.43426880 0.04862682 -0.05225107
0.26513901 0.02562756 -0.12230562
-0.04161132 0.06229714 -0.05304542
0.01481667 0.01117712 -0.13680722
-0.26673028 -0.06790043 -0.13562205
-0.43810162 0.02189837 0.03887798
-0.42247722 -0.07183994 -0.00315345
-0.07825969 -0.08766212 0.12376057
0.13056979 -0.08577032 0.11269974
0.42766434 -0.08155896 -0.04994131
-0.31894913 -0.01325929 -0.13406152
0.29041809 -0.09548882 0.11821845
-0.31912315 -0.05474880 -0.13362484
-0.17810358 0.09559720 0.09830634
0.44626445 -0.03042037 0.10167217
0.07071637 0.09354520 -0.11224606
-0.31567493 -0.07037526 -0.11214440
-0.14927723 -0.09368826 0.12271530
-0.13666263 0.12563428 0.09345958
0.34353626 -0.02762607 0.10803183
0.13338365 0.08296905 -0.07688354
-0.27515483 -0.07943437 -0.12207656
0.29634595 0.02495745 0.05215924
-0.25919080 -0.01033952 -0.10162701
0.11995044 0.00309933 -0.13875927
-0.03894693 -0.08270694 0.08529349
0.15631483 -0.08343460 0.07275199
0.27459395 0.02643696 -0.02252605
-0.31734473 0.01124384 -0.13838033
-0.22901495 0.08122621 -0.00781140
0.04768357 -0.04288323 -0.06866802
0.30954453 -0.04013952 -0.11984657
-0.27220568 -0.00378205 -0.13209911
0.41783458 -0.01231007 -0.10396056
-0.00649592 0.04307220 -0.03062358
-0.17531018 0.07613222 0.04225982
0.11822344 -0.05905603 -0.13036518
0.03415284 0.11140719 -0.09886564
-0.26010650 0.06430580 -0.00998793
-0.19374537 0.00513601 -0.07148036
-0.43482748 -0.06794938 -0.13203730
0.37574109 0.02770137 0.03610702
-0.30240747 -0.03788383 -0.13365196
-0.37538904 -0.07882828 -0.02885150
-0.04379397 0.12835447 -0.08008290
0.13799171 -0.04800038 0.08756964
-0.37099835 -0.07950483 -0.12586260
-0.19406784 0.08255882 -0.06446120
0.02443056 0.02729893 -0.13679273
-0.29078403 0.01003990 0.09389416
0.44041973 -0.06694491 -0.02673023
0.06838598 -0.08366619 -0.08103712
-0.21127436 0.12120178 0.07273161
0.22822319 0.04112716 -0.03925988
0.35819161 -0.08353394 0.08078214
0.04720205 0.12169460 0.01676666
-0.24864088 -0.10079300 -0.10329302
0.29563466 -0.07851776 0.13174824
-0.44769555 -0.06933381 0.06074359
-0.42041001 0.03749693 0.13459539
-0.27921569 -0.02355432 0.04504888
-0.36244124 -0.06929911 0.08378348
0.15687683 0.00685093 0.02715316
-0.30464420 -0.07027359 0.13518882
-0.26354074 -0.09366412 0.11819509
-0.18722551 0.12388783 0.01789513
0.23263974 -0.10126533 -0.12519163
-0.24781829 -0.10488624 -0.13638876
-0.43884507 -0.06772106 -0.12559055
0.16655101 0.03787742 0.13138188
0.22243707 -0.09057534 -0.09458537
0.09999210 -0.08492756 -0.02788836
0.28403151 -0.11097830 0.09783235
-0.25046557 -0.09729900 -0.08176507
-0.29871941 0.09182048 0.07661062
-0.02075115 -0.07992210 -0.00030487
-0.31058007 -0.03042284 0.05047100
0.32788932 -0.04747945 -0.11074287
-0.26662701 -0.00084454 0.07271400
0.18608347 0.02923939 -0.11929560
-0.18566516 0.08410430 -0.08751560
-0.17766541 -0.07713038 0.00797122
0.39609972 -0.02559252 -0.13308765
0.13093415 0.09873041 0.00315812
-0.27372140 0.07997587 -0.11566867
0.23745221 0.03111035 0.01426635
-0.18471996 -0.06645098 0.09574807
0.24800634 0.02986169 -0.03694365
-0.35520551 -0.01392917 0.13000558
-0.23596123 -0.02012124 0.11031906
-0.40399298 -0.07313950 0.05199345
0.24843952 -0.09947651 0.09949048
0.02763183 0.06614627 0.09545575
0.36803740 -0.07050438 -0.13003051
-0.42343912 -0.06197718 0.12043198
-0.03984312 -0.06098449 -0.13325430
-0.16181591 -0.05165094 0.13194977
-0.23102143 0.10560028 0.05433175
-0.14667691 -0.08586315 0.03638322
-0.03772799 0.07477986 0.04792258
0.36395606 0.01512896 0.07274848
0.44757062 -0.04205412 -0.02845175
-0.34773773 0.07511902 0.07123295
-0.14019376 -0.09261227 0.10313211
0.19288242 -0.07936334 0.06399927
-0.30899543 -0.06511427 0.09630844
0.38269851 0.00233339 -0.13797957
0.41507369 -0.04345547 -0.10187246
0.08722537 -0.02813176 0.13519740
0.44874039 -0.05040348 0.04360864
0.27675539 -0.10102170 -0.12375697
0.34621254 0.03009700 0.06209721
-0.04450221 -0.07453797 -0.12616724
-0.09084475 -0.08980142 -0.08832888
0.39745399 0.01667175 0.11141451
-0.32515210 -0.07836928 0.13543203
