-0.12995608 0.09739674 0.08335734
-0.18093950 0.21346387 -0.12944540
-0.14626557 0.12971686 0.14220364
0.03714235 -0.06396834 -0.12471379
-0.14175174 0.10159065 -0.14368413
0.20472601 -0.08041416 -0.02738061
0.14527982 -0.11823847 -0.09646748
-0.12922275 0.01479368 -0.09631509
-0.19440244 0.28537601 -0.04279819
-0.17635624 0.19933514 -0.14232488
-0.14530191 0.16489670 -0.04641595
-0.09470638 -0.10199340 0.06266925
-0.16509067 0.14718112 0.00866987
-0.11343310 -0.03854381 -0.15430737
-0.16130468 0.09310872 -0.05491419
-0.09593894 -0.05254163 0.07645513
-0.15414932 -0.32270509 -0.15220493
-0.15045582 -0.31492060 -0.15265533
-0.08830218 0.00730848 0.02488407
-0.19645345 0.28031594 0.11571071
-0.13746062 -0.28569061 0.15247214
-0.20966181 0.28360793 0.10373037
-0.14324374 -0.30418912 0.15067486
0.11602118 -0.07638014 0.14838019
-0.13163786 -0.05488051 -0.13470587
0.09121378 -0.07313547 0.02910705
0.10324569 -0.04594080 -0.15417112
-0.14111121 0.13045251 0.04176605
0.14601827 -0.12176041 -0.13618921
0.01970741 -0.04647072 -0.02697961
-0.10468204 -0.11307596 0.10401492
-0.15063877 0.12415174 -0.09885390
0.10905653 -0.09860819 0.09838900
0.20039193 -0.04966241 0.00021415
0.12110935 -0.03572492 0.01120684
-0.12172614 -0.12361342 -0.13997911
-0.16809618 0.12271946 -0.01520174
-0.06407994 -0.03304984 -0.05399893
0.22324759 -0.20546041 -0.14348477
-0.12850550 0.10603127 -0.10700817
-0.13348752 -0.08757347 0.01256582
-0.15568964 0.08296445 -0.01413084
0.10651708 -0.08671128 0.11491039
-0.18401329 0.29894912 0.09875973
-0.11435699 -0.09626555 0.13745026
0.08185929 -0.06941078 -0.13723606
-0.18136047 0.30739439 -0.13908467
-0.14166707 0.18003795 0.03268719
-0.20468432 0.25409165 0.14470512
-0.10788072 -0.04691983 -0.14555606
0.05592589 -0.09316535 -0.03118409
-0.14604536 0.07553329 0.14437973
-0.16960555 0.19467585 -0.12213198
-0.17080688 0.24502534 -0.11416548
-0.17845553 0.28750581 -0.12599391
-0.03483646 -0.11778620 0.05030112
-0.13224807 0.03334701 0.07242976
-0.10606376 0.04044956 0.13654588
-0.11448814 -0.02684339 -0.15405346
-0.09858076 -0.03404669 -0.03521399
-0.01810103 -0.04113639 -0.02765538
0.17210606 -0.03390883 0.07894507
0.05441314 -0.03724512 0.07964763
0.11885110 -0.04658441 0.13558076
-0.14018667 0.06867508 0.11703149
0.05947430 -0.06519371 0.15629984
-0.16722362 0.14807975 -0.07459164
0.18711641 -0.12530723 -0.01924418
0.17404948 -0.13881832 -0.11326600
-0.10991100 0.05274889 0.11373744
-0.13353948 -0.10049065 0.06832435
-0.19331057 0.25723726 -0.10640411
-0.14547232 0.02072433 -0.06104041
-0.02849880 -0.05309806 -0.02983154
0.00396302 -0.09722321 -0.08237371
-0.19400357 0.34077621 -0.10476736
-0.17562240 0.13422537 -0.01674813
0.21080223 -0.04200884 0.07203345
0.19347218 -0.04117644 0.14160864
-0.11946859 -0.08564258 0.05431377
-0.11863998 0.05525706 0.11984535
0.04196142 -0.04980256 -0.10807139
-0.14865345 0.21570057 0.08049368
-0.15496902 0.12017518 0.03138094
-0.22934280 0.33553997 0.11186301
-0.11109868 -0.03205808 -0.08475709
0.06330074 -0.08567220 0.08653076
-0.14462644 0.07219329 -0.07005060
-0.07621824 -0.10587537 0.14196606
-0.02305837 -0.04737602 0.08221580
-0.06422726 -0.08581305 -0.11882122
-0.12957610 0.03932132 -0.11760257
-0.15226562 0.06983183 -0.14049925
-0.24054462 0.38515005 -0.06457200
0.16444120 -0.06884553 0.03231831
-0.12389375 -0.02508859 -0.01199215
0.06483818 -0.10876220 -0.11291707
-0.14794353 0.12413034 -0.14173587
0.13513282 -0.03992803 0.09187141
-0.01626580 -0.07311170 0.09823763
-0.15576822 -0.35480154 0.15378357
-0.17963813 0.18421662 -0.08899824
0.07235917 -0.04496034 -0.06962688
0.09433676 -0.05472053 0.15493542
-0.22813916 0.38418266 0.08536211
0.19745298 -0.04195919 0.03188470
-0.15337291 0.05611569 -0.02699262
-0.14003184 -0.05867302 0.01621040
-0.15071924 0.20585501 0.02475031
0.22403929 -0.09413267 -0.02584172
0.14272469 -0.04586461 -0.07634915
-0.15510157 0.21775679 0.01749996
0.21892981 -0.19723074 0.15695870
0.20377408 -0.03685665 0.03213817
-0.02267793 -0.05779095 0.14629720
-0.21641742 0.37806764 -0.01108151
-0.01224157 -0.09559571 -0.14768495
0.22556840 -0.10332928 -0.12680331
0.00923496 -0.08995377 -0.12840936
-0.03846876 -0.06401407 -0.12166736
-0.10579050 0.00497493 0.05907904
-0.15063831 0.00690092 -0.09954372
-0.21280649 0.38392478 -0.10217612
-0.13722521 0.09904834 -0.13826875
0.03901135 -0.07291161 -0.03213239
-0.15003799 -0.32123601 -0.15568842
-0.07559948 -0.10506618 -0.05322340
-0.15754716 0.11802974 -0.05333363
-0.13009693 -0.12982850 -0.02148401
0.21613109 -0.21820404 -0.15869959
-0.14507043 -0.00527390 -0.13157293
-0.14358710 -0.25324222 0.12508459
0.10702165 -0.08927900 -0.14469838
0.03247942 -0.03512909 -0.15405589
-0.16820815 0.18386522 0.13710803
-0.20914085 0.26699239 0.04354892
-0.13453755 -0.27603799 0.12469368
-0.23027262 0.39116198 -0.01726607
-0.19934841 0.32901499 -0.11234184
-0.11670251 -0.21720946 0.15034032
-0.02963729 -0.10102047 -0.05239037
0.17265901 -0.03996068 0.04420039
-0.18795420 0.25470313 -0.15104927
0.03640392 -0.03812343 0.08274917
-0.03819198 -0.05901731 0.14873192
-0.16119087 0.10633224 0.02217218
0.18997744 -0.08158681 0.06759927
-0.12296184 -0.08330074 -0.01233500
-0.13606475 -0.33751962 -0.15708326
0.15305397 -0.04897464 -0.05905591
0.19868161 -0.07980863 -0.08561786
-0.12829137 0.10702636 0.03669034
-0.16519734 0.24511294 -0.07613289
0.00132770 -0.10856815 -0.15079030
0.13386035 -0.06936516 0.14047487
-0.13283770 -0.06389906 0.08311432
0.25604516 -0.37149286 0.14995331
-0.20590694 0.35678932 -0.00283495
0.20862471 -0.03215032 -0.15132241
0.02469082 -0.11864973 0.12984955
0.04904384 -0.05211598 -0.05469850
0.23447187 -0.32317981 0.13771679
0.04371012 -0.08050595 -0.12680151
0.00324938 -0.05173101 0.06648894
-0.15184352 0.01053480 0.02128767
0.07132743 -0.11091314 -0.12788944
0.13674831 -0.04917130 0.13395888
-0.12145099 -0.19231729 0.14438529
-0.12677734 -0.25403795 0.14473222
-0.13011053 0.07320850 0.06122231
0.11224189 -0.07713353 -0.05425711
-0.04967097 -0.00390045 0.02332232
0.09682540 -0.03993920 0.13712832
-0.12960923 0.06177205 -0.13758925
-0.16613354 0.09657172 -0.11908256
-0.19786841 0.23183401 0.08121814
-0.17722088 0.27283743 0.00591241
-0.21112646 0.29522365 0.08745036
-0.15963691 0.15007162 -0.13237408
-0.12718983 -0.11252459 0.07631542
-0.09818828 -0.10598176 -0.04418872
0.21581848 -0.36366132 -0.15309151
-0.13770321 -0.01502839 0.02829675
0.21299778 -0.06965242 0.07010798
0.22009830 -0.05777652 0.07286838
0.19527015 -0.22411688 -0.14356706
0.19883545 -0.06511316 0.15330090
0.09246776 -0.03298967 0.14130063
0.05809243 -0.04188952 -0.00120264
-0.14299648 0.04184466 0.08730502
-0.16680972 0.12531559 0.01904123
-0.07845867 -0.03145356 0.02384727
0.08701089 -0.04175407 -0.11340136
-0.00579374 -0.05760899 -0.08228466
-0.13456857 -0.05426041 -0.07368957
0.03738675 -0.06467923 0.15635073
-0.09689950 -0.11073808 -0.05314387
-0.12144777 -0.07709482 0.05798106
0.19091357 -0.20183501 -0.12664549
-0.01502628 -0.09576376 0.10790979
-0.19430344 0.33563334 0.15346177
-0.12142329 -0.06033859 0.15006401
-0.12940553 0.05174923 0.12571928
-0.09849871 0.01259702 0.04265013
-0.21520053 0.26857498 0.00381072
0.19597825 -0.08671679 -0.03033081
-0.13531342 0.06945567 -0.15303844
-0.12617791 0.07282119 -0.05549723
-0.18447709 0.30186856 -0.02080164
-0.01827887 -0.10519262 -0.03600604
0.10200299 -0.06933041 0.01803073
-0.23737225 0.36525869 -0.06880316
0.20036249 -0.06015138 -0.13604556
-0.22718772 0.31512684 -0.07896649
0.18059535 -0.05269239 -0.12153284
0.09011549 -0.04618313 0.06307742
-0.06605458 -0.00676551 -0.00466784
-0.14581256 -0.02150925 0.13870981
-0.15728323 0.15977262 -0.07696074
-0.23942921 0.36139241 -0.10119665
0.22684030 -0.22350773 0.15620393
-0.13068275 0.03437219 0.12692027
-0.11560905 -0.06388329 0.14600410
0.12332782 -0.03846536 -0.09518486
-0.18808295 0.31488070 0.12306494
0.11759084 -0.05860891 0.13039427
-0.22225463 0.34031472 0.05537656
0.09678282 -0.10703167 -0.04992025
0.12574074 -0.11240654 0.06776163
-0.14372110 0.09350020 0.13924742
-0.15560433 -0.36987463 -0.16129062
0.18589470 -0.11729150 -0.14199618
-0.22618113 0.35189316 -0.13039772
-0.12230776 -0.18586440 -0.15042363
0.03233034 -0.09369487 -0.00807636
-0.21159235 0.30105942 -0.00749462
-0.23147325 0.35512203 0.13509789
-0.15775247 0.15506503 -0.14819254
-0.04879084 -0.04704978 0.11992064
-0.12184490 -0.06594057 -0.00715084
0.00943924 -0.09362026 -0.02982824
-0.17509359 0.28573132 -0.13607201
-0.11996267 0.00299692 0.13256963
-0.22218144 0.30258328 -0.10087188
-0.00947874 -0.06778866 -0.14407870
0.23288329 -0.35915741 -0.14664489
0.05932739 -0.02873744 -0.09861144
-0.14173682 0.17451771 -0.02899547
-0.18683414 0.20822406 -0.13292462
-0.05666397 -0.04711438 -0.03496292
-0.00016213 -0.08791207 -0.15038246
-0.13216075 -0.16271673 0.13744900
-0.21352595 0.37550169 0.00210134
-0.14309692 -0.27214792 -0.13672851
-0.15732315 0.11675511 -0.10971655
-0.15844254 0.13120341 0.09016760
-0.04530005 -0.03026001 0.13342591
0.17382881 -0.10056536 0.10840468
0.19583052 -0.07667676 -0.05253530
0.12247649 -0.07702355 -0.15033063
0.11206266 -0.03546219 -0.01195903
-0.07348721 -0.04016656 0.14514890
-0.07719923 -0.10558107 0.12008967
-0.00222124 -0.06639884 -0.01561681
0.10384811 -0.06368612 -0.02460791
-0.03735312 -0.06465879 0.12780532
-0.21093430 0.29423779 0.08099677
-0.14090523 -0.25804517 0.13744089
-0.13522103 0.15749328 -0.03714391
-0.11855916 0.03856029 -0.06746256
0.12980063 -0.04772580 0.13546973
-0.16541713 0.11383108 -0.09616488
0.04566763 -0.04164011 0.10249929
-0.22339636 0.34743631 -0.14421603
-0.20058565 0.33001280 0.02868152
-0.15567215 0.17070393 0.13760217
-0.19295686 0.33087504 0.14733529
-0.01385119 -0.08082215 0.14653705
0.14935173 -0.05075626 0.14079319
-0.13336383 -0.01278608 -0.14076239
0.21762583 -0.05151311 -0.08563106
0.25486806 -0.36434057 0.15739016
0.02714918 -0.03626468 0.07735799
-0.14256987 -0.33184996 -0.15045086
-0.10702499 -0.04496616 0.14302798
-0.14084384 0.06430812 0.13120587
-0.11156496 -0.11821311 -0.08245439
-0.12748539 0.04862977 -0.14421839
-0.00366393 -0.06990954 0.15187241
0.21278943 -0.21593812 0.13524400
0.04018534 -0.09566174 0.00461077
-0.11497859 0.06512861 -0.06206310
0.14358148 -0.06795754 -0.08484711
-0.11221796 -0.01396178 0.06311898
0.06852864 -0.08554293 0.13311976
-0.05037490 -0.09917914 -0.11865091
0.05038447 -0.04089108 0.08539002
-0.11557956 0.01951564 -0.03709207
-0.14186451 0.04988544 0.09788156
-0.12400695 -0.12507047 -0.06078475
-0.13715635 -0.24686089 0.14959855
-0.19344634 0.23755401 -0.09753587
-0.21646273 0.33441752 -0.14981943
-0.14937502 0.16527759 -0.03900575
0.06981510 -0.07961147 0.14150938
-0.21563973 0.38081187 -0.13807364
0.16027853 -0.08589899 0.04329946
0.20048012 -0.03739396 -0.02852940
-0.12670784 -0.26436034 0.15268850
-0.21131122 0.27877706 0.09839527
-0.14130890 -0.30103990 0.12551764
-0.20639487 0.29494151 -0.15562595
0.22422241 -0.07568157 -0.04459296
-0.16477342 0.19706775 -0.00524617
-0.22173588 0.37188455 -0.14040649
-0.13995345 0.09785019 -0.14146210
-0.16444391 0.13838436 0.13806888
-0.14019465 0.03233050 0.11528356
-0.13495171 0.05775976 -0.03511823
0.16568960 -0.13098976 0.13520432
-0.14842060 0.10169286 0.09831559
-0.13128906 -0.00244962 0.06071225
0.21658641 -0.35020217 -0.16094953
-0.20372903 0.34787863 0.03391655
-0.12029052 0.06550348 0.05824342
0.16560003 -0.03905221 -0.12780103
-0.11612928 -0.09192283 0.15555319
-0.13124946 0.00914050 0.02352653
0.23375592 -0.11882981 -0.12751414
-0.21187983 0.28964099 -0.00038550
-0.13645650 0.11445415 0.03097352
-0.14882074 0.20667429 0.00363271
0.10043161 -0.04449688 0.12386978
-0.11201277 -0.07837013 0.14046158
0.07924895 -0.09774840 0.11152901
-0.12164621 -0.11202145 -0.11724259
0.07847182 -0.06813619 -0.04730301
-0.17387588 0.24047297 0.01810036
0.10654737 -0.03849053 -0.13852464
0.04861045 -0.04680849 0.01732890
0.22043701 -0.08592184 -0.05670667
-0.16577990 0.23631772 -0.00101245
-0.12892494 -0.07029428 0.14754620
-0.18060513 0.21182334 -0.14715078
-0.17979683 0.23407684 0.11984367
-0.12716925 -0.04517677 0.15124768
0.24359950 -0.32942849 0.15314949
-0.08620322 -0.04172623 -0.08638127
0.22491273 -0.06877349 0.15319510
-0.00410254 -0.03424679 -0.07054622
-0.23466220 0.38485470 -0.06136476
-0.07078198 -0.04524723 -0.04995000
-0.02228320 -0.03949746 0.01163427
-0.13955812 0.15801150 -0.10306899
-0.16499621 0.13302353 0.06454556
-0.13763453 0.11379041 0.03190209
0.20843601 -0.06024550 -0.05062269
-0.12691247 -0.02044982 0.01453239
-0.14335704 0.15960191 -0.07638687
-0.21278542 0.38382918 -0.10664380
-0.13119040 -0.00661786 0.05046207
-0.02639457 -0.12934549 -0.10873923
-0.09850297 -0.11403608 -0.09435464
-0.13825421 -0.27533352 0.13970846
-0.03646474 -0.07615821 0.15071464
-0.20690753 0.35743809 -0.03978354
0.16143849 -0.11558924 -0.14257975
-0.22638783 0.38666743 -0.13926393
-0.05659129 -0.09894903 -0.14490721
0.19080946 -0.15021735 -0.14616179
-0.10751149 -0.04897000 0.13849925
-0.20548545 0.35188746 -0.06102404
-0.19862640 0.35535327 -0.10609214
-0.11444452 -0.10467927 -0.01032182
-0.19228737 0.23440057 0.02521223
0.07405266 -0.08858524 0.14224237
0.19016443 -0.33892995 -0.15117078
0.04548333 -0.09373530 -0.03532115
-0.13172878 -0.04307037 -0.15409961
-0.07216810 -0.16274379 0.13929990
-0.13537133 -0.23458542 -0.14030068
-0.20569858 0.28059438 -0.11611611
0.05078128 -0.12624156 -0.10850094
-0.14457671 -0.00053299 0.09676202
-0.13665515 0.16912514 0.12812099
-0.09130810 -0.09684902 0.11962922
0.19369403 -0.06451811 0.11984185
-0.13637382 -0.03324943 0.09762970
-0.20536935 0.35697034 0.11192173
-0.06506048 -0.06439993 0.14904770
0.21430042 -0.16546500 -0.14828306
-0.13446519 -0.06491931 0.00072940
-0.19283321 0.23045221 0.09247766
0.21682402 -0.06801680 0.08749743
0.08635634 -0.06468544 -0.09860659
0.12793392 -0.12305844 0.13386355
0.13703637 -0.07898220 -0.01774406
0.05279713 -0.09375964 0.10271409
0.04117934 -0.10267597 -0.04997595
-0.13535394 0.07785061 0.08304169
0.19482213 -0.19950387 -0.13052785
0.12516981 -0.03222383 -0.10052820
-0.20401505 0.36483338 -0.04707643
-0.17965722 0.19642276 -0.12857229
0.19824679 -0.05275424 0.12138080
-0.16266079 0.04775751 -0.05803984
-0.19842413 0.29842877 -0.14892396
-0.16314009 0.14782497 -0.02733367
-0.06986430 -0.14843847 0.13328566
0.23017886 -0.37220210 0.14805779
0.05575800 -0.05185298 -0.12013675
-0.17350532 0.18473162 -0.14106809
-0.16547985 0.23921089 -0.08416661
0.20654865 -0.06507782 -0.01411032
-0.11330631 -0.15732163 -0.14461499
-0.14045493 -0.11248486 -0.14307824
0.04528301 -0.09049141 0.03280181
-0.15842614 0.22453004 -0.09965876
-0.13704528 -0.32824111 0.14718927
-0.16672696 0.16324542 -0.02688514
0.07595819 -0.09412876 -0.12295731
-0.15424871 0.05883065 -0.03642486
-0.13975418 0.09834744 -0.04170978
-0.12512727 -0.02212698 0.13976799
-0.16412728 0.20778319 0.13187712
-0.13633782 -0.29102194 0.12968095
-0.10772549 -0.11637469 -0.14625308
-0.13250232 0.05017928 -0.14586987
-0.12538247 0.00023171 -0.11082818
-0.08836548 -0.07623054 -0.09548284
-0.15128677 0.18045105 0.12273323
-0.17348051 0.25156218 0.14622708
-0.13055496 -0.24875028 -0.15234321
-0.00789630 -0.06081592 0.12764558
-0.03059153 -0.01466467 0.06652742
-0.18701823 0.31069139 0.15240759
-0.14598092 -0.27983704 -0.14325441
-0.11969726 -0.16767099 -0.14863382
-0.10695100 -0.03279643 0.13233198
-0.15851301 0.20408791 0.13104261
0.03619528 -0.04834544 -0.16029695
0.13514921 -0.02938888 -0.12701261
0.17413540 -0.05572769 0.13856679
-0.23134060 0.33390692 0.03630582
-0.13735498 0.12842685 0.13955525
-0.20078194 0.25438040 -0.01482969
-0.08736172 -0.22945875 0.14200391
0.02201677 -0.10009208 -0.09016657
-0.14850779 0.11489996 -0.15288900
-0.03229824 -0.08791491 0.14985807
-0.13778064 -0.04693176 -0.11429169
-0.15018006 0.06078308 0.03692755
-0.14997785 0.06079575 -0.08132488
-0.11119162 -0.01461492 -0.09905994
0.05401073 -0.07114074 -0.07654330
0.24161182 -0.08392511 -0.10099851
-0.14194162 -0.11709869 0.04382122
-0.11376139 -0.04751228 -0.06999507
-0.12829560 -0.13079232 -0.01086873
-0.12109042 -0.18803997 0.14303234
-0.20484802 0.36100146 -0.12679447
-0.01463730 -0.08458649 -0.12302122
-0.05307089 -0.04930235 -0.04491977
0.01876477 -0.05192360 -0.05720049
0.00574280 -0.04501855 0.05499174
0.18605500 -0.11949803 0.02511733
-0.02211933 -0.04453562 0.12307710
-0.15654409 -0.37662089 0.14073610
-0.06344222 -0.08501944 0.12401590
-0.12575160 -0.00797766 -0.12816936
-0.12052624 -0.12574220 -0.15182614
-0.05509616 -0.06539659 -0.02928232
-0.14483804 0.07061785 0.09818012
-0.14548816 0.04644479 0.05771200
0.15844314 -0.10004481 0.00795283
-0.06521747 -0.04961823 -0.06542513
-0.15463783 0.21388127 0.13360071
0.13329163 -0.10778737 0.10641275
0.09610061 -0.05671390 0.03885145
-0.10970245 -0.13114442 -0.13451110
-0.10420685 -0.12411762 0.11140200
-0.09794510 0.04318816 -0.01057659
-0.14763148 -0.00609598 0.01801466
-0.13229801 -0.22595297 0.14041720
0.00219191 -0.09022839 0.00283279
0.15329364 -0.07494123 -0.01432266
0.19223937 -0.03579109 0.11877114
-0.13926817 -0.01205839 -0.12511568
-0.19341211 0.19196260 -0.03979014
-0.19550769 0.23623453 0.09945618
-0.13481264 -0.09612578 0.14283407
0.15805249 -0.12240643 -0.13967791
-0.05567138 -0.05474367 0.12892896
0.20244914 -0.04413572 0.01193263
-0.06820206 -0.05789194 -0.03580547
-0.12962376 -0.12910032 -0.10048243
-0.04210018 -0.00496442 0.01525930
-0.11047568 -0.05239653 0.12307326
-0.18592432 0.19935678 -0.10085294
0.20499222 -0.34585872 -0.15043704
-0.11300240 -0.01697292 0.07671857
-0.17697847 0.16011617 -0.11249665
0.03739568 -0.06259073 -0.12840049
-0.15440251 0.17805256 -0.05439362
-0.11764240 -0.02377658 0.09686842
-0.10536438 0.02124534 -0.07491458
-0.21822736 0.29922444 0.04303349
-0.18133049 0.18262836 0.06527287
-0.03327716 -0.09941955 0.06823408
-0.12936884 0.06632973 -0.15096140
-0.12578696 -0.17615069 0.14199537
-0.20509443 0.36650711 -0.14350270
0.10068239 -0.04410182 -0.02314269
-0.12166813 -0.06452907 0.14206737
0.04959810 -0.09562522 0.14368360
-0.12498791 -0.22893187 -0.13536453
-0.10512664 -0.06570399 0.03082053
-0.15802915 0.03324786 -0.02462762
0.18264411 -0.14360812 0.10789134
-0.14993006 -0.33441234 0.13793130
-0.20805670 0.36296436 0.00228104
-0.13731833 -0.01736813 -0.10648574
-0.13498092 -0.22814944 0.13212863
-0.08619232 -0.04214737 0.08518794
0.02350564 -0.06498448 0.15598461
0.23441595 -0.34514648 -0.15679458
0.20818838 -0.24065083 0.14114115
0.07401948 -0.10400855 -0.09100627
-0.18234833 0.22791843 -0.12086483
0.02520237 -0.04464979 -0.05188523
-0.15236144 0.19381797 -0.13718407
-0.19707662 0.22567277 -0.00281737
0.04708175 -0.05245357 0.09916922
-0.12097374 0.04509353 -0.03145728
-0.13276756 0.06166779 0.11163214
-0.18434729 0.26862392 -0.14801089
0.22883482 -0.06740908 -0.11295418
-0.09895501 -0.04046807 0.09408551
-0.15270709 -0.37161869 0.14341903
-0.13103473 -0.10806209 0.13806877
-0.13013642 0.08076245 -0.15077879
-0.19129659 0.21237001 -0.06119480
-0.03013204 -0.04121153 0.06948426
0.09992784 -0.10237325 -0.12368553
-0.17456582 0.15564208 0.04643146
0.22714643 -0.14017241 0.11565395
-0.13582627 -0.22881329 0.12111048
0.22296152 -0.28363785 -0.14181080
-0.14092109 0.14002576 0.13338928
-0.17247553 0.13427129 0.00316957
0.01714944 -0.07286196 0.02980182
-0.02648557 -0.05210883 0.00842942
-0.06618213 -0.06742910 -0.15425879
-0.12678596 -0.21105598 -0.15292098
-0.20245825 0.35755295 0.06819896
-0.14425032 -0.06155802 0.07199436
-0.13488749 0.06941625 0.07763176
0.20791453 -0.17093241 -0.11974209
0.04881170 -0.09113944 -0.12717529
-0.16211560 0.14341363 -0.07393299
-0.22128361 0.32986292 -0.10779826
-0.02248960 -0.03089817 -0.11258725
-0.14346455 0.08532772 -0.05047869
-0.09258008 -0.05966678 -0.08233019
-0.22148064 0.39054373 0.07725094
0.18977216 -0.05671984 0.08936507
-0.17343368 0.15348688 0.01685064
0.20038508 -0.25069615 -0.13974790
-0.21127082 0.27361032 0.12796529
-0.13355508 -0.08625716 0.02554914
-0.19850852 0.25055093 -0.11596797
0.17698270 -0.09777674 -0.10644840
-0.01022345 -0.10908298 -0.14676476
-0.04094734 -0.09545855 0.08649175
-0.16665520 0.23771475 0.10927509
0.24581049 -0.31572869 -0.14937076
-0.11345456 -0.10900205 -0.12117351
0.05476513 -0.05584940 -0.10141066
0.04148691 -0.07542775 -0.15061285
0.07403648 -0.08286919 0.14510597
-0.16111198 0.22684574 0.12559141
-0.15624653 0.17653850 -0.13418752
-0.13469218 0.15453570 0.10889986
-0.18103099 0.24575782 0.14846051
-0.11868335 -0.11755919 -0.12885903
-0.09842575 -0.04981182 0.11989955
-0.13156871 -0.21197745 0.12868093
-0.16249932 -0.36967707 0.14269260
-0.13032424 -0.17711903 -0.14905061
-0.00849518 -0.06807584 -0.14575344
0.13604280 -0.04123938 0.08809651
-0.04685950 -0.04329595 -0.14244379
-0.10193372 -0.12288765 0.01538675
-0.14970729 0.05286890 0.07043044
-0.20763086 0.28632843 -0.13382442
-0.11282606 0.01130730 0.10849731
-0.23790626 0.38673046 -0.05045395
-0.11145350 -0.04344239 0.08475800
-0.18487664 0.22861215 -0.07108559
-0.14755392 0.02223684 -0.10413609
0.07007094 -0.09948888 -0.01627877
0.00309456 -0.11907833 -0.10246961
-0.22072957 0.36689907 0.14780973
-0.00116625 -0.09248354 -0.13762416
-0.14066915 0.02251615 0.07089676
-0.10116889 0.01525214 0.04527880
-0.14213780 -0.04638277 0.02189249
0.22527944 -0.29198194 -0.13423470
-0.19115460 0.20546693 0.09038448
-0.02335672 -0.10438981 0.14418525
-0.21012443 0.31803760 -0.15181346
-0.04979686 -0.08517179 0.06403092
0.13743788 -0.13430396 -0.10765379
-0.12462103 0.02765819 0.07322942
-0.16903131 0.11692929 0.01909279
0.16245918 -0.09395351 0.12012061
-0.21846874 0.34970093 -0.11384709
-0.12671693 -0.09475961 -0.08038556
0.21911106 -0.16654769 0.12164466
-0.12903506 -0.06055233 0.08398455
-0.16085568 0.07650054 0.03189051
-0.12858242 0.00512576 0.04218012
-0.13597527 -0.26134282 0.14991494
-0.00834586 -0.05538134 0.15120760
0.18314365 -0.18790163 -0.14901690
0.11619590 -0.06153598 0.06582466
-0.12486525 -0.03655034 0.07599368
-0.02687307 -0.04317357 0.03726002
-0.10930497 -0.02577196 -0.08786605
-0.15701325 -0.35786352 -0.13769741
-0.21974216 0.29521349 0.05660401
-0.15504415 0.15877223 -0.13186909
-0.17002690 0.21729074 0.05639904
0.21624826 -0.36855489 0.15694958
0.24187733 -0.05607872 -0.02543159
-0.13950650 -0.36845413 0.15291885
0.08479492 -0.04949127 0.15709195
-0.04610210 -0.07082734 -0.14900982
-0.07833537 -0.06540135 0.14679788
-0.14538968 -0.25412935 -0.12415010
-0.12782200 -0.20059633 -0.14720303
-0.13305989 0.14818241 -0.13567081
-0.11317552 -0.09739316 -0.08224471
-0.00496506 -0.12507904 -0.15586558
-0.09073581 -0.14479263 -0.12404415
-0.15171266 0.14506404 0.13833138
-0.17850655 0.26735589 -0.13988921
0.01924822 -0.04221947 0.08507888
0.12217995 -0.04364474 0.00582292
-0.20554580 0.36008546 -0.14417987
-0.00816870 -0.09441590 0.01222153
0.20149511 -0.11388429 -0.14443913
-0.20641275 0.36165476 0.01676399
-0.14609000 -0.24040294 -0.13305347
-0.18266253 0.27524522 0.03663891
-0.11077897 -0.04381061 -0.05655330
-0.19281121 0.24541029 -0.04267147
0.19625218 -0.11134639 -0.13973323
-0.21055938 0.25893223 0.01804075
0.20557067 -0.06905429 -0.08768618
0.08228099 -0.12508287 -0.12774239
-0.12633280 -0.18085377 -0.14284426
0.15542713 -0.11830436 0.02008208
0.11357609 -0.04611114 0.14413109
-0.22558153 0.37627220 0.15582584
0.17035411 -0.05311100 -0.13300888
-0.12021829 -0.18112765 0.11320268
0.04213401 -0.03726680 0.14127889
0.00969131 -0.10102259 -0.01496958
-0.13647535 0.06955998 0.14100769
0.21605970 -0.36737403 -0.14243904
0.19701613 -0.24179570 -0.14289255
-0.15416849 -0.33423343 0.15687321
-0.04737890 -0.07538810 -0.05607054
-0.13092604 -0.24955544 -0.14981955
-0.12757215 0.05314703 0.04589712
0.21305217 -0.06786604 0.15968803
0.12270775 -0.10410582 0.12669010
-0.00982125 -0.05493993 -0.15646979
-0.10768043 -0.08523457 0.12587564
-0.08966583 -0.09738415 0.15359943
-0.13711055 0.15073180 0.09160481
-0.12897393 -0.14787176 0.11756217
-0.21649265 0.34832296 -0.12471768
0.20037892 -0.24113247 -0.13831355
-0.17734188 0.18525380 0.13111523
-0.13820928 -0.00855404 -0.03614454
-0.22015946 0.34605443 -0.12293689
-0.13916418 0.01485170 -0.06978808
-0.11794675 -0.10012639 0.06385853
-0.22962329 0.31447011 -0.02107133
-0.13694657 0.08243828 0.13308750
-0.18922925 0.20881464 0.12228200
0.23346332 -0.11697847 0.12763932
-0.06985797 -0.00574053 -0.14775978
-0.10713829 -0.10244395 0.06488517
-0.01542309 -0.08331374 -0.00531301
-0.03906509 -0.04902740 -0.01866843
-0.11331167 -0.11737947 -0.08693319
-0.14032146 0.08897642 -0.02500539
-0.11101538 -0.00874699 -0.14814778
-0.16931564 0.13266650 -0.05841228
0.15737534 -0.08130722 -0.15551464
-0.14564146 0.14964727 0.05336698
-0.18198308 0.29544097 -0.14357223
-0.13114950 0.10762408 -0.01676824
-0.14893234 0.19464269 -0.10516713
0.00625132 -0.12009642 0.13499700
-0.12129100 0.01021921 -0.02598823
-0.14604358 -0.07111025 -0.01135033
-0.16933072 0.20676851 -0.15166493
-0.04777833 -0.06935459 -0.12435123
-0.02411631 -0.05576904 -0.04948411
-0.18719333 0.22685097 -0.14386079
-0.12701018 -0.15009122 -0.11345572
-0.16117668 0.06704478 -0.11246379
-0.12441810 -0.18459281 -0.13114360
-0.05558892 -0.11343707 -0.12986335
-0.13555139 -0.09834918 0.12700233
-0.14272495 0.05274121 0.08128698
-0.16285206 0.23530619 0.14626522
-0.12304313 -0.19558343 -0.15455389
0.10488702 -0.10346434 0.06057595
-0.04411132 -0.02226233 -0.10162832
-0.08530845 -0.08447292 0.02058480
0.22138737 -0.17427434 -0.13067773
-0.07208508 -0.04669980 0.08420703
0.09292668 -0.04160057 -0.04410673
0.14950018 -0.05801247 0.15340205
0.18073088 -0.04855326 0.08930306
0.03400788 -0.12210800 0.14578265
0.16586176 -0.07731725 -0.15483429
-0.16905594 0.14156520 -0.11471881
-0.10844339 -0.04187606 0.05452379
-0.19606641 0.32785961 0.12269773
0.10268147 -0.04488283 0.00071652
-0.15637428 0.07993683 0.12857643
-0.18792981 0.30541202 -0.09805991
-0.04848975 -0.05483914 0.08959253
0.20483580 -0.04666997 0.11267975
0.20626384 -0.25677562 0.15182506
-0.23531321 0.36133507 -0.12239634
-0.10618246 -0.23347445 -0.13761798
-0.12640050 -0.16172893 -0.09072764
0.19998609 -0.32076901 -0.16010447
0.19492970 -0.10253302 -0.00198856
-0.21478994 0.36787444 -0.11632086
-0.06339944 -0.12528466 -0.14039488
-0.19759364 0.35137719 0.14736107
-0.03768345 -0.03795741 0.04730572
0.09840930 -0.07841047 0.14789037
-0.18980719 0.22014788 0.09294260
-0.11090311 -0.15084024 0.04883183
-0.20768830 0.36335552 0.02968846
0.10646158 -0.09088773 -0.00811772
-0.11500506 -0.07494507 0.15386064
-0.11748204 0.01473249 0.11308096
-0.06929687 -0.07167260 -0.10771427
-0.05949190 -0.06764004 -0.14616083
-0.18839689 0.28381225 0.14382289
-0.00471496 -0.06086574 0.11603165
-0.11771991 0.04731534 0.05852195
-0.13409008 0.13106665 0.02896807
-0.13229759 0.08805703 0.06180873
0.16719516 -0.05091272 0.09538724
-0.06190076 -0.04700032 -0.11482676
0.13696419 -0.04287022 0.00559085
-0.12925842 -0.10432869 -0.10799325
0.08799037 -0.03229489 -0.13425846
-0.17226574 0.25625393 0.14679137
-0.14677283 0.18656211 -0.08242461
-0.13339666 -0.21258000 0.13498613
-0.20491350 0.36200407 0.11077490
-0.18149643 0.18686119 0.02068261
0.04114839 -0.04853559 0.12631394
0.08184142 -0.09675072 -0.04929991
-0.06376927 -0.05101983 0.13862149
-0.12639704 -0.15492007 -0.12673745
-0.14713053 0.19665934 0.14252654
0.13399009 -0.11584859 -0.08609621
0.06319115 -0.08667628 0.15571094
-0.22194058 0.32252255 0.11811887
-0.12483381 0.07986324 0.10617375
-0.22881125 0.32159632 -0.00372885
0.08262681 -0.09769888 0.04065245
0.09665168 -0.07666764 -0.04475770
-0.09964725 -0.03018665 0.13788842
0.07519825 -0.09822806 0.14949676
0.17425293 -0.06779896 -0.06067524
-0.18013154 0.27917504 -0.02474974
-0.22324659 0.36026874 0.10425881
-0.12955301 0.01928535 -0.10433454
-0.15433267 -0.33532271 -0.15474084
-0.10956077 0.00255132 -0.11191963
0.06263023 -0.04396012 0.14225756
-0.15089490 0.08551147 -0.12683359
-0.17446057 0.29503983 -0.14067221
-0.21969031 0.30560362 0.03421960
-0.12469526 0.08808141 -0.12318473
-0.17086329 0.22406192 0.00817182
-0.11628325 0.02028635 0.00446898
-0.13672079 -0.31519839 0.14980394
0.18660538 -0.06884202 0.15725888
-0.20865399 0.26733255 0.11409590
0.14162023 -0.03174076 -0.08383940
0.21186104 -0.16497551 -0.13123451
-0.16628131 0.17732766 -0.00249717
0.05372260 -0.10735396 0.06908894
-0.14757295 0.11892353 -0.10157646
0.20794685 -0.07284505 0.10487385
0.09948525 -0.05119519 -0.14372210
0.23550400 -0.36829641 0.14885151
-0.15491265 -0.34364197 0.15644176
0.14007005 -0.09296650 0.07606608
-0.14265575 -0.04287962 0.14884284
-0.15009136 0.01421271 0.06045635
-0.20161639 0.25316808 0.02797805
-0.15636984 0.18555053 0.07272806
-0.05189686 -0.04691828 0.14614904
0.15658766 -0.05585253 0.12365311
-0.08819919 -0.13520671 -0.14585811
-0.14602058 0.03102747 -0.00765399
-0.05029185 -0.07814386 -0.10382017
0.02286188 -0.04472972 0.00462054
-0.09873484 -0.10584719 -0.08271085
0.01233525 -0.13580120 -0.14889260
-0.04534511 -0.04424276 -0.03665728
0.15278386 -0.27128673 0.13961133
-0.09005956 0.02865878 0.14806633
0.17433409 -0.05249985 -0.04871222
0.00635648 -0.03984368 0.14272699
-0.10884726 -0.02244565 0.14217228
0.00771614 -0.03007803 0.04802936
0.10748094 -0.10108696 -0.14203411
-0.21067375 0.32265258 -0.14542276
-0.13745175 -0.02224346 -0.05220788
-0.10403735 -0.04297227 -0.10680362
-0.16602933 0.26557383 0.14258488
-0.03422078 -0.07186888 -0.11964861
-0.11704016 -0.01237251 -0.01865851
0.03791570 -0.03246932 -0.06357646
-0.18264249 0.28564137 -0.06028835
-0.05131544 -0.07358199 0.14861846
-0.16338748 0.21629824 -0.02196893
-0.10752320 -0.11918036 -0.14795181
-0.13617401 -0.03754935 -0.13078454
0.17507607 -0.03558139 -0.07898011
0.16981287 -0.08834380 0.08389033
-0.08431227 -0.03938596 0.02577501
-0.17183122 0.27710310 -0.09800190
-0.15347187 0.06566186 0.05321491
-0.19627929 0.26400656 -0.01933065
-0.11525441 -0.05521970 -0.10989295
0.22979318 -0.37197608 -0.16101876
0.11245424 -0.09572505 0.14710215
-0.15178885 0.12996075 -0.12350314
0.01152194 -0.03969131 0.07035717
-0.20324802 0.26743573 0.02259916
-0.22693367 0.39141595 -0.07088086
-0.17779337 0.21394545 -0.10133760
0.14282000 -0.14208625 -0.15373811
-0.11051239 -0.11666375 -0.10707886
0.21063134 -0.12044305 0.10645358
-0.13725676 0.11382337 0.13951087
-0.09613203 0.02746177 0.01016816
0.16776440 -0.03856744 0.06852441
-0.22920322 0.31142378 -0.00665757
-0.15603332 0.10811375 -0.07584433
-0.12486350 -0.06833064 0.10465933
-0.01022912 -0.06111258 0.14296378
-0.17376952 0.14523309 -0.00176979
0.06278505 -0.09588264 0.09168465
-0.18628021 0.25063157 -0.12802766
-0.09898739 0.01505892 0.06216084
-0.13105515 -0.14675128 0.13181569
-0.00297590 -0.06920525 0.14744750
-0.17352222 0.21722198 -0.00010116
-0.19951746 0.25099814 0.09078418
-0.08248946 -0.04008135 -0.06823818
0.13364045 -0.10078956 0.13938673
0.14478689 -0.05033895 0.10930951
0.07655732 -0.09014605 0.03699047
-0.12515008 -0.06444658 -0.13743703
-0.18550885 0.27551922 0.04678678
-0.20812945 0.35342556 0.07436746
-0.13211761 0.05522622 0.14435191
-0.23055884 0.34984633 -0.04871890
-0.14200769 -0.02763278 0.05813377
-0.13840221 -0.24266806 0.13780083
0.21178314 -0.06521127 -0.04706647
0.14330837 -0.08799955 0.00679935
-0.15854359 -0.35806841 0.14529908
-0.10722832 -0.02575120 0.15007426
-0.16465037 0.11581442 0.10213031
0.08644964 -0.04639670 -0.14731534
-0.16531140 -0.33522403 -0.15718295
-0.14378096 -0.31332949 -0.15483944
-0.14855289 -0.02316856 0.11061757
-0.19214177 0.27317661 -0.14850567
-0.10949561 -0.05946670 0.14203635
-0.20727640 0.37789142 0.14413668
-0.21513700 0.30906406 0.11978476
-0.16152112 -0.32229313 0.15428843
0.13603543 -0.05895587 -0.13910528
-0.13039097 0.07586186 0.11292982
0.21382514 -0.17175502 -0.11903658
-0.12694392 0.14571530 -0.13572098
-0.09178017 -0.02875975 -0.15141723
-0.11342925 0.01255043 -0.07604758
-0.19857681 0.31250226 0.15633601
0.13465789 -0.04110292 0.14349012
0.14568682 -0.27590525 -0.14397086
-0.14377959 0.00741950 -0.01988957
-0.05207491 -0.08932406 0.10239772
-0.10766047 0.07108620 0.13393357
-0.20199810 0.25028375 -0.01072957
0.20520917 -0.25780630 -0.14035612
0.17791185 -0.06087278 -0.13107029
-0.11916181 0.03097910 0.04713117
-0.20387986 0.26503995 0.00012539
-0.19663240 0.32886046 0.06712391
-0.10085799 0.03484833 -0.00621744
-0.08030579 -0.04731489 -0.05123644
0.16227610 -0.03561804 0.00251091
-0.15826766 0.14260638 -0.10639688
-0.19765984 0.33219507 0.08471038
-0.14611049 -0.00980526 -0.14370416
-0.11488312 0.03816158 0.09727016
0.12306086 -0.04158050 -0.07493539
0.13926098 -0.10541222 -0.13538487
-0.20862904 0.37060615 -0.12011559
0.22151642 -0.26126453 0.16148692
0.06044339 -0.09478009 -0.07805170
-0.15077940 -0.31385887 -0.15146431
-0.19080420 0.19825172 -0.00358852
-0.11651157 -0.12305982 -0.14996982
0.18016347 -0.04494606 0.05127909
-0.16317320 0.08736268 -0.09041381
-0.12776951 -0.11788020 -0.14520675
0.10729703 -0.06592888 -0.01448001
0.05817556 -0.03557627 0.03043133
-0.00933329 -0.03637037 0.01745372
-0.12396124 -0.08599504 -0.14791980
-0.19472207 0.30585966 -0.07125359
0.12941843 -0.06329934 -0.13761009
-0.20261635 0.34786081 -0.15266490
-0.20266914 0.34418365 0.06131041
0.00470985 -0.05401480 -0.11174196
-0.10165974 -0.09358814 -0.06318013
0.21146521 -0.11706343 -0.09677226
0.08206508 -0.10583594 -0.07463172
-0.02869574 -0.02900593 -0.00240167
0.04935497 -0.06826813 0.10731195
-0.14766294 0.04808595 -0.12205019
0.03521937 -0.06382877 -0.01795265
0.22292358 -0.18862288 -0.14671740
-0.10187706 -0.03124204 -0.08671039
-0.13267954 0.02228860 -0.12330063
-0.16130495 -0.37256536 -0.16355510
0.09764083 -0.07574621 0.05142083
0.19215457 -0.12743810 0.12234566
-0.08093251 -0.11866430 0.14202154
-0.23733038 0.36681113 -0.12274061
-0.20822613 0.37701666 0.03367054
-0.17912161 0.13403252 -0.01911662
0.22116256 -0.28492707 0.15475847
0.03321751 -0.10685287 0.02723024
-0.14253742 0.17097221 -0.09865471
-0.13433495 -0.03547365 0.14877781
-0.04226815 -0.08638655 0.14957088
-0.22941367 0.35804632 0.13498704
0.19879119 -0.03814455 -0.00986352
-0.14172772 0.12977907 0.08909341
-0.23383543 0.33058187 0.02833666
-0.14374383 0.17673811 -0.11792973
-0.22049691 0.34201205 -0.14427707
0.21316203 -0.09914811 0.04427774
0.15104122 -0.10064898 -0.13328406
-0.11119778 0.02413634 0.13179077
-0.08825763 -0.04724348 -0.11828019
0.03409576 -0.08401035 0.11636080
0.08000597 -0.10072333 -0.09123825
0.24013625 -0.35524037 0.16113552
-0.15834996 0.22997332 -0.11821862
0.09182195 -0.07419721 -0.11758584
-0.09433022 0.03166966 -0.00605788
-0.22733018 0.38791364 0.12388587
-0.15758872 0.19737899 -0.14322467
-0.14059103 -0.00117796 0.13559337
0.05112921 -0.03262243 -0.03040689
-0.10893446 -0.11136597 0.09817243
-0.01430693 -0.07090648 0.11537231
-0.14564884 0.04134791 -0.06105916
0.17977983 -0.04545265 -0.07982417
0.19077340 -0.11899750 0.15526852
0.06526507 -0.05684404 -0.15651825
0.12388846 -0.04390166 -0.01424281
-0.01941733 -0.03775413 -0.01285930
-0.11811785 0.06524737 -0.01902754
0.04422989 -0.09067798 0.02339431
-0.16735871 0.15070184 0.12087076
-0.12214024 -0.00415286 -0.14640862
0.17587818 -0.06512129 -0.14900398
-0.16440879 0.09196077 -0.00640551
-0.14855619 0.10784918 0.04529625
-0.01110524 -0.04474816 -0.00919244
-0.01814444 -0.11881160 0.13891979
0.19314504 -0.03619813 0.00718142
-0.13545425 -0.14583936 0.14930424
0.02632641 -0.09951408 -0.06197561
-0.18693142 0.26321581 -0.14578891
0.14553279 -0.04468046 -0.06777965
0.21016511 -0.09782758 -0.01331732
-0.00496107 -0.09985527 -0.10870890
-0.08846134 -0.01992139 -0.14337069
0.12162048 -0.03855126 -0.14173783
-0.13917464 -0.01954512 -0.01307296
-0.03029178 -0.05097941 -0.10113066
0.03418904 -0.04392482 0.03378700
-0.08019902 -0.07418445 -0.13742086
-0.20575760 0.27584669 0.08546229
0.18382838 -0.16530922 -0.08835547
0.16941114 -0.09109417 0.13991070
-0.14985828 0.03516801 0.11786369
