0.11642627 -0.14167339 0.05111595
-0.10680876 -0.24130329 -0.17494552
0.17301531 -0.24665979 0.16309345
-0.13462317 0.26147258 -0.01153204
-0.10240269 -0.30716082 -0.15659599
0.04206173 -0.13047753 -0.06046882
-0.16446406 0.30723447 -0.05155976
-0.12313503 -0.15249023 0.14524396
-0.15054074 0.28626704 0.01718966
-0.17495331 0.33677045 -0.03264641
-0.12761940 0.25181648 0.10721096
-0.10700472 0.37706262 0.01847068
-0.14225338 0.31141564 0.01044775
0.17786285 -0.13877186 0.05258060
-0.14732984 0.02151687 0.10455570
0.09733985 -0.14689730 0.16433173
-0.10157518 -0.06547947 -0.12745571
-0.11185184 -0.15605228 0.09627198
0.10645513 -0.11639990 0.15826996
-0.13575631 0.14248540 -0.07962104
-0.00072540 -0.10862445 0.10404722
-0.03337342 -0.12281866 0.14328422
-0.07961164 -0.14744717 -0.16520362
-0.09605224 0.37834409 -0.11328325
-0.11825226 0.02371508 0.14628902
0.16875654 -0.12614501 -0.16249856
-0.16010757 0.37225664 -0.11540776
0.14735650 -0.36594820 -0.18240483
-0.16052756 -0.15156971 0.07882327
-0.13950147 0.28666115 0.05791293
0.00774866 -0.11959800 -0.02570149
-0.12399063 -0.13375953 -0.16855875
0.16766217 -0.11711939 -0.09120057
-0.08204072 -0.36783665 0.16519040
0.03343125 -0.13052304 -0.17981809
-0.13400774 -0.03685793 0.06816924
-0.10318626 0.15449359 -0.14406618
-0.15822326 0.25196704 -0.07393102
-0.11069901 0.33925226 0.01728325
-0.13091069 0.22132827 -0.13548133
0.00547077 -0.13385572 -0.19175942
-0.10984868 -0.22889525 0.16977490
-0.16223903 -0.13344164 -0.03612806
-0.06061912 -0.11697634 0.15363191
-0.15216859 -0.14820074 0.04556365
0.10992476 -0.10393103 0.17246978
-0.12970771 0.08394273 -0.09125965
-0.13591507 0.16462302 0.06245946
-0.16262628 0.34909287 0.10627060
-0.10959616 0.41558632 0.12805116
0.16011223 -0.14013262 0.12402084
0.12657408 -0.11667126 -0.02260256
-0.13241625 0.04825053 0.13014118
-0.14297095 0.17301396 -0.08144697
-0.07786449 -0.13390827 -0.09079943
-0.03543296 -0.11824602 0.17887031
-0.10004057 0.28524598 -0.12304451
-0.15053788 0.04474035 -0.05953846
-0.09750359 -0.10560798 -0.08937024
-0.11121554 0.03787866 -0.14340471
-0.12626687 0.21050438 -0.13771744
-0.10829915 -0.28750753 -0.15740445
-0.14109015 0.33606791 -0.16154279
-0.11816763 0.29428896 -0.15904564
0.17078497 -0.40456122 0.16192789
-0.10892579 0.21187547 0.11469726
0.14458367 -0.34972540 -0.17162494
-0.11402816 -0.11568893 -0.09724777
-0.10875028 -0.10911582 -0.07486491
0.05265650 -0.15831566 -0.05543183
-0.00354819 -0.12158853 -0.00702077
0.17506278 -0.14462206 0.11710466
-0.14582649 0.03174300 0.05152525
-0.06271533 -0.14823727 0.16014126
-0.12195902 0.09781656 -0.03658175
0.14179759 -0.15201142 0.05014167
0.13704902 -0.25041604 -0.17238633
0.16288640 -0.24983916 0.17114127
-0.11316199 0.10529976 0.14055361
-0.13647075 0.27823740 -0.14359729
-0.08942234 -0.14962198 0.00246015
-0.16800137 0.39436626 0.06457192
-0.06530005 -0.09238876 0.13208853
-0.14987475 0.26229566 0.01924985
-0.15695569 0.21336778 -0.02646891
0.00787810 -0.11273888 -0.07856461
-0.10106891 -0.26091880 0.17987040
-0.13671798 -0.00987631 -0.03959752
-0.12866330 0.42585579 0.05450452
-0.14089273 0.10435349 -0.02622660
0.15535392 -0.12196909 0.04345623
0.06519531 -0.11652301 0.04317040
-0.10798199 0.31318253 0.17003013
0.17182280 -0.12866810 0.17875068
-0.10673691 0.33096799 -0.12761989
-0.13033584 0.10770947 -0.08962975
-0.11416369 0.40412262 -0.05684230
-0.09589387 0.26685515 0.13777159
-0.11524722 -0.20972328 0.16479193
-0.13670792 0.07418182 -0.05857320
-0.14270778 0.19713780 -0.02565197
-0.01738649 -0.13748041 -0.18253736
-0.09771412 0.39626235 -0.06779718
-0.16616282 0.34700003 0.06550700
0.05732601 -0.14013653 -0.00862982
-0.11118766 -0.15014812 0.07339892
0.07221358 -0.12243693 -0.18834139
-0.09632100 -0.27440777 0.17814744
-0.14443722 0.07156946 0.10940749
0.18021661 -0.12709203 0.03904098
-0.14616288 0.23717806 0.05714058
0.13132130 -0.11135445 0.12780277
-0.16960630 0.37400213 -0.04576629
-0.10898709 0.30715069 0.00198380
-0.07078260 -0.13135390 -0.19235769
-0.16052073 0.26934278 0.08814833
-0.13041812 0.28397825 -0.06286106
-0.11960667 -0.18350971 -0.11815242
-0.00233337 -0.15162101 0.05935956
-0.12230024 0.14782658 0.06773409
0.06890370 -0.14465669 -0.11664092
-0.10880689 0.11082719 0.14281240
-0.15819520 0.26499864 -0.06182070
0.07863259 -0.13976610 0.06280002
-0.11047811 0.04883989 0.13907219
-0.16800366 0.38095468 0.04824163
-0.11655761 -0.06863929 0.14554733
-0.10127484 0.14932099 0.15449978
-0.09575938 0.29346234 0.10270409
0.16829188 -0.37841043 -0.16108650
-0.04512856 -0.11702260 -0.12035773
-0.06738072 -0.12079763 -0.13765797
0.17345896 -0.14173199 0.15035535
-0.12232758 0.17814592 -0.03067542
0.17729005 -0.14539808 -0.10899989
-0.07474963 -0.13840404 0.19445868
-0.01618565 -0.11097164 0.16910812
-0.13007049 -0.11262969 -0.03496484
-0.09334463 -0.26921692 0.17271729
0.01069782 -0.10715924 0.09657519
-0.12291507 0.24344847 0.01350651
-0.12718052 0.02491037 -0.13552073
0.15451710 -0.12153945 0.05877382
-0.09586164 0.00648721 0.14015101
0.07863708 -0.14788936 -0.18090323
-0.12081783 -0.02850413 -0.10597207
-0.13394275 0.10903065 -0.10508493
0.13900220 -0.21974932 0.17079405
-0.02131560 -0.11775371 0.17285207
0.02158302 -0.11715394 0.19536659
-0.06076916 -0.13306384 0.06792196
-0.15133196 0.22639984 0.02582852
0.17116076 -0.15182266 -0.10265177
-0.16376276 0.40107119 -0.00823106
-0.15423246 -0.02881349 -0.05953505
-0.13680024 -0.01900409 0.03066881
-0.16679224 0.35706067 -0.01942723
-0.16641381 0.33432570 -0.07677119
-0.08316538 -0.30846477 0.18498501
-0.05889040 -0.13649237 -0.18157054
-0.07536001 -0.16618860 -0.15209657
-0.11705597 0.41525492 0.09906301
-0.11899643 -0.01692975 0.11857545
0.18176617 -0.15076043 -0.10828345
-0.15001106 -0.10233943 0.03060415
0.19148418 -0.13523154 -0.08582939
-0.13787170 -0.10012853 0.04769944
0.04069259 -0.14852126 0.10938001
0.02757087 -0.11005424 0.04682457
-0.14447308 0.42006329 0.08680807
0.05784871 -0.13485797 -0.00054770
-0.14137220 0.27168873 -0.04869131
-0.00697329 -0.13221350 -0.10397758
-0.12509677 -0.07767625 0.02827274
-0.08188527 -0.32390574 0.17489927
-0.12287190 0.30547819 -0.02184843
0.16175736 -0.30999213 0.17295481
-0.15909383 0.34358832 -0.12553272
0.07797784 -0.13393319 0.19487794
-0.12394879 -0.06520182 0.14857151
-0.05686145 -0.10704957 -0.01316586
-0.10605858 0.18554376 0.13366783
-0.09851421 -0.21996661 0.18508542
-0.07687104 -0.14873075 0.16208287
-0.09605914 0.36924663 0.15141256
-0.02428808 -0.12233529 0.14750616
0.14032181 -0.15967411 -0.17062716
-0.12012561 0.03275933 -0.07861848
-0.15389162 0.30756605 -0.05564580
-0.11333250 -0.08393916 0.09353621
0.00070542 -0.12998168 -0.18738976
-0.10647653 0.26901710 0.14075319
-0.06482610 -0.11394951 -0.03538494
-0.15832774 -0.03590581 0.07679650
-0.13372876 0.05109417 0.06963497
0.16550075 -0.37371457 -0.16152249
-0.13989156 0.35891101 0.15580298
-0.12764615 -0.05732417 -0.15921712
-0.09146518 -0.40048081 0.17321922
0.10843410 -0.14760518 -0.10368709
-0.09352899 -0.30998123 -0.15614030
0.17342357 -0.13999186 -0.16047360
-0.10452532 -0.09608047 0.01833467
-0.10183645 0.32517391 -0.04156832
-0.14078394 -0.00640737 0.06375681
0.07198727 -0.11873826 -0.04057020
-0.13968304 -0.08116805 -0.02572133
-0.11293509 0.01687193 0.08124372
-0.07930405 -0.12239134 -0.10141757
-0.10395038 0.06124875 -0.10395701
0.15592353 -0.15637711 0.04146715
-0.14474756 0.11189752 0.01191035
-0.15184133 -0.11095281 -0.02830763
-0.09502739 0.13975203 0.11152811
-0.10226507 -0.12592803 -0.12513813
0.00378460 -0.14689288 -0.17880008
-0.06494531 -0.11515093 -0.06439938
-0.02272544 -0.11915793 -0.10757107
-0.12436911 0.24202688 0.11217696
-0.11531869 -0.14947996 0.13016352
-0.15306588 -0.01921497 -0.05769495
-0.10202129 -0.32297823 -0.17979848
0.15739933 -0.19979617 0.17288958
-0.09597924 -0.22629116 0.17717291
0.09760457 -0.13157211 -0.19081318
0.17509305 -0.13360715 0.10310106
-0.13873920 -0.15258336 -0.06591199
0.16888276 -0.16609645 -0.11378538
-0.08828049 0.11766405 0.15795082
-0.07553189 -0.12813498 0.14224790
-0.12964547 0.03949812 0.06578702
-0.11723872 0.23253833 0.14370315
-0.10741644 0.31764501 0.16685027
0.00688758 -0.15641280 0.02829633
-0.09569325 -0.15802526 -0.16457216
-0.11804134 0.08275416 0.07078147
-0.08498470 -0.14603144 -0.00498395
0.16030364 -0.28544864 0.14480624
0.16828470 -0.28366166 0.17588356
-0.13543051 0.17112006 0.03012274
-0.13840221 0.25943184 -0.05544149
0.00134140 -0.12645839 -0.18998547
-0.12519155 -0.15572006 0.16234389
-0.05181654 -0.13517165 0.19253646
0.15770286 -0.13218784 -0.14220549
-0.11041579 0.13867427 0.12987158
-0.09800427 0.35768282 0.06866615
-0.05751683 -0.13347915 0.12990694
-0.12039701 0.11209428 -0.14641692
-0.08693538 0.21359712 0.14676307
-0.09754393 -0.09543604 0.06060465
-0.15394482 0.20857495 0.06850564
0.14943090 -0.37832576 -0.16241494
0.15534377 -0.20390296 0.15760306
0.14986579 -0.20830627 -0.16223647
0.15442638 -0.29821974 0.17732671
-0.17183936 0.38059348 -0.06290866
-0.15710919 0.42059335 -0.08384492
-0.10630804 0.40607667 -0.10865852
0.14756869 -0.37815323 -0.16260958
-0.14010979 0.00784435 -0.07108623
-0.03763683 -0.15453991 0.08730967
-0.14824779 0.14769724 0.02603375
-0.13932042 -0.04453104 0.00855651
-0.15377668 0.30239788 0.09035149
0.11409439 -0.11151742 0.02353042
-0.13937300 0.27466202 0.08744866
-0.12107162 -0.14220288 0.12474447
-0.15343338 0.24277925 0.07288306
-0.09872773 -0.19003609 -0.16823623
-0.10866481 -0.06120774 0.14577448
-0.14219971 0.42060018 -0.01224722
-0.08925541 -0.14849675 -0.16040076
-0.12912545 -0.13976990 0.13726559
-0.11610775 0.35368121 -0.01052263
-0.10206683 -0.37982580 0.17987628
0.10107897 -0.15584145 0.14896651
0.13171019 -0.14392363 0.11889946
-0.12341671 0.12057444 -0.15144257
-0.10739764 -0.09756055 0.15052889
-0.16383784 -0.14015982 -0.02440426
-0.17245236 0.30955771 0.01308172
-0.13112798 -0.11021822 -0.08168353
-0.08907288 0.30613840 0.11815963
0.01261877 -0.15079081 0.00971916
-0.07714672 -0.14147900 -0.14156781
-0.07281444 -0.11136032 0.03321335
-0.12290167 0.08590052 0.14509298
-0.12390280 -0.06311350 0.14980017
0.06176820 -0.11430320 -0.12521365
-0.11752106 -0.12440289 -0.12290341
0.14061098 -0.18822244 0.18737136
-0.12745431 0.14018188 -0.16096249
-0.03937905 -0.15520419 0.00313551
0.14734384 -0.12503406 -0.14225043
-0.00203248 -0.15684006 0.00565546
-0.11292252 0.28955132 0.14416859
-0.09367152 -0.14070597 0.18138511
-0.14466529 0.00986906 -0.01095933
-0.03536186 -0.10823102 -0.00148185
-0.13298632 0.17995077 0.14378606
-0.08277289 -0.09081979 0.14906895
-0.15795501 0.27851716 -0.04236610
0.17821278 -0.12492095 -0.10116114
0.01729456 -0.14984520 0.02103917
-0.10496121 0.27317151 0.09746929
-0.10233033 -0.15124705 -0.19201587
-0.08892968 0.37505162 0.15230860
-0.13122115 -0.14694351 -0.10040712
0.14843953 -0.37199494 0.16550481
0.14980957 -0.37359354 0.16273770
0.14855501 -0.33796972 -0.16484238
-0.11221260 -0.15621111 -0.15858135
-0.17279722 -0.14841017 -0.00431436
-0.15823996 -0.12674007 0.01776027
0.14838344 -0.14449731 0.00125053
-0.12370307 0.20967650 0.15526608
-0.10054103 -0.31362206 -0.18108603
-0.09727764 -0.15224174 -0.15336104
-0.14669345 -0.01261850 0.00458940
-0.14727831 -0.11053396 -0.04813169
-0.09695027 0.28665313 -0.07736145
-0.10926753 -0.18505965 0.16642796
-0.14396842 0.14518651 -0.02934054
-0.11981777 0.40693572 -0.02387038
-0.16887920 0.36169982 0.06519737
-0.11912376 -0.19669227 -0.15722378
-0.09385034 -0.08306800 -0.10753805
0.15778661 -0.18544908 -0.13902505
-0.10868678 -0.35203156 0.17815694
0.08200899 -0.14615077 -0.06169401
0.02761628 -0.10518171 0.10474974
-0.09930652 0.28342164 0.09045484
-0.07333411 0.32586119 0.15553182
0.11005784 -0.10771886 0.02056668
-0.11489791 0.34341729 -0.16911548
-0.11103131 -0.17806798 -0.17535488
0.17360380 -0.12501055 0.07209538
-0.08978143 -0.11540770 0.16372813
-0.08585918 -0.13511452 0.19185184
-0.12648410 -0.15267448 -0.02447364
-0.15023112 -0.12544577 0.07580213
0.15536717 -0.38048378 0.15824428
-0.12977947 0.07780021 0.00558304
-0.09219538 0.30685237 -0.11273468
-0.08834802 -0.13304441 -0.17666176
0.18132113 -0.14287297 -0.02273884
-0.11634070 0.30048591 0.15547490
0.09845866 -0.10725810 -0.07863190
-0.11671045 0.28695503 0.09901126
-0.15735616 -0.13471085 -0.09991225
-0.15278421 0.32118559 -0.09833979
-0.13581090 -0.12939359 0.11879847
-0.10922222 -0.27713126 -0.15930593
-0.10385044 -0.10701707 0.09700549
-0.12019041 0.01410793 -0.15120459
-0.13516095 0.14315355 0.02412370
-0.10694998 -0.12888679 0.02385569
0.15150872 -0.17098548 -0.13597269
0.16799182 -0.15625624 -0.00789790
-0.15726294 0.36771920 0.08754750
0.09208924 -0.11522526 0.12174400
0.08808006 -0.12990631 -0.15184823
-0.13635792 0.32288978 -0.04030752
-0.03639994 -0.12541175 0.07102165
0.17025147 -0.17949083 0.16925833
-0.12000271 0.05836651 0.11567846
-0.10832316 0.19193549 -0.14911126
0.10104391 -0.11403331 -0.14313459
-0.17424937 -0.09833524 -0.03011410
-0.04896951 -0.12975322 0.18192919
-0.13396119 0.23193151 -0.00386202
0.07354108 -0.15611979 -0.03937360
0.01856889 -0.14782797 0.00185882
-0.13567299 -0.07377797 0.13407588
-0.08872562 -0.29567099 -0.15938322
-0.14170490 0.40997684 -0.06327365
-0.11238431 -0.22043309 -0.17392129
-0.10624904 0.29137775 -0.13459139
-0.13326362 0.03789509 0.02665984
-0.11404303 0.28800794 0.17265633
0.15178917 -0.38593301 0.15236923
-0.13170834 -0.13976541 -0.11424944
-0.13712047 0.17075996 0.05712101
-0.11547475 0.29021025 -0.01406953
-0.05835969 -0.15947098 -0.17296711
-0.02710783 -0.13455099 -0.18670604
0.17567621 -0.16622162 -0.07615148
-0.11065486 -0.34008998 0.16243389
0.15401751 -0.29712203 0.15850413
-0.00499759 -0.13784824 -0.12486733
0.02963724 -0.14920731 -0.00947596
-0.07422984 -0.14925897 -0.15519850
-0.11511020 -0.31933713 -0.16417204
-0.15539111 -0.02743062 -0.01101564
-0.10987537 -0.39083397 -0.16855715
-0.09448738 -0.12864697 -0.19017354
-0.12450043 0.10321873 0.11848179
-0.15651149 0.10183422 -0.06516151
-0.12820116 0.37923214 0.01325644
0.14597078 -0.12684776 -0.15191145
-0.11396005 -0.14231896 0.16187307
0.17172508 -0.40536740 -0.16274412
-0.02843585 -0.11443336 0.04304334
-0.12549144 0.24626875 -0.05639265
-0.12845227 -0.14944670 -0.04992872
-0.09225197 0.40308955 0.09620059
-0.11815722 -0.17070363 0.15818967
-0.12760052 0.19315434 -0.00905630
0.03198636 -0.10653124 -0.16063607
-0.15764607 -0.13366784 0.10737078
0.17065293 -0.12542303 0.13624772
-0.01319710 -0.10934167 0.12763384
-0.08958232 -0.29993099 0.17772996
-0.15928940 -0.11814611 -0.06603781
-0.15853480 -0.05282130 0.03168127
0.15744248 -0.25980875 -0.16466539
0.15851516 -0.20270167 0.18258251
-0.13934495 0.21470512 -0.06858899
0.16340031 -0.19201759 0.16898812
-0.14035016 0.17395897 0.05690696
-0.12476107 0.07582818 -0.15858723
0.06765082 -0.14192209 0.15267056
-0.13619129 0.11884800 -0.05835330
0.12390976 -0.14243737 -0.17654613
0.01212359 -0.15288635 0.07697158
-0.06978400 -0.15498590 0.12621564
-0.11735504 0.41716409 0.09042569
-0.10899035 -0.05444925 0.10919843
-0.15038088 0.28244856 0.05522761
-0.01067078 -0.10895280 0.07821338
0.05603236 -0.14652380 -0.18071300
-0.10646762 -0.14167789 0.17350556
-0.12019309 -0.11474061 0.09070029
-0.07114692 -0.08941633 0.11702184
0.00590565 -0.14271948 -0.00241457
-0.12625369 0.25080463 0.02587097
-0.13374613 0.08015270 0.07020458
0.15539731 -0.18473166 -0.16465543
0.00308430 -0.11317633 -0.18573774
-0.13654602 0.30743077 -0.16726199
-0.11176757 -0.17722254 0.18420534
0.15851805 -0.15273389 -0.04840870
-0.10780469 0.22223879 0.15670387
-0.09888237 0.40069109 0.12587072
-0.14862227 0.37372842 -0.14417043
-0.13232170 0.24689756 -0.02394606
0.17841078 -0.12524222 -0.00959411
-0.12928316 0.41113827 0.07477440
-0.09358843 -0.18426928 0.19613796
-0.10138199 -0.09947880 0.10925292
-0.11777161 0.20701437 -0.16297333
-0.13655330 -0.01140137 0.00793112
0.14972234 -0.41476578 0.16023476
-0.10304078 -0.09929859 0.15453583
-0.13674401 0.24700335 0.08382694
-0.10611272 0.10242943 -0.12448759
-0.14252359 -0.00612922 0.00588517
-0.10583743 -0.15469147 0.08587379
-0.15281200 0.08655211 -0.02818906
-0.10113215 0.26129249 -0.12372729
-0.01099958 -0.10510436 0.14928418
-0.13382323 0.29426533 -0.14224467
0.03617655 -0.14751789 0.15996711
-0.11011627 -0.13092750 -0.18529427
-0.08270506 -0.10236756 0.17288625
0.16734129 -0.16988845 0.18709649
0.00879320 -0.13826628 -0.19191715
-0.10997747 -0.22615743 0.18374753
-0.12425715 0.07721194 0.13366607
0.16959687 -0.40968922 0.17283952
-0.11933777 0.40149069 -0.06546530
-0.11083617 -0.31771991 0.16342512
-0.14159903 -0.15297578 -0.04199668
-0.15459783 -0.03201496 0.00843185
-0.14056736 0.33820781 -0.00009596
0.08117273 -0.10699717 0.16150722
-0.11700956 0.30903319 0.16811991
0.15020813 -0.16780721 0.15546545
-0.12053595 0.23106869 0.12231750
-0.10778734 0.02164600 0.16812254
-0.14576152 -0.03916342 0.00976462
-0.13050467 0.26906499 -0.06930815
-0.05788301 -0.14600407 0.16013291
-0.11594005 0.22113931 0.15963623
-0.06625662 -0.10144324 0.16290820
0.17811386 -0.12922084 -0.07860823
-0.15316460 0.22486018 -0.09087336
-0.14507049 0.07785684 0.03965580
-0.15418170 0.16914946 -0.06049747
-0.09969740 -0.10318859 0.17736137
-0.14166069 0.27146441 -0.06440514
-0.08578908 -0.26994383 0.16941367
0.04111147 -0.15382214 0.02640386
-0.13851376 -0.08521234 -0.15375502
-0.08450098 -0.27343822 0.16931294
0.17474435 -0.13863152 0.13884668
-0.15425996 0.12330903 0.01610677
-0.12290645 -0.00391328 -0.06470381
-0.16582043 0.34359032 0.08425240
-0.04173583 -0.13787226 -0.14773804
-0.15275131 0.26522505 0.07796518
-0.09798303 0.35357672 -0.14143586
-0.09761853 -0.22576717 0.17336601
-0.11989567 0.26114717 0.03348003
0.15549153 -0.15188208 -0.06737229
0.08501148 -0.13988249 0.13646027
-0.11181214 0.26525852 0.05084889
-0.10257152 0.36229193 0.08462796
-0.11000821 0.36049950 0.05150663
-0.11605567 -0.22103518 -0.14988591
-0.15721104 0.09045266 -0.04799011
-0.10796282 0.04341105 -0.17202139
-0.14860186 0.00885475 -0.07851287
0.06463961 -0.11968253 -0.18010885
-0.12142027 -0.13401303 -0.18561965
-0.16780412 0.39379048 -0.00669039
0.13392146 -0.17178734 -0.16525969
-0.11355933 -0.36690003 -0.15980706
-0.13939382 0.05388126 -0.06688862
-0.16900165 0.35052383 -0.03029214
-0.13721624 0.08911604 0.04692344
-0.08573657 -0.25995550 0.17019902
0.01454536 -0.10220609 -0.05576576
-0.13518013 0.30822313 -0.14059113
-0.10668941 0.21517748 0.12978508
-0.04959887 -0.14650917 -0.07842765
0.09790772 -0.11580170 0.10734615
-0.13992612 -0.13872093 -0.17418498
-0.16508818 0.37402600 0.05884687
-0.13621522 0.14877583 -0.04640374
0.03309225 -0.14676295 0.03123578
-0.16123264 0.40081996 0.08085306
-0.11869404 0.05772509 0.15842140
-0.12505360 -0.10341585 0.10125373
-0.12647910 -0.06876199 0.05857106
-0.11450084 -0.41049320 0.16658217
-0.13159244 -0.14602746 -0.09477476
0.04096447 -0.12632510 -0.19319725
-0.09467282 -0.23971310 0.16849110
-0.11498530 0.29413545 -0.00700150
-0.11915122 -0.11035595 -0.05458456
-0.08220343 -0.14289781 0.06642226
-0.11549062 -0.11588928 -0.07409564
-0.10774073 -0.21052030 -0.14996585
0.14039786 -0.26470554 0.18196568
0.00914274 -0.10845669 0.08655953
0.16161941 -0.33104819 -0.16023614
0.12510280 -0.14029247 0.09391654
-0.13463482 0.34991884 0.15272839
-0.09583258 -0.23895726 -0.16304462
0.08238918 -0.13989040 -0.08034237
-0.00189733 -0.10911550 -0.13521335
-0.05085562 -0.15446638 0.02746044
0.15519062 -0.16856113 0.17721693
-0.05740220 -0.14601183 -0.06354684
-0.13529280 0.06325749 -0.03123887
-0.11994392 0.19990695 0.12600076
0.12189449 -0.11189707 0.01567166
-0.10780966 0.20065735 0.12875754
-0.13091938 0.18640998 0.09922793
0.06059485 -0.14234163 -0.11462565
0.14984088 -0.14887227 0.14761047
-0.16003090 0.19196223 -0.04459522
-0.15483084 0.36909318 0.10820025
-0.12944454 0.25524148 -0.11177601
-0.14881463 -0.03511700 0.04978887
-0.11451133 -0.03231151 -0.10153200
0.14372586 -0.13994810 0.07751656
-0.08603427 -0.13437879 0.18707582
0.06499635 -0.14324331 -0.11135138
-0.00367779 -0.10929497 0.04725711
-0.11503978 -0.34339082 0.17403273
-0.07048083 -0.13604203 -0.13525932
-0.10308486 -0.19678678 -0.17035110
0.11584074 -0.11402845 0.00956636
-0.10850972 -0.13035750 -0.13458858
-0.16002284 0.22039680 -0.07194640
-0.11406752 0.20145765 0.15662615
-0.12155317 0.04622658 -0.12789917
-0.11405232 0.27016884 0.08386632
-0.15640396 -0.11723723 -0.04490811
-0.11232431 0.25491089 0.15932901
-0.15202849 0.11579961 -0.00540575
-0.15557462 0.18473859 0.02901830
0.02285280 -0.11674026 0.13010767
0.03073429 -0.13947830 0.02344764
0.12589227 -0.13685195 0.19011672
0.14646095 -0.25381017 -0.17140192
-0.10254668 0.41020986 0.05924080
-0.16358890 -0.08531199 0.04951714
-0.11901347 -0.00604074 0.12092033
-0.15253772 0.15482858 -0.01733275
-0.12986712 0.08637153 -0.13017976
-0.13955851 0.26374573 -0.13918230
-0.14455251 0.34164470 -0.15920541
0.17300482 -0.12375949 0.08200408
0.02542510 -0.11901387 0.16639248
-0.14943595 0.40747923 0.00062377
-0.11534511 0.17876169 0.09022471
-0.13849686 0.35276237 0.15499203
-0.12173650 -0.05220606 -0.17165637
-0.13906774 0.41160044 -0.01702394
-0.10315184 0.31446627 0.14255755
-0.11970688 -0.15706626 -0.06452393
-0.11282767 0.14011671 0.16364680
-0.13035944 0.06430040 -0.07408588
-0.14158675 0.34729999 -0.03592673
-0.13538826 0.31730530 -0.12653700
0.11430731 -0.11796191 -0.13771272
0.16052304 -0.21949126 -0.16834664
-0.10258564 0.33247727 -0.09034151
0.11936520 -0.14836195 0.16360554
-0.14469157 0.02534416 0.06869904
-0.10866953 0.28599280 0.14749850
0.12942821 -0.16001655 0.16198753
-0.08971568 -0.08052427 -0.13095623
-0.13296343 0.12007862 -0.07852712
-0.14041673 0.28299284 -0.00731823
-0.10241808 -0.13826193 -0.18877733
0.17509747 -0.15160143 -0.15545279
-0.10452045 -0.31538633 -0.15780784
-0.03580789 -0.13061690 0.18994874
-0.04761916 -0.12210743 0.05928264
-0.09922747 0.12705673 -0.09385264
-0.11548024 -0.12681192 0.10755244
-0.13484305 0.10525109 -0.01986690
-0.11119795 -0.09667486 0.10086782
0.17805181 -0.11865617 -0.13479544
-0.05889290 -0.13526630 -0.01122709
-0.07198050 -0.15499526 0.14895934
-0.16247384 0.35715118 0.07887141
0.16526912 -0.29149550 0.16677734
0.15560941 -0.34746367 0.16311309
0.09553336 -0.15101199 -0.03864460
-0.14736371 -0.05293361 0.01564011
-0.14810063 -0.08027158 0.08834480
0.16610023 -0.12488874 0.08454543
0.00547941 -0.14753616 0.13683866
0.15340629 -0.15397561 0.00487935
0.14383332 -0.11849458 0.11747567
-0.16403571 -0.14005926 0.02408816
-0.15248016 0.40702313 -0.08857944
-0.14168386 0.02716791 -0.09441434
-0.13688999 -0.05478000 0.01954200
0.14706668 -0.21032679 0.18138848
-0.02398254 -0.15071337 0.03468587
-0.10627008 0.32881349 -0.03168584
-0.15898439 0.38506410 0.09842551
0.03660856 -0.11801166 -0.11845804
-0.10854625 0.23252195 0.15763503
-0.14681913 -0.04425801 -0.04277519
-0.12058803 0.26395184 0.13859436
-0.15384336 -0.14736861 -0.03941194
-0.11345622 0.31274629 -0.02212960
-0.11333054 -0.28224766 -0.17514835
-0.16796517 -0.12928328 0.07769851
0.13201809 -0.17491314 0.14591794
-0.09128087 -0.16939799 -0.18550806
0.12098801 -0.10909223 -0.18055589
-0.15956102 -0.13343945 0.14557202
-0.00173273 -0.11160231 0.13974415
-0.08833349 -0.11523762 0.14253153
0.14664888 -0.15533394 0.18064053
-0.12179211 -0.04507140 0.16221741
0.16782740 -0.15314692 -0.04557503
-0.06147440 -0.15798497 0.07378772
-0.14735004 0.06628818 0.05119206
-0.13508245 0.27636191 -0.12736005
-0.06862532 -0.15260710 0.17822064
0.16830496 -0.15712273 0.18158506
-0.14034180 0.24996589 -0.10898015
-0.15100017 0.23328146 0.05294971
-0.09311443 -0.14391164 -0.18594089
0.14761764 -0.17691422 -0.17357500
-0.06654037 -0.13222657 0.18485266
-0.13408777 0.23280615 0.06836179
-0.14568955 0.12305560 0.06214050
-0.11881867 0.30935729 -0.16888131
-0.13124165 -0.12092667 -0.17476040
-0.09365489 -0.24194635 -0.16973421
0.02393613 -0.14497179 0.08512001
0.07112367 -0.14218883 -0.14677298
0.15208165 -0.25913081 0.16029878
0.09260032 -0.12502356 0.18729909
-0.13849495 0.29046077 0.13105237
0.17661951 -0.22401430 -0.16724397
-0.11858492 -0.34308428 -0.16516820
-0.15265365 0.11123094 0.06131129
0.18183365 -0.14951015 -0.01440805
-0.12766717 -0.11359849 -0.06979720
-0.10865752 0.23520076 0.12903154
-0.14265142 0.00483424 -0.00659133
-0.09633776 0.34674212 -0.14360619
-0.15023768 -0.11335023 0.13850990
-0.12704685 -0.10299562 -0.18062788
-0.16601898 0.33901924 0.05896016
-0.13769731 -0.05666061 -0.03578686
-0.12263096 -0.14866956 0.05004293
0.15106854 -0.26938537 -0.17273378
0.17354859 -0.15288877 0.13689195
0.14774445 -0.38430047 0.16396159
0.18342137 -0.13008158 0.03747311
0.15023556 -0.29843941 -0.17673613
-0.10919469 0.03969971 -0.11043322
-0.12471945 0.15121138 -0.09116443
-0.12713635 -0.01603067 0.06421375
-0.09643153 -0.29973024 0.17906496
0.18723497 -0.14267679 0.06856970
-0.10420136 -0.11116366 0.18874477
0.11117806 -0.10215408 -0.16814333
0.12494290 -0.13066772 0.14920041
0.01202100 -0.14879839 -0.06245429
-0.11144156 -0.24765193 0.16170034
0.13408870 -0.15928167 -0.10564382
-0.11339925 0.20185736 -0.15648764
-0.10749764 0.34868076 -0.07834972
-0.16342448 0.28455186 0.06372510
-0.08611112 -0.10948239 0.14392903
0.15792166 -0.32797065 -0.15366872
-0.10156019 -0.17494883 -0.17537703
0.13099363 -0.11877202 -0.01331446
-0.16807251 0.29261798 0.04258265
-0.11366560 0.41302031 -0.02039567
-0.13388224 -0.08485606 0.08235038
0.18202829 -0.13243237 -0.08354434
-0.13203789 0.40865928 -0.06601125
-0.12318279 -0.15089451 -0.08366840
-0.10941433 0.30161411 -0.08358587
-0.07825286 -0.12752859 0.16363189
0.12990853 -0.16033028 -0.18033428
-0.09705350 -0.11173296 0.16742873
-0.14185217 -0.13119715 0.08698276
-0.12577093 -0.13354404 0.08881857
0.12206315 -0.11825339 -0.14605370
-0.14099887 0.38164082 0.11628788
-0.13464960 0.05062864 -0.06053983
-0.09723067 -0.20496576 0.15163335
0.04492230 -0.14156668 -0.00889298
0.04089363 -0.15071729 0.14370620
-0.01780201 -0.14570314 -0.03690129
0.11196198 -0.12341012 -0.18849497
-0.14513698 -0.11801112 0.09663320
0.08802018 -0.14294885 -0.00622292
0.14842646 -0.18866850 -0.18419646
0.12583509 -0.10098249 -0.17196833
-0.13081948 0.23892128 -0.00431432
-0.14824489 0.13619313 -0.02015809
-0.08908864 -0.09687401 -0.12224770
-0.16847776 0.32457897 -0.02523388
-0.14603586 -0.03783379 0.03993400
-0.12294011 0.33624426 -0.14377882
0.14215650 -0.11398984 -0.00390941
-0.11512886 -0.25893795 0.16092877
-0.13909300 0.17550835 -0.02223434
-0.16808346 0.31021073 0.07541787
0.03972371 -0.10638414 -0.13740328
-0.17160848 0.35709941 -0.04458423
0.08055134 -0.15258026 0.05032381
-0.09919761 -0.15472236 0.19206466
-0.00537939 -0.15091562 0.14927505
-0.04212413 -0.12368435 -0.07344520
-0.08500420 -0.30378368 0.18201207
-0.12766987 -0.02146671 -0.01285777
0.07390409 -0.13489299 -0.08150334
-0.13941664 0.05913293 -0.01823421
-0.10419460 0.36151588 0.13905595
-0.13890192 0.04052354 0.02749717
0.16457877 -0.31783435 0.18263046
-0.14533043 0.34053528 -0.15521713
-0.10165784 -0.17712644 0.17590390
0.07151844 -0.14057969 -0.00604151
-0.16764347 -0.13042857 -0.06067742
-0.10556305 0.38745061 0.15342362
-0.12463303 0.28515154 -0.05917382
-0.12189653 0.14560531 0.03465180
0.08299110 -0.14147899 0.11723363
0.03682259 -0.13972957 0.00952278
-0.11086151 -0.03001783 -0.09261072
-0.06181931 -0.11068246 -0.03692090
-0.11316331 -0.40996090 0.16677354
0.13696127 -0.16673346 -0.18540882
-0.09408532 -0.14220265 -0.01846453
0.14236338 -0.19238871 -0.17038566
-0.13800651 0.03892875 0.00071072
-0.12076453 -0.06262465 0.09115100
-0.16242459 0.00666373 0.00331751
-0.17037347 0.27297810 0.02521725
-0.09679841 0.25790274 -0.11447423
-0.12362454 0.43030217 0.00099463
-0.14327952 0.03773391 -0.08345179
-0.15974836 0.20649441 -0.08632103
-0.04314059 -0.14168230 -0.14455503
-0.13744932 0.09307102 0.02937886
-0.14257400 0.42900020 0.07412390
-0.15954319 0.23250991 0.06855407
-0.05753000 -0.13839325 -0.16927345
-0.12975729 0.27874893 -0.10149790
-0.14333948 0.39606029 0.14276385
0.17143932 -0.12738054 -0.02159076
-0.05050209 -0.11366369 0.02311147
-0.09265032 -0.09942438 0.02430542
0.02160594 -0.10646200 -0.14634705
-0.11545106 -0.19496652 0.17509696
0.15309244 -0.15183730 -0.02243986
-0.03691068 -0.14349087 -0.14636627
-0.16254818 0.27041957 -0.04392808
-0.10913572 -0.17709589 -0.16464214
-0.13044065 0.02819301 0.04496388
-0.13252252 0.17791569 0.15554786
0.07629426 -0.10949343 -0.13167791
-0.12364694 -0.37366438 -0.15698591
-0.04179442 -0.14501163 -0.06824306
-0.12426625 -0.02242795 0.14048138
0.02743248 -0.10991645 -0.12952133
-0.15485263 0.41903618 -0.08187851
-0.07918350 -0.09909781 -0.14704588
-0.09441695 -0.24712647 0.17387281
0.15674083 -0.27999818 0.16311319
-0.11925102 -0.20715477 -0.12424897
0.03373506 -0.12680185 -0.19161685
-0.13646041 0.19219454 -0.03171993
-0.15658532 0.24435870 -0.06595546
-0.10683049 -0.11587785 -0.00109341
0.03221917 -0.14587663 -0.12291180
-0.10979928 -0.16622680 0.14347309
-0.01061407 -0.12432925 0.08776256
0.17987522 -0.12882918 0.14585948
-0.12555628 -0.12017100 0.14812429
0.13295589 -0.15014049 -0.14501980
0.14891824 -0.39462367 -0.17119890
-0.01566529 -0.14561269 -0.02199444
0.12501125 -0.14980197 -0.04860038
-0.15052095 -0.04004152 -0.01260500
0.08244058 -0.11103722 0.08144286
-0.10228558 0.14359103 0.16487958
-0.12895344 0.29741272 0.05633477
-0.11405857 0.02673082 0.13037917
-0.12773262 0.26366168 0.15266408
-0.11446806 0.29545063 0.14556032
0.06394443 -0.11380257 0.04966529
-0.11446188 0.23638262 0.17008486
0.13379811 -0.15453301 0.05930310
-0.14504713 0.11245714 0.04559145
-0.11384081 -0.14578629 0.00656622
-0.10209207 0.06279565 -0.13768193
-0.10509396 -0.32439432 0.16270687
-0.15434572 0.30633929 0.06731248
-0.10761146 0.26444161 -0.10742246
-0.15809734 0.27064615 -0.04878546
0.14111474 -0.32167786 0.17140372
0.03387723 -0.14584334 -0.04609401
-0.10443635 0.07203425 0.15268373
0.01684552 -0.14625929 -0.10609628
-0.11276073 0.26300016 0.00889569
-0.15952390 -0.13695523 -0.05704495
0.00916445 -0.14625052 0.10353970
0.15748104 -0.19055408 -0.17371543
-0.16398394 0.40089694 0.00303860
-0.11637028 -0.17433220 0.14615695
-0.13306305 0.08879267 0.02723517
-0.15944722 -0.10998516 -0.04783166
-0.16294153 0.42361379 0.00540320
-0.14721482 0.19715630 0.09658347
-0.02863778 -0.12163059 0.09237858
0.15342471 -0.17802042 0.17734186
-0.14290108 0.26864493 0.05470390
0.06824426 -0.13398074 -0.19669750
-0.12598489 0.02956451 -0.15683451
0.14397472 -0.31273678 -0.18073881
-0.16628726 0.29175377 -0.06331074
-0.02631509 -0.11567409 0.15366910
-0.12246515 0.30936307 0.08249314
0.16537826 -0.29753754 0.17657219
0.16833051 -0.14606492 0.00190670
0.04083457 -0.11437967 0.07990770
0.15507340 -0.12727678 0.16498247
0.04171003 -0.14747976 0.15317641
0.07403828 -0.12980148 -0.09013837
-0.13552465 -0.09887331 -0.01697329
0.14102960 -0.11139370 0.17546134
-0.16747989 -0.13858956 0.05937717
-0.14766440 0.10258390 0.05547144
-0.12588255 0.25025839 0.13055573
-0.12317662 0.28547305 -0.03244975
-0.11330658 0.19954684 0.15603371
-0.10567420 0.27274695 -0.15626433
-0.16060965 0.25653133 -0.05202834
0.15718123 -0.14609577 0.10497101
-0.13448732 -0.02317140 0.08628604
-0.15031198 0.38155657 -0.14555633
-0.14196473 -0.14763544 -0.04862123
-0.09863902 0.00314217 0.15434624
-0.12509479 0.18966782 -0.13086812
0.07648392 -0.11670540 -0.17350394
-0.12497005 0.17961329 -0.07615890
-0.08690614 -0.36076489 0.16126649
-0.16713224 -0.08111575 -0.05547404
0.14880195 -0.24264011 0.18192802
-0.14540796 0.21278468 0.04433361
-0.12024294 -0.08837842 0.05168024
0.15664741 -0.30869320 -0.15921606
-0.01129071 -0.12763810 0.18969333
-0.06177083 -0.14793217 -0.06868741
-0.10424285 0.25407812 0.13761617
-0.13201140 0.08615883 -0.01278432
-0.11490194 0.05749029 0.15292965
0.14770584 -0.15088831 -0.17898600
0.08870415 -0.14520296 -0.14413591
-0.11362732 0.39940292 -0.02003987
0.17180294 -0.14791301 -0.05534605
-0.07555801 0.33593827 0.15374380
-0.10886581 0.41281199 -0.09813063
-0.15703000 -0.11261824 -0.09644796
-0.13568555 0.14629415 0.04383792
-0.11711188 -0.15589921 0.15250877
-0.02964489 -0.10602623 0.07243155
0.12182672 -0.11201201 -0.16086233
-0.11534300 -0.12719978 0.06630644
0.15975621 -0.24493019 0.18315887
0.17497404 -0.15141743 0.10597823
0.12770301 -0.11546957 -0.03742826
-0.15917082 0.29338413 -0.04124693
-0.16854596 0.36357847 -0.03717036
0.16467150 -0.29190642 0.17165647
0.00312450 -0.11899197 -0.08916450
-0.03717852 -0.12881629 0.17946255
-0.04018960 -0.13875856 0.18492681
-0.10996889 0.18178979 -0.12802866
0.11284092 -0.13045813 -0.07311811
-0.09936661 0.34806520 -0.13901863
-0.14824830 -0.10356224 -0.16499144
-0.07614049 -0.12998937 -0.17045543
-0.08918215 -0.09521794 -0.14763594
-0.07544936 -0.14679576 0.16910394
-0.10427084 -0.39930663 -0.16864991
0.16953093 -0.15473275 -0.10170660
0.01080366 -0.10683902 0.01962999
-0.08184338 -0.12392652 -0.19160052
-0.13722628 0.32636526 0.03598426
-0.13378678 0.30190623 -0.12822928
-0.10199405 -0.13008985 0.11079462
-0.11224338 0.37173232 -0.08019418
-0.10924987 0.25785208 0.15740374
-0.11622953 -0.15269317 0.12402440
0.03060224 -0.14102118 0.04746819
-0.15015513 0.28237951 0.03155718
-0.12953211 0.24920627 -0.09562675
-0.11989693 -0.13573122 0.12120408
0.18077584 -0.13964307 0.09963202
0.01376057 -0.15422729 -0.02828898
-0.14421198 -0.06316321 -0.09369598
-0.10794907 0.28938994 -0.15372701
-0.14486396 -0.12722425 -0.05929380
-0.13199075 0.03129163 -0.08536451
-0.17307496 0.35001341 0.04760784
0.02645935 -0.14245738 0.07875111
-0.04917815 -0.11864044 -0.13919035
-0.02065197 -0.14690426 0.18581407
-0.12617844 -0.00953973 -0.06080016
-0.09991574 0.15074441 0.13996755
0.04216771 -0.14375821 0.01725346
0.12979761 -0.13478386 0.11544947
0.12093188 -0.12317479 0.05266577
0.03855994 -0.14677206 -0.02631332
-0.11606043 0.08734711 -0.11144653
-0.16196512 0.34400809 0.09400681
-0.13883831 0.05268462 -0.02492777
-0.10791007 0.03615004 0.12629606
-0.12223186 -0.00776371 0.15022431
-0.13816474 0.23585817 -0.13500834
-0.10359024 -0.18497407 0.18303862
0.16320090 -0.19906110 0.15611453
-0.02140689 -0.13786551 -0.19454022
-0.15788920 -0.04614673 -0.04307283
0.18520087 -0.14915860 -0.11515758
-0.02159694 -0.11644733 0.03591411
0.15720055 -0.16738655 -0.16940211
-0.13377407 0.12102434 -0.00642564
-0.10734558 -0.16156186 -0.15185380
-0.12813064 0.25683954 -0.09189139
-0.14730076 0.30731183 0.11905882
-0.15377767 0.29280317 -0.07227808
-0.12359127 0.12069540 0.16427858
-0.09339361 -0.23098831 -0.17117849
-0.10990113 -0.27995980 -0.17707130
-0.14433256 0.30843014 -0.14003995
-0.09688625 -0.10000947 -0.03172593
0.08698495 -0.13706493 0.04541549
0.12016800 -0.12074873 0.17665781
0.14060619 -0.16488117 -0.17460994
-0.09677151 0.40124103 0.06831688
-0.02932694 -0.12165624 0.17532210
-0.16817285 0.36600605 -0.06120206
-0.10812421 0.34003907 -0.10641941
-0.11218275 0.36557245 0.16186851
-0.12467162 0.17044896 0.08175646
0.16876756 -0.12763008 -0.16588068
-0.15280518 -0.10959218 0.14583118
-0.12976839 0.06335900 -0.03299895
-0.16884592 0.30713370 -0.06729351
-0.17284609 0.32484865 0.01553978
-0.02012003 -0.12407804 -0.18689540
-0.10742947 -0.10697189 -0.02897780
-0.15465814 0.35389063 0.09313434
-0.12944543 0.03665071 -0.15426414
-0.12764329 0.00119297 -0.12697844
-0.15840501 0.40146342 0.08174803
-0.03365561 -0.12164636 -0.09408315
0.14008242 -0.17445838 0.13801308
-0.14117128 0.04696775 0.09560564
-0.15471427 0.41756329 -0.06980243
0.04371321 -0.12970115 -0.19096172
-0.14305270 0.09556829 -0.03126141
-0.14432384 0.17449199 0.06581988
0.12160676 -0.15768734 -0.16378509
0.11436097 -0.15014161 0.11784224
-0.15782468 -0.14338426 -0.05501019
-0.10775862 -0.15146069 0.04647617
-0.13031185 0.32540068 -0.03505185
-0.11296400 0.05888980 0.14367341
-0.10422376 -0.16938631 0.18159440
-0.08050125 -0.24053600 -0.17725912
-0.09596845 -0.40030149 0.18509011
