-0.22237857 -0.13870488 -0.24747910
0.21706837 -0.06693452 0.08901118
-0.04758606 -0.09452276 0.33826962
0.02417250 0.18846764 -0.28353852
0.17446136 -0.11545189 0.12127487
-0.22530030 -0.21647204 -0.07170802
0.07422856 -0.26689729 0.30214700
-0.12691994 -0.01717411 -0.03197239
0.11915406 -0.01026031 -0.11780495
-0.21813050 -0.20113008 -0.31294635
-0.08442914 -0.07340506 -0.04930628
0.09921190 -0.02692152 -0.22074123
-0.04637269 0.22262901 0.32841972
-0.11876684 -0.25620708 0.00739338
-0.16022523 0.26741463 0.21229669
0.01048586 0.18467906 -0.28147063
0.19940475 0.13530116 0.32015020
-0.22165798 0.16879305 -0.27404892
-0.11382000 0.20852350 0.26115876
-0.03820695 -0.17923746 0.34622437
-0.21327308 -0.09094611 0.20113099
-0.13792799 -0.00537257 0.18721490
0.17884643 -0.23012365 0.08464142
0.18684891 -0.12262031 0.24698220
0.21229842 -0.10763514 0.33816099
0.02028175 -0.23475115 0.08059645
0.17517368 -0.23369256 0.22712000
-0.21593323 -0.24310598 0.15332824
-0.13918631 0.04497384 -0.28672069
-0.12279072 0.08345920 -0.33258626
-0.06332273 0.13490345 -0.26985526
0.15468659 0.00111540 0.24296975
-0.01141238 -0.08550412 0.16932201
0.21083502 -0.19121164 0.33391434
0.21346350 -0.11907109 0.26840657
-0.05451285 -0.17372054 -0.33521438
-0.01508092 -0.00728397 0.22112857
0.21205680 -0.28184953 0.31432950
-0.16202475 0.18223888 -0.17705347
-0.22528528 -0.15428087 0.06743827
0.14111207 -0.20944692 -0.21248250
-0.13439810 -0.00365383 0.12044187
-0.05552010 -0.03626761 -0.26611418
0.21168000 -0.05453626 0.30814877
-0.03197721 -0.22966294 -0.06660818
-0.11229768 -0.08980425 -0.34291404
0.04191805 -0.02779992 -0.18588477
0.20607027 0.22581403 -0.29809633
0.19480592 0.02609742 0.26444995
-0.23042414 -0.17208037 -0.12115312
0.12516856 -0.00944295 0.05058434
-0.10255910 -0.13653943 0.33833820
-0.14455929 -0.00806070 -0.01017348
-0.01395685 -0.24814387 0.25657809
0.13213962 -0.19214711 -0.05540561
-0.09348555 -0.23843385 -0.19998012
0.08238102 -0.23410709 0.13280785
-0.03523350 -0.22990105 -0.06391601
-0.12598713 0.12913883 0.26777494
-0.20643336 0.11455068 -0.31979209
0.20671800 -0.24723041 0.20475778
0.09393776 0.04190658 0.33258712
-0.16110471 -0.23088199 -0.05700119
0.09813887 -0.10128028 0.33375368
0.05514176 -0.24535066 0.34299549
-0.13110036 0.07601728 -0.01787434
-0.14162175 -0.21797235 -0.24056448
0.13573386 -0.17210731 -0.17877330
0.14118499 -0.01117153 0.33748582
-0.06903696 0.22797397 -0.29521120
-0.14249507 0.18833882 0.22543037
-0.20136675 0.11287628 0.32455435
-0.08735180 -0.23003948 -0.33798110
-0.01310482 0.11278723 -0.33307365
-0.18794477 0.28495285 -0.30709609
0.04391612 -0.06215613 0.28466240
0.21637437 -0.09880031 0.14509219
0.04931614 0.10280063 -0.32213390
-0.21878724 0.10035969 0.22754522
0.21969007 0.13911043 0.26961869
-0.15787569 0.18755692 0.23889957
-0.22407329 -0.07297029 -0.14016497
0.12064668 0.18204528 0.27161202
0.04435550 -0.20779234 -0.26987088
-0.02389669 -0.18213032 0.03444135
-0.01290037 -0.20877634 -0.26275089
0.10438907 0.23128273 0.30214679
-0.13236111 0.05182564 -0.22039694
-0.10188200 0.00704568 0.19445008
-0.11589948 -0.06957663 0.33636814
-0.22987284 0.08805223 0.26327246
-0.08262461 -0.09594965 -0.13419712
-0.19983137 -0.02354922 0.32930487
-0.17911544 0.00554280 0.23355103
0.22014853 -0.15690242 0.15709805
-0.22998233 0.29074040 -0.07770277
-0.22807944 -0.00005015 0.26291236
0.05008074 -0.23974037 -0.22012500
0.06696662 -0.00785608 -0.13448779
0.03507999 -0.01318867 0.33918074
-0.22143026 0.06089688 -0.26745111
-0.15186416 0.25964344 -0.25283113
-0.00613316 -0.09324013 -0.24724904
-0.06422576 -0.24156585 -0.07137004
-0.16267106 -0.24101958 0.12339994
0.15683283 -0.22506186 0.07734611
-0.14639559 0.18248886 0.25273189
-0.22567403 0.17142116 0.00128669
-0.22815864 0.01598210 0.26947495
-0.22553572 -0.20533843 0.17403774
-0.09326235 -0.09284367 -0.12529373
-0.22105975 0.23465148 -0.25549096
0.21270084 -0.12056565 0.29904273
-0.22704646 -0.10611320 -0.02382999
-0.07376704 -0.02219794 0.10741495
0.09108678 -0.02144946 0.33517778
-0.22249703 0.00992363 -0.04275113
0.03940834 -0.00174971 -0.33468810
0.18043850 -0.25761351 0.22085465
0.21501973 -0.04602151 -0.24458463
0.21604376 -0.17790945 -0.16363123
-0.20528667 0.28657007 -0.22142613
-0.22447844 0.28875467 0.22585678
-0.14128847 0.02385133 -0.16019604
0.10888433 0.05627833 -0.33555800
-0.11947424 0.29114044 -0.30748960
0.01176042 -0.07221927 -0.25321698
-0.22831747 0.28968039 -0.11298612
0.06283446 -0.23813228 0.16329354
-0.09091644 0.13739571 0.27654681
0.02057377 -0.16710690 -0.34218398
-0.05358778 -0.14226702 -0.33196393
0.21217918 -0.11240134 0.30649278
0.08816546 -0.23499599 0.06729176
-0.18032175 -0.24191821 -0.16050489
-0.14080718 0.22028279 0.28729126
-0.15941262 0.09599448 0.06388026
0.19201706 -0.23648736 0.33058429
-0.22102837 0.09896487 -0.11055633
0.13679323 -0.16202518 -0.33686641
-0.04087509 -0.05349291 0.25130773
-0.22807001 0.29590142 -0.05351241
-0.22028507 -0.14908077 0.28383443
-0.08129059 0.24725616 0.32596663
-0.22600767 0.10087352 -0.00581012
0.21072339 -0.05063230 -0.17443141
-0.12265579 -0.05811774 -0.23730867
0.13948324 0.00436992 0.26078868
-0.08168699 0.22249655 0.30801040
0.08337402 -0.23678696 0.01934749
-0.06379512 0.09649862 0.28309250
0.18591203 -0.28728637 0.30199486
-0.19720155 0.02978943 -0.33501151
0.20477140 0.00057159 -0.26548317
0.08637878 -0.03536155 -0.18815435
0.07538463 -0.13297355 -0.33705503
0.05470128 0.03538439 -0.26239681
0.06539544 0.10639499 0.26583773
0.17715774 -0.09883256 -0.07679051
0.02826126 -0.03288676 0.33373734
0.01921860 0.16432086 -0.33145109
-0.22608249 -0.11899234 -0.18962091
0.20991020 -0.18863699 -0.27612296
0.19473554 0.19500387 0.28925210
0.20879452 -0.11966081 0.06690897
-0.14525057 -0.06760928 -0.21445650
0.10293948 -0.22913477 -0.12536024
0.08098693 -0.21727040 -0.01762126
-0.19419673 -0.24268699 0.12949979
-0.22248812 -0.21862118 -0.00783305
-0.19592868 -0.24344501 0.16949712
0.04148589 -0.08503094 0.06210215
-0.22455379 -0.02937896 0.23070538
0.02298122 -0.24508280 -0.33913833
-0.22740383 0.21748826 0.15345761
-0.22362718 -0.07422877 0.24501196
-0.16845152 0.23881415 0.11095749
0.20280193 -0.25316983 0.25062299
0.15033083 0.16039988 -0.33077678
-0.22643626 -0.18519686 -0.20132016
-0.22305934 -0.10704162 -0.20903198
0.03113340 -0.19764918 -0.33557156
-0.22252475 -0.01997804 -0.17956243
-0.23105800 -0.20322284 0.26106903
-0.22521801 0.13810618 -0.05876032
-0.21931626 -0.19570057 -0.24690485
0.03766848 0.10439932 -0.27289337
0.16504323 -0.23343328 0.10530420
-0.15046968 -0.09345256 -0.25132340
0.18272036 -0.23220602 0.21997415
-0.22998658 -0.12233037 0.14622024
0.14000022 -0.28101936 -0.30331534
0.07507367 0.18284215 -0.33883891
-0.24537328 0.11981773 -0.12881307
0.17136636 -0.02401891 -0.05855010
0.05575534 0.14629260 0.26966992
-0.02189089 0.13547367 -0.28234237
-0.22439216 0.25122440 0.24259311
-0.11601871 0.07349138 0.33506942
-0.01841723 0.17036511 -0.31741440
-0.14654109 -0.23396163 0.01352791
-0.24297866 0.10402095 -0.09264231
0.16951941 -0.00993966 -0.13333654
-0.22180066 -0.26756653 -0.32593998
-0.24421875 0.13542421 -0.10664333
-0.21239185 -0.06298412 -0.32874119
-0.12715922 -0.18967409 -0.33667549
-0.11822978 -0.02055277 -0.02191832
0.02823736 -0.00426282 -0.21865103
-0.22768828 0.17458937 -0.29481694
-0.23079535 0.28182822 -0.01218909
-0.16752601 -0.08392628 -0.04740383
-0.16807899 0.23790036 0.08252612
-0.11655207 -0.20883887 0.09893472
0.03615056 -0.03872063 -0.06554844
0.16781056 -0.03711566 0.23475198
0.21299841 -0.09748799 0.13108888
-0.14690970 -0.26259643 -0.31906465
-0.12376270 0.09674377 -0.33166727
0.15780948 -0.22767965 0.27944571
-0.02866552 -0.07628021 0.00794895
0.17233409 -0.02870515 0.12517747
-0.22359225 0.08344516 -0.29593080
-0.05559194 -0.22386645 -0.14007163
-0.15802185 -0.18778464 -0.33624074
0.15775804 -0.02920764 -0.24116243
-0.14082032 0.05581496 0.03817454
-0.15669282 -0.13621446 -0.07213039
-0.07389339 -0.13223033 -0.32879367
-0.15567198 0.13964918 0.17364123
0.18648934 -0.01046206 -0.03517450
0.08237085 0.06506892 0.33366907
0.22109745 -0.12957673 -0.25098038
-0.20241180 0.29448450 0.00184206
0.04767190 -0.22956263 -0.32621038
-0.06578540 -0.23291171 -0.33661735
-0.05028718 0.16219951 0.33223835
-0.21455154 0.00919912 -0.33847654
0.21213429 -0.00581186 0.32241225
0.19648549 0.23122504 -0.29826716
-0.18756270 0.02389979 -0.29823530
0.21402343 -0.20988256 -0.17522261
-0.22971922 -0.13701701 0.17008235
-0.20905954 -0.01816515 -0.20586514
0.20405741 0.21899128 -0.29946849
-0.21834618 -0.09565306 0.31933644
-0.23302828 -0.03573447 0.27586806
-0.15924680 0.00962215 0.14933632
0.20190614 -0.08337545 -0.02745119
0.19226739 -0.25458756 -0.18454313
0.20089430 -0.26921362 0.25681952
-0.14438599 -0.25785205 0.18991768
0.21857236 -0.11813617 -0.16638628
0.04782764 -0.17366821 0.23869258
-0.08821957 -0.05566524 -0.22149338
0.03825836 0.04889874 -0.33462983
0.02155654 0.12729062 -0.27198130
-0.15959695 0.02369986 -0.34239170
0.21727648 -0.07293573 0.18365067
0.17410694 -0.28192759 0.33196458
-0.14011283 -0.24957494 0.33953446
-0.22544697 0.01201155 0.09867240
0.05811895 -0.01297074 0.03801334
0.19171745 -0.22672224 -0.26347426
0.11903769 0.05508552 -0.25155252
-0.23596551 0.26267621 0.11045627
-0.15803809 -0.23864427 0.06105004
-0.14491864 -0.23764700 -0.04633141
-0.22989409 -0.19235249 0.24920727
-0.03721285 0.23684777 0.32521462
-0.15727329 0.01954258 -0.23593093
-0.16232882 -0.10994606 -0.33688268
-0.04949735 -0.22372997 0.34440041
-0.19009532 -0.16419530 -0.12180641
0.18385211 -0.26308161 -0.27554491
0.06138562 -0.12463980 0.33750540
-0.20818500 -0.24274136 -0.16113612
-0.22778903 -0.16639777 0.22498131
0.13901137 -0.10005432 -0.33887497
0.03932546 -0.02133395 0.17016350
-0.22551413 0.29168212 0.21846214
0.19920838 -0.22592825 0.30843410
0.21726534 -0.21473429 0.22102281
-0.22149366 -0.02584942 -0.06945994
-0.10816887 -0.01781027 -0.01409113
-0.21032745 -0.20138906 -0.34473836
-0.13635117 -0.20106423 -0.27350655
0.04102074 -0.22257617 -0.09627199
0.18364398 -0.19592613 0.06455439
0.08537687 -0.04407716 0.03929264
0.18354698 -0.23364329 -0.29188570
-0.22551900 -0.22821081 -0.15997910
0.07724024 -0.26184389 0.25975627
-0.19499616 0.29152375 0.01133799
0.09246934 0.06041785 0.24686141
-0.05070212 -0.14944708 -0.33656114
-0.23206890 -0.24976267 0.26705602
-0.23052205 0.20900691 0.17967261
-0.23317225 -0.03112906 -0.31376424
0.09743881 0.01254717 -0.06268575
0.21915168 -0.10625020 -0.02152429
0.21793386 0.18050376 -0.28621128
-0.04719756 0.22453968 0.32237712
0.00759189 -0.19786905 -0.27235261
0.06118137 -0.07421144 -0.33533406
0.00389108 -0.25777927 -0.33360532
-0.05310544 -0.23960568 -0.08606140
0.05193081 -0.10351863 -0.32939011
-0.15164202 0.01264805 -0.23092365
-0.13059627 -0.01867926 -0.33949396
0.17087205 -0.24767907 0.04363288
-0.23748069 0.29110524 -0.30922943
-0.09262972 -0.23848720 0.21406977
0.06877960 0.23251489 0.31407174
-0.09449263 -0.23670274 -0.10212887
-0.16083640 0.26431674 -0.05365447
-0.13119633 0.27864003 -0.28685388
-0.05871053 -0.01268649 0.07034066
-0.21576986 0.08661781 -0.25063607
-0.22178125 -0.08703826 -0.31364396
-0.03373633 -0.24143381 0.23791403
-0.10629433 -0.23375939 -0.08989695
-0.22196124 0.12205457 -0.23030306
-0.20131251 0.10298230 -0.33373487
-0.03098179 -0.26381037 -0.32332864
-0.23066671 -0.19059707 -0.09121361
0.16899908 0.05863162 -0.25797117
-0.21479541 0.01582600 0.20725276
0.18713844 0.12019525 0.27216932
0.22047330 -0.22763301 0.08407481
-0.17991094 0.28753009 -0.12456512
-0.04716105 -0.08303313 0.02160137
-0.00766370 0.16029978 0.33183089
-0.16573940 -0.21493998 -0.34452805
-0.22863390 0.09344029 0.31338820
-0.15951563 0.27080837 0.31863740
-0.09564843 0.19384876 0.28795004
-0.23170617 -0.15536267 -0.19561371
-0.22144833 -0.09635642 0.06316330
-0.17939529 -0.22555476 0.28074524
0.04792914 -0.20674381 -0.33954343
0.11719181 -0.24793305 0.32104301
-0.17691925 0.12757982 0.31487358
0.19845964 -0.27839354 0.33294109
0.10564324 -0.23339209 0.16372819
0.19164278 -0.16274887 0.33529139
-0.00420553 -0.09501065 0.19644845
0.04230088 -0.00849134 0.11464249
-0.15633512 0.05415377 -0.03691204
-0.22615157 -0.16762137 -0.29467341
-0.16234520 0.27710342 0.27813557
-0.19428141 -0.27466890 -0.33247897
0.20983115 -0.25060666 -0.27209422
-0.22475696 -0.25686815 -0.29959729
-0.10658415 -0.05546138 0.04342820
0.11597811 -0.24930714 0.24686398
-0.14915463 -0.25470242 0.23313461
0.11089621 -0.23441507 0.09997866
0.17295973 0.14280289 0.25831169
0.11217678 -0.22518058 0.31878456
-0.22911687 -0.14746065 0.00605610
0.03828181 -0.23118722 0.08448917
-0.15692317 0.29770130 -0.31400371
-0.22364515 -0.28032288 -0.32490107
0.03421850 -0.22128332 -0.00284685
0.02231697 0.21366177 0.33135349
-0.07647856 -0.23383772 0.20026472
-0.09553488 -0.23065910 -0.21341260
-0.08696334 -0.03141937 0.24201855
-0.14934605 -0.01408866 -0.10386102
-0.20016403 -0.26454839 0.28999171
0.19643861 -0.03573855 0.33391523
0.10052679 0.16953985 -0.33096746
0.17483839 -0.11878289 -0.19830644
-0.06974102 -0.23970601 0.02658454
0.19259445 0.05338709 0.33399749
0.02169744 -0.10777086 -0.33964783
-0.22201183 -0.19702260 -0.25605357
-0.22968560 -0.15755245 -0.10879104
-0.22465791 0.00724569 0.02160546
0.21420431 0.04770038 0.31774318
0.03890385 0.17385626 -0.28272745
0.17767403 -0.03221264 0.12759525
0.03092407 -0.06934126 0.11337133
-0.14875574 0.02031706 -0.32157546
0.20643388 0.01869296 -0.26025161
0.21903634 -0.12214066 0.15821724
-0.14622709 0.23528840 0.09130997
-0.17655960 -0.00258757 -0.33956832
-0.23008649 -0.17290761 0.23993661
-0.16584550 0.19372810 0.18362740
0.12879959 -0.20925066 -0.21512049
-0.21857159 0.03431819 0.16728796
-0.16509643 0.29665491 0.22960825
-0.03461241 -0.01105195 0.22936898
0.07521518 -0.18346459 -0.33450541
-0.08858319 -0.23265401 -0.19214304
-0.21210718 -0.09801933 -0.34229875
-0.20355426 0.29166004 -0.10888979
0.15504248 -0.24009120 0.33814049
0.13742399 0.19315037 -0.33048013
0.06040290 -0.07530034 0.24857998
-0.18674506 -0.12836641 -0.34136707
0.19150692 0.01926228 0.33740693
0.02739470 -0.04804507 0.22321817
-0.03627108 -0.25175375 -0.20933208
0.02159007 -0.24048571 -0.14945810
-0.22965859 0.03320779 0.04028551
0.17437014 0.13089411 0.27605382
0.04967926 0.05790635 -0.33357272
0.17118907 -0.11747797 0.27469426
0.21487769 -0.06368034 0.03397676
0.06378104 -0.15285742 -0.15266383
0.10592262 -0.15037480 0.33930564
0.20671774 -0.18316048 -0.07408197
0.07800933 -0.22996394 -0.10902537
0.03450119 0.03153826 0.33378482
0.19839281 -0.09693939 0.21136570
0.13724746 0.17328320 0.33158696
-0.20223947 -0.04703677 -0.29039508
0.21836844 -0.14658511 0.21049076
-0.21908331 0.22252885 -0.26327676
-0.22405025 -0.15634269 -0.29041624
-0.20839253 0.29428089 0.24664855
0.10894685 -0.25321150 -0.32768303
-0.22426844 0.02773431 -0.29390746
-0.22689903 -0.15007466 0.17378187
0.13855311 -0.25348237 0.28697065
-0.05714881 -0.22545376 0.09664879
-0.08371063 -0.06821895 0.34037185
0.10206103 -0.25525171 -0.31242335
0.16455714 -0.23282032 -0.21768890
-0.16640562 0.27303472 0.17475642
0.15473148 -0.25582111 -0.18000489
-0.22385536 -0.21402192 -0.18050811
0.10211969 -0.03914455 -0.19153488
0.20774819 -0.24447949 -0.07838027
0.09662868 -0.04821796 -0.33824667
-0.15232918 -0.00971404 -0.09375739
-0.17133650 0.25472012 0.31834465
-0.21660885 -0.04180595 -0.32610735
0.21876797 -0.21863268 -0.17614654
-0.17614532 0.28301001 0.17140788
-0.23245130 0.05562259 0.13122886
-0.22900613 0.22137327 0.07678717
-0.09590316 0.26620734 -0.27877897
-0.22794190 -0.09979162 0.21659803
0.17520106 -0.12644672 0.15619269
0.20755900 -0.25319692 0.17450652
0.21813555 -0.15699434 -0.23810543
-0.19702454 0.28883150 -0.15369146
-0.12146377 -0.11175136 0.23749557
-0.15879247 -0.23954053 -0.01189440
0.03377981 0.17555913 0.32642430
0.05739995 -0.23720387 0.08385020
0.17831731 -0.07787226 -0.28572962
-0.22535513 -0.17263964 -0.11613825
-0.07949540 -0.01609497 0.23282358
-0.09808344 -0.24033989 0.22843897
0.04191779 -0.08700867 -0.00185982
-0.03788226 0.00524302 0.21470718
-0.22187537 0.07214716 0.14594150
-0.14521690 0.23215748 -0.23185350
-0.21330354 -0.07922879 0.21588607
0.21678923 -0.08981095 -0.14256346
0.06686448 -0.01220357 -0.08424627
-0.21968594 0.07646492 -0.15030108
-0.07613187 -0.03358205 0.26173979
-0.22501619 -0.00610059 -0.03765108
-0.19971924 0.17030212 0.30161989
-0.15487590 -0.09772246 -0.32570997
-0.21753232 -0.07137617 -0.10300377
-0.03085635 0.09743842 0.33307448
0.17473964 0.00751649 -0.33253658
-0.08279833 0.19723779 0.25267869
-0.18476784 -0.24881834 0.01021276
0.00251651 -0.10963219 -0.33264488
0.09778785 0.13839756 0.26933864
0.10992086 -0.05915775 -0.18010810
-0.20128109 0.29138085 0.17736435
-0.06082694 0.24440263 0.32262400
-0.15634823 0.01482223 -0.19467974
-0.16499956 -0.00020494 0.05583344
-0.18430734 0.07089254 -0.30888170
-0.20559575 0.28824499 -0.25188625
-0.05994171 -0.03723552 -0.26025072
-0.22162701 0.09976009 -0.21121900
0.21003214 -0.18784481 0.07810952
-0.18732874 0.15874505 0.30122882
-0.13882631 -0.17672372 -0.00281032
-0.14385237 0.13715287 -0.01406993
0.20333141 -0.12888363 0.16282919
-0.16321947 -0.01503487 0.09692076
0.21924764 -0.16006720 0.23788527
0.21163793 -0.05632532 0.01749431
-0.10466006 -0.07316321 -0.23236552
-0.21771401 -0.07067813 0.16819669
-0.05941116 -0.01892146 -0.08615129
-0.07758638 -0.04794308 -0.33917043
0.01503160 0.03162938 0.33469278
0.12177146 -0.18911709 -0.32992533
0.14037074 -0.24226676 0.33296269
0.07915028 -0.01430836 -0.12132635
0.13785586 0.17747779 0.27102813
0.18468061 0.08730219 0.21971853
-0.15885299 -0.05048821 -0.16473173
-0.09693494 -0.00349293 0.33162966
0.18131734 -0.26228702 -0.24103235
0.16709548 -0.23732856 0.09130199
-0.22977905 0.25790417 -0.04707876
-0.20975763 0.00335935 0.13214998
-0.11914159 -0.00073465 0.24897707
0.14457768 -0.00300330 -0.31934038
-0.22861491 -0.17436276 0.12401910
-0.23124447 -0.08574169 0.15862511
-0.13251808 0.02259428 -0.26398051
0.06067650 -0.00999514 0.27425936
-0.21562567 0.18069877 0.12403521
-0.02611943 -0.15668541 -0.33600697
0.09002329 0.14358112 -0.27431366
0.08738948 -0.16056113 0.19899353
-0.12978825 0.28549233 -0.30883300
-0.15291899 0.15070449 0.11270176
0.21848246 -0.21457845 -0.30164242
0.06516650 0.18039036 0.29222390
0.20794103 -0.06773968 0.27917129
0.04330081 -0.08625340 -0.02526469
-0.22146150 0.21648930 -0.24943329
0.22246028 0.09346780 -0.32145154
0.15216000 -0.28527698 -0.32642218
-0.07567105 -0.00582644 -0.33988544
-0.14575078 -0.22077085 0.03957883
-0.15406382 -0.05181504 0.25653666
0.03834671 -0.20426852 0.34112081
-0.21784930 -0.22617519 0.15144509
-0.15658273 -0.16036747 -0.33868986
0.07850667 0.13268386 -0.27038705
-0.13799645 0.15889822 -0.05404520
-0.14534348 0.21642944 0.25644237
-0.21829014 -0.10689571 -0.30458143
-0.10539582 -0.14561220 0.34403631
-0.04809742 -0.06968111 0.26928899
0.14678548 -0.08649174 0.22860770
0.20495775 -0.19720870 -0.33862567
-0.22898541 0.13168129 -0.24628520
0.16366941 -0.09682945 0.01132720
-0.14477646 0.26835847 -0.11629699
-0.14527331 0.17945901 0.32446206
-0.15162075 0.08707876 -0.24202161
-0.12143783 -0.21571268 0.29466560
-0.10044993 -0.24184883 0.15479431
-0.03295892 -0.05103952 0.02228282
0.02362110 0.17271002 -0.28233045
0.11987830 0.13683248 0.33136752
0.21917118 -0.19156834 -0.28336510
-0.13028246 0.27500543 0.28728747
-0.00139996 -0.14383034 -0.33783522
-0.16181782 0.19459078 0.05458936
0.18013456 0.08806040 0.22681648
0.01554606 -0.24536213 0.33334750
0.06954043 0.00991881 -0.21424921
-0.16340517 -0.24332243 -0.20236285
-0.15130143 0.17895719 -0.18659458
-0.14520577 0.01519926 0.33720782
-0.13419959 -0.22825564 0.04946238
0.05455062 -0.09192014 -0.01200991
0.06726997 -0.01606116 0.23427989
0.10429889 -0.14344777 -0.34034941
-0.18841971 -0.24148479 -0.04757757
-0.14642060 -0.14852302 0.13164751
0.22307134 -0.11033227 0.31905562
-0.13006724 0.00228895 -0.23738354
0.18580732 0.01867015 -0.33589971
-0.20750950 -0.25653744 0.26940110
0.06990553 -0.05958553 -0.22835138
0.08947030 -0.27984369 0.31612188
-0.12294648 0.09243706 -0.32365718
0.11022724 -0.23464040 0.15331832
-0.20225446 -0.25059569 -0.32919779
-0.02506508 -0.24104059 0.18207648
-0.21898174 -0.00234032 0.20894027
0.18043445 -0.23241028 0.04421876
-0.21894221 0.19290181 0.20597747
-0.22515546 0.12771279 0.24001157
-0.10817011 -0.22464673 -0.22050366
-0.12621942 -0.13855027 0.34216154
-0.04944867 -0.04637557 -0.00258479
-0.07365140 -0.03674528 0.30554953
-0.07974178 0.02151103 -0.32653067
0.12171181 -0.23873499 -0.33802021
-0.08028598 -0.01408937 -0.33302683
0.09200096 0.10668544 0.27674282
-0.16168797 0.04940820 -0.22071820
-0.20396617 0.28971046 -0.07871886
-0.16272943 -0.03331803 -0.33126602
0.15314694 0.05883347 0.33477134
-0.14358716 -0.04002549 -0.24244340
0.04999810 0.02458812 0.33586553
0.09792422 -0.20288506 0.16868857
-0.04191912 0.01263535 0.33875385
-0.22919443 0.22625098 -0.24601503
0.10722458 0.01796479 0.26012820
0.19726805 -0.11302209 -0.16990738
-0.03937748 -0.10516991 -0.01594404
-0.18210931 0.29828301 0.28648397
-0.16023412 -0.02310634 0.26623499
0.21755502 0.05086088 0.33132070
0.10365564 -0.11616190 0.33894640
-0.20796058 -0.02112598 0.28551403
0.21662164 -0.14414352 -0.23426028
-0.09560262 -0.06397830 -0.16764009
-0.22330056 -0.11045685 -0.14727810
0.16404817 -0.24101692 -0.10891733
0.14513604 -0.03690363 -0.23823607
0.11840527 -0.10894210 0.27552029
-0.22986948 -0.20250191 0.01394137
-0.09943942 0.00009231 -0.12411263
-0.15051445 0.23775765 -0.20705059
0.14813469 -0.00503892 -0.24534626
-0.22829248 0.17978744 0.05592960
0.17077909 -0.08877476 0.11956975
0.21760027 -0.08894062 -0.04194318
0.12130181 -0.18631731 0.21927562
-0.16386995 -0.22465906 -0.33937591
-0.13181177 -0.04597789 -0.24644709
0.12107338 -0.08373255 -0.31269225
-0.18521920 -0.17052235 -0.34435898
-0.12945448 -0.23295802 -0.09963196
0.20486125 -0.12101438 0.12767790
-0.19260372 -0.12407030 -0.11734752
0.21612288 -0.09887177 0.24261279
-0.14154078 -0.00023621 0.20648254
-0.23085411 0.27995789 0.16836463
-0.06780537 -0.03275167 -0.33709458
0.20196997 0.02972715 -0.32063553
-0.18339203 0.29579163 0.14150296
-0.17031109 0.29413086 0.30009621
0.10550657 0.09820012 0.27805936
0.18231672 -0.27045277 0.30444083
-0.22623813 0.18280813 -0.05708250
0.15386680 -0.24548209 -0.13501337
-0.18136068 -0.24309678 -0.22062808
-0.17921512 0.14084844 0.32735828
0.08941694 -0.22555266 -0.06385065
-0.22280911 0.10282332 -0.21533865
-0.22102053 0.15645064 -0.13038629
-0.09473024 -0.23844674 0.15017265
-0.11012208 0.20979621 0.28521615
-0.16169558 -0.06779109 0.24304347
0.21461560 -0.20998791 0.23298764
-0.22512183 0.17273124 0.03317054
-0.22443432 0.06878567 -0.00807402
-0.12628137 0.20301536 -0.23438630
0.06026768 -0.02821131 0.00383864
-0.22523268 -0.00752048 0.11739510
-0.22623843 -0.21098886 -0.05593691
-0.19042085 -0.22920808 0.19775246
-0.22301501 -0.01021905 -0.09227505
-0.22323175 -0.02961202 0.03077589
-0.23557267 0.27364692 -0.17591938
-0.17808165 -0.26794550 -0.31188715
-0.03929885 -0.24713287 0.33107072
-0.13699108 0.03251526 0.00396779
-0.02572503 0.07674970 0.33919892
-0.10134792 -0.09076139 -0.13779341
-0.09868198 -0.24449880 0.20917016
-0.13316609 -0.01521864 -0.21892320
-0.15750438 -0.04783551 0.33404097
-0.15277119 -0.25296274 0.22698934
-0.17107926 0.28991154 0.08374221
-0.10232915 0.17668997 0.26021776
-0.22351044 0.08501609 -0.29546839
-0.14453192 0.02127196 0.20645425
0.08887103 -0.14896469 0.33878449
0.18177427 -0.23361416 0.25931090
-0.12787718 -0.00535836 -0.19768102
0.01232872 0.05631334 -0.22311996
-0.10008237 -0.01261204 0.23936459
-0.12049806 0.00393281 0.31261134
0.19090740 -0.17714317 -0.27421823
-0.20821102 -0.07393995 -0.13679537
-0.23614122 0.28307405 -0.30667287
-0.20332269 -0.00074684 -0.33606070
0.20088342 -0.25747615 -0.27999574
0.20158900 -0.23004337 0.25197351
-0.22976512 -0.21087509 -0.31417793
-0.17522247 0.28852406 -0.07783554
-0.07557636 -0.05812944 0.33973050
0.11927386 -0.18141235 0.33698353
-0.06065685 -0.24571539 0.32759014
0.07326844 0.13667114 -0.32066584
-0.10788087 0.13467380 0.22593227
-0.21389005 0.04692353 -0.22435680
-0.13700174 0.09632349 0.04009761
-0.09206694 0.16023259 0.30766919
-0.22896664 -0.07241101 -0.27053306
-0.21380159 -0.05835030 0.19532093
0.03539976 -0.18698663 0.02555843
-0.14640981 0.03702543 -0.17361170
0.02591324 0.14636044 -0.32172996
-0.20961489 -0.01064247 -0.29357713
-0.23286530 0.05402439 -0.08229253
-0.10599837 -0.10357513 0.11362140
0.11779778 0.21170941 0.31291428
0.19742984 -0.00678680 -0.27563974
-0.15168735 0.12626320 0.04880342
-0.06026918 0.17158401 -0.28010935
-0.22640884 -0.19971681 0.19201137
-0.16308790 -0.05654414 0.30971757
-0.11480372 -0.10008611 0.13279817
-0.15965584 0.18342528 0.04174589
0.00525303 0.05430045 -0.33394000
-0.03655939 -0.22690231 0.08857285
0.11273226 -0.16996941 0.07945710
0.20600039 -0.19641268 -0.00180341
-0.15710276 0.26677445 0.02124646
-0.13701442 0.05366139 0.05014496
0.15373784 -0.24422070 -0.09148014
0.10298787 -0.18059395 0.21816863
0.20394570 0.02330004 0.24312158
-0.22767472 0.14604431 -0.29312027
-0.22566940 0.18880579 -0.18189256
0.18648577 -0.27834094 0.28224096
-0.22737963 -0.14351797 0.09327487
0.17519170 -0.04384201 -0.33577755
-0.21832299 -0.01180483 -0.14119878
-0.15220268 -0.04646813 0.05607285
-0.20005706 -0.30227521 -0.33387622
-0.20675226 0.15582082 -0.31584617
-0.03126744 0.12437662 -0.33798197
-0.16589324 0.26219472 0.05922694
-0.10861722 0.15208378 -0.24024206
-0.22582334 -0.01464626 -0.13656096
0.01085224 -0.24219497 -0.22971849
-0.14940006 0.19824383 0.21618582
-0.13986121 -0.00114289 0.20263839
-0.22411849 -0.03777601 -0.24073710
-0.15820885 0.18393555 0.08328804
-0.11393844 0.03241204 -0.23476003
-0.22225040 -0.25067690 0.26967856
-0.22486708 -0.11550122 -0.00703867
-0.23028964 -0.04375068 0.31335542
0.21355036 -0.09949601 0.27636856
-0.21634740 -0.12292483 0.23736863
0.20067744 0.01861896 0.21184061
-0.08323294 0.25138271 -0.31188816
-0.22883254 -0.09630521 -0.29026079
0.02042498 0.04885856 -0.33689550
0.19472611 0.15344153 -0.25543579
0.20720759 -0.10796648 0.05404399
-0.09029507 -0.09476527 -0.14825147
0.21546505 -0.25764167 0.27265474
-0.10984963 -0.04477261 -0.33733594
0.20617889 -0.04263043 0.33641264
-0.17463402 -0.25494629 0.01649232
0.20868258 -0.23830117 0.26551187
-0.15601593 -0.24353136 0.30870837
0.01011069 -0.03300530 0.01760167
-0.14378938 -0.07952028 -0.02775927
-0.15562491 0.21629071 0.11429212
-0.18905866 0.28531864 -0.23519668
-0.20736250 0.05215111 0.27761388
0.11490510 -0.03378798 -0.04928778
0.03607826 0.20590045 0.32810351
-0.15909736 0.04478836 0.21580434
-0.23015122 -0.06626350 -0.12468749
0.01294624 -0.03285676 -0.06823595
-0.16120954 -0.02451606 -0.30949026
0.19823575 -0.02214139 0.20712084
0.20752367 -0.26311159 -0.26275268
-0.21874888 0.28965870 0.16714829
0.15828675 0.06481566 0.33113450
0.09310536 0.18935023 -0.27668196
0.21727312 -0.23769489 -0.22133996
-0.00133783 -0.15351029 0.34182030
0.15536386 -0.03701681 0.33152053
0.10722293 -0.22005051 -0.21184595
-0.23587632 0.15516312 0.03110813
0.15730986 -0.15481137 0.33830830
0.06089175 -0.26226261 -0.33192682
-0.23235278 -0.12614620 0.21575262
-0.17010573 0.28523800 0.01432765
0.14043424 0.14755400 0.27355111
-0.20382066 0.07567929 0.30784020
0.06375688 0.24489221 0.31839713
0.17425764 -0.10115176 0.25858259
-0.01216878 -0.18819673 0.34616628
0.21633446 -0.22292084 0.20652761
-0.00278832 -0.25146210 -0.33833769
-0.22474907 0.05797705 -0.17060290
0.13962314 -0.02048851 -0.23486871
-0.22555153 0.06448141 -0.07728808
0.01652273 -0.19114447 -0.24971318
-0.14259271 -0.23602496 -0.02103753
-0.22741252 0.02314968 -0.22814789
0.19061022 -0.21311864 -0.19681436
-0.22101630 0.02618790 -0.28148258
-0.13081722 0.04143030 -0.07500215
0.02263622 -0.03563098 0.02191288
0.16744240 -0.23809445 0.14117196
0.17647548 0.01233754 0.33174300
0.03068975 -0.22533451 0.08741075
0.19721107 -0.09709641 -0.19906935
-0.14611258 0.29052672 -0.27577251
-0.22949575 0.21115744 0.14334233
-0.22173016 0.16340739 -0.04359357
-0.22735009 -0.20240113 -0.18816790
-0.05215188 -0.03196361 0.20268737
0.16282414 -0.11767273 -0.33678082
-0.01290553 0.19486232 0.29721090
0.15735595 0.16355531 -0.27117875
-0.15107335 0.00502988 0.32828012
0.09269435 -0.04554623 -0.16030729
-0.22009531 0.05482908 0.22605789
-0.08673303 -0.24692190 -0.17444532
-0.13706267 -0.25364044 0.16906947
-0.20124300 0.05707485 0.22674850
0.05110931 -0.17500784 -0.33493671
-0.22305071 0.19510616 0.28133869
0.16162160 -0.29763776 0.32985365
-0.19265920 0.29592270 0.01306782
-0.14163071 0.10170054 0.33016792
-0.22363278 -0.12976471 -0.17471585
-0.15981367 0.08651637 0.32774961
-0.21608238 0.00329534 -0.23947772
-0.19661060 -0.20113324 -0.34133306
-0.22207576 0.20690365 0.02400335
-0.06798611 0.10190110 0.34103861
-0.14046410 -0.08307992 -0.20313409
-0.20482174 -0.15574861 -0.34072348
-0.07825182 -0.10201602 -0.33908936
0.21637152 -0.07111087 -0.26981273
0.10799216 -0.05244290 -0.31946236
0.09580021 -0.05689880 0.20735945
-0.20475352 0.28722063 -0.16970617
-0.16926932 -0.06667291 -0.07698172
0.07927584 -0.03989548 -0.18286443
0.17434788 -0.23716950 -0.06159452
-0.14269522 0.02269571 0.10183279
0.17798714 -0.12853089 0.33857349
0.04600126 0.04800487 0.27628845
0.21715148 -0.13972159 0.07897535
0.08455680 0.14415789 -0.31911832
-0.23061456 -0.13358381 0.14271103
0.17487939 0.18255869 -0.27238637
-0.04703633 -0.26877755 0.33880827
-0.22607556 -0.21571356 0.26975763
-0.23130676 0.24806231 0.12157331
0.13594943 -0.09301728 0.33526519
-0.20108438 0.07347517 0.32937145
0.17313232 0.21205856 0.26696223
-0.16333696 -0.01423632 -0.08725844
0.18179049 0.10022638 0.33272001
0.03241324 -0.05900554 -0.17420217
0.22097975 -0.07139403 -0.00085767
-0.21389563 -0.24643691 -0.27719697
-0.16491233 0.20194520 -0.30638218
-0.23028585 0.19841622 -0.13082197
-0.21589127 -0.24854772 0.26652697
-0.08707912 0.10927984 0.33373925
0.14367868 0.15312426 -0.33506751
-0.20180462 0.10574632 -0.25186116
-0.21463495 0.07264967 0.14385089
0.03978607 -0.22768171 0.17817719
-0.20127045 -0.26467109 -0.28217107
-0.10381040 0.06866760 0.22899565
0.03241713 -0.03879543 0.26475677
0.20858514 -0.07811819 0.31983769
-0.22512563 0.12060980 -0.06879234
0.09130960 -0.16303441 0.28156373
0.13203266 0.04951283 0.33146051
0.20058884 0.14122126 -0.26398942
0.01114381 -0.24327968 0.08156710
-0.08463882 -0.10518491 0.33710235
0.12673771 -0.25205037 0.33919588
0.04587581 -0.00894510 -0.06412499
-0.05858754 0.05510531 -0.33409348
0.15638533 0.01731859 -0.17978029
-0.15512666 0.07814081 -0.20271759
-0.15111285 0.16175315 0.14387064
0.08108865 -0.00374637 -0.33816358
0.02494467 0.05430986 -0.33677638
-0.12686996 -0.08507387 -0.14800997
-0.22102903 0.17792527 0.25696418
-0.06642945 -0.22787338 0.02157865
0.17724946 -0.28808537 0.30418530
0.21328351 -0.09257714 0.27495915
-0.21289770 -0.28842941 0.30051801
0.20810166 -0.16027591 0.10345389
-0.09241335 -0.07243481 -0.33685830
-0.22048958 -0.23175564 0.12619108
-0.23105194 -0.26631832 0.33287796
-0.15705833 0.24633998 -0.30780822
-0.12291433 -0.08465016 0.02918148
-0.21262491 -0.25126374 0.11574674
-0.22821739 -0.11463241 0.08028051
0.13152558 0.03559235 -0.24586900
0.21262279 0.01302298 -0.23010080
-0.15870999 0.21782660 -0.27439457
-0.16305153 0.02154624 0.02727843
-0.04947293 0.21682817 -0.31509808
-0.15175393 0.26612088 0.16011076
-0.16023621 0.04229677 0.15861775
-0.22476345 0.18421493 0.24439532
-0.22493422 0.14837877 0.28575459
-0.22150436 0.07237498 -0.10901445
-0.22878794 0.15581763 0.27560446
-0.20684147 0.13066243 0.28836101
-0.14694712 0.17440608 -0.23465830
-0.16426310 0.27131781 0.28854132
0.19297533 -0.27220488 0.33386675
-0.12335552 0.04220956 -0.11416148
0.11759643 -0.12850201 0.34307152
-0.12406854 -0.25242245 -0.25644729
0.07721446 0.02370284 0.26336262
-0.12497872 -0.07171929 -0.05188860
-0.02011512 0.10160753 0.33844429
-0.17874442 -0.22664315 0.17499080
-0.00819657 -0.04335433 -0.33906597
0.20922361 -0.18193904 -0.04014903
-0.00867655 0.07500461 0.33330649
0.10315369 0.01126108 0.28145427
-0.14214502 0.20775747 0.12876682
-0.13439731 -0.06006179 0.26516971
0.16818367 -0.00666484 -0.08422771
0.09882200 -0.24697714 0.02252938
-0.06060583 -0.17583066 0.34322613
0.08576580 -0.04210771 -0.03709388
0.09746667 -0.22961769 -0.12491338
0.16139370 -0.12609088 0.25555333
0.05731258 -0.24262346 0.05288720
-0.13487029 0.18062517 0.21047498
-0.14235111 0.26716393 0.31318334
0.02632153 -0.17562418 0.34416613
0.15581670 -0.02275733 -0.18794623
0.21664600 -0.10610642 0.11179909
-0.21449374 -0.00054578 0.33223587
0.21337926 -0.03335465 0.32144567
0.09017018 -0.23267213 -0.06957942
-0.09532126 0.22405291 -0.34016031
0.11401144 0.08269511 -0.33537880
-0.12859271 -0.08467098 -0.26588064
-0.18419278 -0.06654651 -0.06785809
0.21807635 -0.20123294 0.24747154
0.08470484 -0.22758861 -0.08971766
0.03747776 0.18402779 0.30569714
0.21165574 -0.15665971 -0.07801345
0.18172605 -0.07961302 0.25056863
-0.17883328 0.28980440 -0.13892724
-0.15319511 -0.23432666 -0.10209958
0.12065829 -0.09793133 -0.14323734
-0.07797867 -0.01337816 0.15436918
-0.14861612 -0.25397116 -0.23422009
-0.17671427 -0.25692481 0.07445005
-0.22642994 0.25385574 0.25197843
-0.08133469 0.24480976 -0.29313159
0.17194149 -0.04256415 -0.33556595
-0.00985479 0.12641835 -0.32241920
0.21039265 0.12632033 -0.32888076
0.02022593 -0.24033184 0.06677788
0.19684786 -0.16372299 -0.08315796
0.14146701 0.09360416 0.33536744
0.15919590 -0.00942897 0.31353140
0.14017345 0.21425894 0.29017508
0.13272871 -0.23676810 -0.24742745
0.07320582 0.15509734 0.33287373
-0.11802789 0.17456147 0.18955590
-0.23220670 0.28966564 0.21939166
0.21371314 -0.20120534 0.19431031
-0.16255622 0.21825564 0.01094745
-0.15529294 -0.03406710 0.04385302
-0.22096963 -0.01607179 0.33572704
-0.00631594 -0.24239905 -0.01722784
-0.12833542 -0.02191701 -0.09734973
-0.12832180 -0.23435934 -0.17685749
0.04964929 -0.24237673 0.03293995
-0.04159193 0.08974192 0.32176355
-0.05824516 -0.22640693 0.18371022
0.16255161 -0.28185129 0.33169180
0.19784871 -0.24546158 0.33622926
0.01896711 -0.15612952 0.34175643
-0.21731456 -0.03939565 0.26541960
0.20221148 -0.01215628 -0.14666528
0.18225235 -0.02814476 -0.26334003
-0.11239506 -0.08880145 -0.15122810
0.19282019 0.17187938 -0.28269204
-0.11244369 -0.02369479 -0.03103799
-0.03645851 0.20322743 0.27732998
-0.12177350 -0.14542340 -0.33320382
-0.22971666 -0.13065679 -0.11281190
0.17420059 -0.04477823 0.16536227
-0.12919170 0.17562716 -0.34131175
-0.22667401 -0.07363513 0.30734244
-0.15466750 -0.11600150 -0.31798780
-0.08251487 -0.06596439 -0.25271842
0.01120585 0.16596170 -0.33998007
-0.01696617 -0.03424718 -0.09373888
-0.17492148 0.27928397 -0.17040035
0.15453686 0.17207612 0.33054817
-0.22624794 0.18637297 -0.13992320
-0.15427667 0.17304350 0.25482774
-0.07588609 0.14232722 0.32838556
0.13387959 -0.24315397 0.13266769
-0.22736236 -0.22206067 0.01629044
-0.18911648 -0.26446569 0.24645375
-0.20276937 0.29322401 -0.13998824
0.01012208 -0.09423766 -0.33737504
-0.21994896 0.12419604 -0.27461168
0.05247722 0.14364371 -0.27546278
-0.17817338 -0.06822962 0.33031565
-0.21406958 0.02433049 -0.14790598
-0.17003191 0.27296469 -0.09638115
0.11635958 -0.24682085 0.08583961
-0.02140665 -0.24570404 0.29815859
0.17580260 -0.00548172 -0.33578691
0.17616609 -0.21563005 0.18860480
-0.23926146 0.27337831 -0.12023671
-0.14091285 0.28379202 0.30160311
-0.08068433 -0.24185225 0.26152101
0.14168127 0.03132848 -0.33074802
0.18967681 -0.24412116 -0.33366999
0.11979277 -0.09933055 0.06772429
-0.00761799 -0.26147625 0.27770159
-0.22608107 -0.08179876 0.05180172
