-0.22193477 0.39783436 0.04246010
-0.19458170 0.30159560 0.11696505
0.11695667 -0.05477369 -0.00258385
0.09906530 -0.05010816 -0.03528289
-0.16024579 0.07371198 -0.11071300
-0.23994663 0.38467917 -0.02307482
0.05747209 -0.05449389 0.02771094
-0.10660086 -0.03314792 -0.01955869
-0.16775648 0.09790397 -0.03322724
-0.08174510 -0.07534979 -0.08538675
0.19391930 -0.10721755 0.14846033
-0.09825571 -0.04513646 0.00624276
-0.17021246 0.16339715 -0.13223930
0.12366106 -0.05861282 0.02598158
-0.15792178 0.06194845 0.06656551
0.20612691 -0.27660313 -0.15752952
0.07979237 -0.07634141 0.08243836
0.20032938 -0.09561451 0.02776204
0.15480450 -0.05686858 0.15208292
-0.01394615 -0.06484444 0.11903432
-0.18143500 0.25436544 0.08148886
0.22949752 -0.39612722 0.15163381
-0.07000952 -0.08945825 0.11485520
-0.01203279 -0.08492120 -0.07911227
-0.17530052 0.11610767 0.07591587
-0.19744480 0.28626144 0.08919699
-0.20990975 0.27255476 0.11031760
0.21517690 -0.06651859 0.02672764
-0.00686713 -0.05385773 0.08291425
-0.21029174 0.35661885 0.03557974
-0.14420079 -0.01090718 -0.12519801
0.01026774 -0.09050927 -0.10013870
-0.09549688 -0.05665550 -0.12051937
0.21818098 -0.28286996 0.15190212
0.23074798 -0.07559609 -0.04824345
-0.11336814 -0.02592170 0.02481804
-0.21522704 0.35192257 -0.08479540
0.22922476 -0.07925890 0.14744844
-0.14273922 -0.00258846 0.13777465
-0.21300516 0.38909191 -0.02797508
0.20447731 -0.10605740 0.15154105
-0.18736625 0.17966338 -0.00537141
-0.18903814 0.26056439 -0.10986774
0.12642369 -0.05737932 0.16025954
-0.08909138 -0.09916694 -0.02942856
0.04143061 -0.10401349 0.04066536
-0.20920327 0.37004775 0.04060500
-0.18017882 0.19821043 -0.12087546
-0.14355874 0.08483693 0.08073939
0.22858177 -0.07848628 0.11350065
0.23274307 -0.29805365 0.14798181
-0.00678424 -0.04956382 -0.13872975
0.09170555 -0.07275353 -0.02646902
-0.21134283 0.28625667 -0.09132577
0.02431314 -0.06185978 0.13697615
0.17828040 -0.05161437 -0.02214345
-0.23768450 0.39261073 0.02341162
0.22660303 -0.23747760 0.15693176
-0.17482078 0.11279307 -0.00649323
0.17404360 -0.05556808 0.03283962
-0.22754332 0.39293206 -0.02154405
0.19766331 -0.11391598 -0.15535547
0.21671836 -0.08737018 0.06403561
0.16457698 -0.06196829 -0.08151163
-0.23147038 0.36091191 -0.13358986
-0.09612808 -0.09807877 0.16034503
-0.16774061 0.16679376 -0.09081289
-0.13791858 -0.31937230 -0.15508834
0.03876935 -0.06177909 -0.04394640
-0.02609368 -0.09242309 -0.02137838
-0.07741752 -0.05871748 -0.05499005
0.18677495 -0.06836583 0.12108269
0.16821715 -0.04880534 -0.00730483
0.22703016 -0.28468058 -0.15261422
-0.11850227 -0.09837266 0.06760880
0.24005672 -0.34166273 -0.15732598
-0.11341872 -0.09030544 0.15400386
0.14412303 -0.09124298 0.13931046
0.07298729 -0.09410653 -0.12957086
0.00590937 -0.10223909 0.03535403
0.22473943 -0.09679416 0.11972079
-0.16390818 0.11869992 -0.11462666
-0.03009249 -0.06050836 -0.11644715
0.11329792 -0.05469255 -0.05035407
-0.00360336 -0.06027015 -0.06203481
-0.12401166 0.01780860 -0.14837834
-0.14015584 -0.38146091 0.15492533
0.09661558 -0.07856894 -0.08738010
0.00511841 -0.09483391 0.10937132
-0.12354517 -0.06885032 -0.14502987
-0.09894022 -0.06584585 -0.07610285
-0.20822777 0.24616130 -0.13997148
-0.05697157 -0.06089185 0.14811054
-0.13992345 0.09002870 -0.04119541
-0.08816826 -0.06081939 -0.07539394
-0.12541166 -0.32054734 -0.15797620
-0.05491577 -0.06087471 0.00999426
-0.16259259 0.14889741 -0.14561884
-0.17004170 0.19164653 0.14307018
-0.14209716 0.08400743 0.03305151
-0.23457059 0.39583015 0.00152162
-0.18574265 0.25417578 -0.06654280
-0.10257051 -0.08472036 -0.03986057
-0.09099436 -0.07820089 -0.13945869
0.18828250 -0.09566374 0.11246409
-0.11705971 -0.02824917 -0.10132749
0.18155828 -0.06746346 -0.05786956
-0.18420616 0.27418852 -0.01695992
-0.19126970 0.27449933 0.00897808
-0.12650880 -0.03459943 0.08239990
0.00063700 -0.08474289 -0.10131937
-0.19187237 0.19052339 0.02204072
0.15376732 -0.08842567 -0.15112765
0.21831341 -0.18366531 0.15497759
0.19431731 -0.17537972 -0.15296525
0.03768815 -0.08458035 0.11242344
-0.10605463 -0.20090853 0.14230599
-0.13815024 0.07597382 0.02390300
-0.16495492 0.08464681 -0.14451878
0.13706049 -0.06108555 -0.04350897
-0.19525544 0.28847829 -0.06323300
-0.19824277 0.23850429 0.14687993
-0.20254737 0.30391130 -0.11940852
0.00495447 -0.05525522 -0.03827142
-0.17206241 0.10632492 -0.11506676
0.21875569 -0.06242565 -0.04385637
-0.11469305 -0.06600432 -0.15539183
0.20539601 -0.23874860 0.15339708
0.08554991 -0.08294812 0.00767146
-0.10281023 -0.14174490 -0.15272035
-0.20635197 0.27443835 -0.05446560
0.05005540 -0.04911340 0.03953601
-0.15682921 0.07243521 0.15296216
-0.04776696 -0.04907767 -0.05755771
0.09187635 -0.08528864 0.07952137
0.02706130 -0.07337324 0.15746301
-0.10662559 -0.26906094 -0.14668727
0.22962932 -0.33346182 -0.16515768
0.17353216 -0.09914376 -0.08962061
0.20315939 -0.08356155 0.02825798
-0.20232180 0.31476000 0.02366510
0.09309737 -0.05421791 -0.10173384
-0.12997966 -0.04535040 0.03731896
-0.03081935 -0.06594972 0.13037306
0.11737406 -0.05811409 0.01066274
0.21903624 -0.19373386 0.13627434
-0.00129602 -0.05927112 0.15466444
-0.12661262 -0.20283398 -0.14787512
0.21598232 -0.11854129 -0.08713267
-0.04179893 -0.07606916 -0.14023785
0.23091702 -0.08924585 -0.13207832
-0.23486216 0.35175446 -0.04827665
-0.10981325 -0.02045171 0.12000936
0.22109534 -0.15967384 -0.14244746
-0.09959701 -0.16208650 -0.13727385
0.21616039 -0.20728533 -0.15249677
0.21711610 -0.07440204 0.10505386
-0.21494748 0.30192032 -0.05426315
-0.22864357 0.37499174 -0.07674709
-0.18558814 0.19699550 0.11910719
-0.20096725 0.23077017 -0.08160825
-0.21845511 0.34462595 0.14626592
-0.04150492 -0.05814025 -0.02462305
0.12158354 -0.08519299 0.13720089
0.03178525 -0.09680650 0.08525995
-0.12051103 -0.29321843 -0.15093045
-0.15795624 0.17965004 0.01808193
-0.11754242 -0.02969510 -0.03278323
-0.13903430 -0.04181182 -0.02077277
-0.09897180 -0.13078694 0.12708813
-0.03189044 -0.07549830 -0.12420245
0.18182351 -0.09324260 0.15259497
-0.05191826 -0.09675594 -0.08550651
-0.13468949 -0.02773695 -0.12575650
0.19770123 -0.11600328 -0.15739362
-0.12645595 -0.07953039 0.12787798
-0.18228239 0.22880110 -0.07879483
0.21840507 -0.24678178 0.15124342
0.13777699 -0.06304570 0.14073594
0.11201195 -0.05348349 0.05760400
-0.20776738 0.32708848 0.14018507
0.23182008 -0.34833318 0.16269463
-0.13492996 -0.28515989 0.15142894
0.21048774 -0.08445451 0.15328425
-0.22897287 0.39243275 -0.02255857
0.13166520 -0.06232578 -0.09052618
-0.10094586 -0.11477152 -0.16098441
-0.19286484 0.19926263 -0.11735353
0.21743490 -0.09329183 -0.15911007
0.13874848 -0.09309018 0.05094210
0.08236858 -0.08257300 -0.16060947
0.02754304 -0.05691967 0.12118628
-0.14787795 -0.01691728 -0.06928259
-0.17305698 0.10394190 -0.08129821
0.03153255 -0.04988426 -0.01817263
-0.01399327 -0.08545615 0.10280220
0.09968080 -0.06414140 0.06700012
-0.10455707 -0.05635368 0.10058822
-0.20559838 0.26251104 0.00106454
-0.03623337 -0.08245926 0.00841559
-0.10044566 -0.08111617 -0.08434619
0.18975335 -0.09037812 -0.00520997
-0.13426654 -0.35736540 0.15489477
0.21994859 -0.07819047 -0.04044396
-0.04520786 -0.07739259 0.15622382
-0.21241193 0.34902942 0.12580709
0.11769447 -0.07965854 0.00697805
-0.14979337 0.06454283 0.07046772
-0.08562308 -0.05426910 -0.06995907
0.22552453 -0.24731016 0.15706250
-0.16722353 0.13828678 -0.02567144
-0.21017504 0.35752743 0.01989393
-0.11680834 -0.32720125 0.14721121
-0.23191670 0.38448682 -0.06263424
0.06423412 -0.06061658 0.01191550
-0.19321756 0.19347858 -0.01385745
-0.20743985 0.35090402 0.00507660
-0.08061977 -0.06974971 -0.15334053
-0.23152649 0.39555821 0.02903077
-0.20993516 0.34820825 0.01026341
-0.16793729 0.17404820 0.09665273
-0.20766404 0.26577923 0.01208917
-0.13055870 -0.03680101 -0.02491504
0.00450558 -0.08240885 -0.08062744
-0.18019457 0.19526687 0.00863308
0.19184089 -0.06895283 -0.13915639
-0.00224662 -0.09392028 -0.09647656
0.14160800 -0.05498609 -0.11837325
0.12470787 -0.08863872 0.14961748
0.02709652 -0.04765733 0.03254502
0.22035414 -0.06028035 -0.15819936
-0.14850259 0.02462231 0.07331058
-0.18068315 0.14871755 0.13220736
0.18232906 -0.09248346 -0.01334541
0.19145904 -0.08857595 0.14872652
0.08651506 -0.06113438 0.12728897
0.22464494 -0.26568171 -0.15372922
-0.12285654 -0.07886344 0.09766611
0.00972506 -0.08887884 0.09673066
-0.21651976 0.40319178 -0.03974410
-0.12395737 -0.34869671 0.14655674
-0.05374276 -0.06865634 -0.05143056
0.18572642 -0.08508660 -0.07815203
-0.15554713 0.08834532 0.06819983
-0.14898652 0.07287362 0.15397762
-0.17022519 0.11232236 0.15202764
0.11509834 -0.08108857 0.04344620
0.00822306 -0.05694374 0.08303714
-0.19197893 0.26641774 -0.11500013
-0.18286258 0.23056102 -0.08134463
-0.12854315 -0.19593780 -0.15499486
-0.13629398 0.02422780 0.13739939
0.06051254 -0.08242993 0.11052304
0.05917177 -0.04807914 -0.00025443
-0.02200424 -0.07368328 0.13346232
0.15588203 -0.06674648 -0.14461426
-0.13481909 -0.05028785 -0.11994234
-0.19922018 0.22299911 0.11499506
0.00739013 -0.05848606 -0.02937655
-0.19117382 0.16957359 -0.02918975
-0.05693898 -0.09504132 0.14691935
0.13857947 -0.07913307 0.12510292
0.15710855 -0.09661059 0.14397047
0.08673000 -0.08985533 0.13362515
0.22592339 -0.08427618 0.02856861
0.06068680 -0.05437094 -0.03495654
-0.13031533 -0.36530393 -0.14657475
0.03049635 -0.06172923 0.05371562
0.18947537 -0.14313793 0.15236749
-0.12683503 -0.02572788 -0.14818560
-0.13658495 0.00346025 -0.11938963
0.22231489 -0.23047301 0.14654197
0.05483843 -0.04768520 0.12408485
-0.16427702 0.15164873 -0.10963579
0.22337773 -0.08907666 -0.09674597
-0.10434172 -0.06247040 0.14586908
0.20200291 -0.08775160 0.14116053
-0.10678633 -0.17337409 0.14313963
-0.00922931 -0.05199197 -0.10245539
-0.13816459 0.07067557 -0.06027856
0.10586023 -0.05481643 -0.01991069
0.21937506 -0.14318779 0.14920150
-0.05437588 -0.07840507 0.15063332
-0.17269477 0.11353944 -0.00569900
-0.14149241 0.07899415 0.12733106
-0.18646479 0.17805825 0.07036492
0.07479337 -0.09375480 -0.11998446
-0.20797168 0.36184520 0.06849915
0.08888146 -0.05546850 0.03142435
-0.18474564 0.20346339 0.14250828
-0.12449726 -0.05533059 0.02765423
-0.10751494 -0.09845597 -0.09782523
0.20339222 -0.06591919 0.10351472
0.21296196 -0.07375991 0.08955342
-0.20286685 0.23960808 0.10491531
0.22955953 -0.07129837 -0.01681460
0.05491358 -0.07043393 0.16045110
-0.12999819 0.04335504 0.08841346
0.07997139 -0.05786474 -0.04213090
-0.23716387 0.39390677 0.09346278
-0.14461827 -0.02136793 -0.02060508
0.16904517 -0.08338559 -0.15446708
-0.15001066 0.05445214 -0.06803261
-0.17702778 0.15537092 0.05329110
-0.00225935 -0.08851032 0.06100638
0.22927001 -0.24945533 -0.15523198
-0.19784307 0.21621498 0.06277839
0.01280832 -0.06894505 0.13834678
-0.11810621 -0.08661123 -0.04674806
-0.08475508 -0.03100655 0.00165446
0.12603116 -0.06391798 0.08692297
-0.22740287 0.34685290 0.11839981
0.20374307 -0.24316318 -0.15948333
-0.13312818 -0.07140648 0.01654721
-0.21252832 0.38212177 -0.12986442
0.07894003 -0.07562378 -0.11504181
0.12227504 -0.05673428 -0.11872061
-0.06883192 -0.09625650 -0.00091689
-0.16533814 0.08815122 -0.00944465
-0.23241186 0.38731799 0.06216001
-0.11715727 -0.11924930 -0.13689324
-0.20842640 0.33115679 0.02488416
0.10490306 -0.08069531 -0.08630447
-0.18755899 0.24845089 -0.10634697
0.08468403 -0.05793642 -0.11533227
0.17820466 -0.07793474 0.14573219
-0.19799992 0.27798542 -0.11282985
-0.02836895 -0.05126590 0.03053621
0.12059148 -0.07793523 0.07117157
0.22377272 -0.18461603 0.14523940
-0.10617317 -0.21151364 0.14201528
0.20503388 -0.10942157 -0.12703499
-0.21960074 0.31502703 -0.01573001
-0.21181078 0.37207377 0.09106949
-0.03450453 -0.09424219 -0.07402410
-0.03585447 -0.10162655 -0.13416260
-0.17369756 0.13005315 -0.07914615
-0.20896162 0.36434436 -0.00665046
-0.19729614 0.30716845 -0.13023975
-0.14885458 0.11775625 -0.06863108
-0.16417101 0.06963588 -0.05732151
-0.22649807 0.32830012 -0.03610636
-0.12320996 -0.08867740 0.04957394
-0.11437826 -0.20033205 -0.15338191
-0.19186240 0.18560162 0.06602292
-0.16269438 0.06925090 0.05636482
-0.07808559 -0.04681228 0.01215539
0.20043412 -0.09253926 0.04111090
-0.13631432 -0.02762230 0.06158414
-0.17159708 0.15872678 -0.14043424
-0.19138221 0.18774618 -0.09842467
-0.14984919 0.02711477 0.04811752
0.03289282 -0.08778054 -0.00016968
-0.20999718 0.28398287 0.00159402
-0.18960793 0.27710444 -0.12105876
0.17297107 -0.09675606 -0.11093199
0.10660813 -0.07992978 -0.08114320
0.04227327 -0.06449426 -0.04578284
-0.11403135 -0.22374213 -0.16053757
0.10940856 -0.08299629 0.11453530
-0.00409171 -0.05432940 -0.15350173
-0.19027483 0.27040499 0.01652378
0.17567991 -0.06817353 0.07806914
0.10477225 -0.08481925 0.16058424
-0.05007830 -0.09182469 -0.00911302
-0.09312299 -0.07831556 -0.12901923
-0.16957097 0.13846071 -0.05576018
0.17602229 -0.10345567 -0.14096527
-0.14662141 0.07315598 -0.11612309
0.14279267 -0.04867053 -0.12390428
0.23329954 -0.07518754 -0.08165354
-0.16958591 0.11839080 -0.10432646
-0.14245750 -0.00132110 -0.12298090
-0.09769981 -0.05449830 -0.15077005
0.04164144 -0.07046509 -0.10798909
0.00391508 -0.05650046 -0.03057041
0.24342644 -0.38059351 -0.16440462
0.08467478 -0.07261781 -0.14133276
0.06882867 -0.07909167 -0.04724563
-0.14712833 0.10032070 0.12794934
0.16252317 -0.09352592 0.13501166
-0.03340442 -0.06408770 -0.15632580
0.05687173 -0.09292207 0.08110557
-0.15095501 0.11741071 0.03350847
-0.12898324 -0.23386976 -0.15190564
0.19089642 -0.05908661 0.02682781
0.20640102 -0.23575537 0.15621099
-0.14145704 -0.37332153 0.15626696
-0.16300607 0.16560881 0.05061585
-0.23434268 0.37768474 0.09240351
0.12273624 -0.06481327 0.12114285
-0.09830020 -0.04495177 -0.05755233
0.12928030 -0.05568184 0.12753992
-0.19574663 0.31488898 0.06478403
-0.23487967 0.36464766 0.06338322
-0.13508478 -0.06005745 0.08426385
0.01727695 -0.05378807 -0.15504944
-0.09777431 -0.06099167 -0.15450309
0.11675599 -0.08858410 -0.11620320
0.19661823 -0.28288245 -0.14373624
-0.03657068 -0.08758124 -0.14853999
0.15349272 -0.04670378 0.01845245
0.08409981 -0.09521893 0.10084494
-0.21014215 0.27868113 -0.04035139
0.22688013 -0.08302487 -0.02154957
-0.21369746 0.39264426 -0.05175206
-0.09675112 -0.12243211 -0.15434399
0.09448483 -0.06397957 0.04347999
-0.11713483 -0.08572470 0.02754689
-0.16841890 0.12486744 0.07422955
0.15362234 -0.06296368 0.04459843
-0.12338903 -0.25473490 0.15136528
-0.08580908 -0.07155324 0.15670787
-0.12082811 -0.07004641 0.14496875
-0.09400497 -0.08401014 0.03885409
-0.22336902 0.33314818 -0.13013899
-0.10488465 -0.15504757 0.14827433
-0.08017851 -0.05704260 -0.00534352
0.14048803 -0.09240119 -0.13592196
-0.23068456 0.40400106 -0.00536763
-0.11567077 -0.28196833 0.15679906
-0.16860896 0.11525964 0.06454645
-0.13980868 -0.04029670 0.05294253
-0.09846330 -0.17449886 -0.14985393
-0.22143066 0.31444651 -0.04227639
-0.19906989 0.29513651 0.06654163
-0.09406440 -0.08409420 0.08812174
-0.19815888 0.21055618 -0.01459883
-0.21586576 0.29456481 0.03086038
-0.21900624 0.35278469 -0.13929731
-0.04564253 -0.09118040 -0.08435676
-0.16406339 0.08581746 -0.04092398
-0.13660191 0.09262018 -0.01656683
-0.14681007 0.04604641 0.14275633
-0.16005874 0.17681262 0.00240308
-0.10625141 -0.07428783 0.03083189
0.19238244 -0.05420915 0.06600834
0.18296833 -0.08901290 -0.05209827
0.22639896 -0.08953910 -0.14783032
-0.00665569 -0.09474274 -0.11939049
0.00661207 -0.09025776 -0.11046090
0.02107940 -0.10486162 0.12516509
0.20391718 -0.11162091 -0.14475995
-0.20756195 0.25527272 -0.00349978
-0.17816457 0.15796249 0.09677065
-0.22874987 0.36288223 0.11364180
0.18612981 -0.10880060 -0.12952027
-0.19892772 0.30346954 0.00508749
-0.12010291 -0.06289987 -0.13082717
0.23313491 -0.38957399 -0.15189686
-0.14811213 0.13122360 -0.02745899
0.23533924 -0.40154183 -0.16584635
0.03020958 -0.05758391 0.03398982
-0.13232166 -0.05686508 -0.05562689
-0.01881694 -0.05567390 -0.02174175
-0.19290997 0.18538909 -0.00904963
-0.20592551 0.24372083 -0.09755239
0.05158579 -0.06652842 -0.15498176
-0.09921309 -0.04547749 0.00637485
-0.16793577 0.10539506 -0.10424145
-0.12276284 -0.01397955 0.01154114
-0.16235881 0.15817593 0.02970537
0.07329605 -0.08763915 0.15350178
-0.13839740 0.00993803 0.11988398
-0.12578642 0.01627003 0.03403358
-0.11982856 -0.01632429 0.01261654
-0.09387796 -0.09318732 0.03162052
-0.14397645 0.07366122 0.09945077
-0.01074190 -0.06843071 -0.14510036
-0.10606544 -0.15017210 -0.15684059
0.12988950 -0.07035036 -0.15690374
-0.11214562 -0.04181739 0.14919740
0.11826674 -0.08455332 0.10274454
0.18317871 -0.05404510 -0.03631141
-0.19657934 0.21139762 0.12033980
-0.19878326 0.31745556 0.10310122
-0.23427862 0.38626996 0.03098581
0.15715636 -0.07200485 -0.13966675
-0.02780517 -0.04742776 0.07393275
-0.19046527 0.26205873 -0.09356397
-0.05935845 -0.11292358 0.14647125
-0.14255276 -0.01099702 -0.03461119
0.13917360 -0.05443649 -0.08963221
-0.20332974 0.23550752 -0.02833794
-0.14093043 0.04647577 0.05274899
0.21193674 -0.17228402 0.15617995
-0.12223291 -0.26746905 0.14999221
0.01626426 -0.10143103 0.14776865
-0.15019013 0.15205015 0.02647515
-0.16875590 0.18558420 0.11458950
-0.18788244 0.24173878 0.13544847
-0.18061131 0.14469145 -0.08354212
-0.11910076 -0.29304704 -0.15620774
-0.09646019 -0.11045025 0.00035243
-0.19208069 0.29791433 -0.12978674
-0.23606707 0.39563254 -0.00244772
-0.10274737 -0.20280455 0.15056603
-0.16764154 0.16954373 -0.04286183
-0.09927021 -0.06702511 0.14942253
0.18389365 -0.08126642 0.05519960
-0.12784633 -0.07678961 -0.05153403
0.22843006 -0.37228391 -0.15807128
-0.03678082 -0.07166312 0.01831617
0.02915775 -0.05559455 -0.11444365
-0.08857281 -0.09320986 0.05244554
-0.17794372 0.22763169 -0.15072726
-0.18108895 0.20467302 0.12695457
0.02472318 -0.05595507 0.07322279
0.18802354 -0.13672419 -0.15081218
0.06938829 -0.05142511 0.00352194
-0.14152579 -0.38859221 -0.16259970
-0.20133719 0.31444675 -0.08269885
-0.20909707 0.36507213 0.03690006
-0.09199221 -0.05201194 -0.06376427
-0.17502902 0.13804536 -0.04520654
-0.11482800 -0.24070993 -0.14956954
-0.17020841 0.11779270 -0.08106618
-0.15997450 0.07705480 0.09579216
-0.21684527 0.39908367 0.03584659
-0.10118096 -0.09968641 0.12467933
-0.00604745 -0.06214122 0.02488996
-0.13234800 -0.36689538 0.15162887
0.19729398 -0.07275828 0.03527894
-0.16823776 0.18710113 0.00785297
0.00025290 -0.08966968 -0.15403010
0.19776304 -0.17182596 -0.14097053
-0.18861882 0.26550516 -0.05349712
0.15175015 -0.05579063 0.08476806
-0.23621942 0.38204050 -0.04706812
0.22129399 -0.16081519 0.16158444
0.22221895 -0.14244497 0.14699952
0.19076028 -0.08554439 -0.06267270
0.19347085 -0.07549825 0.14980981
-0.16175018 0.12523529 -0.10225804
0.22541460 -0.21338855 -0.16282225
-0.10354353 -0.04794210 -0.00614960
-0.16392143 0.16805340 -0.05263939
0.21133213 -0.17673752 -0.15286952
0.09496632 -0.06458758 -0.15754303
0.04581375 -0.05394255 0.11418913
-0.14504445 -0.34636801 -0.15510884
-0.08576193 -0.08084679 -0.03092618
-0.16421224 0.16136190 0.14411254
-0.10623300 -0.21500322 -0.14735490
0.21793483 -0.23946150 -0.15670864
-0.10554929 -0.11207294 -0.14884815
-0.12559748 -0.08640729 -0.11780235
0.19099602 -0.08040874 -0.01841618
0.18195963 -0.08882327 0.01224357
-0.16324122 0.14372745 0.05666777
-0.22901608 0.40061787 -0.03911518
0.16073635 -0.07781912 0.06516393
-0.02149329 -0.06682716 0.14864041
-0.01925482 -0.10612243 0.15770096
-0.21322936 0.28766233 -0.00671000
-0.17470770 0.21126060 0.14439888
0.20163921 -0.07454105 0.03534639
0.10550620 -0.08589410 0.04498983
-0.13722394 0.04800412 -0.15424895
0.06665631 -0.06080829 0.06306733
0.02748748 -0.07915381 0.06738375
0.20610917 -0.10324774 -0.13054933
-0.19177781 0.28572217 0.10802768
-0.05475982 -0.08981515 -0.14742982
-0.07081878 -0.08376037 -0.09604930
0.22925654 -0.06566482 0.04281644
-0.17465422 0.13854654 0.11637479
0.00399315 -0.09722507 -0.13692681
-0.20305547 0.23676741 -0.07580166
0.11130118 -0.09992159 0.15029161
0.07013000 -0.05154367 0.00177336
0.11391318 -0.08825701 0.01099910
0.10930987 -0.08954223 -0.12702760
-0.10359418 -0.30043024 -0.14497262
0.20947637 -0.31599668 0.15405747
-0.17248337 0.10200807 0.12054215
-0.12984829 -0.04220665 0.02144728
-0.13008940 -0.15002026 -0.15303601
-0.19173461 0.19579610 -0.09723950
0.00679723 -0.10599804 0.12979637
-0.16003963 0.12874189 0.11454701
-0.04412402 -0.08203486 -0.09809535
-0.09960374 -0.04647142 0.02548676
-0.12699862 -0.17715150 -0.15082695
0.22801392 -0.23540184 -0.15912473
0.21338506 -0.08683448 0.13859685
-0.15076919 0.04491965 -0.10133073
-0.16618717 0.11364564 0.09769633
-0.15078358 0.14862782 0.01042580
0.09876527 -0.05600974 -0.04022257
0.16957322 -0.05238548 -0.12411571
-0.19699317 0.22706482 0.01492764
-0.13334948 -0.34429237 0.15163271
-0.18733816 0.19062161 -0.00368277
-0.14435105 -0.00679249 0.07320149
0.21163340 -0.12563916 0.13798738
-0.11542404 -0.15739557 0.14963220
-0.21697317 0.36861461 -0.10273500
-0.03911864 -0.06282328 0.13969885
-0.21965273 0.32333240 0.10488455
0.06239478 -0.09311580 0.14090468
-0.09688888 -0.07100350 0.15794516
-0.22190224 0.30591065 -0.12952468
0.04519037 -0.05734736 0.14276777
-0.18213968 0.23464257 0.06096677
-0.23112887 0.40732017 0.03114495
-0.04396818 -0.05493730 -0.02660541
0.21556146 -0.06790112 -0.12036188
-0.12433308 -0.04458938 0.15543920
0.20153007 -0.15281829 -0.15801166
-0.09120986 -0.06354687 -0.14422196
-0.14342053 0.07966238 0.13480285
-0.00026389 -0.08778214 -0.13803388
0.02574036 -0.09682682 0.04871329
-0.06629613 -0.05180024 -0.09570941
0.06866822 -0.08722911 -0.15416501
-0.12724963 0.00756516 -0.14932115
-0.04645101 -0.09007352 0.09106050
-0.04117155 -0.05145456 0.00716146
-0.15050474 0.01238253 0.05222115
-0.22615880 0.33972299 0.13176385
-0.14973563 0.02043893 0.05921398
0.23385745 -0.09445609 -0.04363281
-0.09555925 -0.08663504 0.10228118
0.14727958 -0.07691747 0.09160715
-0.09190600 -0.05004077 0.11462399
-0.20892040 0.33225420 -0.04355128
0.20174594 -0.08384819 0.15690503
-0.16281465 0.07570112 0.03422966
0.19968578 -0.14252122 0.15220720
0.22171594 -0.09483360 -0.09954838
-0.05534266 -0.11963210 0.14643185
-0.21803248 0.34742928 -0.12416664
-0.13480313 -0.05428669 0.06561150
-0.17783268 0.13104060 0.12710324
-0.05697662 -0.07323706 0.10036516
-0.19151533 0.20300899 -0.00263632
0.04545162 -0.08133449 0.16112939
-0.13592660 0.01427501 -0.13533385
-0.21131513 0.28544188 0.04644493
-0.10745355 -0.11696322 0.14084196
0.22610506 -0.09570545 0.04508251
-0.18118937 0.17315067 -0.13942324
0.04558220 -0.05270804 -0.07040246
-0.12464831 -0.03919302 -0.05320939
0.03077548 -0.05267217 0.08867855
-0.11662015 -0.17631289 -0.14811955
-0.15659055 0.12267252 -0.12932365
0.22520997 -0.18411818 -0.15814658
-0.14659263 0.08779752 0.14143783
0.20245954 -0.08637229 0.00128872
-0.14700954 0.07952669 -0.01298147
-0.22671668 0.34361207 -0.11035394
0.14525646 -0.05620795 0.10901053
0.13932496 -0.07488255 -0.08629715
-0.02769163 -0.08223529 0.04175233
-0.14804690 0.09866006 0.14373642
0.05775551 -0.09044500 0.02181822
-0.11001521 -0.04013688 0.11439384
-0.15217212 0.04184382 0.10768962
-0.11029009 -0.26966912 -0.15150599
-0.10173886 -0.11002263 -0.13355279
-0.12503695 -0.06561220 -0.14605179
-0.02043758 -0.09390841 -0.15285286
0.13564980 -0.08286880 -0.14651640
-0.15474437 0.14399117 0.05519443
0.23792292 -0.08261818 -0.13900849
-0.13365468 0.01700787 0.13075152
-0.13620740 -0.02463549 -0.11781416
-0.00481815 -0.06466497 0.08066081
0.04084638 -0.08737792 -0.01646129
-0.17679533 0.13958701 0.03585909
-0.16624436 0.10455971 0.08686979
-0.03612007 -0.09377732 0.08330750
0.22685945 -0.17895369 -0.15238371
-0.02833460 -0.07798447 -0.12316130
-0.14210668 0.05397613 -0.06588330
0.22363594 -0.40242857 0.14857201
0.00371189 -0.06957482 0.15333739
0.18768255 -0.08903606 -0.16404073
-0.11600024 -0.15694290 -0.15010795
-0.15731640 0.06152018 -0.09889102
0.15562455 -0.07225092 -0.11442650
-0.03838932 -0.10738382 0.14030504
-0.22281548 0.32471296 -0.09358452
-0.20652941 0.28473771 0.08890996
0.18022582 -0.09275360 -0.02383853
-0.12272941 -0.04356382 -0.14164916
-0.14826432 -0.01649938 -0.08187976
0.11566347 -0.08143352 -0.15439439
-0.20069112 0.29418433 0.04447255
-0.08310714 -0.07296586 0.10193896
-0.04393081 -0.09556871 -0.13341293
-0.15838814 0.16088007 0.00490085
0.06451184 -0.04483102 0.12024501
0.03070620 -0.05421748 0.08922721
0.13388383 -0.06218000 0.12470689
-0.19992511 0.23336864 -0.09033673
-0.09108345 -0.06228966 0.09595461
-0.12478859 -0.26654273 -0.15748759
-0.23365732 0.37196270 -0.07122334
0.22270715 -0.08435262 -0.14342949
-0.19177862 0.19737041 -0.08398771
0.07615806 -0.09347635 0.03761809
-0.13085105 -0.03557349 0.14497668
-0.20793702 0.25780222 0.01354811
-0.02088702 -0.09753132 -0.11944294
-0.20207183 0.25929809 0.07350833
-0.12468170 -0.23303330 0.14189380
-0.01805740 -0.06832265 0.14090182
0.04507192 -0.08578388 -0.02256348
-0.10436843 -0.20905855 0.14396138
-0.17458010 0.19406264 -0.11628871
0.02739486 -0.06337375 0.11629834
-0.14725441 0.06750087 0.00551701
0.23632506 -0.37996677 -0.16521516
0.15549640 -0.06922644 -0.15736479
-0.11647550 -0.24728915 0.14496303
0.24223958 -0.38978362 -0.16706640
-0.10394578 -0.19892070 0.14328416
-0.17774364 0.22164561 -0.00330643
-0.13718751 -0.35681406 -0.15310903
-0.07951286 -0.09708939 0.05264222
-0.23425505 0.40156019 0.01873727
0.09949572 -0.05211340 -0.14904431
0.06036839 -0.06541470 0.12865821
0.04665886 -0.07437252 -0.14549758
0.15200174 -0.05845338 0.00539011
-0.14385352 -0.01176184 0.08865692
-0.07020424 -0.05657790 0.04733671
-0.14451578 -0.03220825 0.00489895
0.23520881 -0.33069834 -0.16600923
0.21061435 -0.06091326 0.09359852
-0.10561202 -0.17912418 0.14981778
-0.12149943 -0.02104811 -0.05510649
0.09287767 -0.05501368 -0.03805085
-0.20533973 0.26955172 0.05180078
0.20986640 -0.07171195 -0.14083709
-0.06659899 -0.08054953 0.12906560
-0.13351990 -0.07294942 -0.03628937
-0.06228321 -0.05241020 0.06429627
-0.17859024 0.14453548 0.01674205
0.12089913 -0.06601527 -0.05779581
-0.07893007 -0.05262811 -0.09739338
-0.11836806 -0.30143541 0.13903117
0.02037907 -0.09652327 0.07818188
0.19919500 -0.08697122 -0.01762853
0.01077547 -0.09632116 0.14517647
-0.09348592 -0.10834744 -0.01016768
0.11608218 -0.07221980 -0.12401791
-0.12297758 -0.02853533 -0.15509692
-0.15774249 0.04165742 0.00481340
0.19596818 -0.05857722 0.02641892
-0.13879611 -0.01286595 0.10007183
-0.13529976 0.02580094 -0.15130004
-0.09752902 -0.08349489 0.01395625
0.14887588 -0.07583376 0.10549636
0.20222640 -0.06185720 -0.04211973
-0.23214643 0.34738398 -0.10777977
-0.17788939 0.21413048 0.12163253
0.02565539 -0.05161575 -0.01117344
-0.01261873 -0.05473596 0.14904505
-0.09845642 -0.11270936 -0.15320762
0.00053241 -0.09133305 0.08841157
-0.16682626 0.17936186 0.07074500
-0.13023072 -0.05398308 0.10095438
0.22070089 -0.35032952 -0.15625647
0.23148295 -0.37015119 0.16095218
-0.10311498 -0.27517813 0.15290280
0.08783162 -0.09186275 -0.12837280
0.04189957 -0.09075806 -0.01389076
-0.02782006 -0.05961549 0.09200820
0.08532491 -0.05958902 0.14424358
-0.14316307 0.10219561 0.05658112
-0.13187298 0.04007756 0.14563036
-0.21466811 0.37543088 -0.07966831
0.15957974 -0.08765383 -0.14466345
0.19853805 -0.05956514 0.05359380
0.19752972 -0.21922301 -0.14339601
-0.15704958 0.14418629 0.08492214
-0.10680590 -0.09603886 -0.00175898
0.17136368 -0.07547442 -0.13349825
0.08770717 -0.05417276 -0.11854383
-0.05615548 -0.09024911 0.11359865
-0.23852529 0.38898933 0.03580339
-0.15242918 0.08077799 0.04640808
0.19585899 -0.08544230 0.14587323
0.15255564 -0.06611151 0.10684928
-0.23268250 0.40767297 0.04460149
0.21819089 -0.06349009 0.08096544
-0.19087040 0.19354637 -0.11498702
-0.17200023 0.12289122 -0.01381536
0.09329213 -0.08474804 -0.14314783
-0.12556525 -0.03175396 -0.09895013
0.15633395 -0.09288059 0.14350563
-0.18299446 0.17624122 0.07783236
-0.14626276 -0.35155779 -0.15437582
-0.15544993 0.12473220 0.04468238
0.22742011 -0.36961073 -0.15311448
0.03828627 -0.09489880 -0.15391262
-0.16107076 0.17341512 0.14176598
0.08155952 -0.05114625 -0.00744713
-0.22532490 0.36041641 0.09715527
-0.10706502 -0.02785825 0.08316777
-0.10007802 -0.10932294 0.12448475
0.21337941 -0.26000467 0.15289734
0.21278667 -0.36485264 -0.15568310
-0.11698162 -0.08610330 0.06643654
-0.03767925 -0.09355828 -0.10300043
-0.16489354 0.06837729 -0.09624101
-0.10912380 -0.12389777 -0.11882730
-0.19460574 0.30215028 0.00903724
-0.13663127 0.05689329 -0.00137724
0.23475181 -0.34770459 0.16713300
-0.08392578 -0.07645369 -0.01444231
-0.12869284 -0.00159792 -0.14919093
0.14144877 -0.06067198 0.09550707
0.16061783 -0.08077450 -0.12942651
-0.19736022 0.33313182 0.10462171
0.17417854 -0.05579219 -0.04325319
0.03620101 -0.09898125 0.04070387
-0.11208186 -0.10790828 -0.15133424
0.04862358 -0.05274138 0.12594375
-0.12118534 -0.07949663 0.00664230
-0.16272874 0.14777315 0.15175885
0.20473434 -0.09040644 -0.05251126
0.17070140 -0.08536793 0.12958622
-0.22387673 0.35470602 -0.05963845
-0.22262678 0.34151191 -0.10076999
-0.10472383 -0.04845638 0.15269351
0.20369908 -0.08060873 -0.12321727
-0.14433035 0.08197121 -0.10204051
-0.13627423 -0.02917626 0.04639355
-0.20990162 0.27998534 0.03598072
-0.12221001 -0.08789808 -0.01316937
-0.15910542 0.11984067 -0.14820319
-0.21110527 0.27624390 0.00514909
0.09257656 -0.05645083 0.00115140
0.16666628 -0.07476967 0.14809874
-0.22687356 0.35138306 0.00027297
0.16605671 -0.05328185 -0.15598744
-0.11424185 -0.04939093 -0.14740716
-0.18561050 0.19110897 0.12807083
0.19638851 -0.10585846 -0.14026579
0.22492839 -0.34910280 -0.15417200
0.17109472 -0.05635547 -0.04023432
-0.19464792 0.20871004 -0.09632347
-0.11561381 -0.04634221 -0.11186090
0.14501078 -0.05860597 -0.04604011
0.04456456 -0.08844608 0.00903737
0.14286129 -0.09230294 0.13976909
0.08868665 -0.04884161 -0.15262258
-0.15993240 0.07971223 -0.14250016
0.07303312 -0.06383456 -0.13494091
0.08185234 -0.05540678 0.09213622
0.09737261 -0.09096520 -0.16126470
-0.20324183 0.24640137 -0.05251884
-0.09956652 -0.08790535 0.15291426
-0.15500188 0.05200797 -0.14633065
-0.02209158 -0.05224102 -0.14867030
0.18358544 -0.13018288 -0.15353487
0.18327160 -0.06711714 0.12031011
-0.12143700 -0.09519348 -0.09691883
0.11019241 -0.08612043 0.09893131
0.19132417 -0.16141178 -0.15564990
-0.20701605 0.33270714 -0.10523530
-0.02376945 -0.08508514 0.03662685
-0.10073715 -0.04451998 0.15165226
-0.12472980 -0.14535823 0.15057720
-0.19297212 0.29305652 -0.02565783
-0.09481849 -0.07335638 0.04598022
0.01479159 -0.07170850 0.07391552
-0.17306870 0.16290557 0.03248267
-0.11233340 -0.11512063 -0.14400524
0.11236286 -0.06976468 0.07677796
0.23251998 -0.36818159 -0.15142916
0.03083507 -0.08877409 0.04879719
-0.15822421 0.12338211 -0.01193054
-0.15702817 0.17978434 -0.00733976
-0.15966481 0.05397043 0.03758656
0.04371610 -0.09626066 0.12241421
0.22830036 -0.20246178 0.15432270
-0.10243506 -0.03596848 -0.14021635
-0.08772705 -0.06617613 0.14752014
-0.11535838 -0.09416783 -0.11507821
0.14598525 -0.08332137 0.04466332
-0.04121673 -0.10779496 0.13908006
-0.11021430 -0.04355550 -0.01212045
-0.18903628 0.17638242 0.09051289
0.18770106 -0.05707964 -0.09351979
-0.17524494 0.15556233 -0.03980215
0.20737979 -0.08679224 0.12473886
-0.10142457 -0.18708690 0.14956601
0.06042197 -0.04948461 0.12473632
-0.13896148 -0.36940998 0.15663125
-0.19499695 0.20551327 -0.05595138
-0.19363040 0.29975256 -0.00909385
-0.16707106 0.09469903 -0.04940537
-0.16937338 0.10435267 -0.13525249
-0.20839463 0.26220661 -0.05410177
-0.22511953 0.33529246 0.00353668
0.23635301 -0.38261372 0.15714492
-0.20804513 0.35703710 -0.08028418
-0.10978195 -0.03764252 0.14745076
-0.19142476 0.20224378 -0.09739958
0.10601217 -0.08940092 -0.02142979
-0.09782222 -0.12061327 -0.14529833
-0.01762716 -0.04639392 0.05124945
-0.04921151 -0.07371011 0.11646049
-0.17332658 0.17904878 0.03294981
-0.01348879 -0.06666461 -0.14913605
-0.20406336 0.33295238 0.07802922
0.07843737 -0.04927935 0.12325240
-0.10838503 -0.11845239 0.14068286
-0.20701027 0.35981280 0.05192846
-0.17264068 0.19884588 -0.04774136
0.21446669 -0.08333932 -0.12006940
-0.14020702 0.05413485 0.14971541
0.07417330 -0.08667744 -0.04847945
-0.14588861 0.11057627 0.02619430
0.18928914 -0.09691840 0.16068827
-0.04377448 -0.08401119 0.03391151
0.15186599 -0.06180971 0.10778783
-0.14664342 0.08749260 -0.03173688
-0.17485933 0.12526916 0.14268659
-0.14874426 0.01587916 -0.01832865
-0.16643010 0.08592277 -0.04582418
-0.20698906 0.27230334 0.13081662
-0.21234798 0.37329891 0.02098472
0.08942916 -0.05280451 -0.03578419
-0.22098278 0.37832835 -0.08391573
0.20817325 -0.12292621 -0.16035683
-0.13047294 -0.02438585 -0.03540996
-0.21638256 0.30423510 -0.10671319
0.14097440 -0.08591279 -0.15412435
-0.11895467 -0.16200718 -0.15292047
-0.15187877 0.01906409 -0.10057919
-0.15985294 0.15909535 -0.02168436
0.04157167 -0.08793051 -0.00506783
0.13154621 -0.09446623 -0.07040142
-0.09885509 -0.08194365 0.13734719
-0.12947263 -0.07238053 -0.10780112
0.11734176 -0.08657761 0.14018187
-0.16536210 0.09006803 -0.13747805
-0.13658781 -0.00581505 -0.14725851
-0.18444404 0.25027013 0.10756560
-0.12613025 -0.34163544 -0.14932984
0.21849342 -0.10581401 -0.13721040
0.22083080 -0.25691912 -0.14767821
0.19475673 -0.09072063 -0.02325186
-0.04617213 -0.06897762 -0.01224168
-0.10149016 -0.03827672 0.04601860
0.06727028 -0.05321819 0.10696469
0.02502159 -0.05708303 -0.02279428
-0.06481020 -0.07696398 0.13491818
0.09311306 -0.08570246 -0.09614588
0.03264880 -0.06031601 0.01026290
-0.09377293 -0.09602709 0.07663389
0.05860564 -0.06040869 -0.06778823
0.18538374 -0.09754689 0.14511412
0.21284644 -0.20936006 0.15852319
-0.22298330 0.33780998 0.01376210
0.20863456 -0.07438539 -0.02511316
-0.12952600 -0.36442351 -0.14488116
-0.20780750 0.27394271 0.03091502
-0.02468037 -0.05071984 0.08272472
-0.18826401 0.18807681 -0.01326873
-0.12097417 -0.10846430 -0.10564186
-0.19384074 0.28205681 0.04634744
-0.19073209 0.29073825 0.06829581
-0.20010039 0.27646962 0.13596272
-0.23104851 0.35806543 -0.02218052
-0.23635265 0.35984623 0.04052288
-0.19027287 0.27029976 0.00606712
-0.14396152 -0.00363785 -0.01300019
-0.18580432 0.17273839 0.11550997
-0.08365437 -0.07594109 0.00735338
-0.01399545 -0.08675288 -0.07718731
-0.20022950 0.30828208 -0.06666706
-0.20683308 0.34693176 0.07055216
-0.15458159 0.15484771 0.03341495
-0.09442666 -0.08961549 -0.00816732
-0.08039155 -0.08779512 -0.11298897
-0.11533592 -0.14892042 -0.14926198
0.21661066 -0.18536824 0.15569285
0.15848804 -0.04906028 -0.11091200
-0.22089729 0.31224665 0.03077407
0.22327411 -0.16392636 0.15174216
-0.23331694 0.39682028 0.03507841
-0.11016227 -0.11083364 -0.09283847
0.12667046 -0.05613949 0.15625554
-0.09058104 -0.10051242 -0.04720336
0.20244724 -0.18189016 0.14687167
-0.09146152 -0.12020481 0.15016003
0.22242144 -0.35426867 0.14696492
0.21668522 -0.08259527 -0.00551711
-0.13687412 0.05866285 -0.03503177
-0.12170946 -0.03865405 -0.11928260
0.22846603 -0.07010610 0.12478299
-0.05935654 -0.08709796 0.01484948
-0.07258911 -0.07239468 0.11318966
0.04484414 -0.06806519 0.13600796
-0.14638877 -0.40523446 -0.16005631
-0.18800153 0.17615478 -0.03326371
-0.09999233 -0.05625979 -0.01046935
0.14306955 -0.08326609 -0.11675712
-0.17393096 0.11555354 0.13127217
-0.13098542 -0.09558332 -0.15309328
0.15310992 -0.07391704 0.15878509
-0.12906250 -0.01812244 0.11278847
-0.21348976 0.28472146 0.12911731
-0.10590968 -0.05551121 -0.03257875
0.17815483 -0.07270084 -0.15939574
-0.10774918 -0.19009948 -0.15140764
0.18492261 -0.10122588 0.09301963
-0.15309304 0.03007417 -0.05260377
-0.10097791 -0.06073841 0.15722579
-0.17459472 0.22998524 -0.01202957
0.01053440 -0.05955061 0.01802793
-0.18414952 0.26455379 0.12751803
-0.13906626 0.02123113 -0.08437086
0.18383722 -0.07095616 -0.04465493
-0.19645528 0.21971689 0.07043080
-0.10571600 -0.17327639 0.14878441
