-0.25210270 -0.19405372 0.00255937
0.05906038 -0.25352255 -0.21261688
-0.25734273 -0.21074432 -0.10157476
-0.21138401 -0.21797512 -0.16451481
0.12600067 -0.18036409 -0.01736347
0.11137680 -0.18351901 0.17025484
-0.07139060 -0.20756803 -0.25994366
0.13741729 -0.22605801 -0.24653046
-0.02712872 -0.18379441 0.06660365
0.20649205 -0.20612988 0.19543722
-0.26535550 -0.23746651 0.05240773
-0.03310239 -0.17291205 -0.02421300
0.05808983 -0.26282319 0.09510250
0.19664256 -0.26755124 -0.00459964
-0.16603765 -0.25125727 -0.08252637
-0.02845312 -0.19292617 -0.04826641
-0.01213506 -0.18168230 0.19865192
0.00469235 -0.24317814 0.00105627
-0.11192057 -0.26705861 0.02543164
0.21993470 -0.21688944 -0.19806384
0.23585196 -0.25258514 0.00017575
-0.04198493 -0.18625970 -0.03533896
-0.02594375 -0.05532568 0.00120082
-0.04089352 -0.26593116 0.18966830
0.26976675 -0.22552545 0.08067568
0.03408398 -0.27438143 -0.07477816
0.22204849 -0.19754477 -0.04235021
-0.13721542 -0.17854048 -0.19395816
0.28148481 -0.22361107 0.04451267
0.03557777 -0.21888953 -0.02929541
0.01634634 -0.14683661 0.00827051
0.21288234 -0.19095135 -0.00542393
0.18557821 -0.19458720 0.14789280
0.22214752 -0.19341192 -0.02516072
-0.19064739 -0.23735934 0.15492244
-0.16210915 -0.24276742 0.14924021
-0.13228863 -0.25022331 0.18332879
0.05535831 -0.23315531 0.07012807
-0.16651872 -0.20457415 0.21974991
-0.11088796 -0.25447622 -0.15036263
-0.18611129 -0.18595946 0.00257256
0.05424792 -0.21673158 -0.27472121
-0.17765923 -0.19290617 -0.09530213
-0.20519684 -0.20916346 -0.15230601
-0.04472620 -0.20740083 0.24919507
-0.06469963 -0.22071353 0.27440354
0.09920112 -0.26914358 0.12621194
0.07835387 -0.22013257 -0.24816599
0.26536590 -0.20510980 0.02756333
-0.17584628 -0.20846875 -0.18233657
0.04315954 -0.22553931 -0.27732557
0.16144216 -0.24447991 -0.04059261
-0.23378739 -0.19665784 0.00852003
-0.24526694 -0.22084326 -0.07277155
-0.13572331 -0.19825351 -0.05093763
0.24987987 -0.23515254 -0.05269734
-0.10127328 -0.19072571 0.11385673
0.17575049 -0.23688601 0.09863617
0.21274707 -0.18839017 0.00375732
-0.11227985 -0.17281114 -0.13734666
-0.21576594 -0.19861779 -0.11933269
0.11070050 -0.18252338 0.16124716
0.10124270 -0.19075097 0.17101219
-0.14505130 -0.19045988 -0.10694481
0.10995061 -0.19083142 -0.07502559
-0.02737738 -0.27618602 -0.00960485
-0.02693962 -0.18183652 0.06499260
0.05540048 -0.19041267 -0.22474441
-0.14567958 -0.19386923 -0.12112073
-0.12789421 -0.25357980 -0.18650384
0.18734679 -0.21840622 -0.17833531
0.08437504 -0.19677314 -0.23836535
-0.03940587 -0.24248827 -0.14620852
0.00081049 -0.20975730 0.27363113
-0.06407920 -0.18093298 0.05823858
-0.13922510 -0.17661746 0.03091262
-0.00092016 0.10499874 -0.00304123
0.18095487 -0.21375342 0.22705165
0.09315059 -0.22689936 -0.27331319
-0.08156148 -0.25469536 0.13928272
0.18578221 -0.25417796 0.11457407
-0.22094904 -0.25555629 0.00228397
0.14509152 -0.24217711 -0.21156242
-0.13657552 -0.24407636 0.03752938
0.20816612 -0.21164946 -0.20485246
-0.21788050 -0.17410345 0.09115381
-0.07230150 -0.19623066 0.10854915
0.09424713 -0.18812491 -0.03813581
-0.14838830 -0.21136649 -0.17087634
0.06137211 -0.19958387 -0.08552939
-0.19585481 -0.21719079 -0.18967792
-0.14823203 -0.21550301 -0.17870837
-0.12127554 -0.26887020 -0.07583471
0.00234903 -0.18368293 0.02570137
-0.05329875 -0.18018143 -0.19775029
-0.23578387 -0.20524818 0.03499463
-0.06147553 -0.27011919 0.01053338
0.01579027 -0.18031040 -0.18560144
0.05910880 -0.17565739 0.09185372
0.06127330 -0.19477293 -0.18237123
0.16429321 -0.18481867 0.11677463
0.04322495 -0.24290210 0.00874795
0.00849030 -0.22356521 -0.24647558
-0.02287520 -0.21095762 -0.26045132
-0.07750197 -0.19597153 -0.16709016
-0.08418014 -0.25929409 -0.16675708
0.27264339 -0.21292940 0.07114126
0.02423199 -0.25813490 -0.18086748
0.16831681 -0.24274173 -0.18451618
0.22884905 -0.25443712 -0.00015181
-0.07872703 -0.18279512 0.14445423
-0.06573731 -0.13193694 -0.01530720
0.03548883 -0.23448139 -0.27277336
0.20623706 -0.17451094 0.00858418
0.12488735 -0.20876227 -0.00750457
0.19331242 -0.20460297 -0.02457321
-0.25180507 -0.21077493 -0.12191018
0.17097571 -0.17577395 0.09890693
-0.18455312 -0.19620419 0.17771913
0.16883893 -0.19468355 -0.09440719
0.08469449 -0.18913126 -0.23575900
-0.15815637 -0.18930778 -0.03978364
-0.00133881 -0.27566421 -0.02768164
-0.00485547 -0.18285997 -0.12841375
-0.01436914 -0.26506495 -0.13519800
0.11307445 -0.18982887 -0.13465247
0.18842964 -0.21003889 0.19810832
-0.15651533 -0.21340401 -0.18327919
0.12625350 -0.20024630 -0.03947331
0.04192330 -0.18370283 -0.18041027
-0.23245481 -0.25592920 -0.02733890
0.23851694 -0.19801024 -0.00185159
-0.04042293 -0.27124217 0.08007737
-0.05911583 -0.19956757 -0.24546850
0.24369273 -0.20535651 -0.11128595
-0.06322363 -0.20071122 0.27103108
-0.17531326 -0.18257266 -0.17367986
0.19135459 -0.18886112 -0.05035561
-0.05096050 -0.18267849 0.18948030
0.04865279 -0.21368864 -0.27803859
-0.18317507 -0.20039570 -0.12597434
-0.12787582 -0.19370827 -0.06241813
0.15406168 -0.19366702 -0.07206877
0.22023392 -0.19585577 0.01803717
-0.17019944 -0.17941347 0.11727092
0.22240616 -0.24616747 0.06016799
-0.05224111 -0.19391736 0.27504253
-0.05011274 -0.20277841 -0.24196307
0.23152389 -0.20804502 0.13505420
-0.02762810 -0.19135121 0.01349143
-0.00285367 -0.20107675 0.18358754
-0.25659955 -0.20239528 0.10363358
0.13619840 -0.27581117 0.01760707
0.12943947 -0.18175453 0.18731439
0.16465402 -0.26252893 0.04749728
-0.19918609 -0.22694841 -0.19306855
0.03928010 -0.18885247 -0.26097590
0.04105562 -0.17562580 0.20962423
-0.01700325 -0.20053013 0.13701309
0.05797269 -0.27042454 -0.10195810
-0.16279802 -0.19831005 0.17354003
-0.02312746 -0.19070406 -0.27052799
0.04056431 -0.21088319 -0.02386262
0.19222900 -0.21821599 0.01853829
0.21934278 -0.23101874 0.14237204
0.21910985 -0.18919769 -0.00265739
0.08759850 -0.19651863 -0.11933882
-0.22515169 -0.25517246 -0.04442189
-0.10701517 -0.25606084 0.16505878
0.14796644 -0.19589959 -0.21004680
0.18745160 -0.18679066 -0.05926925
-0.07448150 -0.28149346 -0.07074715
0.12141321 -0.23753853 -0.18838659
-0.18421325 -0.17841621 -0.17637199
-0.01765674 -0.27277735 0.05349124
-0.04890704 -0.19211528 0.10650066
-0.06773529 -0.19122012 0.27378395
-0.06320731 -0.19994742 -0.28238824
0.03031209 -0.21271469 0.23947836
0.08356480 -0.27526525 0.00407789
0.11497922 -0.21340407 0.26353213
-0.11125160 -0.19296078 0.22205611
0.09586156 -0.17996375 0.15606248
0.04111380 -0.20955674 0.24128315
0.04218739 -0.18229567 -0.18426643
0.05417657 -0.16965750 -0.08711618
0.22041403 -0.21635604 0.09492205
-0.15794577 -0.22762978 -0.20923254
0.06311060 -0.18095385 -0.02877967
-0.01132593 -0.15971914 0.11673820
0.14135019 -0.18355824 0.04255158
0.04655943 -0.19241704 -0.12523217
0.23823991 -0.19548465 -0.03583505
0.06966780 -0.23214906 -0.10436150
0.15759224 -0.21037230 0.23030588
-0.26470691 -0.20426911 0.00169471
0.03420963 -0.28274089 0.09896482
-0.02589608 -0.26877069 0.04503509
0.06200618 -0.22989786 -0.27257174
0.08176724 -0.19637971 0.26902702
0.13328704 -0.22520496 0.05534431
-0.02041030 -0.18891865 0.24014278
-0.18934730 -0.18810007 -0.09885707
0.06611408 -0.24204735 0.22314183
-0.18753581 -0.18223251 -0.07924302
0.05782061 -0.19869587 -0.26071662
-0.11229104 -0.22573535 -0.26665911
0.04238517 -0.21339747 -0.24051940
0.26053193 -0.20564425 0.11307341
0.16047573 -0.25395563 -0.05836606
0.15542592 -0.19178212 0.04592326
-0.07511525 -0.18517861 0.16528623
-0.24268711 -0.21112366 -0.12683490
-0.20098610 -0.23586400 0.17700671
0.16083276 -0.20636609 0.22940308
0.15974477 -0.20736738 -0.24214011
0.05762329 -0.18022597 0.05203044
0.05481480 -0.19448568 -0.20324433
-0.07714054 -0.19197372 -0.16819142
0.09081575 -0.20099027 0.26419169
0.04306651 -0.26247016 -0.12791789
-0.16996923 -0.24810146 -0.10612401
-0.05855878 -0.26911387 -0.05795105
0.22060001 -0.25230640 0.12624519
0.06118416 -0.17570601 0.21083811
0.16140142 -0.21702258 -0.20841415
0.02320972 -0.19544266 0.02074092
0.07227980 -0.19406375 -0.13426840
-0.07300825 -0.23670872 -0.04490670
0.13394472 -0.27187508 0.07763823
0.05901732 -0.18920080 0.21618575
0.09644108 -0.23445764 -0.25272676
-0.19534904 -0.24132477 -0.16298318
-0.02461587 -0.22646488 -0.28118005
0.06839332 -0.25930801 0.13219473
0.10079166 -0.20486845 -0.02344428
0.04242575 -0.20235549 0.27819753
-0.04462379 -0.25063199 -0.22390981
0.09705726 -0.26669380 -0.14903523
-0.13214125 -0.17569289 0.05094203
0.01695118 -0.18696365 -0.07179629
-0.24625580 -0.21759930 0.01108989
0.07085063 -0.16915150 0.01106594
0.11680657 -0.18759555 -0.13522086
0.01125029 -0.20162804 -0.28193739
-0.11095140 -0.18235326 0.06611288
-0.21005860 -0.19844961 0.05884795
-0.00809486 0.29340711 -0.03793262
0.06715495 -0.22304265 -0.27761781
0.10414384 -0.18132272 0.06899960
-0.01554543 -0.20602608 0.27737975
-0.04951416 -0.22607134 0.17066967
0.08208349 -0.26251054 -0.14676930
-0.09264977 -0.18403329 -0.23216426
-0.26532331 -0.20890795 -0.03889051
-0.10204033 -0.18292443 -0.02452819
-0.05757207 -0.26061320 -0.13581266
0.03515600 -0.19283926 0.22663331
0.21142444 -0.26640373 -0.03060672
0.09138180 -0.18566950 0.13544261
-0.05493556 -0.17677203 0.15895900
-0.13241465 -0.26729521 -0.03587294
0.19139969 -0.24441774 -0.17899449
-0.00604296 -0.18731521 -0.07450429
0.03699714 -0.18565395 -0.18426396
-0.19535448 -0.21973711 -0.00603517
-0.08681764 -0.17863907 -0.06855967
0.05862350 -0.26523060 -0.03925854
-0.04365912 -0.19139676 0.21070257
-0.05270079 -0.20947798 0.25853667
-0.17137450 -0.19071527 0.20495316
-0.21429671 -0.18815237 0.06057234
0.26439741 -0.22609915 0.07929774
-0.22557870 -0.22055277 -0.09607769
-0.01372169 -0.19809692 0.25804588
0.00923385 -0.17296426 0.22281927
-0.27403128 -0.22444025 -0.04100981
0.03510793 -0.08883105 -0.02333495
0.04687520 -0.19007494 0.17231899
0.13993253 -0.21365882 -0.19131565
0.23190303 -0.18739255 0.08995643
0.18602207 -0.26250377 -0.00136314
0.00916245 -0.18155368 -0.19006568
-0.19599108 -0.20653227 -0.15795979
0.11864126 -0.18716174 -0.08346093
-0.25357363 -0.19624886 0.02605049
0.03433052 -0.17642218 0.23820505
0.15450838 -0.20518008 0.21179439
-0.02025603 -0.20130777 -0.27985954
0.11694276 -0.20082884 0.03315572
0.00907437 -0.20694222 0.27752295
-0.09239798 -0.22549534 0.24025443
0.13517192 -0.21365693 0.24922600
-0.24387291 -0.21927918 -0.09846839
0.06308092 -0.18937728 -0.11185114
0.16951731 -0.19425103 0.07934836
-0.08718632 -0.18044087 0.14673169
-0.24632776 -0.22574538 -0.11317077
-0.12212550 -0.22659482 0.22589867
-0.17963476 -0.25441685 -0.11320121
0.03709800 -0.19046998 -0.25454584
0.03006203 -0.26995885 0.16416168
-0.17893828 -0.25472105 0.11687658
-0.01908877 -0.19413210 0.18283693
0.23656605 -0.22537683 -0.11705484
-0.01745526 -0.18980041 0.04627759
0.04072120 -0.16834979 -0.12643310
-0.17159531 -0.25604114 -0.10666849
-0.16980642 -0.25780702 0.15646166
0.05532777 -0.19213992 -0.11210776
0.16524629 -0.19130893 -0.22806336
-0.09479082 -0.17676498 0.05897200
-0.07168506 -0.19770291 0.27187517
-0.00135116 -0.24515697 0.24663466
-0.17497864 -0.26399606 0.04367610
-0.09535132 -0.19043958 -0.09159264
0.25081927 -0.23087788 0.01754385
-0.18728404 -0.25307304 0.07578738
0.09941590 -0.26589328 0.02578204
-0.07114081 -0.19176352 -0.21472111
0.27677512 -0.20351948 -0.04435967
-0.26481628 -0.21856861 -0.09136401
0.07204562 -0.18251203 -0.03511793
0.04934027 -0.20237325 -0.24131712
-0.18614297 -0.18929549 -0.05347307
-0.06899943 -0.18425182 -0.22434980
0.14572677 -0.27355689 -0.04200830
0.15864837 -0.25132567 -0.00163254
0.09387562 -0.26559278 -0.07258382
0.04840846 -0.26360065 0.16959119
-0.18151785 -0.19152290 -0.20955214
0.26202402 -0.23907110 0.08341812
0.16190796 -0.18991947 0.16221736
0.06373191 -0.18655290 0.23702738
-0.25306126 -0.23744981 0.00020446
0.11762548 -0.19195978 0.25217706
-0.18784998 -0.18647841 0.00788501
0.21772274 -0.21974123 0.18288967
0.14503826 -0.21721315 -0.17363380
-0.11659052 -0.24400379 0.08676659
0.09006907 -0.19121858 0.25676930
0.13549069 -0.26580793 -0.10699402
-0.22325018 -0.21583818 -0.15257680
-0.28393891 -0.18177797 -0.03888995
0.07888193 -0.16893332 0.02233177
0.07571823 -0.19831257 -0.09475014
-0.25769284 -0.19025107 -0.05570065
-0.11075775 -0.19689837 -0.05942083
0.20724683 -0.21159694 0.14912790
-0.02816180 0.27125165 -0.01337126
-0.08093174 -0.19359246 0.11849213
0.08243556 -0.19231263 0.21757886
0.10492702 -0.19763541 -0.23068905
-0.09095130 -0.25829151 0.11782106
-0.02767922 -0.18926610 0.21494451
-0.18198058 -0.24883397 0.13345720
-0.14283718 -0.24397181 0.05907696
0.23823649 -0.22270422 -0.08429439
-0.01387592 -0.19129466 -0.22794254
0.13179439 -0.24694952 0.17164266
-0.20129858 -0.25560501 -0.00643624
-0.15375096 -0.19240169 -0.13574947
-0.00016969 -0.20751315 -0.24082798
0.21948788 -0.19067019 -0.11545907
-0.11957125 -0.20394574 -0.20747137
-0.03137888 -0.25065151 -0.18145666
0.11006111 -0.21043971 0.25872922
0.10870902 -0.19823740 0.04663546
0.15182370 -0.22759394 -0.23384514
-0.00279808 -0.26463407 0.21491602
0.19890535 -0.19573423 0.12015691
-0.05798581 -0.25280225 0.12262189
-0.08909885 -0.17697494 -0.14848879
0.21956316 -0.20201871 0.18396047
-0.00321692 -0.21230559 -0.27456939
0.05703257 -0.26409605 0.17399634
-0.04594639 -0.17792416 -0.06513244
-0.27969831 -0.22169439 0.04776889
-0.02582591 -0.19207436 0.16328532
-0.20279133 -0.19901407 -0.18450084
-0.13231376 -0.19675194 -0.12649010
-0.20985195 -0.18750572 -0.05278467
-0.20969999 -0.19627611 -0.17569460
-0.04420343 -0.18186589 0.18010792
-0.09716987 -0.20663436 -0.23263098
-0.22467867 -0.25382900 -0.03081789
0.19878468 -0.25405943 0.10030577
0.09555021 -0.19471379 0.22215435
-0.06328643 -0.18628933 0.00508265
0.18859309 -0.20129684 -0.14447175
-0.19434443 -0.18397960 -0.21067104
0.25412136 -0.23311022 -0.00924269
-0.27763107 -0.20314984 0.02104338
-0.00652995 -0.26453513 -0.17377193
0.20572799 -0.26740295 -0.04508332
-0.01665188 -0.27691668 -0.01825107
0.08705341 -0.19253601 0.22963920
-0.09339891 -0.19236544 0.10084122
0.07425699 -0.19415471 -0.24279886
-0.22074780 -0.18491940 -0.02426002
-0.01303169 -0.26709211 0.13946740
0.18072626 -0.19275893 0.03907346
-0.11192662 -0.18660760 -0.15303907
-0.24952458 -0.22287285 -0.12679553
0.02958640 -0.24928011 0.21659389
-0.02348697 -0.26106510 0.13855755
-0.17731252 -0.20320123 -0.19676645
0.02318078 0.25331256 -0.00838790
0.04737990 -0.21003349 0.27810141
0.09100974 -0.27556744 0.02882111
0.04274479 -0.24498287 -0.23238139
0.16372545 -0.22987823 -0.23297805
-0.15738679 -0.25316453 0.14361612
0.12710136 -0.18922442 0.13893241
0.21365917 -0.18047498 -0.09013196
0.05264395 -0.19008660 0.12031768
0.06083605 -0.18539383 -0.22433659
-0.14221752 -0.19524881 0.18448514
-0.02116924 -0.26256254 0.14450489
-0.02922671 -0.18664904 -0.12433681
-0.05248039 -0.18461806 0.16111825
0.10015503 -0.19244120 -0.23382461
0.22192703 -0.19441724 -0.02271690
-0.06338777 -0.24521133 -0.24773315
0.18581489 -0.19133286 0.08070438
-0.24655943 -0.21844800 0.12470518
0.07927913 -0.20991577 -0.25392458
0.12496168 -0.18109293 0.01012686
-0.10424720 -0.19959477 -0.12749352
-0.10116012 -0.24988048 0.17586008
-0.08895524 -0.18124588 -0.11719947
-0.03846687 -0.18805778 -0.22986093
-0.04605580 -0.14232920 -0.00055452
0.11108233 -0.18783166 -0.01854552
0.07094569 -0.26329541 0.12234224
-0.19281670 -0.24476780 -0.11475931
-0.17102838 -0.18089002 0.13598262
0.06335270 -0.25205061 0.23140882
-0.15486470 -0.25190607 -0.03807489
-0.01709755 -0.17666169 -0.17204304
-0.00822869 -0.19661538 0.00822010
-0.22205894 -0.19394326 -0.00440058
-0.08671752 -0.22709814 0.22469120
-0.08103073 -0.24866037 -0.21324958
-0.01838224 -0.20090067 -0.24993289
0.16440415 -0.18448028 -0.13735895
-0.12591414 -0.23181674 -0.20693798
0.17035399 -0.18944374 -0.17251047
0.07235806 -0.17400566 -0.12787524
-0.10553436 -0.21030135 -0.25121242
0.07431076 -0.24614726 0.10723145
0.14337122 -0.18595524 0.09037751
0.03006891 -0.20883955 0.27684283
-0.11768612 -0.18510278 -0.13229175
-0.05831859 -0.18809907 -0.20755592
0.14064637 -0.19179083 -0.21694186
-0.24451895 -0.21749084 0.10427763
-0.15420581 -0.18772122 -0.01166630
-0.01645277 0.28950560 -0.03618689
0.19579856 -0.18989679 -0.11354087
-0.09951548 -0.20343848 -0.11033155
0.26448548 -0.19487435 -0.00295983
-0.12421694 -0.22013460 0.22483458
0.21955737 -0.24989033 0.14882368
0.02043343 -0.22674496 0.09456327
-0.10064792 -0.17447908 -0.08934587
-0.21135381 -0.24721485 0.11574980
-0.06344195 -0.18714036 0.18402104
0.20948835 -0.20639338 -0.15616000
-0.07868750 -0.23507556 -0.24758218
-0.08644451 -0.20986994 0.25861940
-0.00683503 -0.20504375 0.24217273
-0.02444264 -0.19040410 -0.00862534
-0.00143794 -0.13948792 -0.02638819
0.00872822 -0.18300088 -0.17583595
0.02906116 -0.23457561 0.09241975
-0.23197700 -0.19331881 0.07953358
0.14865282 -0.24572316 0.18345764
0.06239598 -0.18941651 -0.08542126
-0.04147362 -0.19279039 0.02196914
-0.15691032 -0.20545156 0.21533898
0.21866319 -0.19573613 -0.02962242
-0.13474542 -0.18958768 0.11359458
-0.18918817 -0.24341314 -0.16899793
0.19032866 -0.25691286 -0.13343067
-0.11462528 -0.18407999 0.21621481
0.01123955 -0.21510100 -0.28101394
-0.13077375 -0.17037314 -0.03866853
0.04550820 -0.21230243 -0.28358564
-0.10845194 -0.26189792 0.06292754
0.11104751 -0.26135194 0.07504509
-0.19601190 -0.19533305 -0.03838145
0.17495292 -0.18719541 0.00971920
-0.23763590 -0.20043096 -0.05731731
-0.17968413 -0.20028789 0.02615665
-0.03072004 -0.22746329 0.27447021
0.16990057 -0.19873072 0.23723726
-0.03515743 -0.20977442 -0.27982342
0.21589074 -0.25512502 0.08928462
-0.13383821 -0.18943810 -0.16444087
-0.26507825 -0.21163037 0.03289489
-0.10896395 -0.19589946 0.14686479
0.17046365 -0.21645023 -0.20991239
-0.24703476 -0.21203670 -0.08329734
0.13099283 -0.20645410 0.22812298
-0.05421275 -0.26909357 0.17115636
0.21255198 -0.22430964 -0.02714763
-0.12317128 -0.24239248 -0.18870498
-0.28336176 -0.18749434 -0.03350954
0.03643125 -0.21324795 -0.23168015
-0.27296814 -0.19337541 -0.01230131
0.04479663 -0.25340393 -0.07335480
0.06532235 -0.26954287 -0.11542115
0.12681635 -0.22736759 -0.24160805
0.19920060 -0.20333442 0.18102251
-0.20909595 -0.23818199 0.13574399
0.00421333 -0.21295162 -0.27967247
-0.19018734 -0.18142352 -0.00538512
0.11283985 -0.26438448 -0.09930860
0.22768654 -0.23016828 -0.08209382
0.22996370 -0.20921220 0.16083659
0.19256780 -0.25739458 -0.08846378
0.11436710 -0.18978138 -0.14985809
0.19974142 -0.18893051 -0.03902818
-0.21488966 -0.23447886 -0.07938800
0.10402835 -0.26006293 -0.14689209
-0.07836746 -0.26126030 -0.15580145
0.18858430 -0.19736658 -0.14985314
-0.14850868 -0.18997562 0.20335187
0.07400538 -0.17842895 -0.19837625
0.07291622 -0.27393395 0.01668672
0.13409185 -0.26537478 -0.03914964
-0.13035248 -0.18734485 0.14635025
0.10492299 -0.26578575 0.14954062
0.04464711 -0.10509640 -0.00622787
0.14358914 -0.25033706 -0.18945415
-0.27309287 -0.22876757 -0.01623228
0.00776522 -0.17806038 0.15087360
-0.26182732 -0.20771302 0.05066517
0.06171031 -0.21446912 0.02117110
-0.14145936 -0.25189388 0.19751510
-0.07234526 -0.24253656 0.23260854
0.07033028 -0.18439169 0.19003186
-0.00906315 -0.20411105 -0.11242755
-0.01003656 0.15113081 0.00148640
0.15048586 -0.21403772 -0.19634648
-0.07610995 -0.25292888 -0.14202359
-0.24921051 -0.20028821 0.10569096
0.03616893 -0.27045885 -0.14158459
-0.13419235 -0.19330710 -0.07006323
0.26913592 -0.20779379 0.00317349
0.06430042 -0.27935818 -0.07598879
0.05422133 -0.18805414 -0.09630626
0.03461955 -0.25431913 -0.05437811
0.08632684 -0.20852166 0.27445361
0.25738829 -0.22411989 -0.08214384
0.23917376 -0.21287505 0.12710366
-0.25039542 -0.20187883 0.14161876
0.17400689 -0.26428670 -0.03851595
-0.17262764 -0.18331695 -0.07194550
-0.24871165 -0.18878928 0.08249784
-0.02315601 0.29368395 -0.00605512
-0.00857088 -0.23177359 -0.26542264
0.20311826 -0.21362150 0.17868845
-0.27666372 -0.21721463 0.02695078
-0.20091136 -0.22571802 0.16237673
0.13028204 -0.21939275 -0.24336274
0.11268988 -0.19560380 -0.13985051
-0.16515325 -0.19346932 0.03450996
0.01598994 -0.13923904 0.01276533
0.15409821 -0.24075569 -0.18272351
-0.13269924 -0.18551669 -0.05694015
-0.06085306 -0.18336028 0.13139929
0.19573428 -0.19529991 0.13440430
0.19535632 -0.21365188 -0.14128061
0.09190038 -0.20225346 0.17519408
-0.01524839 -0.18783239 0.04462108
-0.22889219 -0.19102070 -0.01300378
0.00800429 -0.14561199 0.01538807
0.13427152 -0.21898639 -0.24046525
-0.12100331 -0.21181256 0.03176164
0.16797957 -0.18650818 -0.07893796
0.00655427 -0.18541448 0.10009173
-0.04413679 -0.17403910 -0.16488440
0.24524780 -0.20306656 -0.01568378
0.02042644 -0.19146831 -0.25767079
0.26630190 -0.21051858 -0.03802876
0.11246090 -0.22717278 0.08179073
-0.07695328 -0.18071367 0.12908775
0.23869647 -0.19627635 -0.00985191
0.02207944 -0.28133917 -0.01302201
0.19010682 -0.19106263 -0.11999840
0.28207368 -0.20434925 0.00233822
0.01967136 -0.18025304 0.24042051
0.15088882 -0.22178401 -0.24187508
-0.03181493 -0.20758507 -0.25593865
0.00097452 0.27943230 0.02659123
0.18790454 -0.21292986 0.14807209
-0.18571416 -0.20282286 0.22036012
-0.02600509 -0.18890779 0.16930613
0.10030490 -0.18995175 -0.10485827
-0.09701477 -0.21366818 -0.22564436
0.16755144 -0.20269768 -0.16522977
-0.18663026 -0.18819593 0.02296517
0.19424492 -0.18619630 0.01367462
0.12034429 -0.18874839 -0.16246754
0.19878513 -0.24845785 0.06399693
0.11012769 -0.24440537 0.23990744
-0.26267993 -0.20323560 -0.04372707
0.12293749 -0.18319438 0.07900829
-0.14479443 -0.17346540 0.01361584
0.01456815 -0.18876664 0.13260241
0.05421831 -0.19436462 -0.08051082
0.14465269 -0.17834973 0.11582758
0.06647569 -0.17647204 0.21219949
-0.19977021 -0.22226869 -0.19796181
-0.25895727 -0.19760497 -0.13908093
-0.20397857 -0.18688443 -0.03314667
-0.16130757 -0.26192960 -0.00747192
0.01784692 -0.21177374 -0.27949113
-0.11192394 -0.17977697 0.19600382
-0.18717447 -0.18563527 -0.12615001
0.12066367 -0.26264900 -0.11137204
-0.10319510 -0.18745658 -0.18669648
-0.08099689 -0.23595995 0.16201101
0.12931734 -0.23016013 0.08644491
0.27961206 -0.22883011 0.02295347
0.21951775 -0.20708698 -0.00678744
-0.01090555 -0.19378105 0.17620087
-0.12516163 -0.19619709 -0.22629717
0.04536296 -0.27525887 -0.01465325
-0.18925096 -0.19312903 0.03896610
0.12913401 -0.19381793 0.16788051
-0.05484200 -0.25907773 -0.17895405
0.23257646 -0.25465634 -0.03518055
-0.20574185 -0.19000429 0.04604149
-0.11114894 -0.20591757 -0.24934074
-0.10511332 -0.18777518 0.18096289
0.04773669 -0.21337542 -0.26795530
-0.04011169 -0.19927807 -0.24605633
0.04793455 -0.20093367 -0.27714837
0.00940928 -0.18714333 0.21608454
0.11722441 -0.18385577 0.22725208
0.02996878 -0.18903488 -0.12797688
-0.17075816 -0.18942812 0.10854264
-0.21875200 -0.20021848 -0.10774100
-0.08193746 -0.18319693 0.16063358
-0.05939944 -0.26462200 -0.12196029
0.25270662 -0.20050742 0.07745935
-0.09744655 -0.18883410 -0.17220823
0.17280331 -0.24518616 -0.05434128
-0.22028880 -0.24605237 0.11001780
-0.15261735 -0.19433470 -0.04437888
-0.15380724 -0.18744357 0.07873106
-0.22488420 -0.19686930 -0.06231152
-0.15553662 -0.20213883 -0.23254094
0.14174128 -0.19134325 0.12928082
-0.10214348 -0.18891324 -0.16298024
0.03411806 -0.18988463 -0.07050918
0.23154590 -0.22662634 0.17703907
0.12083318 -0.26752439 -0.04243189
-0.21277697 -0.19008866 -0.01319507
0.04449778 -0.26205954 -0.12641229
-0.08515659 -0.18434574 -0.11840044
-0.03476262 -0.21225289 -0.27606878
0.00731395 -0.16057305 0.09471442
0.08936886 -0.26463583 -0.14507376
-0.08135091 -0.18769625 -0.10123471
0.18988764 -0.18816561 -0.02912034
-0.03360088 -0.19307731 0.11903608
-0.18347853 -0.18322289 0.08870739
-0.22133034 -0.20329380 0.01977249
0.17776220 -0.22464116 0.21472526
-0.02386381 -0.18990514 -0.12172069
0.14437889 -0.20611036 0.20169628
-0.02296604 -0.18828231 -0.23351824
-0.06963878 -0.19895810 -0.16280048
-0.25908515 -0.21389273 0.08300328
0.07565102 -0.25032756 0.21425107
-0.07010248 -0.18357736 0.13880469
0.00252536 -0.26073059 0.13922104
-0.12384966 -0.22396587 -0.26757932
-0.11646707 -0.25217801 -0.17411812
0.05443940 -0.19152299 -0.11798385
-0.06321951 -0.23388086 -0.26803598
-0.03805467 -0.19257009 0.08133729
0.07408467 -0.20198748 0.16304173
0.02280629 -0.18773694 0.06677341
0.16628651 -0.21136287 -0.20471331
-0.10638492 -0.16745488 -0.09860296
-0.07339915 -0.26724821 0.10371640
0.19218904 -0.18289959 0.10779444
-0.04216111 -0.18967426 -0.09966043
0.04051269 -0.19417341 -0.13851671
0.13979261 -0.23565009 0.24962105
0.09293897 -0.26875982 0.14717111
0.18358661 -0.25548795 -0.03808715
-0.08327811 -0.25099564 -0.19622403
0.17831609 -0.22185585 -0.18554723
0.00854280 -0.12889332 0.00750551
0.07431878 -0.19238721 0.23325086
-0.21384811 -0.21987832 -0.16332242
0.21016319 -0.22824836 -0.17630824
-0.21074191 -0.23448586 0.18044826
0.12122346 -0.18903714 -0.00519606
0.16731790 -0.23380534 0.12679201
0.05529242 -0.21708284 0.16672380
0.26355916 -0.22914332 0.05314746
0.09811438 -0.25159541 -0.21281946
-0.10868020 -0.18794043 0.08920454
-0.24791630 -0.19205041 -0.00378036
-0.04419572 -0.19868828 -0.07812409
0.02612394 -0.25609830 0.03910534
0.17743438 -0.25979862 0.13054889
0.19850849 -0.23792426 0.07831909
0.11426818 -0.20733449 0.23176278
0.02039577 -0.17677985 0.06767750
-0.01586195 -0.18267222 0.21995418
0.08833302 -0.26421130 0.12891577
0.09492980 -0.26775765 -0.13771704
0.19588488 -0.24744868 0.09514158
0.01766571 -0.27497226 -0.00813948
0.19367178 -0.25724909 -0.08792071
0.04704607 -0.22446404 0.03761183
0.13769524 -0.18964025 -0.02588964
0.06771829 -0.18341874 0.10259563
0.17467053 -0.18804762 0.18776628
-0.20535907 -0.25364351 0.06963171
0.23412757 -0.18720025 -0.11433278
-0.09321479 -0.23181598 0.25696495
-0.13076773 -0.26306486 -0.05021893
-0.08959922 -0.20691712 -0.25591034
-0.20569469 -0.17993221 -0.04322193
-0.12849200 -0.26469293 -0.08118322
0.16973130 -0.19295916 -0.21485633
-0.16987169 -0.20526256 0.15707639
0.16986011 -0.19529322 0.10267100
-0.10654821 -0.24773853 0.17643735
0.08963353 -0.26898420 0.11010592
-0.24805525 -0.21107160 0.13751455
0.07639113 -0.19437484 -0.27599704
-0.09178085 -0.18473235 0.02043576
-0.25844640 -0.20404783 -0.13814585
0.21380270 -0.22549282 -0.16902202
-0.04496769 -0.18680575 0.25036654
0.00636844 -0.17261949 0.00328358
0.02250400 -0.17792612 -0.04464915
-0.18005401 -0.17577510 0.11238700
0.08499008 -0.16369827 -0.01033229
0.17500609 -0.24885999 0.12720345
-0.23541310 -0.24132307 -0.03284651
0.12693296 -0.20314571 -0.24827430
0.00328288 -0.24096528 0.02098648
0.03602621 -0.21609338 -0.26987168
0.06134101 -0.26510030 0.03226541
-0.13185851 -0.20152332 0.23933849
0.08141474 -0.24323425 0.24558249
0.15591885 -0.26333466 -0.01918954
-0.04003781 -0.20359433 -0.28480354
-0.01597806 -0.20518753 -0.27897385
-0.04830756 -0.18223952 -0.16077548
0.07467838 -0.17884532 0.02258011
0.01555151 -0.21527988 -0.04834563
0.12071728 -0.21793292 -0.24699394
0.22464961 -0.19112214 -0.02311436
0.25734374 -0.24016348 -0.03940067
-0.19488454 -0.20464401 0.15732577
0.03893349 -0.27016941 -0.12274173
-0.10179964 -0.17702419 0.15112963
0.18397504 -0.19670556 0.18685684
0.19776940 -0.18990617 -0.11471959
-0.20064503 -0.20807031 -0.10089557
-0.04392761 0.02768550 0.00376935
0.00538461 -0.21148819 0.24319158
0.13280156 -0.17954135 0.15382376
-0.10581580 -0.17751086 0.05131496
0.11433730 -0.22421932 -0.26128781
0.10289478 -0.18487297 -0.17656898
-0.16728121 -0.21164726 0.24308647
-0.12568724 -0.25466445 -0.16311307
0.18476367 -0.25532740 -0.03740512
0.01475803 -0.25217438 0.00382250
-0.07275055 -0.25427577 -0.15245917
-0.06147410 -0.18562493 -0.01907216
0.02424812 -0.26554179 -0.09908757
-0.00814994 0.14165123 0.00972361
0.13689601 -0.19270147 -0.06154666
-0.14724626 -0.20579843 -0.21356820
0.00767486 -0.25192401 -0.01415680
-0.04119964 -0.28011861 -0.07970785
0.27957135 -0.22863702 0.02422849
0.09015040 -0.26937100 -0.14404340
-0.18079263 -0.20367631 -0.22162490
0.17735769 -0.22132133 -0.23661502
0.24068630 -0.22663182 0.06973105
0.10141364 -0.18887885 -0.20248298
0.08933018 -0.18586239 -0.23997433
-0.25935191 -0.21828485 -0.02490966
0.17658259 -0.26057038 -0.01070198
0.00829812 -0.21026380 -0.27776980
0.24257906 -0.20050794 -0.03541388
0.03409381 -0.23607889 -0.16985036
0.02209011 -0.26561168 -0.17272107
0.27603433 -0.22457653 0.01051641
0.24655931 -0.21264431 0.12793733
-0.21848096 -0.18241312 0.09741694
-0.13117182 -0.18374754 -0.11215086
-0.07430059 -0.20028561 -0.23817174
0.18869044 -0.19873066 0.21227488
0.24846604 -0.23278959 0.00478543
-0.27512941 -0.19385371 -0.06374338
0.13375826 -0.19629863 0.18917118
0.02323760 -0.18570070 -0.15164253
0.20116381 -0.19645378 0.12517425
0.10030790 -0.24376895 -0.19462468
0.24177943 -0.21147570 0.14604844
0.25542012 -0.25072080 0.02521123
0.06211059 -0.23911688 -0.25370702
-0.09166871 -0.27083242 -0.11749782
-0.03825237 -0.26977637 0.05656312
0.09114309 -0.21101031 0.23395850
0.25424320 -0.22257626 0.11670744
0.23559463 -0.24764420 -0.04430885
-0.05606571 -0.26263049 -0.07023396
-0.16371039 -0.19072899 -0.02827774
0.02552905 -0.17084290 0.08035110
0.12562534 -0.18138279 0.04050378
-0.27730587 -0.21838690 0.06476015
0.26722276 -0.21210581 -0.09624252
-0.09436715 -0.24731232 0.06029010
-0.00264312 -0.26193216 0.11386079
-0.01062917 -0.18713793 -0.05172679
-0.12017375 -0.25170586 -0.16235210
0.26641059 -0.23591802 -0.02596237
0.19431621 -0.19713232 -0.13537289
0.00813901 -0.19556281 0.22511308
-0.01981414 -0.23055917 -0.26666388
0.00532098 -0.22690967 0.07877038
0.05040897 -0.18873115 -0.23632762
-0.10500643 -0.19629475 -0.11017489
0.07280567 -0.21965349 -0.26687244
0.16653554 -0.22218187 -0.18247615
-0.12635499 -0.18752636 0.09598301
-0.06877351 -0.22425619 0.25561121
-0.03002134 -0.19441804 0.08958200
-0.15359962 -0.19332738 0.13750349
-0.21352063 -0.23759334 0.15882301
0.16301651 -0.19348970 -0.08036391
-0.13059659 -0.19754487 0.24866268
0.10390413 -0.26428691 -0.03191610
-0.18669011 -0.19875608 -0.15353191
0.16576929 -0.25358483 -0.08340932
-0.13841499 -0.18624285 0.09474663
0.08043329 -0.18173811 0.20033219
0.05392963 -0.22289622 -0.26274824
0.12990981 -0.25329778 -0.16521077
-0.13394465 -0.18711521 -0.04119204
-0.17429231 -0.19096987 0.06591256
0.05566194 -0.19277884 -0.23792273
-0.10248287 -0.25330198 0.20602928
0.03487253 -0.17919880 0.13153857
0.25686941 -0.23639572 0.10658398
0.09013220 -0.27626431 -0.01559937
-0.01394594 -0.18251003 -0.02775192
0.20802838 -0.20702000 0.17946561
-0.08836644 -0.24710600 -0.20496039
0.21362875 -0.25763568 0.01141116
-0.04344046 -0.18466105 0.13293071
-0.24677773 -0.18460992 0.06109412
0.07633151 -0.19062614 -0.14315924
0.11786777 -0.19491062 -0.11090361
-0.24936008 -0.17653307 0.07779659
-0.11170047 -0.19240592 0.12717415
0.08560795 -0.18366550 0.18338875
-0.00286754 -0.20235418 0.11126779
-0.13346113 -0.18026219 0.06471476
0.18543833 -0.18469149 -0.01509524
0.24217001 -0.20879924 0.16131718
-0.18532781 -0.24886610 0.13008504
-0.02690261 -0.18602382 0.17963287
0.14956154 -0.18106027 -0.14170776
0.23899540 -0.19364928 0.00697244
0.20410921 -0.18973146 0.00725672
0.08110297 -0.18792444 0.16935113
0.14731149 -0.27348065 0.00756681
-0.22532408 -0.19027723 0.15162899
-0.00003783 -0.19471502 0.17349491
-0.24987841 -0.19318625 -0.03103211
0.04269404 -0.27050373 -0.13195425
-0.15644456 -0.17795593 -0.19604184
-0.05857105 -0.25327662 -0.16354699
0.06664542 -0.21361773 -0.25697300
0.23510128 -0.19620124 -0.03632506
0.25142840 -0.19995007 0.05191348
0.12446032 -0.18229790 -0.18143387
0.26046923 -0.24147740 0.05624891
-0.11656510 -0.19026257 0.14394057
-0.01333888 -0.20821074 -0.26348272
-0.26575106 -0.20532584 0.11681320
-0.08507210 -0.18156528 -0.12622584
-0.24803039 -0.18824846 -0.05718801
-0.00762473 -0.18651806 0.07939323
0.04775660 -0.18966347 0.23323841
-0.10982153 -0.19219318 -0.23816064
-0.03546269 -0.26689517 -0.13529065
0.24185845 -0.20920020 0.15455706
-0.16226067 -0.17656359 0.04674215
0.01790468 -0.22204287 -0.16145524
0.23351213 -0.25276044 0.00365769
-0.13164009 -0.19044578 -0.24015275
0.23915417 -0.25378630 -0.02802651
-0.15864979 -0.25830269 -0.10533015
-0.08262106 -0.18344016 0.15248291
0.11388967 -0.18007855 0.16647446
0.08181873 -0.26317242 0.05314504
0.04356379 -0.19896765 0.26635572
-0.14405730 -0.18003801 -0.13054025
0.06745649 -0.26673836 -0.15389770
-0.23163295 -0.18172982 -0.05851988
-0.24108005 -0.17652348 -0.01510713
0.16487601 -0.27219343 0.00759440
-0.07192188 -0.19375171 0.21231975
0.18630382 -0.18166719 -0.02783536
-0.06012069 -0.19126201 -0.10352927
-0.13385820 -0.19348006 0.17339605
-0.19154473 -0.18291971 0.00754889
0.06954022 -0.23035321 -0.15752907
-0.04148925 -0.25827625 -0.17967793
-0.00909168 -0.06479699 0.00947869
-0.02130265 -0.18823442 0.19224945
0.00207492 -0.18587993 0.10919501
-0.03219127 -0.21696784 -0.24814691
-0.08354148 -0.26390541 0.13079415
-0.15047529 -0.26422900 -0.05765241
-0.00950015 -0.23294558 -0.26570922
0.06424019 -0.19616818 -0.19239362
0.20754839 -0.19453911 0.04164248
-0.01486358 -0.18977292 0.21255152
0.18581741 -0.21165431 -0.17604829
0.02212391 -0.18292598 -0.19342496
-0.21263182 -0.24600099 -0.03815845
-0.12969744 -0.17065085 -0.09108364
0.11254555 -0.23299810 -0.19352275
0.18257633 -0.19826210 0.20780478
0.03825664 -0.18895638 0.00907062
-0.02290928 -0.27583501 -0.13006350
0.06689283 -0.19372831 0.22715788
-0.13742232 -0.18401074 -0.06629349
-0.03289080 -0.00509545 0.00493601
-0.15915747 -0.18102625 0.09798831
0.25212938 -0.22845332 0.05596610
-0.25922182 -0.21121435 0.03722035
-0.14161777 -0.17471103 -0.05078540
0.25611714 -0.20737897 0.12371886
-0.05926914 -0.18706851 -0.21414270
0.05840521 -0.27516875 -0.08226672
-0.12762260 -0.26512501 -0.00225191
0.08463745 -0.17286867 -0.11678796
-0.24473028 -0.21250014 -0.11443648
0.08601938 -0.18925427 0.14328510
0.00074302 -0.24719349 -0.25303534
-0.13212456 -0.18282869 -0.11466183
-0.05580757 -0.18939586 0.19062150
0.26886883 -0.20985098 -0.00904079
-0.10507149 -0.24111250 0.00247211
0.16984172 -0.19072446 0.07641610
-0.09930234 -0.17825304 -0.15330051
0.12167390 -0.19942692 -0.24378751
0.08244155 -0.17884475 0.13663012
-0.03625645 -0.19047269 0.20500270
-0.19231097 -0.19144233 0.03564363
-0.06089846 -0.21271113 0.24435458
-0.04352383 -0.23761275 0.00586233
-0.01728474 -0.18444356 0.17706317
0.08206038 -0.19917464 0.25062710
0.13656959 -0.18425584 0.11741896
-0.16478202 -0.18908919 -0.07501490
0.04286429 -0.23535180 -0.25487518
0.27816448 -0.20367512 0.02454088
-0.00512400 -0.26470360 0.14926893
-0.24759351 -0.19986120 -0.02132227
-0.25965682 -0.21415219 0.03041086
-0.25824028 -0.20838229 0.01012365
0.10353424 -0.26671368 -0.12081309
-0.11510096 -0.18449502 -0.21743719
-0.15199992 -0.21232244 0.13098156
-0.04712368 -0.19293956 0.08075534
0.00750257 -0.14122261 0.02008545
0.01501074 -0.15922658 0.00088473
-0.00261684 -0.24222218 -0.01902664
0.00836599 -0.26971403 0.00656453
-0.10484717 -0.17767133 -0.15935579
0.19695239 -0.18900207 -0.14232428
-0.19614404 -0.26213178 0.02246085
-0.04364324 -0.24481408 0.00181838
-0.04368714 -0.22931309 -0.27411318
0.01653567 -0.19227500 -0.27788079
0.24761507 -0.21026427 -0.09009090
-0.01024879 -0.20893098 0.21834642
0.13273948 -0.19271171 -0.11712856
-0.14616318 -0.19363192 0.12512489
0.16554141 -0.19098657 0.14238825
-0.01485835 -0.26377243 -0.15460190
0.04749482 -0.24531740 -0.01434156
0.22861342 -0.19742090 -0.05310053
0.04578446 -0.17561406 0.02380814
-0.03657216 -0.18461914 -0.26114312
0.02299017 -0.18620987 -0.13119547
-0.09331762 -0.19661176 0.20694681
-0.26223582 -0.20875324 -0.05034744
0.13181265 -0.19148369 0.12262306
-0.04016251 -0.18755016 0.05838159
-0.20197992 -0.18151398 0.08180862
0.16525427 -0.20861822 -0.24760206
0.14143133 -0.27014354 0.04574838
-0.01695295 -0.19093184 -0.18836322
0.02516908 -0.18908337 0.12456098
-0.18177807 -0.18489522 0.00094933
-0.05461970 -0.22826868 0.12621795
0.19897643 -0.25567618 0.09335350
-0.21174321 -0.18643941 0.02953681
0.02842961 -0.19545063 -0.21305014
-0.01594337 0.23392478 -0.00594191
-0.15707466 -0.19612782 -0.21566069
