0.03436613 -0.23435052 -0.15099345
-0.01701942 0.32166183 0.02282507
0.08216628 0.26378682 -0.05513390
0.00017867 0.06567666 -0.15213834
0.06507546 0.25049391 -0.24622354
0.03132031 0.32538909 -0.26030448
0.13149078 0.22922413 0.02484413
-0.02565474 0.20441829 -0.24386117
0.04760180 -0.05053810 0.19225162
0.00808987 0.18716086 0.18307556
-0.00829431 0.29431272 0.13759768
0.01282464 -0.20907880 -0.17241363
0.06275839 0.07620353 0.23578446
0.04359948 0.30413616 -0.26426706
0.03451024 0.31770158 0.05004042
-0.03687312 0.25760758 -0.26262435
0.02080420 0.08587001 -0.22339973
-0.00810080 0.33858672 0.21455085
0.00473608 -0.01911509 0.15491393
0.14632507 0.04404227 -0.04967008
0.04265492 -0.03419781 -0.17030556
0.08105826 -0.02952033 0.17122510
-0.10365928 -0.27732703 0.05241209
-0.05254285 0.03000925 0.14907902
0.06499192 -0.14955975 0.23686287
0.11328259 0.07519749 0.04972055
0.00620500 -0.00344175 -0.22465709
-0.03516470 -0.29907700 0.01814513
0.06521897 -0.17333955 0.19252840
-0.00072971 0.07033877 -0.25247908
-0.01261952 0.29363203 0.10905996
-0.01648325 0.30157331 0.17003195
-0.15094174 0.02722079 0.07030418
0.01348699 -0.05327979 -0.27165648
0.00750114 -0.02670270 -0.19605079
0.04953472 -0.05615245 -0.23363049
-0.16560230 0.23207834 0.02975926
0.08790737 -0.15262187 -0.05795718
0.03418496 -0.05103199 -0.00018691
0.05652786 0.06620242 -0.12054577
0.01139608 0.11087377 -0.15324529
-0.04151327 -0.21593262 -0.01711481
0.07549373 0.23097508 0.11082699
-0.04878817 -0.00347768 0.14443621
-0.03418498 -0.29089162 -0.00474500
0.13679036 0.25706214 0.09701277
0.04220362 -0.03283402 -0.26740280
0.11310586 -0.05454550 0.14049999
0.01009445 0.23660634 -0.12874369
-0.12503320 -0.04792206 -0.11599387
-0.11065573 -0.07615735 -0.09722213
0.12145730 0.01921161 -0.12995014
0.14848396 0.00321267 -0.02430606
0.03023861 0.01860217 0.22802117
0.00921479 0.06072941 -0.17322753
-0.01254361 0.21890579 -0.22210610
-0.11176433 -0.11633703 0.04606660
0.12152716 -0.14033446 0.01803115
0.05703920 0.20768814 0.25944632
0.09312195 0.28984872 -0.15045729
-0.10932653 -0.10522566 -0.10691348
0.05796999 -0.00894185 -0.27497429
-0.03986857 -0.11507021 -0.08380258
0.12056197 0.09078085 0.22110780
-0.08354971 -0.22638005 -0.06259484
-0.06402107 -0.22808577 -0.09493165
0.02014250 -0.17147571 0.00281637
-0.03704725 -0.08303332 -0.14389706
-0.17078070 -0.05769625 0.06023382
0.07035913 -0.07026511 0.21518481
0.12527929 0.25438938 -0.14734948
-0.02012559 -0.14864860 -0.10908613
0.02275100 -0.04403467 -0.17144033
0.04591788 -0.02362872 -0.26020294
-0.11877866 0.01380002 -0.02040945
0.04370015 0.29253161 0.24266066
-0.00342270 -0.04509152 0.05433150
0.01769255 0.03984377 -0.22836149
-0.04471932 -0.05204064 0.16210322
0.02889020 -0.26755577 -0.20225321
0.09517788 0.03846799 -0.13615172
0.02522727 0.22924630 -0.08045531
0.09355348 0.01484003 -0.23040441
0.09209409 0.04763800 -0.27531371
-0.03119822 0.17824000 0.14437146
-0.11778617 0.00931767 0.01347642
0.03138007 -0.02363842 0.23282933
0.10492249 0.02710145 0.19992656
0.05341962 0.28396046 0.16924530
0.09690241 0.06219295 -0.06433082
0.02479894 -0.19853386 0.12509020
-0.02085251 0.29821151 -0.24871926
0.04807315 0.20243172 -0.25680339
0.00375621 0.12031525 -0.22167787
0.10765415 0.08536467 0.24422209
-0.05972789 0.16294923 0.13840862
-0.05374159 -0.31471816 0.01046591
0.02662678 0.00394143 0.21453014
0.08131742 0.02026880 0.19817467
-0.10260519 -0.01214830 0.05604328
0.04815234 -0.06001264 0.23081662
0.06214444 0.06236207 0.09618865
0.08441806 -0.09865008 0.12425419
-0.01036651 0.25766671 0.20914887
0.07934488 0.27655181 0.11198078
0.09158711 0.08885232 -0.04410220
0.09008522 -0.08035495 0.22971192
-0.08178868 -0.09890860 -0.14715666
-0.12615204 0.00271337 -0.10467253
0.02870663 0.22225967 -0.26489332
0.07196596 0.09596701 0.25082251
0.12537535 -0.03553172 0.21892379
0.08970286 0.30328858 -0.14635433
0.01552296 0.20461759 -0.27005073
0.04266247 0.24863976 -0.25611171
0.01545149 0.30094674 0.03241171
0.03068236 0.31626326 0.16357951
-0.03826191 -0.01880982 -0.20162989
0.09502732 0.30559152 0.23438540
-0.08112929 0.30295780 0.06117587
0.14476208 -0.03918184 -0.13383162
0.02038411 0.23587599 -0.25458115
-0.17417246 0.08706872 -0.03872060
0.13553461 0.23149200 0.08211647
-0.01384429 -0.20280521 -0.19032672
0.06436999 -0.13579765 0.20657700
0.09517438 0.25929511 -0.25400069
-0.03968944 -0.29127374 0.05286851
-0.05980521 0.28126410 -0.11304605
0.05724971 0.31257102 -0.13928106
-0.14922914 0.04124568 0.11669499
-0.05121072 0.27672702 -0.22508949
0.01499978 0.31949836 0.13161357
0.02722750 0.25366926 0.17894463
0.04572315 0.20932299 0.25077957
-0.06216501 0.29474598 -0.14741576
0.03578373 0.24683630 0.21967982
-0.08830686 -0.12484503 -0.06988826
-0.02211636 0.28241894 0.18361196
0.06732271 -0.06084864 0.21588358
0.13700251 -0.02339311 0.12816678
-0.00979104 -0.04653203 -0.04687979
0.08390450 0.27443516 0.23516440
0.01030408 -0.27982706 -0.18945783
0.11994164 0.22095706 0.14303441
-0.01259716 0.06534214 -0.23563562
-0.12703098 -0.01215410 0.06350378
0.12880106 -0.05630110 0.15536146
-0.17991979 -0.03464723 0.06256026
0.03454158 -0.02493488 -0.23554052
0.08196177 -0.11488553 0.11182823
-0.00258171 -0.04601016 0.23655167
0.01047468 0.11468877 -0.22470705
0.08736586 -0.02851377 -0.26367137
0.03806861 -0.24225594 -0.16433987
-0.16466148 0.22019291 -0.00762127
0.04975301 -0.11532883 0.19078736
-0.16748810 -0.21034610 -0.10518241
-0.18201235 -0.05169059 0.08639088
-0.00405696 0.03375731 0.20980464
-0.11104804 0.26696303 0.04667256
-0.03617714 -0.28957838 0.08627767
0.09313309 -0.02535347 -0.20090373
-0.01320214 0.29381865 -0.21021236
0.03126327 -0.03586382 0.22203554
0.07245137 -0.10758351 0.19763996
0.00083736 0.22531007 0.06933494
0.02912900 0.26802099 -0.27029774
-0.05655552 0.05921998 0.13864923
0.08416981 0.29306936 -0.10792894
0.02091856 0.31619349 0.10457997
0.12989444 0.20038861 0.04452577
0.11178453 0.02151381 0.26060542
0.04080953 -0.12587436 0.14015037
0.08729746 0.15454893 -0.28754431
-0.00645050 -0.05848016 0.05433975
-0.00750686 -0.33437556 0.09215205
-0.02050227 0.26955476 -0.24127044
0.07923316 -0.17399591 0.18866411
0.16339281 0.02100870 0.12315958
-0.03033516 -0.29481778 -0.17119335
0.14067841 -0.00293644 0.20322247
-0.02925378 0.01166718 -0.20773685
0.10477969 -0.05036763 0.01152807
0.00856405 0.28329054 -0.03681059
-0.00270902 -0.19750571 -0.20932046
0.05987372 0.08146919 -0.27890548
0.00275601 0.21842387 -0.14893623
0.08255208 0.00729026 -0.03665394
-0.09217945 0.04042748 -0.19747050
-0.12813218 0.00573246 -0.09552155
-0.01124814 0.22435385 0.19531447
0.07996645 0.28328627 0.26220375
-0.01037863 0.29533762 0.08718280
-0.15022387 0.06332104 -0.01463905
0.05298104 0.20192464 0.13130879
0.09497627 -0.01743903 -0.11230092
-0.18199341 0.04185218 -0.07627975
0.06091801 0.06201887 0.05915990
0.02871122 -0.21478403 0.04485450
-0.02876016 0.19698200 -0.19126938
0.12585190 -0.00200672 -0.12634797
0.06832363 0.01245253 -0.26654920
0.05162882 -0.12155106 0.14776771
-0.07005416 0.27537778 -0.04302406
-0.03165761 -0.24515985 -0.04780817
-0.17798646 -0.02703788 0.03780542
0.10905239 -0.06803538 -0.22945914
0.06093901 -0.16931516 -0.11726145
0.07419550 -0.02706776 0.09325197
0.10725173 0.04530363 -0.13730174
0.10366467 -0.02511254 0.19190949
0.05100653 -0.04608104 0.24316105
-0.10198420 -0.02568562 0.17664878
-0.00648121 0.02009832 -0.24575824
-0.06329703 -0.17978837 0.01255146
0.02501802 -0.19001639 0.11487194
0.05762246 0.00412638 0.08247814
-0.02488318 0.32747722 -0.17282678
0.07859027 0.25758076 -0.13356571
0.08498163 0.00130836 0.24150679
0.10716195 -0.01660053 0.21775909
0.01117765 0.30514854 -0.20394713
0.07711022 0.31318903 0.16530553
-0.03527002 0.26820475 -0.18346433
-0.06806731 0.00880309 -0.19575676
-0.05258048 0.25227916 0.17870876
0.00648554 -0.08520512 0.12042453
0.01866100 -0.05381741 0.14529999
0.08720021 0.09074819 -0.16777056
0.00874687 0.31719065 0.10278919
0.06142040 -0.12156093 -0.18223210
0.05426601 0.18368813 -0.27502432
0.12871014 0.29633242 -0.19113024
-0.11203729 -0.07399186 0.02947350
0.01243537 -0.00771193 -0.03774507
-0.01774439 0.23599327 -0.26781327
-0.04648529 -0.02492261 0.02131366
0.09532010 -0.09322529 0.17660569
0.12058065 0.26688525 -0.12654047
-0.04065687 0.24120261 -0.24163513
-0.10379204 -0.00394692 0.10763676
0.06842700 0.26801008 0.18592580
0.01148180 -0.18725000 -0.17245476
0.06173525 0.01490838 -0.04729422
0.05171771 -0.01435449 -0.26079357
0.00512913 -0.09737174 0.19291167
-0.11677963 -0.13424249 -0.07031556
-0.01123128 0.31877914 0.12751770
-0.16094148 -0.02428000 0.10803883
-0.06400976 0.26865914 -0.20800215
0.04550691 0.20924780 0.11417040
-0.19054919 -0.09777499 -0.08044518
0.02013467 0.31949019 0.04704724
0.00568777 0.23519698 0.16827300
-0.18865457 -0.06837212 0.08255446
-0.03435269 -0.32079843 -0.11982438
-0.08258265 -0.01417255 -0.15697959
0.04108885 0.10778775 0.10344362
0.08778342 -0.01810418 -0.19476371
-0.14123355 0.12488166 -0.04821029
-0.08869562 -0.27650025 0.02121723
-0.05921968 0.11660943 -0.04573245
0.09547366 -0.08706585 0.21715586
-0.00704467 -0.10699882 0.00531639
-0.04218520 -0.12881932 -0.19264796
-0.00695074 -0.07988768 -0.26240328
0.03373921 0.29439023 0.23594891
0.01969049 0.27053350 0.22685532
-0.08764194 -0.27292481 -0.12326448
0.09861606 0.24941197 0.19138145
0.10491424 -0.04266211 0.19865468
0.07544300 0.26859573 0.14496177
-0.04768229 0.30056792 -0.20078784
0.02043683 -0.13364112 0.05188466
0.05350307 0.05539679 0.28539208
0.03765602 -0.01793111 -0.26632199
0.04153327 -0.02866744 0.03837428
0.06368317 -0.06399768 -0.23275760
-0.00845974 0.31421423 0.03756963
0.05590882 -0.09905240 -0.26234630
-0.12679800 -0.06312129 0.07016324
-0.05815991 0.16629247 -0.23809721
-0.08582479 -0.05633093 -0.13580723
0.08950011 0.24783930 0.23640104
0.08159588 0.24507782 -0.24998777
-0.12761855 -0.02673062 -0.11835712
0.07833897 -0.08529917 0.19572811
0.00268585 0.29604036 -0.13779108
-0.04432612 -0.20171691 -0.06525857
0.05652729 -0.10977437 0.02834529
-0.15259781 0.26800337 0.02072508
-0.02397825 0.28752169 -0.12713999
0.10038815 -0.08904357 -0.02806223
0.04061882 0.31599730 -0.18446629
0.01147196 0.31358758 -0.12985545
-0.13035001 0.04001020 0.01096120
0.07998721 0.26581666 -0.07999444
0.01372285 -0.29869568 -0.22797550
-0.05210375 -0.27278188 -0.13638082
0.05246612 0.29882953 0.01055402
0.04300214 -0.04443093 -0.23164694
0.03726831 -0.10444740 0.09890288
0.09220985 -0.18788958 0.16768859
-0.00862634 0.31523180 0.08961732
-0.03314425 0.25022241 -0.16797894
0.12758297 0.13437374 -0.16040106
0.11623091 -0.02385587 0.21266104
-0.00574959 -0.03362700 -0.20391922
0.07589908 0.12439291 0.24932727
0.03007217 0.24907196 -0.28581950
0.00359456 -0.23821586 -0.16939038
-0.11397795 0.23248953 0.02623155
-0.12923203 0.12860410 -0.00419796
-0.01285623 0.31324628 -0.03221428
-0.12312660 -0.06578933 -0.13118564
0.06070670 -0.12150273 0.02664341
0.04735059 -0.02804444 -0.15682252
0.03325919 0.13332693 0.18594927
0.12188975 0.18473779 -0.22033887
0.03727324 -0.21896979 -0.04752577
0.16178523 0.07520233 0.01961438
0.09172859 0.25235888 0.14097665
-0.15139747 0.01360370 0.01642557
0.02844008 0.00868277 -0.23102781
0.01723139 -0.04491918 -0.24455291
-0.17844059 -0.11963925 -0.12107746
0.03062375 -0.08418708 -0.20410669
-0.09264866 -0.19675185 -0.05307585
0.05771405 0.29392540 -0.00157114
0.03394398 0.05416185 -0.25748762
0.12257534 0.19494912 0.11045032
0.10042597 -0.03125518 0.24997915
-0.09455868 -0.10880294 0.15247062
0.02143399 -0.09694080 0.17119282
0.10808343 0.23426789 -0.01521057
0.08984160 -0.18520775 0.14753559
0.11039769 -0.22618893 0.16334918
0.04702494 0.03092279 -0.08696936
0.04467304 0.29577100 0.20303310
-0.07545943 0.25585276 -0.22338267
-0.11761944 -0.05947056 -0.05014331
-0.04406967 -0.17071316 -0.15900567
-0.10057303 -0.04797787 0.10164636
0.03144721 -0.12038630 0.08541028
0.04759129 -0.06174858 -0.17979126
0.06988521 0.28177276 0.26781869
0.10299275 0.03035705 0.21049027
-0.17500260 -0.04549826 -0.09564756
-0.02088603 0.30543432 -0.17781717
-0.11498664 -0.10734876 -0.11506570
0.09216340 0.24134172 -0.07745880
-0.17825341 -0.10376319 -0.05598661
0.05531463 -0.17047581 0.17150520
0.05075267 -0.11259577 -0.11721911
0.11137170 0.23850720 0.18082531
-0.01719816 0.00964348 -0.21958488
-0.03438543 -0.14646828 0.18139026
-0.12207364 -0.04017800 -0.09021573
-0.00456014 0.04308059 0.21052381
-0.04622536 -0.11732357 -0.21874045
0.03907244 -0.22572111 0.20053962
0.06205094 0.25524592 0.25165749
0.06877089 0.29311559 -0.11909108
-0.04832269 0.26606610 -0.12997979
0.11753419 0.10973828 -0.01283176
0.02856298 -0.09584927 -0.14389765
-0.11528185 -0.13514522 0.07393321
0.03798162 0.22237146 0.26768562
0.01195845 0.20286243 0.19230552
0.06418604 -0.03879135 0.23915458
0.01304732 -0.11135326 -0.20429006
0.13267645 0.22666234 0.18499960
0.06904198 -0.02423580 0.04883523
0.11053982 0.04219455 0.25828087
0.12384128 0.00767835 0.05841935
0.15836746 -0.04841906 -0.10425244
0.10158991 -0.05394330 0.22678639
0.08030301 -0.06293679 0.16510439
0.07425208 -0.16294166 0.06158294
0.10553401 0.02044312 -0.04182934
-0.08410127 -0.13768907 0.08964858
-0.00275411 0.24921936 0.00407315
0.12469570 -0.03350676 0.23474015
0.03995326 0.14875317 -0.26684248
0.06747936 -0.00434280 0.24658395
0.02928681 0.30038202 0.12525851
-0.01851225 -0.03100913 0.20996892
0.14540313 -0.03801141 0.19751926
0.05247468 0.18984757 0.10947139
-0.09297693 -0.16608728 -0.06280356
-0.08601004 -0.24618205 -0.11615986
0.06759766 0.23121631 0.21733043
0.06464746 -0.09041616 0.20239259
0.00334923 0.22079600 -0.26233944
-0.17144293 -0.05320599 -0.08758432
0.01936487 0.29576197 0.08461446
0.11658747 0.00239314 0.10034940
-0.02014869 -0.14702737 0.08530408
0.11973785 0.19102401 0.05866580
0.13581711 -0.02192135 0.09290588
0.10561827 -0.02325679 0.18943542
0.03178852 0.31721547 0.11402279
0.04359420 -0.02359859 -0.05514296
-0.01924819 -0.01787372 -0.13345319
-0.03484396 -0.00567249 -0.21592796
0.09587969 0.02903942 -0.10614657
0.01693161 0.26503170 -0.17209800
-0.07611992 0.26197964 0.10619883
0.04495222 0.25887918 0.20878203
-0.00307468 -0.32689995 0.05276558
0.09255551 0.24871561 0.21949923
0.01440197 0.22551362 -0.25976878
-0.06802234 -0.20456757 0.03891042
0.12834725 0.22256327 0.10437769
0.09081575 0.03600857 0.25170219
-0.04250230 0.27403656 -0.12414471
0.08426686 -0.04581120 0.10487080
0.07666101 -0.13801040 0.19057038
-0.05418107 -0.00124578 -0.21443059
0.01280784 0.08497206 0.25656039
0.06120576 0.29780281 -0.17401819
0.02207364 0.00758860 0.26058146
0.08003131 0.06053398 -0.19248021
0.13200045 0.23122595 -0.17147690
0.02641088 0.29554296 -0.20854573
0.08900471 0.17420220 -0.19311309
-0.10610026 0.27428323 -0.08192871
0.00791474 0.06046404 -0.13213935
0.09623941 0.08855351 0.24835701
-0.01016641 -0.20542656 -0.19362122
-0.00131294 0.26824912 -0.26084015
0.12493447 0.19506191 0.11243720
-0.18596831 0.06540279 0.02353820
0.03052475 -0.03145618 -0.28233191
0.02533175 -0.16074084 -0.20085533
-0.06777616 -0.08043230 0.13637204
0.05642546 0.01814670 -0.19264257
0.05132801 0.13835299 -0.26374948
0.02653367 -0.01292405 -0.04673301
-0.04118300 -0.20698704 -0.16243955
-0.07123695 -0.08070543 -0.09098008
-0.10789470 -0.10173832 -0.10909438
-0.05600100 0.20406891 0.14725171
0.08883427 -0.03458971 0.19459337
0.06666743 0.26449251 0.24109372
0.09391052 -0.22733721 0.07346902
-0.04694902 -0.23491782 -0.03180988
0.01309126 0.31560493 -0.17618120
0.10191527 -0.00926924 0.22727966
0.06787170 0.05634002 -0.12000404
-0.12907399 0.08458310 -0.07780354
0.02571905 -0.10600288 0.19876570
0.12466168 0.13406390 -0.11995525
0.08518265 -0.06092896 -0.23282190
0.06017572 0.28237391 -0.20112252
-0.02848487 0.24219780 0.12841755
-0.01468349 -0.06777149 0.11132499
0.01465328 -0.06973813 0.15228979
0.06986079 0.27046072 0.16939552
0.15934026 -0.01141579 0.13420342
-0.03890174 0.28300217 0.01856012
0.08361042 0.04753147 0.08802302
0.09497008 0.22055496 0.08594180
0.10879021 -0.03979648 -0.12195874
0.03272839 -0.10125294 -0.18732671
0.03681028 -0.01905267 -0.24035604
-0.03549704 -0.17843547 -0.17737679
0.05705436 -0.01742092 -0.25130606
0.06836682 0.23382765 0.17241381
-0.15428166 -0.08601138 -0.13950817
-0.13853045 0.08026724 -0.05175192
0.15251385 0.22969231 0.10492232
0.04372494 -0.09507645 -0.06122205
0.13109325 0.00406696 0.18140358
0.10645080 0.25916874 0.13244724
0.10785250 -0.13606873 -0.08710475
0.09381536 0.10657110 0.22627373
-0.10889342 -0.12143871 -0.14346094
0.06407926 0.00811359 -0.07278331
0.05246952 0.29570425 0.23133469
0.00764299 -0.05464048 -0.21949625
0.06787589 0.02813084 0.27701506
0.05784775 0.07470342 -0.20829912
0.03562069 -0.28951016 0.15791374
0.09961214 -0.03029748 0.24702986
0.03249927 0.29969031 -0.12206309
0.10147844 0.25984928 -0.01836153
-0.15312311 0.06204923 0.07767496
0.00744902 0.30648375 0.06122338
0.06196013 0.08565866 -0.25467905
-0.16622795 0.18885331 0.03336661
0.03741092 -0.08238130 0.03683359
-0.06339841 -0.15402141 0.06799663
0.11442610 -0.09125543 -0.19382991
0.02841112 -0.29243839 -0.05427117
0.01710975 -0.28198445 -0.19073716
-0.00138960 0.08114015 -0.24842095
0.14686258 -0.02001619 -0.16853762
0.06747157 -0.00994115 -0.19318673
0.06136413 -0.04204236 0.23641440
0.11488546 0.01079406 0.10699323
0.06629365 0.02160681 -0.25586665
0.04686549 -0.04519218 -0.27110901
0.08918494 0.25097558 0.11774406
0.02280554 -0.30382106 0.16689421
0.02584993 0.06415863 0.25270739
-0.09536193 -0.24528885 -0.11988340
0.02392776 0.03684904 -0.17417136
0.14276825 0.23982291 -0.19192812
0.03400781 0.17631721 0.23568459
0.04786027 -0.04852342 0.23018017
0.10535458 0.21964282 -0.11638386
0.04489191 -0.09798338 -0.00623709
0.07731549 -0.04899266 -0.24782407
-0.00850827 -0.24513361 -0.16679694
-0.15564184 0.25435859 -0.02061688
0.16562790 -0.00202322 0.09921412
0.08171932 -0.11351570 0.22001217
-0.00299667 0.31749290 0.07924551
-0.05890633 0.29458445 -0.07470848
0.15476690 0.00635487 0.08446792
0.15245655 0.12435475 0.09130374
0.00145171 0.30244192 0.06068817
-0.04985798 -0.06635813 0.15901537
0.04625811 0.22145809 0.18894987
0.04219512 -0.03989582 0.17253950
-0.03140939 -0.19362423 -0.15562783
-0.11718323 -0.13678375 -0.00939822
0.06090520 0.14288619 0.24549207
0.06958637 0.07557241 0.13496745
0.06198882 -0.00608829 0.18391889
-0.07633072 0.04103383 -0.18163171
-0.07726042 0.29278484 -0.07632206
-0.01636112 0.27201205 -0.20252949
0.05992274 0.18064876 -0.28137854
0.04488495 -0.02989116 -0.24397439
-0.00837523 0.25898576 0.13461173
0.03876846 0.24749950 -0.13196309
-0.07614998 -0.03886666 -0.05799000
0.03604531 -0.17781034 -0.18615766
0.13019526 -0.11520821 -0.15542763
-0.15751402 -0.00898924 -0.03273485
0.14971668 0.24116418 0.05690379
0.11703067 -0.03846632 0.15873159
-0.15339372 0.06909946 -0.08658898
-0.15263550 0.05407402 -0.01845535
-0.03811093 0.23759282 0.17015111
0.01112285 -0.18954904 0.09482535
-0.03478774 -0.01259469 -0.17652425
0.01225187 0.17957073 0.21296376
-0.05762575 -0.25316286 -0.12439749
-0.12718134 -0.00861247 -0.10109001
-0.15675393 0.06632315 -0.08052585
0.12104585 -0.01010914 0.17609024
-0.14710602 0.08469710 0.05339799
0.04092069 -0.04781505 -0.22685166
-0.02585695 0.29211238 -0.24031198
0.11842643 0.19490428 -0.21520565
0.02168046 -0.04409454 -0.27601647
0.12751924 -0.00485155 0.13476421
0.01092124 -0.01602333 0.01901906
0.07605273 -0.01664268 -0.15637246
0.01680148 -0.02954143 -0.22877015
0.01803704 -0.01567880 -0.25533623
0.02000387 -0.06337203 -0.11879776
0.01279695 -0.09627672 -0.17661895
-0.02782005 0.26500657 -0.23842798
-0.12381436 -0.09941509 -0.01279379
0.01851295 0.31894147 0.08554779
-0.00184556 0.08110049 0.20661959
-0.02333866 0.06065948 -0.13586302
0.09662279 0.06241231 0.19389537
-0.11669302 -0.03835866 -0.05242054
0.08115999 0.18446589 0.23211306
0.08797778 0.05294313 0.22100398
0.08575521 0.26800716 -0.24419953
0.06601901 -0.02332356 -0.23980981
0.06068936 0.25382608 -0.24201283
0.06409071 0.01378004 -0.00959320
0.00533736 -0.11679801 -0.17062232
-0.15578175 -0.03719449 -0.11034947
0.02600393 0.14054711 0.19399264
0.01699367 0.26616776 -0.11852588
-0.01619806 0.01264653 -0.11641386
0.07124455 -0.07644042 -0.27453583
0.04462989 0.30624273 -0.10433887
-0.16459607 0.22124016 -0.03882245
0.03072205 -0.16274275 -0.17047182
-0.15973286 0.03883066 0.08547424
-0.15449794 -0.00967943 -0.04622511
-0.01386429 -0.15093318 0.16838381
0.07007550 0.26888850 -0.24521446
-0.09735926 -0.02226292 -0.08005027
-0.00336497 0.32246175 -0.10459369
0.11880060 0.22484550 0.12098808
-0.02240163 0.30648869 0.08752981
-0.02437802 0.28427699 0.11941561
-0.15309253 0.02844805 0.07149289
0.07034804 0.00468474 -0.09681049
-0.03158258 0.23607191 -0.19649188
0.13548113 0.08653612 -0.01432202
-0.07878442 0.05740018 0.11492026
0.01908476 0.21117574 0.25274509
-0.13549104 -0.01058530 -0.11110322
0.07794173 -0.02855161 0.02397167
-0.00469953 -0.02199722 -0.20944709
-0.03689634 0.23886050 -0.11009590
-0.09957686 -0.11289324 -0.07660097
0.03034023 0.04044306 -0.21088152
-0.14135584 0.16084087 0.09856379
0.11324310 0.32329360 -0.14684018
0.05821168 -0.20518745 -0.02379372
0.04188717 -0.02069520 -0.22282922
-0.10912193 -0.05054773 -0.14863251
-0.06610596 0.03836092 -0.02842133
0.14772798 0.03571916 -0.06192159
-0.07930896 0.14978851 -0.10775697
0.00817570 -0.00594330 -0.24553920
-0.00105331 0.23253247 0.14082234
0.10846113 -0.11099065 -0.03394021
0.08872765 0.30298841 0.06202428
-0.07399917 -0.03105298 -0.18466473
0.02289650 0.15634701 0.18172255
0.11522076 0.24245894 0.04216615
0.08775228 -0.20000657 0.03653118
-0.10831237 0.22458170 -0.09483413
-0.03136591 -0.08239804 0.12491583
-0.13465716 0.03791977 0.09575803
-0.06631006 -0.09162425 0.06577488
0.12646091 -0.03669174 -0.12550528
0.05603123 -0.01938302 0.19194761
-0.01502547 0.29681838 0.11762652
-0.06935297 -0.07091787 0.04859049
-0.02686146 0.21766536 -0.24320886
-0.13967267 -0.07828417 0.09426333
-0.13838468 0.00749439 -0.03941505
0.11453332 -0.03663766 -0.05434683
0.06804633 0.23624285 0.12110421
0.04758538 -0.02680354 0.24107371
0.00396013 -0.11953415 0.16595145
-0.15901777 -0.15671991 -0.08599350
0.01829552 0.00986432 0.24580278
-0.05060868 0.32240412 0.09780046
0.01164400 -0.23203748 -0.13820837
0.07193008 -0.12357361 0.08195952
0.03545119 0.27918407 0.14935698
0.01411078 -0.10888521 -0.21351673
-0.06907140 -0.18120039 -0.17405948
0.01632108 -0.17660379 -0.14451276
-0.08819360 -0.07848640 -0.15219247
0.13051668 0.26727653 0.04792820
-0.07513851 -0.02871189 -0.11413524
0.11811916 0.26847637 0.06182987
0.11571070 -0.04307437 0.21589442
-0.04040413 -0.12231086 -0.18655068
-0.02988314 0.01075799 -0.19763182
0.00488568 -0.13825314 0.00303470
-0.04077884 0.18544836 0.17172554
0.08542217 -0.20472130 0.12285583
0.01993037 0.14757898 -0.21497104
0.02582999 0.00012068 -0.19825415
-0.04094347 -0.09467788 0.14391939
0.02393260 -0.16158842 0.10865979
0.01426649 0.31486824 0.13966055
0.15966758 0.04316494 0.10728457
-0.00594158 -0.09793550 -0.14177556
0.03367943 -0.10452207 0.18892597
0.02422107 -0.02036692 -0.27769253
0.04961266 0.27141076 -0.19914898
0.10501854 -0.15367351 0.12367092
0.06875817 -0.00929134 -0.23276974
0.10570873 0.25339982 -0.20406574
0.03228546 0.30435342 0.13040346
0.10830308 -0.07145949 0.21172099
-0.14196055 0.10264531 0.07101788
0.02313875 0.29571971 0.07827996
0.13125210 0.25232863 -0.27110076
-0.03934394 0.29888561 -0.17281945
0.12876309 0.23544267 0.17806432
-0.14355205 -0.01704106 0.04719699
0.01556621 0.06124604 -0.21225069
-0.09350238 0.25297415 -0.03864929
-0.12787208 -0.01982315 -0.10500032
-0.03806810 -0.07382590 0.13663866
0.04563463 0.19055670 0.27122518
0.05777487 0.00141260 -0.20214175
-0.00099614 0.23701224 0.20367672
-0.09747563 -0.23532766 0.04483157
0.12962545 0.27721417 0.11788958
-0.18398620 -0.00757615 -0.01925935
-0.18101361 -0.11225723 0.00646617
0.12012926 -0.04116768 -0.11969267
0.06511348 0.27859175 0.21215683
0.00536325 0.27894452 0.11531711
0.04922736 -0.04936144 0.17064172
-0.14036022 -0.07560910 0.02425673
0.05707422 -0.04133452 -0.04103502
0.03154337 -0.18559404 0.14288731
-0.06413984 -0.01729367 -0.13178281
0.09427793 0.28735939 0.14228883
0.02369086 -0.23969394 -0.12651582
-0.00732008 0.29783547 0.14449248
-0.10364587 -0.09577295 0.01069016
-0.00370537 0.24462681 -0.20801248
0.01484311 0.04573673 -0.17025794
0.04544722 0.04137035 -0.26986194
-0.04651508 -0.16681200 -0.12673229
-0.05977933 0.07497139 -0.19825646
0.07682500 -0.21030872 0.13016148
0.11953180 -0.03066107 0.16446683
0.02419152 0.07904828 -0.20892423
0.11332983 -0.02744444 -0.10508902
0.07124604 -0.23646991 0.22621347
0.04212022 0.17774631 -0.25279006
-0.16874945 -0.03385578 0.03709744
0.13912372 0.27760357 -0.15422705
0.11929037 -0.08117176 0.18166612
0.13846348 0.26900464 -0.17458756
0.05158444 0.29768366 0.14946568
-0.02455809 -0.04154648 -0.21163359
-0.17087397 0.00156786 -0.05964449
0.04525054 0.18140343 -0.26945266
-0.12286846 0.06562005 -0.06952076
-0.02774348 0.09177905 0.14047334
-0.00411964 0.30795813 -0.16307348
-0.01074012 0.19819295 -0.17923316
-0.09021097 0.04730687 -0.14383689
-0.12159102 -0.02093816 -0.07276301
0.13155492 -0.11042052 0.01694161
0.01572460 0.08105633 -0.25294730
-0.12086855 -0.00539806 -0.01903984
0.09553812 -0.05204269 -0.25913677
0.04760916 0.29159856 0.18807065
-0.07593932 -0.13528673 -0.13362665
0.10666483 -0.00920831 -0.09862270
0.15006530 -0.01954297 0.10871084
0.11688595 0.06976886 0.04155117
0.00058149 -0.04831234 0.01947823
0.00740867 0.25168926 -0.22647260
-0.04698171 -0.00704986 0.14810944
0.07382277 0.02801072 -0.28153744
0.02262370 -0.02641066 -0.26747471
0.02878902 -0.21761116 -0.20054419
-0.06224976 0.13001679 -0.00024917
-0.02087499 0.31984377 -0.25417140
0.08423290 -0.02581945 0.21711138
0.11952335 0.04445485 -0.15500343
-0.10103714 0.02364544 0.09764805
0.05978116 0.29882216 0.06603340
0.00698188 -0.19024466 -0.16362078
0.08561873 -0.03644878 -0.16785900
0.05148999 -0.00222815 -0.26582551
-0.07001457 -0.07518822 0.17555113
0.10151931 0.05211426 0.19505550
0.04624707 -0.13675967 0.07486586
-0.09525359 0.08898038 -0.09791166
-0.09450901 0.07796869 0.12484230
0.09417813 0.16506878 -0.19948255
0.10283069 -0.07139655 -0.06944205
-0.08955167 -0.29067901 -0.11328425
0.04192139 -0.11491410 0.00011238
0.13770480 0.04309677 0.08577630
-0.14606939 -0.06975909 -0.12179522
0.06681608 0.27541962 0.14090458
0.11942571 -0.00228423 -0.09143884
0.10637844 -0.04836349 -0.18399066
0.13373837 0.10072026 -0.02014941
0.11637110 -0.05478720 -0.16903235
0.07391345 0.28337076 0.17474002
-0.12561320 0.02142137 -0.03274354
-0.16843197 -0.06143322 0.08765520
-0.06641429 0.15778333 -0.07165451
0.02467623 -0.06721603 0.19873603
0.08265743 0.24240369 0.24932936
0.07737589 -0.00895892 0.22238624
0.08978187 0.17407155 -0.17130110
-0.06276894 -0.14826021 0.17834552
0.06723193 -0.04694736 -0.16433218
0.11999728 -0.05445583 0.20219380
0.02008417 -0.28921810 -0.19780084
-0.11484919 -0.04504572 -0.12119602
-0.07020101 0.00046764 -0.17913538
-0.00160670 -0.04701211 0.18074395
0.03994695 -0.12168147 0.20051499
-0.05082919 0.33107224 -0.11678308
-0.03975391 -0.13027352 -0.02461273
0.04497128 -0.22205871 0.01423632
-0.02092717 0.31395856 0.08026128
-0.06023219 0.12305368 0.21237065
-0.07842641 -0.12045747 0.14661914
0.00234061 0.31182081 -0.12449516
-0.17265365 -0.05177553 -0.06012740
-0.14884305 -0.12321834 0.00735648
-0.01524436 0.32025287 0.11043568
0.06543320 -0.07083941 0.18474735
0.11647915 0.21524906 0.01690261
0.07142080 0.30883607 0.23356596
-0.03718509 -0.11851770 0.08775581
-0.02538181 -0.16914050 0.10586627
-0.05358369 -0.11416064 -0.19837114
0.00189432 -0.09647280 0.08073437
0.02566693 -0.21361972 -0.17121971
0.01407816 -0.25548223 -0.12120407
0.01870792 0.20765071 0.22712371
0.02169999 -0.16282625 -0.17162852
0.11716753 0.04840921 0.18390022
-0.04790541 -0.08408493 -0.18450037
-0.16463171 0.04830889 -0.13267344
0.00483485 -0.06693231 0.16510305
0.13256255 0.18600926 0.11784972
0.02380658 -0.14452071 -0.20023128
0.02233042 0.30090141 -0.15278819
-0.04830813 0.27720344 -0.23780055
0.07750182 0.01961278 0.03950624
-0.05059980 0.32213655 0.00255031
0.11990162 0.27737045 0.26628059
0.06042911 -0.03836370 0.21563962
0.03900424 0.22255975 0.14652987
0.09932892 0.04179121 -0.05862278
-0.16226967 -0.02623052 -0.14597298
-0.06847535 0.07937898 0.10940444
-0.19048114 -0.05360962 0.05157772
0.09483621 -0.19960186 0.13254385
-0.00050855 0.28969797 -0.25759262
0.02966366 0.28118452 -0.21945129
0.14469244 0.01878101 -0.07019768
-0.00563676 -0.27702817 0.02592906
0.09508254 -0.04567603 0.21602681
-0.01367191 -0.04939072 -0.21106258
-0.12212945 -0.05327107 -0.08954325
0.09160871 0.20603354 -0.23264143
-0.13444684 -0.02329382 -0.05724170
-0.16618319 -0.03530760 0.06148360
0.10744883 -0.12168787 0.17286347
0.11477163 -0.02022037 0.17395923
-0.12751985 -0.13734818 -0.04828653
0.01269323 0.31630582 0.22859123
-0.11871529 0.25913942 -0.01509105
0.07865653 0.30177182 0.16547789
0.02611746 0.29454345 0.06912465
0.11127055 -0.02220560 -0.06487781
0.00469633 0.31498590 -0.15212880
0.09305010 0.25217170 0.15257746
0.04112069 -0.10444799 0.10830721
0.04162547 0.09643823 -0.23409069
0.05661147 -0.26071081 0.22661206
0.05897425 0.28472346 0.20455056
0.02496796 0.31897804 0.07504448
0.02131267 0.16880986 0.11760727
0.13505688 0.07284254 0.06971843
-0.02122590 0.28633496 -0.11975020
-0.06630844 -0.02331802 -0.20892601
-0.18130890 0.06913140 -0.09523847
0.09165372 -0.09650544 -0.15754417
0.06089515 0.10342610 -0.21988094
-0.06019223 0.17666489 -0.10389832
0.03865358 0.21963899 0.11854859
0.08016350 -0.04727422 0.12625094
0.04980412 -0.25375018 0.01272373
-0.16369401 -0.01430133 0.05609983
0.10988036 0.26971465 -0.10837303
0.03133512 0.01184526 0.22879934
0.07892293 0.19761135 -0.25428912
0.08411786 -0.06945522 0.22204255
0.06117433 -0.18852933 0.02926308
0.01855892 -0.15490279 -0.23652148
-0.00377880 0.22768503 -0.27252728
0.12361650 -0.08191692 0.22748876
-0.13394620 0.04518923 -0.10815688
0.14318763 -0.03085740 0.20441049
0.00468961 0.21826282 -0.25095186
0.10965819 0.07208955 -0.15318736
-0.10551766 -0.27056023 -0.00823351
0.08535381 -0.11194576 -0.17924303
-0.08169296 0.26778510 0.09980168
-0.02190729 0.05046873 -0.23504260
0.03024560 -0.12661770 -0.05077276
0.02051447 -0.02260655 -0.23547834
-0.02217998 0.29635170 -0.18908174
-0.18559353 -0.14183822 -0.00279269
-0.07987409 -0.04014716 -0.16808012
-0.04268008 -0.05475029 -0.10066925
0.11609358 -0.05210234 -0.25263578
-0.03380972 -0.03678592 -0.18761945
0.02213676 0.10865760 0.25703284
0.09489411 0.06202301 -0.03312997
0.02657787 0.00433826 -0.20584105
0.07231940 -0.00881179 0.19524750
0.08882555 0.15998034 0.01158077
0.03506601 -0.22925870 0.06127771
0.03191556 0.04611607 -0.22019637
-0.07674813 -0.14700176 -0.13970293
0.04051530 0.28596157 -0.18398108
-0.02965760 0.30180848 -0.18597202
0.02494486 -0.29090515 -0.05253807
0.04025909 -0.02487754 -0.22592865
-0.12574700 0.27526087 -0.12494390
0.02216027 -0.07949865 0.22968411
0.08442598 -0.18130685 -0.03313003
-0.06574451 0.23352107 -0.22694215
0.08979418 0.00892938 0.19713950
0.04284910 -0.29121786 -0.04739799
0.00511131 -0.18740059 0.17107156
0.14138411 0.29052541 -0.17430802
0.01049641 -0.18867172 -0.12302160
0.08704647 -0.17866345 0.21293218
-0.05398994 -0.00030298 0.15951276
0.09225524 0.26978078 0.18476003
-0.03979922 0.17966026 0.09830906
-0.17122886 -0.08327940 -0.01835595
-0.05106249 0.07949145 -0.11793945
0.03095325 -0.03206490 0.06272440
0.07077775 -0.02675476 -0.00549447
-0.04092254 -0.30976209 0.07339450
0.10161055 -0.01262965 -0.27931029
0.08662430 0.32378843 0.02476095
-0.03454298 0.25298640 -0.22549607
0.05908464 -0.10837749 0.19028477
0.00189899 0.31982711 -0.20734204
0.05617340 0.09553131 -0.18505134
0.13125010 0.25822532 0.02227760
0.11673482 -0.06693879 0.19408581
0.04754720 -0.08136248 0.12728609
0.09397842 -0.12917267 0.20746790
0.04995267 -0.16066042 0.04004191
0.01036103 -0.01579683 0.05796101
-0.06408850 -0.01248331 -0.21462852
0.15946276 0.06567979 0.03206381
0.07138819 0.07231679 0.25120080
0.07559571 0.26806477 0.12198476
0.04495283 -0.19410658 0.13280994
0.07762350 0.03426113 -0.01917097
0.05162768 -0.05059578 -0.15220979
-0.02196689 -0.15508512 0.16962932
-0.06492893 -0.13978626 0.16615237
0.10157822 -0.01322703 0.04409990
0.12666170 0.18158776 0.10442778
-0.02119914 0.24358703 0.13880427
-0.00051944 -0.26831901 -0.19244611
0.05461334 0.25440887 -0.24665348
0.16517960 -0.00250511 0.06977964
0.11272486 0.25369138 -0.07270348
0.13142812 -0.02615392 0.21004097
0.04290703 -0.00528815 0.25776547
0.13424398 0.29299533 -0.18735436
0.02527683 -0.04171338 0.11591350
-0.11921523 0.03550136 0.05046684
0.11672256 -0.00571449 -0.11839274
0.05754100 -0.20057806 -0.02435266
-0.04033628 0.03889704 -0.18753566
0.05004409 0.02803502 0.07493877
0.03791532 0.22102959 0.26210061
0.15043482 0.21004754 0.11638437
0.02124345 -0.07648277 0.05524291
0.10337176 -0.01385728 -0.16502272
0.10650237 -0.03428186 -0.23819821
0.02212349 -0.09270617 -0.22116914
0.09499000 -0.05161723 0.15067632
0.06163675 0.15481776 -0.27219760
0.04933060 -0.02753763 -0.27259380
0.00944253 0.02286387 0.25792098
0.01964905 0.27324232 -0.24573201
0.11033524 -0.03121340 -0.27824730
0.10031795 0.06781681 -0.16961728
-0.03391353 -0.13762625 0.17731841
0.12977917 -0.01531157 0.25574791
-0.14468865 -0.04637562 0.06533769
-0.03661624 -0.21876180 -0.11103817
-0.03361007 -0.32011279 -0.05891047
-0.06477155 0.02741951 0.02087521
0.11963926 0.22515237 0.14414784
0.05733851 0.24659066 -0.27960342
-0.02867523 -0.21564320 -0.11362119
0.08172739 -0.03683582 0.27338612
0.15412374 0.06424420 0.09754285
0.03169074 -0.16349864 -0.22356050
0.05644405 -0.09100164 0.23144706
0.00490021 0.04119403 -0.23942679
-0.03475920 0.25897753 -0.14830507
0.04592949 -0.20486411 -0.23372944
-0.10208119 0.24262837 -0.07368119
-0.05140085 -0.00868362 -0.14643884
0.10097373 -0.00622364 0.14719376
-0.00732969 -0.32241502 0.07639207
0.05288646 -0.25462154 -0.23440786
0.10292523 0.28776690 -0.10428737
0.10138568 0.29109073 -0.17286415
0.12913862 0.21832134 -0.16114053
-0.03216134 0.15308213 0.15780458
0.05223572 -0.00647048 -0.16304909
0.02392805 0.04166903 -0.15331641
-0.14487886 0.03582882 0.01557676
0.01512923 0.06671214 -0.26664594
-0.16840301 -0.05057207 -0.06250355
0.03326039 0.29027459 0.07055674
-0.01514983 -0.08402984 0.11528290
-0.11999045 0.27621609 -0.18607900
0.04198704 0.12095921 0.19406721
0.09250548 0.01898047 0.11370516
-0.00377302 0.09835468 0.04857212
0.09671423 -0.08551665 0.21430014
-0.02335732 0.29876301 -0.20493682
0.07916430 0.08822146 0.24990529
0.03549349 0.01783771 0.24196878
0.05250994 0.27620029 0.10633390
0.07248582 0.00563427 -0.10142394
0.09297442 0.14659795 0.24231611
0.09279174 -0.20753264 0.16121730
0.03066054 -0.12386350 0.07666023
-0.12538351 -0.04552873 -0.03031774
0.07626119 0.21211398 -0.15053466
-0.12079752 -0.09020054 0.02480516
0.12306802 -0.06253296 -0.14472987
-0.12742460 -0.04013559 0.06081976
0.09216712 -0.04523039 0.13813844
0.13071935 0.01475040 -0.09390865
0.00691002 0.32749563 -0.07312238
0.10958805 -0.12120029 -0.09800112
0.05261081 0.29672503 -0.13066946
-0.13489322 0.01736799 0.15717694
-0.01629429 -0.04407168 -0.21082301
0.06177451 0.15405728 0.27370062
-0.13914089 0.11018998 -0.08267502
