-0.09798415 0.08105153 -0.09698448
-0.04466238 0.04323453 -0.15064548
0.00416928 -0.03636895 -0.09619265
0.02248771 0.01612577 0.15135585
-0.02327577 0.01047497 0.15226948
0.02124706 -0.23067719 -0.05239259
-0.10551085 0.17187425 -0.07257143
-0.04223380 -0.06026122 0.11061946
-0.00170444 0.00928330 -0.00964143
0.09113032 -0.05715987 -0.05101264
-0.06391212 0.18774050 -0.09227968
0.07877823 0.17947438 0.00925931
-0.11169804 0.04971306 0.14223474
0.01879498 -0.14081943 -0.09901597
0.00090515 0.08808944 -0.14916328
0.01705812 0.25968903 -0.00385678
-0.02232782 -0.25645778 0.06437229
-0.09730384 -0.25440562 -0.00439780
0.12423981 0.06271674 0.06749001
-0.04079561 -0.33783108 0.02792531
-0.03798138 0.01722861 0.16537775
-0.05201227 -0.10708895 -0.06812991
0.10311253 -0.23302820 0.00435379
0.08002976 0.09383472 0.12051369
0.06399460 0.20118642 -0.06266286
0.10280771 -0.07834227 0.06463735
-0.11781166 0.01093652 0.03777782
0.05133436 -0.01161980 0.05879788
-0.12926729 0.01164758 0.09968513
-0.13791142 0.07788554 0.07565231
-0.09057546 0.14969175 -0.10042048
0.00074826 0.22869861 -0.08593243
-0.11291933 0.04573288 -0.07349901
-0.05061272 0.03406931 -0.04316588
-0.05891384 -0.11280717 0.08929775
0.00347761 0.05146313 0.12019190
-0.08084685 -0.04466335 -0.08212619
-0.12406281 -0.17845736 0.02522290
0.09438184 0.15449861 -0.09246396
0.14744453 0.14123389 0.00532108
0.01440411 -0.14235842 0.12433773
0.14349756 0.01805748 -0.11102374
0.04338491 -0.00698154 0.02340598
-0.16132674 0.07310107 0.06786650
-0.05627795 -0.03616154 0.01286559
0.08285253 -0.16312468 -0.06053305
0.01366988 0.10103441 0.05735743
0.08558999 0.01437994 0.01386250
-0.09466993 0.21000540 0.09167172
0.12435567 -0.08029804 -0.00483075
-0.13153693 -0.05905593 -0.03375999
-0.08264022 -0.12877642 -0.03724374
0.14465740 0.08515459 0.09481398
0.09800269 0.04440744 -0.12983051
-0.01867489 0.30657503 0.00966484
-0.10033817 0.05910818 -0.13981929
0.01771637 -0.17103614 -0.10390321
-0.04386416 -0.29943860 0.04177118
-0.05010626 0.28476536 0.04463429
0.06599727 0.12879227 -0.14032452
-0.14732465 -0.03238676 -0.05488215
0.05136375 0.25552368 -0.00822406
-0.14040513 0.15877649 -0.03951027
-0.04956793 0.01821287 -0.04128176
0.03757927 -0.17872673 -0.07157629
-0.01174648 0.18648130 0.04242205
-0.04795422 0.29186955 0.06783050
-0.11364967 0.10898753 0.06179289
-0.05275134 0.17773589 -0.02652901
0.12001539 0.02856189 0.14532341
0.15763594 0.07352073 0.11541734
0.02813617 -0.03063343 0.04309487
-0.13256310 -0.13885856 0.01469183
-0.12497365 -0.02960184 0.02875420
-0.08391961 0.00950977 -0.00358920
0.01246231 0.28899506 -0.03704221
-0.02569937 0.39567238 0.00572479
-0.03054742 -0.06246694 0.05518759
0.10688175 0.13508947 -0.09639722
0.11642334 0.08178180 0.03458352
0.01869386 -0.36440563 -0.03311200
-0.01120526 0.06379250 -0.16524737
-0.09751212 0.13286147 0.14692920
-0.04340414 0.23196542 -0.06291783
0.02767894 0.31567192 0.04246095
-0.00710703 0.38070810 0.04777416
0.10672072 -0.11590658 0.00899787
-0.06872707 -0.05144682 -0.07398404
0.03362958 -0.08039854 -0.09595610
-0.01605049 -0.05841264 -0.00917277
0.14723168 -0.03442995 -0.02692555
0.08128699 -0.15821907 0.07493137
0.00330951 0.11168382 -0.07342257
-0.15524773 0.08784805 -0.10005486
0.02694161 -0.39819726 0.02654930
-0.03167763 0.32734168 -0.04706313
0.08730721 0.06196315 -0.14775960
0.10279182 -0.13817015 -0.03985234
-0.00666687 -0.22513123 -0.10121854
0.07036607 0.05172791 -0.15310818
0.12469562 0.09137806 0.02006012
-0.11363765 -0.11424601 -0.03480645
0.03090219 0.04150774 -0.15029129
-0.11347336 -0.03057489 -0.01357189
-0.02195453 0.01026159 -0.08928911
0.15541294 0.04920357 0.11310532
0.01245977 -0.18742016 0.08974114
-0.01755814 -0.10640897 -0.08589129
0.01489037 0.19602893 0.10386323
0.14536913 0.13332097 -0.07347725
-0.16164683 0.08297002 0.05759964
-0.04052935 0.24406432 -0.08213215
-0.09097150 0.04728635 0.16752720
-0.00426067 -0.08788304 -0.09482691
0.03980193 -0.04816864 -0.08928448
0.01198422 -0.02790127 -0.11519305
0.01451867 -0.05923312 0.11714081
0.01034664 -0.11767469 0.08848771
0.06308325 -0.12182577 0.04024981
0.13779451 0.06515796 0.07877085
0.02555211 0.24381939 -0.00286611
-0.00934320 -0.10823139 -0.07548421
0.17284338 0.03131303 0.02106130
-0.09934869 0.16114160 0.01368487
-0.04490444 0.23869695 -0.05481679
0.05869173 -0.02068773 0.02565214
0.06180054 -0.14085272 0.05329131
-0.13281412 0.01138335 -0.03239226
-0.02776466 0.13965657 -0.10914344
-0.00118944 0.08357930 -0.14841484
-0.00660513 -0.30268386 -0.03103538
0.05504444 -0.03195509 -0.10263404
-0.13224867 0.01132035 0.02932654
-0.00165560 0.08063442 -0.15466405
-0.02054737 -0.14291295 0.02856977
-0.05856954 0.02598442 -0.11000641
-0.01879435 -0.13680333 0.10810167
-0.13829054 0.14776205 0.05011757
0.01451160 -0.03278515 0.05076254
-0.02005605 0.16493440 -0.08744477
-0.07104895 0.08760020 -0.14389418
-0.05707583 0.17113605 0.09305779
-0.15668036 0.18125878 -0.03173070
0.00551730 -0.01602918 -0.03201260
-0.07591058 0.12223454 -0.07623421
0.10329175 -0.15471993 0.00412930
-0.06789696 0.01598028 0.13302831
-0.05072324 0.25290850 -0.07662556
-0.07783549 -0.33491349 -0.00911016
0.00197159 -0.29425174 -0.07891251
0.04216749 -0.15534917 0.09901651
0.07469455 0.08970413 0.14763848
-0.14943057 0.07898613 -0.04311526
-0.05915467 -0.24797404 -0.06465676
0.12562029 0.08555982 0.01924926
0.09914935 -0.11596864 -0.03448860
-0.08865120 -0.03948011 -0.07570776
0.02060542 -0.01032432 0.04669360
-0.13873231 0.08825558 0.01193782
-0.01739180 0.02269570 -0.08849043
0.14120649 0.08404724 -0.06465112
-0.13330539 0.14026752 0.02433608
-0.09866467 0.20775032 0.04639753
0.12381104 0.00853653 0.13954905
-0.05931804 -0.37911811 0.00068734
-0.04652139 0.12256069 0.16638213
0.05645713 -0.10047665 -0.08554763
-0.06980956 -0.05435774 0.07630777
-0.18680094 0.01770593 -0.01035290
0.05760778 0.04566428 -0.14708205
-0.04278035 0.15902841 0.08364533
-0.00238801 0.34091854 -0.00479273
-0.00029456 0.17968808 -0.11237910
0.01271438 -0.05691949 0.12057197
-0.01623182 0.25022987 -0.06219713
0.06557543 0.12964158 -0.13257731
0.04005584 -0.10245189 -0.10612243
-0.00593719 0.20989142 0.09614862
-0.03860811 0.04509835 0.16068920
-0.18386081 0.02291030 -0.02116592
-0.02845152 0.06623716 -0.17474934
-0.06568678 0.01813045 -0.10562306
0.09594265 0.03262271 0.08118252
-0.03416955 0.30624047 -0.03075056
-0.05512570 0.03761953 -0.10970708
0.08387168 -0.13079283 0.07351203
0.10181863 0.15762079 -0.06961988
-0.06642678 -0.03011616 -0.11127764
0.11749646 0.07821627 0.02410827
0.08504394 0.03081226 -0.04352311
-0.04550219 0.34385890 -0.00983426
0.11277222 0.10827945 0.03505766
0.11892061 -0.12629390 0.01573157
-0.08578862 0.23273936 0.07967163
-0.04524897 -0.17182864 -0.00098236
-0.11658812 0.20103338 0.04543260
0.01611632 0.04540408 -0.04462406
0.10956410 0.13066748 -0.06357791
-0.11162050 0.01750468 -0.09260768
-0.00306018 -0.20083687 -0.10008778
-0.10920516 0.17553034 -0.05909968
0.08589775 0.14980292 -0.04444229
-0.05570602 -0.14559805 0.03930707
0.10253195 -0.03910773 0.07213791
-0.05994646 -0.01278998 0.08772192
-0.12475780 0.07778832 0.14204197
0.02072085 -0.02190955 0.04746995
0.02500556 -0.14726365 -0.10575285
-0.07310236 0.04238171 0.05760579
-0.10264184 0.21011899 -0.03846975
-0.02583898 0.30382231 -0.02232816
0.06216375 -0.25067338 -0.01589822
0.14702103 0.04163397 -0.06475754
-0.15732962 0.02073861 0.08676855
0.08684491 0.04298921 -0.15481691
0.11957003 0.07014803 -0.03017662
-0.08477970 -0.08069012 -0.07893254
-0.12918578 -0.00772244 0.09980280
-0.06431868 -0.02772275 -0.10120534
0.13198519 -0.09926648 0.02349339
0.01452264 0.02786095 -0.05657605
-0.08569169 0.07347462 -0.10503663
0.05951192 -0.02163918 0.02698690
0.00058198 0.20284736 -0.09901480
-0.14924641 0.13222399 -0.06433163
-0.01773541 -0.31333646 -0.04961244
0.11353676 0.13742936 -0.05328835
-0.15400971 0.03529080 0.10412288
-0.11908339 0.18541312 0.05834534
0.08925628 -0.07698329 -0.01669898
0.01268419 0.25088295 0.04492889
0.14256988 0.09195223 -0.03801078
-0.07331720 -0.19551554 -0.06820551
-0.04824952 -0.10151270 -0.04648481
-0.06021348 -0.29595450 -0.04998836
-0.09969391 -0.17144665 -0.00330844
0.02380437 -0.22772412 -0.05137454
-0.10084442 -0.12746865 0.01303138
-0.14584041 0.15878576 -0.03337055
-0.01921297 0.13358591 -0.13779435
-0.09662108 -0.00073287 0.02516364
0.09934109 0.03638200 -0.10643931
-0.14283259 0.09915356 -0.10264924
-0.07219413 -0.03788160 0.10015341
0.00839140 0.31170991 0.04173690
0.03496343 -0.02134108 -0.09383507
0.16268486 0.10668609 0.06619437
-0.05191250 0.01701441 0.08147991
-0.11484316 0.05543235 -0.09407078
-0.14796163 -0.01276054 -0.04270980
-0.02385096 0.36260116 -0.02396826
0.05629330 0.19848309 0.07342368
0.02860006 0.09284945 0.18353759
-0.05472883 0.05730420 -0.16616201
-0.11146554 -0.04259086 0.05103931
0.03487534 0.00222306 0.14318895
-0.02031494 0.38040558 0.01907383
-0.12899297 0.04905217 0.08714878
-0.05562945 -0.13558643 -0.06616957
0.09333745 -0.11539402 0.06646661
0.00565973 0.03769534 0.12185884
-0.07407934 -0.18711670 -0.08542909
-0.07972525 0.14248948 -0.09514088
0.11241140 -0.04088014 0.04855352
-0.07240802 -0.19527777 0.03583262
0.14441274 0.08680274 0.08309853
0.01041627 0.31133687 0.02662597
0.07044119 0.11057940 0.15253754
0.02075732 0.12766889 0.15284686
-0.06150733 0.08887277 0.16600180
0.02985860 -0.01047996 0.10553582
-0.07985601 -0.13141993 0.03843936
-0.03114961 0.28514892 -0.01584586
-0.11991569 0.00430054 0.03765515
0.11536391 0.04820647 0.13692750
-0.14855106 0.04628910 0.05345763
-0.00127136 0.27056676 0.05450554
-0.03526253 0.13704726 0.15386787
-0.03301445 -0.06024714 0.11371695
-0.07585175 0.00374590 -0.13562171
-0.06105813 -0.11369251 0.03368708
-0.03628303 -0.02645351 -0.05318646
0.09086145 -0.12750627 -0.05271265
0.01681032 -0.21267076 -0.08537982
-0.02865527 0.29391894 -0.00970911
-0.03243335 0.17978404 -0.13089804
0.08987608 0.08841909 -0.09807844
0.03685821 -0.27308500 0.06274623
-0.02798674 0.07155634 0.12759730
-0.01865822 0.38896245 0.00938924
0.00744009 -0.14613451 -0.07649373
0.09689017 0.03226782 -0.15537298
0.12143673 0.01167479 0.12995028
-0.05404770 -0.03068223 -0.07343554
-0.03950765 0.08052619 0.12676410
-0.07205835 -0.04194389 0.03409442
-0.01703369 0.22277302 0.02297801
-0.01189797 0.06785333 -0.13886650
-0.10879057 0.02683867 0.10234518
0.14822909 0.09330856 -0.07301284
-0.06299633 0.07585312 -0.16520308
-0.02821272 0.08046402 -0.12192227
-0.11037027 -0.10574964 -0.05865626
-0.09427898 -0.27096328 0.00348367
-0.10393396 -0.05632414 -0.07865436
-0.10053536 0.10644061 0.10856631
-0.01967804 0.24656858 -0.05559386
0.06099837 -0.25717452 0.00237393
-0.04337470 -0.24327096 -0.09333930
-0.05850901 0.08308420 0.17436332
-0.18427667 0.08597456 -0.01184654
0.13922994 -0.02951630 0.09991802
0.09728167 0.14695954 0.02942763
0.06415535 0.10933696 -0.15278172
-0.03399314 -0.13150683 -0.06432123
-0.03584307 -0.09554747 0.10304517
-0.09331492 -0.17530210 -0.04572179
0.09538790 -0.13293630 0.06746981
0.13836041 0.04457499 0.12374406
0.11442441 0.08284406 -0.04531169
-0.02040948 0.38552076 -0.01028870
0.06515038 -0.32483646 0.00062605
-0.12232996 -0.17960957 0.02577919
-0.04492845 -0.03073359 0.09832703
-0.00254162 0.23307778 0.05717255
0.09898409 -0.05183084 0.07827207
0.04990318 0.02938808 0.15821813
0.00375941 0.11029943 0.16182092
-0.03634859 0.09325144 0.13594425
0.04441198 0.17543863 -0.06000281
-0.07028067 0.15414868 0.12949826
-0.09843772 0.08062018 -0.08918274
-0.04796413 0.13133305 0.15555254
-0.05901145 -0.03004730 0.09004702
0.10259345 0.03253895 -0.14433345
-0.11777171 -0.03413931 -0.01279257
-0.00436104 -0.12621881 0.00901627
-0.02602235 -0.11038027 0.08812209
-0.01104334 -0.13317096 0.08771171
-0.09930497 -0.14979529 0.04798856
-0.15658222 0.03197335 0.08235413
-0.09450475 0.20387599 -0.04501256
-0.11899818 -0.05334630 -0.01476962
0.03750079 0.29449305 -0.00855216
-0.15774408 0.11436990 -0.06340344
0.06826314 -0.11583358 0.03185703
-0.01568767 -0.08606280 0.09544679
0.02340774 -0.09675027 -0.07466365
-0.03747460 0.03727166 0.14088672
0.09750294 0.11130407 -0.04789310
-0.16059177 -0.01202288 -0.00872654
0.02374743 -0.06410068 -0.02429996
0.06463772 0.18309791 0.10591640
-0.03062217 0.04741364 0.16525626
-0.03541856 0.08447900 0.12117615
0.09537005 -0.05957128 0.06461211
0.08691888 -0.05774161 -0.02147015
0.09687174 -0.09090183 -0.01605836
0.07000233 0.17925686 -0.08049029
-0.03287484 -0.04263143 0.09299982
0.09896427 -0.04197967 0.07442940
-0.12223370 0.09468023 0.07280879
-0.15294895 0.05854381 0.08789247
-0.01171290 0.12797977 -0.14078702
-0.01532986 -0.30945617 -0.06028062
0.10425691 -0.01866324 0.03359180
-0.06531710 0.19648722 0.11384738
0.06278740 -0.05896014 0.02014465
-0.18335603 0.10181394 0.00822052
0.08204041 -0.14798497 0.02607878
-0.00101233 0.12015660 -0.08789591
0.10074283 0.13688329 0.00151718
-0.08536850 -0.10712284 0.00127307
-0.02219604 0.00652342 -0.14012054
-0.10460441 0.10137731 0.03505795
-0.03888348 0.25338343 -0.05879111
-0.15627760 0.03237902 -0.03125861
0.09954957 0.04043426 0.12407177
0.06515065 -0.20571217 0.04668122
-0.05953442 -0.28048021 -0.00358758
0.04657882 0.24140313 -0.01289820
-0.05693447 -0.29741207 -0.00835909
0.01751078 -0.10232158 -0.08402058
0.02505744 -0.05755526 0.04520880
-0.17053743 0.12025143 0.03374677
-0.16574647 0.12515204 0.03877136
0.05286864 0.05732889 0.02619045
0.10736785 0.01379498 0.11408441
0.00779442 0.09026640 -0.15737166
-0.01953180 -0.09531464 -0.08606943
-0.05798223 0.18415695 -0.08246355
0.03823224 -0.10840205 0.09603567
0.04472566 0.25292256 -0.03365611
0.01414710 -0.28388184 -0.06253772
-0.00380829 0.05926431 0.11967373
-0.09348318 0.17518879 0.09511668
-0.03370366 -0.12306866 -0.01334124
0.06067945 0.21104132 0.02834370
0.11247805 0.09298809 -0.02306813
-0.11274650 -0.11440066 0.05136477
0.01175455 0.22854374 0.00240895
-0.03528593 0.27473396 -0.04329691
-0.05629510 -0.08127092 0.03316452
-0.07976222 0.01517064 -0.13060899
0.10795733 0.02432470 0.01114951
0.10927044 0.10648064 -0.12470965
0.12064448 0.05982325 -0.13608958
-0.04205462 0.26433739 0.02565712
-0.17111872 0.04252378 -0.00622655
0.05479750 -0.21773492 0.02055611
0.11868399 -0.02166401 0.02425962
0.04546896 -0.08328620 -0.06938946
-0.05112332 0.33248574 0.00016497
-0.09308109 -0.19814044 0.03118715
-0.08935936 0.01731625 0.10199015
-0.17957073 0.05257024 0.02570185
0.01565586 -0.18598588 0.02293242
-0.06580821 0.02391009 0.08620097
-0.13017872 0.03694241 0.02864685
-0.10645357 -0.00729644 -0.01354600
0.03339895 -0.07481307 -0.10255866
-0.01675906 -0.19289553 -0.08408423
-0.11668584 0.11777795 -0.12546216
0.12197754 -0.17286272 -0.00625097
-0.14927584 0.02453095 -0.01039504
0.06869330 -0.28045049 -0.05167105
0.10514729 -0.10868005 0.06892947
-0.04466161 -0.01753756 -0.02705904
0.06406613 -0.08310348 -0.00966784
0.10195100 -0.02093531 0.06583912
-0.08562888 -0.04088840 0.01887910
-0.10996095 0.05319840 -0.07382563
-0.08506006 -0.01538521 -0.13187677
0.04100376 0.10285552 -0.12635441
-0.11917396 -0.15019687 -0.02725692
0.10224944 -0.00033046 -0.11069518
0.03203694 -0.15007436 -0.00586246
0.06890295 -0.26185068 -0.03511342
-0.04379888 0.05315326 0.14164573
-0.09037816 0.01087697 0.10177051
0.14085296 0.05582178 -0.04974640
0.06088565 -0.04977145 0.04614760
-0.02656659 -0.24363896 0.02740330
-0.04230054 0.29997274 0.05660660
0.13073368 -0.05431675 -0.07291700
0.09479055 -0.04166475 0.02621105
0.09622578 -0.09257318 0.07206585
0.01153434 0.07155481 0.13767280
-0.04990703 0.18908796 -0.02842081
-0.00390414 -0.00250291 -0.03827555
-0.01625269 0.08082554 -0.13142511
-0.09260500 -0.03305775 -0.09502546
-0.06023110 0.18441702 0.11751843
-0.05170213 0.07763249 0.18335554
-0.16054955 0.09865925 0.02817827
0.01866501 -0.07784110 0.13298008
0.14190203 0.00140254 0.10107014
0.08253301 -0.16471167 -0.05837839
0.02101763 0.18590690 0.10424484
-0.05165232 0.06713626 0.18505026
-0.06693723 0.01683247 -0.02075374
0.02175974 0.06276022 -0.16803724
0.01190301 0.21311139 0.01499567
-0.00523479 0.07488407 -0.17181531
0.00965154 -0.03874906 -0.11586595
-0.00901021 -0.14138478 0.08030781
0.01077404 0.08360960 0.01721102
0.01179549 0.28335992 0.02454695
0.06104316 0.18582515 -0.07586810
-0.06178122 -0.07409632 -0.03520218
-0.12034938 0.05469838 -0.08777969
0.08344547 0.09943583 0.13875411
-0.04513451 -0.29512545 -0.03786355
-0.03636342 0.30073559 0.00620057
0.02116157 -0.01846472 0.10490166
-0.04178107 0.23870894 0.08702581
-0.02325030 0.07285047 0.14957662
-0.09300169 0.29234666 -0.04323807
0.09201880 -0.09571747 -0.05171474
-0.15729432 0.20991459 0.04775946
-0.01958646 0.07137804 -0.17010310
0.06178872 -0.19228974 -0.01280404
-0.16426110 0.14012218 0.03369030
0.01225803 -0.04401353 0.11952785
-0.00863954 0.12598486 -0.11834022
-0.03431578 0.34627998 0.02484088
-0.08391202 0.03201439 -0.11748135
-0.03325790 0.12246016 -0.07393508
-0.15407933 0.09574026 -0.05144484
0.07534043 -0.14527345 0.00208623
0.08526681 -0.03332932 0.01474305
-0.03699988 0.30304500 0.00183857
-0.11893880 -0.06907116 0.01234394
0.11195043 -0.06420091 -0.04162598
0.01623141 0.04790738 -0.16628821
-0.10653821 0.15659663 -0.08291475
-0.04216039 0.31044716 0.01448084
-0.02461361 0.00338407 0.13337509
-0.01048359 0.31187707 -0.04472361
-0.01345296 -0.07445072 0.13032201
-0.04038651 0.12009729 0.15573530
-0.04034764 0.30196762 -0.02553087
0.13766564 0.04249301 0.06473772
-0.01863636 0.25400549 -0.06955269
0.03439045 -0.01164720 0.12320890
0.16434674 0.03463807 0.04871795
0.00957321 0.40268651 -0.00986816
-0.09843748 -0.00529353 -0.04464658
0.14079589 0.07530238 -0.04611747
0.07222374 -0.03946151 -0.04806380
0.01859401 -0.23387693 -0.08449982
0.02480458 0.35905507 -0.01920837
0.01449862 0.22213027 0.00898838
-0.04441629 -0.14561644 -0.08001225
0.08941854 0.04769671 0.02171708
0.07382219 -0.20631289 -0.00531352
0.09822141 -0.05118988 0.09129297
-0.01106634 0.06869753 -0.16183685
0.01741627 -0.27648824 0.06180745
-0.06623828 0.03453126 0.04951140
-0.01984662 0.34522122 0.03060665
-0.06465928 0.12459221 -0.15050398
-0.00591870 -0.14001098 0.01546892
0.02303061 -0.37462837 0.05400610
0.06596424 0.02145109 -0.02989274
0.04665725 0.07023656 0.07938529
0.00999237 -0.40686104 0.02469695
-0.10940499 0.22545613 -0.04011848
0.00268654 0.29261026 0.04120833
-0.01016763 0.32759461 -0.00148788
0.01600305 0.28077057 -0.03860990
-0.00266384 0.17945586 0.11355413
0.08441696 0.15364780 -0.04672070
-0.09978785 0.05173549 -0.13686429
-0.00326796 0.01115450 -0.05134498
-0.08781304 -0.12587401 0.01599707
-0.08660420 0.13139170 -0.08565427
-0.15240757 0.22828534 0.05961981
-0.12222041 0.08111347 0.05165537
-0.03471367 0.32106358 0.03117019
0.09211361 -0.14255396 0.07020570
0.07969668 0.16117141 -0.11347942
-0.08699529 0.00010555 -0.12439115
-0.05824253 0.16737252 -0.11556308
0.05862878 -0.02968929 0.03622903
0.00885757 0.12716477 -0.09248408
-0.04111013 -0.21696204 0.09409925
-0.05357735 0.24539579 0.05899036
-0.15114607 0.06166311 -0.04275508
-0.00296866 -0.24377385 0.05650832
0.01848359 -0.38926625 -0.00589523
0.01578813 -0.08726203 -0.05093789
0.07642329 0.07685920 0.17108041
-0.05284747 0.39007163 0.00060496
-0.06752763 -0.13147230 0.08353432
0.05879645 -0.02128743 0.05487022
0.07985906 0.09330299 -0.08336304
-0.02991882 0.36594862 0.00818454
-0.04256829 0.01358848 -0.05481995
0.04522369 0.17674111 -0.03781842
0.03383056 0.11331793 0.06264023
-0.01275436 0.34611875 0.02657900
0.08894675 0.02928327 -0.00346015
0.16195223 0.09543463 -0.03172553
-0.05678667 -0.37012780 -0.01223808
0.08283940 -0.12500502 0.02146293
0.12690653 -0.10741645 -0.00856265
-0.02830327 -0.16209385 -0.10546987
-0.07742614 0.10819564 -0.16224574
0.12417299 0.12519920 0.00898391
-0.11425278 -0.10418747 0.03931819
-0.11980584 0.07049942 0.12074538
-0.02853313 0.31091890 -0.04626612
0.04160256 -0.22909974 0.09825528
-0.09630693 -0.15725821 0.00756659
0.06260636 -0.22819354 -0.03097541
-0.03854471 0.21710263 -0.08704532
0.05373675 -0.02863671 0.06080855
0.13809586 0.02719918 -0.10852271
-0.04726859 0.38031262 -0.00822311
0.09822237 0.16227111 -0.06528903
-0.06216885 0.21039355 -0.08178235
0.07285074 0.22940034 0.05175719
-0.05289474 -0.17225595 0.09120455
-0.11566723 0.08888564 -0.10521586
-0.08417901 -0.09371039 0.01589109
0.05571684 0.10461209 0.02965913
0.15849815 0.00750779 -0.01961817
0.08113356 -0.15793201 -0.05756945
0.11768465 0.07929736 0.03954863
-0.06455319 0.17374091 0.08438917
-0.02064395 0.01376604 0.08060384
0.05889770 -0.02473168 0.08591586
-0.01055680 0.05700544 -0.16832149
-0.13211396 0.04040612 0.00947075
-0.13431901 -0.02122236 0.06561508
0.02729917 -0.06757718 0.05604200
0.12569004 -0.10759974 -0.04932999
-0.08503500 -0.03782695 -0.10046655
-0.06830002 -0.16362795 -0.08420675
-0.07966706 0.13441582 -0.14285465
-0.04028333 -0.08830057 -0.07180551
-0.00797920 -0.10942906 0.08231390
0.01095159 0.20355953 -0.11020478
-0.09395890 -0.21243003 0.00666884
-0.14875232 0.08540402 -0.02926592
0.02011846 -0.09043407 -0.10287267
-0.06086776 0.18064113 0.07822522
0.03217124 0.05288479 0.06099221
0.14791207 0.02915715 -0.05311413
-0.06085540 -0.06402963 -0.01639481
0.13984174 0.04002171 -0.10466205
-0.01313276 0.25450498 -0.07365330
-0.09019182 -0.19286402 0.00345008
0.10980519 0.12621008 -0.12057083
0.02055773 0.36685619 -0.01902281
0.05272824 0.19455668 -0.05243410
-0.00050933 0.11508413 -0.13236791
0.01806340 -0.27068448 -0.00402573
0.05671217 0.24534248 -0.05257177
0.03453564 0.27929989 -0.00237729
0.02731547 0.06109361 -0.16857494
0.03389853 0.18337779 -0.02826026
-0.03245469 0.07911222 -0.11624587
-0.09636546 0.16190782 0.10612350
0.00266097 -0.13844846 -0.00781366
0.09056523 0.17581037 0.04270508
0.11578948 0.06961463 0.12512021
0.08065888 0.04806343 -0.13830762
0.10852253 0.13005483 -0.10279068
0.04602799 -0.16503760 0.04586037
0.06455182 0.02549069 -0.03556290
-0.13961682 0.17288461 0.05018341
-0.17817982 0.04236043 -0.03189262
0.00877389 -0.05903860 -0.04353831
0.10663326 0.04737194 -0.14146671
0.04228588 0.01835994 -0.12559097
0.02551937 0.11520407 -0.11431254
-0.13845274 0.15884823 -0.04890888
0.04134734 -0.22462834 -0.03103471
-0.13146235 0.05634031 0.11829515
-0.09035866 -0.07022215 -0.00677140
-0.13658255 -0.03144689 0.06450003
0.02854631 0.13330193 0.08039420
0.11855458 0.01965345 0.11050951
-0.02412979 -0.38587701 0.06371695
0.01473574 0.05631068 0.16123863
-0.13995187 0.12652279 0.00676069
0.00560052 0.04206357 0.11869735
-0.00284304 -0.23369315 -0.07553496
-0.09040106 -0.00668912 0.00984708
-0.06277786 -0.08227067 -0.01070975
0.08083587 -0.05884670 0.08559803
-0.13555792 0.06198150 0.09204358
-0.08345376 0.22004789 0.06178729
0.08329466 -0.11490211 0.10438585
-0.06731341 -0.15713184 -0.07495582
-0.11271461 -0.03443157 -0.02730181
0.07700622 0.15813476 -0.07650516
0.02185808 -0.08873636 -0.00765649
0.00240032 0.12234432 -0.12695901
0.10030459 0.06631086 -0.14078327
0.07049491 -0.20427722 -0.01695536
0.00038140 -0.03740805 -0.13130610
-0.08577821 0.10397142 -0.13473777
0.10935239 0.15387067 -0.04286466
0.02012449 -0.12729339 0.10857388
0.15959156 0.03476880 0.02778554
0.01147596 -0.20297481 0.05935584
-0.05771985 -0.13936864 0.08851663
0.05928002 -0.17502663 0.08625299
0.10800365 0.15127265 -0.00009506
0.09505145 0.12079361 -0.02229741
-0.11935549 0.09092563 0.05145879
0.01501973 -0.19745955 0.09777622
-0.07034808 0.04295867 0.15385614
-0.06495467 -0.16244769 -0.01276840
-0.08458485 0.12402169 -0.11557437
-0.09224822 0.11925124 -0.15627122
0.03098649 0.26096758 0.02013380
-0.00555491 -0.09068211 -0.07597775
0.14237136 0.14105943 -0.01197104
0.07312454 0.17131993 0.09714598
-0.03257557 -0.18158548 -0.05253594
-0.11185952 0.08020322 -0.11395141
0.05691108 0.16274810 0.01112144
0.07927176 0.10012653 -0.08107538
0.05731216 0.25251642 0.05601868
0.01700190 0.05177508 -0.17481507
0.00568888 -0.19123600 0.09924464
0.04385283 0.16875680 -0.06874660
0.04949326 0.02580472 -0.13429929
0.02063626 -0.06963517 0.13518868
0.04450468 -0.19949561 0.05052454
-0.09648550 0.02265102 -0.07150750
-0.08917271 -0.22111276 0.00321457
0.08469442 0.10270051 -0.09399113
0.06665092 -0.06381491 0.02092992
-0.01094806 -0.07881571 0.05604738
0.04194269 0.02069789 0.10347383
0.10577670 0.04959459 -0.15017016
0.10803756 -0.06304060 -0.03100136
-0.05678694 -0.03238496 -0.10615896
0.03493376 -0.25913811 0.02337879
-0.00511929 -0.12819381 0.08145621
0.06384228 0.00760843 0.14097126
0.02479399 -0.00551987 -0.04362168
0.08358797 -0.00738065 -0.02662352
-0.00771716 0.12757596 0.12659894
-0.12158277 0.01188350 -0.01477935
0.15896173 0.06470955 -0.06627779
0.02775397 -0.33765349 0.02911996
0.01357381 0.11460617 -0.11209938
0.07358964 -0.29167932 -0.04575937
0.12293382 -0.13621266 -0.00203701
-0.05350548 0.17774038 0.08803032
0.08251083 -0.00246155 0.03039469
-0.10007177 0.04822268 0.00742654
0.08556815 -0.20074478 0.00370371
0.04608177 -0.08055478 -0.08316337
-0.02272587 0.01590132 -0.13725945
-0.01290785 0.17106053 -0.09884994
0.14466095 0.02729785 -0.10293062
0.12331088 -0.01600299 0.05967817
-0.12567586 0.01306558 0.10139587
-0.15300398 0.07766953 0.01159306
-0.13363878 0.05184080 -0.14721918
0.04030907 -0.24939229 -0.03003146
0.09246111 -0.14278390 -0.05400614
-0.16487193 0.14232199 0.00970876
-0.06181269 -0.25344396 -0.00750892
0.10773843 0.12353612 0.03806888
-0.04239809 -0.12993041 0.04367086
0.01792526 0.28121242 0.04105695
0.03615052 0.10119705 -0.12587248
-0.03930410 0.13907929 0.15318532
-0.06779679 -0.20242062 -0.04050094
-0.04084196 -0.18641359 0.09636997
-0.03633004 0.42066264 -0.01206116
0.03431053 0.18103340 -0.01806269
-0.09987200 0.28002521 -0.03232779
0.08443773 -0.16835809 -0.06666413
-0.06053022 -0.06958987 0.07897127
-0.13371824 0.04404647 0.08830669
0.06585909 0.13377970 -0.13313514
0.07691088 0.10739036 0.15108575
-0.14772318 0.07072370 -0.02737159
-0.05213454 0.15877230 -0.02791094
-0.06322464 -0.03255382 -0.01225244
0.08366156 -0.14655723 0.06585775
-0.12567891 0.19075242 0.09457179
-0.03248423 -0.25235695 -0.05218835
0.03271210 -0.02123758 0.05367437
0.13521048 0.13912065 -0.00430659
-0.03600904 -0.09030759 -0.07291356
0.06596367 0.07279885 0.16513205
0.05166019 -0.14818536 0.01712090
0.09592386 0.03210107 0.09512237
0.06334648 -0.01160702 -0.01559250
0.06679807 0.12788735 -0.13383766
-0.03562540 -0.10699344 0.08261351
0.01191353 0.22798280 0.01556796
-0.00265312 -0.06075989 0.01001325
0.09162682 0.14611018 0.09927295
0.07676981 -0.20036846 0.06524152
-0.00434647 0.06621490 0.08948687
-0.10382483 0.23993155 -0.05374239
-0.05347485 0.22930618 -0.05173249
-0.14431244 0.17646654 0.03860253
-0.12125802 0.02175405 -0.09830545
0.06798953 0.08430562 0.01892448
0.01027539 -0.19178972 -0.09905667
0.01665402 -0.15497009 0.04592077
-0.01611582 -0.13378310 0.07124684
0.09974834 0.04721429 -0.15271218
0.03567033 0.03935440 0.05578986
0.02108981 -0.11656817 0.10776440
-0.09150176 0.21046321 0.02365703
-0.05911577 0.25770092 -0.03927597
0.07003898 0.24108683 0.03517655
0.05404383 0.24490407 -0.01951222
-0.00817492 -0.17259671 0.01360943
0.04223605 -0.27377343 0.04499200
-0.00589699 0.08626164 -0.16521312
-0.06730844 0.18904890 0.11183588
-0.09198408 0.18936577 -0.07597749
-0.05738522 0.30360785 0.06500117
-0.05969379 0.21605739 -0.01970374
-0.00738082 0.36836141 0.00740988
-0.14269127 0.16323499 0.05329068
-0.00175056 -0.18229106 0.07622542
-0.00310210 -0.02537419 0.07211085
0.00619569 0.26765087 -0.07947814
0.01370038 0.35696459 0.04201086
-0.08269978 0.08115052 0.14319463
0.16000466 0.04708523 -0.02556268
-0.08318178 0.14809765 -0.09664827
0.08624206 0.15844321 -0.03014457
0.05399133 0.10539093 -0.00123097
-0.07723736 0.02757837 0.16775650
-0.03687080 0.13092293 0.15913948
-0.03415237 -0.02369029 0.14236616
-0.05345642 -0.21015014 -0.06952068
-0.03650296 -0.01017409 0.13806096
-0.08494080 -0.22359468 -0.05942933
0.13790998 0.11354747 -0.12842689
-0.08222768 0.22638807 0.07520051
0.09640651 0.04855975 -0.12524539
-0.02928736 -0.23522387 -0.00904628
0.10037779 -0.22878349 0.06367910
-0.08395235 0.26174474 -0.03142928
-0.13446251 0.16527155 0.01891976
-0.05639369 0.32936642 0.01232140
-0.13578059 0.17149866 0.02972181
0.17403351 0.03064746 -0.01230467
-0.12425442 -0.00640606 0.09864629
0.08186924 0.04849350 0.16387141
-0.13904202 0.05284833 0.09572586
-0.12058233 -0.08218030 -0.02354572
0.07344924 -0.06936422 0.07173142
-0.13740835 0.04784820 0.09237245
0.06054158 0.10968639 0.14719588
0.10938554 0.15209600 0.02917692
-0.04233181 0.03094358 0.14498210
0.00406868 -0.01213643 0.05419508
-0.05012685 0.29705924 0.03363584
0.07107385 -0.21754760 0.07259364
-0.09889543 -0.24290477 -0.00386653
-0.16408010 0.11695869 -0.01792245
0.06728351 0.05613010 0.16658583
-0.14759378 0.07405272 -0.03884327
-0.05464640 -0.01285625 -0.01351061
0.07934611 -0.00950514 -0.08792837
-0.15283568 0.09734917 0.02857009
-0.03394638 0.05366240 0.17083791
0.12116325 0.01298751 0.12919049
-0.02060390 0.27714801 -0.02358618
0.03636970 -0.08720865 0.10794170
0.07015598 -0.14000915 -0.00239042
0.01614117 0.34385413 0.01951462
-0.00288965 -0.05735861 0.09400286
0.06114222 -0.20479834 0.00361796
-0.02837266 -0.16598503 -0.08561947
-0.02687532 -0.14537686 0.05412607
-0.03451394 -0.13005853 0.05936782
-0.09912443 -0.08856766 0.01333399
0.08569472 0.02589031 0.01410894
0.06552146 -0.01951028 0.13635696
-0.02437956 0.27522892 -0.00973425
0.02610094 -0.12229400 -0.09805085
0.16483480 0.00442752 -0.00368482
-0.05745380 0.22831389 0.06845772
-0.00223693 0.14055760 0.00275108
0.17198700 0.02067884 -0.02998880
-0.08725037 -0.01351397 0.11073531
-0.11474972 -0.14426123 0.03579032
-0.01874501 0.02158216 0.05185908
-0.02094602 -0.11563288 0.07083477
0.13479899 0.10213938 0.11848264
0.09317008 -0.21447772 -0.01513643
-0.14228140 0.04298609 -0.00269513
-0.12340180 -0.18304694 0.02525990
0.09065151 -0.08593145 -0.04841241
0.15572198 0.01758569 0.07132758
0.09923352 -0.11707661 -0.02074696
-0.09079281 -0.03388526 -0.07265949
0.05259119 -0.16771898 0.09883954
-0.02734013 0.00988577 -0.09580299
0.04431916 0.02897657 0.10226201
0.06361961 -0.28257284 0.04008846
0.13858946 0.05660940 0.07408231
0.10558333 -0.18490857 0.00155527
-0.07470941 0.20255582 0.05752322
0.10042754 0.12037733 0.11510679
0.13470906 0.15697403 -0.00671265
0.02816158 0.10870241 -0.11793260
0.16337998 0.03147123 0.04652530
-0.00960117 -0.09859905 0.06338575
0.16217349 0.06940267 0.04038233
0.01304120 0.30727711 0.02374399
-0.01841976 0.01903860 -0.07227433
-0.04193866 -0.07726569 -0.05198844
-0.04571097 0.24484140 -0.08198440
-0.04474379 -0.03892091 0.09794317
-0.00221937 0.28989998 -0.00807104
-0.09513482 -0.03181322 -0.08912416
-0.01639179 -0.19307791 0.08754275
-0.13531254 0.03968938 0.01701670
-0.05880284 -0.02935424 0.03031250
0.05394126 -0.06447762 0.01503284
0.00937981 -0.13037670 0.10335702
0.14453825 -0.06325810 -0.01147862
0.02393112 0.22077793 0.01097910
-0.10984802 -0.05433580 0.07868652
0.04831488 -0.01947787 0.10280576
0.04206703 -0.17547037 0.06484919
-0.13684517 0.06613724 -0.05245202
0.06581264 -0.12702316 -0.02593012
-0.01893036 -0.26318210 0.05687006
0.08056826 -0.00332521 -0.03176566
-0.03573954 -0.18566716 0.07693534
-0.01945647 -0.20956203 0.09477117
0.05835352 -0.02380353 0.03593341
-0.07720575 0.25533628 0.01196107
-0.16248594 0.05306579 -0.07024545
0.00837142 0.29807740 0.03415012
0.11172499 0.09310214 0.04764496
-0.05559521 -0.09575809 0.08196503
0.00319096 0.05915570 -0.14914575
-0.00788878 0.12764190 0.16932207
-0.04030608 -0.10995569 0.06664179
0.06384809 -0.03509143 0.07095711
0.00895927 0.20853643 0.02626464
0.03333765 -0.19358589 0.10901270
-0.06496388 -0.13403206 -0.01155657
-0.02364414 0.29865751 0.01519375
0.01952533 0.11466274 0.16173550
-0.05245936 0.06117259 0.13898671
-0.07833491 -0.01731587 0.11224485
-0.07127599 -0.11181676 -0.08371571
0.01633793 -0.20918646 0.05833365
-0.11122732 -0.10756234 0.04674766
-0.01436136 0.02140347 0.15681984
-0.03250308 0.36824936 0.03816732
-0.01452406 0.29617703 0.00210913
-0.06308490 0.06759515 -0.12640513
-0.04499204 0.02924386 -0.12543967
0.00328537 0.06313740 -0.14659625
0.06319905 0.18048659 0.08221778
0.14268242 0.02386801 -0.11006775
0.04388488 -0.08100046 -0.08279095
-0.05127130 0.16912742 -0.11642390
0.10400707 0.16746727 0.01974932
0.05668169 -0.00369030 0.01885590
0.08357515 0.17412581 -0.02523187
-0.13372537 -0.01154706 0.06680852
0.08791529 -0.14049846 0.02484100
0.04718900 -0.01824764 -0.02558588
-0.13790050 0.14009251 0.05280879
-0.03782208 0.22826080 0.06256204
-0.07929422 -0.15887648 0.00674677
0.16375400 0.06678926 0.00003096
0.08346523 0.16632049 0.10475733
-0.08291564 0.13143963 -0.09998805
-0.11446597 0.07209720 0.11678668
0.02240441 0.07729905 -0.02387448
0.11315784 0.08999613 0.03600331
0.07706097 0.01603619 -0.11703670
-0.13130935 0.10569336 0.09483781
-0.17617425 0.09195368 -0.06750471
0.07247465 0.03412642 -0.15926304
-0.03790149 0.41597438 0.00165721
-0.00976425 0.26258671 0.08328596
-0.09526707 -0.07060318 -0.08462907
-0.03713253 -0.05703058 0.07597759
0.02749263 0.13111946 0.11720163
0.09969782 0.17037503 0.03332211
-0.11369243 -0.15243436 -0.05939810
-0.12403838 -0.02374594 0.06315622
-0.09331220 -0.04724783 -0.07257794
-0.11231084 0.06508371 0.02739846
0.10179565 0.16148785 -0.05096772
-0.06783106 -0.08224172 0.10170140
0.08163359 -0.27677310 0.06303102
0.02439900 0.29010120 -0.03319198
-0.05883643 0.17440906 -0.11132170
-0.08712780 0.15797903 0.10711941
-0.07392568 -0.18670727 -0.02988306
-0.03117786 -0.04703472 -0.10278303
-0.04975885 -0.01824435 0.12691195
-0.04698006 -0.24619678 -0.04339743
0.09276222 0.01276210 -0.16332501
-0.04372510 0.33713633 -0.01474578
0.09645430 0.03012580 -0.02998267
-0.00168281 -0.25994232 -0.07348214
-0.02899088 -0.17300394 -0.03198224
0.04242987 -0.01227607 0.12550126
0.01790837 -0.14696652 -0.09954040
0.05879924 -0.01862228 0.11877590
-0.00778014 -0.12650600 0.01260949
0.05566927 -0.18144631 -0.00196950
-0.04504714 -0.04413974 -0.07078649
-0.10175867 -0.12743473 -0.00316166
-0.12565641 0.06190741 -0.08146510
0.12229718 -0.11220723 -0.04320358
-0.13439035 -0.05230805 -0.04386204
-0.03212813 -0.05244178 0.05953984
0.09077919 0.12057123 0.12666473
0.08988088 -0.15058893 -0.04645393
-0.04917899 0.25884515 -0.04893784
0.06602244 0.16617098 -0.07146528
-0.09802615 0.14988977 0.13772735
-0.07235861 0.04066178 0.06318780
0.10148031 0.12077267 0.11309359
-0.04142952 -0.09727564 0.08636338
-0.05327693 0.24785545 0.08253213
-0.02298705 -0.31440136 0.02699512
-0.03163651 -0.21388370 0.02803832
0.04909676 -0.10596251 -0.02797012
0.16864817 0.10047609 -0.07861770
-0.06233258 0.11499319 -0.13921449
0.06033191 -0.06671752 0.04882018
0.17195180 0.04100592 -0.04724946
-0.12267856 0.20908970 0.00903147
-0.00185552 -0.29379022 -0.07787636
-0.01094129 0.06722978 0.15489642
-0.01589992 -0.15343940 -0.02608635
0.02967168 -0.06936529 0.03463573
0.01995359 0.03149744 -0.16950911
-0.00179117 -0.05079292 -0.04987208
-0.05682138 -0.42055914 -0.00246647
-0.11652961 0.04935192 0.14334354
-0.06854601 -0.13910666 -0.07377993
0.14394549 0.13312376 0.00516228
0.10611779 -0.04921740 -0.07505388
-0.00481488 0.17939262 0.03744543
0.12271427 -0.01735712 0.06723442
-0.09022442 0.13737299 -0.08212847
0.00925386 -0.03886262 0.11619955
-0.03727661 0.03533726 -0.15643831
0.03274284 -0.19524018 0.09565147
0.11106592 0.14141876 0.01158008
0.01271787 -0.20087019 0.04215296
-0.10824671 0.16071630 -0.07707999
