-0.00351037 0.11791394 -0.17685963
0.13464297 0.24206948 -0.14237985
0.12657605 0.34700605 -0.12869687
0.13873935 0.18425097 0.09435669
0.06430691 -0.31106466 0.01946570
0.07413816 0.21646971 -0.18253806
-0.05597520 0.07067174 0.06008708
-0.02181997 0.03052276 -0.02963144
0.06432134 0.35550433 0.15608484
0.05594782 0.12280523 -0.18366297
0.11648005 -0.36932558 0.08061270
-0.01055082 0.35347259 -0.15962921
-0.04199775 0.27531075 -0.15232603
-0.14240140 0.32238674 0.13162006
0.05458830 -0.27061629 -0.01955611
-0.18220820 0.26440257 -0.07516221
-0.14613585 0.30750862 -0.11591282
-0.10058701 -0.36579067 -0.03146033
0.02108060 0.22763404 -0.18720259
0.19074821 0.21451935 -0.07559446
-0.16029349 0.24676889 -0.12790172
0.02521056 0.13185167 -0.12432131
0.20536195 0.12416707 -0.05398147
-0.05252877 0.21722247 0.18749580
0.01468842 -0.29672652 0.05706008
-0.14556809 0.09300795 -0.13050884
0.19778006 0.10037243 -0.01259333
-0.03184714 -0.30018884 0.01307752
0.13214824 0.23708257 -0.13857955
0.08919656 0.30349839 -0.16563514
-0.19694497 0.17181329 0.05192474
0.10724331 0.25163031 0.14738961
0.09098718 -0.35949704 -0.03710663
-0.00812577 0.32244608 -0.18512246
-0.19120663 0.08639500 0.01811811
0.08437089 0.21491070 -0.17675629
-0.04649737 -0.37280825 0.01198218
-0.00626338 -0.22596595 0.05129608
-0.17600268 0.26483598 -0.07318849
0.17470390 0.27863541 0.10497820
-0.03416236 0.24534318 0.18880795
0.16501546 0.17961060 -0.10731733
-0.16663089 0.33428946 -0.03395442
0.18310720 0.16801640 0.07909498
0.15669250 0.14089520 0.13743332
0.06781980 0.30520257 0.16349263
0.00053448 0.37153757 0.02405254
-0.18958677 0.22879185 0.04394542
-0.03469195 0.03576972 -0.00296540
-0.01993071 0.02289771 0.01607707
0.21711144 0.19865352 -0.02028648
0.07926804 0.35179207 0.15188830
-0.19362916 0.11311256 -0.06429893
-0.15219013 0.26702747 0.13010021
-0.02592750 -0.37136286 -0.02508588
0.10084721 -0.34942278 -0.01944338
0.16576719 0.14569481 0.12161298
-0.18188287 0.11914678 0.06061768
-0.05546048 0.33738551 -0.16804856
0.03356825 -0.19050494 -0.04760598
0.11528545 0.13163644 0.15215372
-0.14374869 0.37675673 -0.08591399
0.11054554 0.13269386 -0.15477268
0.04314054 -0.00077322 -0.04772411
-0.19935924 0.20915470 0.00566764
-0.16184407 0.14448869 0.03057822
0.03446177 -0.02034934 0.00989237
-0.07059300 -0.34811401 -0.03160089
-0.18658583 0.12567766 -0.03907426
0.19210072 0.12388972 -0.07406765
0.02489911 0.33763501 -0.16862132
-0.01946035 0.33890304 -0.16479592
-0.04219538 -0.37437814 -0.11395381
-0.19210410 0.26424539 0.05479550
-0.05969759 -0.31568420 -0.01398483
0.06482749 0.38846043 -0.12074457
0.09119534 0.38111728 -0.13289401
0.20680812 0.23735355 0.04641312
-0.13574222 0.38157922 0.09253844
0.03520697 0.15577608 0.05290049
-0.17749587 0.08972201 0.10814925
-0.17639653 0.12066069 -0.00611555
-0.12494946 0.38467386 0.08970050
0.03688919 0.10669807 0.19710316
-0.14632818 0.11301734 -0.12225068
-0.12368529 0.37343603 -0.00323967
0.16825287 0.36900175 -0.08663592
-0.01196927 0.37610254 0.02144509
-0.19018933 0.34769118 0.02076227
-0.17204428 0.15518215 -0.06526326
0.08363649 -0.23894639 0.01794735
0.18023080 0.11246262 -0.08595216
-0.16814902 0.34618932 0.08514662
-0.13047627 0.11469555 0.13896680
0.09189909 -0.33879471 0.02283816
-0.09145813 0.20800143 0.18001586
0.15236880 0.18411073 -0.12387481
0.06884427 -0.04087850 0.02834905
0.18011840 0.36771291 -0.06295753
0.07009665 0.29933751 -0.15967427
0.10321325 -0.35799927 0.04338513
-0.19719131 0.16134843 0.00071893
0.12289996 0.04743262 0.09860616
0.07695781 -0.18031447 -0.02020560
-0.18450174 0.15424477 -0.04671471
0.07585857 -0.06034905 -0.00669581
0.11641405 0.15527317 0.15416554
-0.06258686 -0.37133792 0.03648755
0.03438235 0.35824189 0.16289943
-0.09402627 -0.36763567 -0.10790012
0.06158070 -0.36511824 -0.11542757
0.09084816 0.11620390 0.00139053
-0.08273254 0.25047094 0.16006134
0.21234140 0.08733542 -0.00630189
-0.08393575 -0.36519191 -0.00130317
-0.00410470 -0.09791002 -0.03143791
0.03085039 -0.37836161 0.10389563
-0.00185370 -0.10781474 0.02954791
-0.08809574 -0.37364486 -0.05203626
0.00500206 0.13835713 -0.04511044
-0.16643734 0.35984522 -0.06830180
0.10397499 0.28748396 0.16942155
-0.08029085 -0.36270449 -0.03703425
0.08215152 -0.37081900 -0.02496201
-0.01403998 -0.35654891 0.04782972
0.07296124 -0.36691070 -0.09007816
0.11758809 0.26791587 -0.15897626
-0.17798354 0.31233391 0.07955083
-0.14081472 0.16571915 0.15376636
-0.07195002 -0.22282340 -0.00401190
-0.19623761 0.14503446 0.01636674
0.12556499 0.28077111 0.13616528
0.08505747 -0.36061674 0.03273094
-0.19440821 0.22434996 -0.03687589
-0.04394187 -0.26575121 -0.00649139
0.05168056 -0.33978105 0.05322243
0.04116791 -0.13342583 0.00796467
0.10847978 0.24647094 -0.15648119
0.07094300 -0.24090046 0.00691428
-0.19865476 0.23871028 0.04749142
-0.01681816 0.05082538 -0.02923591
0.04303229 0.13263531 -0.18348242
-0.00563878 -0.24324700 -0.05239335
-0.07603180 0.16637634 -0.13513526
0.08730703 0.33672577 -0.16765524
0.05376786 0.10013191 0.02870264
-0.02774224 0.14101356 -0.17518352
0.07554201 -0.36132261 0.01665390
0.04540565 0.15203145 -0.15241838
-0.01330109 0.14289325 -0.19616684
0.01322231 0.10068269 0.06359690
0.04944800 -0.37643570 -0.03490199
0.01167016 0.06401825 -0.03179499
0.20664546 0.18462713 0.02107697
0.04567711 0.22993688 -0.17832935
-0.11207454 0.30438292 -0.14971359
-0.14831026 0.18077560 0.12626092
0.04858140 0.29043362 -0.15666497
0.03093533 -0.37203982 -0.08816703
0.05218966 0.35355175 -0.15683635
0.06458031 0.19789407 0.19617225
0.20252101 0.11996178 -0.06498276
0.10818103 0.07945503 -0.15743135
0.03583039 0.11349576 0.05826661
0.00192526 0.06883480 -0.03079913
-0.03252342 -0.36937997 0.02207030
-0.19090490 0.34575695 0.00237511
-0.18879120 0.12779972 -0.04343490
0.04242373 -0.37274230 -0.04832134
0.16504049 0.09356639 0.10939179
-0.17036685 0.20858954 -0.10556319
0.00357372 0.19798282 0.17783780
-0.08110969 -0.35759017 -0.01940887
-0.19887641 0.28490475 0.02042736
-0.01370036 0.32732025 0.17851350
-0.00374995 -0.33020145 0.05474169
-0.13865937 0.25523505 0.13605081
0.07403304 -0.29354116 -0.05197539
0.18366285 0.20409735 0.09579569
0.08645532 -0.37044054 -0.09572358
-0.08284613 -0.34076235 -0.03003686
-0.12920329 0.17279431 0.13605374
-0.09961184 0.27016592 0.15430462
-0.02459874 -0.32656136 -0.06627593
0.04244497 0.29061252 0.17689446
0.19752717 0.15628468 0.06661472
-0.08992995 0.30663088 0.15685974
0.10676451 -0.37601116 -0.08708186
0.02866938 0.14508428 0.18939815
0.02742083 -0.32796597 -0.07081699
0.19777945 0.27902561 0.03430395
-0.06134226 0.34859520 0.16351199
0.19686683 0.19851299 -0.04639235
0.08123749 0.34618595 -0.16698878
0.05329615 0.37322626 0.14869788
0.02255087 -0.35495675 0.03276004
0.15827674 0.36284530 0.10351602
0.01518221 0.17548551 0.19395216
0.03212932 -0.36665574 -0.08907689
-0.19776671 0.10433830 0.04285731
-0.17196029 0.37510163 -0.00274346
0.09578320 -0.34724677 0.01149514
0.03674600 0.23280869 0.18535763
-0.00215955 0.14509049 0.06090074
0.17649516 0.12284912 0.05969799
-0.00636559 0.22462356 0.18953834
0.04461470 0.36015382 -0.15763322
-0.08600230 0.37960428 0.11783218
-0.05167509 0.21071589 0.13604219
0.16060382 0.35023767 0.10373287
0.13241951 0.22880810 0.15711875
0.16989145 0.23639786 0.11498474
0.13145232 0.39118469 0.03573832
0.18528292 0.12569225 0.01059822
0.00056942 -0.35170880 -0.08400762
0.02794017 -0.33950302 -0.06104749
-0.14907974 0.13729037 0.00154168
-0.16248366 0.21315052 0.10778049
0.19416523 0.30698881 -0.00351378
-0.16397631 0.28968611 -0.06309812
-0.09043477 -0.35474709 -0.07945314
0.07178004 -0.32016683 0.01799217
-0.01217151 0.17278765 -0.12631260
-0.00961798 0.10014183 -0.17561989
0.06614150 -0.19949426 -0.02100622
0.05105270 0.09799355 0.01798733
0.06926531 -0.35221836 0.03736449
-0.04463899 -0.35175341 -0.03365703
0.19935942 0.29193443 -0.00869125
0.21484014 0.20177764 0.04870364
-0.07968624 -0.36544198 0.04384503
0.04242050 0.27513760 -0.17670743
0.18067603 0.15527935 0.10854680
-0.04173434 -0.37462601 0.00452286
0.17419575 0.36227292 -0.06392978
0.07720062 0.13527937 -0.17459223
0.07610334 -0.00577335 0.04293447
0.06087750 0.25376993 -0.18416651
0.17602095 0.27496839 0.11095040
0.16636047 0.11933957 -0.11758829
-0.02746858 0.06460534 0.02218284
0.10054640 -0.36923400 0.02676792
0.04347336 0.38203540 0.12269015
-0.10393719 0.27876800 0.15324147
0.21500404 0.24502224 -0.00249691
0.21896797 0.13192582 0.04559233
-0.19973613 0.13143432 -0.00758184
0.14761822 0.19092193 -0.13860829
-0.20096463 0.11931724 -0.01032019
-0.03854435 0.23869248 0.16376209
-0.02413942 -0.23661764 0.02945134
-0.04642219 -0.37237883 -0.07017874
-0.18894506 0.11161635 0.05353932
0.02807629 0.24967825 0.18704395
0.15463391 0.27638835 0.11114297
0.20902483 0.27896595 0.00297488
0.02009155 0.24342902 0.18955845
0.06788870 -0.34745413 -0.03091881
0.04785930 -0.37085694 -0.01222458
-0.12070711 0.28438359 -0.13395979
0.05023792 0.16299054 -0.18873169
-0.16634843 0.28544670 -0.04868031
0.06601503 0.27552727 0.18097803
0.16982359 0.15303235 -0.11244215
-0.03492757 -0.18643817 -0.02561318
0.18524483 0.33648282 0.09090318
0.10006969 0.05663614 -0.02570057
-0.04837191 0.37661818 0.14407443
0.08477072 0.09486251 0.03419625
-0.17913722 0.30048481 -0.03800675
-0.01582535 0.18817481 -0.17274636
0.20828052 0.19617549 0.06323622
0.11793093 0.08940932 0.16177034
-0.10476869 0.09798516 0.16408837
-0.16657916 0.15694308 -0.11162599
0.08483312 -0.02289174 0.00832356
0.02984997 0.24170847 -0.18868850
0.01197257 0.15994406 -0.00986151
0.19912353 0.11642624 0.06449430
-0.08972590 -0.36785054 0.04879458
0.08330772 -0.35040823 0.02175551
-0.04017141 0.03775683 -0.01000030
0.04839840 0.07927827 -0.05224301
0.00994546 0.24454771 -0.19180909
0.13407612 0.13414259 -0.12998903
0.10550314 -0.36196774 -0.04483569
-0.05528984 -0.20345044 0.02735557
-0.02170124 -0.32031575 -0.05405635
-0.02971963 -0.24410617 -0.06092911
0.02029790 0.10446597 -0.01893657
-0.13621229 0.30769378 0.13508742
-0.11930487 0.21997720 0.15007457
-0.18755633 0.32026926 0.06734097
-0.02750277 0.25898504 0.05066455
0.02551108 0.13014005 -0.00027232
0.02104943 0.17665526 0.03191653
-0.05082395 0.36598924 -0.15853535
-0.01762572 0.22409132 -0.19772841
0.02725647 0.21867630 0.19442759
-0.08542807 0.27064237 0.16730538
0.05513866 -0.34435907 -0.00378584
-0.06039882 -0.30655095 -0.02853204
-0.05379531 -0.37101981 -0.04672989
-0.00827265 0.11777185 0.03532808
-0.14590557 0.07852059 0.01762793
0.01895251 -0.37995324 0.06977502
-0.01441830 -0.37188661 0.12140468
0.16861132 0.17013185 -0.12072374
-0.19479525 0.33011240 0.01819567
0.14856181 0.38613382 -0.07686313
-0.09627792 0.21568060 -0.16809265
-0.00216720 -0.36708841 0.04631053
-0.18963289 0.11720194 0.02617848
0.04111630 0.26081517 0.18057519
0.18026671 0.35681069 0.05357453
-0.05245662 0.11524992 0.17779693
0.07915837 0.29199034 0.17490573
0.08522684 -0.37736610 -0.06150394
-0.00853837 -0.35546404 -0.10300946
0.02226858 0.15172270 -0.19138730
0.08764584 0.10452284 0.17030598
-0.04600266 0.24628228 -0.17932257
0.15064751 0.21318571 0.13851516
-0.15311724 0.10972763 0.11130174
0.05960648 -0.35206926 -0.04911890
0.06639900 -0.37005392 0.08692297
0.17009160 0.15469316 -0.10250171
-0.01024622 0.05494399 0.05542006
-0.19460164 0.18974039 -0.03932923
-0.17246877 0.25153643 0.09118374
0.07088599 0.24729712 0.18163750
-0.12055811 0.27737269 0.15076183
0.08843020 -0.31536534 0.01262014
0.05510751 0.33156487 -0.17625169
-0.11214057 0.13616034 -0.11623862
0.07225085 -0.01436250 0.00697522
-0.01534538 0.37107125 0.15860662
-0.12241265 0.11151576 0.13927060
0.20673464 0.14470214 -0.04721912
0.06598864 0.07853090 0.04094634
-0.00916637 0.27011624 -0.18600816
0.04020301 -0.37542516 -0.02609782
0.10496340 0.23972243 -0.15987638
0.19957903 0.17219310 -0.06377827
-0.16317815 0.14318144 0.09598906
0.05073560 0.13756602 0.13116720
-0.19992274 0.16122398 -0.01144135
0.09434572 0.09822962 0.17223568
-0.05923954 0.14898677 0.00618024
-0.11911623 0.20154323 0.13381925
-0.05790898 0.14887559 -0.05111603
-0.10866383 -0.37162822 -0.02254495
-0.02093719 -0.21980527 0.05504447
0.01384372 -0.32322776 -0.06536204
-0.02313334 0.10572926 0.17507444
-0.00163331 -0.18779597 -0.05849456
-0.12940045 0.22500855 -0.12818000
0.03914599 -0.33675557 0.06120787
0.02478941 -0.15614164 -0.05132797
0.04379299 0.10352357 0.03031206
0.18305470 0.13937773 0.09260584
0.09717184 0.28300703 0.16629905
-0.03595899 0.05978710 0.02070394
0.09714598 -0.36988914 0.04235924
-0.15027928 0.34865606 -0.06483638
0.01903203 0.27522737 -0.17757073
-0.18312205 0.27305159 0.00619976
-0.03938070 -0.19996315 0.00907523
0.03153111 -0.36989391 -0.01691194
-0.05201133 -0.36644262 -0.06790212
-0.01579875 -0.32246330 -0.05906118
0.11047681 -0.37070048 0.04166967
-0.06853514 0.10990091 -0.10007398
-0.19934097 0.24239972 -0.00511484
-0.14995322 0.25816607 -0.11366427
-0.00693641 -0.37620026 -0.01244805
0.18358147 0.24733825 -0.04115649
0.09224167 -0.37160775 0.00323571
-0.02848237 -0.03147841 0.03800616
0.06195371 -0.06072937 -0.02697622
-0.15585940 0.24203309 0.08060789
0.05853057 -0.21839237 0.03929326
0.13833378 0.30340922 -0.12920503
0.10911998 0.34343287 -0.14367449
-0.08338906 -0.36400935 0.05371473
0.18915930 0.33463526 0.04483343
-0.13968560 0.11634128 -0.14347427
-0.08465354 0.17862889 -0.11548711
0.00453267 0.16181713 0.19589095
0.10538135 0.12110695 -0.09771121
-0.06318933 0.14567994 0.18341894
0.05978762 0.16401832 0.17540187
0.21082672 0.11040117 -0.01893866
0.18015295 0.37538469 -0.05182548
0.20228079 0.31178880 0.01603817
0.00080468 0.08403596 -0.05876172
-0.07707900 0.23853622 0.18148549
-0.15224920 0.29713327 0.07271596
-0.11546703 0.25192732 -0.15240243
0.19094589 0.19216274 0.09028481
0.21613504 0.17448822 0.05460536
0.04625925 0.34557396 -0.15742123
-0.03208014 0.04335845 0.03826606
-0.00021084 -0.32405812 0.06037895
0.08518136 -0.33450663 0.01554391
0.05448372 0.27258986 -0.17471598
-0.13929203 0.32346025 0.10621372
-0.20191354 0.13998593 -0.02413857
0.00616083 -0.20299010 -0.06055226
0.06235371 0.04732246 -0.00421594
-0.02206435 0.12760295 0.18129550
-0.01850981 -0.17245175 0.01485481
-0.18305551 0.28294393 0.03286268
0.04268993 0.09693214 0.06171828
0.07906556 0.17403392 -0.16822729
-0.17873026 0.10932490 -0.08767202
0.04301520 0.27374113 0.18685445
-0.01530880 -0.37330037 -0.06378336
-0.09700089 -0.35751843 0.04287802
-0.17523041 0.32798079 -0.08069757
0.04790297 -0.37131065 -0.13088690
-0.03315550 -0.30828258 0.03950422
0.06896311 -0.21169716 0.00274032
-0.06398796 0.31655085 -0.16153394
-0.02435884 -0.22358029 0.00437212
-0.01742610 0.33760235 0.16520390
0.08057538 0.20838259 -0.17598382
-0.14797620 0.09766661 -0.00277401
-0.05111296 -0.36154833 -0.02523800
0.07482606 0.36183020 0.15367056
0.17049630 0.17989305 -0.10902575
-0.17164445 0.33912808 -0.06195952
-0.10758910 0.17095286 -0.14665121
-0.03525685 0.13323063 -0.18948966
-0.04595194 0.13406374 0.16876853
-0.18654057 0.31692669 0.08161813
0.02139262 -0.37261987 -0.10003353
0.12787034 0.13122970 -0.14757945
0.16259496 0.20906484 -0.11294858
0.04334400 0.14261356 -0.19377266
0.20717810 0.25659174 -0.01583892
0.02114083 0.11419272 0.03539503
0.05874921 0.07080482 -0.01028842
-0.13950941 0.35422164 0.11761655
0.16401675 0.18439288 -0.12150081
0.01041553 -0.37881440 0.05580215
0.02554049 0.23602141 -0.18971463
0.06223505 0.27227607 -0.18267891
-0.06260432 0.14360985 -0.18218505
0.20693533 0.11067202 -0.02199525
-0.11774128 0.20205361 -0.16916437
0.06097309 0.17387372 0.18199967
-0.10335919 -0.37512645 -0.06806678
0.08186431 0.10089830 0.08818263
0.02349033 0.22174105 -0.18451774
0.00299340 0.36779299 -0.16207542
0.20607550 0.19150974 0.07173328
-0.19000335 0.32983476 0.03986524
-0.19581142 0.09756660 0.06436778
0.13417329 0.30483970 -0.14738931
-0.14203091 0.15001185 0.14511962
0.02007056 0.14159274 0.00189856
0.07734874 0.07552460 -0.01588021
-0.14608282 0.31798047 0.11764771
0.07740682 -0.00562823 -0.01340896
-0.10166276 0.27969292 -0.14433208
0.09755284 0.36322397 0.14816369
-0.14054798 0.37296495 -0.07512525
0.16442661 0.36971852 -0.06426454
0.20009382 0.24042720 -0.03843371
-0.00517429 -0.35400686 0.04321129
0.07550310 -0.32018664 -0.00608659
0.01926538 0.34882945 0.17178503
0.21515782 0.23011687 -0.04915079
-0.09909251 -0.36337227 -0.07978861
-0.10361375 0.19618456 0.15928708
0.06974561 -0.27562180 0.01606570
-0.02459863 -0.20406756 0.03452424
-0.08132243 0.16494903 0.17277595
-0.15605390 0.25955808 0.01244863
0.17103831 0.09926956 -0.09896661
-0.00966716 0.08481365 -0.00430516
-0.12297280 0.32949248 -0.04621213
0.11211792 -0.36339658 -0.05188455
0.17920665 0.35257956 -0.09297797
-0.16312250 0.20162223 -0.01510072
0.02172297 0.30641127 -0.18848982
0.04107718 -0.01075919 0.03569920
0.18030262 0.24351396 -0.11516006
0.11599653 0.36589316 0.12900428
-0.01412713 0.09956966 -0.18647656
0.16634871 0.23610939 0.11689157
-0.11841601 0.19590662 -0.14974205
-0.18037382 0.29889846 -0.05950186
0.10190478 -0.36007899 -0.07856397
0.11765897 0.34410357 0.15179475
0.13968913 0.22295649 -0.12809986
0.07588455 0.20574759 0.17716037
0.05538718 -0.00710003 0.01574218
0.04776160 0.10946317 0.19922420
-0.04973810 0.08739469 0.02697230
0.02434980 0.16262580 0.16174854
-0.05886541 0.12568024 -0.17985442
-0.02696714 0.38524213 0.15078817
0.05462757 0.20386353 -0.13178793
-0.18749475 0.35796919 0.04980581
-0.07987137 -0.23275329 0.02616894
0.08383089 0.29558054 0.17792676
0.17321023 0.32010108 -0.08119346
-0.07034795 -0.34851965 0.03029958
0.17970102 0.26939481 -0.08851635
0.00645248 0.09655909 0.02067573
-0.18861264 0.25458628 0.02850207
-0.04500138 0.15518874 0.18479717
0.06862713 -0.31188214 -0.01591320
-0.11740725 0.33412838 -0.13916914
-0.05609536 0.18805014 0.18620814
-0.14467025 0.38331980 -0.07897295
0.19083200 0.11583292 0.09471625
0.09103691 0.12007616 -0.15678155
-0.14062545 0.26694703 -0.13670512
-0.02914700 0.03674800 -0.02329309
-0.08222164 -0.31881857 -0.00704605
-0.02591016 0.14192215 0.18559337
0.19160673 0.32758451 -0.07103170
-0.02140389 -0.36993784 0.08827668
0.01698070 -0.33011770 0.04156880
-0.18744811 0.11338291 0.05086851
0.08675835 0.07726976 -0.12160029
-0.06398227 0.12239141 -0.16890416
0.06838241 -0.00111347 -0.00526402
-0.05466987 0.30454916 -0.17930387
0.18417917 0.12272490 0.02837746
0.21884695 0.17258370 0.04114940
0.17511819 0.11849968 -0.10302789
-0.16963220 0.16195735 -0.11428656
0.04575434 -0.31102255 -0.02166624
0.05416201 0.14470071 0.03915077
-0.09362321 -0.30851042 -0.02023936
-0.02519867 0.27465981 0.17955536
0.01873919 0.24846888 -0.14749017
-0.18746224 0.15563872 -0.06148099
-0.00946052 -0.32897195 0.06546831
-0.15750282 0.28340816 0.11066997
-0.07412764 -0.29733947 0.00169011
0.01877050 0.22439702 0.19261433
0.04766099 0.11808523 0.01211507
-0.02934917 0.11672477 0.02464991
-0.03842599 0.17688990 0.17717756
0.21331628 0.09858733 -0.01245775
0.22253521 0.15187585 -0.00285812
-0.01088154 0.20061082 0.19952036
0.11062796 0.20882612 -0.13685368
-0.15396856 0.17057639 0.07241730
-0.02297618 -0.37596932 -0.07384230
-0.14270702 0.21441878 -0.02913992
-0.04464992 0.32296759 0.17463982
-0.03116328 -0.35900182 -0.05405439
-0.14591271 0.24519385 -0.11869796
0.01393128 -0.18987226 0.04498286
-0.00762168 0.23514980 -0.19292137
0.20628810 0.10536214 -0.01076411
0.13183613 0.10202675 -0.12332632
0.15015855 0.22893997 0.09095823
-0.06497853 0.32831463 0.16985434
0.02778432 0.19245777 -0.18810041
0.00978789 -0.22090548 -0.02428089
-0.13720517 0.25617769 0.10978270
-0.08434704 0.15474793 -0.13438097
0.12675196 -0.37088448 -0.03937929
0.16241737 0.12018043 -0.11292820
-0.00723454 0.07914100 0.02901803
0.20609611 0.24286620 -0.04891981
-0.15594870 0.32889372 -0.10231950
-0.04656249 0.02936502 0.03982516
-0.02691323 0.08397175 0.02523797
0.21186313 0.30829415 -0.02029612
-0.04622573 -0.34020439 0.00225861
-0.19398962 0.10185181 -0.00767671
0.10622595 -0.36948237 -0.05157170
0.18858382 0.10777050 -0.08304003
0.13347447 0.11325726 -0.14985815
0.12381161 0.09108879 -0.09834977
0.07472780 0.32306522 -0.16366296
-0.12969725 0.12736844 -0.13348597
0.04306152 0.12371586 0.18887961
-0.07012556 -0.36938015 0.01259448
0.04340706 0.13903283 0.18618129
0.11596218 0.19029312 -0.13143937
0.10194777 0.16037968 -0.15827738
-0.08079794 0.23791863 0.16963792
0.00395523 0.33093405 -0.17419995
-0.15188931 0.30122033 -0.11631169
0.10360105 0.30983642 -0.14975050
0.03500464 0.01745315 -0.00253023
0.01728073 -0.23289175 0.04572124
-0.11453966 0.37470272 0.12214841
-0.04779257 0.29063153 -0.15531656
0.19303621 0.25264063 0.08904152
-0.02143234 -0.08069614 -0.02157412
-0.05446873 0.32491547 -0.16418286
-0.07207180 0.13248730 0.16757873
0.06272111 -0.33593908 0.01117640
-0.02845795 -0.31418726 -0.02556330
0.04546179 -0.36526132 -0.10676867
0.07048198 0.26022920 -0.15447776
0.16840930 0.36350343 -0.06814097
0.20813450 0.16197455 -0.04454792
-0.17228657 0.21125314 -0.06038677
-0.03322823 0.36041400 -0.16610585
-0.18971084 0.22311966 -0.04053322
-0.02932930 -0.37265784 -0.03994123
-0.11584768 0.30473191 -0.13393974
0.10504869 0.29420283 -0.15949677
0.20817924 0.26479349 0.04944201
-0.07749397 -0.16357678 0.01242836
0.02591667 -0.36054000 0.06645477
-0.12496547 0.21496332 -0.15320584
0.12730083 0.25729299 -0.13394018
-0.16346207 0.12000751 -0.11995725
0.00140784 0.31080157 -0.18614841
-0.01159316 0.03819026 0.01408844
0.19900832 0.14122468 0.03552073
0.10249969 0.16055749 -0.17003830
-0.19715686 0.23208247 -0.02389391
-0.16217560 0.18999700 0.01395016
-0.14577284 0.20419443 -0.10040190
0.02637584 -0.37275350 -0.06389110
0.01213809 0.28496224 0.13960297
-0.14160396 0.38536173 0.10608563
-0.09822404 0.09435522 -0.16794859
0.01869413 -0.29856682 -0.02807805
0.10981362 0.16993946 0.16176556
-0.10572022 0.17097116 -0.16726403
-0.16147907 0.31445545 -0.11063418
-0.13395190 0.21000870 0.15286019
0.18507206 0.36048406 -0.05845103
0.18218279 0.34838367 0.06868806
-0.10812350 0.15172197 0.15071905
-0.01720865 0.12586473 0.17632806
-0.19993970 0.21774867 -0.02756304
0.01352646 0.12240374 0.13967019
-0.06639875 0.20813720 -0.17985465
0.09245248 -0.37015355 0.07196533
0.03912616 0.04692608 0.02514423
-0.07853164 -0.34149429 -0.00525134
0.12049905 0.14213210 -0.15362114
-0.01657266 -0.32901651 -0.07048051
0.03168371 0.06961919 0.00761325
0.20417972 0.32920069 0.01300626
0.06177341 -0.33640870 -0.07106407
-0.16824557 0.19283733 -0.08228097
0.06364054 -0.34625977 -0.04947566
0.18955629 0.30294505 -0.06789191
0.05826674 0.12209120 0.00691436
0.01420006 0.13842343 -0.00055292
-0.10182730 0.37876561 -0.12729512
0.17373063 0.19314219 -0.00028312
0.04210988 0.27018270 -0.18847370
-0.00662925 0.12382542 -0.17696917
-0.02493516 -0.33236200 -0.00778350
-0.00038203 0.37078616 0.16113685
-0.04027258 -0.26870051 -0.02808437
0.04897295 0.34289780 -0.17047848
0.04887370 0.38115880 0.15540043
-0.17230478 0.12818283 0.11054231
-0.19750851 0.21017902 -0.02991300
-0.00465223 -0.04959065 -0.02741422
-0.00155722 0.13376929 -0.19534215
0.11692486 0.12456410 -0.15139981
0.19859536 0.33867645 -0.00794770
0.03411141 0.34937409 -0.16900162
-0.19754852 0.11936505 0.05120715
-0.00473880 -0.19366246 -0.01211540
-0.19045624 0.16160914 0.08821529
0.03440925 -0.37099522 -0.11525965
-0.03996797 0.17431794 -0.18370473
-0.06170040 -0.23472129 -0.00918464
0.13476942 0.23532084 0.15575016
0.19378108 0.10363583 -0.03438739
0.05572043 -0.07786073 0.03173041
-0.14374410 0.10929097 -0.01802472
-0.05693630 0.18967326 0.17658523
0.19141532 0.29596519 0.06864493
0.09216925 0.19467485 -0.17885584
0.04844270 -0.13061480 -0.03090249
0.02170583 0.07779458 -0.00694561
0.13304439 0.25252128 0.15424459
-0.18464799 0.17671081 -0.00422860
-0.08242406 0.16594827 -0.11647957
0.10655463 -0.36444932 -0.07689098
0.03888688 -0.34459665 0.03793803
-0.04224836 0.11687946 0.17215616
0.14488006 0.35897616 -0.11943898
-0.05956511 -0.35403508 -0.01404585
-0.13042261 0.32670197 -0.14116357
-0.01534116 0.21414793 0.19183186
0.07180105 0.08590858 0.01609775
-0.15934001 0.18715113 0.11787912
0.11610106 0.23875345 0.14641635
-0.01896383 0.35405120 -0.15981241
0.05497186 -0.34227091 0.04654907
0.07044683 -0.10311878 0.00917987
-0.15541539 0.32200035 0.11544837
-0.14488456 0.34049350 0.08585298
-0.00723122 0.30139506 0.13597119
0.20976406 0.15004201 -0.04042313
-0.14972419 0.37724149 0.08768293
-0.15760095 0.25680783 0.11966988
0.03966592 -0.37166589 -0.10608272
-0.19739889 0.16993602 -0.00097375
-0.16828208 0.36868989 -0.01991029
-0.08828109 -0.37285829 -0.07813487
-0.19243632 0.23079938 0.07664000
-0.06536363 -0.32913661 0.01999681
-0.11019806 0.17338285 -0.17358549
0.02072866 0.25221226 -0.18499269
-0.01737552 -0.33307251 0.00538654
0.09069937 0.18835925 -0.16980490
-0.18295585 0.30647099 -0.04880996
0.00417654 0.12056373 -0.17746539
0.21271430 0.25997707 -0.00894785
0.14838032 0.19020405 -0.12227082
0.08610299 0.33378860 -0.16179807
0.07911011 -0.37517282 -0.08782582
0.10449088 -0.37551177 0.01176261
-0.11994340 0.14900249 -0.14737453
0.18769850 0.35543823 0.07784821
-0.02550188 -0.24274427 -0.03252769
0.05359176 0.03460055 -0.00785938
-0.19940172 0.22028716 -0.00569757
-0.09410996 0.33632120 0.13709271
-0.02533376 0.28642914 -0.18344630
0.13201989 0.32342345 -0.14981830
0.05864221 -0.13703935 -0.02712925
0.01855013 0.21123524 0.19471850
-0.20042895 0.19735582 -0.01171178
0.08784031 -0.28946021 0.00297176
0.13736123 0.35475835 0.13005370
-0.04942674 0.09779853 -0.00419242
-0.02335055 0.13624552 -0.18223205
-0.00472035 0.32333142 0.17242631
-0.17503996 0.18117034 -0.09585344
0.10972529 0.22221619 0.16484928
-0.16839091 0.22800578 -0.08135786
0.19951117 0.18198507 0.06431902
-0.08720946 -0.35487139 -0.06435590
-0.01653837 0.13402618 0.00598289
-0.01718394 -0.30296066 -0.02079917
0.18369052 0.17851481 0.10245112
0.19763713 0.11354545 -0.06135330
-0.02682364 -0.35317838 -0.09623694
-0.01841688 0.37569526 0.15636884
0.06153572 0.15828581 -0.16559188
-0.01204262 0.03234417 -0.03124686
0.01454629 0.21748151 -0.17246571
-0.04577477 0.36153442 0.16589092
0.06434017 -0.35351416 0.09865972
-0.19565012 0.19399409 0.01573470
0.11616407 0.33972290 -0.14560995
0.16537946 0.25925398 -0.11648972
0.00706539 -0.37383774 0.04470417
0.13972247 0.27931842 0.10557500
-0.10804656 0.34867775 -0.14048532
-0.19351405 0.18119287 0.02161663
-0.13405389 0.12595588 -0.14462599
-0.15915643 0.21411403 0.00462553
0.03351775 0.23092425 0.18672830
-0.15865000 0.12216730 0.11372835
-0.07259633 0.31536752 0.16622387
-0.02239679 -0.05760816 0.01379869
0.11733241 0.12387373 -0.15396270
0.05783968 0.25348511 0.18191996
0.22018360 0.15380362 0.00665395
-0.01165415 0.22483723 0.06385439
-0.00519403 -0.34479871 -0.11085831
-0.06723328 -0.23268051 0.00695312
0.16820189 0.34209955 -0.09460130
-0.19529112 0.23803906 -0.02933095
0.12125550 0.27800438 0.11626034
-0.12255047 0.15781598 -0.10504954
0.01766479 0.25293893 -0.18286984
0.02602473 0.20780468 -0.17662446
-0.18735974 0.26085654 0.07225048
-0.00394542 -0.34914124 -0.08189559
-0.18281497 0.14769225 0.06725771
0.21121205 0.25765294 -0.01235489
0.03671023 -0.20917328 -0.04029100
0.06233217 0.33127016 0.16765213
0.08001722 -0.37744325 -0.04702615
0.20462868 0.26474741 0.03962137
0.03047393 0.24266568 -0.14977930
-0.19082071 0.13153908 0.04808115
0.06797348 0.37017971 -0.13642594
0.20616013 0.26375252 -0.00641291
0.14835955 0.37049600 0.08600114
0.20006928 0.08310938 -0.04549568
0.02554937 0.00918750 0.04243292
0.04115795 0.19048859 0.19350426
0.18515770 0.37543252 -0.01786361
0.08665182 0.14801024 0.17862974
0.00043634 -0.35849401 -0.04908108
0.18946314 0.36840096 -0.00574299
0.07785904 0.14258187 0.18107359
0.02427528 0.11768047 0.18752062
0.08809905 0.09532303 -0.12721890
-0.02697404 -0.31893542 -0.00894580
0.03970943 0.06930521 -0.04791572
-0.12588133 0.08912571 0.04883197
-0.01451199 0.19801956 -0.18906194
0.03798151 0.16080922 0.18824737
0.07302172 -0.37476468 -0.04576730
-0.18365426 0.33507821 -0.06450213
0.20176849 0.38010564 0.02465396
-0.15915599 0.10902432 0.10714791
0.22184983 0.15995172 -0.00934669
0.09999589 -0.34079209 -0.00587972
-0.19113217 0.18435629 -0.04281601
0.12195408 0.28145391 0.14079727
-0.09902959 0.27962583 0.15080547
-0.15868394 0.28564918 -0.11389293
-0.00820604 0.18783262 -0.18938825
-0.09142174 0.32039136 0.16456938
-0.00581880 -0.02237700 0.02281772
0.04009100 -0.11591603 0.01288963
0.05410799 -0.34192166 0.08781934
0.20465404 0.18055426 0.03684053
0.05194743 -0.37570000 -0.04949426
-0.18933930 0.19152246 -0.06759658
-0.11142351 0.20522158 -0.15879205
0.07145894 -0.37138715 0.08741614
0.04804230 -0.16938806 0.01075201
-0.05074576 -0.36529320 -0.08340607
-0.10373983 0.20024639 0.15840350
0.05426504 0.29774195 0.16697989
0.01041580 -0.28049895 0.04885413
-0.05678850 -0.34323797 -0.04445219
0.09125644 -0.37199929 -0.10472713
0.01629364 0.13561220 -0.02532502
0.18423991 0.31623763 0.08672388
0.07784314 0.10263819 0.17388634
-0.09725581 0.20717677 -0.16781193
-0.20235395 0.12587750 0.04141130
0.20486341 0.13405271 0.02122312
0.17948875 0.20414922 0.09441993
0.20550084 0.22949035 0.03313552
0.13042754 0.16445057 -0.15073510
-0.05657304 -0.30979794 0.06045051
0.16429523 0.23562175 -0.11401202
0.01414124 0.15948437 0.19958791
-0.14451410 0.22838038 0.13560876
-0.10941941 0.25066867 0.14237607
0.07540154 -0.35417560 -0.07100140
0.07033637 -0.21500465 -0.00437582
-0.19265315 0.33727747 0.01681420
0.14066987 0.15429892 0.11894426
-0.03155277 0.15734893 -0.18009345
0.04434697 0.13354038 -0.00613936
0.14919670 0.20235513 0.12905717
0.01300177 0.28661153 -0.18542695
-0.10720183 0.11159468 -0.15022220
0.05641317 0.27495828 -0.18276331
-0.07936315 -0.37017959 -0.01048838
-0.15293041 0.22458895 0.13835424
0.16457574 0.10930961 0.13129301
-0.18929382 0.22017018 0.04968929
-0.01629973 -0.34635699 -0.09133421
0.05284977 0.07449704 0.16621767
-0.02401053 0.27388689 -0.18233708
0.00418533 0.02040555 -0.02634557
0.02263196 0.12299342 -0.03909720
-0.08268668 0.32417923 -0.15177713
0.01322231 0.24635647 -0.18889123
0.15053113 0.11638694 0.13960110
0.02337225 -0.37427011 -0.04995835
0.21785554 0.14162670 -0.00994432
-0.11780943 0.10143634 0.16274269
0.09191345 -0.12965633 0.00181876
0.19746940 0.12565695 -0.04076910
0.16729617 0.16279127 -0.10766966
0.12359433 0.37321520 0.10105968
-0.16243941 0.35700646 -0.05764320
-0.07300438 -0.35233051 0.00549157
0.15760939 0.34226495 0.09511226
-0.16700980 0.37101322 0.06885317
0.11013255 0.12677941 -0.13731888
0.08304371 0.11454441 0.07679632
-0.01809542 0.05096521 0.02686530
0.01944489 0.26029545 0.18919693
0.08831166 0.15345556 0.01210041
0.20795517 0.18890545 -0.04586751
-0.17937675 0.21919440 0.06317832
-0.03033930 0.33341658 -0.16957933
0.02029031 0.11206408 -0.02254838
-0.15059339 0.13511947 -0.12488169
0.03447106 -0.29108787 -0.05002259
-0.17296086 0.16467112 -0.08427612
-0.00790180 -0.26718304 0.04815058
0.17794243 0.13879073 0.01010010
0.03635732 0.23237452 0.01884270
0.08865216 -0.36036640 0.08786320
-0.14347023 0.31703660 0.11801076
0.09848737 -0.36104116 -0.08391821
-0.05030833 0.11353530 0.17540227
0.06665950 -0.36930498 0.11712323
-0.00763286 -0.26365080 0.05012593
-0.19032758 0.23041846 0.02185906
0.05825440 0.31451151 -0.02491223
-0.00466663 -0.32657254 0.03957411
0.01219677 0.00136094 -0.03270225
-0.03982638 -0.04677124 -0.00609822
0.18503515 0.12342477 0.08891900
0.00041335 0.10064372 -0.18550882
-0.07105654 0.26545963 0.16941383
-0.00288187 -0.35069945 -0.10291843
0.04454958 0.04681964 0.03195382
0.21466701 0.20240439 -0.03048302
0.04074181 -0.13208851 -0.06567064
0.20324565 0.12041739 -0.06881876
-0.09155221 0.09405759 -0.17366476
-0.15108873 0.34987023 -0.10823262
-0.05798166 -0.36807835 0.09972694
0.02509051 0.12919754 -0.18525836
-0.09010148 0.30155832 -0.15772398
-0.05946669 -0.01302490 0.00805203
0.02726095 -0.18572211 -0.04822978
-0.15424931 0.35278949 -0.09886310
0.06918078 -0.36746266 -0.10761284
0.10363959 0.31247360 -0.15227000
0.09387375 0.08980886 0.05460986
0.09141963 -0.00282115 0.00014298
0.09790573 -0.35888281 -0.09837310
0.02916935 0.06555624 0.03995509
0.17256889 0.10919295 -0.10861497
-0.05913936 0.33251625 -0.15786028
0.12998189 0.11893168 0.15252139
0.11326238 0.35519797 0.13980541
-0.05297863 -0.37500674 -0.09666236
-0.18481551 0.22674558 0.08244298
0.11648072 0.20136392 -0.15847912
0.06294934 0.09851848 0.17807314
0.04483322 -0.16775633 0.00494731
-0.01492265 0.11851589 0.17542063
0.11975019 -0.37064490 -0.05330871
-0.01152424 -0.13862765 -0.02714681
-0.08521366 0.20562175 0.17200087
-0.04015212 -0.35991734 -0.08311082
-0.20296027 0.13534746 0.02528203
-0.17326088 0.21571550 0.10544663
0.04718055 0.03841736 0.03545319
-0.04379332 -0.35211253 0.02652654
0.06971370 -0.32776320 0.01848105
-0.16468750 0.33622244 0.04076701
0.09122387 -0.36986956 0.09258121
-0.16180329 0.31529754 -0.07042954
0.17079906 0.21783608 -0.12090866
0.05320542 0.10583282 0.16714394
0.13306542 0.15633629 -0.14138645
-0.17098032 0.35745370 0.07606589
-0.16044891 0.13470283 0.01001349
-0.04505320 -0.35228416 0.05638866
-0.10231222 0.16143098 0.14952324
-0.03312167 0.14523757 -0.02330351
0.10190535 0.24787492 -0.16619478
0.08276315 -0.33644158 -0.02013603
-0.00061931 0.19887993 -0.17668198
0.05343423 0.21424630 0.19200039
-0.12979996 0.37694806 -0.01972648
0.07460549 0.10006342 -0.11550202
-0.07059500 0.09880511 -0.17227678
0.07400019 -0.27068597 -0.00404601
0.00601215 0.33717605 -0.16381429
0.07315967 0.34495685 0.15910876
-0.04514391 -0.35982701 0.05688147
0.05148190 -0.34398341 -0.08192127
-0.04495495 0.16534327 0.17636901
0.12477093 0.34270188 0.12881838
-0.01920083 0.18323696 -0.00829835
-0.07602780 0.18519312 -0.17233028
0.02758242 0.01964009 -0.05803614
-0.07693180 0.22515757 -0.17065966
0.06403580 0.09083809 0.02247478
-0.13990101 0.10756779 -0.01175406
0.18606824 0.19286376 -0.02383679
-0.16048892 0.37544063 -0.06566657
0.02610726 -0.37181458 -0.05305980
0.18300550 0.31013849 -0.06846297
0.21187201 0.11543570 -0.01994506
0.09383927 -0.34720477 -0.00526044
0.14010759 0.24974625 0.09125602
0.01711010 0.17504556 0.19065541
0.05296163 0.21041474 -0.18344539
-0.13727215 0.18192464 0.14567669
-0.00428424 -0.15970008 0.04252733
-0.18665974 0.25847679 0.01615953
0.19654502 0.09817657 0.08023163
0.05066015 -0.11949653 0.03376324
-0.07444669 0.33674270 -0.15477587
-0.03892837 0.07946295 0.05319677
-0.16363306 0.17003322 0.10936943
0.09578014 0.26448444 -0.16220897
0.04759912 0.10653956 0.03125980
-0.11772764 0.14296116 0.12875216
0.20386241 0.34199584 0.01302120
0.07343768 -0.37724656 0.07810941
0.03357442 0.16076845 -0.19119908
-0.08869628 -0.35434729 -0.01114358
0.01224753 -0.12084895 0.03314842
-0.16799363 0.21826473 -0.10124059
0.04123373 0.13516459 -0.12965591
-0.16381326 0.34234288 -0.08811727
0.05661805 0.14013180 0.18892424
0.20585264 0.31551272 -0.00685673
-0.05430437 0.17140220 0.18524863
0.01828871 -0.37202832 -0.01376102
-0.05473800 0.28515896 -0.17244910
0.06279317 0.20920691 0.18316753
-0.14066993 0.28868133 -0.13537817
0.14884183 0.27546203 -0.13223240
-0.13949060 0.34369346 -0.11819427
-0.06032499 -0.36911213 0.00976608
0.20464385 0.31259894 -0.04393906
0.00245296 -0.33131799 -0.05922801
0.02726702 0.34579143 -0.16990609
