0.14325604 -0.11819567 -0.05238706
0.12583038 -0.08842740 -0.36871713
-0.09404169 -0.01587510 0.36236840
-0.10402994 0.23214929 0.01719676
-0.14595056 0.14685088 -0.25820273
0.08110800 -0.16011184 -0.26491523
0.10673286 -0.24432877 -0.37146935
-0.01282220 -0.01734641 -0.09179743
0.02407783 -0.11888703 -0.13712989
-0.09691148 -0.04397619 -0.01662467
0.04064737 -0.01317183 -0.13068947
-0.00170847 0.01997346 0.27346158
-0.12013023 0.20247899 -0.26645163
0.12568219 0.03540560 0.32363898
0.10216990 -0.04477790 0.25865462
-0.12396493 -0.11741564 0.04967104
0.11723216 -0.11967318 0.23870918
-0.14963970 0.22592562 0.14672412
-0.07489205 -0.01930060 0.14850278
-0.09762698 -0.13556364 0.28381169
-0.05573937 -0.08040657 -0.33662260
0.03770881 -0.02101199 0.13100037
-0.13774310 0.09100495 0.12422156
-0.11135110 -0.14969417 0.13042666
-0.01658345 -0.16258372 -0.36604229
-0.13767369 0.14392719 0.02814578
-0.13455616 0.23338060 -0.17436668
-0.09834875 0.09009299 0.37137723
-0.07303672 -0.03101032 -0.16088365
-0.11959571 -0.17879565 -0.07381610
0.06760217 0.06482669 -0.37149295
-0.13352121 -0.04442872 0.02913412
-0.13282670 -0.15940073 0.06672725
-0.10009237 0.00616783 0.04337305
0.09975920 -0.19309780 0.35523045
0.09006315 -0.20875444 0.36774868
-0.11640719 0.07510788 0.22350660
-0.06843550 -0.00140807 -0.33903641
-0.06478596 -0.02127675 -0.13526934
-0.12295896 0.12049679 -0.02016586
-0.10897771 0.04933876 -0.32474020
0.12068887 -0.25594550 -0.36884156
0.14697248 -0.08318900 -0.20118976
0.14157195 -0.05993924 -0.01449390
0.09249544 -0.07273830 0.04062286
0.05037924 -0.15437010 -0.37182808
-0.09443682 -0.07207373 -0.03245883
0.05564398 -0.01447662 0.09320085
0.05535192 -0.13583210 -0.35431147
-0.09538439 -0.07912795 -0.11656751
-0.13488562 0.04924072 0.32946521
0.10248312 -0.09126182 0.14316253
-0.09430173 -0.04061338 0.37028891
-0.14666665 0.18685369 0.07075371
0.03242283 -0.04707863 0.00475618
-0.11195813 0.14849626 0.08475920
-0.14369009 0.05500272 -0.33454081
-0.11268985 -0.25140089 -0.34367245
-0.03690534 -0.02185091 0.07742790
-0.14824161 0.23771732 -0.16157606
-0.10053514 -0.08386621 0.36788103
-0.14385229 0.13195047 0.30811831
0.10883886 -0.11133783 -0.16048759
-0.14551751 0.19381909 -0.25990653
0.04296800 -0.06821596 -0.30395657
0.10863526 -0.06055458 -0.37578428
0.14535995 -0.09213334 -0.00044430
0.10541862 -0.00704367 -0.07010456
0.13959193 -0.04996145 0.12960541
-0.00693778 0.05864817 0.36771590
-0.13994567 -0.17941588 0.26234174
0.03213546 -0.08149469 0.07564993
-0.14112043 0.12041079 0.10518636
-0.05018374 -0.02783940 -0.36570755
-0.03727454 -0.17197947 0.29625794
-0.09079046 0.10064869 0.37190562
-0.10492525 0.17635460 -0.34265703
-0.09035528 -0.04472378 -0.34201318
0.04381115 -0.03299809 0.31980914
0.09395501 -0.08300935 -0.20632972
-0.09566569 0.03418730 -0.07409194
-0.13473138 -0.14384562 0.25956595
0.08520915 -0.18893255 0.22930434
0.02769823 -0.19546746 0.20671737
0.02549408 -0.00551644 -0.29459661
-0.12655550 -0.04320987 -0.24070559
-0.04516610 -0.22757271 -0.37859359
-0.08249620 -0.00619726 -0.03679692
-0.13522340 0.22883672 0.36624810
0.14570473 -0.01867672 -0.32946280
-0.10555419 -0.02758729 -0.33101371
-0.15417390 0.23766725 0.15452790
0.14437728 -0.20999335 0.37859938
0.09208186 -0.16221370 -0.10017429
-0.10412470 0.13827808 0.19583735
-0.14053185 0.01320405 -0.29581511
-0.14541064 0.24450567 0.00671787
-0.04286413 -0.00019756 -0.25778824
0.07258713 -0.06141924 -0.24342227
-0.13681443 0.10849202 -0.05946406
0.13786723 -0.04812418 -0.28431660
-0.11686292 -0.07266271 0.02924605
-0.01819760 -0.20915940 -0.36312816
-0.11785864 -0.03846817 -0.24411882
0.09960431 -0.05737780 -0.12523967
-0.13503160 -0.02598797 0.15729751
-0.08507901 0.00878787 -0.22751263
-0.10274877 0.11587201 -0.10513471
-0.13685432 0.03750541 -0.26993424
-0.03530074 -0.06645402 0.25442630
-0.10558268 -0.18034346 -0.19606540
-0.12025473 -0.05185549 0.36076862
0.14245909 -0.16144490 -0.16002539
-0.12834977 0.25178036 -0.14110520
-0.12537327 -0.25357294 -0.35985419
-0.11005155 -0.03226851 0.34825587
0.06457965 -0.05896013 0.04834608
0.08929082 0.02884104 0.37306345
-0.12170123 -0.06838781 0.36685467
0.12145255 -0.04778354 0.37710962
0.11662656 -0.22399142 0.33818373
0.00774076 -0.03374993 0.14291605
-0.12082192 0.03553975 -0.11839720
-0.10127089 -0.07429346 -0.22948737
-0.02126206 -0.17366779 0.29935884
0.05403946 -0.05000790 0.13692841
-0.02077825 -0.07222624 -0.29344791
0.09319165 -0.09157936 -0.06315075
-0.14402381 0.18272075 0.36962450
-0.00017023 -0.10715263 -0.33703831
0.12866604 -0.18380213 0.36761323
-0.09869526 0.04994435 0.29158390
-0.13364030 -0.18430783 -0.15603814
-0.05045135 -0.18986759 -0.28468347
-0.09710594 0.12776180 -0.17415881
-0.09640691 0.05922822 0.00967144
-0.14280672 0.22095072 -0.32455668
-0.10083888 0.13152914 0.31613478
-0.13102038 -0.05589351 -0.06368713
0.09248971 -0.04004937 -0.16790450
0.13463530 -0.00825767 0.12351047
0.09359068 -0.21300623 0.32282230
0.06124288 -0.00399530 -0.29177812
-0.13278577 0.05344106 -0.30650637
-0.12641360 -0.10251420 -0.01408841
0.00819961 -0.02989421 0.16722661
-0.10192105 0.21711975 -0.28599957
-0.13449945 -0.14517504 0.30887637
-0.05551534 -0.04343308 0.24924298
-0.08130661 -0.09309516 0.11298972
-0.06322258 -0.18665951 0.26648274
-0.03579675 -0.00269444 -0.00685186
0.07120760 -0.04253464 0.03754978
0.13317415 0.00357072 0.36159584
-0.04065930 -0.19663879 -0.02897492
0.12924485 -0.19355892 -0.30391240
-0.15074712 0.16626565 0.22580318
-0.10834976 0.04801445 0.26982218
0.01642382 -0.02116793 0.13761306
-0.13110630 0.02001183 -0.18158408
-0.08114683 -0.03440697 0.06642842
0.06310960 -0.03809100 0.20868765
-0.09354736 -0.21199571 -0.24820946
-0.14011003 -0.23021832 0.27904764
0.07570157 -0.02475383 0.03691175
0.05650785 -0.09453507 0.20420963
-0.13294250 -0.10670366 0.21103883
0.06563345 -0.01245890 0.03767440
-0.13620763 -0.24724790 0.33933342
0.04792914 -0.08206908 0.18336277
-0.14160736 0.10448606 -0.31337067
-0.08286190 -0.20635694 -0.18971278
0.12872490 -0.12171347 -0.20315328
-0.01098578 -0.00640395 0.35173985
0.03143720 -0.02440530 0.36209944
-0.12850599 -0.05109719 0.02021713
0.01660560 -0.21282560 -0.36832392
-0.12346901 -0.06747502 -0.37801367
-0.10788175 -0.13755243 -0.16226377
0.11308236 0.03757887 -0.33355537
0.05508483 -0.18840468 -0.09557172
0.06703401 -0.11867589 -0.37235501
-0.08340489 -0.18256670 0.09013109
0.02677986 -0.10449781 -0.35522580
-0.12804054 -0.08075018 0.22156887
0.10625389 -0.02694985 -0.03274173
0.12763637 -0.12763542 0.07890109
-0.09262639 -0.06400104 -0.06676509
-0.13498454 -0.10374936 0.07377616
-0.13336553 -0.02716574 0.18793285
-0.13176842 -0.01587685 0.16620526
-0.12731963 -0.05308030 -0.16114388
-0.08215699 0.03035994 -0.04605999
0.06799541 -0.02750988 0.06360785
-0.05197357 0.00509825 -0.26923010
0.06842748 -0.04485883 0.21787408
-0.14890699 0.15094115 -0.16187814
-0.04380332 0.00687122 -0.12710503
-0.06411630 0.12695119 0.37527218
-0.14314589 0.10949309 0.24302754
0.05128973 -0.15916266 0.12438388
0.14296778 -0.19139256 -0.20501526
-0.11743987 0.19366010 0.14137267
0.07999535 -0.03634108 -0.09648277
0.14071301 -0.06534421 0.00578428
0.12667438 -0.04305457 -0.37092164
0.13098893 -0.07138257 0.11915784
0.00253002 -0.10945269 -0.33013076
-0.07209941 -0.09624907 -0.38016501
-0.12901938 -0.07823782 -0.00701652
-0.05253769 0.07616413 -0.37341282
-0.14103551 0.07916068 0.33844268
-0.06078636 -0.09984605 0.21081077
-0.12749735 -0.20173757 0.29999995
-0.01050425 -0.12125236 0.36397040
-0.13596806 -0.06371742 -0.05262260
-0.04675511 -0.21684797 -0.16491057
-0.15262760 0.20244491 0.33219436
-0.13711028 0.24821164 -0.07216352
-0.04436287 -0.18783383 0.36402354
-0.12098401 -0.12618272 0.21492857
-0.12209879 -0.06809506 -0.35199514
-0.05217068 -0.18035017 -0.13100256
-0.12975948 0.21850589 -0.09489006
-0.03723297 -0.13699560 -0.32743633
0.04686866 -0.01041562 -0.08140398
-0.08862719 0.17048819 -0.32745931
-0.04401147 -0.20434669 -0.29810151
-0.02405743 -0.12498936 -0.34827015
0.14550422 -0.13794443 -0.10618560
0.11153343 -0.02409044 0.13336535
-0.14690380 -0.19192752 -0.35106668
-0.03236743 -0.20048571 0.36600369
0.14533919 -0.00412743 0.35174999
0.12549199 -0.10282731 0.30363792
-0.13283274 0.16945367 -0.36144707
-0.11675464 -0.09095822 -0.11332486
-0.09605407 -0.13849691 0.01908045
-0.11821372 -0.10463952 -0.20945454
0.05024375 -0.03939012 0.13708968
-0.09665830 0.03428110 0.29749572
-0.13474138 0.24148159 -0.01248063
0.07456156 -0.08101879 -0.36169827
-0.14636274 0.24102478 -0.20850165
-0.11038116 -0.21825126 0.21129626
-0.11326646 -0.23077860 -0.00421953
0.13293204 0.06124692 -0.35294774
0.00439618 -0.09016021 -0.04416879
0.13178563 -0.17352238 0.27678096
-0.09787961 0.01869521 -0.32287630
-0.06715607 0.16497731 -0.37088281
0.04477159 0.00090483 -0.24633682
0.13381484 -0.10614903 -0.12685792
-0.06743916 -0.05444174 0.31980872
-0.07256431 0.06786246 -0.12273762
-0.14755769 0.23334050 -0.21599275
-0.13493727 0.25013393 0.30259639
-0.11486296 0.04955006 0.25004268
-0.12573370 -0.01237340 0.19859782
-0.04821454 -0.10874588 -0.27293721
-0.14076753 -0.09956414 -0.32940090
-0.06888440 -0.23011783 -0.27635428
0.06105480 -0.04564438 0.36138710
-0.07937487 -0.04876462 0.06343078
0.14695242 -0.06886067 0.29577559
-0.13486899 0.00780343 0.27746564
0.04859872 -0.04356322 0.00832602
-0.10462127 0.01821426 0.10554454
-0.05456708 -0.15289059 -0.30433911
0.14906877 -0.07950737 0.17210260
0.12336157 -0.20963541 0.25668588
-0.12962808 0.22309637 -0.15177241
-0.14031601 0.05015124 0.31567395
0.12407669 -0.13214616 -0.26338139
0.11922316 -0.18320104 -0.11839095
-0.08466109 -0.08139697 -0.29967543
-0.03312683 -0.03128279 -0.25003380
-0.07746536 0.01833415 0.27699548
0.10430793 -0.07588121 -0.31851095
-0.14235184 -0.16886169 -0.12701130
-0.13728556 0.08512296 -0.10696544
-0.04358689 -0.08942720 -0.34948829
-0.10700666 0.11077641 -0.36836204
0.10433166 -0.11197360 0.33565193
-0.12943652 -0.22276285 0.12324704
-0.12561415 -0.17577362 -0.30538177
-0.07101914 -0.02498863 0.11384149
-0.14543939 0.24356259 0.01306623
0.11549014 -0.12027031 -0.35332230
0.15065739 -0.08925899 -0.21150082
0.13188121 -0.08013988 -0.30024719
-0.08455431 -0.07552013 0.17251667
0.10027549 -0.21653846 -0.18130811
0.05260609 0.02470081 -0.37624609
-0.14056410 -0.20188652 0.34754360
-0.13479252 -0.03500557 -0.00875726
-0.12969786 0.00457215 0.34148452
0.01647062 0.01473867 -0.37439027
-0.08257405 -0.07561520 0.34773424
-0.09227540 -0.00684758 -0.33975112
0.14422596 -0.09995534 0.15264477
-0.08425656 0.04592906 0.10164322
-0.15149328 0.23094606 -0.35207647
-0.13528897 0.10602229 -0.03146446
-0.14758196 0.21910284 -0.20472437
0.05633244 -0.00677316 0.16776168
0.11177985 -0.04232094 -0.15138981
-0.15474474 0.24264786 0.14862065
-0.07318854 -0.08954891 -0.27982712
-0.04565047 -0.08128750 -0.34236214
-0.11479832 0.19603677 0.00570403
-0.13927484 -0.23208916 0.17812800
-0.09128695 0.04211600 -0.20120047
-0.11908866 0.05214325 0.36262512
-0.10839718 -0.11829641 0.04562207
0.10919551 -0.04517472 -0.12360977
0.04866746 -0.03170436 0.30237883
-0.13517235 -0.04129489 0.07692938
0.04674160 -0.16943586 -0.37255079
-0.04146028 -0.05867809 0.09433867
0.05631921 -0.16963394 -0.08679026
0.11310808 -0.22343785 -0.36643595
-0.09044314 -0.25954628 -0.35921651
-0.04210427 0.13313043 0.35135669
-0.08308282 0.03883856 -0.22420523
-0.13856307 0.08997007 -0.19190800
-0.09472182 0.07214921 0.01560123
0.12393603 0.00526268 -0.33001706
0.05517873 -0.07953958 -0.37352267
0.07588644 0.00453566 -0.05153247
0.05768588 -0.04599752 0.00545364
-0.00822723 -0.10327720 -0.17842001
-0.15741128 0.21964346 0.14633161
-0.06531486 -0.13883127 0.36901113
0.08632888 -0.12244964 0.37161434
-0.07468983 -0.02097747 0.20081422
-0.11006310 -0.05859871 -0.01951420
0.14417747 -0.06679571 0.37149554
-0.04116132 -0.02295089 0.01891109
0.09729516 -0.24246393 -0.31618053
0.07170783 -0.22162808 -0.08425011
-0.11771324 -0.14071782 -0.05469114
0.12399109 -0.11482649 -0.31916779
0.11623131 -0.23280896 -0.35700485
-0.11034045 0.13154584 0.07193931
-0.15586658 0.20946927 0.22901320
-0.05250990 -0.19024211 -0.01610026
-0.12642728 -0.13201120 -0.27687243
0.07554663 -0.20005344 -0.37260255
-0.13788489 -0.02038245 -0.35184079
0.06496476 -0.18575172 0.31104112
-0.02873725 -0.07697122 -0.20740950
0.10589223 -0.24398230 -0.35073483
-0.08462241 0.16904344 0.32412702
-0.13564292 0.07378828 0.02338792
-0.14111333 0.14446552 -0.05213517
0.04479979 -0.06176106 0.20201692
-0.10902124 0.05432380 -0.24185903
0.05372882 -0.12387499 0.16748928
-0.12036638 -0.06765217 -0.09908487
-0.11259270 0.16921344 -0.25810257
0.11697425 -0.15083231 0.19279516
-0.01374853 -0.15399301 -0.16790879
-0.11721537 -0.11061978 0.06923380
0.07639679 -0.05830809 0.36193576
-0.08109265 0.16545990 0.35681838
-0.12452306 -0.05421185 0.20972422
-0.08784427 0.12096644 -0.28844148
0.14613022 -0.25795454 -0.37045604
-0.14615230 0.15962867 0.14031379
-0.11440483 -0.09280084 0.04988375
-0.12636437 -0.10417680 -0.09499443
-0.07293793 -0.01686579 -0.33304384
-0.10586103 0.19593693 -0.09123867
-0.12785110 -0.14536391 0.00872727
0.10618658 -0.17949505 -0.20586896
0.13671082 -0.13895248 0.18855974
0.07261824 0.07209347 0.32788068
-0.06097151 -0.08939897 -0.15285739
-0.09321517 0.20269619 0.05362649
0.01422796 0.00980865 0.36888376
-0.14078447 0.09788470 0.19713163
-0.12310901 0.19580309 0.17998244
0.01153241 -0.06780156 0.27900702
0.13083476 -0.16732204 0.34291813
-0.13145074 -0.10412517 -0.36649770
-0.13194928 -0.05676781 -0.20659262
0.13881257 -0.06093601 0.19824129
-0.04859414 -0.21318528 -0.35450572
0.11064404 -0.03433561 -0.00844802
0.14252485 -0.01770800 -0.35540280
-0.14745742 0.16312176 0.22536446
0.00679116 -0.20140460 0.13194492
0.14424656 -0.08801962 -0.12828422
-0.10226578 0.19650030 0.03392677
-0.08749373 0.06888145 -0.00867267
-0.12526973 0.25104558 0.23847404
-0.13770625 0.06618357 -0.28291205
-0.09352431 -0.00619014 -0.30415472
-0.13645503 0.07652155 -0.06236595
-0.14093392 -0.07302491 -0.33740348
-0.11975629 0.15714017 0.35846242
-0.13794246 0.08724231 0.06235645
0.07018931 -0.09584958 0.36058450
0.06402759 -0.11382913 -0.29118589
0.13160172 0.00020313 -0.35419920
0.13830972 -0.17865804 -0.11497453
-0.12902811 -0.12912770 -0.17514668
-0.05326019 0.00939059 -0.11653344
-0.12593064 -0.13096078 0.00467539
-0.12640904 0.24719489 0.02420788
0.05452681 -0.18956704 0.13632682
-0.13817291 0.24749303 -0.19040906
-0.06890237 -0.08043402 0.34436065
-0.13520846 -0.05079355 -0.08821388
0.05974700 -0.18939787 0.09871139
0.14242995 -0.07104558 -0.32473853
-0.10290155 0.11226234 0.04311747
-0.06031374 0.00550453 -0.21480545
-0.12491875 0.22736536 0.04432976
-0.05494801 -0.13020003 -0.37708503
0.10711130 -0.04960046 -0.25821942
-0.13643886 0.05114903 0.21063766
0.14504854 -0.10490678 -0.06025014
-0.03351113 -0.02022886 -0.23696825
0.00940431 -0.12728262 -0.37698260
-0.12375344 0.22508116 -0.11732452
-0.06409732 -0.05455005 -0.13254406
-0.12727168 -0.23033161 0.25290549
-0.04715463 -0.21507983 -0.37639678
-0.06168995 -0.03851333 -0.25747469
-0.04360247 -0.21073201 -0.37996808
-0.13089736 0.05052967 -0.27500802
-0.09610534 0.19427289 0.26501048
-0.13772774 0.06623279 0.19106433
-0.12905180 -0.06481010 -0.08571095
0.11285209 -0.14999340 -0.31535661
0.07335287 -0.18274726 -0.35104519
0.08300469 -0.17246497 -0.12868918
-0.09137493 -0.10202450 -0.31158066
-0.05453034 -0.03166164 -0.36586317
-0.11118369 0.07115024 0.09665992
0.06845738 -0.03776531 0.27980763
0.04053354 -0.00020444 -0.33951381
-0.04828808 -0.22578418 -0.28333223
0.14165047 -0.18329233 -0.37033015
-0.13394041 0.24873178 0.26345053
-0.03799868 -0.17761913 -0.35275280
-0.03486329 -0.05334423 -0.36278716
0.03189252 -0.13177185 0.37076744
0.02471440 0.06298518 -0.37168148
0.14417087 -0.14680013 -0.32471478
0.14183347 -0.15951627 -0.37257913
-0.15032880 0.22289819 0.34653130
-0.10460383 0.15008399 0.20719963
-0.04870095 0.09641511 -0.35099927
-0.06708144 -0.02354959 -0.12577124
0.13120659 -0.19888893 -0.30454776
-0.13147381 -0.03545950 -0.16925548
0.01400884 -0.12265465 -0.35953835
-0.14945789 0.22120550 -0.01939526
0.14793551 -0.09363208 -0.01984800
-0.12801835 -0.05390296 -0.07706138
-0.09499623 0.07831863 0.28747332
0.10183792 -0.06300719 -0.09275669
-0.00254855 -0.12305655 -0.36220524
-0.13834341 -0.08113886 0.01142365
-0.02906026 -0.00472845 -0.25040507
-0.06237550 0.03626796 0.13941233
-0.02228554 -0.20896254 -0.37363911
0.09005065 -0.09139726 -0.10532983
-0.12682810 0.00417661 -0.23324245
-0.12397955 -0.22833042 -0.30185309
0.11548819 -0.18322036 -0.05389099
-0.04090010 -0.00212528 -0.31546491
-0.14239955 0.13062562 -0.26605660
-0.15362422 0.23371951 0.33453822
0.15017815 -0.04949320 -0.09633024
-0.06511603 -0.12469493 -0.37518436
-0.07039596 0.05484387 -0.10575215
-0.12749527 0.23220272 0.35778263
-0.12561069 -0.14468390 0.22482507
-0.10520554 -0.09821651 -0.32658026
0.10501949 -0.10111128 0.11684866
0.11538385 -0.11646046 -0.13197660
-0.01713365 -0.13729259 0.13646396
-0.09692182 0.15155190 0.02517061
0.01172508 0.08141540 -0.35508278
0.03785540 -0.10789303 0.05033678
0.05815639 -0.12132359 -0.24603069
0.12461157 -0.14920287 -0.29714322
-0.12885889 0.03525754 0.34562817
0.06188602 -0.23549207 -0.31530133
-0.15391268 0.21079145 -0.31699950
0.09396660 -0.05594993 0.09611747
-0.13374685 -0.14862630 -0.10524244
0.14718170 -0.09045096 0.34893569
0.14241926 -0.12778936 0.02934514
-0.13350354 0.03663287 -0.09841491
-0.14261653 0.13588825 -0.28645936
-0.12883464 0.24978550 0.01075226
-0.13607650 0.06317879 -0.32179928
-0.05251494 -0.21057042 0.35584947
-0.07367349 0.04438120 0.34303361
0.13861080 -0.10210951 0.30335110
-0.12654895 -0.07892263 0.15728617
0.14509869 -0.12006207 -0.27022445
-0.13687201 0.00854211 0.13866822
-0.07829078 -0.08812758 -0.34411064
0.12153859 -0.20765026 0.31268546
-0.09277099 0.03930523 -0.08566898
-0.12653255 0.23289052 0.02717433
-0.11492863 0.22372146 -0.17977270
0.12170610 0.00101628 0.38068151
0.01585524 -0.18385848 -0.28584749
-0.06845129 -0.10615000 0.31495273
0.05452370 -0.02780116 0.03203249
-0.12697013 -0.21831577 0.09028158
0.06686474 -0.03771320 0.01768504
-0.11899194 0.23215668 0.31322777
0.13402686 -0.06551957 -0.34602067
0.13291480 -0.24740675 0.34792620
-0.13395929 -0.06435877 -0.08756527
-0.09517411 0.08060417 0.23684080
0.06138325 -0.15896854 0.33603856
-0.11721901 0.17596510 0.21420813
-0.09613212 0.04812668 -0.20290466
0.12160168 0.00449410 -0.35725665
-0.00572773 -0.11312023 0.37657139
-0.11726467 0.21768025 -0.13203433
-0.10483608 0.15421009 -0.14147280
-0.10067187 -0.01834149 0.18889834
-0.13385278 -0.05421736 -0.29528263
-0.10069508 0.03937602 0.33771527
0.06321058 -0.13539971 0.13758561
-0.08873112 0.09579367 -0.11714859
-0.08506934 -0.01337373 0.03165646
-0.12129113 -0.10689395 -0.20120187
-0.09795728 -0.13165365 -0.37511852
-0.13467193 -0.00486299 0.30067843
-0.10792517 -0.23150928 0.14902377
0.14872345 -0.05460782 0.37319741
-0.13291577 -0.05875666 -0.33670908
-0.14519542 0.23982488 0.18760103
-0.03371387 -0.19074869 -0.06434163
-0.11210062 -0.10941108 -0.30464834
-0.10706332 -0.11784737 0.15402490
-0.08545800 -0.21842629 -0.19106050
-0.09241227 0.07054427 -0.00510404
-0.10246708 0.08089596 -0.25211859
0.11471070 -0.11389978 0.18326990
-0.03884421 -0.08662129 -0.10849196
-0.09439675 0.19418439 -0.16626988
-0.14077944 -0.22115122 0.11481442
-0.00203285 -0.12827234 -0.27910221
0.06167009 -0.00993326 -0.37137604
0.13909853 -0.14687744 0.07907854
-0.07674613 -0.07317423 0.37424046
0.08369625 -0.06807291 0.37684837
-0.13503841 0.24405374 0.15920790
-0.11550058 -0.10907388 -0.33453488
-0.10489217 0.07642882 -0.02305695
-0.09661210 0.10822564 0.29923987
0.08733721 -0.02082576 -0.32928237
0.14063486 -0.18431158 0.33669305
-0.13981976 0.06692304 0.32583949
0.13942298 -0.21844010 0.37742093
-0.12938662 -0.21895838 -0.30837011
-0.15127470 0.18208122 0.30270934
0.10285322 -0.08434284 -0.11948481
-0.13410591 -0.19761895 0.35139781
-0.12916705 0.03156155 0.16428070
0.14435112 -0.16914283 -0.31496850
-0.11009938 0.15172002 0.02559700
-0.09016827 -0.01307039 -0.31284633
-0.13262397 -0.04680550 -0.17380542
0.12501235 -0.03328230 0.15286240
-0.10046962 -0.04100544 0.26108935
0.15219001 -0.06852126 0.32013881
-0.13579798 -0.19707610 0.28502291
-0.14857215 0.22712916 0.25468197
-0.08697704 0.02912669 0.08167452
-0.14736652 0.24540864 0.33982939
-0.14628461 -0.10591824 -0.36032906
0.14673193 -0.00999152 -0.23140329
-0.12268492 0.22280401 0.25598896
-0.13481934 -0.09919249 -0.35302192
0.14373422 -0.07583935 0.07505123
0.01686729 -0.23054844 0.35819313
0.09570889 -0.19566374 0.37175280
0.11059767 0.05884200 0.32729819
-0.11352056 -0.09515450 0.00401600
-0.10767099 -0.12375425 0.13938591
0.09814911 0.09123497 -0.35454416
0.11724641 -0.21886617 0.15981819
-0.00342277 -0.01456258 0.01546903
-0.13455795 0.02745842 0.15495192
0.04916879 -0.07977622 0.26250440
-0.09912573 -0.21533208 0.08718397
-0.00653661 0.00385413 -0.06971215
-0.08777772 -0.19061658 -0.12250139
-0.09437142 0.13913570 -0.04276150
0.09283645 -0.09321516 0.23085544
0.01607019 -0.15137923 0.19853795
-0.11637708 -0.25937766 -0.36080572
0.11429048 -0.17294918 0.35462385
0.11490376 -0.23081188 0.37062341
-0.12302316 0.14494920 -0.36494061
0.13819169 -0.25460359 -0.37127605
-0.05860456 -0.12100103 -0.33586377
0.05922674 -0.12084837 -0.14586574
-0.00527985 -0.00921977 0.24519722
-0.12367672 -0.04124469 -0.11304952
-0.02588679 -0.08128539 -0.00710180
-0.13466413 -0.01808829 0.19736104
0.01954222 -0.01456272 -0.36507747
0.08908714 -0.09202673 0.21435213
-0.12448697 -0.13859178 0.03736858
0.11022614 -0.22352281 -0.36615306
0.14645453 -0.13324097 0.22912879
-0.13623492 0.24056484 -0.18003814
-0.14319244 0.21884319 -0.05620009
-0.13649304 0.02764234 0.04292298
-0.12831606 -0.04392320 -0.30557939
-0.11225028 -0.09973677 0.08359313
-0.11011657 0.19181296 0.33692905
-0.13364096 -0.03967752 -0.23770890
-0.10861015 -0.07979622 0.35737512
0.14232627 -0.10630677 0.21638580
0.01793648 -0.11519589 -0.33275375
0.14720702 -0.04011028 0.24902384
-0.11258187 -0.12304047 0.31806180
-0.09395245 0.02943426 0.04123223
-0.04857575 -0.06492500 -0.01961638
-0.05098409 -0.01820594 0.37035123
-0.11531808 -0.04521845 0.21518376
-0.01424228 -0.11711875 0.34626049
-0.07722835 -0.14675413 -0.30457634
-0.11309712 0.05595334 -0.27353224
0.10913973 -0.08125517 -0.33641693
-0.13428704 -0.14083701 -0.06535646
-0.05698740 -0.03056328 0.19293800
-0.05209470 -0.19477664 0.07366149
-0.07317525 -0.15310942 0.15730751
0.03702266 -0.04147153 0.03277775
-0.00474071 -0.04641154 0.14232777
-0.09097701 -0.00565293 0.09329005
0.04132716 -0.00042017 0.37737086
-0.09512950 -0.09569181 0.11435597
-0.08928593 0.03475038 -0.20501603
-0.12399165 -0.08455035 -0.19467661
-0.13072744 -0.16771582 0.35015339
-0.14058095 0.03302278 0.09250458
-0.09659756 0.10012533 0.06939518
-0.11260495 0.03844428 0.37269634
-0.13661566 -0.01840706 0.27145693
-0.11181001 0.22238213 0.30073115
-0.00029218 -0.03065475 0.00958367
-0.10576116 -0.10742612 -0.11794540
0.11545894 -0.16662937 -0.31221688
-0.09316052 0.07426149 0.14543197
-0.14729068 0.12992835 0.24451007
-0.03623101 -0.22548150 -0.30241385
0.14462355 -0.16048360 0.12583898
-0.11234714 0.19845106 -0.34222391
0.11542219 -0.13445953 -0.37348437
0.14724122 -0.03863211 -0.07285845
0.12781714 -0.14315924 0.08820920
0.14225906 -0.13837637 0.14276552
0.01757401 -0.03422549 0.29047620
-0.07005411 -0.14656706 -0.33813444
0.00901291 -0.04716679 -0.32827729
0.14222227 -0.11080575 0.35825700
-0.10560989 -0.26191583 -0.35652915
-0.04886700 -0.19692782 0.12386784
-0.05689731 -0.02140843 -0.09328577
-0.07365029 -0.02181900 0.09904222
-0.12352139 -0.08909047 0.21847032
-0.12205370 0.04314306 0.33120292
-0.07363195 0.11547573 0.30411637
-0.15172182 0.23411904 0.20050721
0.01297087 -0.12046470 -0.05178726
-0.12586980 -0.12345682 0.28955850
0.09921244 -0.18689236 0.38034469
-0.02382017 0.01293791 -0.37341052
-0.13920653 0.09676624 -0.16612925
-0.14136045 0.08175394 -0.35918811
0.09277500 -0.01205860 -0.25263137
-0.11858554 0.01352788 -0.15525207
-0.11654531 -0.02053456 -0.11248516
0.11612664 -0.11234264 0.20732459
-0.13257417 -0.12919259 0.21457484
0.07472195 -0.06675911 -0.12427130
-0.10891355 0.19684520 -0.19787304
-0.10548799 0.14892583 -0.02709507
-0.01118533 -0.03735913 0.09699081
-0.08877056 -0.23453620 -0.36522463
0.02403893 -0.10107036 0.37291354
-0.08977187 -0.05525967 -0.36600584
0.04457477 -0.00693123 -0.33699876
0.02647853 -0.08170830 -0.08728012
0.04947990 -0.03547672 -0.27293715
-0.09951086 0.07889342 -0.19398706
-0.08976399 -0.00617396 0.00254880
-0.04247522 -0.02895138 -0.28427094
-0.03408093 -0.18405193 -0.34738940
-0.06304199 -0.05421783 -0.36380225
-0.13959455 -0.18714885 -0.27976742
-0.12937608 -0.09795684 0.30707324
-0.09006428 -0.02148464 -0.01965528
-0.11426668 -0.20697694 -0.03416644
-0.12154993 -0.12543122 -0.35344315
-0.06095771 -0.05874923 0.18839516
0.10359499 -0.02974228 -0.22697267
-0.14072937 0.10873538 -0.21392915
0.10360336 -0.25786927 -0.35710314
-0.15144251 0.19259410 0.28939006
0.11075254 -0.07481402 -0.28759062
-0.13476285 0.21773487 -0.34814996
-0.08458590 0.00108172 0.15942656
0.09664391 -0.18504211 0.15334435
-0.11152995 -0.00677197 -0.29232842
-0.12584785 0.13122314 -0.33310598
0.13927764 -0.04197046 -0.11217719
-0.00317342 0.05857578 -0.37482026
-0.08290423 0.05892192 -0.22539754
-0.07432950 0.09946623 -0.33999890
-0.06172837 -0.10725113 -0.34490180
-0.03295573 -0.06378716 0.27602074
-0.06511939 -0.18016258 0.37532333
-0.09785496 0.10555153 -0.11718409
-0.07914996 -0.00655108 0.06621484
-0.07996358 -0.03323756 -0.32154441
-0.05143774 -0.17249492 0.10075972
0.04632588 -0.04244917 -0.11758755
-0.13566686 -0.09916361 -0.04197086
-0.13484286 -0.02454850 -0.11145198
-0.06911580 0.00119922 -0.18974271
0.10798115 -0.03948672 0.32263857
-0.10874905 -0.18121637 0.15680014
0.05720416 -0.09694815 0.27620584
0.11546567 -0.07129287 0.16448128
-0.14656168 0.16964014 -0.26433632
-0.02564077 -0.20420645 -0.22075549
-0.15115640 0.20368582 -0.02624453
-0.09335943 -0.06484929 -0.15919074
0.06759097 -0.16897459 0.17608881
0.06052962 -0.02344364 0.28876108
-0.00321104 -0.00349389 -0.34491885
0.10379032 -0.23978943 -0.35573384
-0.13132596 0.04210650 -0.33883238
-0.02871549 -0.04570923 -0.33025569
0.13683707 -0.13614769 0.13453910
-0.01609125 -0.19068399 0.31381011
-0.00209206 0.00640477 0.19009970
0.06107747 -0.16895233 -0.13080317
-0.09121493 0.07908796 0.25617808
0.10867567 -0.00976299 -0.13179693
-0.13414113 -0.04033875 0.07318942
-0.11183259 0.17589441 -0.20061308
-0.13508932 -0.22775565 0.14084429
0.05217429 -0.03419334 -0.23508509
0.09495509 -0.03941230 -0.10711823
0.03675117 0.00014950 0.11823253
0.01170116 0.01816568 -0.32512182
0.05006845 -0.03978118 -0.12871332
-0.10618398 -0.21186560 0.22226068
-0.00497408 -0.09390510 0.18868452
-0.14221914 0.13915853 -0.16263060
-0.09648063 0.09257613 0.13930264
0.12668595 -0.18064007 -0.31500936
-0.15008567 0.23909698 -0.09681602
0.13443498 0.01983863 -0.32906705
0.07751188 -0.24278592 -0.31449103
0.12006526 0.00720652 -0.34732252
0.08963826 -0.11501096 0.00732867
-0.13377127 0.01718091 0.36130923
-0.13806023 0.07450870 0.30122772
0.10665254 -0.06287823 -0.16426592
-0.12529829 -0.23185591 0.27676833
-0.13039985 -0.20987642 0.10149383
-0.12127204 -0.25174290 -0.33566859
-0.11133254 -0.15985845 -0.37361169
-0.13048680 0.24496882 -0.18011257
0.08640140 0.01862945 0.37089154
-0.13958640 0.04911468 -0.29949462
-0.08121135 -0.11631621 -0.37886715
0.14459476 -0.15634628 0.10252800
-0.12643097 -0.09503695 -0.04261341
-0.04976892 -0.04166459 0.30778375
-0.14613305 0.14903902 -0.25545147
-0.15017317 -0.26072994 0.35709262
-0.03586785 -0.01088269 0.37218443
0.06974321 -0.14853467 -0.10463524
-0.11036469 0.05413197 -0.37482002
0.09414658 -0.16437787 -0.25560448
0.05209759 -0.04013785 0.15384398
-0.10134322 0.06137832 0.12520595
0.12385034 -0.08541077 -0.07571872
0.05222619 -0.22093937 0.03454929
0.11296465 -0.19865102 0.37198511
-0.13766703 0.24496742 -0.13065368
-0.05935600 0.01736597 -0.03375684
-0.09217560 -0.07783747 0.23616260
0.00025966 -0.12580591 -0.37260446
0.11667050 -0.08552881 -0.36257106
0.12539178 -0.20401858 -0.38004693
0.14599511 -0.14261569 0.11269053
-0.09423774 0.20346685 0.09538066
0.10007524 -0.05082530 -0.05423919
0.03529218 -0.03506951 0.08289370
-0.11630274 0.00904240 -0.35671598
0.07689634 -0.08644570 0.18589488
0.14471890 -0.18699412 -0.23920518
-0.01182920 -0.16582593 0.27795300
-0.00168473 -0.06580985 0.36567873
0.14815095 -0.09330542 -0.32262972
-0.14965616 0.18779629 -0.32056087
0.00194053 -0.00903523 -0.11151027
-0.13700846 0.02558127 -0.00488645
-0.08039927 -0.11238713 -0.30022842
-0.11657892 -0.06284384 0.32987463
0.07728983 -0.21470210 -0.35842887
-0.08815636 0.10921572 -0.36646184
-0.13283089 -0.08223424 0.13694076
0.13096581 -0.13265535 0.20128262
-0.10880694 0.01850118 0.15605719
-0.13311644 0.03590580 0.20539615
0.06341143 -0.21421666 -0.28955632
-0.05684217 -0.07876440 -0.36584750
0.14037828 -0.24534100 -0.33677173
0.04455505 -0.10330144 0.22119725
0.11231431 -0.21005262 0.12720263
-0.04330071 0.11189683 -0.34338042
-0.05499917 -0.11864685 -0.05733535
-0.07015486 0.11869734 -0.34252796
-0.11025625 0.21765241 0.36577252
-0.10186727 -0.12403394 0.09545385
0.09353962 -0.09575187 -0.06285746
0.04765187 0.00024286 0.33354592
-0.09771545 -0.04202502 -0.21254697
0.14775519 -0.07984232 -0.10146508
-0.13964960 0.12232288 -0.31576455
-0.12267440 -0.10766535 -0.20592368
0.12601219 -0.22092852 0.33307606
-0.00307880 0.06562440 -0.37377846
-0.13445815 0.13903238 0.35970953
-0.01403053 -0.09463353 -0.09370314
0.05339910 -0.02146090 -0.32667851
-0.03843535 -0.23090395 -0.33215165
-0.03860887 -0.09698184 -0.36994612
-0.11780956 -0.05418401 0.36442998
0.15195888 -0.18135862 -0.36394462
-0.08522525 -0.02008939 -0.13008788
0.02374393 -0.05621457 -0.16971676
-0.12509112 -0.08900151 -0.32805273
0.12213159 -0.09874953 -0.04996589
0.13541117 -0.12258883 0.03296195
0.02085842 -0.02934034 0.37184480
-0.09503409 -0.03742323 -0.27100083
-0.11342854 -0.10705253 -0.36864349
0.11832677 -0.21065895 -0.21717387
-0.01253194 -0.21715961 0.31873921
0.07620674 -0.15487628 0.14315127
-0.10283276 0.03041208 0.10751296
0.04728207 -0.03956192 -0.06773028
0.02835369 -0.14121787 0.22473760
-0.07990891 -0.06084523 -0.02292576
-0.13567919 -0.18560864 0.31006542
0.07369232 -0.14987451 0.37302482
-0.12866400 -0.03466113 0.14718565
-0.11472198 0.09588446 0.34020865
-0.11173156 -0.22228912 -0.16477673
0.01450054 -0.03335432 -0.30492970
0.05375039 -0.07658556 0.11245042
-0.15053605 0.20264614 0.35547322
0.13348162 -0.01731150 -0.14236695
0.01463430 -0.13136950 0.37580597
0.13932389 -0.14302123 0.24956174
-0.09741277 -0.16619851 -0.02269783
-0.09119446 0.06118983 0.35464165
-0.06149220 -0.10754400 0.26554519
-0.07375984 -0.00529426 0.35807130
-0.01621038 -0.02236158 -0.01477893
-0.13603880 0.01305200 0.34398270
0.03064739 -0.21284126 0.04465819
-0.08362523 -0.01398901 0.21362428
-0.09483521 0.00601644 -0.05311508
0.08423164 -0.01686767 -0.05268830
-0.13361037 -0.11745895 0.20975438
0.13228048 0.06370762 0.37343669
-0.04397436 -0.11935142 0.36038384
0.14312030 -0.25239202 -0.35675588
-0.11336298 -0.01980593 0.36696443
-0.13258086 -0.04238616 -0.21470602
0.11991569 -0.11978757 0.07084689
0.05166392 -0.05660551 -0.15786904
-0.05300546 -0.11474792 -0.03796944
-0.13161740 -0.04399180 -0.09875498
-0.12756594 -0.04502383 0.01607780
-0.01825416 -0.03595522 0.34645069
0.04208253 -0.15197481 0.33915374
-0.11290735 0.13148804 -0.07881477
-0.08136962 -0.15025048 0.10782552
-0.10486236 -0.00955343 0.03103014
-0.11349090 0.13867253 -0.16652539
-0.13980828 0.08825307 0.17309533
-0.08880971 -0.17558746 0.15328780
-0.09099810 -0.06542692 0.13526513
-0.01420021 -0.07667615 -0.17659639
-0.02204442 -0.08994325 -0.01669224
-0.08717956 0.15982985 0.04084113
-0.10184596 0.22220780 -0.04910261
-0.00553226 0.01021394 -0.36827073
-0.14982118 0.20640917 0.04447093
0.03514074 -0.21377021 -0.29467002
-0.14090425 0.10623801 -0.23091106
-0.13557045 0.02272843 0.13951260
-0.13365288 -0.05198453 -0.25654137
0.06595597 -0.08733214 0.24091028
-0.05602974 -0.04573082 0.32627627
0.08381034 -0.03479020 0.36324844
-0.13315332 -0.00080527 0.05248345
-0.10642690 0.12617767 0.07731720
0.03121721 -0.09233795 -0.15683316
-0.14159919 0.09882641 -0.28013140
-0.13656542 0.07403488 0.03517247
-0.08658852 -0.22129805 0.19472247
0.15143105 -0.07997384 0.33091658
-0.08765856 0.07901259 0.34686628
0.04989489 -0.03809273 0.00532701
0.02071937 -0.01560324 0.24295305
-0.11263923 0.18018304 0.36415917
-0.14279899 0.08835926 0.19275533
-0.09541879 -0.08131985 -0.00582171
0.06925495 -0.01042891 0.01115100
-0.11340118 -0.11921439 -0.33654749
-0.10184192 0.13606335 0.14153790
0.07421504 -0.03087195 -0.14687385
-0.01497876 -0.01069368 0.21423766
0.14619146 -0.02798847 0.00774598
-0.13870731 0.25169766 0.03229436
-0.12620603 -0.17302516 -0.36574286
-0.03236056 -0.06206162 -0.04009525
-0.12134015 0.24383794 0.20578611
0.10668336 -0.10104561 -0.18033476
-0.13711104 0.12461424 -0.02754454
-0.03878421 0.01159036 -0.33152664
-0.09932915 0.18822065 0.04943815
0.09180135 0.00139564 -0.35824758
-0.03464353 -0.08985697 -0.07576406
0.05867536 -0.04849316 0.29418319
-0.11779033 0.22887269 0.25923303
-0.09190275 0.16548540 -0.27431557
0.01553179 -0.01376125 0.03229204
0.10447720 -0.09481481 -0.36733159
-0.08790503 -0.04390351 -0.33588040
-0.14283676 0.09163497 -0.09173711
-0.12782313 0.24705900 0.20962794
0.03956990 -0.25206459 -0.36466268
-0.12333004 0.23475331 -0.18207650
-0.10286168 0.06184366 0.12522464
-0.08565972 -0.06476438 -0.07023606
-0.14588311 0.14669946 0.25374329
-0.13292411 0.04841200 0.03187460
0.06246113 -0.09448434 -0.09474381
0.07046667 -0.02387630 0.24483702
-0.11556468 0.18264885 0.08158141
-0.08614434 -0.13156609 0.35729846
-0.05077981 -0.03681463 -0.11674058
0.06189683 -0.14609468 -0.36608449
-0.10843131 0.21099973 0.06772511
0.03897285 -0.13176113 0.33790639
-0.10053723 0.02506237 0.37204322
0.10231555 -0.03178710 -0.29150680
-0.09636729 0.14883308 -0.20785426
-0.08527276 0.06120444 -0.19579275
0.03690439 -0.19031119 0.18845694
0.09983881 -0.05174894 -0.17486684
-0.05922994 -0.03754185 0.12050175
-0.12242041 -0.22805524 0.32177228
0.02983765 0.01003348 0.36323619
-0.03904923 -0.07430371 -0.37132856
0.13427848 -0.07155450 -0.32271942
-0.13988049 0.04124492 0.01635998
0.06624780 -0.18405029 0.00407883
0.10416468 -0.20265912 0.38024458
-0.08718938 0.08797777 0.00579452
0.01229803 -0.09567745 0.32378307
-0.08562104 -0.05121917 0.00123847
0.02451267 -0.17821698 0.37781668
-0.09495788 0.02103110 -0.11194998
-0.10368107 -0.01026754 -0.12831879
0.01011422 -0.04539288 0.33078876
0.15027374 -0.08868794 -0.35167688
-0.12641713 -0.07318081 -0.29195109
-0.12578911 0.25228524 -0.04313855
-0.07638520 -0.02552852 0.20082885
-0.12894811 -0.01452239 -0.13315330
0.09362993 -0.16770090 -0.08287125
-0.10301752 0.21565649 0.25774798
-0.01520292 -0.12784989 0.17352982
0.14527397 -0.24370767 -0.36265594
0.09189182 -0.02898606 -0.16924638
-0.03072994 -0.17255823 -0.09659025
-0.12104186 -0.08680372 0.20607023
-0.13256036 0.23647568 0.12209230
0.10068928 -0.04054238 -0.11392017
-0.14041309 0.22644238 -0.28107834
0.14171097 -0.14969929 -0.08002575
-0.13801627 0.09287040 -0.02239460
-0.01750550 0.05903878 -0.34819409
-0.10254419 0.02410778 -0.02864618
0.11078717 0.00182691 -0.37455511
-0.14778832 0.13991147 -0.12187958
-0.08490603 -0.03315517 0.17773029
-0.02772559 -0.00839684 -0.26675129
-0.13545629 0.03363424 -0.28516814
-0.13338450 0.24072137 -0.07448044
0.13281880 -0.18797855 0.34821951
-0.07327310 -0.02825929 0.16468897
-0.11436635 -0.21938959 -0.35464022
0.03586980 -0.03980989 0.06996220
-0.10968219 0.23158196 -0.01543362
