0.06195303 0.02462078 0.00285599
-0.15341753 -0.05744568 -0.37533319
0.11539470 -0.01121488 -0.17267597
-0.12728225 0.20140533 -0.12254129
0.07322882 -0.02019239 0.32658163
0.12028727 -0.10193250 0.38020679
0.16262370 0.04306535 0.18442415
0.16827628 -0.11910249 -0.24597329
-0.11830997 0.03733860 -0.31040254
0.04057132 0.06130983 -0.34616560
-0.13400134 0.05490616 -0.40891945
-0.16443732 0.21420100 0.23942873
-0.12452818 -0.11571717 -0.12284692
-0.12936543 -0.08296339 -0.40341642
-0.17260133 0.00436521 0.36565432
0.10755607 -0.10849884 0.06271703
-0.12188374 0.03605967 -0.03752261
0.08139181 0.12825581 0.39909467
0.15685844 -0.06480163 0.00976162
0.12070559 -0.02207734 -0.16268332
0.17041819 -0.09535296 0.00222175
-0.16915210 -0.02126282 -0.15267943
-0.16887762 0.14288196 -0.26911861
-0.16598101 -0.03860228 -0.34519336
0.15651128 -0.12637107 -0.29778746
0.03046155 -0.11004725 0.33164001
0.12945567 -0.08366938 -0.37313512
-0.17138013 0.11939783 -0.10242321
-0.16786455 0.02188269 -0.06395400
-0.11257856 0.20861639 0.20918912
-0.16244635 -0.09542198 -0.37402147
0.08442640 -0.10568887 -0.40525928
0.15505630 -0.15639280 0.38921183
-0.16749471 0.13301265 -0.14366321
-0.12070870 0.20951194 -0.22668983
0.01264816 0.03906704 0.05921002
-0.11550815 0.03919812 -0.40532768
-0.13759798 -0.00063444 -0.23767239
0.02773998 -0.01758975 -0.40115449
0.12270635 -0.12037851 -0.39662623
0.03238228 -0.12013497 0.34160286
0.02797900 -0.02603936 -0.25618738
-0.16918661 0.07246920 0.06027862
-0.10771899 -0.11398539 0.28869361
-0.16282406 0.01539122 -0.13477087
0.01592324 0.08286561 -0.36369851
-0.13107900 0.09759918 -0.03089859
-0.13121855 0.21116987 -0.11328603
-0.15422338 0.20571488 0.30299631
0.05326200 0.00408791 0.34412640
0.17092459 -0.09642562 -0.15409391
0.09032908 -0.13092370 -0.23762897
0.15140702 -0.04630499 0.04650408
-0.11295739 -0.00818890 -0.40425554
-0.13219155 -0.08962764 0.29055408
-0.03509564 0.14915526 0.16614318
-0.13748227 -0.11580497 0.13706934
0.03714697 0.07475214 0.17672981
-0.06101666 0.00166970 0.38160396
0.16088903 0.03771041 0.20972367
0.07754254 -0.11605866 0.25525436
-0.03114219 0.07548722 -0.19235538
0.10595135 -0.12043317 -0.16844413
-0.16843744 0.08038622 -0.21106355
-0.09489854 0.12924096 -0.13930425
0.05786902 0.04793457 -0.14581415
-0.17475469 0.14162399 0.35727796
0.11652587 -0.06567629 0.21369973
0.07903980 -0.00273297 -0.38526496
-0.16818006 0.08379725 -0.18726164
-0.09357045 0.20609508 0.10466233
0.06839510 -0.11623703 0.17292176
0.16808893 -0.06965581 0.04698078
0.08375317 0.06835599 -0.18156034
-0.13090746 0.16009316 -0.40556592
-0.03780045 -0.11341650 -0.01093406
-0.08552995 0.17505400 0.27732089
0.11975220 -0.11554144 -0.27096358
-0.13673946 0.02625158 0.02454847
-0.16942000 0.15058643 -0.29259622
-0.10237283 0.04589120 -0.25749677
0.03270767 0.17246914 -0.36809796
0.09708513 0.03763559 0.21444200
0.03334409 0.04574589 0.34715453
0.13622686 -0.06867926 -0.06285033
-0.08441489 -0.11440287 0.31711170
-0.01500897 0.08402558 -0.23551518
0.03070874 -0.04790222 -0.17718923
0.16742139 0.00297206 0.32783398
-0.17612320 -0.03696006 0.35823655
-0.16806452 -0.11651876 0.01313428
0.00851035 0.01300983 0.14633982
-0.16731229 -0.05714631 0.30167505
-0.16457644 -0.00012951 0.27761397
-0.16661480 -0.04863323 0.01807857
0.10557023 0.06032983 0.36216405
-0.00365588 0.01109121 -0.01619301
0.08564886 -0.11873064 -0.32928792
-0.09815653 -0.14345644 0.39528984
-0.16028206 -0.09680310 0.39138621
-0.09060283 0.18314745 -0.15030976
-0.08201198 0.08057956 0.26278529
-0.16550216 -0.12893187 -0.23609017
0.17197005 -0.04080959 -0.21408132
0.13358821 -0.11791710 0.14267562
-0.17066230 0.02380812 0.30218843
0.17163697 -0.02919112 -0.23043351
-0.15862471 0.20952724 -0.24928248
-0.05457985 0.03193581 0.13911334
-0.09166097 0.18434440 0.29355997
0.04111736 0.03482735 0.08856782
0.13044059 0.00650160 0.07753707
-0.08872231 -0.11701300 -0.10993820
-0.09366674 0.15877087 -0.33230621
0.08341882 0.05684146 -0.36959943
-0.17266181 0.15057659 -0.17978141
-0.12193362 0.21383095 0.07096294
-0.11308616 0.00347980 -0.23202755
0.16369143 0.01406132 -0.24153008
0.07856212 0.01293159 0.18889108
0.11602147 -0.01862293 -0.26891088
-0.12695152 0.17136738 -0.28633296
0.07936116 -0.11178456 -0.08499178
-0.16548143 0.07993892 -0.05102113
-0.05456241 -0.07646514 0.14433476
0.16478990 -0.03945518 -0.39870438
-0.02047130 -0.04454650 -0.19036503
-0.14638728 -0.12253498 -0.24585775
-0.08255874 0.16708793 0.11566575
0.16449110 0.04170897 -0.07677887
0.12810649 -0.04199930 0.40438846
0.09882750 -0.09267057 -0.32789394
0.00491731 -0.10950187 -0.01342586
0.13167804 -0.11011917 0.24699725
-0.17200315 0.12187774 0.07810307
0.11245041 -0.11362701 0.24053326
-0.11868849 0.16508591 -0.03507990
-0.14409019 0.11669517 -0.39734909
-0.17702103 0.18429577 0.03499263
-0.16975224 0.18863322 -0.14932223
0.05481575 0.06465210 0.08168953
0.14678979 -0.06078868 0.35542101
-0.14410159 -0.07003962 0.05914640
-0.13355321 -0.05474158 -0.40740001
-0.16414188 -0.02837966 -0.00971661
-0.13631684 0.20620175 0.19865805
-0.03774669 -0.11256099 0.03177468
0.09669542 0.13650262 -0.35149810
0.01759341 0.07852909 -0.21728034
-0.12164452 -0.06998689 -0.40317175
-0.16913210 0.20276885 0.12410030
-0.12429167 0.00225854 0.40763441
-0.15445514 0.07380301 -0.40808320
0.16145290 -0.11732534 0.39274189
0.07891581 0.08198147 0.34360263
0.06958158 -0.11437421 -0.31116074
0.16162521 -0.09235713 0.40128917
0.08677884 0.00420832 0.16895978
-0.04750674 -0.01706284 -0.06501381
0.05104124 0.05499706 -0.38479686
-0.16288713 0.21434729 -0.30030006
0.13724217 -0.07120201 -0.21718925
-0.12775813 -0.05594071 0.00351365
0.07503369 -0.10884616 -0.09861228
-0.11005685 0.19442734 -0.18765533
0.11202887 -0.11872580 -0.24913834
0.04583484 -0.05534550 -0.40705404
-0.16046545 0.21287131 -0.18960588
-0.11615061 0.20750485 -0.02355312
0.16966365 -0.06595892 -0.25086147
-0.10627744 0.12375198 0.07904617
0.12099940 0.06081290 0.15464760
0.04170584 0.06670184 -0.18263876
0.07674855 -0.02916706 -0.02460438
-0.13598469 -0.11806573 0.27974895
0.16137515 -0.08578178 -0.10567135
0.15075798 0.08267723 -0.22000249
-0.09173221 -0.01764475 0.32747081
-0.04856458 0.11978190 0.04679381
-0.17518148 0.18964392 -0.31056535
0.16988929 -0.04980951 0.21956803
0.15262675 0.05288743 -0.15890303
-0.11234717 0.21056859 0.01871470
-0.16474889 -0.11411533 -0.26393905
0.00367198 -0.10923922 -0.10579428
-0.16727357 -0.03558057 -0.15985031
0.01655688 -0.10680288 0.25661188
-0.15194122 -0.11837697 -0.07138585
-0.17308526 0.20168602 -0.31097391
-0.10053390 0.02460151 0.37934557
-0.01509936 -0.11492731 0.09854054
-0.02119399 -0.05701073 -0.40801427
0.16338699 -0.10674076 0.22677578
-0.16687164 0.10612768 0.27444884
-0.02171062 -0.11117663 0.18588822
-0.13710843 0.01768243 -0.36339104
0.16705593 -0.01438186 0.24894121
0.08635798 -0.12377601 0.36686063
-0.06115441 0.09625806 0.40772897
-0.17639039 0.17193691 -0.31318617
0.12439941 0.04851877 -0.12840655
-0.16423017 -0.02948151 -0.24259381
0.17057382 -0.13570775 -0.38896471
-0.16999651 0.09808214 0.03126541
-0.14222760 0.03773306 -0.04568496
-0.05895872 0.17902212 -0.41195363
-0.14570974 0.21842083 -0.12988411
0.03720777 0.08781875 0.37301067
0.05693042 0.02492127 -0.06361482
-0.08002772 0.14942020 -0.07009166
-0.15680227 -0.03608915 0.17106307
-0.16871506 0.09446628 -0.41008687
-0.11880834 0.13625443 0.18794341
-0.14246276 -0.11104534 0.08399886
0.14587137 0.04426080 -0.24983999
0.15161337 0.02159312 0.38697585
-0.15425409 -0.15020820 0.39355686
0.04188569 0.07913262 0.40660575
0.07678031 0.01484269 -0.03695456
0.10978152 0.03643636 -0.32113701
-0.16551006 0.09461038 -0.13085184
-0.08452885 0.18548538 0.35770705
-0.17326605 0.20414984 -0.06961042
-0.16733359 0.09264094 0.23137905
-0.15782440 -0.03128105 -0.31445667
0.05157828 -0.04469196 0.03336681
-0.08862813 -0.10381541 -0.07109620
-0.01492470 0.07935543 -0.38908282
-0.10190567 0.21090183 -0.39473251
0.09600387 -0.08170489 0.36026531
-0.14346437 -0.06382835 0.03937938
0.10608592 -0.10633424 0.21037282
-0.04381864 0.00446509 -0.30624145
0.07054676 -0.03464609 -0.40520740
0.03369204 -0.09001706 0.40068591
-0.13866153 -0.07846400 -0.20500006
-0.13731349 0.20881608 0.34429181
-0.06301657 0.15168169 0.36176416
0.01067464 0.16770810 -0.39162505
-0.13507038 -0.01435240 -0.16450045
0.13331002 -0.12039793 0.33775005
-0.10871258 -0.08253464 0.17147350
-0.03753027 -0.11145373 -0.09212232
0.15342712 -0.12299708 -0.04367729
-0.15791768 0.21617427 0.36689314
0.09223819 -0.08915426 0.02111403
0.14766575 -0.12000078 -0.21727301
-0.08644615 0.04039157 -0.11265138
0.10872924 -0.00608729 -0.13292909
0.16445348 -0.12134008 0.23246017
0.03415432 0.13245995 -0.38891783
0.16248572 0.08936647 0.34568009
-0.09312354 0.20601159 -0.33637005
-0.05198244 0.17642958 -0.29832417
0.16412689 -0.10176124 -0.17268904
-0.11179785 0.05929361 0.15047543
-0.13163018 -0.00145896 0.09213686
-0.13064966 -0.17161700 -0.38973492
-0.10790995 0.01151271 -0.39892837
-0.09664160 0.02305022 0.26548240
-0.07058777 0.11834194 -0.36119008
0.14340363 -0.12748234 0.02224762
0.08628093 -0.02795509 -0.00084767
-0.13241160 0.15236787 0.40891877
-0.17200960 0.10057427 0.08421518
-0.00174403 -0.11373766 -0.06250380
-0.11801594 -0.05355892 0.25587198
0.16643910 -0.01803843 0.06647043
0.15893038 -0.11634991 0.02658762
-0.17038187 0.12098181 -0.14120121
-0.17373747 0.21699132 -0.05991766
-0.16407236 -0.08069279 -0.14832813
0.12860869 -0.00815730 -0.05382279
-0.12980665 -0.08041963 -0.18467134
-0.16907579 0.11494374 -0.16042985
-0.17557088 0.16876368 -0.03337461
-0.10516261 0.16514151 -0.31810167
0.14975998 -0.11590296 -0.03041393
-0.11431053 0.08213201 -0.01185134
-0.17571762 0.19269864 0.01012278
-0.15798132 -0.10196409 0.24487823
-0.05551527 0.08307024 -0.06098114
0.15623580 -0.07280926 0.02655883
-0.06093334 0.18308160 0.01163959
-0.13305774 -0.11988822 -0.27407819
0.07794864 0.04000059 -0.01066613
0.13808295 -0.03654914 -0.38893411
0.17528774 -0.17218457 0.39093640
0.03091127 -0.04785224 -0.35205135
0.04698638 -0.03384037 -0.05989363
-0.17033869 0.01997277 0.31296608
-0.09585629 0.02785655 -0.26433054
-0.12278109 -0.11451638 -0.04053091
-0.01071979 -0.12026219 0.38377640
0.12475038 -0.12364309 -0.39514941
-0.12146930 -0.12770320 -0.39894187
0.03089666 -0.03195491 -0.32265991
0.11627126 -0.10831238 0.29135558
-0.16870619 0.06006048 -0.11643949
-0.01094557 -0.00825174 -0.21715610
-0.02708664 -0.11958048 0.01546109
-0.10579491 0.18672323 -0.41260797
-0.16992781 0.07359472 0.27025414
-0.12767771 -0.10709500 0.33822718
-0.16781069 0.03034060 0.05559201
-0.09849299 0.05950540 -0.37676415
0.09977464 -0.00157218 -0.18772423
-0.15843178 0.20324014 -0.23078607
-0.17362721 0.18419138 0.14324793
-0.16461241 0.09499776 0.11484025
-0.11030148 -0.11932292 0.36807191
-0.17023082 0.14286712 -0.15666148
0.16117966 -0.11855730 -0.22205292
-0.17074659 0.11181740 0.28402880
-0.17030117 0.08781057 -0.22014998
-0.13805778 -0.17682615 0.38249868
-0.01506042 -0.07798654 0.09453177
-0.15711394 -0.10558053 -0.34651607
0.11416404 -0.12248426 0.17792027
-0.16228713 -0.11547064 -0.15954071
0.09706659 0.02437183 -0.25604281
0.11882616 -0.11842503 -0.21452148
0.04799206 -0.12125188 0.34738892
-0.16578183 -0.00305924 -0.10662033
-0.13379684 0.08552821 0.39192376
0.06926005 -0.02758992 -0.40628052
-0.02170067 -0.12067053 -0.36677721
-0.08907393 -0.11725421 0.26370281
0.09405037 -0.01307449 0.02439441
-0.16813655 0.09286247 -0.10713104
0.11209037 -0.03277762 -0.38385257
-0.16809818 -0.01671977 -0.32884115
-0.06607538 0.16523290 0.40127116
-0.16952968 -0.01160938 -0.05329393
-0.16710670 0.07027645 0.02453185
0.08951674 -0.10988156 -0.07914197
-0.07583919 0.01991023 0.36246431
-0.16003944 0.03566607 -0.23840359
0.14998394 -0.12474079 0.00116988
-0.09348673 0.07061225 -0.16067402
-0.10566599 0.05459321 -0.28617495
0.16702491 -0.06952447 -0.00724223
-0.17217804 0.09875320 -0.36932284
-0.04380211 0.09191406 -0.12103598
0.16953067 -0.09828725 -0.06586280
0.04628597 -0.12472221 0.10774271
-0.17194788 0.05523553 -0.17678542
0.00803864 -0.02334268 -0.24464831
0.16702893 0.11236349 0.38982067
-0.12337830 0.03254681 -0.17955734
-0.10253333 0.10868196 -0.23161140
0.16729076 -0.09975456 0.26286203
0.16695267 -0.06670333 -0.25097448
-0.11139303 0.15774976 -0.40991509
-0.16285703 -0.09156402 0.02218438
-0.16737333 -0.01999650 -0.22665744
0.14916007 -0.19341989 0.38445851
-0.04208536 0.03553063 0.34342107
0.16424967 0.02024307 0.24324757
-0.16522259 -0.11826020 0.37305856
-0.16314384 0.01341203 -0.21004222
-0.10339834 -0.06430282 -0.38115159
-0.10739371 0.19577540 0.14149705
0.09370451 -0.03526612 -0.01764425
-0.11015883 -0.08441443 0.28424603
0.10284301 -0.00939819 0.09506734
-0.09289803 0.19574761 -0.40863883
0.06773573 -0.10628599 0.08237520
-0.07163139 0.04327505 -0.20578399
-0.17045560 0.12338936 0.22957616
0.09000374 -0.10872664 -0.06464306
-0.06757814 0.00865109 0.37619963
0.16687047 -0.01230112 -0.12644666
0.00165235 0.02036662 0.40133139
0.05883712 -0.00764252 0.28668898
0.16783999 -0.04121256 -0.21520643
-0.15657455 0.20973584 0.26047122
0.04004822 -0.10899538 0.19963172
0.04991877 -0.12092568 0.38352150
-0.17056760 0.13070858 0.09114318
-0.03850789 -0.10915539 0.20303909
-0.10225575 0.11141457 0.33706701
-0.13221620 0.12023979 -0.24718988
0.00843172 -0.04513456 0.16561572
-0.10828696 0.20180500 0.11392976
-0.16932088 0.05196699 0.06697063
-0.09761478 0.04694133 -0.03252096
0.06858507 0.11829489 -0.40665063
0.04456052 -0.12339059 0.21385932
-0.09553103 -0.02391534 -0.11994949
-0.16877925 -0.03561189 -0.03446339
-0.16731359 0.00117588 -0.16168660
-0.14935017 0.20593402 0.39624587
-0.04701079 0.00375664 0.33048558
-0.16692594 0.17111634 -0.30884963
-0.15561277 -0.12716722 0.39217019
-0.12620734 -0.12043516 -0.32559034
0.14838958 0.07325919 0.25229096
-0.01799195 -0.00521089 -0.20286448
-0.09311312 0.06762582 -0.34192508
0.12597162 -0.02879813 -0.23186186
-0.12342472 0.15269010 -0.20756385
-0.07539702 -0.11488850 0.03352805
-0.05138284 0.06217618 -0.04758816
-0.01482504 -0.00542021 0.05044261
-0.08841522 0.04644492 -0.13683863
0.14008506 0.00192642 0.23054501
0.17205915 -0.11781962 -0.23468667
0.05094328 -0.11844011 -0.01298770
0.04336716 0.00254116 0.36410844
-0.18155700 0.20293047 -0.32252407
-0.15231983 -0.12071695 -0.33603737
-0.15257245 -0.03981824 0.03612651
-0.16755861 0.17464003 -0.40675798
-0.16925901 -0.08768181 0.02777326
-0.13660799 -0.11398141 -0.07617901
-0.01419330 0.00458671 -0.04028441
0.13642761 -0.07576676 -0.18171515
-0.16633962 -0.08545217 0.12679695
0.06025564 0.02306415 0.05050900
0.13009425 0.04619880 0.33565450
-0.14661130 -0.11451148 -0.28204906
0.00313294 -0.11928731 -0.10400331
0.05566142 -0.11849694 -0.36746001
-0.16970891 0.12981047 0.01309001
-0.15814015 0.11846804 0.36309946
-0.16823997 0.19346225 -0.40315449
0.10033757 0.00858337 -0.40658259
-0.11676849 0.13147965 0.21400800
-0.15944625 -0.03673887 -0.01871910
-0.10781844 0.08928957 -0.05671899
-0.11967489 -0.01365387 0.10172123
-0.13678969 -0.10750233 -0.40223134
0.17209291 -0.09631089 -0.25966606
-0.17551081 0.16876954 -0.27452308
-0.01551226 -0.10838206 0.29680341
0.12803757 0.00455037 0.17084570
-0.10107645 -0.11055546 0.36083272
-0.07152729 0.14569207 0.35801530
-0.17118511 -0.03110714 -0.13343529
0.03803623 -0.02775989 -0.04364938
-0.17283602 0.15400484 -0.30513862
-0.11387946 0.08880417 -0.40515247
-0.15877533 -0.01182833 -0.26086786
0.01538010 -0.02783659 -0.26074159
-0.16896074 0.14467996 -0.12839893
-0.12742896 -0.06149233 -0.33751383
-0.02208026 -0.12178493 -0.13776344
0.09694979 -0.10723857 0.20262685
-0.12944499 -0.11270490 -0.25050211
-0.14858115 0.21112774 0.12312794
-0.09699405 0.20951225 -0.26165181
0.16410500 -0.11720519 0.02666925
-0.04695881 0.07387479 -0.09495278
-0.16198458 -0.11260906 0.11997389
-0.11625156 -0.10079684 0.12253100
-0.00490222 -0.04269338 0.22303373
0.05124845 -0.01072541 0.30039582
0.04416215 -0.11932470 -0.29860097
-0.06229229 -0.11460583 -0.32874048
0.15180971 -0.04213848 -0.40076295
-0.13321951 0.10444546 -0.05469023
-0.01829845 -0.06955873 -0.35473782
-0.01428501 -0.01293808 0.40633297
-0.12453634 -0.10193636 -0.36989760
-0.17405021 0.19581217 0.05678377
0.14650846 0.02113353 -0.40209204
-0.16785975 0.07673571 -0.26494321
0.04957185 0.06854255 0.40657589
0.15340862 -0.01555693 -0.01339572
-0.04703914 0.06910687 -0.07307169
0.00674028 -0.11599085 -0.28680006
-0.14699328 -0.12152088 -0.01486897
-0.06444465 0.13354266 0.00910529
0.13392693 -0.16539110 -0.38358298
0.15036961 -0.00784910 0.00002442
0.14811154 0.13850690 0.40348896
-0.16427620 -0.03215180 -0.27447629
-0.02573956 -0.11078334 -0.16384669
0.16312960 0.00763263 0.22634538
-0.12152442 -0.02968405 0.04508238
0.16708139 -0.03371719 0.31746152
0.00684339 0.07932042 -0.38567916
0.16738097 0.09075848 -0.36837959
-0.12711181 -0.11958422 0.31202552
-0.16978984 0.10686320 0.00870466
0.11391057 0.02523414 -0.37563977
0.12130014 -0.09245473 -0.04032541
-0.00002573 0.08089642 -0.32330924
0.12867701 0.00487473 0.14264272
-0.12656230 0.11709623 0.40495569
-0.07388182 0.13076323 0.41271070
-0.17182149 0.06901636 0.07289013
-0.16131742 -0.09031308 0.37264666
-0.14118484 -0.10209469 0.28197980
0.12655461 0.00749787 0.11423325
0.17016298 -0.09918375 -0.04557274
0.17030734 -0.10703304 -0.36931562
-0.10380191 0.19557485 -0.12591408
-0.08618762 -0.05019478 -0.23201638
-0.11066304 -0.11279844 -0.09484419
-0.16613160 -0.07215876 0.03193736
-0.13375087 0.11372191 -0.03855304
0.13893525 -0.11999431 -0.19588953
-0.17066325 0.03306611 -0.18660599
-0.16844490 -0.03887412 -0.00903976
-0.17649312 0.20188147 0.10088975
0.13250580 -0.09744266 -0.08698055
0.11655413 -0.07713524 0.40737402
-0.06056861 0.01217516 0.33843440
-0.16099687 -0.11156314 0.37244371
0.16193776 -0.06688438 0.37794971
-0.14330365 -0.08930998 -0.35956514
-0.05587421 -0.11703731 0.11429696
-0.15699357 -0.06815743 -0.19384792
0.17152458 -0.10871580 0.31761971
0.06636006 -0.10968833 0.40022200
0.11831161 0.04934680 -0.22328983
-0.17394894 0.20197059 0.40552366
-0.08374307 0.14531513 -0.20018008
-0.05085492 -0.09385508 0.40521809
-0.13554724 -0.10640791 0.21675818
-0.09370732 0.00848992 -0.15674023
-0.04356738 -0.09107845 -0.40345114
-0.07399133 0.10588315 -0.40715736
-0.06677508 0.07346053 0.15890403
0.16690119 -0.07385851 0.18243131
-0.04627116 -0.11789684 -0.06009489
0.11039370 0.02689961 0.21900684
-0.16647427 -0.04883468 0.23983446
0.16304311 -0.11840563 -0.07966694
-0.16962859 -0.00769349 -0.17584774
-0.16825651 0.16835815 -0.39681506
-0.17387016 0.07260409 0.15859556
0.06828650 0.12690565 0.38801074
-0.17929210 0.11898407 0.31459272
0.11833565 -0.08729984 -0.00872303
-0.14880505 0.03171341 0.33739868
0.16664326 -0.03728770 0.19729640
-0.07445281 0.19723241 -0.35923180
-0.16838759 -0.01586219 -0.05303742
0.12721473 0.16016322 0.39586377
-0.16593491 -0.03885679 -0.10192272
0.03462269 -0.11361060 -0.37991121
0.17010595 0.12709236 -0.38035196
0.06212749 -0.01347229 0.20545627
-0.16828305 0.08526093 0.15368269
0.03829214 -0.03180086 0.40287277
0.00451046 0.12278778 -0.40978524
-0.13906059 0.20109443 0.15674450
-0.11755186 0.13300288 -0.39750868
-0.10517077 0.00682201 -0.06150368
0.17305388 -0.11477690 0.24911284
-0.14360879 -0.11972723 -0.24224237
-0.10259144 -0.11597250 -0.26774555
0.05343368 0.03210333 0.13691227
-0.05975780 -0.11786614 0.09406523
0.12821329 -0.00321575 -0.06162550
-0.04307153 0.02147362 -0.04994256
-0.07279584 -0.09624439 0.14625520
-0.15531421 0.21220498 -0.33851382
-0.16785493 -0.04859184 -0.31629384
0.16814777 -0.03161079 -0.16477543
-0.02482314 -0.11262376 0.06640651
-0.11802407 0.11556693 -0.39466721
0.14174271 -0.16518015 0.39565319
0.15226382 -0.12989098 -0.26813024
-0.05024615 -0.11454016 -0.16117097
-0.15955444 -0.04781964 -0.39594147
0.16818757 -0.02817588 0.10795695
-0.05352445 -0.11766978 0.12196836
0.12936413 0.08892138 -0.40699390
0.06467268 -0.09388857 -0.40340731
0.04480242 -0.11693025 -0.27056378
-0.16142300 -0.10874116 -0.03803794
-0.09175427 -0.00541319 0.25929469
0.05115458 -0.12301436 0.21309894
-0.05992439 -0.03577141 -0.37679592
-0.10222995 0.02670528 -0.21745498
-0.10020941 0.17739263 0.40657160
-0.05317369 0.06047486 -0.33471391
-0.12663445 -0.12458385 0.03953018
-0.15730526 -0.11175284 -0.06064361
0.15254667 0.07183050 0.27324611
0.02795223 -0.10617337 0.22762921
-0.07183100 -0.11172808 0.25326252
0.12319148 0.07431966 -0.35717517
-0.16316216 0.21662652 -0.38237423
-0.16660193 -0.09630732 0.38836151
0.00951083 -0.00722095 0.02927133
0.13918440 -0.04489201 0.32419389
-0.04539934 0.01090657 0.40374759
-0.02248903 0.01491125 -0.36741862
-0.16364408 -0.04970212 0.30359995
0.13324757 0.01641556 -0.30435324
-0.06452677 0.19502069 -0.00959826
0.09006329 0.02968072 -0.08022004
0.08111451 0.04825266 0.04693885
-0.17040762 0.05276350 -0.20692343
-0.16781643 -0.00176354 -0.34293252
-0.13982318 0.20612930 -0.40731090
-0.16788751 -0.02742186 -0.20470278
0.14689377 -0.11636021 -0.27032590
0.08237180 -0.10072048 0.40521157
0.06309476 -0.12661406 0.13092580
-0.14955574 -0.15956368 -0.37641016
-0.17853616 0.19886899 0.00796787
-0.17163649 0.18004125 -0.15735038
-0.13796468 0.01745450 -0.40673161
-0.14535241 -0.09559696 -0.06061646
-0.11268659 0.21068460 -0.07668617
0.16336437 -0.01474150 0.38093156
-0.16879819 0.00873432 -0.27980870
-0.16491680 -0.06164126 0.24119553
-0.09576700 0.06492233 0.07238872
-0.09805379 -0.11766808 0.11478295
-0.15754655 -0.10589880 -0.01261177
0.16653563 -0.02239707 0.22899362
-0.17586143 0.18446504 -0.35715717
0.15884306 -0.12581594 -0.37266767
-0.16598663 0.04175667 0.23063512
-0.09766602 0.01151933 -0.30693948
-0.16966774 0.12663040 0.02614286
0.16525780 -0.06531894 -0.09136646
0.13171794 -0.12067182 0.23133872
-0.17093354 0.18054412 -0.28474677
-0.08936620 0.20643003 -0.18116605
0.08651972 -0.10886705 0.01525540
0.15747821 0.12573178 0.29332951
0.15154715 -0.09869697 0.40568995
-0.17250904 0.14665800 -0.23735264
-0.16689144 0.06087968 0.07076298
0.10323433 -0.04062495 0.03732923
-0.02764081 -0.11711664 -0.01946657
0.13909876 -0.06723735 0.16113904
0.05783585 0.05981350 -0.40851733
0.02668113 -0.01248423 -0.39198965
-0.04821138 -0.10970541 0.36224079
-0.05430969 -0.09743392 0.40202564
0.16714327 -0.04111759 0.40359983
0.04083915 0.07569889 0.22540832
0.09911296 0.07182902 -0.40179980
0.06654276 -0.10793449 0.26472721
0.02785292 -0.08108209 0.39951429
-0.03958117 -0.11751978 0.36947894
-0.07138491 0.18417729 0.07014762
-0.16009364 -0.12271374 -0.22180809
-0.09070989 0.14019160 -0.16070226
0.10078201 -0.00752673 0.13764192
-0.13563158 0.00735912 -0.22691001
0.10798465 -0.12277099 0.19296364
0.00196873 -0.10999858 0.15999834
-0.11275209 -0.12167577 -0.02913633
-0.06121429 0.08578807 -0.36645129
0.16672851 0.00731773 -0.08638124
0.15727228 -0.09762880 -0.17057692
-0.16148806 0.01330902 0.37641910
0.07348363 0.13546969 0.33767745
0.17318405 -0.04934745 0.21352659
-0.07699888 0.01278423 0.39414516
-0.12745789 -0.13343777 0.38597551
0.16873455 -0.09060953 0.28528669
-0.15799725 0.21075596 0.05871697
0.01685772 -0.09100004 0.40255114
-0.17693210 0.17451996 -0.29849991
-0.13850456 0.21001707 -0.06031784
0.03522541 -0.11816096 -0.34002244
0.06323440 0.03132170 -0.16649222
-0.16147842 0.08967379 0.39635420
-0.17081647 -0.00162894 -0.34931734
0.13595729 0.12006973 0.15855876
-0.17220108 0.10004782 0.28031221
-0.15044129 -0.10476271 -0.18475713
-0.11045418 0.08929464 0.24795359
-0.12972929 0.01694419 0.25075725
-0.06194133 -0.03470287 0.01296768
-0.12318865 0.20195848 -0.40679628
-0.17625003 0.16098616 -0.28585061
0.05347221 -0.11799758 -0.01061025
-0.12977287 0.16920501 -0.18127081
-0.00716217 0.00372054 -0.35866132
-0.03732563 -0.11759211 -0.07095520
-0.11680005 -0.01995262 0.35141468
-0.16983102 -0.03237551 -0.13881503
0.01153696 -0.11105704 0.05090305
0.16733459 -0.08533385 -0.12424162
0.08957271 0.13990155 -0.39874011
0.16742533 -0.12665044 -0.27519527
-0.09810621 0.10414142 -0.24673285
-0.08909430 0.17315312 -0.19773622
0.01981393 -0.03123114 -0.30626398
-0.16860434 0.14277072 0.30886924
0.12554108 0.09695367 0.41047275
-0.17108732 0.16602750 -0.20472038
-0.15747832 0.09167254 -0.00758164
-0.04697898 0.10913227 0.02770555
0.12486878 0.12100969 0.17506370
0.01413948 -0.01368266 -0.40205640
0.04956433 0.07835985 -0.34183401
-0.04716977 0.01034338 -0.40551460
-0.06889352 0.11641213 0.41096285
-0.11604390 -0.01359040 0.21529162
-0.16368845 -0.09590423 0.13017307
-0.11801513 0.17030415 -0.05824436
-0.10997429 0.18125571 0.36089137
-0.12680602 -0.09811683 -0.23111412
-0.08560289 0.01707425 -0.36313221
0.12156272 0.10801075 -0.37103057
-0.17112385 0.16224329 0.11183332
-0.10664406 0.03903048 0.11980253
0.16891903 0.02336867 0.17629154
0.16818514 -0.04040206 0.38306305
0.10560405 0.03752309 -0.35873896
-0.09486834 -0.11734845 0.36404699
-0.05037118 0.08436389 0.26280722
-0.17888254 0.16342261 0.11704708
0.11557104 0.04896001 0.35414994
-0.05977859 -0.11626069 -0.16638947
-0.00211424 0.01973565 0.20748156
0.16050404 0.05246196 -0.19961579
0.11479873 -0.11782432 -0.31148827
0.10882214 -0.10727873 0.14342876
0.14238417 -0.11430862 0.30251905
-0.07191190 0.18366432 -0.23950258
0.06448956 -0.12068318 -0.13987248
0.07176143 0.14997900 -0.40039524
-0.14747135 -0.11275035 0.25881132
0.01369915 -0.11208802 0.37922603
-0.04538105 -0.12011524 -0.10700030
0.13228135 -0.11796556 -0.19024217
-0.11157493 -0.08251774 0.39576793
-0.17126867 0.02205639 -0.35433125
0.16886546 -0.03168191 0.08838645
0.16370672 0.03750163 0.13818884
0.02248274 -0.10753250 -0.30696514
0.12038014 -0.15285382 0.38647488
-0.10058017 -0.12236669 -0.06275079
0.10356284 0.00137977 0.11026125
0.10701109 0.06780826 -0.21455222
0.16326940 0.03512033 -0.09232092
0.17003097 -0.05441817 0.24155082
-0.07548875 0.06592596 0.33777186
0.14867556 -0.10815986 -0.39327997
-0.16897583 -0.05692255 -0.01079280
-0.01324955 0.00404522 -0.07754701
0.16857897 0.03309346 0.23157594
-0.04892838 0.09657560 -0.10306178
-0.16424106 -0.03907497 -0.09311514
0.14556505 -0.13052621 0.33745718
-0.16988094 0.00703563 0.39980841
-0.16990051 0.02001470 0.19150579
0.11487236 0.00983747 -0.27152210
0.04235182 -0.06605551 0.34213710
-0.09260008 0.11733606 -0.40887585
0.11380415 -0.07790665 -0.36578748
0.14208493 0.14203483 -0.27353024
0.08092242 0.00417613 0.11000848
0.10732733 -0.12074794 0.09938345
-0.16385809 0.05526522 -0.18778439
0.13629428 0.16024126 -0.36537439
0.14978635 0.04856777 0.10402965
-0.00216988 0.02660729 -0.37723306
-0.13567731 -0.11548342 -0.31224087
0.07098278 0.02134088 -0.01453055
-0.16695811 -0.09252687 0.33333084
-0.04985978 -0.03275459 -0.38399106
-0.09181424 0.21166699 -0.34943506
-0.00635444 0.01286435 -0.25688207
-0.18082321 0.20424350 0.23731768
0.17096160 0.04963280 0.37559277
0.11465078 0.03487918 0.01937419
-0.17397159 0.20682168 0.09479884
0.02001734 -0.10980329 -0.21775270
-0.16744196 -0.05966150 0.12603539
-0.02009203 -0.11424781 -0.35280204
-0.02051274 -0.08780512 -0.16415024
-0.17232712 0.03035860 -0.17106742
-0.08843450 0.10116754 -0.35516194
0.15309098 0.06839029 0.23648581
-0.06022918 -0.02394838 0.15813734
-0.04486173 -0.02879989 -0.40614912
0.16369586 0.05492611 0.14264199
0.06413025 -0.03490047 -0.21292675
0.16632514 0.01168901 0.12109536
0.08917791 -0.03854379 -0.10634351
0.02624481 0.00398886 0.40149185
-0.13071284 0.03624380 0.24350771
-0.15834914 -0.10588172 -0.18146694
0.09611332 -0.11245196 -0.36129749
-0.16078588 -0.11218154 -0.27049205
-0.06729545 0.15464839 -0.39804849
0.02791707 -0.00830564 0.40334499
-0.08922091 0.12813638 -0.07844216
-0.16700394 -0.11435704 0.05646298
-0.15324932 -0.11701922 0.14543566
-0.15987231 -0.08435155 0.19132015
-0.02803771 -0.07492561 -0.03271319
-0.09505550 0.03513623 -0.38174379
0.07486026 -0.07409273 -0.33555099
-0.07640666 0.08959989 -0.00468585
-0.10525833 0.13793731 0.35331601
0.14066502 0.15048239 0.40507871
-0.09269518 0.02559753 0.04315986
-0.09228370 0.00700971 -0.35282126
-0.00322733 0.01203400 -0.29291579
0.17195407 -0.08337133 0.31283626
0.16832632 -0.07448084 -0.03782524
-0.09645440 0.06441674 0.28930140
-0.11311184 -0.11121165 -0.06078092
-0.13141513 -0.03932877 0.40345159
-0.08513802 0.15818034 -0.24437150
0.14388943 -0.06078979 0.40442148
-0.11739437 0.06769648 -0.39590222
0.12604403 -0.03326527 -0.20428483
-0.11842182 -0.12089615 0.14359915
-0.07156862 -0.11851276 0.19662784
-0.17208274 0.07136351 0.25392023
-0.10267039 0.16084284 -0.21986921
-0.12329057 0.16387796 0.29917300
-0.00231078 -0.11078952 -0.24410656
0.05376460 -0.09507461 -0.02113999
-0.12923867 0.18361209 0.40856132
0.16221276 -0.19235913 -0.39697418
0.16943249 -0.04922979 0.08516723
0.00181410 -0.11744796 -0.33110365
-0.09829779 0.02379178 -0.23694155
0.11313871 0.04796411 -0.34739125
-0.13286784 -0.06512813 0.40156877
-0.14982282 -0.05112482 0.21419916
-0.08758329 -0.11712492 0.05498610
0.09625442 0.02399462 -0.09860858
-0.14265217 0.20855616 0.21617946
-0.13667622 -0.11768003 -0.15166689
-0.16867319 0.21120214 -0.32201400
0.05089007 -0.11964551 0.36799657
-0.12496052 0.20603612 -0.10068232
-0.17138512 0.06804474 0.39835992
-0.17226808 0.19230357 0.11100616
-0.09844940 0.21011718 0.05449522
0.06118841 0.05747909 -0.40700611
-0.17693844 -0.04851092 0.30909038
-0.01471847 -0.01437835 0.39518398
-0.13735156 0.21308547 0.01436834
-0.01456605 -0.11031490 0.04723873
0.15289335 0.04662966 -0.06374253
0.17152821 -0.08229310 0.38619259
-0.11715501 -0.00335671 -0.17321715
-0.09081930 0.15290374 0.23318741
0.14113079 -0.05693942 0.36604321
-0.12971570 0.02518745 0.39499718
0.16843979 -0.02117212 -0.02860944
0.09059959 -0.10882027 -0.02479613
-0.04405577 0.08669529 -0.32969308
-0.08143584 -0.05599272 0.39351848
-0.03416720 0.11723260 0.38929406
-0.11312685 0.01220817 -0.06665698
0.14081283 0.03940161 -0.21427962
-0.16043144 -0.04466433 -0.07543372
-0.17303751 0.17761831 -0.17400327
-0.01514226 -0.11432027 -0.01914509
-0.17732248 0.15691210 0.16487780
-0.13634036 0.21319607 0.10578267
-0.07196172 0.06247602 0.10019997
0.10088886 -0.10477951 -0.25134346
0.08098534 -0.04954598 -0.27668220
0.16943602 -0.00727942 0.30657947
0.05475121 -0.09846259 -0.38105741
-0.16954599 0.14733109 -0.31879532
-0.15287831 -0.04831043 0.40254343
-0.17915931 0.18409199 0.16164462
0.17123903 -0.13507628 0.39688736
-0.15663369 0.08372065 0.02149324
-0.01684126 0.01981533 -0.02166792
0.01544250 0.07866310 -0.36390227
0.16836023 0.01259413 -0.18674311
0.16517766 -0.06598886 0.38143656
-0.07350903 0.09027901 -0.34975034
0.02154317 0.05385966 0.31099448
-0.17808983 0.15082550 0.13062456
0.06190752 -0.11376958 -0.32788068
0.16135216 0.12295302 -0.36543307
-0.00337610 -0.00347651 -0.03624724
0.16997600 -0.03742502 -0.19632605
0.16471556 -0.07731183 -0.33648649
-0.12959035 -0.04955001 -0.32162896
-0.09112436 0.20347911 -0.25043204
-0.05913812 -0.06420745 0.40439305
0.12490182 -0.11926314 0.22338116
-0.16433981 0.13671426 0.38402259
0.16239239 -0.12669779 -0.34411284
0.16809602 0.00024356 0.34655404
-0.00426122 0.03605457 0.39173260
0.17384031 -0.10608663 -0.35797358
-0.12496709 -0.10398804 -0.08387274
-0.17237517 0.13426188 -0.02568676
-0.16920240 0.12490244 0.30381766
0.03914048 0.02144383 0.40512633
0.14098573 0.00613148 0.40890089
-0.14879927 -0.08934194 0.36323771
0.08154734 0.04622328 -0.32197827
0.07405724 -0.01768675 0.24929382
-0.09872680 0.20465757 0.22239663
0.12740399 0.04345863 -0.21692699
0.07081403 -0.03429452 -0.40793681
-0.00408737 0.06969648 -0.34235767
-0.16067079 -0.07226920 0.01333103
0.06563469 -0.05170403 -0.38009965
0.04042845 -0.10888636 0.05042610
-0.16604902 0.14376768 -0.21102087
-0.15572414 -0.11772457 0.27585077
-0.12823670 -0.10748852 -0.02852928
-0.04543325 -0.10510519 0.40065461
-0.17188409 0.07293364 0.23538837
-0.13569430 0.20567484 -0.18760692
0.14498703 -0.19794396 0.38472340
0.12457173 -0.09403788 -0.40487498
-0.10184883 -0.00018592 0.38975486
0.00745719 0.06930679 0.35548887
-0.14509642 -0.11297185 -0.39779264
0.05445931 -0.11848510 0.33041120
-0.01180805 0.02565772 -0.40393046
-0.13979402 0.04721509 -0.01858089
-0.16722196 -0.08791244 0.39136565
0.15653335 -0.01448799 -0.24883486
-0.04306288 0.14887850 -0.38027844
0.03410932 -0.11074904 0.29409298
-0.11160851 0.05311442 0.21391672
0.15489770 0.00400636 -0.40624934
-0.12478344 -0.09706975 0.09507331
-0.10290837 -0.00404629 0.21044680
-0.09936722 0.08752847 0.10219570
0.16634557 0.00255228 -0.38147047
0.16763286 -0.00949815 -0.00605425
-0.16846570 -0.02983855 -0.12196637
0.15615980 -0.05462756 -0.03447034
0.00006746 -0.09204880 0.40024996
0.14522891 0.01829729 0.12071006
0.04677864 -0.10411072 -0.23000942
-0.04183307 0.00770483 -0.04585852
-0.16535042 -0.10417324 -0.09028423
-0.16634001 0.17925850 -0.33492088
0.03647412 -0.02521110 -0.00346387
-0.11255497 0.21085131 0.25036788
0.07377854 -0.11903366 0.07865579
0.15648830 0.05391935 0.26033500
-0.00600339 -0.05041340 -0.18098558
0.10473327 -0.10930398 0.19300367
-0.01799112 -0.08932873 0.40228465
-0.11027702 0.09120627 -0.39487401
-0.16548042 -0.08673414 0.12251945
0.11695812 -0.01595009 -0.21984132
-0.08608478 -0.11337240 0.16835773
-0.16945226 0.01060312 0.40230501
0.06257357 -0.09589440 -0.03577479
-0.01179078 -0.11740726 0.21670590
-0.16569570 -0.08084840 -0.17289887
0.16585533 0.04376102 0.15234715
-0.15441059 -0.09018622 0.15572554
-0.16914997 0.02727061 0.04184077
-0.16464430 -0.06869517 0.35651341
-0.13251995 0.17318396 -0.40969956
-0.07884994 0.08210312 0.36044872
0.11376500 -0.12184190 0.02732156
0.11051370 -0.10736045 -0.06210915
-0.05840263 0.15197824 0.41141075
0.09780934 -0.10580628 0.22114699
-0.03358180 0.08480775 -0.40724450
-0.17149292 0.07210614 0.03098749
0.11741124 -0.11675244 0.05949446
-0.05138080 -0.12214591 0.16224091
0.16029702 0.04521167 -0.09655221
-0.01893137 -0.04942563 -0.12210447
0.00249978 -0.11251327 0.36797398
-0.17137620 0.08661033 0.28726259
0.02195125 -0.12172896 -0.13204178
-0.10530284 0.12691054 -0.31888393
0.13634469 -0.06244211 0.08070565
-0.04401544 0.02655456 0.00829532
-0.06161807 0.07959715 -0.40652186
0.16505341 0.02627126 -0.33019656
-0.16051964 -0.01300391 0.24146195
0.16962941 -0.07248725 0.10481037
-0.05838555 0.17848355 0.03764384
0.16327357 0.03425497 -0.04734750
-0.16071485 0.21196333 -0.22170861
-0.04596011 -0.04398218 0.31971502
0.15157610 0.13868049 0.39478144
-0.10647215 0.03501379 0.17759880
0.10467053 -0.11826958 0.31449935
0.16419746 0.02020706 -0.09507010
-0.01745936 0.07060851 -0.18627986
-0.12583874 -0.10334296 -0.07731477
-0.09054999 0.09868320 0.35887837
-0.17560826 0.19823480 -0.07690446
-0.09979124 0.10292669 0.24003926
0.10011158 -0.12617786 0.03070305
0.08933095 0.06930003 -0.02641300
-0.16612592 0.18725902 0.39139631
-0.16197437 0.00310797 0.03228509
0.01003391 -0.11103294 -0.07394214
-0.12308357 -0.07034651 -0.40281466
0.16650009 -0.06886726 -0.17924552
0.17050238 -0.02363490 -0.40645787
0.01551890 -0.11426763 -0.21101752
0.16643931 -0.05640639 0.23354386
-0.07779218 -0.09368438 0.40287712
-0.09687673 0.21134500 -0.23163140
-0.04988402 -0.11836684 0.05133156
-0.14009595 0.06935577 0.01120714
0.08810136 -0.11411892 0.32919464
-0.04626014 -0.11687358 0.00554652
-0.09028780 -0.11151867 0.14831811
0.12609260 -0.12495001 -0.19778830
-0.14149371 0.00472852 0.35524535
-0.16780978 0.07413735 -0.13712706
-0.03909177 -0.06811966 -0.39695019
0.08786087 0.02964321 -0.29824194
0.03528435 -0.12413199 0.38302222
-0.16562501 0.04652975 -0.06728539
-0.11155695 0.07930448 0.02629569
-0.10317548 -0.11576349 0.23916736
-0.16679940 -0.06252344 -0.26977211
0.15356117 -0.17117979 -0.38315806
0.11106160 -0.12287091 -0.25264296
