0.07148364 0.16905704 0.27649418
0.08311872 0.17079271 0.01075331
-0.05600842 0.16629018 0.00881613
0.20038188 0.16255496 0.21462953
0.16129451 0.09040173 0.23715018
0.15636408 0.12937064 0.13738823
0.03709791 0.16717491 0.33743897
0.06742401 0.12948196 0.31601956
0.14248359 0.09366594 -0.31207034
0.06579039 0.16966656 0.04263000
-0.16162211 -0.14558749 0.29794002
-0.06364038 0.16726966 -0.29957229
-0.15973398 0.14842921 0.02722646
-0.00912422 0.16712649 0.23594464
0.04247820 0.17008622 -0.31540096
0.21190023 0.16329446 0.33119226
-0.06071068 0.17416297 -0.12574336
0.07974310 0.16345409 0.20578788
-0.12386233 0.14369087 0.17051451
-0.07401846 0.15188156 -0.31584474
0.16811359 -0.05846828 -0.30434242
0.14872010 0.17197412 -0.02724984
0.02792965 0.16978650 -0.27574867
-0.01343914 0.15153934 -0.40354842
0.05189044 0.12119263 -0.32798639
-0.16814321 -0.07511532 0.29184321
-0.19276823 0.15103380 0.22850697
0.11542980 0.15888692 -0.41393000
0.18938476 0.16946894 0.24306954
0.15536618 0.12823175 -0.10611962
-0.12836835 0.17308947 0.08222678
0.09242216 0.16095455 -0.40010375
0.18344802 0.07627591 -0.35621181
-0.16222791 0.17215653 0.12849875
-0.18425284 0.13974386 -0.10794436
-0.14623359 0.15921596 0.24204731
-0.12241417 0.15464553 -0.39595735
-0.09186789 0.14372444 0.26873070
0.08733705 0.11298609 0.28477892
0.06028610 0.16974927 0.03342467
0.00724216 0.17185332 0.14686468
0.04357145 0.17357144 -0.06651482
0.05503774 0.16825688 0.13467030
-0.06959134 0.15965234 0.37403271
-0.13476782 0.15733154 -0.37233049
0.00144010 0.16450258 0.41877329
-0.12555544 0.17454422 -0.13318603
0.19393274 0.16620561 -0.22878371
0.07309773 0.13546424 -0.38254416
0.05438215 0.13727118 -0.17968887
0.10038292 0.17027923 -0.30643043
0.19342843 -0.18270756 0.27482668
-0.14210778 0.14894591 0.13445944
0.06410504 0.11348516 -0.26018354
0.18315727 0.16789263 -0.02219998
0.08948989 0.17300302 0.06116737
-0.11316603 0.09568445 0.29760826
0.20717628 0.15293184 0.22432023
0.18406916 -0.00154632 0.25796828
-0.16852708 0.13416228 -0.11544012
-0.12823628 0.12565941 0.07986619
0.04146934 0.17558067 -0.08256471
-0.07593007 0.17150670 0.09435992
-0.19264722 0.13175988 0.07773896
-0.00292534 0.16785038 0.18083440
-0.16072774 0.17199136 -0.02944204
-0.15572706 0.14825562 0.00104701
0.19933917 -0.02256584 -0.30338404
-0.20491426 0.16185015 0.13512167
-0.17782298 0.13223572 -0.16862944
0.00444071 0.16993053 -0.39151636
-0.19672461 0.15214998 0.11757679
0.15582277 0.17347091 -0.38667586
-0.16747230 0.17623143 0.40337700
0.18056016 -0.05131421 -0.27822283
-0.08401695 0.17034988 0.36444560
-0.06586269 0.16699621 -0.39330477
0.17896882 -0.11491802 0.28534755
0.16467537 0.17255011 -0.35184401
0.05371149 0.17334117 -0.03163657
-0.18866779 0.11599720 0.31420681
-0.10884332 0.16117503 0.33383510
0.19325984 0.00099824 0.27740365
0.10890157 0.15785147 -0.14166209
0.11066949 0.16806045 -0.01772437
0.15417214 0.16837120 0.18902819
-0.02229403 0.14345171 0.16565444
-0.16449778 0.16716143 0.37783763
0.05188810 0.17182852 -0.13998581
-0.03268310 0.15761206 -0.21414565
0.19197540 0.15790877 0.41774139
-0.19578214 0.17529705 -0.00604963
0.13305946 0.15242833 -0.17704409
0.13689530 0.17021655 0.20030898
-0.19242468 0.16999593 -0.09740630
0.17051028 0.10594480 -0.32374752
-0.01621448 0.17015761 -0.40022364
0.19970654 0.13996944 -0.09528542
0.02476424 0.16670893 0.28948399
0.10273345 0.08377795 -0.30556059
0.17016028 0.15432759 0.35265341
0.19502743 0.15313968 -0.00887898
0.03270781 0.16909358 -0.14738572
-0.17690425 0.17278069 -0.15290621
0.18434753 0.11385474 0.36342156
-0.11076719 0.15492247 -0.36367771
0.08693524 0.16802682 -0.25115472
-0.15712607 0.16716830 -0.17010120
0.06443679 0.17275283 -0.02482463
0.08663063 0.17237744 0.40499720
-0.15746519 -0.11600421 -0.30650795
-0.18230681 0.15798202 -0.40590325
0.00975115 0.17005116 0.19012368
-0.19896621 0.15299881 -0.08580994
-0.11567403 0.16030386 -0.41708401
0.19030681 0.16164297 -0.18605047
-0.15868522 -0.05472298 0.29478490
0.05460965 0.16877794 -0.21584779
0.12727723 0.17403403 0.04185849
0.08445477 0.17410409 -0.10332532
0.13742293 0.16339010 -0.12257642
0.06086380 0.14764251 0.27399480
0.17001761 0.10851472 0.24248116
0.19631143 0.14736459 -0.05709442
-0.01310920 0.15595260 0.02971283
0.19122081 0.04451542 0.30529878
-0.18042110 0.14946921 0.04870076
-0.15789953 0.17275085 0.02942770
-0.13221544 0.15894273 0.31649333
0.18952325 0.14935589 -0.41576618
0.13567629 0.13894044 -0.34545660
0.18309143 -0.07297359 -0.27643928
-0.15015754 -0.15281376 0.27061087
0.04009201 0.17183909 0.02576337
-0.00935180 0.14180036 0.15580073
-0.20363554 0.15817943 0.11652698
0.17311361 -0.01744075 -0.26971844
-0.16062656 0.15075405 -0.40675983
-0.17003381 0.09068308 -0.35740280
-0.09157449 0.15648896 0.17836863
0.17558908 0.17214501 0.32324544
-0.06739981 0.15101312 0.05881467
0.17746003 0.16699097 0.13179168
0.17089739 0.14346507 -0.22944660
0.00073661 0.14959009 0.29075140
-0.20172396 0.15493605 0.20037049
-0.00092024 0.16933978 0.29660547
-0.09236501 0.17001329 -0.20165931
0.20070779 0.13931535 0.08543873
0.16840906 0.13552684 -0.24186556
-0.14825247 0.04003078 0.31638163
-0.13174099 0.14555946 -0.42137772
-0.14332770 0.16854152 0.28246555
0.16736984 0.16609676 0.31282005
0.03314769 0.14550762 -0.22817817
-0.15309800 0.16067797 -0.24556451
-0.20215619 0.16799937 -0.30220738
0.02958791 0.17180987 0.18545756
-0.02966424 0.16382229 -0.42091861
0.02506875 0.17280486 0.10678709
-0.07741502 0.17401202 -0.18223149
-0.08853714 0.17155837 -0.00764157
0.04509537 0.12660420 0.33637655
-0.15974551 0.04405865 0.32339305
-0.17646433 -0.17622726 0.26953861
-0.17203611 0.13317207 0.10353633
-0.09840272 0.16213584 -0.10956301
0.06943619 0.16589981 -0.36196658
0.16483828 0.16869132 0.19626002
0.16415492 -0.07006684 0.26567790
-0.14147133 0.15293412 -0.38958776
-0.16197820 0.12889813 0.26413402
-0.02287348 0.16947459 -0.34179419
0.07737107 0.16694741 -0.00850220
0.19084951 0.12949808 -0.05597737
0.07371731 0.16431810 -0.39543870
0.07664887 0.16075432 0.26278648
-0.17752434 -0.12145580 -0.29199266
-0.19224450 0.17508359 0.15928641
-0.14518915 0.16214333 0.34487256
-0.09210283 0.16537261 0.41376916
0.10358667 0.14316984 0.18492660
0.12092564 0.14366610 -0.33110738
0.08214469 0.17184094 0.38213080
0.14045706 0.17173167 -0.38377273
0.18742439 0.16472337 0.31663811
-0.18952891 0.16226459 -0.26786020
0.20707123 0.15581621 -0.26462770
0.15444115 0.17156802 -0.12247452
0.20909490 0.15450078 0.26735339
0.09078414 0.14626265 -0.06673558
0.18543021 0.12828963 0.14921404
-0.04669143 0.15353937 -0.33510184
-0.13204299 0.16994737 -0.06658672
-0.15237471 0.15479960 0.19990435
0.15357061 0.16444914 -0.16331568
0.15793650 0.15304416 0.11832820
-0.06378438 0.14269409 -0.29989868
0.06094057 0.15207414 0.13729236
0.01521107 0.16775268 -0.11202975
0.07024390 0.15783852 -0.30686513
-0.01687646 0.16954656 -0.19375153
-0.13215426 0.17195018 -0.15948573
0.03013734 0.17272152 -0.37828249
-0.00144524 0.15789936 0.29891759
0.16413556 0.16634049 0.39891198
-0.04381519 0.16374974 -0.24683011
-0.19127697 0.15370125 -0.26513582
-0.15017627 0.15517752 -0.36540225
0.04899349 0.14994432 0.21090910
-0.07288240 0.16790178 0.35374290
0.17861223 -0.15011278 0.31237373
-0.16785529 0.15738431 0.15529498
0.11250748 0.14860310 -0.37884793
0.15562281 0.05721548 0.29920486
-0.08118771 0.15936136 -0.13029668
-0.16100347 0.13603108 -0.12434882
0.17560390 -0.06938995 -0.29968795
0.20608914 0.16846350 0.11216082
0.15506670 0.16786425 0.27950925
-0.18012124 0.04562351 -0.25995117
0.14690767 0.13376924 0.37224162
-0.10252912 0.16629586 -0.21095680
0.08957043 0.16688241 -0.32997993
0.02994902 0.17290936 -0.14169955
0.07682686 0.16324979 0.07451478
-0.17314580 0.16089809 0.06075559
0.04186093 0.16657835 0.20714048
-0.16702661 0.15372120 -0.01461325
-0.19367795 0.15303487 0.24166943
0.18394797 0.16796327 -0.08149338
0.20180760 0.16899170 0.07484824
-0.14325899 0.11850225 -0.29111516
0.06493564 0.16821793 0.09008659
0.04296669 0.16813956 0.40901300
-0.03645959 0.15308443 0.09048372
0.10442072 0.16895966 -0.39056861
-0.16884601 -0.10561164 -0.30546486
-0.17848548 0.16969782 -0.04841767
0.17688775 -0.10203654 -0.26647621
-0.17723694 -0.04378439 0.30749586
-0.00440460 0.17281441 0.16738452
0.15511452 0.17221816 -0.19038388
0.18869619 -0.00142213 0.27480587
-0.15341221 0.17381327 -0.16522409
-0.00309063 0.17200318 -0.13301317
0.19018692 -0.11485484 0.28994113
0.07839068 0.16986705 -0.21413910
-0.06660897 0.16753298 0.07332040
0.05384961 0.17677405 -0.18162757
-0.05179904 0.16133615 -0.10145790
0.19813931 0.16651005 -0.33213529
-0.20189989 0.16885588 0.01312388
0.20856729 0.16529074 0.02233246
0.19256385 -0.03407056 0.29215366
-0.09377032 0.16973305 0.22651148
-0.04881763 0.17149319 0.38926277
0.20461805 0.16410351 0.30594903
0.07292495 0.12366884 0.33916432
0.08087149 0.12636796 0.27387884
-0.12938237 0.16557069 -0.12872235
-0.16740324 0.07487209 -0.31993482
0.06678329 0.15760449 0.06186277
-0.06984547 0.17276110 0.09969929
-0.08931436 0.16986747 -0.26329795
-0.09023567 0.15394667 -0.32761839
0.05903472 0.11999328 0.29836583
0.13893220 0.13756494 0.29892969
-0.02399941 0.17021352 -0.41029459
-0.06310283 0.17220436 0.06819490
-0.03134117 0.13412441 -0.31765157
-0.16995892 0.04606298 0.30596969
0.17307895 0.13402697 -0.19112591
-0.07576621 0.16865629 -0.18874562
-0.19370581 0.13088685 0.10519743
0.18797372 0.15383822 0.03759516
-0.10401231 0.15272574 0.23725244
-0.16389598 -0.12980914 -0.26992348
-0.06244995 0.17329592 -0.22593144
0.00964093 0.16350636 0.08747187
-0.05510581 0.16286978 -0.05903042
0.09047807 0.17089851 -0.05513682
-0.14374864 0.07978865 0.25341633
-0.17055185 0.08009618 0.29122701
-0.18157767 0.15522358 0.20463660
0.04690152 0.16630951 0.01551417
0.18543477 0.10338928 -0.27948982
0.19611600 -0.00270064 -0.28614029
0.04767311 0.16904762 -0.01149275
-0.11014791 0.12072072 0.20582035
-0.02156611 0.14866997 0.21245758
-0.00841295 0.17104793 0.32086498
-0.09580521 0.15272003 0.39046368
-0.06860921 0.14977096 -0.00816071
-0.16938095 0.08717994 0.32159138
-0.17167585 0.09264289 -0.29664493
-0.12855083 0.17230505 0.18999214
0.02012193 0.15997750 -0.33611423
0.01450710 0.17172988 -0.40776375
-0.12005465 0.16709623 -0.12671107
0.21018635 0.16422457 0.23327361
-0.17949729 0.13533808 -0.24388728
0.06767539 0.16588624 -0.03119715
0.21017578 0.15797088 -0.40632275
-0.00257479 0.16210592 -0.00565976
0.17419073 0.10207503 0.29295215
-0.08707325 0.16926309 -0.28550395
0.17793719 -0.08180702 0.30517057
0.15361048 0.16727696 -0.07597762
0.13606471 0.14453088 0.23976934
-0.10376667 0.16991284 0.27926996
0.16033678 0.06851847 0.29503533
-0.05158592 0.15973711 0.06471530
0.05743184 0.15827197 -0.41957471
0.18063332 -0.11431585 -0.30682558
-0.20092776 0.15990415 -0.15822898
-0.18511666 0.11334245 -0.35423201
0.16784927 -0.09852706 -0.26332030
0.11437406 0.16886713 -0.39458334
-0.20027389 0.16309218 -0.27814308
0.21438435 0.17549303 -0.40299997
0.06984970 0.11951908 -0.27588880
0.18466595 0.14137980 0.18020900
-0.18425134 0.15235494 -0.11204056
0.16319065 0.15945520 0.27361956
-0.18702161 0.13199759 -0.04916436
0.15797889 0.12400258 0.05458722
-0.07435629 0.17121194 0.28940028
0.04209238 0.16995049 -0.12978983
0.15084666 0.10303169 0.30670393
0.00053474 0.16317010 -0.40986556
0.05129569 0.15739472 0.06913586
0.19833660 0.16370592 0.35138053
0.12909698 0.16854873 -0.08619829
-0.10325666 0.12514925 0.31422806
0.08905295 0.17056315 0.38214517
-0.00001543 0.16757612 0.02542335
0.17918240 0.15651156 -0.41399303
0.15441322 0.16896117 -0.08170797
0.13588805 0.13565314 0.30954108
0.18843763 -0.05996843 0.31815696
-0.19541912 0.13869464 0.17368515
-0.00620493 0.17242321 -0.11558716
-0.14998487 0.07935899 -0.21661170
-0.18893492 0.13454847 -0.03630202
-0.00825703 0.16798140 0.05580910
0.07034487 0.15953071 0.07302748
-0.09889656 0.15229096 0.02052493
0.18104531 0.16885799 -0.08962552
-0.16723555 0.16976418 0.07772125
-0.13866387 0.16849260 0.12713949
-0.15421772 0.09030316 0.25933993
-0.04357696 0.15120152 -0.32198814
-0.02489883 0.16984579 -0.02607860
0.07517101 0.17077073 0.28869560
-0.13372305 0.13219117 -0.08556969
0.17318320 -0.02288843 -0.30300471
0.16413255 0.05964806 0.26538509
0.19387189 0.13977323 0.08242153
0.09466922 0.15700297 0.31823841
-0.02709569 0.13719159 -0.13866462
0.06180879 0.12881812 -0.37679410
0.18480185 0.16683926 -0.39529693
-0.12888949 0.15316753 0.25594637
-0.17002979 -0.07172532 -0.27455458
-0.08257418 0.17395189 -0.00596283
0.15286347 0.12994841 -0.20930795
-0.12783171 0.12248528 -0.21629407
-0.20357507 0.16123174 0.13009354
-0.19207963 0.12137122 0.35676458
-0.16359487 0.16708909 -0.12211355
-0.09999900 0.17095776 -0.37199154
0.17948683 -0.17283249 -0.26082826
-0.14340742 0.10603292 -0.18227316
0.05740912 0.17123188 -0.16592358
0.10910730 0.16412520 -0.42565328
0.14414245 0.15619262 -0.03310125
0.01339782 0.14353494 -0.19056648
0.08177064 0.15238814 0.35232511
-0.14584848 0.11831984 -0.30987826
0.02272969 0.16009738 0.12956969
-0.18220663 -0.03867268 0.26097918
-0.08068375 0.14820981 0.11740042
0.08498529 0.08682647 -0.28520513
-0.15999050 -0.03405201 -0.27725163
0.19853339 0.16163409 -0.04878164
0.14213745 0.13590060 0.25064421
0.16853142 0.12579693 -0.16646589
0.13860877 0.12048250 0.27576399
0.03199756 0.16742612 -0.01739154
0.08083252 0.17004903 -0.17040692
-0.17660676 -0.00101003 -0.32345212
-0.13716000 0.16165607 -0.06731608
0.17676766 0.16826402 -0.16327420
0.11612020 0.14613277 -0.07303999
0.19835410 0.13855839 0.28428495
0.11476125 0.14403898 0.28541610
-0.03336314 0.16863245 0.31447598
-0.14979409 0.13049178 0.01563850
0.18416122 0.16988793 0.13607694
-0.10897616 0.16978990 0.32315630
0.06848081 0.15449147 -0.26219603
-0.07124427 0.16756500 0.35823861
-0.07052603 0.15850367 0.19953157
-0.19798371 0.12218055 -0.31677637
-0.18863517 0.16574447 0.06364307
0.19062209 -0.04627936 -0.28232765
0.19162810 0.16248466 -0.15278929
0.12123293 0.12411392 -0.33640149
0.16634813 -0.01565927 -0.30028695
-0.13293353 0.14291917 -0.35234845
0.07401079 0.17299859 0.31037673
0.10852867 0.17149548 0.09664395
-0.13431534 0.15395793 0.24190357
-0.17063954 0.16565886 0.18517591
-0.19212352 -0.09771340 -0.28971720
0.10525104 0.16672668 0.24961480
-0.00389093 0.17149220 0.06676027
0.18773526 -0.02958814 0.26793700
-0.01261627 0.16107899 0.41342363
0.18485709 0.11978927 -0.36609161
0.18635577 -0.14482954 0.29024959
0.19784331 0.16557762 -0.24921206
-0.00412794 0.17149521 0.20333740
-0.03293540 0.16753505 0.22188170
0.06101695 0.13919105 -0.38383660
0.13942277 0.14737327 -0.10288469
0.20744713 0.15230234 0.03951686
0.01476478 0.16036224 -0.41240516
-0.17636092 0.15847521 0.34876755
-0.17450291 0.15343636 -0.31567606
0.10036604 0.15826151 -0.00297513
-0.07027809 0.16751401 -0.02026627
0.04959796 0.17287806 -0.09523004
0.20347396 0.16896081 -0.24778563
-0.14410113 0.14924857 -0.28802037
0.07964747 0.16888227 0.31476656
-0.13356365 0.14079447 -0.40499884
0.11275449 0.16813289 0.22252601
-0.17168538 0.15384673 0.10357690
0.16186020 0.17013188 0.23797451
-0.16807766 0.04729909 0.31224984
0.05645504 0.16158590 -0.40614316
-0.06312571 0.16654672 0.04815049
0.10285810 0.16610298 0.37270635
-0.17406341 -0.07010089 -0.29504171
-0.09157676 0.17028427 -0.28832987
-0.16967466 -0.12585969 -0.26826197
0.18951724 0.10093958 0.27177051
-0.10085702 0.17418277 -0.10604824
0.11624633 0.15775262 -0.30038819
0.05036509 0.17159924 -0.40211031
0.18313186 0.12674728 -0.28585327
0.16464268 0.14642957 -0.03857255
0.04050956 0.15827549 0.36835331
-0.17457567 0.13248312 -0.03606787
0.17604195 -0.06890178 -0.28058296
-0.15489125 0.13661969 -0.34774792
-0.04184583 0.17130718 -0.41673484
0.06709153 0.15079685 0.30387935
0.09575243 0.17204133 0.21868360
-0.16620208 0.10262382 -0.37155420
-0.18081689 0.12632015 -0.16674608
0.15960722 0.16165423 -0.08719627
-0.09843444 0.17107300 0.10372052
-0.17571934 0.16643247 0.30727425
-0.18911895 0.12974317 0.35470450
-0.19345853 0.15588890 -0.06083021
0.18640831 -0.13302757 -0.27161151
0.06914815 0.17259973 -0.20440279
0.19737740 0.15924461 0.41348526
0.18394434 0.12355967 0.23008795
0.20102084 0.08186368 -0.29820216
-0.14695826 0.15718028 -0.40999737
0.04417684 0.16710290 0.39522937
-0.06592152 0.17027980 0.37874463
-0.01954072 0.16212922 0.06412597
-0.19001667 0.14951286 0.21425582
0.18627928 0.09825455 -0.24827714
0.10197636 0.15891927 0.07678607
-0.17666465 0.06466706 0.26362321
-0.10284781 0.16374555 0.18229692
0.15483250 -0.01334626 0.26814863
-0.17420655 0.14948562 0.16145749
-0.12234856 0.15924180 0.00189673
-0.02705016 0.16906346 -0.07574438
0.05261137 0.12365119 0.31038985
-0.04653200 0.16173579 -0.31220943
0.19259456 -0.13378128 -0.27098268
-0.07071789 0.16464287 0.25021744
0.19698921 0.12781528 -0.02002818
-0.18969931 0.12316492 0.06445032
0.18207690 -0.17416726 0.27978256
0.02052278 0.13806660 0.41785800
-0.16460404 -0.17046185 0.27230367
-0.07196251 0.16662754 0.09671561
-0.06210347 0.17095050 0.27887791
-0.09994616 0.15078248 0.25363171
0.17001285 0.12772556 0.30214140
-0.20219630 0.16041228 -0.08915894
-0.16453260 0.12137108 0.25630310
0.09779223 0.16944824 0.06759106
-0.17698361 0.12697594 -0.15690477
0.11377954 0.16966105 -0.16024016
0.07218855 0.16785719 0.34872070
-0.11147153 0.17334771 -0.31850052
0.03655897 0.16984800 0.13204691
-0.04371507 0.16919021 0.00033646
0.13642137 0.17221774 0.39028445
0.06758686 0.16827649 -0.11870138
-0.12508088 0.15920478 -0.08226903
0.09578788 0.17081034 -0.36974028
0.06377955 0.16819343 -0.28156179
0.11534589 0.15030958 0.18125322
-0.10022336 0.16797943 -0.18612739
0.09061227 0.15554738 -0.12047871
-0.15554126 0.00181786 -0.29802144
0.17057185 0.17328016 0.07565922
-0.17799652 0.13878523 -0.32236338
-0.15232223 0.17487361 0.11531336
0.02759085 0.16404694 0.18965152
-0.16765423 0.09589288 -0.32172143
-0.08362539 0.16886048 -0.17529500
-0.05483131 0.16251872 0.20604633
-0.19460443 0.15326698 -0.22006254
-0.17031425 0.15347137 -0.21417710
-0.06214666 0.17395440 -0.27850080
0.19169773 0.15776613 0.09873690
-0.17428692 0.13475688 0.11336511
0.11392367 0.16806771 -0.17648083
-0.01815207 0.16566442 -0.30188614
0.20473331 0.12983480 0.40546229
0.15748547 0.02627205 0.29776943
-0.11499293 0.16150188 -0.32046777
0.15333603 0.14312629 -0.34661615
0.15715487 0.13067779 0.05720365
-0.12800863 0.17485642 0.07590776
-0.19079410 0.04446609 0.30432943
-0.18426035 0.12302161 -0.35849860
0.15311530 0.14362003 -0.03460652
0.18413353 0.16522644 -0.39200112
-0.03144526 0.16228691 -0.32623273
0.05029143 0.16416745 -0.34837508
-0.19610733 0.17337157 0.06868931
0.03826125 0.16747946 -0.22719802
-0.17437243 -0.03297425 0.28538147
-0.16564861 0.15201698 0.00319211
0.16520940 0.16794677 0.32146779
0.05823788 0.16996257 -0.29202992
-0.17150235 0.13595180 -0.17445609
0.00053666 0.17573784 -0.12214381
0.17418051 0.03282114 0.27212903
-0.14065054 0.16483310 0.03159584
-0.17434096 0.13083027 -0.21110979
0.18439026 0.16774325 -0.36124998
0.19124040 0.11968026 0.30675352
-0.02489641 0.17638879 -0.02528834
-0.17254734 0.04463429 -0.29897681
-0.18803629 -0.04002788 0.24691525
0.09877179 0.17086880 -0.36138111
-0.11468671 0.15927587 -0.41132933
0.05886574 0.16577123 0.30698195
0.19644485 0.15550357 0.34133437
0.10079163 0.15006976 -0.22765182
-0.08868378 0.15166686 0.20339575
-0.00032868 0.15149868 -0.10666472
-0.01702618 0.16819249 -0.25043297
0.14906512 0.16839121 -0.06512184
0.15106483 0.16383182 0.27965519
-0.01860711 0.16977136 0.15756029
0.15716048 0.15525086 -0.02908776
0.03215342 0.13847312 -0.15791935
0.20540057 0.15509281 -0.22452660
-0.17059414 0.14849220 0.31026673
-0.19064419 0.12849528 0.08027094
0.06224517 0.17104405 0.07913799
0.13081720 0.15702087 0.05669407
0.13154252 0.14586166 0.11061633
0.15058774 0.16161211 0.22397417
0.12481500 0.16519555 0.14078669
-0.18723716 0.04570743 0.28739315
-0.17446230 0.17088886 0.09502246
-0.18419062 0.15267619 -0.27351335
-0.12174177 0.16613264 -0.38821825
0.13529533 0.16990569 -0.35846221
0.17628564 0.03963763 0.30999807
-0.17158519 -0.10530393 0.26966980
-0.04844169 0.16849244 0.41721526
0.12875403 0.14762849 -0.34454805
-0.12964591 0.16341406 -0.38238072
-0.04486724 0.17349009 -0.14095585
0.00598337 0.17132220 -0.39890239
-0.15657273 0.11870135 -0.08624708
-0.18471423 0.12845948 -0.37020838
0.07527041 0.16320728 -0.42441669
0.18992983 0.15802372 0.28363788
0.19208552 0.16149172 -0.00000008
-0.05237812 0.17077965 -0.07538868
-0.15279813 0.16949715 -0.40085635
-0.19664554 0.17421247 0.12227842
0.02527513 0.16450748 -0.16245881
0.00500053 0.12060550 -0.31551331
0.18229534 -0.16136901 0.30843893
-0.07357232 0.13251357 -0.39166221
0.04006429 0.15262321 0.27711219
-0.11934218 0.16974355 0.25944820
0.15401275 0.09349978 -0.31873107
-0.12542710 0.16078229 0.27313384
-0.15104885 0.13929646 0.01840900
0.15271665 0.13271289 0.26186985
-0.20044781 0.15704040 0.23714656
0.19346412 0.17081979 0.37013149
-0.01453728 0.15422782 -0.28400671
-0.17591199 0.16940567 -0.41447306
-0.14892249 0.11178327 0.29591629
-0.03941903 0.17023861 -0.06490216
0.18112569 0.05404696 -0.26664022
0.07293583 0.17447998 -0.08758592
0.17679897 0.14360274 0.19848582
-0.12157970 0.16422254 -0.02107436
-0.14400572 0.16996434 -0.13229555
0.13964340 0.16871127 -0.36154160
-0.07262698 0.17113121 0.31115425
-0.09332021 0.17024155 -0.16444640
-0.19246125 0.15766732 0.32638752
-0.14859644 0.17158721 0.12363455
0.15444642 0.15625407 0.30679703
-0.02765344 0.16874151 -0.18393564
-0.08322977 0.17252861 -0.06227345
-0.20492500 0.16247120 -0.18576843
-0.00625963 0.15814041 0.36514747
0.02860037 0.15188630 0.39606303
-0.14325997 0.15519702 -0.09087081
-0.17379160 0.04131332 0.31178001
0.17034079 0.15843886 0.12630007
0.20570292 0.16410735 0.28017324
0.00304481 0.16126829 -0.08160187
0.20992388 0.16526712 -0.19663356
0.01580573 0.17074859 0.33351287
0.06074007 0.16307323 0.02335993
-0.18264520 0.17255476 0.25990358
0.18848769 0.14906290 0.35070744
0.14367339 0.12372808 0.24254031
-0.06118580 0.16914687 -0.06552215
0.18731862 -0.10032383 0.29286858
0.01203904 0.16139957 -0.02249956
-0.12186764 0.17295958 -0.16940473
-0.12880839 0.13814852 -0.26313671
0.05214229 0.17184280 -0.16683003
0.19563971 0.16739978 0.05552335
-0.06066627 0.17257634 0.32610843
0.18520066 0.15217586 0.41566834
-0.19663879 0.17124426 0.04796476
0.01700555 0.17151318 -0.05762646
0.10208821 0.12378274 -0.12981988
0.18681592 0.16515869 -0.05980221
-0.16417085 0.17055520 0.03214599
-0.10608388 0.16695729 0.04285301
0.13879000 0.13107122 0.28895405
-0.12213511 0.16827224 0.40070468
-0.19925168 0.16697648 -0.29024342
-0.10361249 0.15131801 -0.35810715
-0.03095877 0.15794414 0.05452865
-0.09548223 0.16677257 0.12918782
0.20114051 0.15180577 0.03158928
-0.20060255 0.17068911 0.39186907
-0.06999327 0.16676603 -0.40453008
-0.19128373 0.04540909 0.30912620
-0.16616523 -0.01331348 -0.29554692
-0.11632355 0.13329439 -0.00970505
-0.17106101 0.11931901 0.11218920
-0.17165184 0.14444028 -0.12346837
-0.20496070 0.16945058 0.24615371
-0.19089261 0.13823605 0.01224934
0.19313270 0.15671378 0.31022826
-0.10630441 0.13500188 -0.02262523
-0.14855671 0.13670307 0.09355542
0.20189284 0.16845068 0.17075482
-0.03181373 0.16114655 0.33919325
-0.13414072 0.17517298 -0.14482144
-0.02708511 0.16466959 -0.14223349
-0.14235976 0.16941036 -0.22128640
0.07889453 0.17184307 0.19289298
0.04871082 0.16967571 0.01947166
-0.04467687 0.17178459 0.02256954
0.01125510 0.16960211 0.24000217
-0.20490642 0.15914175 0.33620787
-0.20175077 0.16848755 0.14180416
-0.15762883 0.16677888 0.39326653
0.20277078 0.16532528 0.00165424
-0.19159834 0.10970787 0.27826574
0.04411671 0.16945289 0.12820445
-0.06812347 0.13806732 0.28407297
-0.05216914 0.13809907 0.27851230
-0.17663136 0.16198878 -0.40819842
-0.11433535 0.16572356 0.11145793
-0.01547297 0.16749577 -0.05590468
0.15810084 0.00155721 0.25825045
-0.19971642 0.16145210 0.00296197
0.15400916 0.16967712 -0.04540751
0.04603632 0.15472101 0.18674546
0.20260847 0.16781092 -0.27575096
-0.00384720 0.15969968 -0.03445373
0.11998594 0.17244725 0.04936128
0.07235309 0.15137726 0.25221974
0.19317202 0.15877999 0.42617145
-0.02298197 0.16550444 -0.06974175
-0.16561718 -0.11448401 0.30172497
-0.06918153 0.15505652 -0.24114966
0.20519391 0.16393715 -0.03656202
-0.17090173 0.06724772 -0.25954646
-0.15877667 0.14975831 -0.02406414
-0.07578301 0.17269304 0.16622381
-0.18478039 0.16465881 0.41623551
0.02323081 0.15689762 0.41951272
0.01108152 0.16731963 0.26589483
0.05601100 0.17013329 0.09219737
0.08856973 0.14978120 -0.22572446
0.09019541 0.17043000 0.36527818
-0.16188022 0.13218813 0.20571123
-0.18503536 0.17474975 0.22166438
-0.19234945 0.15169437 -0.29033744
0.21005122 0.16525953 -0.20764267
-0.15852000 -0.04597272 0.29706138
-0.16083865 0.17307383 -0.05976398
0.04110498 0.17159152 -0.34243891
-0.19165444 0.14370161 -0.23956792
-0.06321146 0.16848351 -0.11934856
0.13906108 0.07318863 0.28676999
-0.02506964 0.17331710 -0.08994931
-0.04567201 0.16836122 -0.37400356
0.15359899 0.15896136 0.01026270
0.00008789 0.17426109 0.05073776
-0.19658341 0.15638731 0.12197799
0.04623357 0.16144687 0.39727733
-0.14769173 0.17161183 0.07884305
0.00052914 0.16834146 -0.28433180
-0.17776808 0.17293015 -0.33143768
-0.02551115 0.15944934 0.01383343
-0.10428999 0.16399108 0.29188722
0.11087851 0.07359411 -0.29859874
-0.04050794 0.15386109 -0.04051641
0.18824768 0.16923761 0.27801403
0.01097251 0.16740328 -0.36683026
-0.06605864 0.16867419 0.24644431
-0.13603619 0.15547407 0.22277592
0.00679900 0.14131686 0.41855767
0.16573335 0.16549973 0.41955459
-0.14556396 0.17619827 0.36754847
0.07870872 0.15310656 -0.20536548
-0.02245992 0.16349275 -0.10823372
0.15912610 0.09130613 0.18939851
-0.19660625 0.16803853 0.28515711
-0.14611118 0.16053221 0.35298178
0.14973113 0.14164154 -0.25917676
-0.18893284 0.13041703 0.26854086
0.08244213 0.17319274 -0.20541391
0.09302679 0.17158346 0.07585126
-0.13676952 0.15539438 0.09969265
0.11316346 0.15529886 0.42022654
0.02109605 0.14493789 -0.21226516
-0.17497136 -0.07652099 -0.28035289
-0.18995878 0.09037640 0.23657064
-0.13982593 0.15677285 0.23271386
0.02797759 0.16626403 -0.08338633
-0.19326943 0.11629369 0.32422462
-0.12865618 0.15570825 -0.11038885
-0.01687211 0.13023104 -0.11145261
-0.11041014 0.15337539 0.00817207
-0.03653415 0.16015087 -0.30810779
0.18718819 0.16321272 -0.19015968
-0.07502896 0.17073694 -0.05850736
0.03566419 0.16592613 0.12803593
0.16850802 0.13858639 -0.15055045
-0.14315803 0.16583404 -0.33147016
0.19179003 0.14762568 -0.29746041
-0.15804093 0.07111605 -0.28163892
0.04899176 0.16842426 0.31736004
-0.11125681 0.16020328 -0.11657946
0.17809069 -0.16945408 0.30879557
0.19083528 -0.08002074 0.29568213
0.00129422 0.17029208 0.33398142
-0.04644906 0.15199627 -0.36558157
0.11196458 0.17213862 -0.24025764
0.00574482 0.16811872 -0.42335427
0.14601992 0.12424362 0.22898611
0.05255665 0.15926936 0.41990933
0.16650723 0.12455558 0.21650410
0.09283162 0.16787367 0.30906820
0.16140306 0.16910142 -0.34119791
0.02832661 0.13038720 0.33037904
-0.16677140 0.17337890 -0.07000237
-0.15176167 0.16935906 0.26401225
-0.09099273 0.16713364 -0.23549768
0.18846670 0.05560551 -0.28439504
-0.20216490 0.16612168 -0.04941515
-0.00695552 0.17351186 0.01169427
-0.02242947 0.16980375 0.10474230
-0.13018999 0.04170695 -0.30751237
-0.06044658 0.16898401 -0.20434880
-0.00356694 0.15151848 0.34546560
-0.09263495 0.12880513 0.36976546
0.04883259 0.15618314 -0.26317114
0.01128942 0.16982122 0.34426749
-0.05096868 0.16279885 0.16974212
0.20081802 -0.02538041 -0.27779287
-0.19910157 0.15594669 0.02386745
-0.19778524 0.17379440 -0.22954133
0.17733657 -0.15753025 0.28164184
0.05725637 0.17274676 -0.14133680
-0.15980284 0.13131681 0.34234524
0.00448672 0.15451404 -0.13473690
-0.12625396 0.14132631 0.21414028
-0.15870187 0.11485401 0.32826364
-0.16261506 0.15422769 -0.00873299
0.20306428 0.16794413 -0.03221760
-0.00665812 0.17191173 0.15718441
-0.06272497 0.15761089 -0.29213688
-0.13691869 0.16524336 -0.07782163
0.15250205 0.10190428 -0.32671094
-0.02061688 0.15894184 0.41045958
-0.20759651 0.17025346 0.38221896
-0.19236031 0.15414107 -0.23418692
0.10544070 0.15013775 0.15254615
-0.17421064 0.13477212 -0.14965254
0.17253232 -0.10490347 0.27189934
0.19241127 0.16918193 0.07012591
0.14309551 0.12115642 -0.29431704
-0.16627917 0.05026279 0.25479162
0.11692980 0.16524096 -0.24785864
0.17268772 0.11614265 0.37099165
-0.19164580 0.17274031 -0.08874352
-0.06006023 0.17199486 0.12463775
0.11841995 0.16010463 -0.23289515
0.21055041 0.16711575 -0.37326133
0.16138716 0.11459170 0.30046341
0.18884297 0.16661610 0.37603161
-0.18592609 0.12247197 0.07640498
0.18377487 0.00062370 -0.31507391
-0.03730579 0.16735488 0.22827902
0.09798634 0.17124142 -0.21893026
0.00520267 0.14245068 -0.28493279
0.16698742 0.14420411 -0.41349790
0.08484896 0.16649635 -0.14260803
0.09775300 0.14934960 0.35484266
0.18609159 0.13970385 0.09141364
-0.18609844 0.15649664 0.25620639
-0.19466117 0.08235391 0.28637731
-0.19269292 0.16636850 -0.09182404
-0.04727499 0.16006105 0.08022847
0.10433941 0.17147198 -0.06432732
0.01834779 0.17192033 -0.12458377
-0.13210811 0.15938595 -0.09290068
0.18321872 0.16907413 -0.01897868
0.17011793 0.03492565 0.35253087
0.15590408 0.17012535 -0.25165650
-0.00521114 0.17188755 -0.32273906
0.17004168 0.05325573 0.25776908
0.15098326 0.07734917 0.25287333
-0.07164656 0.16433479 0.36210880
0.15599336 0.08787180 -0.22024542
-0.13242781 0.16511138 0.13148831
-0.07650166 0.17036070 -0.01990093
0.13994141 0.16992250 -0.18692470
0.14834030 0.16056040 -0.14406973
-0.16911720 0.03626576 0.27711624
-0.18410090 0.12115301 -0.25328916
-0.07732855 0.16816664 -0.22165304
-0.17317423 0.12191947 0.14921722
0.07326673 0.14087421 -0.32338426
-0.16835305 0.16623129 -0.02227119
-0.11276619 0.16807874 -0.21224873
-0.13173980 0.15203634 -0.07828331
0.10907961 0.14554185 -0.27661234
0.06603918 0.15892237 -0.30203173
-0.11429012 0.13962370 -0.31865555
0.06792536 0.16387506 -0.19444558
-0.14738438 0.16719611 0.30469507
-0.13979213 0.13341071 -0.22699919
0.02331026 0.17282569 -0.20345141
0.04226097 0.14727472 0.39303812
0.18442892 0.17071043 -0.03706917
-0.17593896 -0.01300238 -0.28949735
-0.15191731 0.17044063 0.16922240
0.06835400 0.17213534 0.04367915
-0.19353238 0.17237562 -0.07408110
-0.15605682 0.13530648 -0.02275462
-0.20311105 0.15498878 -0.07288626
0.20199740 0.16598231 -0.18554482
-0.07841231 0.16767773 0.17130597
-0.00149344 0.16326666 -0.42544901
0.17414688 0.13513762 -0.13308571
-0.19670215 0.17082410 0.08344696
-0.17652000 0.13935511 0.33048776
-0.16612855 0.13576649 -0.19359542
-0.00555846 0.14307663 -0.37363297
-0.11003149 0.17254038 0.38944334
0.02019322 0.16947754 0.03922066
0.10398262 0.13261516 -0.36650056
-0.18209076 0.15018794 0.32302016
-0.12564623 0.14362116 0.36491695
0.20192261 0.14562218 -0.29677665
0.08023295 0.16143674 0.42285430
-0.18866166 -0.02510174 0.31659859
0.13055889 0.14549281 0.00089992
-0.16666496 0.17075655 0.26215571
-0.12745138 0.16186595 -0.07257856
-0.04648997 0.14300811 -0.31264883
-0.13356222 0.17076296 -0.05794752
-0.09879147 0.16322763 0.23354766
-0.09212297 0.14704157 -0.04936674
-0.00893318 0.17077184 -0.26329923
0.20104660 0.16955385 -0.32625741
0.17034720 0.16244730 0.37661102
-0.06252570 0.16382068 -0.07074933
0.01852997 0.16710377 0.08486547
-0.15299484 0.15161492 0.32226345
0.04936972 0.14788012 0.34429815
0.19210346 0.16952667 -0.26577374
0.07233508 0.15382528 0.03381495
-0.16329813 0.09872716 0.26091045
-0.08745606 0.16760154 0.21239956
0.04296942 0.17084420 -0.21174416
0.01755106 0.15273225 -0.19823526
-0.16369860 0.17181313 0.00901778
0.14670527 0.13147320 0.15229174
-0.12531704 0.16854750 -0.03755813
0.18571973 0.15066239 0.14160094
0.10235152 0.16004740 0.06929401
0.17312974 0.17258079 -0.21888219
-0.02382771 0.16136232 0.18964477
-0.17255194 0.15950336 0.17537045
0.02986575 0.15489407 0.25822434
-0.02430726 0.17080052 -0.15944530
-0.15750268 0.15320271 -0.07217032
0.16948211 0.08871834 0.27634382
0.21149901 0.16795205 0.42319822
-0.17457934 -0.05642972 0.30635515
-0.18519865 0.17390105 0.21286203
0.18596600 -0.09820580 0.31273392
-0.05128822 0.15863112 0.23704144
0.14515887 0.16111715 0.14171287
0.14291972 0.15033132 -0.03765973
0.00849788 0.16775931 -0.03008507
-0.03841114 0.16929600 -0.31575772
-0.17075999 0.15640210 0.22302744
0.04995929 0.17108439 0.15282027
0.06356598 0.16912231 -0.27342302
0.17585872 0.14855886 -0.01923766
0.19842532 0.16121000 -0.06128967
-0.16999546 0.16905855 -0.41624612
-0.04678399 0.17115808 -0.17460759
0.17710391 -0.14185196 -0.29808483
-0.06816197 0.16552632 0.06727571
-0.13209701 0.16637513 -0.33801177
-0.19375898 0.16357961 -0.34663841
0.09809569 0.15862811 -0.29315692
0.13630673 0.17160842 -0.25527161
-0.19238119 0.15329702 0.03032225
-0.08851895 0.16956384 -0.00741093
0.21066847 0.16159858 -0.06535210
0.20617154 0.15125547 0.07604792
0.06316623 0.16499221 0.00255678
0.19254297 0.12712102 -0.34013328
-0.15172091 0.08888300 0.32276973
-0.18914659 0.16312134 -0.14514484
-0.17963673 0.14656961 -0.09360731
0.09013920 0.16129713 0.22854348
0.16971476 0.12795861 -0.12663049
-0.16575417 0.03658041 0.27818719
-0.18119653 0.15213856 0.37434301
0.16199048 0.12908114 -0.06005646
-0.15183181 0.16943505 0.30867079
-0.18324533 0.15818539 -0.00296165
-0.04852950 0.16518168 0.03262004
0.13830692 0.17092505 -0.11868401
0.07189024 0.15764873 0.37101096
-0.06712977 0.15225331 -0.03350347
-0.18527685 -0.10230373 0.29237086
0.02815617 0.16693528 0.25512105
-0.02629663 0.17058435 -0.17973439
0.07112405 0.16946608 -0.21590988
-0.17915824 -0.14325455 -0.28750202
-0.07818334 0.14868250 -0.39215028
-0.19002189 0.06243256 0.36685467
-0.14453813 0.11625302 -0.10411891
0.00270559 0.16194290 0.12014916
0.12107180 0.13633716 0.28514019
-0.05434071 0.14775643 0.28317735
-0.02319155 0.16323027 0.39189053
-0.15121707 0.14488383 0.02700493
0.20044293 0.14973103 0.33432028
0.19127031 0.12665254 -0.00501132
0.01238037 0.15282500 -0.08682346
-0.16920048 -0.15534417 0.29554418
0.09070288 0.17181554 -0.16556698
-0.03274422 0.15493037 0.29949075
-0.14468929 0.17251439 0.18111326
0.19997488 0.16272537 0.14255714
-0.10558191 0.16688779 -0.00924670
0.08022384 0.15825479 -0.06616767
-0.18875045 0.16566697 -0.25970891
-0.16338500 0.14744371 0.04898807
-0.19065964 0.13256298 0.06412336
-0.09810176 0.16796619 -0.37119648
-0.13509849 0.16184646 0.25469449
0.20605385 0.15134530 0.23687109
0.04582196 0.17165716 -0.00770268
0.06746722 0.16737700 -0.18721639
-0.16356912 0.14611945 0.38326150
-0.17512387 -0.04580113 -0.30814433
0.16487408 0.17057315 -0.38620651
-0.12037003 0.16860452 -0.07371519
-0.14286737 0.16647847 0.39061618
0.10598287 0.12139428 -0.22515132
-0.14119026 0.16652700 0.36844862
-0.17003113 0.04426927 0.30049682
-0.20197976 0.16436389 0.30179122
0.08505293 0.07008372 -0.28341490
-0.00287427 0.16857804 -0.05370907
0.19162396 0.17176431 0.14427796
0.19716327 0.00238020 -0.29755947
0.07574195 0.14821735 0.21775170
0.09956095 0.16587625 0.12341953
