-0.09258632 0.20468393 -0.27078003
-0.24638027 0.19828881 -0.29505008
0.24199098 0.09492721 0.35314777
0.11626705 0.18456592 -0.14465958
-0.11375295 0.19663323 -0.00455068
0.10568371 0.20302530 -0.08232690
-0.23935658 -0.12800987 -0.36395991
-0.17860533 0.19390836 -0.28192148
0.17976826 0.17377116 -0.36412895
0.03753627 0.20372641 -0.26081720
-0.24072383 0.04564845 0.36745304
-0.22771391 0.11248601 0.33872983
0.08256026 0.20231205 -0.19780579
-0.23757116 0.11906691 -0.34269416
0.21295172 0.20705630 -0.18327636
0.22712879 0.20295615 0.22336717
-0.18037115 0.20657998 0.06497425
-0.07351546 0.19924743 0.03201114
0.23003212 0.09094209 -0.37289345
0.04834219 0.20054185 0.23185523
0.17495427 0.20837650 0.02021141
0.05020925 0.19840403 -0.00311163
-0.23658597 0.19453122 -0.28166637
-0.21856798 0.20819239 -0.15050401
-0.08997886 0.19980121 0.06646450
0.03775648 0.20167398 0.13210690
-0.10421038 0.20654130 0.07267386
-0.14526877 0.19443890 0.34753495
0.21520463 0.19076891 0.00386107
0.14198923 0.19792756 -0.37151542
-0.23738362 0.20440701 -0.21752925
-0.00516172 0.18929510 -0.08511369
-0.11701952 0.20503022 0.20889762
0.19995755 0.20526552 0.37046909
-0.13058767 0.18645993 0.36848864
0.24405952 0.18433106 -0.32411963
-0.10444751 0.18477333 0.05497757
0.22290063 -0.09907605 -0.37040263
0.20135230 0.18893336 0.10584599
-0.15006885 0.20201300 0.28348839
0.09589375 0.20672706 0.35032436
-0.00808492 0.19710009 0.12400757
-0.24624331 0.18945797 0.04653415
-0.23889939 -0.18989833 -0.36284766
0.01658067 0.19702306 -0.36943299
-0.10719481 0.19381906 -0.36289808
0.07462711 0.20918606 0.27156326
0.17821477 0.18959558 -0.06532410
0.05867516 0.17688739 -0.34999049
0.06497832 0.20498210 -0.22874415
0.05637906 0.19759643 -0.04277824
-0.09182203 0.20525983 0.03772245
0.01323895 0.20234312 0.08572803
-0.14741379 0.18553463 0.09565772
0.24246193 0.13818982 0.33815038
-0.10159536 0.18655650 -0.08140031
-0.07561728 0.18483305 0.10496640
-0.06435127 0.18176973 -0.12646192
-0.02889890 0.20619932 0.00199127
0.00088313 0.19868204 -0.18615003
-0.21420757 -0.17876619 0.35514399
0.03789582 0.19359669 0.30752105
0.03946672 0.18445756 -0.13378680
0.09872142 0.20518482 0.18336873
0.12075063 0.20170183 -0.02682208
0.05257752 0.18536545 -0.09092430
-0.06214823 0.20103322 -0.31193703
0.01616673 0.19282959 0.05500105
0.12750047 0.20132092 -0.19306514
0.11828089 0.19549307 0.00032936
-0.23546505 0.16324779 0.36472377
0.13660100 0.19506533 -0.33476245
0.03082116 0.19403888 -0.15912150
0.09219576 0.20680127 0.25415912
-0.00247598 0.20268860 0.00382055
0.11172991 0.19034325 0.10821520
0.16358823 0.19012667 -0.17121869
-0.23259157 0.03505523 0.34294230
0.20818727 0.16641042 -0.35189331
-0.23779488 0.18823142 0.02516647
-0.23200697 0.18101391 0.28007591
-0.19477701 0.18157455 0.36407924
-0.06151971 0.20672582 -0.28358886
-0.23412739 0.14374867 0.35953689
0.24970089 0.19301037 0.22416262
0.16516352 0.20416383 0.05577768
-0.16419059 0.20178469 -0.12409861
0.18436086 0.20181122 0.05026498
0.22254613 0.19728173 0.17503022
-0.23199685 0.20650701 0.05832750
-0.20703991 -0.08613210 -0.36694393
-0.03350976 0.19573264 0.37248671
-0.11646546 0.19560787 -0.33327538
0.12687528 0.18855152 0.05716053
0.12598288 0.19243002 -0.20629652
0.12461758 0.20366158 0.33296752
-0.05502703 0.19682260 -0.05301217
-0.21280381 -0.14637582 -0.34739587
0.22633250 -0.12194328 -0.34096751
-0.05134629 0.19575499 -0.28654993
0.09898224 0.20703165 0.00097054
-0.24000417 0.02791435 -0.35406658
-0.11469606 0.18886939 -0.22471572
-0.21302463 -0.10646136 -0.37225956
0.23820049 0.18247625 -0.15081848
0.09975956 0.18476109 -0.13406858
0.22598468 0.20407288 0.23422681
0.17011277 0.20006400 -0.05130362
0.21394813 0.20550932 -0.18865983
0.20882003 0.20659439 -0.08033103
-0.20729128 0.18485580 0.15048398
0.24379399 0.20089868 0.13359389
-0.11716075 0.19013800 0.35805085
-0.04122620 0.19259648 0.35988969
0.21883979 0.19871688 0.37463778
0.10903130 0.18550472 0.12373627
-0.19652748 0.19232589 0.01825134
0.15101768 0.19906749 0.28778392
0.01696457 0.19557427 -0.20614794
-0.03647722 0.18401757 0.23906289
-0.13942587 0.18732020 -0.01712333
0.17390025 0.19142979 0.19611961
-0.09616604 0.20726046 0.23570125
0.04565856 0.20463887 0.31759807
-0.04593908 0.18828651 -0.37776512
0.08671951 0.19242734 0.07531439
0.16264986 0.18963344 0.34743115
0.10795514 0.18470456 0.17710133
-0.20720826 0.17188489 0.35668126
0.17455086 0.19571504 0.10764258
0.08964577 0.18928723 -0.12220541
-0.10256454 0.20506556 0.27117965
-0.22770306 0.18694471 -0.23906890
-0.20916018 0.10558891 0.36770177
-0.15356411 0.19352406 0.32053432
0.14477256 0.20883738 0.26477119
-0.01663096 0.20332253 0.12791669
-0.22060855 0.19679734 -0.08353106
-0.02096058 0.19257915 0.29058480
0.14723557 0.20518124 -0.16150573
0.13216259 0.18406633 0.36833492
0.24929656 0.19218719 0.36689803
0.01749816 0.19916250 -0.18461131
0.23825745 0.13316403 0.37193513
0.17280027 0.20650421 -0.33714923
-0.06110021 0.20857368 0.35054240
-0.10489943 0.18541184 0.20444569
-0.04361019 0.20614827 -0.00774300
0.22555307 0.18294202 -0.15547617
0.12805212 0.18517876 -0.15658517
0.03087814 0.20739141 0.27385753
-0.22285657 0.02180114 0.36130536
-0.05653263 0.18060987 0.13656695
-0.08106199 0.18374167 0.15233710
-0.00757520 0.19951247 0.18281697
0.07573739 0.18336132 0.16914198
0.24365312 0.18892315 -0.06883930
0.24176796 -0.01791371 -0.35833421
0.23773748 0.18377136 0.06680535
0.18779196 0.20750611 -0.25079960
0.10155532 0.20639122 -0.11425101
-0.24062434 0.20678300 -0.00176175
-0.21911587 0.18530267 -0.25452277
-0.10236517 0.19841756 -0.03389340
0.24450380 0.20306195 0.20072252
0.13150695 0.20859654 -0.31210056
-0.20685691 0.20900820 -0.14662467
-0.19641386 0.18531039 -0.23847711
-0.24441393 -0.03043575 -0.34492221
-0.19703171 0.16896163 -0.31169412
0.22199407 0.19795135 -0.06266226
-0.22776034 -0.07376976 0.36123729
-0.19502273 0.20510730 0.13165784
0.19786081 0.19580162 0.16679966
0.24758722 0.19910090 0.18093863
0.09291513 0.19590245 0.26885706
-0.10493527 0.18391122 -0.09917786
0.24353699 0.20327885 0.03498457
-0.13821757 0.19605082 -0.37934789
0.05892076 0.20420748 0.28999844
0.24494739 0.03252113 -0.34346378
-0.21443932 0.20541035 0.07743615
0.22229140 -0.08608551 0.36910990
-0.00792849 0.18341897 -0.16295159
0.24133296 -0.19768384 -0.34651467
0.24610847 -0.03512487 0.36967742
-0.19023065 0.20668884 -0.01600182
0.22848769 0.18589024 0.04754205
0.22208844 -0.03777292 0.35439843
-0.19964477 0.18261446 -0.19614720
0.15028623 0.18494710 -0.13574874
-0.22742443 0.18346049 -0.22594050
0.16468225 0.21013767 0.07398081
-0.10276539 0.18521161 0.11430067
0.23574200 0.18397501 0.22185709
-0.13543066 0.18824181 -0.28034341
-0.10715002 0.20476118 0.05441388
-0.05365181 0.20690368 0.00784594
0.24074212 -0.16234165 0.36416310
0.23336510 0.18675688 0.03051203
0.00291694 0.18575589 0.23965590
-0.23474094 -0.17125675 0.37272173
-0.13900906 0.18804078 -0.17747377
-0.19292812 0.16324802 -0.35135812
0.04881101 0.18749101 -0.17555971
-0.06312656 0.20073470 0.26820758
0.11308528 0.20755893 -0.08468140
0.09251350 0.18845490 -0.03609559
0.19789037 0.20577303 0.32848507
0.07143638 0.20407882 -0.04977957
0.01278845 0.19086885 0.08148041
-0.14807478 0.19961813 0.11204749
0.18591365 0.19246027 0.04506813
0.24227569 0.20140961 0.04543161
0.21160042 0.02037552 -0.34878597
0.24449550 0.07972789 -0.36755738
0.15542783 0.20794429 0.31420165
0.04206693 0.18056051 -0.00987550
-0.16374677 0.20476228 0.19265804
-0.06996781 0.20433694 0.11928425
-0.18083754 0.17438798 0.36488393
-0.23174523 0.07035094 0.37050489
0.02834742 0.20464851 -0.13633877
-0.16284102 0.20445272 0.29660943
-0.00244318 0.20964225 0.31904268
-0.23745143 -0.15971529 0.34719342
-0.09236772 0.19148560 0.14211059
-0.10100205 0.19502445 0.35056922
0.22814307 0.20546471 0.09771816
-0.24126071 0.10422483 -0.34300929
0.20441945 0.19138274 0.22251493
0.02917636 0.19255286 -0.26058787
0.09450614 0.20439263 0.19351318
0.20059857 0.18534377 -0.25361302
-0.19245559 0.18767010 0.21329910
0.06443254 0.18363072 -0.36972380
-0.02372229 0.20310572 -0.00570824
-0.22296913 0.17681915 -0.33275729
-0.07709041 0.20794100 0.22226353
0.17090559 0.19857609 -0.26407591
-0.23043504 0.19232042 -0.14584400
-0.16738205 0.20706256 -0.20139331
0.09710607 0.19742775 0.34826460
-0.05072599 0.19990416 -0.31107685
0.24575371 0.20673530 0.06184613
-0.22052234 0.19399956 0.06211300
-0.05436084 0.21017928 -0.36221680
0.16776393 0.20219429 0.30287290
0.09595308 0.19679257 0.20763120
-0.16537979 0.20202965 0.20642862
-0.09647137 0.18522969 0.20574515
0.22742292 0.17116821 0.36777568
-0.22501302 0.17601639 0.18212934
-0.11324136 0.20285651 -0.00849209
0.10758516 0.20905605 0.28532386
-0.23998380 0.18421605 -0.29705194
0.11856544 0.20226829 0.37312034
0.05639104 0.20623189 0.36198154
0.14512570 0.20756400 -0.04867501
0.18512322 0.19269662 0.10578552
0.13851942 0.19292749 -0.30167812
0.09231195 0.20812272 -0.07415233
0.14136757 0.20476066 -0.20494470
-0.05784228 0.20649081 0.33049577
-0.05674114 0.18421082 0.03357239
0.24179554 0.18373623 0.00288883
0.04771170 0.19398658 -0.14659733
-0.24049328 0.17721097 -0.32050139
-0.03340434 0.17899671 0.35760173
0.24189992 -0.04385783 0.34402347
0.20592026 0.20983630 0.02892376
0.11194327 0.20508480 0.30382276
0.23011528 0.20685847 -0.20021951
0.21003240 0.20640896 -0.19776984
-0.04258463 0.20289212 -0.22316824
0.17568679 0.19840674 -0.02308851
-0.21670811 0.02844857 -0.34286496
0.14930604 0.20795181 0.11515720
0.18342513 0.18721583 -0.35084432
0.20554200 0.19502565 -0.38102505
-0.22790462 0.19152395 0.18269035
-0.17675801 0.20576355 0.22088645
-0.19986919 0.20660150 -0.06392650
-0.07891078 0.19297116 0.35801339
0.22406450 0.20329478 0.27681142
-0.23407587 0.18639049 -0.31106904
0.07771602 0.20005445 0.29329735
0.24958238 0.03049750 -0.35793972
0.23938499 -0.07645696 -0.34745255
0.15181898 0.17697585 0.36927360
-0.16076654 0.20892359 0.32379335
-0.08424297 0.18537651 0.36331946
-0.21243145 0.18109518 -0.02901187
-0.20979491 0.20577431 -0.00048825
-0.23501600 0.18110088 -0.20665874
-0.21223718 -0.09322134 -0.35210550
0.16755418 0.20319933 -0.21737948
0.13060544 0.20380081 -0.14355269
0.24070418 0.19048007 -0.15258974
0.09642478 0.18594354 -0.07407965
0.22257073 0.18483405 -0.26390272
0.02023061 0.19445550 -0.07347778
-0.15384740 0.18846759 0.22492863
-0.14584109 0.18998010 0.35695034
-0.22949016 0.13349050 0.34274182
-0.24549776 -0.06140868 0.36536190
-0.11821633 0.20535585 -0.25820434
0.23531882 -0.09296101 -0.34693283
0.22794493 0.20866318 -0.17273676
0.19091819 0.20614886 0.15720676
0.23324141 0.20460607 0.18270756
-0.11995243 0.19346075 0.02185915
0.23448214 0.02273124 -0.36410326
-0.24346611 0.18194926 -0.31075436
0.09292127 0.20546804 0.27822605
0.09875800 0.19992495 -0.29672560
-0.08893343 0.20417850 0.28944352
-0.19876228 0.18541287 0.17126809
-0.12498562 0.18249154 -0.23226818
-0.21779162 0.02002686 -0.36962482
0.08161004 0.20251955 0.37530470
-0.24029627 0.16641396 -0.29556701
-0.03587345 0.18774927 0.07369680
0.22674957 -0.19289936 -0.34406129
-0.07357178 0.20419294 0.16800925
-0.16377415 0.20211135 0.18389279
0.13033983 0.20772538 0.00519397
-0.14822659 0.20242211 0.11505264
-0.11494474 0.20693094 -0.00484220
0.04642155 0.18765408 0.05251310
-0.22608177 0.18608069 0.05078329
0.14747170 0.18143335 -0.36697829
-0.23407111 0.18908347 0.05953050
0.12077037 0.19242482 0.05788089
-0.19756339 0.19089234 0.37580094
-0.21317074 0.18741916 0.14175069
0.10114005 0.18683338 -0.13080472
-0.03460267 0.20389390 -0.23690352
0.12122388 0.19385448 -0.02826547
0.17424098 0.19450912 -0.35145262
-0.22053476 0.19482748 0.27771470
-0.04671806 0.20610626 0.19450222
-0.24579579 0.19083317 0.23288113
-0.21427208 0.02156424 0.37146476
-0.23792507 0.03647842 -0.35947064
0.03677700 0.18484287 0.02518433
0.16567263 0.20925564 0.14001927
-0.04062929 0.19660452 -0.34153697
0.09314761 0.17049737 -0.36053753
0.14239483 0.19150439 -0.23029904
0.10283928 0.18784381 -0.11142154
0.19820336 0.20552866 -0.17922470
0.08614350 0.19840230 -0.37647656
-0.05566638 0.18115377 0.36828437
-0.24726072 0.19916308 0.09421780
-0.13480598 0.20454456 -0.10267348
0.18308674 0.20274483 -0.26398876
0.17116448 0.18999548 -0.07241310
0.22000380 -0.19064987 0.36865515
0.18171039 0.20405748 0.04672534
0.18156475 0.20908183 -0.11122410
-0.16782883 0.18705110 -0.36700740
-0.21299696 0.18177314 0.25485155
-0.23630995 0.20315777 -0.01895580
-0.22531424 0.18915123 0.14263549
0.16324665 0.20171945 -0.36483574
-0.10174553 0.20335959 0.20387523
-0.21474577 -0.04302832 -0.36428869
0.10682307 0.20780808 0.21241373
-0.03457508 0.18191248 0.15342717
0.08830966 0.20543717 0.31126875
0.22992979 0.19019234 -0.37083092
-0.22255759 0.19209439 0.01899898
-0.23455912 0.18754281 -0.17672765
-0.14155897 0.20433459 0.22978869
-0.19342817 0.20612384 -0.26456594
0.24707571 0.19905269 0.24683985
-0.23919863 0.18046828 -0.28264633
0.04437238 0.20523383 -0.15863711
-0.22448426 0.10024112 0.36806762
0.01458359 0.20177899 0.16252246
-0.00440140 0.18769000 0.20865408
-0.20122142 0.20749249 0.05461211
0.24527295 -0.17991768 -0.36706594
-0.09300507 0.20322038 -0.30171734
-0.17859250 0.20413364 0.08633305
-0.06176080 0.20423225 -0.35780197
0.12723388 0.20747218 -0.27861658
-0.16773002 0.20355274 0.23030175
-0.22830050 0.20605017 0.31056046
-0.24142084 0.19181459 0.34994194
-0.21455066 -0.12420903 0.37193498
-0.23391619 0.02225368 0.36352777
-0.22442026 0.19430549 -0.10023130
-0.17138319 0.18958382 0.21692696
0.08969446 0.20664859 0.12639159
0.21862949 0.18999273 -0.24743502
0.03924051 0.20302829 0.21308504
-0.07189529 0.20588925 0.07795309
-0.02673700 0.20620598 0.01120225
-0.23725456 0.20626950 0.19706333
-0.24006182 0.19830237 -0.35093573
-0.13193344 0.20591047 -0.34261560
-0.04039542 0.19929087 0.09037367
0.19586204 0.19055791 -0.16320090
0.24330047 -0.15596342 -0.34581915
0.11030671 0.19270577 0.23238730
0.22796175 0.02322705 0.36856303
0.03652595 0.20622236 0.31771383
-0.02114816 0.20791952 -0.31460446
-0.08254270 0.20742337 -0.36442539
-0.22174492 0.14853339 0.36571485
0.06275468 0.20642762 0.01478622
-0.10710996 0.19223985 0.20045780
0.03249206 0.20515756 0.05317014
-0.08281400 0.20582187 0.12567638
-0.00573344 0.18374601 0.34030044
-0.23365875 -0.18161175 -0.36358219
-0.20934345 0.07800261 -0.36026067
-0.21158418 0.19677013 -0.23621255
-0.16056465 0.20266871 -0.21096843
-0.18890791 0.17268398 -0.28706470
0.10078993 0.18881460 0.20917761
-0.23060331 0.18873878 -0.12284358
-0.09042468 0.19492400 -0.34789801
-0.11805897 0.19690655 0.28081092
-0.21707629 0.19486834 0.00533430
-0.22409156 -0.01578426 -0.34382167
0.08941409 0.20447001 0.35619551
0.22957504 0.19448940 0.16602711
-0.23815677 0.04282530 -0.36453635
-0.21007633 0.19869205 -0.26274192
-0.23433322 0.19602406 -0.04280683
0.05597652 0.18836471 0.25344405
0.16392364 0.20452662 0.29627809
0.06862743 0.20108569 0.37091103
0.11480625 0.20474701 0.18893281
-0.12232872 0.18637764 0.32795602
-0.23998639 0.11292315 0.36400017
0.22458825 0.05409950 0.34954706
-0.17426752 0.20392849 -0.27962369
-0.22588035 -0.12061726 0.37178943
-0.18003303 0.19838850 0.29567966
-0.13573192 0.20533919 0.28669038
0.00573687 0.20344228 0.00425982
0.23542225 0.12076595 0.36929336
-0.13849109 0.20404613 0.15500936
0.01214824 0.17543250 -0.36216694
0.23182647 0.15214384 0.36192361
0.14170763 0.19438758 -0.37953675
-0.09838872 0.18959965 -0.14467028
0.04730933 0.19611162 0.28240621
0.15647873 0.18717802 0.06516068
-0.03686597 0.20550860 -0.35731590
0.07661203 0.20488456 0.28819621
-0.18367456 0.20469636 -0.20256060
-0.09244791 0.20843551 -0.32135439
-0.10877061 0.20589554 0.00976700
0.13069375 0.19027996 -0.25159386
-0.19570945 0.20624445 -0.08207823
-0.21158822 -0.13492140 -0.35211438
-0.18265361 0.20612526 0.07749338
-0.02907952 0.18326537 0.00951216
-0.13705698 0.19753513 -0.34077203
-0.21941470 -0.05753112 -0.36885202
0.10946302 0.20648327 -0.29241812
-0.03244967 0.20625162 0.00243203
0.16161621 0.19233057 -0.01372203
-0.17031100 0.20104919 -0.28148788
0.19830564 0.20453396 0.09569381
-0.24639279 0.20211866 -0.25046232
0.23088591 -0.08200269 0.35210353
0.02561791 0.20537458 0.11421894
0.18120985 0.19824001 0.31303501
-0.23748249 0.20482323 0.13107547
-0.22757246 0.11138514 0.36641228
0.14888994 0.20387639 0.15391512
0.05787569 0.20230950 0.37476504
-0.15297645 0.19059666 0.22584346
-0.04245602 0.20614873 -0.12694214
-0.16170816 0.18688884 0.02613190
0.11969692 0.19729450 -0.28038737
-0.08268641 0.20534444 -0.19933328
-0.20892158 0.20818290 -0.12638885
0.12498449 0.20678888 -0.33143479
0.16614605 0.20730959 -0.25567144
0.09130664 0.18358974 0.31015745
0.21619639 0.10370547 -0.36729553
0.21829349 -0.00928483 -0.34744608
0.20677182 0.20873623 0.15046954
0.18872021 0.20449349 0.11610503
0.24411924 0.18387929 0.04396190
-0.20104836 0.20130287 0.06665946
-0.23355487 0.06361209 -0.37092954
-0.14702843 0.19056593 -0.37467295
0.20185497 0.20566976 0.05009727
-0.01319217 0.18768598 -0.07319764
0.05016065 0.20614240 0.00446529
0.07154685 0.17923926 0.24555822
-0.20494032 0.20721598 -0.18379025
0.23978981 0.20592965 -0.17845140
0.19123486 0.19561975 0.37633240
-0.03930632 0.20417452 0.22639686
0.07488235 0.18532322 -0.17212719
0.19666995 0.16990294 -0.37423220
-0.17954081 0.19037855 -0.20203607
0.10620170 0.18573041 0.12910259
0.10437756 0.20402813 0.20075078
-0.19933316 0.18843211 -0.21670753
-0.21426274 0.18290563 0.36464825
-0.22272752 0.20173240 -0.06166907
0.20108229 0.21095763 -0.22552344
-0.05304155 0.17644586 0.37057090
-0.04094377 0.20194286 0.04387576
-0.17238043 0.18148136 0.14901049
0.09396719 0.20582512 -0.36713675
0.23793809 0.18324904 -0.37854734
0.08243223 0.20569500 -0.35938841
-0.15724184 0.20726858 -0.13989308
0.20206027 0.18863764 -0.32107306
0.15517998 0.18362369 0.37135243
0.22770959 -0.04508963 -0.34862179
-0.22070028 0.20355868 -0.33445540
0.24252342 0.11473360 -0.36285684
0.00757993 0.18332292 0.31821349
-0.23724154 -0.16437468 -0.35022333
0.14302585 0.18876894 -0.36275637
0.15473029 0.20255826 -0.36407077
0.21173075 0.19263743 0.33601335
0.10494526 0.18627711 0.05975191
0.18738133 0.18239075 0.36935523
0.10831444 0.20731029 0.26512319
0.24598785 0.20020990 -0.00942026
0.06712744 0.20541604 0.05049158
-0.00832481 0.18418235 0.17513891
0.04205581 0.20653796 -0.33133385
-0.14250112 0.19544904 0.29148960
-0.24164030 0.18623336 -0.28660980
0.22847338 0.18634655 -0.04391458
0.13774310 0.19304669 0.09608401
-0.21449718 0.19263466 0.10493790
0.22226909 0.20831789 0.27031681
-0.20722148 0.20625049 -0.24480763
0.15621036 0.20122224 -0.33395019
-0.19428740 0.19059727 0.35499528
0.14666720 0.20477472 0.31163397
0.21536143 0.18423279 -0.31990427
0.20050408 0.20025849 0.05743885
0.21994168 0.18639055 0.37808865
-0.24785475 0.19618142 -0.07401392
-0.14659084 0.20604189 0.03783879
0.03829801 0.18609133 -0.35939512
0.03205995 0.20400381 -0.00907832
-0.16959171 0.20428403 0.20005356
-0.18964921 0.19095452 0.08981517
0.02539764 0.18829229 -0.34179682
0.24355549 -0.00467268 -0.35247582
0.24677579 0.19249925 0.02751091
-0.23695233 0.01265841 -0.34428144
0.00776484 0.20545082 -0.33501467
-0.09388548 0.20158899 0.24853608
-0.04385376 0.17826161 -0.08708324
0.05316084 0.20503218 0.25779685
-0.17340983 0.18608582 -0.06945568
-0.22398362 0.18440187 -0.07766044
0.01884899 0.18766853 -0.27299532
0.03859849 0.20640092 -0.02299214
0.15603168 0.19477221 -0.37742725
-0.15443647 0.19348852 -0.37496242
-0.06877567 0.20441030 -0.25402105
-0.14764446 0.20638455 0.22044750
0.23301578 0.21242583 0.06919522
-0.21832208 0.20801346 -0.10319280
-0.14245915 0.20146182 -0.09693398
-0.00927745 0.18253373 -0.35420543
0.01857865 0.20320237 0.10921200
-0.16666347 0.20622729 -0.16461509
-0.15156303 0.20372282 0.09496213
-0.11942025 0.20550884 -0.27509654
-0.06299625 0.20355141 0.20686209
0.22014619 -0.15462071 -0.35348234
-0.22318156 0.20906611 -0.23665810
-0.21912962 -0.01209299 0.37373883
-0.21137686 0.13526306 -0.33932862
-0.05525429 0.19892347 0.37204364
-0.15693808 0.20515770 -0.08009121
-0.21354982 -0.09624524 0.35700831
-0.03532708 0.17989297 0.27326420
0.23977125 0.20766705 -0.00809851
0.05562835 0.20488565 -0.24348272
0.03496826 0.18303475 0.19042456
-0.22794177 0.18690044 0.24578896
-0.07015405 0.17563570 0.36617130
0.09257957 0.18562917 0.30986568
-0.14159916 0.20804639 -0.05781182
-0.06726955 0.20147058 -0.00850248
-0.08684517 0.20395914 0.25836039
0.21056026 0.20763886 -0.01009561
-0.13493840 0.20167385 0.14691955
0.23586524 0.17752448 -0.20733809
0.23451672 0.18518397 0.12898086
0.06021031 0.20758650 -0.08612311
-0.14071980 0.18708676 0.25517249
-0.04275102 0.20496826 -0.25825524
-0.02672045 0.18308847 -0.16717619
0.10315725 0.18705003 -0.18638232
0.07669462 0.18631244 0.21546215
-0.19170785 0.16338548 -0.33927643
0.05139194 0.18853752 -0.07779637
0.14404686 0.18523081 -0.07751273
0.06154718 0.20455578 -0.20291644
0.14585473 0.20324360 0.35291785
0.12588309 0.20506479 -0.37992078
-0.06193215 0.20649764 -0.17668042
0.24576367 -0.13862550 0.34684247
-0.22621991 -0.13847016 0.37108675
0.09540021 0.19610423 0.35340300
0.16229749 0.21058060 0.26405701
-0.18230702 0.20382316 0.26957867
0.02477549 0.18783768 -0.13887835
-0.24651019 0.19715220 0.07831956
0.24219255 0.20399253 -0.26738018
0.15200640 0.20640594 -0.05202630
-0.10438091 0.19838017 0.09232683
-0.07740676 0.20631982 -0.27422911
0.15532932 0.20679152 -0.10063656
-0.16961437 0.19069795 0.35170773
-0.12293059 0.18573807 -0.01533714
-0.23549277 0.19943316 0.20990491
-0.21744266 0.19187984 0.26556149
0.08386842 0.18393010 -0.13239241
-0.17819880 0.20312165 0.24921818
-0.11579078 0.20315634 -0.30808920
-0.00548440 0.20036888 0.28614178
0.01898546 0.19422188 0.34756851
0.12080461 0.19555041 0.25669870
0.07207488 0.19094990 0.36264545
0.22039481 0.13568920 0.36598027
0.19017489 0.20915657 0.00279049
0.04760698 0.20128694 0.04574358
0.23482527 0.15003927 -0.37849370
0.21776262 0.19866456 0.00507683
0.02185210 0.20099798 0.06393762
0.07241081 0.20807548 -0.31672105
-0.10900852 0.19553903 -0.34942907
-0.09401402 0.20428471 -0.25045064
0.17456706 0.18111578 -0.10832441
0.18452710 0.20462687 0.21710905
-0.07860486 0.20560864 0.22279739
0.04236514 0.20460851 -0.21677907
-0.20226729 0.19521010 0.15237929
0.14803471 0.20875174 0.06401435
0.01277789 0.20029670 -0.26092023
-0.16825588 0.19308375 0.37321210
0.24335884 -0.10680634 -0.36515057
0.21747184 0.18021826 -0.04979200
0.16103634 0.20826842 -0.37001714
0.01686737 0.20356916 0.29592520
0.17140263 0.20917347 0.19256434
-0.11743890 0.20034367 -0.35929313
-0.19327897 0.20579880 0.21182708
0.22973175 0.14533465 0.34060249
-0.18998978 0.19030325 -0.32477534
0.13862105 0.20142169 0.32988101
-0.06478939 0.17904888 -0.35466346
0.00545306 0.18563651 0.20707773
-0.14529163 0.19881350 -0.34416005
-0.24548286 -0.12338051 -0.35301387
-0.09976950 0.18383135 0.07165129
-0.11001564 0.18737836 -0.23981217
0.00710234 0.19238828 0.11873539
-0.11741009 0.20195237 -0.07425973
-0.22405098 0.19140515 -0.06578108
-0.20261352 0.18313333 -0.34104586
-0.21302670 0.18948486 0.11625469
-0.07321060 0.20561877 -0.28831708
-0.11060363 0.19359161 0.00768226
0.00932602 0.20569572 -0.20264907
0.01519147 0.18278320 -0.02562591
-0.18295977 0.20405190 -0.31810343
0.22649755 -0.06825881 0.36852545
-0.24357328 0.13044994 0.34548238
-0.05072887 0.20002285 0.37586716
-0.17247553 0.20592570 -0.30343488
-0.09462170 0.18875283 0.03410355
0.21923588 0.19594808 -0.25742608
-0.22360095 0.15159136 -0.30958378
-0.22559430 0.20339750 0.32575300
0.05356362 0.20412290 -0.36806405
0.19724712 0.20903321 0.21758685
-0.08205652 0.18750130 0.14689517
-0.07605439 0.18906978 0.01284941
-0.24635461 0.20608827 0.09245130
-0.10291889 0.20401104 -0.15580679
-0.24162102 0.19581424 -0.23171078
-0.17988996 0.19885159 -0.37284115
-0.22051537 0.20459194 -0.27638224
0.10675144 0.20402654 -0.09378624
0.02086217 0.19995384 0.03313154
-0.13243732 0.20451671 0.09187543
-0.12931591 0.20420998 0.03202352
-0.22897011 -0.01260809 0.33993483
0.05656325 0.20462492 -0.26610306
-0.05866449 0.20413589 0.07515980
-0.24152882 0.05230524 0.35056287
0.24054691 0.20219988 -0.33874393
0.05535257 0.20254479 -0.27363205
0.23346636 0.20276727 0.17792763
-0.02488745 0.19457339 0.03104718
0.12419246 0.20836887 0.09049307
-0.17703429 0.18152456 0.35521886
-0.24114083 0.10900375 -0.35813484
-0.16116592 0.18291952 0.14932147
0.22878806 0.20502508 0.31137049
-0.09634288 0.20374298 -0.17626111
-0.19127040 0.17666247 -0.34184125
0.01026000 0.19059028 0.36367494
0.07466734 0.21002550 -0.00541747
0.10766517 0.19244511 -0.32581204
-0.05193191 0.19483271 0.31885719
-0.23549807 -0.12905429 -0.37056535
-0.15440638 0.20451328 0.16173504
0.06603229 0.20684665 0.04619588
0.23562329 0.21242958 -0.20810372
-0.07825792 0.20154667 0.11802376
-0.13058075 0.18779734 0.00345225
-0.24762107 0.19527470 -0.26502287
-0.21560141 0.20651004 -0.15973717
-0.13648735 0.18857864 -0.04313155
0.07337596 0.20180924 0.23621188
-0.24118921 0.20323333 -0.17110647
0.02407074 0.20225568 -0.29276583
-0.09685321 0.20514774 0.23681059
0.00786859 0.20475835 -0.34849116
-0.16716468 0.19849363 0.12035765
-0.22016715 0.18487351 0.12308551
-0.20609310 0.19342339 -0.37160078
0.17600143 0.19977397 0.28641951
-0.24412416 -0.07731256 -0.35978493
-0.04803805 0.18294795 0.22218071
0.13680987 0.20566151 -0.01440040
0.15585551 0.20342687 -0.25324503
-0.10791387 0.20695689 0.28902686
-0.16508073 0.19760916 0.07446329
-0.13730456 0.19741309 -0.25011438
0.22487955 0.18343113 0.07761057
0.14563787 0.18394446 -0.31978339
0.23543489 0.19167027 0.25701469
-0.08043113 0.20511177 0.27371302
0.10350937 0.19223823 0.37613717
-0.18921098 0.20866826 -0.19483978
0.07685036 0.20433728 -0.16584712
-0.21852732 0.00995401 0.37082747
0.10403480 0.19026087 -0.05901309
-0.23037842 -0.03458266 -0.34370995
0.01038424 0.20460093 0.17592824
0.23091757 0.20390654 -0.14148779
0.04725181 0.18720776 0.06845843
0.24566276 0.18723869 0.17974967
0.05217891 0.20661840 -0.11452569
0.18006751 0.20421351 0.02677352
-0.01539904 0.18823430 -0.14876947
-0.16544643 0.20691842 0.07418448
0.20631664 0.20848547 0.33891955
-0.08518037 0.19240411 -0.37407669
-0.12006542 0.20345564 0.03767744
-0.08572426 0.20171641 -0.00033672
-0.20619255 0.18156105 -0.00066600
0.09259409 0.20527110 -0.07942591
-0.12544066 0.20103024 -0.16294372
0.11183598 0.20875144 -0.01297626
0.07929009 0.20303251 -0.26278424
0.22275902 0.03386115 -0.35138953
0.15034395 0.20793518 -0.03143236
0.02158467 0.19853711 -0.33066162
-0.08755564 0.19004944 -0.11904483
0.21409586 0.18520494 0.22660740
0.20201094 0.20764141 -0.30319357
-0.16046748 0.18247415 0.36390948
0.12575465 0.20315377 0.08087255
-0.21909039 0.19589825 -0.37609667
-0.18986158 0.20719869 0.12221360
0.09961011 0.20595850 0.05312967
-0.23464434 0.17378633 -0.34316659
-0.05172235 0.19083050 0.16998729
0.07461841 0.20621313 -0.04726505
-0.09094790 0.20612906 0.09672599
0.09977090 0.20427766 -0.36876947
0.16435981 0.18766555 -0.19683655
0.08937252 0.18478642 -0.19984330
-0.17740071 0.19283485 -0.30614513
-0.20803142 0.19414292 0.11511122
0.16767125 0.18940684 0.37319314
0.22242537 0.04756467 -0.36827335
0.12951300 0.20286486 0.25685996
-0.19510379 0.18295544 -0.09695390
0.07072489 0.20979527 0.03774009
0.02805066 0.19017164 0.28962147
0.05590207 0.20727482 -0.28659007
-0.22034940 0.11045963 -0.34951514
-0.15406805 0.20494616 0.33208317
-0.06972594 0.18355560 -0.24183936
0.06647284 0.20420389 0.34900245
0.17692307 0.20181648 -0.06906308
0.13176563 0.20650525 0.16694678
-0.06522729 0.20524503 -0.13402498
-0.23045234 0.18816487 0.10760842
-0.02866669 0.20477794 0.18098667
0.03389971 0.19606669 0.23564504
-0.18466069 0.19117694 0.25114083
-0.12947959 0.20422730 -0.00317118
0.24310759 0.12103400 -0.31633803
0.19607796 0.20460364 0.27164549
0.06124776 0.20452093 -0.01760349
0.09093519 0.20374712 -0.16990760
-0.02931179 0.20311984 0.03428530
-0.23284034 0.18314059 -0.14511237
-0.02074294 0.20485596 0.14113040
-0.19546461 0.18425818 0.33112609
-0.12268698 0.19579472 0.30715275
0.05712048 0.20751344 -0.06102638
-0.07712134 0.18510093 -0.25786248
0.11657184 0.19525504 -0.31431991
0.00461669 0.20710853 0.33857444
-0.20635997 0.18320251 -0.22033982
-0.10096981 0.18677045 -0.21843305
0.21052492 0.18512438 0.03483816
-0.01259512 0.20120099 0.07548934
0.13351558 0.18257250 0.00092089
-0.09140827 0.18808106 -0.15434590
0.14245528 0.20846473 -0.36433399
-0.19780673 0.17146648 0.34113905
-0.02274243 0.18683183 0.23563561
0.05055692 0.20316541 -0.33494183
0.24315938 0.21065298 0.15691467
-0.15632735 0.20331839 0.17413564
-0.06920177 0.19466120 -0.37789541
-0.02013357 0.20408887 0.27019775
-0.10093698 0.19125137 0.12029381
-0.02483951 0.20321359 -0.04648317
-0.08244531 0.20228323 0.22180457
-0.06742153 0.18493129 -0.03142237
-0.23374799 -0.19724244 0.34257793
-0.21459252 0.20787615 0.13600770
-0.19938777 0.18108195 0.36632761
0.04957267 0.19032291 -0.25241727
-0.10466640 0.20423494 0.00793021
-0.12303582 0.20648758 0.31979665
0.22001421 0.18274373 -0.30694333
0.23248169 0.19389251 0.26010090
-0.07585691 0.20498542 -0.24773331
0.09892016 0.20522040 -0.29935718
0.07471739 0.20087856 0.11782877
-0.22993419 0.16437952 -0.35133108
-0.23160331 0.19229101 0.02286740
-0.21249095 0.18464214 0.16243693
0.17681906 0.19256705 0.36425433
0.00643612 0.20410110 0.27321711
-0.23724626 0.18958409 0.09659608
-0.05667092 0.20580821 0.18072601
-0.09649959 0.19242555 0.34772319
-0.05629037 0.19098015 0.20172703
0.22713012 -0.14310040 -0.37484750
-0.15764846 0.18989727 0.10064627
0.24777529 0.19682418 -0.03060341
-0.11800974 0.20442912 -0.00783441
-0.20563060 0.18036714 0.35708612
-0.23576753 -0.02343875 0.36650366
-0.01707457 0.18482354 -0.36261746
-0.00604759 0.20579928 -0.24101140
-0.04108952 0.18780713 -0.28500435
-0.03668938 0.20234299 0.21236476
0.02656546 0.18271939 -0.04020611
-0.08026348 0.20239717 0.09792870
-0.11996651 0.18384314 -0.18791345
-0.00902881 0.20656924 -0.10067376
0.14015286 0.20544881 0.01844630
0.00830758 0.19211189 -0.12665302
0.23803833 0.18971881 0.30641448
-0.11619987 0.19692095 -0.34184587
0.21913752 0.15318206 -0.35403121
0.22756009 0.20465097 0.28675559
0.24441481 0.18770987 -0.36946625
-0.05895690 0.20423679 -0.22668466
0.11790551 0.19618130 -0.37961900
-0.22619131 0.20870073 -0.30860388
0.00478260 0.20691311 0.05156483
-0.24154750 -0.02981563 0.35472509
0.23982999 0.18941629 -0.13840657
0.12404406 0.20424780 0.14697061
0.08686893 0.19031712 0.10638438
0.24772571 -0.01801850 0.36833584
0.03604700 0.20210102 0.09890994
-0.12292482 0.20364366 0.02448959
-0.08752905 0.19566391 0.37308788
-0.20263089 0.20723742 -0.21251629
0.11917468 0.17849568 0.36883563
0.00117081 0.20722249 -0.09421059
-0.01413422 0.20165350 0.08644522
0.23494788 0.19117059 -0.01406195
0.09026989 0.20753096 -0.11406693
0.02130823 0.18983346 0.30288368
0.23802483 0.18336286 0.22257511
-0.11364832 0.20532729 0.18245269
0.00814159 0.20284720 0.08508226
0.24214877 -0.03445895 -0.34965810
0.01166434 0.19739150 0.12474997
-0.06142487 0.20020133 -0.07173763
-0.18121117 0.20402412 -0.17502028
-0.12283704 0.20223290 0.14240927
0.10079612 0.18708642 0.19618472
0.06793083 0.20294170 -0.20076850
-0.14136399 0.20542374 0.36832079
0.03640812 0.20340806 -0.34169909
0.24821723 0.20499615 0.29934704
-0.22371306 0.09017542 -0.35991013
-0.10853983 0.20051257 -0.26725867
0.24864984 0.19569230 -0.05497141
0.22628228 -0.18800780 -0.36029103
0.20349181 0.19577658 -0.02110331
0.21412705 0.19799212 0.05358556
0.01267115 0.18784820 0.26263055
-0.23348168 0.20292494 -0.24308027
-0.18075792 0.19192900 0.12309766
-0.07897765 0.19814149 -0.36650628
0.24761918 -0.09412805 0.35289520
-0.04988648 0.20263000 0.05654723
0.24041070 0.20363228 -0.31015375
-0.21673244 -0.14062424 0.34598511
0.00765194 0.18691447 -0.10193896
0.19057007 0.19161759 -0.36953381
-0.23446292 -0.08426718 -0.36663583
0.16618633 0.19329393 0.16977912
0.07377643 0.19242209 -0.33393806
-0.07758771 0.20186137 -0.37559807
-0.19621274 0.15588652 -0.35537562
0.14916331 0.20708328 0.00178516
0.01546897 0.18960786 0.19157724
0.06790085 0.18785484 -0.12862816
0.07645987 0.20416811 0.37255436
0.12754697 0.18357426 -0.02411959
0.22637817 -0.13514304 -0.37402949
-0.24123672 0.18364121 -0.36833012
-0.22426343 -0.15262201 0.37153873
-0.20913711 0.19063662 -0.28553316
0.24582347 0.20260379 -0.37635884
0.04699308 0.20449330 -0.18451247
0.12005350 0.21007365 0.13057694
0.20452234 0.19722939 -0.05560666
-0.14885311 0.18207312 0.20350240
-0.05423780 0.19889644 0.36467540
-0.05821871 0.20542477 -0.04950868
-0.24401450 0.18572041 -0.34752953
-0.01914628 0.20835307 -0.37654924
0.06987084 0.20732059 0.06275441
-0.06218585 0.19950017 0.20457301
0.22010736 -0.04910711 0.36911714
0.00198927 0.20661288 -0.07470145
-0.07903127 0.19496834 0.36329606
0.06195357 0.20773470 0.03506748
0.20030639 0.19267541 -0.06922801
0.13997519 0.20846291 -0.01308176
-0.21890181 -0.02923598 0.36677113
-0.24052967 0.19360055 0.08685791
-0.01608502 0.19212624 0.07567696
0.22630683 0.20533077 0.14742607
-0.02028067 0.20180538 0.26827267
-0.22694024 0.18872376 -0.05842756
0.21839665 0.14533301 -0.34648868
-0.20502484 0.19152486 0.30552033
0.03199655 0.18647742 -0.35018814
0.22640258 -0.09734979 -0.34171310
-0.24441145 0.20601252 0.20915866
0.10599325 0.19058003 0.36530650
0.22933564 -0.18572848 -0.34732729
-0.18312535 0.20450689 0.19400635
0.19340953 0.20832361 0.20087388
0.24442661 0.19708847 -0.11503594
-0.22178979 0.20513996 0.28943855
-0.01057566 0.18581446 -0.37029725
0.13209958 0.20630442 -0.09604620
-0.23371293 0.14861631 0.36099309
-0.12869608 0.20326163 0.29206893
-0.22122826 0.16477701 -0.36522871
0.15689699 0.20364249 0.05364697
0.24111737 0.18044893 0.01767928
-0.09812023 0.20379785 -0.06620214
0.08682285 0.19637343 -0.10304500
0.08842099 0.20576867 -0.28043482
0.17414901 0.20640372 0.09158876
0.20299815 0.17366339 0.32231298
-0.05667413 0.18641846 -0.00583712
0.20258954 0.19335045 0.08169471
-0.03216270 0.19912948 0.08524473
-0.20997600 0.12642935 0.36859500
-0.21347372 0.19432476 -0.22980070
-0.23588942 -0.18732436 0.36528710
-0.22843973 0.19269583 -0.11437889
-0.04996547 0.20690520 -0.29520836
0.03565522 0.19275540 -0.11517410
-0.12053452 0.18970743 0.07027462
-0.23999879 -0.02999509 0.37265381
-0.09773077 0.19918238 0.11798183
-0.10309118 0.19236428 0.25866669
-0.12823693 0.20742962 -0.07653659
0.00944910 0.20509031 -0.13824943
0.24625649 -0.15099299 0.36351997
-0.05633172 0.20022212 0.37402400
0.00920291 0.20310672 -0.28741929
0.10407700 0.20749460 0.08205160
0.00768693 0.19679652 -0.21577848
0.22379152 -0.20709504 0.36711055
-0.24673834 -0.19491950 -0.35292345
0.20298626 0.19259974 -0.04773070
0.09869363 0.20611040 -0.03488875
0.05141822 0.18979688 0.36499974
0.13945900 0.18966277 -0.37605667
0.20168869 0.20630108 -0.14087449
0.16038439 0.19184409 -0.05866782
-0.24383983 -0.07214716 0.35583636
0.18004793 0.20694691 -0.27312565
0.05082582 0.19305049 0.23218101
0.24499834 -0.03281740 -0.36681023
0.00227745 0.19369306 0.16641253
