0.12605715 0.17967680 -0.39228356
0.18668601 0.07939188 0.25076550
0.19158320 0.18784709 0.18368307
0.08726358 0.18470354 -0.09387241
-0.20810047 0.14016730 -0.03602293
-0.20593649 0.18291694 0.12182435
0.17891160 0.00555571 0.40441173
0.13143994 0.18514000 0.25988978
-0.18209665 0.18274729 0.21084149
-0.07362752 0.18119876 0.37192121
0.19912463 0.17775059 0.35470575
-0.19158582 0.11525506 -0.25465134
-0.20753688 0.17554159 -0.14142106
0.21440029 0.18028066 -0.39438695
0.00565079 0.13386381 -0.35591453
0.03279436 0.13868353 0.39819443
0.10249163 0.17703559 0.08128555
-0.01118553 0.14736384 0.41108039
0.21931238 0.16252716 0.35704085
-0.18995032 -0.11201961 -0.33730400
0.11679746 0.15281785 0.02962774
0.19680552 0.13593994 0.35437331
-0.00472024 0.16678347 -0.10113156
-0.06803105 0.18037170 -0.19651848
0.11728975 0.18011115 0.04827908
-0.20744391 -0.04526202 -0.40428269
-0.00970247 0.17789014 0.31463361
-0.11894945 0.08561157 -0.38461241
-0.17708082 -0.04866239 0.40010008
-0.21639398 0.17901993 -0.40046915
0.20862402 0.07552305 0.21655907
0.02418737 0.17850451 -0.25568926
0.16075473 0.15802100 -0.28053072
-0.00987047 0.14847818 0.25169572
-0.19690019 0.17147581 0.39050728
-0.19596253 0.10869031 -0.39603737
-0.20973298 0.14224467 0.10554138
-0.04204749 0.13919134 0.22490560
-0.08918448 0.18170060 0.29720622
0.21762775 0.12102056 0.33046228
-0.17017871 0.18465531 -0.19608791
-0.08366379 0.18215206 -0.31292135
0.14575475 0.18506311 0.00821986
0.19957291 0.11042540 -0.39931068
0.01874167 0.12809977 -0.37926379
-0.17471170 -0.00359525 -0.40039715
0.19940925 -0.15430367 -0.36707288
-0.19283912 0.18257666 -0.03110993
0.13362131 0.16537644 -0.38178608
0.12223172 0.12920338 0.38778645
0.20157553 0.12094912 -0.33545187
-0.14700292 0.17440403 0.39161327
0.21527933 0.14657509 0.02449262
-0.21147394 0.13170402 0.16264738
-0.03998287 0.13823593 -0.40519795
0.21132961 0.09817621 0.30981460
-0.08920379 0.17456032 0.06781895
0.04500951 0.08944870 0.39636385
0.04150772 0.18396004 0.20459425
0.07944447 0.17895401 0.19901440
0.04201886 0.17861910 0.09182946
0.21154082 -0.05584282 -0.38879076
-0.20731053 0.17995179 0.28726688
-0.05268436 0.18094996 0.28403860
-0.20788661 0.13087949 0.28812870
0.21692854 0.15065275 -0.27801675
0.21656018 0.14226215 0.12484186
0.17272906 0.02109080 -0.40029153
0.04478540 0.17992780 0.30070913
-0.05389975 0.18133859 -0.25300655
-0.21176119 0.17080446 0.06877507
-0.17746042 0.12307468 -0.11119397
-0.07864054 0.13866708 0.38553911
-0.16598286 -0.07442042 -0.37614846
0.14934529 0.03922802 -0.39845133
0.02986943 0.18986487 -0.05123379
-0.20114377 -0.00167679 -0.34655231
-0.07648426 0.18388943 -0.27316308
-0.05460470 0.17177922 -0.25921384
0.07331178 0.18319340 0.26280674
0.04150583 0.18401632 -0.03390459
0.12357926 0.18322073 0.35845503
-0.21275336 0.14415579 0.26588884
0.16492309 0.14259410 0.10474801
0.14034894 0.16527428 -0.40740955
-0.20896995 0.09131759 0.07026511
0.10233958 0.18422425 -0.24703397
-0.20590052 -0.17151447 -0.40003052
-0.03467254 0.13970898 0.24212262
0.15909274 -0.05731451 -0.39295918
0.20056221 -0.14181122 -0.36896145
0.20840091 0.18232869 -0.17415673
0.21692319 0.10458210 -0.38743511
-0.21199176 0.06799541 0.35608155
0.01662024 0.15334722 -0.35609400
0.16782291 0.18363672 -0.35772678
-0.06059335 0.08686781 -0.39204180
0.19007318 -0.06386944 -0.40038624
0.01147079 0.15797934 0.16748612
-0.08931996 0.17604914 0.14111829
0.20754090 0.09298454 -0.05873497
0.20594305 0.09939789 -0.40382510
0.18551514 0.19168238 -0.00262529
0.10209454 0.16919008 -0.40935609
-0.10596271 0.18136361 0.27604085
-0.21065436 0.11773892 0.37678462
0.06603414 0.18468601 -0.28234503
0.07563902 0.18649888 -0.38587373
-0.16389133 0.18317021 -0.24168009
-0.21318349 0.08112101 0.36211798
-0.11556914 0.11946770 0.40153062
0.16518842 0.17379309 0.40972784
0.08799003 0.18500969 0.35219139
-0.18417713 0.12956116 0.12839530
0.17261010 0.14574723 -0.37156776
0.19556436 0.18145987 0.32187638
0.17911828 0.19005185 0.13289559
-0.05635405 0.15872046 -0.28315493
0.21722834 0.16438630 0.31942827
-0.08217634 0.15467069 0.06074522
0.00449027 0.17205149 0.41319695
-0.20999725 0.11770421 -0.18004364
-0.20990254 0.10914893 -0.12880820
-0.01134766 0.13738075 -0.03603765
0.00101064 0.15097341 0.36446485
0.19358565 -0.17816341 0.37510011
-0.22063641 0.14857957 -0.20959723
-0.20715903 -0.15665430 0.39275208
-0.06507844 0.17945255 0.14922264
0.19449480 0.14833173 0.01985769
-0.15978974 0.17980959 0.06722313
-0.08445936 0.17076454 -0.38833857
-0.21188034 0.17755820 -0.37918454
-0.21552959 0.17280734 0.16889282
0.11031608 0.15398747 -0.02090401
0.20904550 0.13774166 -0.35943666
-0.19112270 0.14534540 -0.06248051
0.18197143 0.18277891 0.14605126
-0.04221543 0.18121143 -0.35155651
-0.06955670 0.13934606 0.36222240
-0.21553443 0.10460191 0.18719113
-0.13611229 0.18494543 0.04854757
0.16209106 0.17276324 -0.01599563
0.18014547 0.18530646 0.22380508
0.02578404 0.16762783 -0.27790397
0.13436718 0.17485462 -0.38849956
-0.20970327 0.14000875 0.33710817
-0.12146196 0.18343708 -0.32221308
-0.17570582 0.15896735 -0.40507025
0.20559832 0.16481715 -0.31093705
-0.20886315 0.14537054 0.35000989
0.07290213 0.18003879 -0.27378279
0.18966065 0.09127599 0.31807908
-0.18506727 0.18519600 -0.19204700
0.21288845 0.09946219 -0.25955388
0.03522929 0.13857426 -0.33419734
-0.19837867 0.18316986 0.08147109
0.19980693 0.15116344 0.23511131
-0.11475538 0.17778121 -0.23902641
0.04773831 0.10795022 0.39442655
0.01514780 0.13052215 0.39970893
-0.16527796 -0.05884937 -0.37417808
-0.14349034 0.18503451 0.08104727
0.19900498 0.14078997 0.14434631
-0.14726257 0.17888257 -0.24043763
0.21851154 0.18374303 -0.15921420
-0.14891019 0.10611862 0.33890471
-0.20988165 0.10971597 -0.25211132
-0.18759209 0.13615124 0.01949329
0.13005008 0.19002412 0.03611206
-0.03580934 0.14243829 0.09939900
-0.20032887 0.11749440 -0.14105546
0.11161713 0.16312601 0.06493245
-0.17264920 -0.16583641 -0.39352420
-0.17217568 0.13990758 -0.02799540
-0.21242365 0.01304626 -0.36595041
0.03096563 0.18274049 0.26655927
-0.17172585 0.18182260 0.21787328
0.20772244 -0.09816248 -0.39069867
0.09031519 0.17724624 0.18508710
-0.17612630 0.18460262 0.05142083
0.17524204 0.05650980 0.40159789
0.16981387 0.14114569 0.01357536
-0.16932455 -0.12936255 -0.39017639
0.18470645 -0.05423903 0.39778894
0.20668413 0.18262418 0.13900611
0.01462316 0.12717834 -0.37627736
0.19451077 0.13333945 -0.27647734
0.21016951 0.18633236 -0.01012275
-0.16596651 0.05328514 -0.36967635
0.11581048 0.15835282 0.31675583
-0.18488908 -0.11252887 0.39891049
-0.18627441 0.11248820 -0.39606553
0.21395814 0.15497239 0.40323728
0.11949196 0.16759740 -0.12101711
-0.16431914 -0.17603314 0.38483968
0.19987999 0.10058764 -0.06068212
-0.20086746 0.09077969 0.09929137
0.05357340 0.18983464 -0.04425534
-0.19415839 0.15127720 -0.16119328
0.09633376 0.18431917 0.12040546
-0.21067446 0.06307601 -0.31969139
-0.04682010 0.12616064 -0.27365205
-0.21559657 0.15604827 0.19268151
0.00670687 0.15770096 0.18321207
0.15204367 0.14135690 0.39192751
0.18342179 0.13118044 0.37097421
-0.20704262 0.12182970 0.16996887
-0.16059312 0.03939323 0.39955473
-0.05037011 0.18267015 -0.33218348
0.07671265 0.18449375 0.32546809
-0.08330654 0.17531534 -0.23039390
0.19353235 0.03862105 -0.36231866
-0.21517749 0.09235848 0.20810200
0.05418384 0.18522546 0.21417506
0.19428264 0.18086764 0.33391738
0.14480522 0.14835685 0.13543715
0.21185814 0.10577472 0.05990950
-0.21466234 0.13881239 0.08395495
-0.09871603 0.12647311 -0.32604429
0.01920192 0.13283001 0.38494405
-0.20041151 0.18466571 0.26822218
0.14657320 0.18667586 -0.20180473
-0.20968960 0.13888250 -0.39007765
-0.16349714 0.00136549 -0.39119461
0.16598648 0.14914905 -0.13929674
0.06506642 0.18592830 0.31736338
-0.21325096 0.14051968 0.00654583
0.15798742 -0.06983338 0.35183054
-0.09698256 0.13774274 0.38325956
-0.01854366 0.12584783 0.39713919
0.11073156 0.18441691 0.30615824
0.21565755 0.17231391 -0.12249033
-0.18847957 0.01757523 -0.35109907
-0.01071474 0.18607254 0.34403339
-0.20050341 0.11099719 0.18141991
0.07722664 0.11482438 0.39204124
0.20113158 0.09266868 -0.18233591
0.07444511 0.17797750 0.07109299
-0.20681159 -0.17127551 0.39344126
-0.13918240 0.17823938 -0.21333775
0.21062627 0.18224949 -0.13066888
0.13483492 0.18005501 -0.32455486
-0.17955118 -0.16676293 -0.39325774
0.21633941 0.02405488 -0.33761317
0.10390401 0.17630115 0.30042535
-0.04049116 0.16938427 -0.07820399
0.19471981 0.15307651 0.31809667
0.04724066 0.18123460 -0.40436321
0.16160919 0.18746905 0.35691994
0.10238219 0.10750540 -0.39791691
-0.20398317 -0.04676830 -0.33500957
0.05362752 0.18487997 0.27425203
0.19252825 0.18606311 0.29934490
0.20165862 0.10974020 -0.03875989
-0.21105634 0.08385782 0.32289979
0.15070815 0.17292762 0.22884600
-0.04522373 0.14317058 -0.05410587
0.21012557 0.09752370 -0.29263914
0.20507967 0.08644897 -0.29203305
0.16093358 0.18243361 0.09778094
-0.18929544 0.18053584 0.32177460
-0.06533143 0.15758827 0.40771377
-0.20205541 0.10693776 0.00823443
0.17393726 0.09363978 0.40120828
-0.17098126 0.17225976 -0.04625367
-0.02882143 0.17945778 -0.17465520
-0.08696000 0.18213937 -0.34458303
0.11730857 0.10466737 -0.40059298
-0.10708448 0.09819868 -0.39880809
0.20187236 0.09342590 -0.13468440
0.21215403 0.05311475 0.39045221
0.16751947 0.17356487 0.36662278
0.16910557 0.18623073 0.06536229
-0.02947414 0.15949629 -0.20174107
-0.20281154 -0.10264502 -0.39444128
0.10848936 0.18602891 0.18336207
-0.13175561 0.18499297 0.26650953
-0.05271709 0.17989677 -0.29336980
-0.20229533 0.14042738 0.12299343
0.19832678 0.13273194 0.17310834
-0.18131231 0.12972052 -0.38962007
0.21774819 0.17193548 0.10542699
-0.21046607 -0.11418149 -0.39940336
-0.08358689 0.14225529 0.24538907
0.16425212 0.18412566 0.27416563
-0.17287798 0.15267664 0.20575006
-0.03133637 0.18424156 0.08793378
-0.09677875 0.17909244 0.08837277
0.15678129 0.18156600 -0.09943833
0.17211747 -0.00315785 -0.40174153
-0.21035655 0.10294309 0.37441179
0.04699463 0.14066368 -0.18964176
0.21090859 -0.00487117 0.40257195
0.19793254 0.18502015 0.19746718
0.01738158 0.18034984 -0.27378443
-0.04717495 0.18176293 0.16229376
-0.20716794 0.09072205 -0.28247893
0.19407091 0.11044192 -0.18906733
0.16118319 0.18194106 0.37529173
-0.19156501 0.12410890 0.40525955
-0.18823591 0.18373911 0.05909234
0.01142288 0.12011156 0.41326112
-0.13716985 0.05991451 0.40241933
-0.00767650 0.18063533 -0.28684670
0.17876014 0.09540062 0.39714870
-0.17653105 0.12678766 -0.32792357
-0.12859163 0.13089547 -0.19150317
0.15075862 0.18603671 0.07606246
-0.20748973 -0.01259732 0.40329888
0.13527362 0.17993121 -0.02358948
-0.06178432 0.17988376 -0.07658075
-0.19596897 0.18118954 -0.06690133
0.20537210 0.17912757 -0.29459691
-0.20699699 0.08967578 0.32713583
0.15349227 0.07585385 -0.35587579
-0.17554151 0.06565569 0.39690924
0.20970041 0.12653007 0.35339859
0.20201880 0.09959200 -0.18173316
-0.19147594 0.08116131 -0.40365967
0.13830990 0.11264607 -0.23162290
0.17361104 0.16992103 0.37096414
-0.03461939 0.18400978 0.24484591
0.16938339 0.11749098 -0.36037052
-0.07219933 0.09703937 0.39459348
-0.19256254 0.04975022 -0.35509351
-0.19027574 0.18288581 0.31114620
0.21924284 0.15299144 -0.02139977
0.16470663 -0.00640433 -0.39378005
0.14489815 0.16375527 -0.17682739
-0.20843841 0.13477315 0.19235200
0.04372055 0.17946635 0.17909628
-0.18437730 0.15666124 0.25023946
0.20933419 0.08584969 0.11603681
-0.17324480 -0.16683447 0.38771135
-0.10725227 0.18096378 0.30827826
-0.13070232 0.18021879 0.27370033
0.17272159 -0.00004870 0.35756820
-0.07562957 0.17188153 -0.14254898
-0.16180426 0.17669487 0.19524020
0.20649195 0.08715224 -0.20929992
-0.19267048 0.18528233 0.24000992
-0.21455151 0.13415547 -0.00617898
0.18619950 0.18768603 0.06520712
0.20040166 0.09254942 -0.26264271
0.06238943 0.18456420 -0.11179160
0.21269274 0.17878874 -0.37080210
0.00249756 0.17632727 -0.22742487
0.18652850 0.08980051 0.39806613
0.19663577 0.18276331 0.13049063
-0.13823812 0.18260665 0.21781486
-0.02382131 0.18540956 -0.38895974
-0.11973874 0.17267986 -0.40352845
0.19417530 0.10642800 -0.04188221
0.15497351 0.18739319 -0.28060606
0.14096561 0.17960320 0.12708300
0.16177019 0.00684310 0.39425012
-0.21285619 0.09035552 -0.12211411
0.19683692 -0.03736742 0.40126777
0.19230014 -0.07227698 -0.40073651
-0.05986061 0.18167035 -0.24034961
-0.05027489 0.17692922 -0.39622545
-0.10279630 0.17900768 -0.08161734
0.09308460 0.14877133 -0.27954164
-0.05576054 0.17717046 0.33530393
0.20992613 0.17074026 -0.01229055
0.04367530 0.14415249 -0.34471324
-0.20477945 0.16531251 -0.07486479
0.11216610 0.12054006 0.39569429
-0.20935979 0.18561843 -0.14938459
0.14871003 0.16466910 -0.22031532
-0.11721128 0.15678607 -0.40280986
0.05405228 0.18481494 0.03859930
0.20829667 -0.10735044 0.36257723
-0.14536494 0.15954138 0.29919332
-0.18920948 0.14373516 0.09687310
-0.04156951 0.17947796 -0.05653454
-0.16651590 0.10747679 -0.40114006
-0.13081020 0.12940703 -0.38922310
-0.08482315 0.15272787 -0.06429377
0.01542391 0.16191280 0.28165883
-0.18642315 -0.06829576 -0.40220687
0.11970244 0.18740216 0.07731297
-0.20715594 0.02912892 -0.37550452
-0.21397264 0.07656458 0.15986723
0.20940769 0.00743441 0.36260042
0.21760067 0.15702155 0.25052387
0.15336965 0.18389972 0.27130288
0.12327630 0.18102814 0.01991122
-0.19852382 0.09744763 -0.11919462
0.19662705 0.08874531 0.04880185
0.08868778 0.17100817 0.15662964
-0.17875215 0.13913457 0.21252127
-0.21599261 -0.16164769 -0.37175381
-0.21040422 0.13167363 0.23306584
0.04307660 0.17649610 0.00554514
0.15040734 0.18854968 0.21070704
0.17178504 -0.15906140 -0.39945552
-0.21796964 0.15933627 -0.01377637
-0.15491511 0.17436686 0.04614730
0.10610309 0.18425676 -0.21299787
0.16667558 -0.14715989 -0.39759868
0.18224545 0.12903668 0.14855471
0.02894323 0.17288789 0.40691224
-0.04211167 0.18200746 0.40032709
0.02323241 0.18392742 0.37076733
0.01162749 0.13827871 0.33296224
0.18214323 0.11860996 -0.21682870
-0.12671699 0.17352721 0.35910136
0.17912729 -0.15509455 -0.34417090
0.21102916 0.18446293 0.29250324
0.17429884 0.16221727 -0.08028018
-0.22029321 0.16487619 -0.24137616
-0.17344913 0.17146432 -0.40634996
0.20986748 0.18681434 0.23571362
0.13515553 0.09621982 -0.40074620
-0.18593104 -0.00827144 0.34883839
0.21418037 0.07920435 0.32284683
0.03866435 0.11387119 0.39403427
-0.14442964 0.18369120 -0.05703436
-0.09312788 0.18402860 0.19720767
0.06303470 0.08720098 0.39764205
-0.13741261 0.10659082 0.39339614
-0.07761569 0.12119910 0.38274807
-0.19785462 0.18572284 0.13854176
0.09977239 0.18620764 0.40485302
0.01871197 0.18277383 0.24875620
-0.03273640 0.18129230 0.14349976
-0.16586286 0.08107705 -0.37944022
-0.20791863 -0.01470566 0.37155598
-0.17855237 0.16308749 -0.40434742
-0.17742828 0.12269865 -0.15466973
0.20770703 0.09826697 -0.09372154
0.19335683 0.18148851 -0.23010901
-0.17938358 -0.08869328 0.34292102
0.21416351 0.10586523 -0.39129090
0.17747650 -0.03735947 -0.40146938
0.21353950 0.14396851 0.10098504
-0.21706480 0.11812528 0.07276025
-0.18941222 0.14544345 0.07081365
0.06673893 0.14576235 -0.37923405
0.14811674 0.11253502 -0.21133184
0.11931236 0.17631653 -0.32285154
-0.06184668 0.17893280 -0.20364493
0.12567769 0.18468185 0.28426480
-0.09773730 0.15673338 -0.20958337
0.03486004 0.17914097 0.09768564
-0.04999801 0.17129447 -0.18947756
-0.02647501 0.17759272 0.06127171
-0.13532153 0.17910911 0.24670337
-0.05212903 0.18185432 -0.26455048
0.20746587 0.09391254 -0.23128691
-0.18810841 0.04592751 -0.34253135
0.21776760 0.18054691 0.01118572
0.14152700 0.18582137 -0.17806280
-0.13653344 0.14181581 0.40486389
-0.18362470 0.18689887 -0.10773592
-0.21485415 0.14608797 -0.12944293
-0.21504416 0.12046950 0.18151785
0.03819317 0.18627895 -0.04578926
0.06701411 0.14964250 0.17678869
-0.19922455 0.13450101 -0.24211521
-0.21065474 -0.15728046 0.40307832
0.19674037 0.08404598 -0.33521923
-0.06303443 0.07082967 0.39893997
-0.17484070 -0.07753351 -0.35286665
-0.17283462 0.18125990 0.23470815
-0.18060869 0.17441380 -0.00138730
-0.21039294 0.11421602 -0.09725739
-0.21751766 0.16026138 -0.12853748
-0.14155510 0.17599948 -0.12745565
-0.18015014 0.13664190 -0.04486699
0.01098041 0.18045220 0.18743776
0.21666594 0.18444188 -0.25790420
-0.17948186 0.13504840 -0.13899942
0.12728620 0.18457644 -0.35264015
0.13144633 0.14086963 0.07928888
0.13006991 0.18340673 -0.21374685
0.21639960 0.09368066 -0.16902561
-0.21270679 0.17109400 -0.29224440
-0.00639638 0.17731743 -0.23569691
-0.03882768 0.11682961 -0.40180492
-0.07443321 0.18027577 -0.04726195
0.20017986 0.14395428 -0.17925167
0.01985551 0.14169921 0.07500722
0.17126988 0.05142590 -0.39933074
-0.12912242 0.18573476 -0.37084186
-0.04651762 0.12315351 -0.22989184
0.20459345 0.17807460 0.06921889
-0.21760139 -0.08393295 -0.35781124
-0.09873480 0.15193884 0.37055272
-0.21371864 0.16583399 0.30602628
-0.09344180 0.18161786 0.32202932
-0.20858034 0.08603437 -0.18911287
0.04859767 0.18235072 0.04523201
-0.18080597 0.14196767 0.18853574
-0.03510726 0.18052137 -0.31635696
0.21590057 0.17173459 -0.17095771
-0.21039926 0.08083051 -0.13037740
-0.19679505 0.17888637 -0.17401242
0.16208397 0.14231104 0.32899183
0.16155252 0.18412347 -0.12372810
-0.20731652 0.08946287 -0.12467587
0.21363798 0.07825965 -0.29219437
-0.17161171 -0.12878637 0.35745737
-0.18181761 0.03626875 0.33723038
0.19826201 0.18674463 -0.36588436
-0.13612956 0.17722686 -0.40586779
-0.16519079 -0.04129119 0.39197156
0.21105945 0.08609391 -0.31304812
-0.11285315 0.14156821 0.31714886
0.21445459 -0.01591355 0.39412251
-0.20798060 0.11518312 -0.13431641
0.01219669 0.17753422 0.39186811
-0.20436549 0.16644077 -0.02467947
-0.16902006 0.16933137 -0.40665710
0.15674983 0.17048298 0.08259847
0.09886220 0.18549262 0.09424913
0.12794255 0.18629567 -0.32568339
0.20747809 0.09376279 0.08770889
0.05421086 0.17556269 0.00073833
0.09204374 0.08757076 0.41035113
0.10048350 0.14432195 0.12729156
-0.01453266 0.07101865 0.40133843
-0.20809112 0.00785460 -0.39898005
-0.04367003 0.13799179 0.25337926
0.14400247 0.13447925 0.14102682
-0.21571495 0.17981119 -0.10070232
0.12776773 0.18580507 0.09870877
-0.20757622 -0.13752274 0.40229324
-0.01087038 0.16927822 -0.29746991
-0.17405513 -0.03348491 0.39658487
0.16881619 0.18868484 0.32165340
0.06233929 0.14652818 0.13942528
-0.21672487 0.17062762 -0.38845548
-0.20347908 0.15774851 -0.01157149
-0.15858121 0.18437763 -0.20633002
0.13558477 0.17975044 0.38193437
0.21201491 0.11046157 -0.21180564
0.03119368 0.14440125 -0.40676835
0.02874764 0.18573950 0.26224628
-0.01553589 0.15319379 0.36541274
0.17501730 0.07907486 -0.33113018
0.08729015 0.12812980 0.39696085
-0.03566780 0.18226770 -0.21458554
0.14562190 0.12722476 -0.20630068
0.11115351 0.18720062 0.38684168
0.21466933 0.17141408 0.15591425
-0.09696487 0.18205625 -0.23086755
0.10747356 0.18098027 -0.26466706
0.21229392 0.17650552 0.08312511
-0.04802964 0.17206123 -0.06300078
0.11816543 0.13006170 0.37209129
0.19269140 0.11895106 0.10517481
-0.21676163 0.17548531 -0.15288986
0.04758528 0.18035857 0.39605117
-0.20116347 0.10867968 0.21266375
0.17140314 0.04508520 0.40139446
-0.14995106 0.18306001 0.06785062
-0.16740476 0.17492068 -0.07229366
0.20690434 0.18503602 0.22361217
0.16471329 0.15919401 -0.39134148
-0.12492496 0.17792450 -0.16674311
-0.16290763 -0.04120647 -0.37451351
0.21079805 0.12908646 -0.18434227
0.04001534 0.19168583 0.26181898
-0.05944620 0.18136518 -0.18890332
0.16126323 -0.05993508 0.34988704
0.01521873 0.10543709 0.39509267
0.11050044 0.17602752 -0.15104228
0.21005560 0.18046714 0.01205679
0.02936593 0.16378966 -0.40073174
-0.14895567 0.17809165 0.40580359
-0.16175088 0.18236996 0.04023621
0.21700615 0.15077846 0.14890571
-0.00769368 0.17268676 0.38700384
-0.01124529 0.09749737 0.40432066
0.15531960 0.16119267 0.10838968
-0.17354953 0.08082507 -0.39514941
0.02118461 0.18169133 -0.32906330
-0.03991662 0.16000523 -0.19207495
-0.20656683 0.17414837 -0.06308028
-0.01381241 0.17917624 0.10250594
0.21244745 0.13101816 0.15988217
0.16627930 0.17080249 -0.34137204
-0.20017624 0.18158107 -0.10503018
0.17433184 0.13577498 -0.19308914
0.11503328 0.14224967 0.39684257
0.02153143 0.18320048 -0.02452876
-0.20773709 0.16838104 -0.23946907
0.05851176 0.17900744 -0.00231683
0.06844366 0.17610919 0.12198865
-0.04881460 0.17813638 0.02479122
0.19804496 0.09019476 -0.40053368
-0.17338362 0.17150052 0.39387909
0.21273626 0.09950139 -0.07561172
-0.20887250 0.11099486 0.16005637
0.06046484 0.18278134 0.13481723
0.02083724 0.12752578 0.41085458
0.19344252 0.18802492 0.05076136
-0.08255617 0.15658326 -0.10676373
0.10293218 0.13847664 0.39079732
-0.06600445 0.18232158 0.32420924
0.21459231 0.18297023 0.35849056
0.19581586 0.05088783 0.39793143
0.19268635 0.18620032 0.24912904
-0.21529004 0.10239119 0.24210787
-0.20833863 -0.18579802 0.39080673
-0.21460177 0.17339356 0.14314064
0.19327159 0.17586325 -0.36221054
-0.21147865 0.09363797 -0.22932731
-0.00454431 0.13998052 0.10594463
0.10780545 0.14264461 0.40153527
0.02479178 0.16211411 -0.19904640
-0.08647782 0.18353094 -0.25181344
-0.14936511 0.16956915 0.40534601
0.19546130 0.10088590 0.40334362
0.08980809 0.17253125 -0.19454134
-0.15593287 0.18752861 0.10648192
-0.17587392 -0.07096888 -0.39877960
0.20443189 0.09445562 0.21453713
-0.21362776 0.09423229 -0.08153880
0.19833595 0.18573079 -0.20326644
0.18587281 0.04030251 0.34912536
-0.21522282 0.13481016 -0.35632721
-0.17974284 -0.09005751 0.34333092
-0.20780940 -0.08568984 0.37033749
-0.14086334 0.10682532 -0.39985344
-0.07458806 0.18474029 0.38088462
0.20940717 0.16586667 -0.03403321
0.22406104 0.18063354 -0.14619738
-0.20890142 -0.01899170 -0.40548733
-0.00093842 0.18199080 0.22204936
-0.13744383 0.18287688 0.02987631
0.03653938 0.18394452 -0.09195109
-0.21890205 0.14401589 -0.11173786
0.14235112 0.18463773 -0.26676691
0.09139528 0.18315016 0.10278343
0.19649568 0.18632866 -0.32289603
0.16980021 0.04368129 0.34329966
0.21493894 0.11834921 -0.00430864
-0.05868361 0.13029051 -0.38984045
-0.07941514 0.18135433 0.22368324
0.20510146 0.00182623 0.40476486
-0.11077498 0.13956198 0.28083518
0.12934281 0.18096195 -0.06722467
-0.13233456 0.18537715 0.29836801
0.16971968 0.08152534 -0.39672446
-0.21534967 0.14917503 -0.26599541
-0.11449578 0.18161722 -0.36547455
0.12874874 0.15410043 -0.08078150
0.18133363 0.15024301 -0.31501892
0.21860833 0.15416688 -0.17114425
0.19929107 -0.18700245 0.37586030
0.16099650 0.05145700 -0.35699081
-0.00601730 0.18237242 0.33165357
0.17828764 0.18253759 0.23700660
-0.14426631 0.17741418 -0.12829250
-0.13637623 0.12073979 0.40143812
-0.21684532 0.14230826 0.05378370
0.17948647 0.18955532 -0.17421141
-0.12579867 0.10407729 -0.39951271
-0.13419324 0.13820107 0.16512887
0.01376022 0.16695413 -0.38176405
0.15802862 0.18221194 0.21416804
-0.05955211 0.17584886 0.18171106
-0.20718238 -0.12758914 0.40625063
-0.20675874 0.13402568 -0.39904615
0.09791825 0.18491207 -0.34891081
0.20551018 0.09307813 -0.04611221
-0.20400895 -0.18383937 0.39227030
0.21580862 -0.03312331 0.36503053
0.06990599 0.18312988 -0.12565410
0.17337348 0.18216304 0.07090640
0.10690911 0.14893244 -0.29538873
0.04338625 0.18167266 0.14782667
0.21055868 0.18923157 0.05097096
-0.18939328 0.17698590 -0.27058530
-0.03524087 0.17659204 -0.00707285
0.20021100 0.15135971 0.09703584
-0.20890258 0.13067557 0.11326873
0.20751761 0.11771388 0.14104955
-0.21280865 0.14670703 0.38320714
-0.18058257 0.03324673 -0.40986961
0.21353081 0.17610632 0.36366296
-0.20579137 0.10705303 0.23551969
0.04137727 0.15358214 0.24018605
-0.03570493 0.17984053 -0.12797387
-0.14623681 0.17779836 0.34445027
-0.19733684 0.04313816 -0.34343719
0.18413316 0.18209845 -0.19656575
-0.08437562 0.12649131 -0.37859935
0.21164814 -0.15136746 0.34674874
0.12817164 0.12042293 0.24197397
-0.18480285 0.18568362 0.20710051
-0.10059771 0.08950878 -0.39813900
-0.17787324 0.12016776 0.40374622
0.00756940 0.18189885 -0.31979260
-0.17093600 -0.00310492 -0.39055836
-0.21001138 0.12615776 -0.28159723
-0.05339772 0.17165114 -0.08525821
0.09894957 0.18619801 -0.36510774
-0.20681313 0.18181254 0.07175373
0.01382136 0.17342368 -0.15316519
-0.19586141 0.16104600 -0.34884769
0.06747799 0.18448910 0.14768662
-0.21163832 0.14874509 0.08454876
-0.12313925 0.18020397 0.29385847
0.01488440 0.16505787 0.11271303
0.17721178 0.16892922 0.32799259
0.20889024 0.07786912 -0.23790514
0.05390299 0.18663225 -0.31139287
-0.21523289 0.18141910 -0.13458012
0.16922632 0.16991381 0.38877797
0.21097997 0.12113665 0.27152050
-0.12702249 0.18394835 -0.24033317
-0.13077694 0.12236981 -0.38919783
-0.02060926 0.18057279 0.39007920
-0.16462046 0.05914974 -0.36652431
-0.16234529 0.17166848 -0.39783314
-0.04256063 0.15892084 -0.34371248
0.08015533 0.17600732 -0.22401139
0.15977158 0.19070482 -0.16509594
-0.02515400 0.17223819 0.37867257
-0.17214279 0.13893661 0.30807883
-0.11128865 0.14433123 0.40767878
0.03455343 0.17964683 -0.26782006
-0.09322941 0.14827295 0.41187125
0.08178495 0.17025203 -0.39259869
0.16937737 0.04422644 -0.40230858
-0.07267399 0.18111421 0.09054632
-0.04457877 0.17845380 -0.11396322
-0.17609571 0.17644520 -0.33872917
-0.20875432 -0.01746687 -0.40145805
0.03569235 0.14095084 -0.19319741
-0.17124940 0.18195552 -0.02132858
0.09060526 0.18389273 0.25729862
-0.21588016 0.13758545 -0.32779282
0.09193211 0.18454236 0.06588965
0.22209178 0.16897485 -0.16798478
0.05958061 0.17935652 0.29030648
0.03226628 0.18224889 -0.25741646
-0.21292467 0.09198170 -0.08881228
0.03261722 0.17497982 0.39904350
-0.21011175 0.17140247 0.05553620
-0.16650498 -0.09456751 0.39799577
0.21480750 0.09679522 -0.29657319
-0.15730286 0.18246524 0.11839893
-0.19760333 0.17426190 -0.18610004
-0.12504248 0.18709891 0.29538751
0.20639554 -0.16309631 0.37480861
0.15880474 0.17962199 0.18120946
-0.15394403 0.18017644 0.39244646
0.05734796 0.15548129 -0.21191029
0.14851519 0.16395174 -0.39479625
-0.06665348 0.18141137 0.11305915
0.00345421 0.18352851 -0.09639770
0.07034174 0.17890517 0.38518813
-0.17586143 0.18425702 0.37423253
0.20523240 0.14847086 -0.07682364
-0.21072634 0.09641337 0.26308656
0.07621196 0.14545654 0.38267350
-0.20836134 0.10501184 0.15635593
-0.21005766 0.14731829 0.12773375
-0.15792611 -0.05194401 0.39372367
0.16905807 -0.13824129 -0.39695221
0.12730610 0.18365008 -0.27777758
0.13211875 0.18691005 -0.18815583
-0.19987077 0.11852286 -0.20843320
0.01509427 0.18439689 0.35777906
0.02752282 0.18270020 -0.13163722
-0.05490634 0.14307751 0.17985871
0.16263548 -0.13490632 -0.39578000
-0.20783037 0.08937819 0.25174910
0.10532346 0.18216068 -0.02681993
0.21315691 0.04962290 -0.36979550
-0.06885577 0.18157294 0.17102385
-0.17534265 0.16823290 0.30732644
0.09476547 0.18240321 -0.08882382
-0.04155140 0.17940386 -0.40417340
0.20290211 0.09566414 -0.16852248
0.00518663 0.18116200 -0.22422218
0.11710310 0.18136205 0.20093301
0.02527001 0.17506647 0.16293931
0.21440278 0.02389033 0.38122752
0.00323908 0.13667294 0.34477285
0.19406278 -0.15893018 -0.35265601
-0.15553477 0.18421091 0.32637125
0.21268268 -0.06263237 0.39694548
0.20345767 0.11038168 -0.19522779
-0.18858844 0.15476997 -0.20169091
-0.05690663 0.18389179 0.03495478
-0.11547597 0.13692547 0.34130588
0.20062707 0.12594560 0.06477147
-0.09175339 0.15023011 0.40717125
0.15397000 0.16842714 -0.07512782
0.04163013 0.18260737 -0.18614991
-0.05646553 0.18325278 0.00636039
0.01156051 0.15520006 -0.18479481
0.17765009 -0.12741718 0.39164394
-0.00000340 0.16354233 0.01796132
0.18849212 0.18245251 0.16859663
-0.21131104 0.09035602 0.33294451
-0.04318635 0.18562548 0.40182501
0.20984946 0.10218358 0.01258079
0.16144723 0.14168975 0.40766749
0.17631066 -0.15082718 0.35839084
-0.20735940 -0.00925694 0.35212085
-0.18691029 0.18332835 0.34657207
-0.18396115 0.18620364 0.04003389
0.15041515 0.14991745 -0.31450084
0.14782511 0.18635413 0.17695835
0.21585125 0.11024943 -0.21831498
-0.20979527 0.10495624 -0.20907097
-0.20738274 0.17025752 -0.27569187
-0.04504177 0.18351509 0.23421220
0.18965764 0.01245787 0.40195146
0.21120632 0.17979050 0.09188993
0.18701713 0.18512091 0.24657179
0.21882641 0.06490512 0.32301164
-0.17932172 0.15399979 0.16301700
-0.07401364 0.08241469 0.40281186
-0.21462797 0.12892069 0.01957726
0.17679690 0.13971317 0.10817911
0.19410093 0.12441964 -0.18930630
-0.08978114 0.07872706 -0.39771894
0.15421295 0.13032894 0.38748708
0.21613678 0.11518753 -0.36672819
0.05009601 0.18235308 0.38447234
-0.15883482 0.18194178 -0.04563262
0.12158882 0.17719160 0.06483743
-0.21295184 0.12987088 0.21864110
-0.02764110 0.07713723 -0.39467698
-0.01603786 0.18413344 0.12899342
0.13572161 0.14246020 -0.33495075
0.21449862 0.17928685 0.20807183
0.05175707 0.18492173 0.16556576
-0.08733565 0.18223445 0.14755550
0.15967651 0.16776180 0.36582649
0.21618307 0.04865807 0.34324712
0.21049450 0.09378802 0.03430904
0.19525975 -0.18679354 -0.34875587
-0.10135058 0.17949390 -0.04571588
-0.19990307 -0.18457967 -0.36017352
-0.21593958 0.14431813 0.18529315
0.02115790 0.18100883 0.22580351
0.05896327 0.17452028 -0.27411106
-0.16180554 0.18772495 0.11944413
0.06223660 0.08185861 -0.38907659
0.07965375 0.17821699 0.40791827
-0.15838017 0.17476799 0.40845582
-0.03119308 0.18105617 -0.13285360
-0.09254499 0.18206741 -0.24660449
-0.20251685 0.09286204 -0.05923943
-0.10149643 0.15251251 0.14558338
-0.20900659 -0.04272463 0.36530390
0.21552917 0.12379307 0.09211524
-0.17396747 0.15447773 0.18590865
-0.10169903 0.13705225 0.27084506
-0.02269397 0.18044889 0.29857370
0.20273960 0.18208507 -0.03350114
0.00377327 0.13763556 0.40484074
-0.19443916 0.18451521 -0.12340479
-0.19193096 0.15996401 -0.13171940
-0.19893301 0.13199793 -0.25507054
-0.21357526 0.12696971 0.23501426
0.17863253 0.19011198 -0.06718839
0.17899935 -0.09153448 -0.34274840
-0.14917099 0.13413380 0.40758333
0.19125159 0.13303363 -0.25997233
0.10176448 0.12705478 0.40392497
-0.19342054 0.18505484 -0.18868761
-0.05316699 0.17821884 0.07960629
0.18097252 0.13135301 -0.40524533
0.20160690 -0.02692067 0.40535721
0.03631422 0.17889237 0.29825506
0.17960122 -0.08131860 0.39530325
0.18053243 0.10985991 0.00805337
-0.01263575 0.15110676 0.00657333
0.02445797 0.16526768 -0.37960684
-0.00640284 0.18166468 0.11879300
-0.21346729 0.09873547 0.33134809
0.14544240 0.09853701 0.33444333
0.13286939 0.18542409 0.27522087
-0.18750151 0.02170322 -0.34365788
-0.13843437 0.18423598 -0.31384945
0.21073183 0.06350683 0.27860475
-0.21382451 0.15441966 0.37267384
-0.21760236 0.13076583 0.14977655
-0.21019883 0.09226283 -0.23821926
-0.21028191 0.08382181 -0.20417517
-0.10436742 0.17621426 0.26970255
-0.05055798 0.18275814 0.19610038
-0.00384689 0.09244433 0.40109381
0.20545554 0.14190021 0.27522084
0.15999131 0.03038669 -0.39165819
0.21348505 0.16523015 -0.18576545
-0.01454218 0.18516783 -0.03150718
-0.09905913 0.12746735 -0.40280977
0.19539776 0.18928483 -0.09113843
-0.21099710 0.09110550 0.01317551
0.18800038 0.18140382 -0.28646007
-0.21095724 0.11669462 -0.16788282
-0.21639666 0.12451515 0.04604144
-0.17752443 0.18565069 -0.34024185
-0.10943012 0.17905726 0.05327330
-0.06702466 0.18295541 0.39127481
-0.16311818 0.13643062 0.32999671
-0.18643269 0.02135382 -0.39787325
-0.21019590 -0.10674530 0.35624474
-0.19515894 0.18023442 0.25732487
-0.19233257 0.16259125 -0.15800945
0.06319623 0.18194523 -0.01667259
0.17673248 0.03609234 -0.33515120
0.03132363 0.10843262 0.39458638
-0.21394828 0.07919076 0.24878281
-0.15509093 0.18194379 0.21391180
-0.02928949 0.15122013 0.28785345
-0.16892402 0.13841821 0.18159026
0.09635009 0.18384843 -0.34436670
0.10923047 0.14049384 0.37047538
0.12222831 0.17160122 -0.39788064
0.01219133 0.17782079 -0.03392537
-0.18758331 0.10089635 -0.40564901
-0.18612692 0.17116483 0.40758315
0.19341238 0.03592352 0.39777926
-0.01557171 0.18122935 -0.07729319
0.20435765 0.11169003 -0.10769706
-0.21190508 0.06072362 0.36558926
-0.00295221 0.18374929 -0.21688952
0.18910691 0.07836484 0.27648118
-0.14075287 0.18404678 0.28108117
0.20848256 -0.02310584 -0.36501285
0.04375965 0.18222231 0.21231556
0.01998324 0.16251568 -0.21475057
-0.05654185 0.16789316 0.39991599
0.13264571 0.16563123 -0.22690406
-0.00952017 0.14700580 -0.18463154
-0.18263036 0.18283510 -0.14090642
-0.19032457 -0.01056712 -0.33947492
-0.01662719 0.13109946 -0.39389351
0.21173024 0.17357366 0.13721012
0.06539382 0.18193963 -0.21746816
-0.18932480 -0.02169763 -0.33894417
0.00032998 0.14773375 0.25252303
-0.21379833 0.17723952 0.04710539
-0.21590024 0.13034312 0.21440814
0.17957699 0.17871293 -0.32766137
-0.21093938 0.13606545 0.16674079
-0.21059023 0.14784986 -0.38467488
-0.08664138 0.17758881 -0.26129431
-0.20034471 0.08626318 0.40409204
-0.17944375 0.14022242 0.24479792
0.17691107 0.19020911 0.08958155
-0.14191581 0.17414400 -0.09543890
0.21032731 0.16714892 0.27998957
0.12347731 0.18517102 -0.04577759
-0.19484423 0.17387941 -0.12534522
0.03593997 0.17717408 -0.05178250
0.21095662 -0.06861750 -0.36715579
-0.20106728 0.18489785 -0.26112831
0.21167973 0.18380855 -0.27523240
0.22471383 0.18575063 -0.16331844
-0.04535418 0.18402712 -0.36041191
-0.17944536 -0.00559926 0.40312955
0.16126925 0.16087973 -0.10535700
0.02849473 0.13720579 0.02012049
0.13420193 0.17303969 0.39616936
0.01113954 0.17070769 0.09390280
0.16043608 0.13257176 -0.31320211
-0.08303629 0.18142915 -0.34184754
-0.05998392 0.15178670 0.35254830
-0.03789889 0.17194948 -0.23057865
0.17060098 0.17205094 0.26917079
-0.21013582 0.11373341 -0.30903965
-0.19117565 -0.05701128 -0.33505780
0.00992783 0.18201272 -0.25710762
-0.15290710 0.15730886 0.21823233
0.14770292 0.13483793 0.34228319
-0.20638266 -0.15510516 -0.39227274
-0.21264409 -0.16207977 -0.37555104
-0.03045100 0.15161815 0.10033087
-0.03443149 0.17032798 -0.20027946
-0.14186782 0.17657313 0.10932273
0.08439255 0.17818499 0.18399084
0.20747054 0.08586331 0.10549280
0.18980542 0.18533915 0.20689860
-0.13686663 0.14967495 0.24683225
-0.05732898 0.18193804 -0.31944218
0.00531733 0.12700626 -0.37831777
-0.17334247 0.17250721 -0.34225774
0.20792471 0.18908370 0.06591046
0.16807082 -0.18008626 0.39462370
0.01289448 0.18143868 0.38999602
-0.13272657 0.17803858 0.19598724
-0.19874202 0.03510975 0.35135195
-0.21228285 0.18258905 0.18268031
0.13559288 0.18603276 0.25267491
-0.21559708 0.15273665 -0.02918908
-0.12494546 0.17966992 -0.37285447
0.21320005 0.17187762 -0.24559408
-0.20695820 0.01240577 -0.40222728
-0.16328360 0.18738435 0.36568981
-0.17750661 -0.01518684 0.39676735
-0.11200548 0.10539304 0.39825973
0.20888200 0.19019489 -0.23589313
0.21287270 0.15708306 -0.18228152
-0.11989714 0.18094949 0.17640036
0.20697483 0.17860325 0.33065808
-0.17229627 0.17239174 -0.27915221
-0.06405113 0.08005283 0.39887530
0.16586840 0.11343906 -0.17432165
0.13707903 0.18512161 0.21093090
0.05972528 0.14815307 0.16479652
-0.19783615 0.18298189 -0.31118053
-0.09579951 0.18272927 0.24245949
-0.21936509 0.14499266 -0.18875568
-0.00695764 0.17386736 0.24028502
0.10618223 0.17245470 0.40561363
-0.01755179 0.17838608 0.19292957
-0.19941606 0.18628293 -0.30359030
-0.12760991 0.18408866 -0.28434414
-0.13263395 0.17500788 -0.14528896
0.03584037 0.16063792 -0.40640205
