0.11521982 0.14042765 0.26373532
-0.04824734 0.15121950 0.14516655
0.03740558 0.15990566 0.28490096
-0.15636663 0.16804329 0.12167953
0.02458765 0.16371323 0.10641938
0.17782311 0.13628410 0.14602584
-0.00875310 0.13894434 -0.39835519
-0.13371456 0.15203057 0.16290276
0.14127472 0.16220191 -0.04383683
-0.15551884 0.16061139 -0.06617956
0.17733686 0.14270717 0.05111873
-0.17870449 0.14362092 -0.24783999
-0.17306343 0.13883838 -0.22669412
-0.11739124 0.11870813 0.30819523
-0.03542227 0.14298289 -0.21455650
-0.16047984 0.16163300 0.29784608
0.10785926 0.13804783 0.31769440
0.20332865 0.15139717 -0.22088477
0.03746231 0.15599459 -0.05937987
0.14125028 0.15341063 -0.00799766
0.11450249 0.14247489 0.17988937
-0.06391245 0.16594812 0.29266974
-0.07663791 0.16593871 -0.21074297
-0.16275127 0.14363053 0.21498878
0.20363179 0.13151681 -0.23040789
-0.02556874 0.13605458 -0.28270608
-0.01561765 0.14734614 0.20120370
0.03978973 0.16131209 0.27932024
-0.16592501 -0.07263476 -0.27832738
-0.16548987 0.01282128 -0.30245867
-0.07568337 0.15597953 0.13025656
-0.07500159 0.15553208 0.39516917
0.11936910 0.16480154 0.27254766
0.16717580 0.15252110 0.04658524
-0.06699599 0.15358198 0.37789503
0.19755749 0.14139815 -0.26394492
0.18688774 -0.02606739 0.29324001
0.09434903 0.14934339 0.04705868
0.03354830 0.14687102 0.25297552
-0.10395224 0.16273259 -0.31659511
0.08543797 0.14943951 -0.10904942
0.12364800 0.16246711 -0.09581812
-0.17953596 -0.04059362 0.26584455
0.09809582 0.15569921 -0.32829505
-0.12619075 0.14187457 -0.41654521
-0.01039480 0.14047657 0.27234590
-0.12632564 0.15877002 -0.09368260
-0.06728969 0.16124837 0.21834035
-0.00485427 0.12752104 -0.28340909
0.07441830 0.14740330 0.39894706
0.05650672 0.14197657 0.29032883
-0.08010174 0.15525576 -0.43302447
-0.06793617 0.14732081 -0.00461768
-0.16121462 0.15959533 0.37888992
0.10025012 0.16110286 0.33966339
0.18982606 0.16097172 0.42612600
0.10445038 0.14607356 0.03331633
0.05448452 0.16363555 -0.05240319
-0.15741433 0.15257087 0.09953459
0.15547049 -0.09052156 -0.30220646
0.02609454 0.14473997 0.23996013
0.19405453 0.14413047 0.03571551
-0.00666902 0.14755496 0.22927757
-0.05172284 0.14774211 0.24648292
-0.16786960 0.14120683 0.32401672
-0.13523133 0.14410888 0.38455227
-0.08850204 0.14387679 -0.15691343
0.04379250 0.16769181 -0.05477856
0.06307974 0.14291471 -0.12779295
-0.05637591 0.15523949 -0.39868563
-0.16287303 0.05706739 -0.28244177
-0.04389957 0.13253088 0.31510293
-0.08897877 0.15706007 -0.06924106
-0.02063575 0.16197516 0.07048425
-0.15309618 0.16472356 0.14955959
0.01884611 0.16128899 0.38158381
-0.19555490 0.15247232 0.31525207
0.20123146 0.15040649 0.28066045
0.03571556 0.16224189 0.11665437
0.00389508 0.14232838 0.06298632
-0.14506702 0.15645914 0.40501890
-0.16707934 0.09915146 0.30620462
0.07635832 0.15369724 0.15334758
0.19375354 0.15230323 -0.23402317
0.15861933 0.16221847 -0.20612009
-0.01375988 0.16347547 -0.30513805
-0.01736068 0.14407057 0.36171913
-0.16769943 0.15026535 -0.25330740
0.00716633 0.13738759 -0.10572072
-0.05077525 0.15075865 0.17060076
-0.18281640 0.09366879 -0.31967923
0.06101774 0.15481082 0.42634732
-0.19949302 0.16019976 -0.00707321
0.08318084 0.16206570 0.22924647
-0.01897673 0.13987321 -0.18582144
-0.04904683 0.15050887 -0.31392369
0.16697559 0.05441993 0.27330220
-0.02906587 0.15056968 -0.29022658
0.09481080 0.15994437 -0.36652544
0.13780393 0.14036392 0.15338241
-0.16808461 0.16200611 0.35827717
-0.06354691 0.16238748 0.23168896
0.15424100 0.16222620 0.20734587
-0.13601664 0.15020551 0.09426850
0.04297636 0.14015986 0.00873643
0.06279645 0.16321848 -0.32267934
-0.15960555 0.15982004 0.30419835
0.15978168 -0.14469968 -0.31093726
0.05349755 0.16002907 0.03250483
0.14517632 0.14652506 0.42925614
-0.15771252 0.16602285 0.00580164
-0.12472335 0.15590423 0.43267459
-0.12084441 0.13720056 0.23686822
-0.20140064 0.16224585 0.09103833
0.16552572 0.15133381 0.25916022
0.16872720 0.01357812 -0.28985846
0.01014686 0.16341579 -0.37553635
-0.01078354 0.14007291 -0.36889678
0.16961779 0.13485415 -0.01693803
0.06726579 0.14933018 0.23277299
-0.13651830 0.16131657 -0.18066759
0.08741744 0.16031279 0.19520645
-0.18120071 0.15140635 -0.30006063
-0.19123125 0.15628691 -0.01769090
-0.18174280 0.10720896 -0.33202666
0.04968955 0.16031304 -0.31912765
0.18292797 -0.11319789 -0.27108663
-0.00922965 0.16213547 -0.23928307
-0.09081926 0.16275451 -0.30194601
-0.00253893 0.16319294 -0.05155583
0.13938127 0.15098751 -0.01024088
-0.12560083 0.14004464 -0.19810376
0.03303385 0.15828633 0.38236499
0.07368565 0.14678235 0.29354864
0.07325041 0.14858758 -0.13876210
0.18189539 -0.05742142 0.29176494
0.00419832 0.15506203 0.42399833
0.02491901 0.15857349 0.11751780
-0.15931538 0.13070557 -0.37697911
0.01346315 0.15176184 0.04035338
-0.08976375 0.15939796 0.08184476
-0.15369451 0.15000841 -0.42813548
0.10929853 0.14950804 0.27327770
0.18349992 0.11923603 -0.25725096
0.19643340 0.15733580 -0.00793869
-0.16803139 -0.06870924 0.30509979
-0.11586424 0.16630220 -0.17287515
0.09866616 0.15161690 -0.42874882
0.10414618 0.15941387 0.28054374
0.06134884 0.14885047 -0.17417008
-0.07591715 0.15825799 0.21655019
0.09186544 0.13586493 0.32616541
-0.17690210 0.15339774 0.29770556
0.11417171 0.15414321 -0.43636295
-0.18451795 0.13500112 -0.01812761
0.19485544 0.04090344 -0.28472629
-0.17512082 0.14195824 -0.22482781
0.05670899 0.15523969 0.26861122
0.09050568 0.14461909 -0.24500796
0.19534135 0.16089989 0.06378412
-0.05678992 0.16480084 0.01021066
0.15614173 0.11064263 0.34636182
-0.18710975 0.13725901 0.09720373
0.00739164 0.16529612 -0.34950706
0.18284287 0.13687496 -0.04115249
0.03634017 0.16408600 0.00445994
-0.04788375 0.15550978 0.04722489
-0.18896408 0.15501752 0.42843324
0.09500144 0.14895336 -0.10695133
-0.16706410 0.02444608 0.26413932
0.00777215 0.16287738 0.29993606
0.16818222 -0.15645847 -0.26848939
0.12926085 0.13503487 0.21699217
-0.16080318 0.14935239 0.05456210
-0.01331360 0.16483656 0.25145048
0.05533662 0.15829639 -0.02142368
0.19500224 0.15975696 0.11581319
0.05358408 0.15197755 0.43048865
0.14393434 0.15131770 -0.02079097
-0.10123985 0.13767064 -0.15058009
-0.00452255 0.14124304 0.22641797
0.03194783 0.14133711 0.15704827
-0.18844829 0.14744854 -0.42951387
0.18284878 0.14521326 0.17333181
-0.17625707 0.15560088 -0.04984254
0.04323454 0.16696844 -0.16771120
0.06863421 0.16347408 0.30087683
-0.04522021 0.14814019 -0.19935445
0.12949938 0.15890400 0.33311072
-0.15667975 0.02200682 -0.28262547
0.17903174 0.15168443 0.36186698
-0.12603152 0.11477195 -0.32621479
0.18141873 0.15496148 0.16952850
0.19126917 0.16497725 0.15095565
-0.03751479 0.14138304 -0.17389266
-0.07313969 0.14880866 0.10023655
0.10483730 0.16361588 -0.08282806
-0.10449121 0.16077548 -0.38999367
-0.04453070 0.15268938 -0.39074031
0.16250977 0.07448578 0.25452235
0.17308109 0.05544077 -0.29693860
-0.06213211 0.15007120 0.25844386
0.03350168 0.12034489 0.31105369
-0.13322103 0.16070546 -0.36693162
0.01036685 0.13991360 0.40544832
-0.17103453 0.16283141 -0.02819040
-0.07138527 0.15979421 0.37020507
0.11899886 0.14199138 -0.18272384
-0.03328359 0.15438712 0.02839995
-0.03411359 0.16347156 0.13879028
0.15523110 0.14763568 -0.11549000
-0.01099168 0.16085795 -0.35523528
-0.16318253 0.12029404 -0.28444523
0.18919897 0.05402567 -0.28683549
0.10671701 0.16258521 -0.24627395
0.17136452 0.00300376 -0.28102568
-0.00513804 0.16412808 -0.16839728
-0.15335307 0.15439536 0.09316553
0.14336061 0.14608905 -0.20898952
-0.10829613 0.13124909 -0.12009270
0.13993154 0.14730099 -0.14438464
-0.08686402 0.15818550 -0.26738587
-0.15122193 0.11681863 -0.27129495
-0.17542233 -0.04374525 -0.30426341
-0.00842098 0.15573624 -0.23993835
-0.03504814 0.15684289 -0.01885107
-0.03985645 0.14279106 0.27023947
-0.01519571 0.14901605 0.29584676
0.17601876 0.15870053 -0.41332915
0.05506931 0.14919047 -0.06360423
0.15220132 0.14362690 -0.21140385
0.07871087 0.15417461 -0.02184296
-0.00096275 0.14253952 -0.41370124
0.14921668 0.14020102 -0.11803989
0.15904194 0.14792305 -0.10843324
0.11868024 0.14879063 -0.12288449
0.13298337 0.15021545 -0.40274131
0.01998884 0.14938360 -0.42824298
-0.05283493 0.14067879 0.23867725
0.14545834 0.14618228 0.30708423
-0.19962461 0.15845400 0.25518170
0.09722575 0.16473557 0.28945386
-0.15232517 0.14428404 -0.21835649
-0.18661231 0.16195156 -0.19079863
0.02730013 0.16277288 -0.32097504
-0.08265428 0.15625365 0.18002795
-0.06970668 0.16048470 -0.33967116
-0.09904514 0.15035282 0.17827505
0.18305039 0.15005113 -0.07457280
-0.15558572 0.15612070 -0.43021530
0.19333886 -0.08894995 -0.29018316
-0.14097589 0.15300119 -0.25452498
0.01635195 0.14832231 -0.32591388
0.18392417 0.15684524 -0.09600239
-0.10882702 0.15855718 -0.07867832
-0.04174703 0.15432495 -0.33539960
0.03700618 0.14133318 -0.36556745
0.18403570 0.15563157 -0.21879552
-0.17194329 0.06951898 0.25011885
0.06086060 0.16098624 0.05357402
-0.18411388 0.14870124 -0.13658161
0.12296988 0.14491287 0.05648942
-0.08605314 0.15487619 -0.23614047
0.18579237 0.15836813 0.40502149
0.00685944 0.14366660 0.02836484
0.02698973 0.14958896 -0.08869392
0.03302696 0.13608694 -0.32621127
0.02102699 0.16282433 0.34214571
0.14460893 0.16399433 -0.35302234
-0.07673445 0.16304903 0.15175650
0.03238185 0.16851383 0.13669184
-0.06994103 0.16030170 -0.19626501
-0.01028191 0.16336502 0.38061446
-0.16937894 -0.03352553 -0.29870948
-0.08631245 0.16281156 -0.31618500
-0.17968643 0.09304887 -0.30926758
0.03607217 0.16235203 0.39067179
-0.06503609 0.16557275 0.05104390
-0.18774644 -0.15482995 -0.28576034
0.16855976 0.13059968 -0.28069028
0.20320022 0.14839728 -0.41708529
0.08470368 0.15012655 -0.36800635
-0.09392001 0.14889789 -0.40676564
-0.15639070 0.16234031 0.02913537
0.04040377 0.16517550 -0.11220171
0.06060721 0.15763025 -0.41349423
0.16510350 0.13695304 -0.30306181
0.20263384 0.15848261 0.01412850
0.16501206 0.03796664 -0.29868227
0.04833650 0.16020946 0.20307067
0.15638168 0.16390555 0.16220966
0.17974938 0.15979059 -0.01645720
0.14796528 0.14410108 -0.26025233
0.08683416 0.16361506 -0.07381344
-0.05303519 0.13403088 -0.27445847
-0.11060493 0.12729231 0.09615022
-0.08039358 0.15635742 -0.17319131
0.02762006 0.16344753 -0.13202684
-0.06086671 0.16544633 -0.19820945
0.06678198 0.16301067 0.31334129
-0.17925502 0.13804427 0.19818363
0.08449106 0.12888221 -0.15855147
0.15470472 0.14483659 0.05528952
-0.09165976 0.15921243 -0.01824871
0.14742416 0.16422372 -0.11287968
0.19745649 0.13764571 0.38542655
-0.19451836 0.15210631 -0.07168369
-0.17484882 0.16116266 0.27200457
-0.00113415 0.13503799 -0.03175056
-0.17101754 0.15928981 -0.12854257
-0.18902083 0.16927056 -0.02926720
-0.07748928 0.14446707 0.27741328
0.19170615 0.15175915 0.18887083
-0.17391825 0.12886858 -0.25378513
-0.01377511 0.16522601 -0.12324184
-0.18042134 0.15455502 -0.38622388
0.06461813 0.15294962 -0.20067134
-0.13024074 0.15144232 0.10846031
0.17425372 -0.00172790 -0.30041766
0.19088961 -0.02827553 -0.28777725
0.11470707 0.14554374 -0.25090343
0.05672647 0.16556846 0.20489538
0.17822418 0.16477296 -0.08653508
-0.09613303 0.11606038 0.14976914
-0.02278988 0.16146368 -0.12350136
0.17949077 0.09253420 -0.37972420
0.17919789 -0.10088408 -0.29847524
0.04524188 0.15241009 0.15460126
-0.15705511 0.13809438 0.32741502
0.06643566 0.13975275 0.20541725
0.09946831 0.15517117 -0.35857102
-0.15927371 -0.04885603 0.27196127
0.19043133 0.07366663 0.30935514
-0.15691306 0.00309646 0.29725668
0.04553142 0.11358542 -0.30187014
0.07570915 0.16216680 -0.20114392
0.13094862 0.14198257 -0.34961998
-0.00371993 0.16070741 -0.25808972
-0.13795805 0.14723390 0.08823120
0.18654560 -0.00340014 0.28654978
-0.14006989 0.15158482 0.04944300
-0.18056102 -0.05564907 -0.28567764
-0.15303497 0.16118938 0.01585663
0.17507084 -0.07066594 0.28679481
-0.10380492 0.15632339 -0.21411404
0.07837322 0.15937057 -0.15156342
-0.11354730 0.14589961 0.22800581
-0.07527881 0.15180302 0.13448988
-0.09822521 0.16119874 0.04432224
0.17791334 0.01857996 -0.31566158
-0.15505612 -0.09424405 0.26837569
-0.14270110 0.15543106 0.18310986
0.16857857 -0.08766213 0.31405696
-0.13321331 0.15571900 0.23129979
0.09027583 0.15251625 0.14007500
0.16075978 0.13125943 0.06744013
0.09438878 0.16384552 -0.15511851
-0.05577525 0.15242840 0.28617316
-0.20073903 0.16227466 -0.26013443
-0.00727794 0.15812795 0.41970897
-0.06477349 0.16054079 0.21337919
0.19076534 0.14491706 0.29213780
-0.17753996 0.01129540 -0.29442811
-0.14153491 0.14819896 0.12877379
-0.17138365 0.16480903 -0.24652208
0.14525509 0.16692504 -0.05380702
0.04660044 0.16185029 0.07138019
0.01979623 0.15507080 0.29360107
-0.19235393 0.15726438 -0.08060419
-0.06396914 0.15880039 -0.35473394
0.03894999 0.15995957 0.08239271
0.09353953 0.16179752 0.27536795
0.03468453 0.15553108 0.42250463
-0.17449954 -0.11128688 0.30591902
-0.16560076 -0.11263007 -0.28748882
0.13211405 0.09028584 0.32119602
0.18142454 0.16314511 -0.26564732
-0.07652471 0.15621069 0.31683379
0.10250673 0.15179868 0.33667031
0.13636066 0.15851879 0.00233162
-0.17785856 0.15260567 0.36871326
0.02010430 0.15272319 -0.16165520
0.18669428 0.15643738 0.40351814
0.11654115 0.16562374 0.30327916
0.13617289 0.16182216 0.29992253
-0.09881434 0.13734740 0.03034297
-0.12505767 0.14820501 -0.30586082
0.00430437 0.14907891 -0.12053074
0.14835536 0.08838046 0.26932588
-0.07439193 0.14279801 0.00487491
0.16422422 0.14348774 0.00813456
0.04062887 0.16277890 -0.33106628
0.19096002 0.15953673 0.35326147
-0.06211890 0.13910483 0.29783189
-0.05394217 0.15702647 0.00703726
-0.17684613 0.13160959 -0.24175452
-0.20277545 0.14477983 -0.40296644
0.15909700 0.13338198 0.01304149
0.19112019 -0.11966428 0.28946495
-0.16775243 0.15021363 -0.12551947
-0.18733421 0.15471579 -0.09000256
-0.15928188 0.16300520 -0.01293991
-0.14217913 0.16254093 0.25782222
-0.12730797 0.12694344 0.27225205
0.04717047 0.16419446 -0.03000689
-0.12593985 0.15119180 0.24808712
0.15494132 0.16181952 0.37442502
-0.03181000 0.14372377 0.07484596
0.12550306 0.13397621 -0.35882181
-0.12337347 0.15083998 -0.42325550
-0.08638645 0.16757809 -0.05071936
0.07507870 0.16386916 0.00247348
0.18899256 0.15476838 -0.36591098
-0.20051923 0.15376855 -0.06973195
0.08023380 0.14985046 -0.32069400
-0.00599224 0.15070081 0.03884571
-0.14764291 0.16636026 0.06097731
-0.17801054 0.16147198 -0.16890922
-0.00623365 0.14237815 0.43230620
0.19382118 0.15096346 0.07413404
0.11489901 0.15384789 0.42820287
-0.07418421 0.12155981 -0.19345109
0.05847261 0.14448364 -0.08677237
-0.18902493 -0.11285802 -0.28163922
-0.00358945 0.16476890 -0.26844031
0.05230827 0.14386731 -0.29158273
-0.17434323 0.15815146 -0.18126220
0.15617664 0.11993716 -0.31515956
0.09142631 0.16290127 -0.33221555
0.12625536 0.14863084 0.00999726
-0.14220920 0.16327867 -0.20778278
0.01472054 0.15131387 0.42027822
0.19394702 0.16135398 0.18969192
-0.09872934 0.14757888 -0.27893505
0.12972732 0.16527310 -0.05136063
-0.12574762 0.10743976 0.27843729
0.13890737 0.14481877 0.08855645
0.15231791 0.14064518 -0.16451690
0.11990473 0.14550665 -0.04168816
-0.16494673 -0.12107659 -0.29569447
0.00214666 0.15877789 -0.05782896
-0.02338401 0.14830445 -0.21316732
0.05528322 0.10349875 -0.29469532
-0.04325145 0.16095673 0.25935611
0.18366277 0.13711528 0.00497142
-0.06208007 0.16239232 0.31748781
0.14700541 0.14508969 -0.19041502
-0.07144266 0.15492398 -0.39584604
0.20326936 0.16200379 0.29410103
-0.18231471 0.11842290 -0.33923581
-0.16077109 0.16256993 -0.34286416
0.18272185 -0.10242406 -0.30770704
0.16250704 0.13791895 -0.17955440
0.05714979 0.14990744 0.40007412
-0.15139236 0.15849839 0.39461112
0.09457341 0.15910579 0.26718432
-0.06523474 0.16585067 0.21113154
0.18722583 0.16142567 0.08087745
0.18967909 0.16246381 0.40329826
0.09707567 0.13876569 0.30002427
-0.02194302 0.16070291 0.07809383
-0.17654924 0.03338908 0.29470411
-0.03978831 0.16258618 -0.01223954
0.16412728 0.13624991 0.15834184
-0.16644749 0.12937872 -0.07589759
-0.13183916 0.16135669 -0.05044395
0.19713530 0.15409069 -0.08004960
0.04793764 0.15947922 0.05667607
0.12151832 0.15792979 0.39560851
0.10738348 0.15539783 0.34051001
0.00026910 0.15975010 0.02928402
-0.20000120 0.15106890 -0.39776674
-0.08934334 0.16604796 -0.21200958
-0.19854051 0.15566668 0.05076511
-0.13835347 0.13449465 -0.06504564
0.19576034 0.15542182 -0.01556256
-0.14978433 0.12554212 -0.38382411
-0.17796409 0.12224616 0.37460256
-0.08125139 0.16449927 -0.29608649
-0.17408647 0.02742860 0.31793928
-0.09705478 0.13589279 -0.00012184
0.04228453 0.13985057 -0.00714913
0.19829716 0.16081847 0.17127091
0.13361143 0.11543338 0.34310910
-0.07643031 0.15479434 -0.08858445
-0.03138833 0.13910589 -0.35063043
-0.16914849 0.01341267 -0.30072752
-0.19461454 0.15515332 0.13096526
-0.05230545 0.15421341 -0.34791443
-0.18572508 0.14364542 -0.42857248
-0.01427833 0.15907007 0.27837077
-0.19730569 0.15579349 -0.00484298
0.18411532 0.16188389 0.11617155
0.17808579 0.15167314 0.31857979
-0.13964540 0.15771370 -0.34061968
0.02619341 0.14478832 -0.19045076
0.05383854 0.13581438 -0.12250427
0.13429128 0.16790703 -0.24500594
-0.05066181 0.16107710 -0.38927129
-0.18955915 0.14656180 0.40569645
-0.02433657 0.15708424 -0.12880561
0.18519612 0.14540611 -0.43006921
-0.00143402 0.16767231 -0.07920009
0.15266505 0.15518923 -0.00800246
-0.11297124 0.15562326 -0.40748408
-0.00934210 0.16371997 -0.25417703
-0.02425116 0.15049013 0.39944270
0.12845799 0.16844341 0.36264524
0.11889355 0.14615156 -0.30009761
0.06947772 0.16015072 -0.05829065
-0.17628083 0.16263752 0.33711249
-0.05157902 0.14315900 0.10293807
-0.03086343 0.13182110 -0.08584696
-0.18300015 -0.04592990 0.27287695
-0.19629227 0.15971585 -0.06375039
0.00268259 0.16641220 -0.05594252
-0.05388574 0.14597853 -0.22855000
0.15169846 0.16557086 -0.06099394
-0.14445044 0.15045139 -0.24334157
-0.15280083 0.15075253 0.41244283
-0.14564751 0.15837397 -0.31655246
-0.19659515 0.16244845 0.11801753
-0.19193472 0.16565450 0.30489111
0.07108824 0.15115522 0.31643289
-0.17683561 0.14638257 0.32590812
-0.00241191 0.15791845 -0.09223951
-0.05857568 0.14485455 0.34319431
-0.10016663 0.16090390 0.17582808
0.15361802 0.15057284 -0.25180417
0.09001581 0.15769351 -0.34841520
-0.16281740 0.13140109 -0.32398379
0.07411371 0.14223859 -0.03556980
-0.14880380 0.14121397 -0.18969147
-0.02283757 0.14356759 -0.41352350
-0.02023601 0.16158968 0.33849064
-0.03587868 0.14617433 -0.25278276
0.03270889 0.14250951 0.04554720
0.00244414 0.15373001 -0.06864395
-0.14222614 0.15007043 0.26822117
-0.05574371 0.14446141 0.32393301
-0.16038781 0.12998843 -0.12190398
0.19364558 0.16309375 0.33831275
-0.04366523 0.14940256 0.11588031
0.11678562 0.16456972 0.26240367
-0.09571252 0.16646338 -0.31637415
0.00147947 0.16031601 -0.12834597
-0.07244959 0.16412786 0.22492354
0.19584776 0.16064826 0.30385706
0.10207488 0.16070955 0.04005131
0.05591914 0.15265404 -0.27715415
-0.02300033 0.14838442 -0.31462359
0.02665716 0.16074266 0.29669797
0.18059549 -0.01598741 0.30674767
-0.16767494 0.00000428 -0.31246769
-0.19788903 0.14998139 -0.33104941
0.07004347 0.14218648 -0.23120701
0.04042086 0.14507712 -0.39198673
0.03994449 0.14860928 -0.21665867
-0.14683083 0.15965879 -0.35538539
0.12364180 0.16025215 0.42461938
-0.13202988 0.14456166 0.14052090
-0.16845390 0.14251201 -0.28742620
0.00254054 0.14240406 -0.14469191
0.11659111 0.15045099 0.43272895
0.13124704 0.16324478 -0.24102035
-0.20215896 0.15930320 -0.18980131
0.00575807 0.15282907 0.14374061
-0.07856891 0.16266590 0.37594378
-0.17073117 -0.12493840 0.26198655
-0.03104314 0.16318561 -0.14873226
-0.08143675 0.13640168 -0.19315965
-0.18034121 -0.04862484 -0.27836573
-0.13583054 0.16451612 -0.40802488
-0.19910537 0.15159473 0.26220453
0.14782305 0.16432436 -0.06022948
-0.16739002 0.08900110 0.28854677
0.09848978 0.16449566 -0.17501903
0.10643842 0.14704461 -0.27457052
-0.13761188 0.15524347 -0.39292139
0.13586131 0.15923095 -0.30950356
0.16983511 0.16143142 -0.40611112
0.04176886 0.15207319 -0.41654417
0.18830615 -0.15187939 -0.29042318
-0.16245428 0.05676260 -0.27951270
-0.05268191 0.13771249 -0.03529963
-0.02830351 0.14032635 -0.09697995
-0.14730236 0.14359273 0.16889830
-0.10676318 0.16457427 0.22508824
-0.12220215 0.16209872 0.39303282
0.10140404 0.15069799 -0.10762794
0.05321155 0.14497592 0.24630412
0.01606657 0.14507996 0.21031085
0.18678632 0.14219041 -0.32151890
-0.13878909 0.15200451 0.34350196
0.12071858 0.15745863 0.23900923
-0.06503720 0.13014540 -0.04496781
-0.18270135 0.14469436 -0.12536402
-0.00033456 0.15634231 -0.40395293
0.01704239 0.14347860 0.12476571
-0.16117811 0.15880246 0.42855540
0.17043854 0.15185748 0.04088039
0.05770859 0.14746682 0.38327199
-0.19344653 0.15871456 0.16417903
0.10901901 0.16322368 0.11650112
-0.09317277 0.15046439 0.43395609
-0.00671683 0.14706115 0.19514734
0.15989774 0.16053545 0.00106476
0.01431593 0.15838432 0.01265065
-0.16344573 0.13725522 0.16207014
0.12989654 0.15171167 0.25618365
0.02856776 0.15556949 -0.35768256
-0.08605295 0.14129470 -0.27372295
0.07293256 0.13813151 0.22979465
0.08095286 0.15318361 -0.42514867
0.00038850 0.14849782 -0.30163783
0.15363009 0.15058075 -0.07367518
-0.18250765 0.07909954 0.32580352
0.00096921 0.16620390 0.15657039
-0.16025947 -0.16274077 -0.29932761
0.05126747 0.13834281 0.09542578
-0.11525609 0.13790847 0.38097748
0.07917836 0.14558974 -0.23334746
-0.17623770 0.10305876 -0.34656125
-0.07041886 0.13826104 0.33927882
0.08733266 0.15753908 0.17446351
-0.17398587 -0.14041370 -0.28558251
-0.14147194 0.13175513 -0.31604141
0.11694888 0.16599570 0.19755423
-0.17605096 -0.07144208 -0.31405526
-0.17762965 -0.03230674 -0.27341479
-0.17476033 0.13461001 0.42641369
-0.02871295 0.14888388 -0.27704647
-0.01940229 0.13509682 0.05923323
0.19612545 0.15973578 -0.35548851
0.13537242 0.15694241 0.16074973
-0.02926603 0.14352165 -0.02280449
0.04102531 0.14587703 -0.20608179
-0.03983332 0.16190986 -0.34872445
-0.19490819 0.15954682 -0.20354596
0.19893335 0.16293053 -0.36415491
0.16781269 -0.10874621 -0.27178964
0.08428742 0.15762059 0.06249669
0.09489663 0.16610366 0.01843435
-0.03166463 0.14235492 -0.16611671
-0.14334872 0.14885804 -0.14028753
-0.08943702 0.15640067 0.33491081
0.08855389 0.15772665 -0.11586612
0.17229962 0.14419416 -0.10576867
-0.13211854 0.12002663 0.31344476
-0.07757939 0.15131979 0.16037105
-0.15215510 0.12082240 0.28039593
0.10983783 0.14765200 -0.14891113
0.04065627 0.14632027 -0.21452245
-0.10973077 0.13972232 -0.33922219
0.17108163 0.16623798 -0.41115564
0.11087777 0.15173016 -0.11152891
0.08645537 0.15257159 0.16206935
-0.05176586 0.16290349 -0.35810727
0.05637999 0.14801693 -0.06378143
-0.03152523 0.16407801 0.35174146
-0.05345330 0.15557122 0.10470921
0.12722425 0.16094953 -0.38862896
-0.15223849 0.10315859 -0.32258642
0.14506903 0.16153060 0.28745547
-0.20007274 0.15320489 0.38531753
0.17370039 0.16279127 0.15186673
-0.15921271 0.15052669 0.17618857
0.06407724 0.16047326 -0.27098495
0.03456500 0.15342453 -0.26126328
-0.08717859 0.15073240 0.11614504
0.13078718 0.15710233 -0.32107690
-0.04444645 0.16218561 0.39221320
-0.15728946 0.14563121 -0.20037061
-0.11285651 0.12230391 -0.18480779
-0.15817007 0.15354468 -0.18966813
0.19679122 0.16095378 0.23791444
-0.15648688 0.10681735 -0.33086097
0.05636118 0.14534391 0.16041611
-0.02753681 0.16381672 0.06457873
-0.17259055 0.10528408 -0.30985433
-0.12131623 0.12989567 0.28930810
-0.15502408 0.13998428 0.09823631
-0.16139694 -0.04806139 0.31056148
0.08940623 0.14805350 -0.31862849
0.00913432 0.15228522 0.12910001
-0.06380352 0.15509893 0.16553198
0.05189496 0.15899079 0.06801823
-0.00538044 0.16108622 0.08722682
0.00471406 0.14256215 -0.33919001
0.12837233 0.16021326 0.35365489
0.11080629 0.14966027 0.35136551
0.17605491 0.03812522 0.30981669
-0.12428474 0.11814909 0.19777003
0.11627083 0.15326095 0.19589365
0.08503111 0.15834750 -0.05547758
-0.14605038 0.14402929 0.23839609
0.04391761 0.14813119 0.18327656
0.15343362 0.16419598 0.11009738
-0.17975631 0.15376996 -0.14893922
-0.19846779 0.15426956 -0.32720035
0.19749941 0.15689498 0.38351724
0.07888237 0.13974819 0.29400682
-0.18793792 0.16630411 -0.18566887
-0.17906336 -0.14649566 -0.29730082
-0.18652600 0.16477303 -0.06849233
0.11673149 0.15131484 -0.22659028
-0.16242200 0.14089099 0.31476173
-0.17346458 0.15593474 -0.31191358
-0.05821339 0.14656086 -0.09156223
0.03230494 0.15891898 0.36041823
0.12542468 0.15983608 -0.38706261
-0.15051258 0.15792926 0.28932849
-0.06148676 0.15091328 -0.04235762
-0.19849472 0.15647520 -0.29420149
-0.04293541 0.16129172 -0.25836390
0.09223920 0.16502948 0.24509087
0.02047258 0.14996246 0.31638980
-0.03998355 0.15107037 -0.33726773
-0.00733076 0.14610581 -0.23360397
-0.17304523 0.07570930 -0.32707334
-0.10154875 0.15805052 -0.26157033
-0.12759714 0.14099914 0.38564035
0.09130527 0.14996032 0.02203737
0.10879782 0.14829628 -0.01887737
0.15724196 0.15304331 0.28997627
0.18974598 0.09928329 0.25988007
-0.13372594 0.15080154 -0.30428514
-0.17043181 0.13999082 -0.39006156
-0.20238970 0.15072261 0.39846152
0.03872555 0.16308752 0.17955002
-0.19617258 0.15430334 0.37305480
-0.13509139 0.09227215 -0.27651715
-0.00793622 0.15699434 0.26395366
0.14924365 0.15531331 -0.12961057
-0.16159078 0.16408865 -0.11995926
-0.15113223 0.13288860 0.12929091
0.10212485 0.15673091 0.10461552
0.14999177 0.16341440 0.24283165
0.15595546 0.09378071 0.27909580
-0.18472211 0.14837837 -0.38110119
-0.07993476 0.16412592 0.12021297
0.06098895 0.16215351 0.06346051
-0.08444063 0.16283108 -0.33792424
-0.04544635 0.15523010 0.11455745
-0.15818176 0.16300128 -0.06975655
0.08233485 0.14523125 0.31473625
-0.05208877 0.16022646 -0.06398485
0.02605519 0.15892792 -0.11322634
-0.11392517 0.16412069 -0.30611274
0.17370656 -0.04009324 -0.28977025
0.02510915 0.16489041 -0.29382044
0.17274235 0.16118790 0.27601764
0.20645855 0.13861790 0.19738786
0.18545698 -0.11167545 0.29007614
0.01935021 0.15097949 -0.06705861
-0.11327393 0.14807379 0.22278109
-0.14256941 0.15989278 -0.35606852
0.04178260 0.13929611 -0.34293789
0.16923507 0.14333437 0.17254719
0.02553766 0.16165905 0.19436389
-0.18925059 0.16883710 0.00398181
-0.07283624 0.15610071 0.24861033
-0.18152316 0.13746586 0.13229260
0.19445768 0.14880034 -0.10195540
-0.17445499 0.10260829 -0.31729829
-0.19290002 0.02364232 -0.29296786
-0.16177560 0.13984045 0.00941981
-0.08956633 0.15543647 0.35935000
0.18406241 0.01600092 0.30095911
0.02991776 0.14345203 -0.37599358
0.00962068 0.15705496 -0.24865624
-0.06662161 0.16482396 -0.13667658
0.19676265 0.16012734 -0.34824309
0.10993587 0.14451420 0.41127741
-0.04871485 0.14327393 -0.07998697
0.12243342 0.13161115 0.33086470
-0.03264536 0.16205645 0.30401534
0.09799071 0.15337564 -0.09322470
0.15124731 0.14521985 0.14627516
-0.04146381 0.15240943 -0.41757241
0.10004190 0.16410279 0.10344455
-0.02082596 0.13954145 -0.17572913
-0.12442315 0.15323803 0.08015777
-0.12246253 0.16527508 -0.23406558
-0.14610544 0.14001329 -0.36103162
0.17556958 -0.07016270 0.30041739
0.15467823 0.12947907 0.35178962
-0.13313325 0.13332747 -0.03938954
-0.15894341 0.14844584 0.07533596
0.19730738 0.16043572 -0.27923664
-0.06056867 0.15783475 0.31004030
-0.17246132 0.13755482 0.21197852
-0.18090126 -0.00617195 0.30069354
0.01832196 0.16101623 0.23225786
-0.10227063 0.14152429 0.00322044
0.12628108 0.15738462 0.38996571
-0.06074572 0.16459712 -0.34798399
0.00717494 0.15468600 -0.21430078
0.13080950 0.14166835 -0.32674921
0.01388878 0.16040121 -0.31051549
-0.16045575 0.13654289 -0.26325387
-0.18504769 0.14100242 -0.21129978
-0.09740350 0.15484561 -0.14708915
-0.12735440 0.15237376 -0.25797886
0.01271295 0.14338207 0.03108954
0.09719966 0.16459338 0.30606446
0.16375287 0.13781932 -0.14683810
-0.17889631 0.14814591 0.33958364
0.17395982 -0.04833764 0.29181796
-0.10550475 0.14533283 -0.28200579
-0.15412775 -0.13722594 0.27028611
0.17730902 0.15799803 -0.20761053
-0.16610469 -0.04014851 0.31091523
-0.18380809 -0.08957060 -0.29659092
-0.08365753 0.15309998 0.20071837
-0.19264792 0.15694053 0.17988509
-0.17203863 0.02288861 0.29985178
0.04715831 0.13773009 -0.40459505
-0.18909523 0.16308720 0.28784588
0.15071876 0.16163389 0.31359082
-0.01054521 0.15973982 0.39480108
0.01970948 0.15302503 0.42825404
0.17469285 0.15562940 -0.26737577
0.07581347 0.13653407 -0.02497700
0.19875579 0.15395992 0.31545350
-0.17956780 -0.14064790 -0.29833305
-0.08238658 0.15342380 -0.16378769
-0.05832584 0.13301092 -0.24299482
0.12434889 0.16427451 -0.16920264
0.17503437 -0.13158785 -0.26325163
0.19098765 0.16237809 0.05808489
0.13735491 0.16005807 0.16408193
0.01847747 0.16850702 0.11671349
0.01538245 0.15944640 -0.34396818
-0.17920996 0.06794767 0.29351845
0.13810009 0.16385660 -0.02786683
-0.05328456 0.16067368 0.28152588
0.01675555 0.14213277 -0.30649680
0.05672850 0.16328838 0.19409025
-0.05912653 0.15115003 0.15973848
-0.00243080 0.15609667 -0.42181319
0.16743246 0.13936229 -0.10606864
-0.11027953 0.16282536 -0.07960036
0.18330060 0.06071194 0.25837341
-0.20167206 0.15332326 -0.04463752
-0.14560856 0.15603240 0.42814466
-0.18290304 0.16173710 0.16911153
0.06292701 0.14710483 -0.24651459
-0.03858288 0.16334273 0.04432556
0.00768961 0.16188595 -0.33987001
-0.18105994 -0.16898037 0.30320305
0.11199383 0.16340473 0.09892640
0.19122908 0.02912238 -0.28962237
-0.07101078 0.13448319 -0.26843905
-0.13687000 0.15619045 -0.26557618
-0.15636358 0.16738741 0.26224566
0.12048551 0.16430393 0.16060802
-0.19568835 0.15156955 -0.39208013
-0.17931239 0.13843690 0.34744602
-0.19645251 0.14500682 0.23764129
-0.12113688 0.16385382 -0.06420042
0.20037365 0.15883382 0.17080602
0.11660981 0.14741963 -0.34814063
0.14448860 0.14453802 -0.04085707
-0.18442781 0.14244023 -0.38019317
0.03036219 0.12923323 -0.16429280
0.05675334 0.16339774 -0.32384723
0.03663155 0.16043432 -0.34590888
0.12001965 0.14394912 0.02413220
0.19495435 0.14208919 -0.15480280
-0.06540996 0.15735784 -0.42638779
-0.18672371 0.14918570 0.06748916
-0.18551837 0.16209082 -0.30549023
-0.19125505 0.15508530 0.08459739
0.07661381 0.16534102 -0.19159366
0.12983373 0.14566360 0.27160317
0.09332917 0.16456863 0.22016925
-0.18081042 0.06918503 0.28039995
0.03828013 0.16680980 -0.14726242
-0.19701628 0.16536292 0.16723703
-0.13509740 0.15688407 -0.37320673
0.01121159 0.16079018 0.39863244
0.11065228 0.13842125 0.29084143
0.10664839 0.14250864 -0.32560375
0.10152675 0.14599662 0.35662973
0.04386136 0.16483827 0.12533912
0.18177049 -0.16188468 0.28031093
0.06195113 0.16320591 -0.04918385
-0.09046184 0.14682299 -0.04518038
-0.15349737 0.15563458 0.01973913
-0.17891875 -0.04525751 -0.28577113
-0.06350204 0.15006965 -0.23962253
0.00835663 0.16147435 0.06676032
0.05167047 0.16190617 -0.15058534
-0.09977599 0.16181859 -0.04331723
-0.14343821 0.16225500 -0.08759648
-0.16486989 0.09733245 -0.29038534
0.03165213 0.14929029 0.04596909
0.01125751 0.14352302 0.16614214
-0.02280682 0.14715928 0.31858882
-0.19128811 0.15725140 -0.11971112
-0.19581005 0.13916744 -0.42140010
0.13304211 0.12778085 0.28198391
-0.11853708 0.16151907 0.39837360
0.19504802 -0.08255181 -0.30160552
0.12151211 0.16249353 -0.34790981
0.11927296 0.14416248 0.14019960
0.07003569 0.15511315 -0.24269895
-0.06768914 0.15695447 -0.23974217
0.14205809 0.16251832 -0.10883811
0.10416687 0.15654778 -0.04911822
0.05403355 0.15514748 0.05222503
-0.02228105 0.14416428 0.22397414
0.08441769 0.16024858 0.36353302
-0.03545987 0.16366187 0.23155570
-0.18421869 0.14756747 -0.38789842
0.05250513 0.15460236 0.24556452
0.09487911 0.16266280 0.22185430
-0.17951119 0.15283509 -0.09146805
0.20521709 0.15197587 -0.37999463
-0.12038544 0.16182488 0.25462776
-0.15714265 0.15355469 0.16212945
0.01233850 0.14539881 -0.41548818
-0.11823208 0.16240369 -0.11053023
0.18845105 0.15810968 -0.19682357
0.16063826 0.12878433 0.27028346
0.01478537 0.14298081 0.06533349
0.06002793 0.14484099 -0.01287453
-0.09184275 0.16027403 -0.36645380
0.15739082 0.14177945 0.13673583
-0.16592781 0.15907584 -0.17839357
-0.02700295 0.15033445 -0.05205449
0.01970829 0.15780854 0.05510631
-0.19588996 0.15453459 -0.10242128
-0.00321388 0.16356805 -0.36748812
0.11876804 0.15206248 -0.41030791
0.04745685 0.13692045 -0.14054678
0.07210745 0.15391195 0.06511857
-0.16485837 0.12775651 -0.01187619
0.04291337 0.14240634 0.30083668
-0.17659064 0.04915804 -0.31561628
0.17014568 0.12910564 -0.26292238
-0.18397032 0.15535553 0.32368585
0.03586035 0.16199322 -0.26143268
0.03444052 0.16411990 -0.21056759
0.08064698 0.14193480 0.40024868
-0.08355059 0.14607938 0.37034783
0.08802643 0.15202950 0.00288535
-0.17746535 0.08810507 -0.32858863
-0.18288846 0.14114062 -0.09498967
-0.12577830 0.14730461 0.37158471
-0.05601470 0.15892629 0.10759379
-0.10304403 0.15821795 0.34454653
-0.19549863 0.14730015 0.04929910
-0.13226816 0.15410370 -0.38607332
0.19358785 0.14993382 -0.23405096
0.12668067 0.16617650 -0.25743967
0.13545081 0.15069228 0.23118830
-0.00766466 0.12572837 0.31404921
-0.01484726 0.16291609 -0.13461952
0.17163928 0.14014809 -0.37057024
0.17204358 0.00847056 -0.28972882
0.05631577 0.16091965 0.35962293
-0.15944311 0.03592653 0.28788078
-0.11834344 0.15157770 -0.39340299
0.13093489 0.13387974 0.30271614
-0.01409524 0.15416634 0.15750358
0.07019521 0.16613790 0.04256652
0.14763431 0.15819147 0.05567953
-0.16033484 0.14137170 0.24783812
-0.10881641 0.14052750 -0.17480707
-0.10269250 0.13744307 -0.17624718
-0.20031047 0.15135330 -0.36314061
0.00944239 0.16589402 -0.06724268
0.13175850 0.15350634 0.00816463
0.17014265 0.15897807 -0.16569057
0.15130369 0.16243048 -0.31447849
0.10576554 0.15342790 -0.18308675
0.01058245 0.16451453 -0.02317362
-0.16364175 0.15275642 -0.00147720
0.19178811 -0.00390787 0.28957283
0.12224647 0.15621433 -0.28946230
-0.03287400 0.15002218 0.30852789
0.14218345 0.09127364 0.31383115
-0.03839923 0.15972981 0.38779008
-0.09401764 0.15911373 -0.01979653
0.11841695 0.14730731 -0.12397495
0.13653390 0.14655136 -0.39356625
0.07461262 0.15149097 -0.13946064
-0.00271185 0.15719511 0.32635546
0.16298510 0.11896292 -0.20459776
0.00538710 0.14209963 0.07048953
-0.07302058 0.15713647 0.00514474
-0.16415386 -0.08186631 0.27587080
-0.12652685 0.16163148 0.20181733
-0.12743604 0.16152953 -0.42638701
0.18186511 0.14773612 -0.27429402
-0.18017942 -0.02430085 -0.27908409
0.12613919 0.12736915 0.19980150
-0.16942430 0.15292099 0.42141360
-0.18883376 0.16313155 -0.28844327
-0.14880890 0.16218637 0.26748797
0.08098482 0.13604778 -0.38891771
-0.18116048 0.13816409 -0.28940505
0.07755125 0.14314331 -0.29017085
-0.17106549 0.03280433 -0.28981361
-0.06436219 0.15294071 0.24664828
0.10537543 0.16750532 0.21532670
0.18525046 -0.12532377 0.29107568
-0.14740974 -0.02249284 -0.28095710
0.09907185 0.15983930 0.03609086
0.01227760 0.12465699 0.30170861
0.15520169 0.14802726 -0.06315076
-0.13531683 0.16316634 -0.14616820
0.18925273 -0.11373769 0.29150230
0.15926386 0.14258899 0.36304137
-0.11076941 0.11786802 -0.27663222
0.07832766 0.16276978 0.05930239
0.15394920 0.16306996 0.06113093
-0.18118136 -0.01477352 0.23724726
0.15417250 0.16262077 -0.06509952
-0.15623471 0.12027916 -0.31169397
0.02923870 0.15765226 -0.03091590
-0.01688268 0.15989776 0.28864357
