0.19598019 0.14614007 -0.17831798
-0.14479195 0.16553140 -0.12019085
0.01774257 0.16003831 0.01563872
-0.08746013 0.15759221 -0.19865608
0.03290223 0.14909849 0.40778911
0.12327816 0.16360265 -0.35044137
0.12578700 0.15213084 0.05170380
-0.16919230 0.16159482 -0.39678711
-0.07986031 0.16507906 0.37979969
-0.11942881 0.15213105 -0.25516814
-0.15112573 0.15694031 0.37573817
0.20031330 0.14576279 -0.25989240
0.15896215 0.13576040 0.21216142
0.13627470 0.16155536 0.39570427
0.05722055 0.14862850 0.29150319
-0.05143669 0.13925196 -0.27523088
-0.16650610 0.15971799 -0.05196287
-0.14625773 0.14556460 -0.30281118
0.12418208 0.12955499 -0.13826472
-0.18808459 0.14526263 -0.43189177
0.15667897 0.16716602 -0.39839438
-0.17528500 0.14599869 0.31910524
-0.15846461 0.16430242 0.07152658
-0.14976844 0.16024937 0.11002517
0.04497546 0.16719419 0.22890204
0.14536904 0.13561936 -0.01508297
-0.14047165 0.15688352 -0.22027376
-0.04036788 0.15857263 0.13463694
-0.17120382 0.15504088 0.23312022
-0.13470571 0.15775453 -0.33235961
0.12403546 0.16335116 0.11213985
-0.16443746 0.15521106 -0.37038267
-0.09829655 0.16087760 -0.08380321
0.14325741 0.16319191 -0.11380707
0.14527544 0.16320232 0.25703520
-0.07116213 0.14690498 -0.09880080
0.06282840 0.13218851 -0.39556161
-0.09319869 0.16004518 0.05662333
-0.15772603 0.07287227 -0.32067111
-0.19377775 0.16341358 0.40678731
0.19140080 0.15974942 -0.01912038
-0.09456886 0.15383719 0.09890549
-0.10004532 0.14827226 -0.12202883
0.06939253 0.16141015 -0.02846999
0.00870520 0.16679624 0.37806371
-0.12276182 0.15623318 -0.11482306
-0.03006611 0.13983311 0.29307476
0.04038028 0.16635546 -0.14542860
-0.14853588 0.11033501 0.28676018
0.12494401 0.15937236 0.00978873
0.01111219 0.15484011 0.08296283
0.02503231 0.15403773 0.25103757
-0.05433846 0.15794575 -0.29773703
-0.14028126 0.15650514 0.10596317
0.17218144 0.14874059 -0.21480536
-0.03805619 0.16409183 -0.29880932
0.15373759 0.08802542 0.32848251
-0.16268566 0.02999067 0.31366342
-0.14517097 0.12449747 0.32100299
0.16177318 0.16698141 0.36605731
-0.11079521 0.16663823 0.12120604
0.04172404 0.16009788 -0.12863553
-0.14993812 0.03837258 0.29465008
0.15412407 0.04626216 0.33185491
0.00549337 0.15767810 0.20605254
0.17400409 -0.15297677 -0.29052812
-0.02042020 0.16507179 0.32192394
0.12990156 0.14581706 -0.08764543
-0.09926976 0.14922884 -0.31042415
0.19502147 0.16329238 -0.34088939
-0.12286812 0.16670315 -0.01290325
-0.14113975 0.16013770 0.38666046
-0.06469508 0.16097020 0.24415308
-0.01623441 0.15643114 0.02435621
0.13960099 0.15035740 0.28582895
0.00597264 0.16788855 -0.24735862
0.19806255 0.03382256 -0.31175271
-0.19084089 0.15202926 0.18664615
0.14661033 0.15359180 0.26095921
-0.03164466 0.16279095 -0.38211221
-0.03011112 0.15976687 0.06348585
-0.12295053 0.15309770 0.20261559
0.09115174 0.13265574 0.27034321
-0.09212314 0.14174367 -0.02942202
-0.15244006 0.12703350 0.26432431
-0.02957450 0.15322864 -0.31561124
0.04832627 0.14929588 -0.01720566
0.10748734 0.16743469 0.17191282
0.15028358 0.16051009 0.08824560
0.07659079 0.15366657 0.06462459
0.16462648 0.16318151 0.32079577
-0.19376533 0.15853375 0.39946091
-0.16014573 0.05475421 -0.30528870
-0.01665673 0.14970496 0.36071000
0.11503984 0.15970999 -0.34122613
-0.05983927 0.16016793 -0.33776930
-0.17002441 0.14653361 0.29790485
-0.18149777 0.16712520 -0.07075682
0.04766734 0.16419776 0.09438909
0.14251728 0.15368608 0.25339884
0.14788722 0.16372694 0.31965953
0.19482905 0.15607120 0.21830112
0.08233187 0.16497886 -0.14806740
0.08243671 0.15887278 -0.12045625
-0.16187236 0.15128580 0.21573526
0.18077026 0.12864481 0.00809235
-0.04811285 0.16562679 -0.28145856
0.10282690 0.16385411 -0.02101943
-0.18016052 0.15524255 -0.30406895
0.00684949 0.13677374 -0.31384516
-0.19588858 0.15464418 0.22644943
0.00527859 0.15812041 0.08829960
0.17958717 -0.05258154 0.28972909
0.19593646 0.15425313 -0.09732264
-0.01698549 0.16887596 -0.19447795
0.06181381 0.16185750 -0.24969387
-0.14647026 -0.06931629 -0.30394202
0.15526932 -0.15037072 0.29103446
0.12739390 0.16583246 0.24876450
0.06016785 0.14500998 0.31092283
-0.12967828 0.11122920 0.32375854
0.00978205 0.16648144 -0.27044013
0.17305349 0.13343979 0.34000632
0.09777851 0.16731921 0.20876198
0.00495560 0.16282484 0.15030809
0.13959645 0.16233170 0.36719248
0.08246338 0.16776216 -0.18391705
-0.02758620 0.14694141 0.26686049
0.14077187 0.16527432 0.23063907
-0.09372416 0.16770144 -0.23192529
0.20059395 0.16831705 0.39501590
-0.03342906 0.16596426 -0.08136046
0.05180132 0.15824872 0.11434133
-0.02226092 0.15517889 0.39527047
0.17116909 0.07620098 -0.32850260
0.18077199 -0.03321160 -0.29631987
-0.14218163 0.15237972 0.11886004
-0.08960228 0.15986733 0.19906637
-0.19162080 0.15821113 -0.29082242
0.03895120 0.16149874 0.33944607
0.01453100 0.16615672 -0.30477548
-0.10159028 0.16645497 0.28100654
-0.01581265 0.15531270 -0.43092033
0.08803485 0.16411740 0.34195220
-0.20190214 -0.05011556 -0.28139773
0.09675332 0.16576837 -0.35252228
-0.02176861 0.14624520 -0.11115985
0.18475062 0.15553696 -0.13697845
-0.16408251 0.14322029 -0.30895603
-0.14715105 0.16590965 0.01049500
-0.16259293 0.14680417 0.05043919
0.09040825 0.16831431 0.07844652
0.15717016 0.16428240 -0.15452859
0.14480732 0.15512420 -0.02212572
-0.13191730 0.16432163 0.19830045
-0.05538633 0.16537407 -0.25730261
0.17686330 0.13704988 -0.16638149
0.18333311 0.11242063 -0.28915688
0.12717330 0.15686348 -0.03256851
-0.13842575 0.08814036 -0.29761842
-0.01718767 0.15203214 0.22078902
0.06617883 0.15039636 -0.17369987
0.09506857 0.14784998 0.39436194
-0.17820673 0.12929001 0.26843554
0.09039886 0.15968807 0.00917619
0.15086895 0.16833302 0.26126692
0.15969659 0.16712405 0.24742374
-0.12763825 0.08602395 -0.21692240
-0.16252957 0.13650219 0.15648694
0.04877534 0.15347989 -0.26106387
-0.17469206 0.15149358 -0.28003487
-0.05388111 0.16056062 0.31531569
-0.18975981 0.15793049 -0.12873368
0.16627258 0.16709103 0.39016774
-0.12045005 0.16426675 -0.09857574
0.10062660 0.15183380 -0.28055352
0.18963289 0.16301139 -0.27303073
-0.16569085 -0.15996005 0.28629252
-0.17596753 0.15915027 0.06663688
0.18352076 0.01239016 0.29683954
-0.10103557 0.16482705 -0.00091759
0.00759850 0.15587255 -0.34075373
-0.07155540 0.16275813 0.30398569
0.08492997 0.15746354 0.02037139
-0.14899299 0.16726562 -0.32778963
0.05064299 0.16579033 0.41619200
0.06281298 0.16613021 0.26526722
0.18510565 0.16221641 -0.04857419
0.02545798 0.16430876 0.15759140
0.17530777 0.14854014 0.12009661
-0.14228423 0.14571546 0.01798066
0.07722230 0.15058827 -0.03529312
0.19087508 0.13081744 0.14938876
0.14420305 0.16432691 -0.24058309
0.16622509 0.08971428 0.26637506
0.17065895 0.12113179 0.33868092
-0.10951387 0.16390274 -0.08079018
-0.09007414 0.16230930 -0.35320601
-0.07550292 0.15851270 -0.31953365
0.07475742 0.16683698 0.20134565
-0.11928336 0.16536614 0.28353226
-0.14818996 0.14554080 -0.19913813
-0.15819366 0.14492571 0.10670500
-0.16814044 -0.10942681 0.30007750
-0.04111576 0.16316733 0.19016933
-0.16563557 0.15016323 0.34157261
-0.16061951 0.17021547 0.41579801
-0.17272446 0.15477270 0.40345499
0.00420708 0.16790277 0.01168573
0.07327811 0.12758704 -0.32615295
-0.03946533 0.15335496 0.43254361
-0.03724697 0.15749890 -0.39511311
-0.08255952 0.16745496 0.35772395
-0.00969448 0.15537800 0.09535445
0.19716555 0.15007292 0.05404405
-0.03616158 0.15775856 -0.43372503
0.11868931 0.16455437 -0.00026013
-0.10871415 0.16295335 0.23452248
-0.11924793 0.14172389 0.29891759
-0.19293226 0.16145675 0.30332211
-0.04080693 0.16754520 0.36729524
0.03113673 0.16557598 -0.11875178
-0.06107290 0.16437282 0.30189228
-0.18802887 -0.10233057 -0.30209261
-0.09750222 0.16503744 -0.04683128
-0.11451516 0.15148234 0.16851321
-0.16069628 0.16278386 0.11639864
-0.14799410 0.14804859 0.40324050
0.09663016 0.16702013 0.39340955
0.16434784 0.14138533 -0.31481999
-0.18790664 0.14340571 0.21426180
-0.17222042 0.15719262 -0.10247682
-0.19091140 0.16848718 0.10997942
0.12962313 0.16031373 -0.13854297
0.16920908 -0.14726509 -0.28527027
0.06209372 0.16658752 -0.14120290
-0.06899115 0.16479722 -0.43419734
0.00178734 0.15347451 0.24268889
-0.18430069 -0.06691856 -0.29513386
-0.02027413 0.16433215 -0.06189518
-0.15741983 0.14954576 -0.38808614
0.03124025 0.15544428 -0.38129148
-0.19082867 0.15925314 -0.37071389
0.10465107 0.16168678 0.37557456
0.10722297 0.17069471 0.30096525
-0.17940548 0.09934311 0.29451948
0.12015018 0.15159225 -0.37828842
0.13477895 0.15794183 -0.15383562
-0.18448381 0.15304795 0.23246253
0.18779260 -0.10009591 0.29615885
-0.11612745 0.17167112 -0.00262571
0.17229581 0.16119230 -0.34816334
-0.12462935 0.12344143 0.32811323
-0.08666659 0.16100697 -0.42444032
-0.16332552 0.15178840 0.19978547
-0.17613767 0.04728618 0.34233868
0.15162396 0.12718049 0.26845577
0.16495369 0.15858975 0.31310531
-0.02213344 0.16383982 -0.42920369
0.19018345 0.08814503 -0.30639926
-0.16028747 0.02090461 0.28179118
-0.10450364 0.16686587 0.30838907
-0.04148890 0.15737557 -0.24695061
-0.07361458 0.16675159 -0.05282352
0.06839451 0.15343718 0.36811149
-0.05344006 0.16413935 -0.22130117
-0.16781521 -0.13747086 0.28608423
0.04269604 0.14958134 0.11955079
0.12946007 0.16572458 0.40925843
0.06640863 0.15968610 -0.15819880
-0.10777728 0.16332409 -0.06357570
0.19212799 0.16206579 0.36274022
0.12083353 0.15147024 0.05549384
0.16724944 0.14127761 -0.32967952
0.11531837 0.14097093 -0.21932387
0.00855143 0.14134812 0.29864731
-0.18078452 0.14712206 0.27919671
-0.16547978 0.15679623 0.05573204
0.05549155 0.15561235 -0.29747275
-0.19504149 0.16179772 0.33337864
0.03503979 0.15457748 -0.22412904
-0.15250738 0.16921532 -0.21664301
-0.04346836 0.14599341 0.31600776
-0.11794689 0.14415300 -0.10779826
0.00962719 0.16695951 -0.28962404
0.13872892 0.15656549 0.33475685
-0.01721958 0.13497680 -0.39785480
0.17757414 0.17177998 -0.41509181
0.02447456 0.16648848 0.23444365
0.16295695 0.14752188 0.20546134
-0.00889556 0.16677003 -0.17662758
-0.04768382 0.15777896 -0.05124076
-0.14878142 0.12334059 -0.16131879
0.13842501 0.16907606 -0.42525265
0.07554361 0.16697454 0.29616827
-0.18082787 0.16449083 0.06210101
-0.13039945 0.17006150 -0.12567680
-0.16333644 0.16454022 -0.01780253
0.09491265 0.14598060 0.27814832
0.06309766 0.15831476 0.03450403
-0.09579032 0.16843063 0.19753575
-0.05164984 0.16526257 -0.04186349
0.18835899 0.15958288 -0.22914669
0.08546385 0.15704124 -0.07284449
0.03131300 0.16831964 0.22441152
-0.07736751 0.11809213 0.06456891
0.15526804 0.13288066 0.01187257
-0.19316182 0.16498798 0.01622972
0.05396048 0.16303700 0.15987465
0.17423742 0.15356676 0.18363936
-0.00080033 0.15363234 -0.26302263
-0.15420599 -0.03127621 0.31387025
0.10291599 0.15410408 0.02121425
-0.09418313 0.16282071 -0.13909373
-0.11363236 0.16642249 -0.31703103
-0.16609310 0.14528227 -0.23158520
0.16031902 0.13877770 0.23502934
-0.14478672 0.15002055 -0.18635115
0.14768516 0.13928363 -0.16884124
0.07025729 0.16420121 -0.26400450
0.11820979 0.16075705 0.22683793
-0.17469150 -0.05477380 0.29891342
0.14462478 0.14870125 0.26163334
-0.17573667 0.00010286 0.29415336
-0.19108653 0.16673462 -0.16990201
0.17141064 0.10049553 -0.30557179
0.07013390 0.16143824 0.04973059
0.10656005 0.16119926 0.27851659
0.07889988 0.16714840 0.26333264
-0.03067023 0.15754260 -0.05078465
-0.09469500 0.16614330 -0.23308839
-0.17162739 0.06668505 -0.32794005
0.10445026 0.16271876 -0.32927254
0.02289064 0.16644418 -0.29537979
0.16911505 -0.04769499 0.31355089
-0.01427863 0.15963730 -0.30433270
-0.11907904 0.15900904 0.03420715
-0.01724426 0.14358650 -0.18863532
0.16422960 0.13321279 0.27768403
0.09206633 0.14351483 0.01275634
-0.09867097 0.16012058 0.40341634
-0.13755409 0.15955451 -0.00756828
-0.11428565 0.15025449 -0.30346704
0.14741555 0.15822475 0.31859478
0.15676440 0.00809386 0.28723553
-0.18622738 0.15461111 -0.23532405
-0.16802284 0.13735469 0.37326109
-0.08119362 0.16508403 0.37102899
-0.05771748 0.16027945 -0.21711546
0.04168948 0.12505755 0.29547080
-0.10265225 0.16416371 -0.32905081
0.14683461 0.14306580 0.31657094
0.16122098 0.16014482 -0.08396996
0.16079523 0.11677701 0.28504100
-0.17380998 0.16051230 -0.23786502
-0.03826763 0.15472296 -0.41025680
0.03822142 0.15755036 0.16325100
0.10387388 0.16497055 0.24986532
0.15472382 0.15438595 0.04497596
-0.03380803 0.16570510 -0.20667502
0.13096774 0.14706510 0.25137106
-0.12263144 0.14944436 0.05208482
0.18138093 0.04097734 -0.30794853
0.09648370 0.16917238 0.18934593
0.12149914 0.16518146 0.34934357
0.14611691 0.12254460 -0.19874996
-0.00130029 0.16487379 -0.42261168
0.15009253 0.14630671 -0.09416289
-0.16542141 0.15348816 -0.15830120
0.18403877 0.10843580 -0.25483182
-0.19284843 0.16290776 0.12287557
0.02809725 0.16109075 0.15755643
-0.13193937 0.15521078 0.42473075
0.16430308 0.11493198 -0.34917387
-0.18002073 0.15032600 -0.02070592
0.16829145 0.16064997 -0.17054617
0.19699590 0.15099522 -0.17086513
0.15756172 0.16168430 -0.05778307
-0.02613525 0.16255784 0.15631098
0.11253305 0.15208773 0.35940245
-0.10512276 0.16091800 -0.40036237
-0.09212236 0.16218069 0.26057386
0.17161442 -0.11550535 -0.30747464
-0.05181521 0.15351963 -0.40925494
-0.00437610 0.15753816 0.29881725
0.02391245 0.14781319 -0.33819491
-0.04162037 0.16013561 0.05758756
0.11787887 0.16500622 0.42746633
0.04492341 0.15425955 0.21362829
-0.17682864 0.16599244 -0.07170473
-0.16113515 0.16454394 0.00774384
-0.04144860 0.15645044 0.29700619
0.11831084 0.14846379 -0.41514862
-0.17475002 0.15074417 0.17653203
0.04531199 0.15044932 0.27233097
0.17342819 0.16381207 -0.39521143
0.10338093 0.15077162 -0.36703980
-0.17476510 0.15461323 0.42433807
-0.10430541 0.16152032 0.31137991
0.04727116 0.15830941 -0.38340765
0.16073558 0.12348476 0.32948762
0.19102380 0.06505153 -0.29011062
0.18914431 0.16388871 0.21440133
-0.13918371 0.14188114 0.29860702
0.15658647 0.16171485 -0.24798641
-0.16884106 0.13672699 0.26261458
0.04901126 0.16132313 -0.31247267
-0.12452254 0.14469524 -0.00712950
-0.12883371 0.08983365 -0.22722422
-0.19303668 0.15639864 -0.26468596
-0.01480712 0.16304907 0.31501877
-0.17978804 0.14448026 -0.24780659
-0.06831657 0.16271161 -0.25090805
-0.11502503 0.16232057 -0.03979895
-0.00820337 0.16796778 0.13442868
0.15396796 0.16998678 -0.31171000
0.01578147 0.16390984 -0.42772022
-0.18092206 -0.02289532 -0.30552021
0.07388225 0.15844655 0.25139412
-0.13471442 0.16692302 0.34815818
-0.13058051 0.14511953 0.34595424
-0.05199803 0.16602899 0.07750397
0.04926881 0.16490898 -0.32705158
0.05954681 0.16299050 0.01741181
0.09720818 0.16790612 0.06154246
-0.16679192 0.04343968 -0.28641593
0.17342943 0.05652146 0.28948116
0.15685962 0.12963048 -0.34037262
0.09767819 0.15848027 -0.17752951
0.16933829 0.12569803 0.26173896
-0.00818021 0.16185157 -0.36234739
0.13428134 0.15795618 -0.25920525
0.14530265 0.16319796 0.18574780
0.16365732 0.15108727 0.08605061
-0.18067031 0.16247088 0.27911338
-0.16171032 0.16295494 -0.05529899
-0.18182693 0.15834047 -0.29103288
0.03434623 0.16231997 0.11822833
-0.12447952 0.08603108 -0.30574676
0.19188038 0.16439177 -0.35371757
0.14333688 0.16487707 -0.07026120
-0.09028582 0.15950422 -0.26196176
-0.17501530 0.16907398 0.13448851
-0.18761937 0.15605405 -0.32741675
0.06420273 0.16288979 -0.00545456
-0.14129144 0.16303812 0.17610222
-0.16646859 0.09986288 -0.26543444
0.15832832 0.12810838 0.31726575
-0.14805552 0.15796116 0.22446568
0.15762714 0.13549238 -0.29397985
0.02898124 0.16175236 0.21954331
-0.17533639 0.16556133 -0.15875085
0.17111808 0.09107975 -0.29788882
-0.06319474 0.15737958 0.17123571
-0.17658438 0.04701266 -0.28235731
-0.16580333 0.15720116 -0.32427183
-0.16614763 0.05097317 -0.28706184
-0.19207527 0.16424315 -0.15195403
0.18250439 0.15288424 -0.07654963
0.18684985 -0.03382393 -0.30494717
-0.11814113 0.16437483 -0.02802822
-0.13565136 0.16448352 -0.31897882
-0.15920079 -0.13388661 0.29450268
-0.16132173 0.13953270 -0.28729364
-0.11040656 0.15113315 -0.03254112
0.14775783 0.16638048 -0.06041577
-0.14795354 0.15495920 -0.03617030
0.11199844 0.16833930 0.30286118
-0.04046931 0.14928883 -0.14488292
0.05021627 0.14431934 0.31362462
-0.18680775 0.15584929 0.07419252
0.12131514 0.16191643 -0.08176428
-0.17488429 0.12786216 -0.23998864
-0.14281690 0.11718457 0.33257091
0.06535184 0.16295047 0.02870379
0.14947636 0.15474741 -0.07587268
0.09310948 0.16461258 -0.42218527
0.05271213 0.16483067 0.06340790
0.10894532 0.16163512 -0.40047050
0.14588082 0.15588173 -0.12517373
-0.07873007 0.16247880 -0.12980446
0.18652172 -0.14172120 0.30134037
0.05488526 0.16317362 -0.01255850
0.00141876 0.15897903 0.37364161
0.10198920 0.13280772 -0.31348163
0.12257288 0.13759501 0.31381497
-0.13359922 0.08769915 -0.30579120
0.04129087 0.16821605 0.22954600
-0.10498075 0.15346391 0.30905527
-0.16248241 0.10066593 -0.29878756
0.16108292 0.13604996 -0.19968995
0.08337475 0.16805948 0.11999097
0.03367614 0.16190113 0.30831954
-0.15775944 0.10321421 0.29281563
-0.16164261 0.14995563 -0.39790455
0.18545593 0.16353630 -0.20250465
-0.07390920 0.16696811 -0.28784743
-0.06959963 0.16155997 -0.15329294
0.11477482 0.16902000 0.04948178
-0.06638006 0.15106666 -0.06406417
0.09276942 0.15848222 0.21099225
0.06482273 0.16802678 0.25789568
-0.09997509 0.16246226 0.35237262
0.02227667 0.16765729 -0.16329181
-0.13327967 0.14862898 -0.11860578
-0.06490837 0.16614223 -0.24998508
-0.16413596 0.09098274 -0.28249946
0.18997888 0.13640416 0.03017361
0.14257531 0.13542216 0.29299355
-0.18323073 0.15902169 0.31942385
0.06358203 0.15788853 0.17857897
-0.15725136 0.15948860 0.02575377
0.01451005 0.15478431 0.08700761
-0.07600865 0.13723211 -0.38385463
0.15609157 0.16457590 0.34440342
-0.18111168 0.16669244 -0.32503653
0.16086668 -0.13101390 -0.31837213
-0.19355485 0.16142842 0.17503960
-0.17613679 0.10129121 0.29000133
-0.17892908 0.16594014 0.29418182
0.04014235 0.16137715 0.14635494
-0.00318638 0.16449994 -0.08516338
-0.12048743 0.02839206 -0.30270410
-0.17130935 -0.13728908 -0.30790091
0.12834202 0.16000167 0.29712585
-0.16851152 -0.10834891 0.27913034
0.17976783 0.15956372 -0.26663217
0.03289568 0.16003633 -0.26077756
-0.15352651 0.14073497 0.20974845
-0.09161910 0.16248381 0.15778212
-0.18918680 -0.17056341 -0.28496292
-0.17341605 -0.06555918 -0.31447858
0.16387469 0.13007031 -0.14985646
-0.19275619 0.16253276 0.25411943
0.13028266 0.15755111 -0.08396496
0.05092525 0.15467507 -0.42343259
0.05935768 0.16506310 0.22522870
-0.08956057 0.16187109 0.21635902
-0.18745127 0.15008180 0.21272181
-0.12774417 0.13919036 -0.32229483
-0.18990165 0.00336072 -0.28003836
-0.17365390 -0.11302630 -0.29184923
0.00072039 0.15696576 -0.41749114
0.14455555 0.13825734 0.06275194
-0.01700169 0.16125406 -0.16132535
-0.12238317 0.15204421 -0.01492754
0.17308645 -0.04535837 -0.30850720
0.07418755 0.16158867 0.43132639
0.15421790 0.15261468 -0.04369149
0.18309747 0.15852329 0.20807430
-0.06732038 0.16229594 -0.29412141
0.11015096 0.14363481 -0.00617104
0.15724953 0.13152881 0.04020966
0.13979600 0.15414563 0.01150615
0.03818256 0.14019872 -0.34040385
-0.02989579 0.15511003 -0.40541455
0.06075596 0.16744654 -0.24647252
0.09878697 0.13263685 -0.30768296
0.18552125 0.14695588 0.03276268
-0.01750004 0.16211291 0.17511627
0.16080806 0.15203592 0.36847028
0.12249173 0.16315244 0.34633276
0.18931383 0.14340886 0.29687804
-0.18044740 0.14813922 0.25144663
0.00433785 0.16457680 0.29754767
0.16640905 0.16831002 0.16032843
0.00189747 0.14894891 0.08234064
-0.18521588 0.16026339 0.39824060
0.02691280 0.14913619 0.40394473
0.12922917 0.16341779 -0.22846578
-0.12268380 0.16315521 0.14766932
-0.07264226 0.16502482 0.04980364
0.18537824 0.06327100 -0.29250044
0.05280918 0.12851091 -0.27194774
0.08510599 0.16324215 0.17983481
-0.08720378 0.15352167 -0.12052283
-0.05357243 0.16374464 -0.41660523
-0.12157600 0.15491587 0.28588006
-0.13209499 0.16428263 -0.38157079
-0.16195048 0.15727721 -0.07423586
0.19827710 0.15753570 0.16404504
0.12132919 0.16722254 -0.40920311
0.10980570 0.16495587 -0.04376360
-0.14611213 0.16369177 -0.37705854
0.18559068 0.16608529 -0.29381314
0.16044402 0.03220028 -0.29459172
-0.01134634 0.16632420 0.22747087
-0.15549485 0.16641992 0.16163503
-0.10285047 0.16599329 0.36336291
-0.00144983 0.15844712 -0.35448122
-0.15421844 0.14507663 -0.31594989
-0.06730554 0.16793220 -0.11515465
0.16608690 -0.00638783 0.28927851
-0.15225363 0.15793960 0.23924941
-0.14945380 0.14787002 -0.14568394
0.03102376 0.16723089 0.11399964
-0.16604061 0.13596323 0.30383655
0.10008350 0.14598590 0.29937914
0.15616471 0.14611904 -0.28773478
0.12935056 0.17098022 0.03000981
0.10715454 0.10348320 0.32210869
-0.13089515 0.16766681 0.23652208
-0.14618492 0.14918660 0.42884070
-0.04116688 0.16099024 0.32311234
0.08369077 0.12328415 -0.31006494
0.15406568 0.16810089 -0.15608360
0.01715322 0.15318091 -0.09210160
-0.00697646 0.16743001 0.26494303
-0.01572751 0.15635180 -0.30946630
0.16832630 0.00385974 0.27173409
-0.03929564 0.16438487 -0.12816910
0.07759580 0.15972567 -0.08110900
0.01401010 0.16353926 -0.27120361
0.06088851 0.16447531 0.09261152
-0.03397642 0.15891685 0.34317636
0.17215812 -0.00438980 0.29144755
0.09014452 0.16639274 -0.34774640
-0.18593651 0.15862469 0.17548217
0.13005042 0.14573441 -0.33928129
-0.07719448 0.15903063 0.35730857
0.03280972 0.16778781 -0.07491180
0.07071314 0.12464438 -0.33979395
0.14890920 0.16900021 -0.39817718
0.18620905 0.14908077 0.10144404
-0.17317353 0.00229804 0.29419845
0.03107961 0.15227757 -0.17313185
0.18068647 -0.06945567 0.28136957
-0.14163336 0.02243228 -0.29350317
-0.02683701 0.16254336 -0.18631148
-0.16125134 0.14896628 0.01079895
-0.09513566 0.16585825 0.43386152
0.13204764 0.15989576 0.38950723
-0.10651515 0.15508130 0.11266309
-0.03207816 0.16033667 -0.04003997
-0.14289987 0.16432694 0.27406463
0.09815185 0.11696954 0.31433865
-0.12703586 0.16556162 -0.15304784
-0.06170296 0.15784675 -0.18128672
0.00207845 0.14424285 -0.29381305
-0.19287774 0.16341387 -0.04617431
0.06973631 0.16760045 0.23375729
0.14664792 0.16059491 -0.39180839
-0.10919899 0.14880751 0.28006351
-0.05749129 0.15698092 0.39242718
0.03801951 0.15392192 0.35313374
0.15189645 0.16953030 0.07164882
-0.05344366 0.16739745 0.41483006
0.04119425 0.16250324 0.24220318
0.15302555 0.10395824 0.29711866
0.10985271 0.15852505 -0.02108918
-0.17872877 0.16530037 0.14670058
-0.17187998 -0.11210794 -0.31300637
-0.14596021 0.07425089 -0.31667680
0.19669203 0.14937162 -0.42833811
-0.10899492 0.15792558 -0.35811880
0.01185809 0.16186970 0.29219061
0.15019166 0.15361470 0.18187623
0.10908230 0.14594908 -0.26872233
0.18871441 0.16236335 0.41031039
0.09863158 0.15897903 -0.40553820
0.15384839 0.06207046 0.30623966
0.14618519 0.15070859 0.11298005
0.12261256 0.16315669 -0.29550126
-0.16464700 0.03328874 -0.30059698
-0.10990891 0.15895949 -0.01636216
0.16199739 0.14149703 -0.23754802
0.08947585 0.16379379 0.17176408
0.02289629 0.15318701 -0.41214356
-0.17729521 0.14720809 0.23966894
-0.17894019 0.13150372 -0.23039509
0.00537777 0.16625407 0.25112563
-0.19051111 -0.12684819 -0.28165743
0.19730555 0.16181886 0.00820845
0.14710757 0.10481410 0.26799443
0.10281201 0.14878356 0.25086343
0.05505202 0.17036583 -0.18200931
-0.18549097 0.15778081 0.38876674
0.06521957 0.16858600 0.03272497
0.18329832 0.11188792 -0.27161089
0.06623118 0.16705789 -0.03284165
-0.04795878 0.15868320 0.27112216
0.15591179 0.16550037 -0.40677023
0.06530347 0.15633628 0.35717934
0.06761805 0.16714448 0.07128182
0.08812305 0.16361332 0.41630501
0.18654595 0.16743751 0.29760361
-0.01045568 0.16825745 -0.23765117
0.02239894 0.15610118 0.13845634
0.11802185 0.16071239 0.35949597
-0.16144000 -0.09442919 0.28716522
0.17954582 0.15272069 -0.12058339
0.07032385 0.16700202 -0.16191223
0.11208963 0.16667229 0.41896921
0.00240193 0.15738669 0.17558628
0.19592367 0.15790339 -0.05183125
-0.17855567 0.16765839 -0.03282133
0.16793516 0.12941347 -0.22344214
0.15270959 0.16770375 0.06952573
-0.02842267 0.15761386 0.03946667
-0.09724531 0.16448425 0.41677889
-0.15357043 0.09773327 0.27819422
0.00153314 0.16363056 0.05533294
-0.17388740 0.15249430 0.32775113
-0.07688364 0.16718778 -0.00601469
0.16489786 -0.02210771 0.28294602
0.14599380 0.15735850 0.23338021
0.13458079 0.14203364 -0.27815881
-0.16250435 0.14838177 0.23393753
0.05185169 0.15911379 0.26733682
-0.00374149 0.15357307 0.00308650
0.13832998 0.15800841 -0.00597933
0.20041427 0.16760001 0.23645182
0.16064049 -0.15672086 0.28670534
-0.17612796 -0.15887758 -0.27780080
0.16774291 0.15613168 0.04775129
-0.02536064 0.16404115 -0.19934486
-0.02175077 0.15695104 0.21770965
0.18943109 0.16512425 0.42653576
0.16186979 0.13714620 -0.24040559
-0.11798276 0.15433551 0.38460618
-0.00301988 0.16308710 -0.18031055
-0.11174447 0.16060419 -0.22575656
0.03228258 0.15401970 -0.30694607
0.16521171 -0.15809277 0.30577219
-0.09312187 0.16568702 0.09068029
0.05213326 0.16187185 0.39487565
0.16613787 0.12696826 0.19941369
-0.02712815 0.16784580 -0.22594626
0.15438083 0.12430330 0.32946515
0.16763197 0.04022434 -0.30425820
-0.15400353 0.16263771 -0.23950322
0.05129054 0.15685107 0.29160213
0.17809992 0.16732322 0.03094999
-0.19553800 0.16605268 -0.11469356
0.18341954 0.15149584 -0.24032611
0.14964296 0.15962155 0.24861249
0.09914486 0.16177730 -0.00841638
-0.01381152 0.16741997 -0.24001528
0.19352356 0.14420642 0.09775358
0.14571656 0.15279953 0.21236353
0.11941133 0.16594283 -0.18504600
-0.06524198 0.16580087 -0.12117250
-0.14206673 0.16674730 0.18825640
0.12313236 0.15260975 0.08328976
0.03086451 0.13837767 -0.03489204
-0.14904180 0.16608731 -0.04991480
-0.17748716 0.13326816 -0.00623208
-0.16254729 0.16776946 0.30672926
0.06680188 0.16216379 -0.28373483
-0.00620278 0.16733341 -0.28242528
-0.18730710 0.14634450 -0.15441518
-0.06507685 0.16101685 0.16612482
-0.00869892 0.16390012 0.32656264
0.11282410 0.16115429 0.30640519
-0.10176849 0.16469452 -0.03329606
0.15895855 0.13675834 0.24629645
0.16517483 0.13924673 -0.18029054
0.15175129 0.14705589 0.25735259
0.00738817 0.15889019 0.17005916
0.02493308 0.15071671 -0.28305179
0.19809937 0.16352740 0.22700493
0.18688923 0.01815233 -0.29719573
-0.18384050 0.16116515 0.19747408
0.02667919 0.15844509 -0.28571466
0.11144613 0.16487692 0.09286237
0.16635969 0.15426427 0.08409616
0.15534559 0.00436073 -0.31036487
0.12061603 0.15495388 0.05444641
-0.12427795 0.15723148 0.02826293
0.14635563 -0.12784508 0.28418249
-0.18252707 0.15998158 -0.23356999
-0.05583182 0.16875686 0.23527054
-0.00956630 0.16309179 -0.43341798
0.10108744 0.10709570 -0.29487425
0.15576944 0.17065986 0.01152692
-0.10746878 0.16516906 -0.35537225
0.11616598 0.15884288 0.37792161
-0.14591527 0.16349384 -0.40807086
0.10780505 0.14723545 -0.35557511
-0.09787841 0.16687797 -0.29360360
0.18538649 0.08409611 -0.26832780
0.16870284 -0.11422159 0.30762833
-0.12725608 0.13371567 -0.14263277
-0.09805105 0.15686396 0.33098835
-0.02527639 0.15865633 0.00637516
0.19492316 0.16508070 -0.37293753
-0.15695316 0.16506828 -0.36544690
0.17037258 0.16593529 0.25019559
0.09744664 0.16511385 -0.38423568
0.17209134 0.13546991 -0.31760192
-0.16737354 -0.07949632 0.27585712
-0.04603322 0.16572569 0.00452477
-0.01684606 0.16442770 -0.25526333
-0.03980557 0.15458356 0.15317249
0.09305672 0.16152662 0.37260070
-0.02865451 0.16844203 0.20128274
0.00684843 0.15652867 -0.28406090
-0.11716203 0.15916932 -0.31003913
0.13790423 0.14975442 0.43115515
0.03889444 0.16112660 -0.40001810
-0.05242787 0.16262177 0.13401160
-0.14048965 0.16782656 0.36182407
-0.13260722 0.15772586 -0.39155877
0.18476433 -0.04494420 -0.29723763
-0.18274304 0.16066942 -0.32124257
0.14552574 0.16953877 0.04270072
0.15407023 0.10824525 0.26770970
0.07247870 0.16655256 -0.23135382
-0.01464925 0.16449961 -0.26359314
-0.14103447 0.16041413 0.04281099
0.09432009 0.14522702 0.30675486
0.12921767 0.14443456 0.30255058
0.00874797 0.16162375 -0.28640768
-0.16219209 0.14433664 -0.03918345
0.16900541 0.16280815 0.31063226
0.18421964 0.16645829 -0.13308358
-0.07701360 0.15937316 -0.38017425
0.06954158 0.13802278 0.37235376
0.17554988 -0.16299284 0.28144690
-0.01933661 0.15032965 0.08995300
-0.16832471 0.16897249 0.42391253
-0.17573963 0.01013828 -0.30785289
-0.10324981 0.16631395 -0.16956335
-0.01710552 0.16854568 0.29485077
0.01873609 0.16075167 -0.39550021
0.18749474 -0.09896065 0.29071701
0.03203318 0.16342574 0.04983468
0.04505952 0.16833605 -0.14452164
-0.13713221 0.16782393 -0.15758485
0.07407507 0.16901726 0.05421256
-0.04883803 0.16441478 -0.04786644
0.04763906 0.16855846 0.20625292
0.17005654 0.16432673 0.14628243
-0.08797813 0.16776548 0.10540512
0.17052364 0.15326630 0.02782372
-0.08019462 0.15919402 0.34164798
-0.14800949 0.15190540 0.21623570
-0.19384053 0.16381860 0.39052656
-0.17337665 0.15139426 -0.08554777
-0.14774290 -0.16267046 0.28785664
-0.12588052 0.16090308 0.05014955
0.16296253 0.15263852 -0.39233258
-0.11050251 0.14166395 0.02575439
0.15507920 0.16662052 -0.35160935
0.14578463 0.09617169 -0.29645067
0.19383991 0.15873110 0.16726872
-0.16962491 0.10976301 -0.31466922
0.06008299 0.15875469 -0.34713277
0.04528723 0.16095597 -0.15988682
0.06566279 0.16820617 0.13824035
0.10255221 0.16682646 -0.35517904
-0.06846417 0.15517130 -0.12354313
0.11029901 0.16288230 -0.22626196
-0.05005977 0.15732449 -0.42370200
0.14922249 0.13185358 0.31853583
-0.09714315 0.16307870 -0.01378255
-0.17898831 0.10872777 0.28043970
-0.04999487 0.15796028 0.12065712
0.17522766 0.16480702 0.12776425
0.02738940 0.16349213 -0.22918573
-0.05022560 0.16641107 0.00032443
0.19788533 0.16411142 0.12665945
0.19781655 0.06795107 -0.32084048
-0.15058576 0.14947739 0.07900850
-0.11918472 0.15417978 0.23144943
-0.14797054 0.12793730 0.32767993
0.05854528 0.16136232 -0.10821734
-0.01230773 0.15480453 -0.06098444
0.11283409 0.14457591 -0.33165628
-0.15116139 0.15418944 -0.04616196
0.02078551 0.16698398 -0.18911195
-0.08444407 0.16416810 0.29558647
-0.02259678 0.15469542 0.32938731
-0.16390932 0.15798119 0.41494229
0.07583027 0.15702832 -0.24468219
0.12977314 0.14014851 0.26729193
0.07751118 0.16340208 0.32749084
-0.16836397 0.16567348 0.40845284
-0.16280283 0.01523070 0.28010860
-0.19615918 0.16491014 0.25221664
-0.08543487 0.16194764 -0.43139926
0.13513668 0.15317763 0.22629945
0.12418549 0.15691145 0.07552215
-0.02154690 0.13793531 0.41140819
-0.18349509 -0.03312635 -0.28518301
-0.14639859 0.17048050 -0.23374976
-0.18250401 0.16198158 -0.11420847
0.00741839 0.16781639 0.07929222
-0.18107475 0.14964572 0.29628050
-0.03903511 0.14261812 0.31514332
0.08136630 0.16354382 0.42042968
0.07935965 0.16639668 -0.18461698
-0.02388625 0.16863406 0.29117832
-0.02437819 0.16269387 -0.12012212
0.16415028 -0.07243747 -0.31154427
0.08627225 0.16507807 0.39515170
-0.13949825 0.16720474 0.42732960
-0.16375665 0.16072364 0.12567285
-0.01512139 0.15724383 -0.00411578
0.13561007 0.16842717 -0.10499991
0.16287202 0.16364697 -0.04921462
0.19809258 0.15727860 -0.31955636
0.08349603 0.16134928 -0.17464592
-0.17453019 0.14515232 0.22310983
-0.11347552 0.16368969 -0.07229364
0.07389487 0.15305780 -0.03357139
0.15037149 0.15342148 0.40445396
0.00291424 0.15735538 -0.14138132
-0.08044030 0.16110408 -0.41297638
-0.06889768 0.16647470 0.01338747
-0.17908806 0.13418034 -0.12789492
-0.17662872 -0.13569762 -0.28998631
-0.09792576 0.17401747 -0.06219137
-0.10099294 0.15839310 -0.15604872
-0.13159867 0.16466799 -0.35185093
0.13998882 0.15927748 -0.09053418
-0.16056614 0.08609954 -0.31479862
-0.15909958 -0.13721544 0.27569196
0.01282731 0.16120130 -0.36121279
-0.13264327 0.16450495 -0.17859873
-0.05963074 0.16634308 -0.29492489
0.09719866 0.14136392 -0.08804809
-0.02094244 0.15023510 -0.41261801
-0.00579727 0.16541050 0.37832126
-0.17310943 0.14592491 -0.03695458
0.01372201 0.17046000 -0.19826677
0.18205445 0.15551713 0.38427764
0.17383821 0.16324541 0.15985216
-0.02124170 0.16427848 0.30614710
-0.15980929 0.13606489 -0.26329130
-0.15094201 0.17015140 -0.40431395
-0.18208513 -0.07358292 0.30193007
-0.18289392 0.15621361 -0.38007796
-0.05110545 0.15665232 0.15444370
0.15085496 0.16486795 -0.00738770
-0.16263282 0.04189676 0.29673892
-0.15111715 0.17061375 -0.31577596
0.09753285 0.16090654 0.02354510
-0.17960218 -0.14323071 0.28887588
-0.12993845 0.15418866 0.04790001
-0.01411470 0.16135937 0.25091547
0.09608538 0.16127025 0.31438985
-0.05996311 0.17061107 -0.10537625
0.16525562 0.07954799 -0.28966734
-0.05175788 0.16919313 0.29363135
-0.13866135 0.14389706 -0.21361569
-0.04244316 0.13498397 -0.29834488
0.13767800 0.16522390 -0.13093428
-0.17353186 0.15547594 -0.29924235
-0.13761672 0.14746422 -0.19614527
-0.14873092 -0.15496160 0.28758031
-0.11792567 0.16702719 0.32991320
-0.12743901 0.16567290 -0.25334606
0.17020485 0.15212673 -0.11807393
-0.06092029 0.16856261 0.41125125
-0.17729056 0.16563351 -0.26140818
0.01676497 0.16575524 -0.10231376
-0.15234500 0.17169480 -0.27494910
-0.15212017 0.15939391 0.22158122
0.18176068 0.04400106 0.28167111
-0.17409678 -0.07757561 0.29071748
0.08930071 0.16508725 -0.07572152
-0.17214596 0.13107753 0.39183477
0.19145276 -0.09036891 -0.30449808
-0.14644052 0.17081435 -0.20920877
-0.07616472 0.16839708 0.19370048
0.09465258 0.16073559 -0.11573049
0.12120706 0.15031075 -0.03241915
0.02336502 0.15641506 -0.19332139
0.14561799 0.16163278 0.30503342
0.01785081 0.16491501 0.32424530
-0.14051637 0.16136870 0.13306233
-0.09531881 0.14731866 0.25964144
-0.15786438 0.13350110 0.10361811
0.09708608 0.16703683 0.14352751
-0.06395413 0.16053185 -0.33830136
0.18143241 0.17268164 -0.41557407
-0.02970270 0.16579740 0.37595740
-0.16701408 0.13176554 0.27768603
0.16977510 0.16653867 0.39377239
0.00901789 0.16703290 -0.19736879
0.00266385 0.16978756 -0.43529826
-0.15127534 0.12183417 0.33357865
-0.17101245 0.09865645 0.28180611
-0.02769393 0.16684774 -0.36083075
0.18526165 0.13642463 0.40710086
-0.17294164 0.16184108 -0.41460189
-0.14919373 0.14928924 0.03598206
0.06204897 0.14807348 0.29669204
-0.19161688 0.16554025 -0.22288886
-0.17468287 -0.12287439 0.28021848
0.14035860 0.16008873 0.10263772
-0.18898132 0.15034902 0.14589192
-0.02044981 0.15677799 -0.37979552
0.02510072 0.16159734 0.32273352
0.15426415 0.15161812 -0.20549262
-0.16522628 0.16102120 -0.41281754
0.17135552 -0.12780230 0.29020691
-0.14694589 -0.16919337 0.28910068
0.08601624 0.16898900 0.19417116
0.06590717 0.16723715 -0.03419700
0.18115218 0.14983486 -0.03196517
-0.04686372 0.16183835 -0.11803371
-0.17651191 -0.07973260 -0.30572152
0.04981209 0.15181097 -0.29880345
-0.15918943 -0.08621952 -0.28775752
-0.00009361 0.16901875 0.11397596
0.08315318 0.15588751 0.05326783
-0.08149005 0.16499092 -0.01665557
0.07297544 0.15948395 -0.20770088
-0.18171711 0.16180597 -0.17887734
0.10797245 0.16853756 0.24887678
0.00807679 0.15057158 -0.34590554
-0.03255399 0.16170917 -0.33658302
-0.05370921 0.15458320 -0.19950633
0.07187013 0.15785989 -0.29576769
-0.10646245 0.13386229 -0.05974686
0.10329390 0.14951639 0.08294445
0.18879022 0.16618107 0.19450797
0.18588424 -0.00220161 0.28013110
0.13001966 0.16517678 0.40905812
0.01399016 0.16621949 0.15153795
0.15888144 -0.13550740 0.28433734
-0.11806805 0.15884122 -0.20390078
