-0.00958669 -0.31593788 -0.04077198
-0.16515350 -0.30387789 -0.02297448
-0.09149867 -0.27615255 -0.03501240
-0.00378729 0.12555757 -0.00130768
-0.04856017 0.10553180 0.00569671
-0.25231189 -0.30513912 0.00999198
-0.08551286 -0.19242667 -0.00298408
-0.27489731 -0.28035048 0.02216192
0.17028114 -0.31716490 0.00180186
-0.13872309 -0.33450481 -0.01442432
-0.09447663 -0.20046568 0.02104017
-0.27645746 -0.27793404 0.01763168
-0.10364189 -0.34355646 0.02182304
0.14639676 -0.26623511 0.04035614
0.16423388 -0.24880518 -0.02856600
-0.21814369 -0.28183478 -0.05146279
-0.02828779 0.03128772 0.00498071
0.02308166 -0.27269471 -0.06335314
-0.12470490 -0.27205017 0.03319647
-0.00072495 0.15291071 -0.00370638
0.07553999 -0.02903318 -0.00534633
-0.23382440 -0.32106155 0.01729370
0.17361900 -0.31198183 -0.00770534
-0.01783828 -0.16236760 0.00480958
0.09762022 -0.21628986 -0.01074886
0.13324052 -0.03032591 -0.00567535
-0.03173762 0.15992358 -0.00170142
0.09723509 -0.17937131 -0.00594122
0.04842718 -0.30438197 -0.02792388
-0.08146684 -0.20567308 -0.04676059
-0.05734139 -0.32117066 0.02489500
-0.02312850 -0.17335299 -0.01103951
-0.05970016 -0.20586391 0.02423171
-0.21760921 -0.34854332 -0.00089623
0.03290429 0.08368918 -0.00695695
-0.01698080 0.31592143 0.00028483
-0.24453911 -0.26149121 0.03477455
-0.02397092 -0.25151086 0.03289290
0.12742032 -0.24786910 0.03976568
-0.11442846 -0.30198592 -0.03396870
0.01927950 -0.34279022 0.00013127
0.05858462 -0.16222154 -0.02546557
-0.04664151 0.12750697 0.00685219
0.06012238 -0.27804869 -0.05925058
0.00077817 0.06689258 -0.00199108
-0.16497210 -0.27078879 0.03774046
-0.11046837 0.11503031 0.00489854
-0.21981230 -0.26258174 0.04279041
0.06893400 -0.26083997 -0.03957269
-0.15943184 -0.26939881 -0.01997365
0.03698992 0.11747460 -0.00521496
-0.00632990 0.07644375 0.00471458
-0.02518731 -0.27453610 -0.06297827
-0.07941930 -0.06617562 0.00707461
0.05952827 -0.28667393 0.06340632
0.10280395 -0.32134113 -0.00574614
-0.07367128 -0.19104987 -0.00278456
-0.01050223 -0.31675982 0.02919100
-0.15303878 -0.14591819 -0.00469767
0.03658891 -0.30063182 -0.00594962
0.00906429 0.19944155 -0.00140382
0.09964515 -0.27562159 0.02721162
0.10767616 -0.30797604 -0.03253477
-0.07648588 -0.16379461 -0.01790601
0.05405250 -0.22252879 -0.01395386
-0.05181574 -0.34331635 -0.01021775
-0.25314927 -0.26681957 0.02983333
-0.01477371 -0.28647459 -0.05945187
0.08237986 -0.32308710 0.04902475
-0.09763180 -0.31135836 -0.04923200
0.16325106 -0.31238079 -0.01356617
0.03131372 0.22239809 -0.00310330
0.01110407 -0.35682017 -0.01030504
-0.13006298 -0.30309895 0.01628016
-0.24289450 -0.26393181 -0.05520690
0.03456683 -0.33543110 -0.00282710
0.04376643 0.03085494 -0.00959773
-0.19914481 -0.30021477 0.03752505
-0.07579033 -0.36856627 0.00442918
0.08220664 -0.08209599 -0.00633099
-0.18620504 -0.27352968 0.02237716
-0.13677140 0.01954568 0.00239453
-0.17549330 -0.27331045 -0.02792482
-0.00464844 0.30810589 0.00322508
0.03006792 -0.26801872 -0.05381721
-0.08852054 -0.25809512 0.06498732
0.04542123 -0.07376733 0.00080550
-0.00338533 -0.03865709 -0.00614855
-0.21954361 -0.32779643 0.01086691
0.06216541 0.10338104 0.00403324
0.14516926 -0.14775105 -0.00417716
-0.06669763 0.17829463 0.01125936
-0.24786772 -0.28458920 0.00236185
-0.13176164 -0.32977802 0.00789287
0.26168036 -0.25710976 -0.00155266
-0.21869425 -0.26623550 -0.05805437
-0.07706048 0.10304511 0.00905535
-0.04752131 -0.31468570 0.03157444
0.04012246 -0.32393381 -0.02455527
-0.01843727 -0.35350972 0.00093136
-0.00733343 0.36347774 0.00304117
0.15326221 -0.24908924 -0.03884384
0.03023483 0.12015133 -0.00914277
0.09319643 -0.21712676 -0.00739770
-0.03982923 -0.27531111 0.07021258
-0.02555425 0.08602682 -0.00033206
0.12830271 -0.30690721 -0.03329018
0.00262019 -0.26308507 -0.01109236
-0.00452854 0.18803328 -0.00005740
0.09001578 -0.15084518 -0.00414504
0.07587397 0.10326523 -0.01334701
-0.06129013 -0.18391743 -0.00603597
-0.06980770 -0.20308718 -0.02630660
-0.03661251 0.28283122 0.00017169
0.16761838 -0.30522674 -0.01034286
-0.06911428 -0.29513597 0.01767804
0.00121157 0.20130691 0.00009572
-0.00490904 -0.28606379 0.04370931
-0.12203629 -0.30539680 0.03963920
0.11883273 -0.25874856 0.01692143
-0.03859797 0.05525526 0.00053375
-0.01046258 0.03987253 0.00799105
0.00967102 -0.09124422 0.00179211
0.10485782 -0.25472644 0.00920664
-0.06928289 0.01096715 0.00610609
-0.24436672 -0.28118086 -0.03038113
-0.04631757 -0.27812624 0.03517208
-0.18493943 -0.31382254 -0.03075903
-0.12059504 -0.31150725 -0.04373934
0.08876783 -0.28426364 0.05131742
-0.14457442 -0.25564840 0.05190749
0.01014528 0.02303809 -0.00308450
-0.14546603 -0.21106683 0.00994626
-0.05194263 -0.17735352 -0.01731959
-0.11321120 -0.26138768 0.00535536
-0.22625691 -0.29012319 0.03066368
-0.24527670 -0.27596608 -0.02228795
0.08664434 -0.20471953 -0.00951861
-0.02533494 0.25772184 -0.00079938
-0.19046646 -0.28627577 0.05054023
-0.06670211 -0.26206261 0.04908486
0.02998214 0.35995057 0.00167464
-0.01957307 -0.04642835 0.00133734
0.19045971 -0.26219559 0.01002133
0.00262524 0.09389150 0.00455558
0.16566181 -0.27323440 0.01307557
0.04583476 0.03921767 -0.00183102
-0.00868605 -0.17433906 -0.00117049
0.14465222 -0.11723652 -0.00146325
-0.03680905 -0.32015613 0.03845192
0.02421152 -0.26151305 0.00958693
-0.18758096 -0.31789431 -0.01142323
-0.10939407 -0.23122025 0.01078546
-0.01082459 -0.09373263 -0.00668647
0.11812947 -0.30469507 -0.03538935
0.02973162 0.09255755 -0.00766532
-0.00901375 -0.35330269 -0.00239771
0.04450133 -0.22576913 0.02358915
0.01519917 -0.20823860 -0.00597596
-0.00765571 0.20058401 -0.00525630
0.10214743 -0.28213269 -0.05160835
0.08043541 -0.25980577 0.00325592
-0.04323924 -0.32604116 0.04130536
-0.03584437 -0.32178679 -0.01477297
-0.06025282 0.11268888 0.00741737
0.02576881 0.27136841 -0.00670004
0.14109825 -0.28511429 0.03230170
-0.07930288 -0.23100409 -0.00675669
-0.06223485 0.14988548 0.00614732
0.08919214 -0.01408928 -0.00252531
0.05904508 -0.32138538 0.01527541
-0.22778259 -0.23298688 0.00262354
-0.06940702 -0.14266591 0.00109393
-0.18886465 -0.29659963 0.02108893
0.18323213 -0.24920307 0.02943812
-0.21326363 -0.28480402 -0.01077308
0.05274181 -0.29558292 -0.04425550
0.01211599 0.23267940 0.00326196
-0.12331787 -0.27582285 -0.02008498
-0.21273530 -0.34444544 0.00222104
0.18015547 -0.27380711 -0.03197650
-0.02623161 -0.31346726 0.02874888
-0.03392364 0.06489356 0.00616564
0.03837799 -0.26731503 0.02431901
-0.16369995 -0.09609550 0.00011292
-0.21396840 -0.26138908 -0.05614161
-0.05976909 -0.29795417 0.06087216
-0.05480315 0.20474122 0.00376596
-0.04727994 -0.31111646 0.03548041
0.11765538 -0.30995047 -0.00433446
0.15518625 -0.25436118 0.03825065
0.15563013 -0.05185894 0.00362421
-0.02581483 -0.33710295 0.00878519
-0.00571741 -0.34561589 -0.00304437
0.11933798 -0.10897243 -0.00454886
-0.04836887 -0.35563135 -0.01408697
-0.10097448 -0.28814673 0.05323043
-0.04396667 -0.33591431 0.00559342
-0.20747705 -0.29947865 0.02858829
-0.06185503 -0.35640091 0.01172854
-0.05024308 -0.21817935 -0.05131416
0.00891439 -0.27880031 -0.06161781
0.11834143 -0.15462014 -0.00725707
-0.04255579 -0.27107936 -0.07071690
-0.12419483 -0.15794331 -0.02205355
-0.01656002 -0.14092548 -0.00112478
-0.08291148 -0.27458471 0.05147382
-0.10097413 -0.23617195 0.03565284
-0.14772563 -0.23354904 -0.02049677
-0.09820569 -0.29066858 -0.06010776
-0.02842905 -0.31726855 -0.04654292
0.00139554 0.22769904 0.00130386
-0.01187087 -0.29292038 0.05163087
-0.03485352 -0.36689237 -0.00198255
-0.15577102 -0.14096670 0.00444140
-0.07973568 -0.19869065 0.02283386
0.05459071 -0.28180709 0.05636382
0.08602279 0.10776088 -0.00655463
0.06025510 -0.28446320 0.04914418
-0.00418437 0.09196126 0.00116077
-0.08314320 -0.15788417 -0.01128587
-0.05462755 -0.24881931 -0.05247990
-0.00806416 0.03328292 0.01000956
0.00530873 0.18193915 -0.00466593
-0.04761538 -0.10776943 0.00623264
-0.03036474 -0.31234926 0.03113841
-0.12287755 0.03148848 0.00493039
-0.06033698 -0.32324091 0.03422928
-0.02730530 -0.27512705 -0.05854759
-0.18963930 -0.31354958 -0.03760819
0.13795917 -0.01357465 -0.00475256
-0.21989965 -0.26221314 -0.00160827
-0.10238652 -0.28361624 -0.06158192
-0.01416525 0.06065056 0.00727079
0.06390911 -0.30047360 0.03735613
-0.06096868 -0.25513965 0.05653167
0.16811247 -0.26538819 -0.01702437
0.12704982 -0.32371512 -0.02101205
-0.01473114 -0.28053471 0.03692862
-0.22856089 -0.32758334 0.00801104
-0.03743792 -0.21923636 0.01927239
-0.01491236 0.29709545 0.00330629
-0.14093128 -0.13442887 0.00008604
-0.09427688 -0.32329655 -0.02661552
-0.21373764 -0.27803409 0.05173761
-0.09475275 -0.32619211 -0.02325124
-0.01235071 -0.03880613 -0.00335991
0.01285276 0.03041313 -0.00775784
-0.02376689 -0.29485658 0.01477528
-0.10697961 -0.29124996 -0.04026463
-0.08457905 -0.20747638 -0.02939900
-0.26477417 -0.28989574 0.01413810
0.02285898 0.17026941 -0.00559485
0.06299257 0.09125791 0.00472182
0.19679201 -0.28227562 -0.02644265
-0.16378477 -0.16708066 0.00521128
0.00658098 -0.24005598 -0.05104571
0.08894143 -0.32794687 -0.01613045
-0.09867106 -0.30974182 -0.03594891
-0.08211048 -0.18922441 -0.01570576
0.09045874 -0.25729376 0.04737328
0.08964132 -0.31356749 0.02729503
-0.04642459 -0.23852271 -0.00091048
0.01029012 -0.15777579 0.00840349
0.00404562 0.18609951 -0.00224732
0.00223957 0.03178592 -0.00051697
0.14947242 -0.20306279 0.01120803
-0.09810136 -0.20679875 -0.04309318
-0.07068057 -0.29593548 0.00441323
0.10228157 -0.25513211 -0.03568303
0.04362766 -0.25426766 0.03289772
0.11848816 -0.12325604 0.00536095
-0.06036893 -0.29525131 -0.04590093
0.02091971 0.04635015 -0.00380948
-0.10550890 -0.28048882 0.05454890
0.00586735 -0.26534152 0.05297385
-0.00852114 -0.35168144 0.00911423
-0.02327571 0.25349548 -0.00574518
-0.21849675 -0.28962269 -0.04247507
0.03110397 0.04810074 -0.00689139
0.07341890 -0.09976511 -0.01888231
-0.15927608 -0.27298933 -0.03584276
-0.19369258 -0.32592618 -0.00273794
-0.16974340 -0.32067132 -0.02901357
-0.05930234 -0.34187290 -0.01009925
-0.26317886 -0.26611695 -0.02569070
-0.26523361 -0.29376650 -0.01447059
-0.04624817 -0.27553403 0.04920586
-0.09921775 -0.26588836 0.05798649
-0.23837009 -0.30811253 0.03425346
-0.04212199 -0.31842613 0.01618354
-0.19157536 -0.26752990 0.05211031
0.00305925 -0.32752839 -0.01977448
0.06957194 -0.31769016 -0.01420225
-0.07325103 -0.32630584 -0.00887759
-0.10072564 -0.26322106 -0.06423521
0.16129623 -0.25550133 -0.01565757
-0.10491298 -0.24490824 -0.05091534
-0.05948108 -0.28428105 0.03451924
-0.05372990 -0.28599143 -0.01517392
-0.21452428 -0.26858997 0.04555954
0.20612963 -0.14677760 -0.00154479
-0.11634903 0.06110208 0.00327201
0.03124164 -0.10586376 -0.00841584
0.25485152 -0.21016301 0.00634645
0.10133547 -0.30930471 -0.02009241
-0.07529519 -0.33769020 -0.00533678
-0.06976545 -0.24632469 0.03095364
-0.14819945 -0.31403500 0.00913660
0.03281671 -0.24167839 0.03393007
0.13178328 -0.30902499 0.00025806
-0.17715053 -0.32863602 -0.00029544
-0.18812378 -0.29674622 0.03338850
-0.09801907 -0.12232034 0.00220002
-0.19575875 -0.28613302 -0.04065551
-0.02346104 -0.31620154 0.03234342
0.05181840 -0.29369348 -0.00978647
-0.17386948 -0.29878920 0.05089008
0.23760660 -0.27920467 0.00110472
-0.05731957 -0.34278092 -0.00874963
-0.04289151 0.14585359 0.00841707
-0.02150565 -0.25436160 0.02040141
-0.21906888 -0.30766490 -0.03649215
0.19709910 -0.27153534 -0.02362193
-0.07814103 -0.22996646 0.00460899
-0.00757198 -0.30171171 0.04750082
0.01419447 0.15847093 -0.00313245
0.03185330 0.00077014 -0.01119178
0.04440188 -0.09455085 -0.00187006
0.13413712 -0.25496224 0.04116667
0.13923429 -0.27704158 -0.04900550
0.09562665 -0.31513804 0.02558645
0.04931965 0.14135289 -0.00420356
0.14609525 -0.11632563 -0.00846550
-0.02672769 -0.29653817 0.04369551
0.12481932 -0.28219923 0.04113310
0.08652611 -0.29802579 -0.04361409
-0.26511204 -0.28757483 -0.01266591
0.10418935 -0.08798042 -0.01518310
-0.10122817 -0.29884681 0.03159278
-0.08938787 -0.30215645 -0.03625247
-0.01238225 0.18362674 -0.00513166
0.19240172 -0.13231517 -0.00131750
0.01571342 0.16755705 -0.00430570
-0.05611466 -0.23996854 0.04239757
-0.12297187 -0.26346266 0.02510406
-0.01284026 -0.26602790 0.02402821
0.14948629 -0.28360802 -0.03639894
-0.07507516 -0.17982936 -0.00956423
0.19278455 -0.11510573 -0.00762789
0.14547476 -0.22959027 0.00029900
-0.11019671 -0.26710761 0.04715542
-0.03908442 0.17520884 0.00902354
0.02370211 -0.30190736 0.03764290
-0.03840367 -0.13972843 0.00299127
-0.27172491 -0.28516266 -0.00397968
0.00695602 0.31194592 0.00147541
0.01230026 0.32469326 0.00561029
-0.03739983 -0.02572395 -0.00481003
0.17758141 -0.26776972 -0.01527710
-0.10549726 -0.28660956 -0.06191815
-0.17902993 -0.30913672 -0.01549137
-0.15406306 -0.14576693 -0.00744752
-0.03774435 -0.26960248 -0.06257071
0.13744810 -0.28432944 -0.02427203
-0.25237495 -0.26183739 -0.01221696
-0.06002111 -0.32020381 -0.02983616
0.05515817 -0.22064583 0.00520058
-0.10067871 -0.29692855 0.03030140
0.01089026 -0.29666847 -0.05460270
-0.11721422 -0.02372496 0.01467292
-0.00249560 -0.32322457 -0.02520244
-0.12093929 -0.28617033 -0.06335101
-0.01137002 0.01211875 0.00626981
0.10899761 -0.04477946 0.00189452
-0.11569223 -0.34195256 0.01542500
-0.03348944 -0.32396856 0.03112855
-0.24111159 -0.26902598 0.04561593
-0.18761237 -0.22125396 0.00231414
-0.22460552 -0.28161132 0.02621360
-0.05248186 -0.34456384 -0.00578775
-0.01593940 -0.35225245 -0.00926272
0.21028930 -0.28546289 -0.00197851
-0.10356555 0.10876717 0.00518656
0.00618682 -0.34690696 0.00573403
-0.27394760 -0.31682220 0.00063791
0.14424412 -0.28146541 -0.02114917
-0.03862799 -0.14724144 -0.00626823
-0.17672077 -0.29076871 -0.04544910
-0.15753114 -0.28799304 0.00937114
-0.09005174 -0.20347366 0.02431009
-0.05491986 -0.29868308 0.03781748
-0.12172747 -0.24402077 0.04706579
0.01423299 -0.03678350 0.00798203
-0.07626766 0.10680674 0.00788125
0.05144836 0.23161212 -0.00111809
-0.24805398 -0.30243319 -0.01860556
-0.05365084 0.08836206 0.00541573
0.20738739 -0.26187623 -0.00303252
0.07795352 -0.27341750 0.03990984
-0.08620457 -0.27016625 0.07412092
0.02130198 0.01058009 -0.01207348
-0.01803881 -0.05013819 0.00385020
-0.03860669 -0.22920835 0.01423815
0.03626334 0.03801785 -0.00705937
0.17249215 -0.24275945 0.00369213
-0.09077576 -0.31482321 0.04723553
0.03194295 -0.27464882 0.04052906
-0.15150236 -0.16735363 -0.00545786
0.16961572 -0.06426118 -0.00104049
-0.01255247 -0.27473822 -0.06576835
-0.15629971 -0.29284036 0.03726887
-0.12299495 0.02925442 0.01173165
0.03587715 -0.26422605 -0.05345196
0.00351602 0.33805844 0.00094255
-0.10207739 -0.33484897 -0.01714545
0.13117595 -0.26408398 0.04596659
-0.14744212 -0.12442966 -0.01738499
-0.03334011 0.01319233 0.00316997
0.12398991 0.06304535 -0.00316114
-0.05533855 -0.28788343 -0.04235958
-0.21045837 -0.18936448 0.00971565
-0.21778850 -0.29636681 -0.04229508
-0.03552064 -0.33937475 -0.01588528
0.09811631 -0.32636273 -0.00075530
-0.03340480 -0.17415124 -0.00360728
-0.13873014 -0.11597224 -0.00145053
-0.06546764 -0.30847296 -0.04425276
-0.13286704 -0.33651420 0.01387870
-0.00176000 0.29822916 -0.00064452
-0.02494052 -0.28793153 -0.05776769
0.05227836 -0.28706348 -0.01240822
-0.07770401 -0.26685786 -0.06130701
0.06591980 -0.28749987 0.04118882
0.22040091 -0.27521577 -0.00171604
-0.01979271 -0.30788535 -0.05116179
0.02672823 0.10865063 -0.00376484
0.22920805 -0.24693912 -0.00324527
-0.01907885 -0.27192497 -0.06727578
-0.03415284 -0.33144554 0.00960408
-0.07279827 -0.14919113 -0.01735014
-0.13053717 -0.29749885 0.03750915
-0.08657625 -0.21213105 0.02653616
0.13532713 -0.31814918 -0.00498507
-0.16780484 -0.28350890 -0.05841047
-0.02082812 0.29675329 -0.00280292
0.17336254 -0.27183965 0.01111329
-0.24415019 -0.30586964 -0.00634232
-0.03528072 -0.32461056 -0.02268224
-0.07514768 0.10823676 0.00695339
0.00559280 -0.05854921 -0.00221282
0.01898276 0.25942391 0.00304253
0.02154430 -0.27691758 -0.05885319
0.05582119 -0.21791932 -0.02638170
-0.20838986 -0.20905802 0.01086530
-0.17614420 -0.26955360 -0.05295722
0.03938093 -0.24669166 -0.06622102
-0.12741466 0.01350624 0.00160028
-0.16778716 -0.33109993 0.02142808
0.12767306 -0.11549936 -0.02141919
-0.06702164 -0.26361591 -0.06604698
-0.00858605 -0.24549040 -0.04840638
-0.13872749 -0.28935874 0.06043464
-0.00851100 -0.27940816 0.06183670
-0.18602981 -0.30417928 0.00894942
0.15955648 -0.25474197 0.02105066
-0.04013965 -0.32631031 0.01762252
0.02959828 -0.29889289 -0.03307867
-0.25659823 -0.29508522 -0.01813124
-0.03018413 0.32857826 0.00153805
-0.04192599 -0.35397282 -0.00626582
0.02311292 0.30022806 -0.00320673
-0.18260911 -0.32617918 0.01153812
0.16950853 -0.13035388 -0.00517130
-0.00791377 0.11619753 0.00159287
-0.24521220 -0.27908754 0.03104259
0.06265067 -0.06991678 -0.00271814
0.06171022 -0.24878295 -0.02726748
0.00342832 -0.22987895 -0.02735889
-0.01304318 0.16551702 0.00312438
-0.09371585 -0.31520769 0.04335301
-0.16790888 -0.32013661 -0.01145647
0.04737967 -0.23829816 0.00731475
0.10932779 -0.22915395 -0.02094259
-0.07207719 0.12288602 0.00307852
-0.10395585 -0.31957307 -0.04401054
0.23857591 -0.23836263 -0.01263707
-0.07425439 -0.31486717 0.00964555
-0.08324267 -0.28604838 0.04722103
-0.04263052 -0.21068300 0.00413784
-0.25271091 -0.26489139 0.00286900
-0.18708627 -0.29028311 0.04678961
0.01297057 0.16039167 -0.00227591
-0.02994232 0.11144763 0.01400610
-0.24697271 -0.28189936 0.03007675
-0.02055340 -0.22638999 -0.01979952
0.14469314 -0.31827909 0.00253793
-0.10566050 -0.30168810 -0.06215918
-0.04744949 -0.23525050 -0.00797142
0.02713520 -0.32806903 0.02988914
0.07741264 0.11440557 -0.00275357
-0.04377419 -0.02054104 0.00577290
0.21663244 -0.29669061 -0.00825297
0.13669822 -0.26330215 -0.03141587
0.18280447 -0.09368149 -0.00372345
-0.03634351 -0.34135383 0.01079642
-0.11209766 0.02203045 -0.00226563
-0.17424022 -0.22901924 0.00197227
0.06685400 -0.21815479 -0.03000836
-0.00523417 -0.18613474 0.01799642
-0.01975095 0.41254538 -0.00664208
-0.03355582 -0.26465151 0.03886811
-0.14235459 -0.31800941 0.01093981
0.11180612 -0.24943870 0.04286377
0.14957874 -0.25754017 0.01224811
-0.06828071 0.16487496 0.00361286
-0.03608957 0.03329861 -0.00153323
-0.16129333 -0.29574180 -0.04478091
-0.22922944 -0.29287496 -0.02337738
0.03024336 -0.26615837 -0.02036327
-0.10881466 -0.30698386 -0.03205605
-0.04054886 -0.10566571 0.00729427
-0.17765814 -0.26823255 -0.06225387
-0.10147573 -0.28142089 -0.02393753
-0.00263833 -0.28569123 0.04291528
0.02854536 -0.32273874 -0.01967773
-0.07480845 -0.36485869 -0.00302141
0.00327429 0.23927167 -0.00090356
-0.06305066 -0.36587274 0.00304055
-0.08137864 -0.24421668 0.04000092
-0.14155011 -0.20601323 -0.00835648
-0.00363467 -0.33765352 0.01166649
0.05709646 -0.33556199 -0.00157337
-0.16584489 -0.04900711 -0.00084234
-0.14093155 -0.31051609 -0.04516017
0.06205895 0.08204414 0.00044557
0.10945649 -0.00535262 0.00010592
0.04425901 -0.29989105 -0.04308511
0.20768455 -0.27590761 0.00235982
0.25009438 -0.26019531 0.00987459
-0.19963360 -0.27247944 -0.05654870
-0.11902098 -0.23786736 -0.03064804
-0.03587637 -0.20004171 -0.02862490
0.11998226 -0.28174728 -0.04481226
-0.02109364 0.02451271 0.00259401
0.01143665 0.12060177 -0.01506808
-0.18076046 -0.26070130 -0.06328196
-0.02176402 -0.15525293 0.01818778
-0.05337731 -0.36415899 0.00968382
0.07436965 -0.20087823 -0.01023911
-0.01483835 0.27338287 0.00321822
-0.08107509 -0.28963163 -0.05754732
-0.25978264 -0.27465296 0.00313540
-0.05201769 -0.34590048 -0.01785349
-0.15000531 -0.07232636 0.00416248
-0.14405644 -0.31074485 -0.01627785
-0.18385075 -0.30122197 -0.04744313
0.13815165 -0.18181518 0.00700758
0.18892120 -0.25517687 -0.01015415
0.05818477 -0.32149237 -0.03705236
-0.09756273 -0.14937992 0.00550667
-0.07129209 -0.26752546 0.05831771
0.16107899 -0.28288224 0.03562930
-0.05374950 -0.27401930 -0.06254341
-0.16438055 -0.29075176 0.05534189
0.00099159 -0.18644892 0.01669043
0.01719869 -0.31582585 -0.02794094
0.01446683 -0.06197660 -0.00090458
-0.16562842 -0.28184217 -0.06153369
-0.18407319 -0.28913432 0.04733225
0.02137290 0.16926098 -0.00592230
0.02172036 -0.29384521 -0.03396684
-0.04005165 -0.31614605 -0.03528849
0.10015579 -0.27548087 0.04491728
-0.14552505 -0.33415052 0.02285770
-0.14179564 -0.27038452 -0.06174627
0.10303988 0.02830640 -0.00317622
0.00161027 0.29212332 -0.00015152
-0.14006807 -0.26686072 0.00730550
0.09951590 -0.29739282 0.04013710
0.02315752 -0.03504741 -0.01328871
-0.11471007 -0.16378923 0.00981599
0.01676102 -0.07958132 -0.03007964
-0.21817154 -0.27599445 0.01575435
0.22033077 -0.23608349 -0.01072688
-0.12660244 0.05121881 0.00530025
-0.03952383 -0.24840342 0.03610362
0.06827210 0.15363596 0.00116590
-0.06557214 -0.34185708 -0.02179290
0.02143111 -0.03184552 -0.00502048
-0.15281709 -0.29698145 0.00151987
-0.08564796 -0.32896003 0.00811379
-0.14511608 -0.19614041 -0.00974497
-0.07524692 -0.28375855 0.06218412
-0.04510392 -0.34373018 0.01020191
0.05091351 -0.24581403 -0.05502792
0.00602663 -0.31350678 0.02473577
-0.23607916 -0.26679832 0.05869272
0.01799550 0.03469986 -0.00390280
-0.05151438 -0.07429763 -0.00552418
-0.02550245 0.24701138 -0.00255201
-0.13713603 -0.29187807 -0.06176121
-0.00140558 0.39077070 -0.00087084
-0.17262226 -0.29959118 0.01486656
0.13989833 -0.27471429 -0.03492840
0.06333895 -0.32965398 0.00332963
-0.02887935 -0.13842595 -0.00991261
-0.22328629 -0.28536364 -0.03828637
-0.17396335 -0.27366063 -0.01653774
-0.14955324 -0.31782848 0.04680435
0.03491515 -0.30552274 -0.04182436
-0.01266279 -0.30896860 -0.05194885
0.03809473 -0.13740939 0.00175314
-0.22635283 -0.28614119 -0.06052202
0.20949711 -0.25933740 -0.01049655
0.07334493 0.01579989 -0.00775536
-0.21731675 -0.32469261 0.01660027
-0.22416005 -0.27863002 0.05174636
-0.24717468 -0.30949503 0.00970975
0.23142621 -0.26591063 0.02069807
-0.09502221 -0.24103945 -0.00600869
-0.04880387 -0.22311826 0.02965315
0.09012993 -0.05772843 0.00519351
0.07615820 -0.23355420 -0.04031505
0.12092029 -0.22055195 0.00152450
-0.04740868 -0.26379809 0.02945814
-0.10573663 -0.33240116 -0.01398922
-0.02664253 0.19780047 -0.00312462
-0.01971651 -0.26362112 -0.05090612
-0.08415757 -0.26119447 0.04689298
-0.15669745 -0.31364039 0.04389455
0.20117745 -0.27692589 0.01864042
-0.05256664 0.11158174 0.00535579
0.13661073 -0.25433019 -0.03703018
-0.00492862 -0.07347238 -0.00582828
0.01712822 0.18926260 -0.00335183
-0.24957283 -0.26801684 0.02052147
-0.03296835 -0.09591790 -0.00317210
0.04201876 -0.29951298 -0.03346833
-0.10939597 -0.03128020 -0.00527998
-0.12216982 -0.28984949 0.06393172
0.14312626 -0.27336591 -0.00649141
-0.02176493 -0.10205671 0.00224448
0.00930587 0.02413154 0.00143764
-0.12273174 -0.23037328 0.01318605
-0.00495739 -0.35240945 -0.00067876
-0.15562838 -0.26673940 0.05739541
-0.00253070 -0.25562036 0.00708585
0.03827134 0.25548345 0.00084590
-0.01363254 -0.28274351 0.05311868
-0.02338394 -0.27630433 0.03333691
0.01853241 0.27548835 -0.00487260
-0.06974923 -0.34461007 0.00428137
0.07800320 -0.27854586 0.03230037
-0.24891259 -0.28427431 0.03863817
-0.04074675 0.13225281 0.00565303
0.01217130 -0.13419938 -0.00476162
0.02150817 0.34152490 -0.00000261
0.06951472 -0.30260277 -0.00003374
-0.04330868 -0.26202330 0.06145339
0.00736731 0.01016240 0.00106265
0.02863639 0.11538272 -0.00871780
0.23267968 -0.28533545 0.01083210
-0.27342385 -0.28127012 -0.01115987
-0.01140718 -0.22594236 0.01934282
-0.00158155 0.17082661 -0.00174776
-0.02770323 -0.26835924 -0.06849889
0.00300687 -0.12642258 -0.00876181
-0.14896271 -0.18684827 0.02186605
-0.23568009 -0.30547032 -0.03022562
-0.05427179 -0.17356880 -0.00046212
0.08837637 -0.31428233 -0.01631473
-0.14787790 -0.14201602 -0.01359239
-0.07673721 -0.31930375 -0.00960580
0.18772283 -0.31103998 -0.00666885
-0.24162637 -0.29169849 0.04201841
-0.07650826 -0.31754699 -0.06114775
0.18489039 -0.27373374 0.00876049
-0.16368352 -0.01526311 0.00775202
0.06974608 -0.08957555 -0.00760009
0.01234367 -0.28546196 -0.05753007
-0.07898520 -0.23782185 -0.03618424
-0.02968192 -0.32190377 -0.01276174
-0.10390950 -0.26158175 0.03090814
-0.02588009 -0.12983602 0.00445274
-0.02792930 0.12748386 -0.00044139
0.00779008 0.22041459 -0.00237793
-0.23308775 -0.26038578 -0.02180977
-0.03332432 -0.04482809 0.00025099
-0.01378725 -0.28148347 0.03947853
-0.00509388 -0.12292022 -0.00421954
-0.06277723 -0.10825644 0.00395627
-0.02098937 -0.29233271 -0.04780294
0.21623330 -0.22994992 0.00468237
-0.11084921 -0.13072672 0.00417196
-0.08975196 -0.28073570 0.06133631
-0.19954413 -0.28750625 0.00519419
0.13119927 -0.02060623 -0.00997182
0.02227337 0.19695957 -0.00584173
0.08116683 -0.25380504 -0.05537000
-0.12405506 -0.30716658 0.05007881
0.00164090 -0.05986270 -0.00220508
0.11756604 -0.31449983 -0.01655333
-0.02551805 0.27525651 -0.00027202
0.08554753 -0.26669452 0.03395583
0.06323849 0.06162925 0.00374903
0.01339905 -0.08005524 -0.00282427
0.08884199 -0.03575336 -0.01951176
0.01782332 0.15605122 -0.00404321
-0.00150566 -0.31904531 0.04680716
-0.04776520 -0.29583791 0.03427240
-0.10084698 -0.31254220 -0.03774270
-0.00597991 0.13269852 0.00648918
0.11502519 -0.27194074 0.00608426
0.21183643 -0.16074042 0.00228195
0.04715755 -0.20961280 0.00294320
0.08568315 -0.28676975 0.03796697
-0.19036710 -0.30082732 0.02536780
-0.21901728 -0.25750118 -0.04830480
0.09615012 -0.25638875 -0.05262591
-0.03794498 0.27021632 -0.00147627
0.05292363 0.09038806 0.00785636
0.15667285 -0.24977612 -0.01694013
0.02600203 0.35730088 0.00361650
0.20216662 -0.25606620 -0.00390999
0.01892580 0.13562115 -0.00498280
-0.02294999 0.23524703 -0.00146355
0.09114979 -0.32169065 -0.01540590
0.05345109 -0.32350594 -0.01433889
-0.12974368 -0.32727680 -0.02597236
0.00312816 -0.28559858 -0.06572696
0.14115950 -0.05147467 -0.01477040
-0.08893482 -0.23639980 0.02634535
-0.06564153 -0.23970544 -0.03544103
-0.07780936 0.00684160 0.00570695
0.12681876 -0.25205350 -0.03185013
-0.02793468 -0.27230915 0.06822243
-0.05356714 0.14277986 0.00727357
-0.15480807 -0.03069244 0.01139593
0.01083990 -0.21541147 0.02359425
-0.10763283 0.07599619 0.00180423
-0.06291038 -0.24250212 -0.07209268
-0.18318571 -0.30176729 -0.03183072
-0.02335618 -0.27133071 0.06849594
0.01306134 -0.28629050 -0.05707629
0.16976693 -0.27083030 0.01478404
-0.16228536 -0.17484488 0.00789271
-0.01637919 -0.10037280 -0.00044098
-0.01866304 -0.25370836 0.04990690
-0.14005186 -0.27932587 -0.06083282
-0.10244924 -0.13879907 0.00742353
-0.00877286 -0.35697868 0.01134760
0.00165183 0.21298650 -0.00120717
0.07480267 -0.20648244 -0.01075317
0.12942328 -0.23022036 -0.00222978
-0.13160965 -0.30893940 -0.03049829
0.23276377 -0.27321053 0.00122459
0.03326189 -0.06396072 0.00074056
0.17145339 -0.31500810 -0.01094882
0.14456932 -0.27167717 0.00455091
-0.02473742 -0.36541739 0.00489720
-0.07726848 -0.30917957 -0.04946813
-0.27111793 -0.28661865 0.00352195
-0.23520565 -0.29865372 -0.04534867
-0.15299205 -0.30722812 -0.02820276
-0.12270735 -0.33261830 0.01557760
-0.07498049 -0.29307234 0.06204511
0.00904117 0.09994499 -0.00334700
-0.00904244 -0.35319510 0.00540390
-0.00148988 0.35116386 0.00175896
-0.11260677 -0.25913444 0.00694529
0.01968684 -0.32340655 -0.01844055
0.00299496 0.36534864 0.00000529
0.10703534 -0.22732957 -0.04645199
-0.17285916 -0.28516558 -0.05326265
0.00995708 0.36080688 0.00777972
-0.26317993 -0.29153985 0.01551285
-0.01901220 0.17813544 -0.00146663
-0.13619506 -0.31327111 -0.03939887
-0.04261386 0.12554049 0.00981512
0.11920369 -0.27952558 0.03460236
-0.05270265 0.14297420 0.00680364
0.01252378 -0.32100978 0.03672935
-0.17045473 -0.15708044 0.01766357
-0.22057235 -0.28147364 -0.01630541
-0.14903371 -0.32665622 0.01239180
-0.02444547 -0.37383607 0.00173633
-0.05658466 -0.31106663 -0.03931293
0.06027707 -0.30067450 0.02577133
-0.15753211 -0.18793672 0.01156812
-0.23594698 -0.31127506 0.00831925
-0.23998068 -0.25668630 -0.04117829
-0.05667949 -0.05788390 0.00541227
-0.09145816 -0.22974108 -0.02402141
-0.12431044 -0.32565311 0.01752840
-0.00916201 0.20763046 -0.00081383
0.00660230 -0.29974064 -0.05411909
-0.10404035 -0.33064151 0.00946960
0.14043264 -0.31417185 0.01994523
0.07251976 -0.21197858 -0.03542548
0.22028603 -0.28880700 0.00473828
-0.06488430 -0.31987560 0.02006062
-0.01354271 -0.32463321 -0.03065137
-0.01425386 -0.25676152 -0.06215777
-0.04830571 -0.30452329 0.05870117
0.20355617 -0.24852194 -0.01016176
0.18138616 -0.25923407 -0.04136576
-0.14338696 -0.29677355 0.04888522
-0.03831325 -0.25006646 -0.06208908
-0.02471334 0.18214451 0.00300246
-0.13328704 -0.23333760 -0.01441807
0.01788259 -0.03453919 -0.00464316
0.07348063 -0.19908346 -0.04597414
-0.13576505 0.01382552 0.00398586
0.22322448 -0.27149421 -0.02009726
0.01269480 -0.22903115 0.00090427
0.14353001 -0.28921467 -0.02307075
-0.03438191 0.18773377 0.01117774
-0.25493479 -0.27877918 -0.03485759
-0.09212902 -0.27803430 -0.06147013
-0.13669673 -0.27952194 -0.06126048
-0.03075800 -0.34837770 -0.00102437
-0.14680867 -0.18610199 0.01669233
-0.16186386 -0.29426003 -0.04792306
-0.00395960 -0.08248497 0.00075354
0.04683740 -0.17525353 -0.01056873
0.02033431 0.32969338 0.00249879
-0.11358578 -0.30748972 0.02856964
-0.21657410 -0.30885169 -0.00709264
0.11126621 0.02642184 -0.01318525
-0.12174556 0.05251638 0.00343948
0.02018337 0.16600028 -0.00304042
-0.13432376 -0.26896977 0.06371313
-0.10158763 -0.22672261 -0.02554005
-0.11695980 -0.28029880 0.06373987
0.17221306 -0.25513244 -0.00295026
-0.14134559 -0.30959350 0.02096383
-0.07584831 -0.31836253 0.01489684
0.17138332 -0.25132272 -0.00892092
-0.00480421 0.35392195 0.00614401
-0.01413809 0.08963818 0.00786909
-0.16527973 -0.30060235 0.02186571
-0.04810458 -0.32705531 0.00519584
0.06524310 -0.26928908 0.05583726
-0.14149289 -0.31664586 -0.03791033
-0.16565578 -0.10426627 -0.00045745
0.02540433 -0.12594062 -0.00563188
-0.21156815 -0.28164557 -0.02458192
-0.13547443 -0.31493473 0.00386531
0.06386765 -0.28289473 0.05483468
-0.23100412 -0.26731953 -0.01590869
0.17346011 -0.26646426 0.03963021
-0.00840184 0.26523066 0.00019505
-0.10624579 -0.23716146 0.03321506
-0.16156697 -0.33541018 -0.00707639
0.06591949 -0.32150131 0.01346122
0.00371540 -0.11552205 -0.00087449
-0.01719373 0.26847461 -0.00496960
0.09690548 -0.18637086 0.02496265
-0.01375549 -0.03091940 0.00251078
-0.14297752 -0.09593882 0.02025424
-0.19226156 -0.27373052 -0.00516611
0.09600776 -0.30085123 0.03120832
-0.22006157 -0.27221781 0.05477729
-0.20386906 -0.26255029 -0.05841376
0.07869866 0.10166302 -0.00801564
-0.03282881 0.07603350 0.00564206
0.17026527 -0.11370466 -0.00427941
0.05517663 -0.34613004 0.00482598
0.09060565 -0.29626310 0.03795989
-0.14729072 -0.16308440 0.00780266
0.01309247 -0.30707565 -0.05457307
0.20537871 -0.27850783 0.02201538
-0.08230777 -0.22045356 0.02941028
0.02717100 -0.29662064 0.04857943
0.21177106 -0.20330198 0.00481467
0.26991138 -0.26542455 0.00526914
-0.15771323 -0.30285147 0.02008838
0.02791060 -0.29364043 0.06018259
-0.04699273 0.17814775 0.00271342
0.04138862 -0.21920535 -0.02454134
-0.00685408 -0.28648779 0.05405106
-0.16976222 -0.27673072 -0.04109392
-0.12129766 0.01291866 -0.00195875
-0.15533131 -0.17907739 0.01073923
-0.03313143 -0.02732103 -0.00439292
-0.00694441 -0.12509325 0.00028237
0.02110392 -0.29520670 0.05359919
-0.01817705 0.18072507 0.00127985
-0.17388116 -0.32426143 -0.02614173
-0.11263087 -0.09404629 -0.00311478
-0.02768478 -0.30475718 -0.05454664
0.14024599 -0.24790508 0.03548522
0.13493955 -0.21869732 -0.00292525
-0.24681664 -0.28931326 0.04447858
0.14726867 -0.30948240 -0.00090742
-0.05538417 -0.32319471 0.04092310
0.00164177 0.38018474 -0.00016718
-0.10717734 -0.24234529 0.01280778
-0.17851186 -0.30024898 -0.01029263
-0.04755815 -0.28508326 -0.00876804
0.01754801 0.24737516 -0.00545817
-0.06373582 -0.27593988 -0.05074633
-0.04381218 0.08868594 -0.00196251
-0.07397322 -0.21792625 -0.04406781
0.14909023 -0.25127754 -0.01182308
-0.00797019 -0.33921194 0.00174995
0.15014316 -0.28693247 -0.01983781
0.00839990 0.36313522 0.00252924
0.03837252 0.25849530 -0.00007207
0.19222753 -0.10803009 -0.00234934
0.03208388 -0.09341362 0.00255259
-0.05296081 0.14673015 0.00923887
0.02724630 -0.10622948 -0.00241812
0.09646735 -0.16389368 0.00242013
-0.03352826 -0.26348263 -0.01817198
-0.02862022 -0.09272622 0.00269211
0.11693408 -0.28356734 0.02030800
0.06023971 -0.32404339 0.01038268
0.18988603 -0.15269065 0.00149758
-0.12039181 -0.29656982 -0.05914113
-0.03650456 -0.33755136 -0.01070624
-0.00364917 0.29683101 -0.00090082
0.16673304 -0.26051697 -0.00471020
-0.03223313 -0.31918731 0.01942926
0.06257860 -0.25762358 -0.02636487
0.13285509 -0.23712808 -0.01996741
-0.05249212 -0.22711757 0.02460331
-0.25939161 -0.26621297 -0.03470784
0.02231019 -0.33373380 -0.00490736
-0.23298489 -0.32172611 -0.00001675
0.11661171 -0.30765599 0.02070765
-0.09882092 -0.31384036 0.03739503
0.00985754 -0.19926211 0.02132895
0.04211133 -0.23180720 -0.02999710
0.07346454 -0.30272481 -0.03950508
-0.09484313 -0.16200608 0.00090044
-0.02415432 -0.04046275 0.00186437
-0.11510630 -0.33622637 -0.00377634
-0.21236178 -0.27021900 -0.03417113
-0.01641146 -0.27551335 0.05951578
-0.06043321 -0.24487402 -0.01829393
0.07561744 -0.22503471 0.00024860
-0.24579582 -0.31869000 -0.01324633
0.04911533 -0.24002199 0.03351092
-0.09042419 -0.31195858 0.04504924
0.02293928 -0.35769215 -0.00425094
0.01755714 -0.30079439 0.04537423
0.21289420 -0.28241119 0.01668002
0.05752391 -0.31054968 0.02057161
-0.18364500 -0.25519297 0.06198347
0.04222221 0.11247307 -0.00892237
-0.08941096 0.17800999 0.00151330
0.01951303 -0.31593785 0.03264795
-0.21321863 -0.29272091 0.04900591
0.09747327 -0.31479469 0.02008942
-0.11516131 -0.28240359 -0.05451445
0.11379967 -0.31607047 -0.02634205
-0.09492126 -0.25838017 -0.00368546
-0.19191813 -0.32636151 -0.02161944
0.22193152 -0.27968377 -0.01393225
-0.14280096 -0.29998288 0.05417172
-0.00639664 -0.24475163 0.00870696
-0.06701225 -0.21212341 -0.02205414
0.07313058 -0.17105961 -0.00167722
-0.01906803 -0.24907008 -0.06471019
-0.10050712 -0.28957242 -0.02268123
0.22222659 -0.24129756 -0.00610249
0.04207622 -0.32655400 -0.01698489
-0.10609755 -0.25704107 -0.06596375
-0.19124156 -0.29545578 0.00695710
-0.05678605 -0.25183550 -0.06941696
0.08256064 0.09971083 -0.00375870
0.01550792 -0.30002555 -0.05694435
0.19389860 -0.24464992 -0.01402632
-0.16993943 -0.17140146 0.00727596
-0.21454264 -0.31110427 -0.01420573
0.13815208 -0.30924797 0.01432584
-0.01833191 0.26538086 0.00216452
-0.03425075 -0.31126976 -0.05302772
0.10325021 -0.00922076 0.00314135
-0.15123969 -0.31559786 0.03474130
-0.01587026 0.10722118 0.01007561
0.21708025 -0.27545220 -0.01837512
-0.00658406 -0.21273547 -0.01125670
-0.19530967 -0.30693865 -0.02368510
-0.08718047 -0.33139962 0.00977857
0.07999940 -0.33093652 0.01118923
0.19971976 -0.26571086 0.01280666
-0.24027619 -0.30188197 -0.02721958
-0.04159565 -0.22521724 -0.05627341
0.15504505 -0.29241434 -0.03118719
-0.03978483 0.23516575 -0.00063138
0.02091845 -0.25588682 0.01406431
-0.11304586 0.00768226 -0.00123745
-0.08507949 -0.30405840 0.04273725
-0.08304980 -0.25533757 -0.06162393
-0.03695220 -0.26565102 -0.05567253
-0.03159870 -0.02103719 0.00889336
0.21337502 -0.29766852 -0.00670124
0.04116801 -0.27206627 -0.01652891
-0.01987528 -0.34456021 -0.00761517
0.21566628 -0.29936081 0.00124642
-0.09189549 -0.32595375 0.03915049
-0.11931003 -0.28506136 -0.05897382
-0.00809723 0.35732716 0.00508819
0.17481296 -0.28133893 -0.02658656
-0.05061533 0.04180593 0.00230494
-0.04828136 -0.20107043 0.02342183
-0.20028575 -0.29942933 0.02593496
-0.21893039 -0.30472186 -0.01040965
-0.04229867 -0.20026790 0.03485901
-0.04744172 -0.32011497 -0.01516279
-0.01363430 -0.05110392 0.00244844
-0.13880937 -0.28283972 -0.02392940
0.03167125 0.22001976 -0.00939713
-0.02072876 -0.23060963 0.01075448
-0.12384178 -0.32318676 -0.02091427
-0.06203745 -0.25706843 -0.01569658
-0.08129183 -0.30123711 0.01438174
-0.06497826 -0.36706081 0.00046202
0.05300212 -0.32637575 -0.00373419
0.01322952 -0.31594974 -0.02921796
-0.08226092 -0.12381840 0.01155083
