0.11252335 -0.08031455 -0.01528591
0.07321116 -0.03921328 -0.04588345
-0.20651683 -0.02471718 0.06325878
-0.06190228 0.00973387 0.03150890
0.13717869 -0.06149263 -0.05597479
-0.33221456 -0.02825478 0.00623323
-0.19829375 -0.07779177 -0.01464396
-0.47630915 -0.08083027 0.01650263
-0.23306423 -0.07716935 0.04725578
0.08845470 0.01229793 -0.01452067
0.16915753 -0.07906727 0.03868380
-0.28077286 -0.00489725 -0.04932229
0.08844143 -0.01855066 0.00749892
-0.28361684 -0.01870475 -0.05098539
-0.10469948 -0.02401450 -0.06465752
0.15893605 -0.00874369 0.01521599
0.11955284 -0.00173276 0.03734834
-0.05995023 -0.04962181 -0.05624593
-0.38312975 -0.02378503 0.07160227
-0.24150316 0.00143431 -0.06187885
-0.22884905 -0.06548893 0.06148499
-0.04701439 -0.08433238 -0.01823482
0.03902524 -0.08160822 0.05234022
0.00881400 0.00568537 0.03681315
-0.07911865 -0.08102635 -0.02033511
0.15216359 0.00020883 -0.06210021
-0.27315822 -0.07214908 -0.03365086
0.06043136 0.01136909 -0.01657493
-0.15402746 -0.03057974 0.06163109
-0.30454072 0.02938082 -0.03787243
0.11515686 -0.01675424 -0.06168731
0.26611143 -0.08248544 0.01305050
-0.26680702 -0.06938589 -0.06447499
0.05134242 0.01254508 -0.03014731
0.14155659 -0.03710397 -0.05999435
-0.18166174 -0.05125956 -0.06508887
-0.38647929 -0.01972703 -0.05159773
-0.02023414 0.02012825 -0.03465283
-0.07093863 0.00692318 -0.00673254
-0.39945903 -0.05727755 -0.06862296
-0.47012109 -0.05137158 -0.02096938
0.05383599 0.00621526 -0.05284395
0.26762727 -0.01299641 -0.04260736
0.13852839 -0.02438835 0.05871418
-0.30089214 -0.08303441 -0.04577522
-0.10927679 -0.03429798 0.06613330
-0.02322627 -0.08592124 -0.00975718
0.00980457 -0.01824695 0.01286330
-0.18165833 0.04469851 0.00203388
0.22144571 -0.02369397 -0.05005749
0.15295514 -0.02230203 0.02929372
0.00741904 -0.03237736 0.05120271
0.35724485 -0.08084682 -0.00882216
-0.32188314 -0.02569301 0.02107561
0.35412776 -0.02863726 0.03047190
0.25124747 -0.02821126 0.04847357
0.28028271 -0.02732525 -0.04951083
0.04979171 0.01628832 -0.04669136
-0.13587305 0.02111758 0.03658906
-0.46337363 -0.04371106 -0.00542571
-0.33246288 -0.02894663 -0.06838343
-0.00553748 -0.00676717 0.01512286
-0.20908484 -0.04709363 0.06250388
-0.23726428 -0.07388959 -0.05002128
0.01247485 -0.02141036 0.00861066
-0.06269108 0.02044489 -0.00078238
0.17014289 -0.06852797 -0.05471173
0.25742319 -0.01234052 -0.01343513
-0.34550115 -0.01715563 0.04698761
-0.03784610 0.00713371 0.04061795
0.34378800 -0.04081786 -0.02583146
-0.41828734 -0.05267547 -0.01959761
-0.17001671 -0.03949568 -0.06505252
0.15418278 0.00325981 -0.00534147
-0.42359614 -0.03675307 -0.07322347
-0.11498515 0.01151557 0.04979092
-0.41548172 -0.05391184 -0.02901442
0.11036817 -0.04259083 -0.06381218
-0.08512810 -0.03369407 0.03809832
0.13985859 -0.06015294 -0.05702323
-0.12528227 0.00869814 -0.05323271
-0.06942118 -0.03250825 0.04858080
-0.32504568 -0.00247451 -0.00910311
0.25493848 -0.06676654 0.04245212
-0.26182604 -0.00240647 -0.05916364
0.18585600 -0.01384773 -0.04155181
-0.43710390 -0.02719716 -0.02164997
-0.13791613 -0.01744980 -0.05884533
-0.44679984 -0.07127990 0.06443106
-0.43747035 -0.05534504 0.03532496
-0.28972179 0.01997300 0.00205075
-0.05358006 -0.06686646 -0.05877647
0.01782382 0.02652929 -0.01469052
-0.20698322 0.00584954 0.03455821
-0.19449209 0.01759978 -0.04796362
0.32030180 -0.01805072 0.03220275
0.10399897 -0.07167774 -0.02284884
-0.32929379 -0.07100320 0.06126146
0.34732476 -0.07460845 0.00318898
0.09529994 -0.00619982 -0.04987621
-0.10739429 0.04266525 0.03553738
0.27209786 -0.07080314 -0.02547628
0.12170161 -0.00431357 -0.03576016
-0.42544550 -0.03128190 0.00119979
0.24793902 -0.07360693 -0.02395928
-0.16918796 0.03212286 -0.02437551
-0.09016292 -0.07879671 -0.03176490
-0.24794137 -0.07160514 -0.04523706
-0.19328858 -0.07203116 0.01000920
0.33775780 -0.03060547 0.03628539
-0.34062344 -0.01662338 -0.05347992
0.24157427 -0.01629603 -0.02655886
0.01335148 -0.02221711 0.05881466
-0.22452955 -0.08090775 -0.02279690
0.39332759 -0.03102379 0.02011956
-0.38301662 -0.02041884 0.04707132
-0.21333921 -0.07955861 0.02574172
-0.00444705 -0.01728956 -0.05176358
0.16900207 -0.07420893 -0.04537276
0.11811570 0.01987213 0.02862865
-0.00580774 -0.07171521 -0.02386977
0.01656938 -0.01907687 -0.06050550
0.03452826 -0.06532972 -0.05995229
-0.20417248 -0.05339972 -0.06115404
-0.12452571 -0.00490147 -0.05937000
-0.05683875 0.01960535 -0.04924640
-0.18316682 0.01805909 0.01398869
-0.34501380 -0.01565310 0.03027133
-0.04893597 -0.04543551 0.04824190
0.00979530 0.01213492 -0.05470067
0.26209557 -0.02711328 0.04050431
-0.26245454 -0.04411327 -0.06474517
-0.25728109 -0.01249136 0.04896886
-0.06725242 -0.01898942 -0.05795513
-0.22439498 -0.01873317 0.02183483
-0.25046155 0.02703974 -0.02010910
-0.03433423 -0.02660899 0.06127177
0.24947342 -0.02116663 0.04876315
-0.23395784 -0.02976332 -0.02963014
-0.18131596 0.04354224 -0.00978595
-0.23663081 -0.03152403 -0.06402265
0.40279546 -0.04806312 0.01599170
-0.08921879 -0.04510231 0.01417064
-0.39095229 -0.07972059 -0.02768694
-0.04424514 -0.02488770 -0.01183575
-0.15500940 -0.03037538 -0.02473059
0.19199537 -0.05068642 0.05419868
0.25133374 -0.07967161 0.01102170
-0.24643299 0.03956171 -0.00141776
0.35655668 -0.06621093 0.01456759
-0.17290655 0.00291706 0.01077238
-0.05571613 -0.03524784 0.01775392
-0.10480094 -0.04877066 0.06089866
0.37558207 -0.02484236 0.01873446
0.09490413 -0.00014241 -0.03042433
-0.09831230 -0.03362047 0.02017386
-0.47325999 -0.07283513 0.03386010
0.03654702 -0.02465732 -0.05012227
-0.13182321 0.01760125 -0.04943158
0.08701409 -0.03381400 0.04510170
-0.16104795 -0.02757006 -0.04485506
-0.27631557 0.02909207 0.03636000
0.43091592 -0.02626741 0.01292741
-0.03511632 0.00854072 -0.05274217
0.41399208 -0.03814381 0.01024549
0.30514890 -0.04318992 0.04105040
0.11951715 -0.06870823 -0.04463594
0.30476069 -0.04377429 0.03838776
-0.06877644 -0.02653866 0.01822169
-0.32548520 -0.00574963 -0.05574522
-0.27377975 -0.07413163 -0.05332664
-0.29469419 -0.00160382 -0.05751123
-0.27241048 0.04220836 -0.02401186
0.22535974 -0.07256580 0.00787742
-0.43627584 -0.05233382 0.02191719
-0.16204304 -0.05241477 0.06003847
-0.23100455 0.05938200 -0.01690215
-0.00764443 -0.05388696 0.06537148
-0.20735794 -0.01818730 0.04957752
-0.37489346 -0.02058368 -0.03871558
-0.26622233 -0.03581986 -0.04942490
0.10325709 -0.06133582 -0.05637220
-0.37077910 -0.02435766 0.05092497
0.05557871 -0.01692310 0.01657356
0.16014718 -0.01345702 0.01553374
-0.11102118 -0.06091703 -0.06519503
0.10726334 -0.03464072 -0.01932322
-0.12372067 0.04528872 0.00716271
0.08633025 -0.03611119 0.06037794
0.01198529 -0.06884648 0.02342882
-0.01972431 0.00505616 0.05768310
0.39037195 -0.02666769 -0.01720001
-0.00965203 0.00876540 0.03555252
-0.32567641 -0.00943794 0.04467731
-0.09421554 -0.01846319 0.06181001
0.25403875 -0.03178555 -0.00111958
0.26103371 -0.08100874 -0.02498787
-0.24364039 -0.08270242 0.00575836
0.14057864 -0.07719585 0.02892328
-0.11445400 -0.02208859 -0.05834526
-0.35479775 -0.05195769 0.06143558
-0.22758073 0.03699725 -0.03866688
-0.04727114 -0.04918019 0.06270821
-0.03612513 -0.06174999 0.06029448
0.20471050 -0.01745199 0.04939669
-0.23421331 0.02836939 0.01603108
0.00584209 0.00809738 0.05177849
-0.40160742 -0.07683146 0.01403124
0.17875937 -0.02625004 0.04706695
0.25288457 -0.02553349 0.02364200
0.09024101 -0.08503044 -0.01784197
0.36052361 -0.02647303 0.01235593
-0.41903892 -0.07445209 0.04462884
0.17685856 -0.07435857 -0.02865269
-0.05556803 -0.02879531 0.05233881
0.16804361 -0.02295624 -0.03949668
-0.05912461 -0.02287398 0.06163161
-0.23140988 0.04091614 0.05215478
-0.02710812 -0.03433761 0.06097817
-0.07052942 -0.01595061 0.04854998
-0.07798211 0.02951276 0.01407771
-0.20048720 0.00398908 0.05314977
-0.01843832 -0.02377598 -0.06671783
-0.31864452 -0.07873481 0.01365755
-0.14948767 -0.04777959 -0.06350898
-0.18363950 -0.03555267 0.06650891
0.01822932 0.00538139 -0.05478650
-0.45141253 -0.03328507 0.00383230
0.02369270 -0.04490000 0.06310795
0.19969589 -0.02824100 -0.02271998
-0.19697377 -0.04578209 0.05548526
-0.18033350 0.05733940 0.00798430
-0.13266329 0.02154747 -0.04972641
0.08721405 -0.05778645 0.05980753
-0.04083389 -0.00514395 -0.03553377
0.08433153 -0.00124559 0.02942855
-0.20130974 0.04756700 0.00157758
0.32728153 -0.03715012 0.03725811
-0.17593238 0.01600422 -0.05017458
0.30498502 -0.07320652 0.02456521
-0.09965214 0.03404931 -0.01385545
0.28649163 -0.03088853 0.02504148
-0.31843814 -0.01933909 -0.04439553
-0.39518160 -0.04327658 0.05343809
-0.37597734 -0.02494471 0.01061347
-0.06864724 -0.00660323 0.05161211
-0.06544645 -0.07560261 0.01013534
0.38413760 -0.03010592 -0.02401196
-0.22508049 -0.05103204 -0.06062525
0.04902766 -0.06845208 0.03574736
-0.40767005 -0.02800335 -0.02459076
-0.02697056 0.03095654 0.00326804
0.33024073 -0.02191654 0.03022356
0.31157380 -0.02980674 0.00042670
-0.33926296 -0.01086990 0.06325103
-0.31076038 -0.01906446 0.05258016
0.07143278 -0.01756334 0.04403993
-0.27578247 0.01827156 -0.05380687
-0.23140383 0.00862639 -0.04146837
-0.02068431 -0.04775273 0.06059910
-0.32437751 0.01955549 -0.01898234
-0.23043595 0.00998878 -0.02769717
-0.40856108 -0.03392093 0.06406283
-0.04547953 -0.00128398 0.05805171
-0.04151928 -0.07801948 -0.03154368
0.36014265 -0.03375875 -0.01572314
-0.18679506 0.03209956 -0.02964283
-0.45921114 -0.07833935 -0.05599980
0.14316776 0.01465434 0.02807140
-0.21328956 -0.01702020 0.02960793
-0.07665708 -0.03163607 0.06353802
-0.46446916 -0.07383599 -0.01403312
-0.19463079 0.02041222 0.04765484
-0.05693897 -0.00706129 0.05690581
-0.14163114 -0.01542184 -0.03747668
-0.32171327 -0.05296627 0.06427100
-0.40476620 -0.07562096 -0.03124395
-0.42671379 -0.03829955 0.03407388
-0.39822501 -0.07552301 -0.04953888
0.22840117 -0.03126931 0.05167675
-0.01360921 -0.02242401 0.06066816
-0.23943681 -0.06924402 0.06203155
-0.40556902 -0.07423867 -0.02126922
0.15361936 -0.02913577 -0.03442481
0.26138058 -0.04395250 0.04310765
0.34396553 -0.02349085 -0.01817321
-0.32692313 0.00789670 -0.05470236
-0.21085274 0.04815671 0.02032443
0.30042610 -0.07520013 -0.02015091
-0.40260947 -0.05035832 -0.06558391
-0.34763679 -0.08352297 0.00741138
-0.09387282 -0.08226468 0.00640101
0.08470329 0.00228552 0.02254750
0.17267640 -0.08175742 -0.00033381
-0.21040729 -0.00190510 0.04494789
0.13772240 -0.01053646 0.05436967
-0.29313502 0.03159141 0.05146818
0.14377159 -0.01848857 0.02141350
0.19278593 -0.01457782 0.04954323
0.32727426 -0.02589485 0.03882920
-0.34536171 -0.08054344 0.01652129
-0.22309549 -0.07709634 -0.00161631
-0.00391414 -0.01445063 0.02136861
0.09476559 -0.08077475 -0.03751193
0.00137082 -0.08331811 -0.00750165
-0.36400378 -0.07841013 0.02899924
0.10967975 -0.01736867 -0.05955881
0.03187393 -0.08195254 0.01950124
0.35113358 -0.02748149 -0.03384038
-0.41299555 -0.04785413 -0.01067269
0.07399762 0.01820721 0.01840840
-0.08804221 -0.02284113 0.06435005
-0.38009271 -0.07400371 -0.00851452
0.12045491 -0.07725962 -0.02050180
-0.19333988 -0.07640330 -0.03677673
-0.15302479 0.04145200 -0.00162302
0.20501851 -0.01731938 -0.05778450
-0.37770528 -0.05898844 -0.02706387
-0.09282353 -0.05208858 -0.05293228
0.28053209 -0.07624686 -0.01423059
-0.27648053 0.03225495 0.01839791
0.02445890 -0.03305479 -0.02125693
-0.18481326 -0.02494139 -0.05640129
-0.40415606 -0.03687824 0.04603763
-0.02960649 0.00425940 -0.04961064
-0.23776194 -0.01750093 -0.04241113
0.03363287 -0.05989789 0.06115549
-0.05599846 -0.06239814 0.05751165
-0.20687589 -0.06937397 -0.02919803
-0.24861811 -0.06204572 0.05923491
-0.29029760 -0.02361945 0.00785273
0.17922102 -0.07423304 0.05017398
-0.41844508 -0.06531055 -0.06250267
-0.10604142 0.03703202 0.03597692
-0.07245527 -0.04941430 0.06004174
-0.16952382 0.06192728 -0.03212584
-0.04385307 0.00709616 0.04190681
-0.26982409 0.01397447 0.01594811
-0.20505218 -0.00231734 0.06259485
0.38787889 -0.03380296 -0.00390257
0.03044487 -0.05689486 0.03974899
-0.22254264 0.03924780 0.01262932
-0.09391975 0.01512005 0.06394714
-0.26796338 -0.01222080 -0.05826884
-0.10481970 -0.03697182 -0.04492804
-0.38438278 -0.02465416 0.03923976
-0.25451335 0.02716867 0.04103389
-0.32713568 0.01270754 0.03272475
-0.44692975 -0.06858875 0.06013731
-0.16635057 0.02229210 0.03101225
-0.22768748 -0.06908683 0.05249696
-0.03892787 -0.00718446 0.05575020
0.39521196 -0.04446659 -0.00676221
0.15205696 -0.07493234 0.00158348
0.01274727 -0.07363297 0.02778156
-0.08723533 0.02342592 -0.05341885
-0.23721831 0.02814824 -0.01319518
-0.37547836 -0.07555434 0.02348728
-0.47740337 -0.07572459 -0.01087371
-0.31295812 -0.07793076 0.03909539
-0.12289917 -0.02161189 0.06346893
-0.17599528 0.03042872 -0.01498898
0.10584535 -0.08500361 0.02907800
-0.22540486 0.01052567 -0.03789435
-0.34282920 -0.07509348 0.03069226
0.09526990 0.00913507 -0.02886416
0.10402524 -0.00341529 -0.02941190
0.03060231 -0.00909194 0.05776072
-0.10965770 0.02596821 -0.00452723
-0.14919433 0.03597692 0.01294919
-0.28265423 0.04818132 0.00449727
0.17440715 -0.06930352 -0.04846833
-0.15799625 0.01027546 0.04679957
-0.43381637 -0.03105558 0.00863968
-0.31620818 -0.08032756 0.02940362
0.05487947 -0.04381126 -0.06461114
-0.33303383 -0.02029106 -0.03877654
0.17665361 -0.04653724 -0.04950967
-0.14699817 -0.00505942 -0.06141292
-0.17282563 -0.07666331 0.04277077
0.32776085 -0.02848146 -0.02946199
-0.21167523 0.02651350 -0.01839821
0.14535703 -0.04596793 -0.06132608
-0.02176910 -0.07513621 0.04202107
-0.18487775 0.01435814 -0.05612031
-0.26254934 -0.06755144 -0.05860593
0.14537066 0.00651560 0.05626455
0.17190287 -0.01612476 -0.01547397
0.35412118 -0.07473490 0.01057601
-0.21411140 -0.00618991 -0.05517556
-0.19112495 0.02846311 -0.01881653
0.13882039 0.00426269 -0.04401116
-0.10212025 0.00524781 -0.06283671
-0.39734453 -0.03619624 -0.04177163
-0.25107038 -0.04342508 -0.06365050
-0.20819451 -0.07823960 -0.00232148
-0.08797450 0.02990473 0.02707785
0.05785678 -0.05309763 -0.05761371
0.22320279 -0.07567840 0.03119041
0.09549086 -0.02220923 -0.06232006
0.22049703 -0.01148526 0.01990809
-0.02744202 -0.01548677 0.02362983
0.24035963 -0.07760922 0.01663467
-0.07956894 0.02266395 -0.05554233
0.36833382 -0.05713452 0.00928606
-0.31126970 -0.05926041 -0.06239695
0.05638229 -0.01068587 -0.00584064
-0.37987342 -0.02464809 0.05500571
-0.35229900 -0.02094340 -0.04262872
0.13585414 -0.00583848 -0.00442966
0.00544553 -0.05441232 0.06612598
0.09496082 -0.04629686 -0.05919580
-0.18549174 -0.07825967 -0.03926111
-0.32908916 -0.08042411 -0.00843642
-0.36596277 -0.01786637 0.00086979
-0.25746909 -0.07967927 0.01418536
0.44292831 -0.02827132 0.00744346
-0.13675950 -0.03945419 0.06683208
-0.41517204 -0.06330223 0.06721211
-0.17623365 0.03735604 0.04912794
-0.02040603 0.00741971 0.05571485
-0.34368044 -0.06085408 -0.01797376
-0.41244382 -0.07296833 -0.04868883
-0.05898486 0.00362655 -0.01108177
-0.38468644 -0.05728685 -0.06832635
0.19229111 -0.07545244 0.03971652
-0.34186339 -0.08323586 0.00387789
-0.21763267 -0.04975794 0.06022019
-0.40178990 -0.03024475 0.01775292
-0.34370464 -0.01149880 -0.00313193
0.00542188 -0.03377452 0.06294446
0.28448686 -0.04973286 -0.03438808
0.20937516 -0.00799769 -0.04407529
-0.27992401 -0.07850369 -0.04686278
0.27039197 -0.07454626 -0.03780328
0.17441145 -0.00400309 -0.03054081
-0.39410579 -0.02082075 0.01803568
0.10335618 0.00762915 -0.03109162
0.15500084 -0.06941872 -0.05472331
0.13175666 -0.00342790 0.05493430
0.06775688 0.02139252 0.03779146
0.17469242 -0.01994039 -0.02033347
-0.01545901 -0.07505951 0.04941844
-0.31827396 -0.02584472 -0.01009550
-0.10607147 -0.07499694 0.05003525
-0.27478617 -0.07152561 0.04451007
-0.02420584 -0.06303471 0.02022112
-0.06721906 -0.07204445 -0.03561160
-0.17889100 -0.08309840 -0.00465169
-0.07770076 -0.00594443 -0.04733422
-0.17034326 -0.00229941 -0.06278234
-0.32051679 0.01080366 -0.05858929
0.25079691 -0.01465427 -0.03475656
0.18467611 -0.01207604 -0.04526043
-0.34230524 -0.08126066 -0.02180247
-0.00682786 -0.03009037 -0.07133541
0.31194985 -0.04384829 -0.03919487
-0.33227700 -0.00092317 -0.00070399
-0.22354096 -0.07797406 0.03664837
0.24337286 -0.04018063 -0.04283243
-0.19693252 -0.01804458 -0.06489143
-0.12586603 -0.00102932 0.04414320
-0.45128235 -0.07116184 -0.04027219
-0.07002614 0.01517221 0.01497244
-0.24740794 0.05411038 0.01772446
-0.17781368 -0.07123642 0.04711771
-0.08965044 0.03616424 -0.03775222
-0.11821045 0.03280418 -0.00237016
-0.20780820 -0.02278503 -0.04394274
-0.05478780 0.03309588 -0.02976528
0.10342998 -0.07838351 0.00310537
-0.32375786 -0.05351815 0.06210611
-0.17390499 -0.01925516 -0.05517733
0.31436893 -0.02403002 -0.03690213
-0.40064147 -0.06279371 0.06048599
0.16440064 -0.08075761 0.03510402
0.06135820 -0.08053008 -0.01568028
-0.26625094 0.02038589 -0.03709550
0.08617943 -0.00542742 -0.02470658
-0.26749447 0.03139017 0.01943649
0.03103083 0.00274866 0.05348663
-0.27390963 -0.03515735 0.06507397
0.09479603 -0.02889730 -0.04493992
-0.28241536 -0.01598292 -0.02230315
-0.33330923 0.01475740 0.00914048
0.35506031 -0.02028203 -0.03048390
-0.11009749 0.02425127 0.05324842
-0.06991032 0.02884222 -0.01110765
-0.18554837 -0.06096757 0.06012056
-0.29870719 -0.07696480 -0.05028853
0.10798717 -0.03070565 0.06271553
-0.01533242 -0.01017575 -0.06416362
-0.28798184 0.02567038 -0.03280536
0.23632371 -0.05046662 -0.03470300
0.09766608 -0.02377772 -0.02496389
0.03578046 -0.01245430 0.05599327
0.20667134 -0.08138996 -0.00526765
-0.27048036 -0.00777478 -0.05994982
-0.28079167 -0.06308104 0.03871336
-0.26108518 -0.08455909 0.00404998
-0.00527458 -0.00317199 -0.04954532
-0.40764478 -0.07536829 0.05519839
-0.39085785 -0.03784429 0.06579925
-0.27489290 -0.02720572 0.00792508
-0.02045224 -0.07500935 -0.04459335
-0.46962711 -0.06075995 0.05690912
0.24361184 -0.01667843 0.00272222
-0.35416561 -0.00826645 -0.04039080
0.09812603 -0.00677765 0.04332321
-0.42566538 -0.07330154 -0.03688552
0.09334883 -0.03372452 -0.02198345
-0.00187132 -0.03711185 -0.06554911
0.18030652 -0.02449702 -0.05371089
-0.25162101 0.03027634 -0.00549840
-0.10598349 -0.01519998 -0.03813158
-0.25845999 0.01597712 -0.03839157
0.05638802 -0.07362700 -0.05540456
-0.14862955 -0.07493981 0.02435105
-0.46399668 -0.08328109 -0.01169853
-0.46524638 -0.07328299 -0.04135687
-0.28319290 0.00607752 -0.01283673
-0.25092405 0.00058254 0.06220865
-0.10221113 0.02851582 0.05175754
0.30443123 -0.03391081 -0.03865217
0.33595970 -0.07509292 0.00260465
0.02942220 0.01778667 0.04323977
-0.38981855 -0.05906180 -0.05704791
-0.33938217 -0.00570636 0.02486340
0.00765706 -0.06345554 0.05904596
-0.28989705 -0.00866286 -0.04670652
-0.42897719 -0.03978799 0.02731496
-0.22159751 -0.07753771 0.02170882
-0.29289949 -0.07925290 0.02775772
-0.10119618 -0.04902204 -0.05732987
-0.38278985 -0.03374742 0.05375214
-0.37575820 -0.02531156 0.02471699
0.11195019 -0.00127609 -0.02679257
0.25152650 -0.03350367 0.00297719
-0.29244158 0.03002506 -0.00661025
-0.22537586 0.02154604 -0.01485751
-0.03537438 -0.01475246 -0.06024107
0.46432960 -0.02780838 -0.00087948
-0.28679436 0.02413688 -0.04369099
0.34094688 -0.06906776 0.01722040
0.05737991 0.00947518 -0.02290174
0.33621049 -0.05684690 -0.02448507
0.04235634 -0.00602589 0.05766533
-0.39504573 -0.01689018 -0.00489929
-0.17828956 0.02170163 0.04370356
0.28379577 -0.02088877 -0.03150099
-0.42806157 -0.06046935 -0.05324608
0.38039768 -0.04595210 0.01088668
0.15601684 -0.03899748 0.06003527
-0.10529406 0.03456788 -0.02576609
0.31363514 -0.06557361 0.02262192
-0.32208195 -0.03599658 -0.06857120
-0.30474865 -0.03757364 -0.06160167
0.00163709 -0.02505104 -0.03861522
-0.09672073 -0.00040304 0.01511618
0.01300266 -0.02129532 -0.05398836
-0.22953613 -0.03303751 0.06247459
0.30395058 -0.07642314 -0.00359340
-0.36263189 -0.07813843 -0.05471994
0.31307283 -0.03626866 0.03948264
-0.18764335 0.03262017 -0.04120992
-0.26723897 -0.08193790 0.02999094
-0.02979878 -0.04123605 0.05994349
-0.20339601 0.04194877 -0.03232628
0.13088903 -0.03841424 -0.05997805
0.24285829 -0.01117725 0.03843550
0.04011409 -0.02270871 -0.04035552
0.22399265 -0.00543586 -0.04628697
0.11266997 -0.01822200 0.00475047
-0.16198976 -0.04778468 -0.04013982
0.01460782 -0.07722621 -0.04526308
-0.19658652 0.01061422 -0.04952059
-0.12880701 -0.02977940 -0.06562164
0.05183955 -0.02826647 -0.04502243
0.21880269 -0.02522709 -0.05611354
0.07365793 -0.00121917 0.04682793
-0.40460810 -0.06445559 -0.06705499
-0.22626209 -0.06484175 0.06151988
-0.02014821 0.01173879 0.03521517
0.39312977 -0.02520539 -0.00288181
0.30013925 -0.06591203 -0.02658299
0.13491777 -0.08315863 -0.01242681
-0.48237389 -0.06944600 0.01536934
-0.18466964 0.01348536 0.01275503
-0.25407657 0.04912322 0.00851099
-0.19465075 0.02398560 -0.04638023
0.06773200 0.00821018 -0.02781720
-0.36660093 -0.07653715 0.05621700
-0.25169358 0.00386944 0.04802471
0.12117890 -0.03144685 0.03625004
-0.09907985 0.02334127 0.04376870
0.41297883 -0.04302534 -0.01326210
-0.43278906 -0.07932673 0.01248629
-0.25371224 0.01169882 -0.04938508
-0.06649995 -0.02716511 -0.03844339
-0.34791964 0.00598150 0.02149075
-0.07236086 0.00934679 0.00657050
-0.29595876 -0.00212516 0.06384783
-0.09663133 -0.04184970 0.06120026
-0.32230675 -0.05676118 -0.06645765
-0.19484268 -0.02727482 0.06104551
-0.01807040 -0.04844818 -0.06335140
-0.40533444 -0.05855259 0.04314746
-0.38610822 -0.03657081 0.06398193
-0.07173854 -0.06049999 0.05753393
-0.17865074 -0.07531174 -0.05244901
-0.30400375 0.00593563 0.01257200
-0.21918942 -0.02156665 0.04300076
0.38556713 -0.03026434 0.00012712
0.17570779 -0.01870760 -0.05862875
-0.25775391 -0.01686660 -0.00052921
0.30919203 -0.08230142 0.00894213
-0.23673426 0.05782902 -0.00503726
0.04977528 -0.05376932 0.06432188
0.19780666 -0.07948919 0.02930927
-0.32005003 0.02246841 -0.00190059
0.37395835 -0.02896793 0.01211520
-0.21991055 0.02967369 0.05443278
0.19311957 -0.02767225 -0.05289383
0.15722778 -0.06111118 -0.04713140
-0.15793964 0.01241048 -0.04846279
-0.38366938 -0.06150744 0.03745585
-0.33130848 -0.04142478 0.06161180
-0.45430362 -0.07549328 0.00731766
-0.41609329 -0.03672608 -0.03643465
-0.29026532 -0.05013572 -0.06170315
-0.03898755 -0.00358970 0.03782142
-0.15601192 -0.07192104 -0.05411325
-0.46843106 -0.05949061 0.04457254
0.31885245 -0.02192991 -0.00113802
-0.21867424 0.03147834 -0.05410797
-0.31633872 -0.07794467 0.05698430
0.04354432 -0.08496295 0.02139446
0.12698433 -0.06404205 -0.05131192
0.03123933 -0.08804145 0.01630475
-0.09544258 -0.07445877 0.01314496
-0.40343982 -0.04059697 0.06344935
0.16728525 -0.04719767 0.04836554
-0.24166244 -0.07682318 -0.03906322
-0.20536172 -0.00528840 -0.05303013
-0.26815742 -0.01464682 -0.00717812
-0.14900261 -0.01242981 0.06287590
-0.26382983 0.03163347 0.02567186
0.40878752 -0.04248810 -0.01216714
0.07880461 -0.02341125 0.02472460
-0.00797984 -0.02248422 -0.06414875
-0.21539718 -0.07680488 -0.03303527
0.10042220 -0.00400002 -0.02048853
-0.38223791 -0.07203491 -0.05181510
-0.32344005 -0.07684741 0.04968756
-0.34252894 0.00750480 -0.02943127
-0.17744616 0.04000437 0.01777058
-0.20673549 -0.00326925 -0.02793859
0.15485403 -0.02491360 0.04853749
0.25819695 -0.07782250 0.02330872
-0.36371019 -0.05467594 0.06437380
-0.32477987 0.00457465 -0.02342005
-0.07642303 -0.06434468 -0.06281191
-0.21522155 0.00805165 -0.05782873
0.09601068 -0.02068595 0.06158949
-0.04027694 0.00300527 -0.03287445
-0.27424052 -0.06975257 0.06389365
-0.06746998 0.03092983 0.00895854
0.13827443 0.01192569 -0.03837086
0.16110827 -0.06337601 0.04118290
-0.35273314 -0.07799606 0.03163092
-0.07965729 -0.01070493 0.06249326
0.30705616 -0.02994004 -0.02955326
0.35262531 -0.06594265 -0.02508363
-0.11075001 0.03151297 -0.04432946
-0.29119688 -0.00716645 -0.00031595
-0.27315718 0.02608163 -0.00847415
-0.35840058 -0.08399159 0.00712054
-0.22087887 -0.02772106 -0.05078756
0.33987835 -0.02803755 0.01114263
-0.39861035 -0.08135185 0.00277030
-0.42791110 -0.03316584 -0.03960946
-0.30106586 0.01625792 0.05400134
-0.17814517 -0.08096145 -0.02904708
-0.07550264 0.00818792 -0.00181555
-0.12166992 0.04649336 -0.01802742
-0.30242240 -0.07760736 0.04990480
-0.29767680 0.03201207 -0.05138804
0.19113851 -0.05825901 -0.04809083
-0.40375367 -0.07652130 -0.04450803
0.24365863 -0.03787943 0.00059345
-0.42370826 -0.03106048 -0.07052005
-0.34561899 -0.07844408 -0.05041966
0.11815742 -0.00929306 -0.05958006
0.19744971 -0.01095891 0.00759905
0.31325868 -0.03949404 -0.04022490
0.06684251 -0.07693540 0.04169939
-0.09726550 0.02555771 0.01841106
-0.21799968 -0.07713129 0.04547112
0.03123778 -0.00682126 -0.00952222
-0.15456599 -0.06974299 -0.00013909
0.12460680 0.01060755 -0.03415268
0.07919079 -0.00824352 0.02136106
0.14522655 -0.00559122 0.04471803
-0.09249352 0.01073894 -0.01824569
-0.26959676 -0.03150814 -0.03754454
-0.38507223 -0.03446456 0.02219821
-0.21344818 -0.01962502 -0.06548484
-0.45984110 -0.07299214 -0.05392027
-0.19905117 0.02999405 0.02004408
0.16356891 -0.07048012 0.05285704
-0.12066011 -0.07245338 -0.00906328
-0.02482245 -0.04513744 0.06117992
-0.16361001 0.02813054 -0.00942001
-0.08148365 -0.08274523 0.02430555
-0.43254283 -0.04927618 0.06430047
-0.11715883 0.02106380 0.01743303
-0.47396559 -0.05644032 0.02847167
-0.13295908 -0.02996947 0.04393930
0.00199533 -0.07986023 0.02887249
0.05491228 -0.00800364 0.04318151
0.05405160 -0.00729029 -0.06535973
0.13276756 0.00020958 -0.03905423
-0.15052535 0.03886808 -0.02858694
-0.06451835 -0.05040823 0.05708893
-0.40651751 -0.03170361 -0.03515397
0.28530362 -0.03574476 0.04304477
0.20018877 -0.07235091 0.04614827
0.03591408 -0.07656239 0.05189100
0.31797150 -0.03743602 0.03528939
-0.25753540 -0.03431607 0.06334651
-0.34123001 -0.03976434 -0.06948026
0.05333220 -0.03885946 -0.06114960
0.07396266 -0.06681457 -0.05320984
-0.28980404 -0.08565961 -0.00662941
-0.09415288 0.01647486 0.01968467
-0.12195740 -0.07266080 -0.05356660
-0.14707394 -0.01587776 -0.06361658
-0.28745139 0.03498559 -0.00424992
0.01982139 -0.00288133 -0.05238151
-0.10572200 -0.01987035 -0.06224084
-0.06880508 0.01098188 -0.02733688
0.16043952 -0.06611221 -0.03505813
-0.31808284 -0.02708074 -0.06916749
-0.44039384 -0.05037758 -0.04420527
-0.01863189 -0.00034369 -0.05798358
-0.00433547 -0.07636391 -0.04753312
-0.28876749 -0.05888566 0.05997334
-0.37889788 -0.01912492 -0.04723798
-0.01479477 -0.01942490 -0.03141187
0.26602712 -0.07397525 0.00552952
0.39253262 -0.07635089 -0.00742559
-0.46772265 -0.08280465 -0.00081357
-0.04041288 0.01830999 0.04080361
-0.37885714 0.00233256 -0.00508636
-0.29589140 -0.02405426 -0.01992519
-0.05793191 -0.07320433 -0.03042862
-0.37630451 -0.01321328 -0.00451096
-0.33975118 -0.00056272 0.04224887
-0.22568722 -0.00204999 -0.00386776
-0.09220082 0.02249260 0.01840668
-0.05469853 -0.00455946 -0.05176261
-0.19090438 -0.07727297 0.05538299
0.17499702 -0.06279317 -0.05370816
0.02493223 0.02169365 0.00906704
0.26131600 -0.02419468 -0.03543314
-0.13135597 -0.03648431 0.05705259
0.01952211 -0.05839814 -0.02256728
0.13428573 -0.03256474 -0.05860284
0.29023474 -0.01288559 -0.03123340
0.11831363 -0.06655078 -0.05891762
0.12739737 0.00126850 -0.04093158
-0.15120035 -0.05131220 -0.05997729
0.41048282 -0.06556565 -0.00116426
0.04461335 -0.00754321 0.05802656
0.24895252 -0.03427842 -0.05241238
-0.34676746 -0.04513203 0.01796045
-0.08158265 -0.02538919 0.06318265
-0.44492114 -0.07922987 0.03594147
-0.23612860 -0.08408598 -0.00149797
-0.11597994 0.00313156 -0.02896510
-0.05037550 -0.08105064 0.04129213
-0.32015717 0.01805770 0.02620791
0.11417854 -0.02078581 -0.02091732
-0.05863322 -0.05553494 -0.06069173
0.09478816 -0.07798576 -0.03217945
-0.24565737 -0.07572416 0.03949668
0.17000857 -0.06484480 -0.05285991
-0.35292739 -0.08224052 -0.01888668
-0.41346779 -0.05734574 0.03571264
-0.07852873 0.00383886 0.05741460
0.30020961 -0.06726586 -0.02415251
-0.32816634 -0.05775284 0.06293998
-0.24926527 -0.07957882 -0.02536185
-0.34853572 -0.02393270 -0.06353389
0.23441929 -0.04244924 0.05177519
-0.20883453 0.03388147 -0.01556778
0.09247439 0.01842892 -0.03122343
-0.04736513 0.01439337 0.03763111
-0.11712439 -0.00549049 0.05484017
-0.07562970 -0.02627632 -0.04908849
-0.47108653 -0.05292077 -0.02093194
0.18257424 -0.01124069 -0.02222135
-0.21034290 0.00710113 0.05055409
0.37735218 -0.07650684 0.00035874
-0.36032856 -0.00453044 0.01261865
-0.24352321 -0.07577711 -0.04737464
0.06857305 -0.07975153 -0.04328722
-0.42582908 -0.07786217 -0.03102451
-0.38109320 -0.01308284 -0.00292699
0.42195159 -0.04412189 -0.00907912
-0.30645466 -0.07450198 0.05594304
-0.47081354 -0.08465398 -0.01953733
-0.43167502 -0.03482987 0.05591736
-0.16242597 -0.07085302 0.05322262
-0.38554549 -0.02954056 -0.05279547
-0.42946756 -0.04396553 -0.07284477
-0.05281863 -0.03167322 -0.06952420
0.29085037 -0.07077514 -0.02423315
-0.29738131 -0.08256575 0.01907206
-0.00511851 0.00333262 0.01350109
0.36845145 -0.06141879 0.01516679
-0.24191257 -0.05032608 -0.06206144
-0.37209898 -0.01178679 -0.00308315
-0.01910295 0.00721824 0.05323850
-0.04016563 -0.00404345 0.05142242
-0.23876651 -0.02132228 -0.06790448
-0.27019697 -0.02593187 -0.05665933
-0.02648528 0.02910863 0.02643164
-0.12398756 -0.07965993 0.01830013
-0.42515460 -0.07781552 0.04053234
0.39809483 -0.03256673 0.01486858
-0.34981698 -0.08152543 -0.00532844
-0.42735648 -0.05124943 0.05460306
-0.11077385 -0.00582114 0.05373583
-0.37331325 -0.08184862 0.05157898
-0.44342491 -0.04050539 0.01760519
-0.19821380 -0.01401920 0.00202200
0.02307162 0.01400851 0.04607144
-0.21476625 -0.04097184 0.04900331
0.11207516 -0.01076466 -0.05099690
0.06736437 0.01056278 0.01342461
-0.35441497 -0.03052838 0.06767745
0.12997188 -0.07185287 0.05040824
0.20335349 -0.02615338 0.05690606
-0.24175760 -0.01362293 0.02798849
0.23706852 -0.02884059 0.04998272
-0.10678729 -0.01813618 0.04562497
-0.47866735 -0.07054125 0.01642922
-0.15879403 -0.00569221 -0.06280386
-0.04720989 0.03377294 0.01024732
0.16704658 -0.01212180 0.02973228
-0.06947228 -0.08467866 0.03161256
-0.19795367 -0.06561139 0.06145277
0.03341251 0.02244014 0.01772059
-0.15975125 -0.07335136 0.05461684
-0.10870946 0.02516813 -0.01421756
-0.08490710 -0.08444490 0.00822191
-0.29344741 -0.07898732 0.05192408
-0.07310528 -0.08075515 -0.03284717
-0.07367693 -0.03226518 0.01725157
-0.30760273 -0.05109685 -0.00305966
0.01911807 -0.03386562 -0.06371670
-0.24305820 0.02895660 0.03091476
0.12783034 -0.01761288 0.02994525
-0.37667218 -0.02795592 0.05385260
0.17191729 -0.02852131 -0.04835689
-0.27872488 0.01888546 0.01950207
0.08248935 -0.01024569 -0.01465339
-0.39267159 -0.07732216 -0.03820830
0.14154004 -0.01753901 -0.04710254
-0.01755159 -0.07989454 -0.04157009
-0.00964656 0.00802704 0.05475206
-0.13564868 -0.07909612 -0.03718995
-0.20713681 0.04661100 0.02574587
-0.11743338 0.02370713 0.01985701
-0.05003610 -0.00850544 -0.03916901
-0.01636482 0.00503792 -0.04738080
-0.17110351 -0.08093170 -0.02788978
-0.12279936 -0.00011020 -0.05686866
0.12566362 -0.03023670 0.06055542
-0.39385512 -0.04799815 -0.06792167
0.38033286 -0.07575122 -0.00830465
0.12034767 -0.04949750 0.04530549
-0.42002925 -0.07695858 0.04986728
0.01442207 0.02173731 -0.04997466
0.15897757 -0.08353949 -0.02387281
-0.14706233 -0.00649653 -0.05793744
-0.00778938 0.01777430 0.04225206
-0.04440268 -0.01383025 0.05298544
0.03241509 -0.00977082 0.05585596
0.15164605 -0.01275687 -0.02536224
-0.25399542 -0.08230951 -0.00526246
-0.16399381 -0.08133873 -0.03365180
-0.18413302 -0.04167007 0.00819561
-0.39955440 -0.07003663 0.05664718
0.30319458 -0.07456339 0.00889604
-0.27864856 -0.01768633 -0.06543940
-0.03162377 -0.02612877 -0.04239621
-0.24190333 -0.06747514 -0.05907065
0.25872394 -0.06616560 0.04214799
0.23375170 -0.03539442 -0.04722967
0.24144116 -0.07957615 -0.01134035
-0.36879531 -0.08362865 -0.01144020
-0.05000150 -0.00285421 0.05441435
0.19902129 -0.02333438 -0.00714834
-0.20644547 -0.02103669 0.03240860
-0.34894609 -0.02450030 -0.06742255
-0.23275375 -0.07757573 0.04464525
0.05829469 0.00620712 0.03492016
-0.13202167 0.03569674 0.01401464
-0.16562547 0.00979438 -0.01061333
-0.13531443 0.02840930 -0.04164830
-0.05623041 0.00351399 -0.02910883
-0.08239627 0.00905252 0.05166803
-0.17421716 -0.00564536 -0.05951468
0.33204436 -0.04614597 0.03388794
0.26257092 -0.00317237 -0.04266550
-0.00492875 -0.03149535 0.05901641
0.10973249 -0.05347495 0.05864116
-0.07242936 0.00387176 0.01748502
0.18510674 -0.01311955 -0.03626738
-0.07710691 0.02059671 0.01252799
-0.35496670 -0.05053153 0.06357116
-0.40565035 -0.02455569 0.02568292
0.17891267 -0.00004127 0.04987125
0.21969691 -0.01961639 0.00636801
-0.13659358 0.03436062 0.03190752
0.10076630 -0.00555776 -0.00738502
0.19147283 -0.06079692 0.04474892
-0.39795974 -0.04178169 0.02142535
-0.41813034 -0.02481750 0.00265918
-0.28473622 0.04159862 -0.01087526
-0.15262318 0.04295883 0.02303354
0.02582112 -0.04326859 0.06339824
0.24984850 -0.07134214 -0.03742855
-0.44881207 -0.07843737 0.04417891
0.11660186 -0.07079638 0.05081623
-0.23504788 0.03219995 -0.02137860
0.18468246 -0.03093442 -0.05710340
-0.39531562 -0.02367114 0.01403810
0.06929948 0.00277660 0.02432156
-0.25032052 0.02670051 0.05473642
0.09295586 -0.01637379 0.06384084
-0.25002700 -0.01190149 -0.03788462
-0.17718181 -0.07770018 0.04725558
-0.28083539 -0.06807727 -0.05845889
-0.07326350 -0.07692052 -0.03101918
-0.26543555 0.00852381 -0.05771828
0.12630641 -0.07541893 0.04754977
0.18542401 -0.04897330 0.05416542
-0.02797062 -0.08533654 -0.00586175
0.10668948 0.00079826 0.04583216
0.17651616 -0.02581372 -0.04464727
-0.39318511 -0.02927898 0.06910709
0.28854650 -0.07068639 -0.01694676
-0.04537874 -0.01540111 0.04610151
0.14900516 -0.02899661 -0.05991520
-0.31700426 -0.02377604 0.06184537
-0.41532275 -0.04037832 0.06684683
0.24869405 -0.05398628 -0.03744559
0.23929963 -0.02515148 0.04945000
-0.43141741 -0.01526078 -0.05934026
-0.20843013 -0.02815325 -0.06463104
0.06024761 0.00078941 0.00514116
0.07365535 -0.08031140 0.01949039
-0.30586141 -0.00963252 0.01392939
-0.33025423 -0.05070055 0.03851901
-0.30739665 -0.08270901 0.02857937
0.16021609 -0.07906511 -0.00296255
-0.07829395 -0.00379535 0.05817936
-0.11408211 -0.01451067 0.00498587
-0.36769077 -0.01946684 0.04226944
0.09555227 0.01143193 -0.04974008
-0.12625691 -0.02599213 -0.04821133
-0.08419225 -0.02252995 -0.06481221
-0.38979486 -0.07793929 0.05082439
-0.13548851 -0.03430983 -0.04379326
0.18753551 -0.07004464 0.04320978
-0.22629927 -0.01733887 -0.05083218
0.12944053 0.00357916 0.03482166
0.14428189 -0.01944547 0.03709806
-0.27010125 -0.03091894 0.06209541
0.15444390 -0.01064666 -0.05685850
-0.06355327 -0.03511519 -0.06368098
-0.09550814 -0.08459494 -0.03075336
-0.02589634 -0.00451994 -0.01473852
0.04827837 0.01900169 0.02664300
0.08172348 -0.04533569 -0.06110808
0.33829379 -0.01756069 -0.00405372
-0.00949260 -0.08452610 0.01514316
-0.31959349 -0.08601572 -0.01263732
-0.19409725 -0.07301698 -0.02280268
0.20202342 -0.01599117 0.02102807
0.18685260 -0.01295575 0.05407353
0.00685988 0.01483272 -0.02023930
-0.37523174 -0.06156440 0.00593646
0.15411758 -0.01323581 -0.04785558
-0.04635790 -0.08089691 0.00484387
-0.15233414 -0.07624512 0.02492751
-0.06761700 0.01673521 0.01820669
-0.30871415 0.03085170 -0.01190217
0.13720021 -0.05684846 0.05726044
-0.37937665 -0.05201752 0.04449268
-0.33350378 0.01724497 0.02142865
-0.15911326 -0.02364984 0.04347403
0.22914538 -0.01805194 -0.05037394
-0.20723286 -0.05004700 0.06196012
-0.20928636 -0.07205574 -0.04384183
0.26742864 -0.02688751 -0.03742694
0.28469089 -0.02938605 -0.04681459
0.15633306 -0.07517231 -0.01933428
0.25911501 -0.03699280 -0.04919260
0.18409243 -0.01868084 -0.06161732
-0.02662886 -0.03160512 -0.04463730
-0.09577820 0.03412453 0.04664734
-0.03889125 -0.08089876 0.02270684
-0.17424580 -0.04760820 0.06221798
-0.25599036 0.00666743 0.05727729
-0.45028558 -0.07307519 -0.06037189
0.13467759 -0.00074872 0.05576143
0.03316534 -0.00683935 0.03217965
-0.34620586 -0.02396358 0.03065336
0.08499836 -0.03223972 0.06802614
-0.14347574 -0.03421842 -0.06829576
