0.07894792 -0.31117862 0.03706062
-0.01824948 -0.34068719 0.03480284
0.16795234 -0.31615484 -0.01375210
-0.00716869 -0.37854889 -0.01488500
0.03549153 -0.31854668 -0.05695616
-0.26232505 -0.33602297 0.00513587
-0.17443968 -0.34276208 -0.00277366
-0.09346666 -0.34310037 -0.06032753
-0.17519864 -0.34062725 0.00052012
-0.06245808 -0.32153767 0.05692000
-0.16799378 -0.31989470 -0.06849928
0.19115481 -0.31451795 -0.02669120
-0.08443799 -0.35690087 -0.03347563
0.03884217 -0.29283392 -0.00485514
0.02174271 -0.21927805 -0.00056686
0.02530582 -0.39002976 -0.01457585
-0.15864253 -0.33333296 0.06319390
-0.21819611 -0.31556755 0.05460414
-0.15826440 -0.35263786 0.01833038
-0.02736211 -0.34054071 -0.05693400
-0.22200561 -0.32787493 0.05313371
-0.21117590 -0.31781015 -0.05343974
0.09025809 -0.34237248 0.03903739
0.08558578 -0.34276918 0.02435836
-0.07261647 -0.31609654 -0.07559214
-0.13897972 -0.31338668 -0.06489096
-0.14809665 -0.32925400 0.00428758
0.06104458 -0.32505193 0.03428816
0.03747233 -0.27875739 0.00016403
0.00086656 -0.28366038 -0.00416959
0.04236340 -0.25356945 0.00456098
0.09139712 -0.33228886 -0.01693779
0.14646231 -0.34999284 -0.00447879
0.11025603 -0.31669644 0.01606128
0.14419770 -0.35287046 0.01459535
-0.01966384 -0.37463793 0.01186121
-0.00267244 -0.34819528 -0.02445985
-0.18557478 -0.35110655 -0.04309916
0.23363559 -0.30711713 -0.00840932
0.06712686 -0.31586125 -0.03599159
-0.10231753 -0.31029192 -0.04039611
-0.01556972 -0.32122007 0.07356518
0.02416368 0.18870507 0.00220450
0.05200394 -0.29544622 -0.00517640
0.07440378 -0.34213051 -0.03809248
-0.11227202 -0.31285435 0.03988388
0.08231307 -0.33943394 0.00493518
-0.08690935 -0.30595621 -0.06619839
-0.22810026 -0.33830568 -0.02145360
0.02866073 -0.13484854 -0.00068216
0.16418061 -0.34269366 0.00583046
0.14158568 -0.34100762 -0.00152271
-0.07565790 -0.33151060 -0.00885055
-0.07037363 -0.34466103 -0.03640378
-0.25931373 -0.29570466 0.02103576
-0.06494681 -0.35031453 0.01879335
-0.19574368 -0.32687092 0.02532201
0.20748134 -0.32770872 0.02323832
-0.24523322 -0.31160295 -0.04913597
0.17197672 -0.34620070 -0.02423923
-0.01815141 -0.35853937 -0.00360731
-0.27533165 -0.33173695 0.03782139
-0.12979454 -0.33027300 0.02754891
-0.22364825 -0.30237079 -0.04927196
0.01931746 -0.27097750 0.00325209
-0.03652872 -0.28697580 -0.00389336
-0.05497841 -0.35174921 0.00854103
-0.04877809 -0.30535954 -0.03063192
0.02397508 -0.06325724 -0.00230715
-0.09610399 -0.35507518 -0.02354336
-0.11698112 -0.32512987 -0.06140644
0.02342940 -0.35001418 0.01968808
-0.00816725 -0.27937165 -0.01808229
-0.16437183 -0.35045123 -0.02062637
0.11420275 -0.31617364 0.00745722
0.24999309 -0.30638272 -0.00183537
-0.18534054 -0.34365726 -0.00604562
-0.20875627 -0.30583349 -0.03529214
-0.19798866 -0.34423429 0.03895046
0.07661518 -0.32178310 0.05843687
0.02455961 0.03099421 0.00125858
-0.21563046 -0.32764509 -0.06253630
-0.20429713 -0.32276291 -0.05073220
0.00843428 -0.34987721 0.00413322
-0.15135162 -0.30571026 -0.06062412
-0.07895862 -0.33721939 -0.00143576
-0.04597880 -0.37444007 0.00697512
-0.18275961 -0.29982981 0.03973326
0.11955132 -0.33631912 -0.03291200
-0.16647500 -0.35705185 0.00014810
-0.15239617 -0.34054178 -0.05642610
0.19265926 -0.34801131 -0.02301667
-0.18468380 -0.33016157 0.05996870
-0.24060649 -0.31423187 -0.02692181
0.10908797 -0.30045271 -0.00119638
-0.07450631 -0.31134897 -0.04320349
-0.20942816 -0.31216642 -0.05581374
-0.19369206 -0.30930921 -0.06098766
0.01303344 0.25611097 0.00410141
0.01928879 0.19219384 0.00792345
0.17949905 -0.33646667 0.01247947
-0.27554467 -0.32572690 0.00885799
-0.24379432 -0.33249715 0.04447457
-0.05514204 -0.35023877 -0.01990748
-0.14198098 -0.35216293 0.01674414
0.05305338 -0.34869117 0.04751991
0.07625829 -0.33339980 -0.01707638
-0.01781218 -0.34245583 -0.05890513
-0.17242545 -0.31874567 -0.06252488
-0.22044125 -0.31961304 0.01077466
-0.21549405 -0.34581622 0.02082260
-0.11879696 -0.35394442 -0.01839114
0.02162982 -0.31912562 -0.05965112
-0.20342149 -0.29474500 0.00615079
0.03490600 0.19240636 0.00067738
-0.18796456 -0.30154148 0.05360109
0.02627291 -0.34669155 -0.04413255
0.10996120 -0.32651925 0.05461897
-0.07002801 -0.32849768 0.05534952
-0.18852383 -0.32805824 -0.05751063
-0.26060164 -0.30189025 0.04857366
-0.09227071 -0.31816411 0.07902418
0.06958166 -0.34459031 -0.02563151
-0.22315280 -0.34219676 0.05510179
-0.02630527 -0.30840206 -0.04194595
-0.23107612 -0.32626903 0.05632867
0.03865017 -0.22797388 -0.00171215
0.06854900 -0.33231467 0.05727885
-0.06868094 -0.31282416 -0.00567127
0.09674491 -0.32831398 -0.05427582
-0.05001103 -0.30557019 0.07808590
0.02315997 0.32428443 0.00599876
0.01402752 -0.02747728 -0.00065191
-0.15285979 -0.30747107 -0.05638341
-0.24681966 -0.31088692 -0.00417393
-0.11439501 -0.31818673 -0.03632936
0.21966262 -0.30381706 -0.01343446
-0.20610468 -0.30418038 -0.02843383
-0.13949184 -0.30783316 0.06120634
-0.07403607 -0.35265070 -0.03568194
-0.26823595 -0.32428175 -0.03287172
-0.07242668 -0.38525325 0.00676753
0.13886382 -0.32954210 -0.04281424
0.03928198 -0.32365930 0.05923507
-0.21471839 -0.33053035 -0.00384275
-0.11306912 -0.34009269 0.00287544
-0.12193444 -0.34730366 0.02982908
-0.15288237 -0.36028513 0.02263876
-0.07899737 -0.32307950 0.06197026
-0.04796608 -0.30637962 0.05400613
-0.27722660 -0.32460484 0.02212976
0.02966532 0.29273885 0.00120385
-0.16090029 -0.35306233 -0.03152215
-0.12228624 -0.33973026 -0.06360947
0.02551170 -0.33529270 0.01870422
0.08141194 -0.33600339 0.01211836
-0.17184801 -0.32384580 -0.06115912
0.02124996 -0.32970026 -0.03721502
-0.20620343 -0.34144187 0.03818323
0.01123916 -0.30132765 -0.01672428
-0.12870933 -0.31545478 -0.06925724
-0.14739889 -0.34490880 -0.01440593
-0.08738577 -0.34518990 -0.05192943
-0.04837776 -0.32203344 0.06036300
-0.09449935 -0.30233011 -0.02279524
-0.12134661 -0.33995196 0.02525676
-0.25535631 -0.34404877 0.03599206
0.16316320 -0.32880148 -0.02095481
-0.22484612 -0.31755009 0.06278401
-0.14066263 -0.34639263 -0.04950946
-0.23020001 -0.33981684 -0.02551088
0.17628917 -0.35951337 -0.01294644
0.04689735 -0.32263401 -0.06219415
-0.01463717 -0.26727083 0.00206457
-0.04434399 -0.35287926 0.03405808
-0.18193822 -0.32910866 0.05936036
-0.09220254 -0.28465009 0.01119072
0.22169322 -0.30073884 -0.00910828
0.16923162 -0.34725380 -0.01481658
-0.07931882 -0.34496111 -0.05769983
-0.14059564 -0.34687245 -0.02083655
0.10080884 -0.35572168 0.00474130
0.15619494 -0.31052902 0.01686750
0.19645503 -0.34597468 -0.01432652
0.01682245 -0.31501371 0.03514030
-0.19873324 -0.34538153 -0.03248907
-0.05559007 -0.26851043 -0.00595156
0.01901196 -0.22106087 -0.00210962
-0.03837666 -0.33035150 -0.06078608
-0.17787412 -0.34830192 -0.04146973
-0.24228823 -0.31276926 -0.03962115
-0.06499793 -0.33716023 -0.01012450
0.03574836 -0.09703011 -0.00413133
0.21801975 -0.32912135 -0.00464017
-0.01175914 -0.30115721 -0.00810767
-0.10928009 -0.34273797 -0.06986581
-0.12468074 -0.33080798 -0.06409971
-0.10642208 -0.31296459 0.06943454
-0.06268375 -0.38922924 0.01408107
0.04004237 -0.06182058 0.00483883
0.13676213 -0.34870976 -0.02672824
0.20916145 -0.31674021 -0.01396905
-0.03486556 -0.35300681 -0.00396547
0.02150278 -0.30308107 -0.04842061
-0.10776184 -0.34445256 -0.03723140
0.01003026 -0.30948743 -0.06312571
-0.20264557 -0.34072495 0.04663151
0.15022333 -0.35011917 -0.00265315
-0.26702902 -0.32448629 -0.04282428
0.01519783 -0.31199226 0.06674659
0.03771597 -0.18228734 0.00030598
-0.08739992 -0.30548534 0.06494669
0.01644035 0.27893430 0.00458648
-0.22661754 -0.31118807 -0.05041821
-0.15756483 -0.34038711 0.02852177
-0.07744024 -0.31733191 0.08445513
0.01422012 -0.35145459 -0.05493350
-0.09206259 -0.34493151 -0.03048730
-0.08928549 -0.34801769 0.01981925
-0.18372323 -0.31192797 0.05078521
-0.08298832 -0.31662410 0.07344276
0.00102475 -0.31893113 -0.07075892
-0.21808192 -0.32354593 -0.06542321
0.03376701 -0.35191518 0.00625470
-0.07019512 -0.31056306 -0.06679399
-0.05230611 -0.33150983 -0.02322621
0.13165197 -0.33247316 0.04625761
-0.22161995 -0.32370999 0.03194181
0.04172615 0.03442372 -0.00272060
0.03201225 0.23839596 -0.00008373
-0.03906075 -0.30395254 -0.07006419
-0.15341869 -0.33538732 0.02422947
-0.18511426 -0.33573106 0.02424391
-0.14381646 -0.30613664 -0.06273328
-0.25190380 -0.34573582 -0.02943953
-0.03454860 -0.32153237 0.05029919
-0.15967032 -0.32049793 -0.06070663
-0.24474496 -0.35873908 -0.02528754
0.11764376 -0.31258753 0.00145768
-0.03294561 -0.31836122 -0.06558315
0.13465822 -0.34075907 -0.03446985
0.03703404 -0.28187951 -0.00526657
-0.25811949 -0.34747615 -0.00732255
-0.22372332 -0.33619198 -0.03106831
0.01227977 0.07172327 0.00142985
0.06627868 -0.34640768 -0.01618351
-0.11015724 -0.32098740 0.06467503
-0.22877342 -0.34175250 0.03537638
-0.05886557 -0.32796293 -0.07272697
0.01777269 -0.34693816 -0.02553951
-0.21397920 -0.30617484 0.06622158
0.00749546 -0.32205507 -0.06233249
0.03315404 -0.18979208 -0.00096666
-0.05751801 -0.31015372 -0.06859163
0.02545874 0.17544854 -0.00968554
-0.14521891 -0.31186008 0.04357267
0.19602755 -0.31256208 0.02214037
0.01419077 0.24064560 0.00686250
-0.05570754 -0.27311727 -0.00462683
-0.02836040 -0.32184902 0.02894021
0.09521163 -0.33389425 -0.01671115
-0.09252959 -0.29309905 -0.04410886
-0.10919167 -0.34505019 0.05878239
0.01193138 -0.26748967 -0.00968094
0.02914039 0.36219826 0.00019716
0.11609104 -0.29931587 0.03732703
0.07086253 -0.35179251 -0.02815128
0.02016539 -0.30878785 0.01641470
-0.12129308 -0.34147859 0.05034187
0.14632353 -0.34495479 -0.03229444
0.15291512 -0.30878419 -0.01548868
-0.09164288 -0.27237514 0.00338784
-0.10251513 -0.35069364 -0.00765560
-0.21917267 -0.31308976 0.01769019
0.12785208 -0.32527167 0.03895344
-0.20533153 -0.34034649 0.05427911
0.01434715 -0.33454910 -0.01970715
-0.19893461 -0.32603294 0.00677403
0.08853655 -0.34770882 0.02049862
-0.05750739 -0.33113015 -0.02532440
0.00565637 -0.34107006 0.04744619
0.00831123 -0.34722281 -0.02435116
0.16713762 -0.31652069 -0.01212559
-0.02568632 -0.35961017 -0.00926808
-0.00892765 -0.32888120 0.06800093
0.05977765 -0.30870098 -0.05311945
-0.03535065 -0.35617650 0.02823332
-0.08740620 -0.33207434 -0.00806925
0.00520180 -0.33890247 -0.04330917
0.05722813 -0.33656603 0.03952384
-0.24262683 -0.34427667 0.02738620
0.12512946 -0.34254482 0.04330197
-0.12275432 -0.34172612 0.03904115
-0.14421490 -0.27420652 -0.00112766
0.01300083 -0.35309640 0.00879189
0.12444697 -0.30796936 -0.04389458
0.01283670 0.32744262 0.00511288
0.19742535 -0.32847196 -0.00279926
-0.26160640 -0.31956145 0.03282264
-0.00161189 -0.34766182 0.03290642
0.03902519 -0.30782080 0.03084843
0.10533059 -0.34679854 0.01532032
0.11102269 -0.31849068 -0.04321467
-0.21907148 -0.31421632 -0.04992136
-0.19399470 -0.31226704 -0.06641168
0.01219267 -0.32227513 -0.05647467
-0.25189364 -0.33907536 0.00100251
-0.18129012 -0.30027491 0.05318276
0.18099612 -0.30221233 0.02205313
-0.05884117 -0.34426746 0.04483721
-0.14003770 -0.34769136 -0.00845272
-0.19564857 -0.35287482 0.00536554
0.10961740 -0.35386801 -0.02614780
0.06856973 -0.35712963 -0.01429672
-0.25365621 -0.34754449 -0.01004599
0.14983654 -0.31804270 -0.00467514
-0.14571062 -0.31782129 -0.05826329
0.02908950 -0.33137712 -0.06342586
0.08220290 -0.35250965 -0.03512104
-0.08870421 -0.37027782 0.01391857
-0.12693244 -0.30249882 0.05427772
-0.05955769 -0.34477615 -0.05949365
-0.19810316 -0.31227821 -0.03301334
-0.19632025 -0.31688094 0.05210224
0.01346413 -0.29843602 -0.02637982
-0.14101715 -0.31826222 -0.06408647
-0.01632159 -0.34866488 -0.03395556
-0.16997969 -0.29710612 -0.04906486
-0.03098321 -0.34247044 0.02895043
-0.06010376 -0.29494777 -0.02867441
-0.11771058 -0.34343022 -0.02633289
0.07460451 -0.31250635 0.04197910
-0.07196300 -0.34859976 0.02684745
-0.10843195 -0.29660708 -0.01356915
0.05197652 -0.29706225 -0.04955823
-0.16680807 -0.32094657 -0.06850297
-0.15399596 -0.30505580 -0.01640336
0.02232556 0.16165361 -0.00143409
0.01450374 -0.33226192 0.05732272
0.20269445 -0.32045388 -0.01242320
0.15130720 -0.31181341 -0.03549537
0.11551343 -0.30534038 0.02123263
-0.07038908 -0.32745570 -0.06907003
0.17950459 -0.30955768 -0.02118062
-0.05134653 -0.36515161 -0.01494420
-0.27424344 -0.32613927 0.03452880
-0.25853622 -0.34316215 -0.00020144
-0.04856209 -0.28453004 -0.00372793
-0.07770113 -0.34203792 0.03729960
-0.19515672 -0.33617726 -0.00224127
-0.18254288 -0.34369284 -0.02975401
0.01804971 -0.34741840 0.03731953
-0.06623067 -0.31239116 -0.00336435
-0.18466708 -0.32915857 -0.06696299
0.05800535 -0.35604528 -0.00179262
-0.11305746 -0.31863141 -0.02230769
-0.04020378 -0.29691839 0.06222600
-0.11457058 -0.31063890 -0.06988948
-0.08828685 -0.34344274 0.00986852
-0.07265951 -0.34439835 0.05715343
0.15768826 -0.34825453 0.00162762
0.01198494 -0.36683518 -0.01834234
0.05617869 -0.31998569 -0.04435271
0.05693538 -0.30660126 0.04637622
-0.01324673 -0.27630842 -0.00253774
-0.15568602 -0.33007920 0.05464357
0.10359421 -0.30249184 -0.04957927
0.12444856 -0.33925766 -0.03987731
-0.07736590 -0.36529478 -0.00531966
-0.08815651 -0.32333741 -0.06228017
0.00912248 -0.35856822 0.01147442
-0.02362386 -0.31721207 -0.05367336
-0.20239845 -0.30330348 0.06240758
0.13968867 -0.31691584 -0.03802496
0.21416786 -0.30880851 -0.01412306
0.06786042 -0.34711480 -0.00602194
-0.14171788 -0.31929174 0.05902597
-0.14136577 -0.31812358 -0.04486276
0.13712120 -0.31940725 -0.03149037
-0.01049559 -0.30847150 0.06377731
-0.07737460 -0.35732013 0.02238221
-0.00911531 -0.32851931 0.06845334
0.21300600 -0.34641850 0.00516735
-0.20043457 -0.30026001 0.06035087
-0.00818923 -0.29440334 0.04242571
-0.23779406 -0.32589367 -0.03445283
-0.25271225 -0.30107352 0.03903906
-0.20324777 -0.27858430 0.00430827
0.09359998 -0.35206214 -0.02541273
0.12679975 -0.31631887 -0.03792953
0.18034038 -0.34172866 0.00913998
0.12212580 -0.34425414 -0.01686864
-0.20396373 -0.30375046 -0.00892031
-0.23086746 -0.32484534 0.04341457
-0.20630547 -0.31605175 0.00026912
0.13197593 -0.30545485 0.04971759
-0.02071103 -0.32920012 0.07321600
-0.07803369 -0.30372211 -0.01288819
-0.25656512 -0.33761796 0.00757396
0.03137293 -0.30046022 -0.02222051
0.09429772 -0.32253554 0.00973882
-0.24176443 -0.34488776 0.00915340
0.02916104 0.34217373 0.00405088
0.10584653 -0.30501071 0.00267431
-0.19127223 -0.34266147 -0.01557781
-0.19475159 -0.31933576 0.01657562
0.06504797 -0.31421739 0.05311346
0.01161179 -0.34785688 0.01288818
0.14208944 -0.33977410 0.03006839
-0.24990033 -0.31272668 -0.02364258
0.04653138 -0.16193423 -0.00710187
-0.09904377 -0.29996693 -0.00749173
-0.17944051 -0.27841529 -0.00783639
-0.18596956 -0.30464149 0.06378556
-0.23821063 -0.32365704 -0.03300735
-0.04144863 -0.36249447 -0.00647918
-0.07408380 -0.32868710 0.05073721
0.08879302 -0.33967879 -0.03846545
-0.12402244 -0.30810469 0.02457783
-0.00131452 -0.30976126 -0.03060344
0.13662522 -0.34992844 -0.00368078
-0.13028125 -0.32746020 0.06100427
0.02207730 0.37916568 0.00209797
0.09147803 -0.32937142 -0.05190421
-0.22122607 -0.30706576 0.04470503
0.02308217 -0.13270259 -0.00208999
-0.11559922 -0.28109178 -0.00369055
0.02244745 -0.30428994 0.05438336
0.07600617 -0.31198594 -0.03497832
0.02317504 0.33851770 0.00820625
-0.11560579 -0.33864421 0.05445040
-0.04734757 -0.32929593 0.04708051
0.11450411 -0.32155645 0.03480750
0.01778065 0.34569177 0.00925400
0.14932786 -0.31012708 -0.02330738
0.13031696 -0.33092648 0.03857746
-0.15422726 -0.35287309 0.04434490
0.02975659 0.08076899 -0.00513016
0.04645365 -0.33521709 -0.06042822
-0.05221906 -0.34523529 0.04723137
-0.01140961 -0.35120118 0.04965395
0.01547322 -0.36152768 0.01194663
-0.19536880 -0.34101829 0.04232031
-0.21687198 -0.34485620 0.04243924
0.10314208 -0.34496278 -0.01935503
-0.26230323 -0.30483046 0.04765545
0.06256001 -0.34389031 0.00674801
-0.16682842 -0.31205964 -0.07302523
-0.15744625 -0.30964839 0.05400536
0.19966622 -0.35518327 -0.00545863
-0.08444059 -0.31242391 0.06766549
-0.16038428 -0.34127989 0.05326442
-0.23584181 -0.32443851 -0.01793805
-0.01742768 -0.31281245 0.00614972
-0.20556949 -0.32953364 -0.04035880
-0.14179169 -0.35887790 0.00760628
-0.07221024 -0.32338569 0.06635124
-0.04328479 -0.37713733 0.00694788
-0.00495147 -0.32407987 0.06208371
-0.01022660 -0.34827945 -0.05036390
0.17544043 -0.31712255 -0.03021208
-0.07401985 -0.30116802 0.06708567
-0.16354054 -0.31864369 0.05581421
0.08321329 -0.32287645 -0.00277052
-0.21166812 -0.31143516 0.05476943
0.10155217 -0.31462336 0.04716295
-0.09301109 -0.34426615 -0.06990790
0.08344287 -0.34311941 0.03942689
-0.17765699 -0.35204798 0.01178928
-0.05163671 -0.32068482 0.06162301
-0.07984587 -0.33410817 0.02470847
-0.20271626 -0.31649479 -0.01890888
0.00876058 -0.31033731 0.07325030
-0.09962493 -0.34638283 0.00122962
0.07054444 -0.34745044 0.02944472
-0.06104844 -0.28222382 0.00169268
-0.26696104 -0.33311832 0.01886922
-0.00381157 -0.39238128 -0.00767078
0.01317367 -0.36426184 -0.02378903
-0.14375319 -0.31626448 0.08160614
0.06905933 -0.34279060 -0.00528126
-0.09888878 -0.35026762 0.00919346
0.01864772 0.34225535 -0.00220608
0.18383650 -0.31014511 -0.02765716
0.10868871 -0.33281371 0.03707734
-0.19375025 -0.36071575 -0.01151589
0.01709039 0.19669908 0.00213792
0.22373885 -0.29705569 0.00485650
0.06751997 -0.30535299 0.04298077
0.16804875 -0.34823772 -0.01948957
0.01750354 -0.30770454 -0.01119100
0.11530106 -0.35256520 -0.00308835
0.12817810 -0.31588778 0.04433062
-0.09637945 -0.28356987 -0.00422642
-0.22713085 -0.31569901 0.01639125
-0.09719293 -0.37907487 -0.00365204
-0.00106817 -0.34087771 0.04108153
-0.19415732 -0.34843257 0.01054368
-0.09228982 -0.33856878 -0.00121212
-0.16441368 -0.35865769 -0.00326050
0.11480386 -0.32090774 0.03228161
0.17593093 -0.31447685 0.02267576
0.02506954 0.20358838 0.00092284
-0.04488302 -0.29717597 -0.03003732
-0.23915882 -0.35635245 0.00283334
-0.20761995 -0.33543503 -0.04646359
0.10203781 -0.31600437 -0.04897549
-0.26162118 -0.34455466 0.02824627
0.04519280 -0.34796944 0.02711839
0.02383686 -0.35655528 -0.03134625
-0.06509575 -0.27328488 0.00012615
-0.23519965 -0.31964484 -0.04775663
-0.10036027 -0.28736973 -0.02883611
-0.18882850 -0.31071082 0.07014010
-0.23833090 -0.30606541 -0.02754719
-0.15935701 -0.31058425 -0.05974126
0.04614400 -0.33496425 -0.05811940
0.03267469 -0.32451227 -0.05656043
0.11632276 -0.33393711 0.04307684
0.03098617 0.17904741 0.00502208
0.01560916 -0.32534614 -0.01651821
-0.05409186 -0.34427840 0.05394514
0.03167678 -0.30551940 -0.05694696
-0.03103153 -0.35166532 -0.02307548
-0.07383864 -0.34446841 0.05553701
-0.05145266 -0.27488306 -0.00347417
-0.17676765 -0.34977245 0.01163196
-0.21585800 -0.34992692 -0.00132529
-0.27608681 -0.31969294 -0.01848299
-0.02032035 -0.36707711 -0.00761653
0.12064683 -0.31066895 -0.03052758
-0.19306150 -0.32456917 -0.05375039
0.02231266 -0.33651149 -0.01454146
0.02614275 0.14048216 0.00195498
0.04523455 -0.33807698 0.02496441
-0.17840120 -0.36927274 0.01131991
-0.22660545 -0.33648410 -0.01080215
0.07968778 -0.34723365 0.03156875
-0.14487876 -0.33954090 0.01059953
-0.19658658 -0.34371194 -0.02403254
-0.00310841 -0.33895445 -0.03253118
-0.17406826 -0.31476724 -0.05929866
-0.05918336 -0.35001665 -0.03919405
0.02880260 0.37772420 -0.00014515
0.01761045 -0.35623482 0.04957745
0.01181476 0.16744658 -0.00082107
-0.18845311 -0.28053790 0.00315711
0.15390000 -0.35097617 0.00505843
-0.14872254 -0.34269121 0.01977018
0.21882245 -0.34067357 0.00218184
-0.16681087 -0.32585093 -0.03673306
-0.14863363 -0.34727043 -0.00309271
-0.18387158 -0.31556860 -0.04175101
-0.07760648 -0.30826896 -0.07020745
-0.08114392 -0.29885933 0.05973526
-0.02038816 -0.30039713 0.04288401
0.02191012 -0.25524235 0.00289247
-0.27543586 -0.34821072 -0.00846813
-0.10183454 -0.33093145 -0.07128853
0.09715574 -0.34621066 0.02449431
-0.00882922 -0.35847607 -0.00030306
-0.21090756 -0.33971408 -0.05334575
0.03787854 -0.35066259 -0.04928594
-0.13497142 -0.32070476 -0.06883167
-0.01874080 -0.35785174 0.00600967
0.04303591 -0.31177044 -0.05671379
0.05504562 -0.32586828 -0.03583067
-0.17587453 -0.32279801 -0.05973741
0.16283630 -0.32564425 0.03740722
0.03116006 0.17073472 -0.00744144
-0.11437883 -0.29966182 -0.00011012
-0.27254441 -0.33337551 0.03190845
-0.00155596 -0.29919946 0.06903502
0.07112186 -0.34090111 0.03374664
0.11095671 -0.32369924 0.04821727
0.04390338 -0.36089292 0.00730855
-0.27835953 -0.33764279 -0.00897519
0.03420747 -0.34624347 0.01941921
-0.09814993 -0.30172738 0.06528960
-0.14271836 -0.34700340 -0.00111876
0.24584875 -0.31641111 -0.00954495
0.01642759 -0.32863420 0.01508049
-0.06044928 -0.30625314 0.05247483
0.03467832 -0.29037672 -0.00164623
0.11067601 -0.34109905 0.02336723
0.11332969 -0.29017955 0.00254952
0.01698559 -0.30684876 0.07179110
-0.00913603 -0.35371542 0.04728871
0.01717979 -0.29381505 0.00165167
0.03535378 -0.32514033 -0.05601648
0.03366771 0.02478329 0.00829030
-0.02439230 -0.29019773 -0.01009849
-0.25195757 -0.34678909 -0.02090848
-0.20911856 -0.31590384 0.04946059
0.04778906 -0.31408197 -0.04590286
-0.08116159 -0.31409642 -0.07212000
-0.10208432 -0.31249732 0.06087849
-0.04674042 -0.31648934 -0.03491074
0.06944109 -0.31915319 -0.04505027
-0.04254914 -0.34106275 0.03958584
-0.19506821 -0.30325031 -0.06331196
-0.24353994 -0.33320656 -0.04689651
0.01212209 -0.32470301 -0.06126879
0.07068988 -0.34633616 -0.03998132
0.02185788 0.30447698 0.00254138
-0.22140467 -0.34067217 0.00731825
-0.18567920 -0.30931526 0.05103628
-0.15776207 -0.34342086 0.00612556
0.01674825 -0.32904023 0.01807228
-0.04948492 -0.28351459 -0.00490556
-0.19307016 -0.36075154 -0.00615097
0.12567133 -0.31479618 0.04993107
0.10312998 -0.34395021 -0.01607648
-0.06301035 -0.30213174 0.06137064
0.08321146 -0.34931213 0.01937645
-0.13146919 -0.35174459 0.03952829
-0.10016739 -0.33469936 0.06860316
-0.21092424 -0.31985432 -0.06326824
-0.01588307 -0.38273656 -0.01693487
0.21823357 -0.33512723 0.00814762
-0.08372048 -0.37948900 0.01672103
-0.16546105 -0.33266914 -0.00461110
0.16726263 -0.34887245 0.01771669
0.01672667 -0.33748144 -0.03527671
-0.08640105 -0.34735602 -0.04821434
-0.14042145 -0.31368384 -0.06882323
-0.00269967 -0.34861967 -0.02001418
-0.24293369 -0.32931542 0.03560551
0.07845280 -0.34122747 -0.05192184
0.00906557 0.14926617 0.00089487
-0.08522119 -0.37286067 -0.00857232
-0.25085646 -0.31238008 -0.03124663
-0.07679199 -0.35324067 0.04740335
0.00906278 0.32148013 0.00165566
0.10876630 -0.31963003 -0.01814770
-0.17736924 -0.32791474 -0.07005384
-0.08646407 -0.34993145 0.03152625
0.13832939 -0.31458637 0.04846382
-0.15872708 -0.31463924 -0.01086669
-0.06961535 -0.31212327 0.00980036
-0.23805702 -0.33914077 -0.01362815
0.05272121 -0.30031535 -0.02578120
-0.26290634 -0.34225395 -0.01327549
0.02562548 -0.08443160 -0.00182365
0.23094964 -0.32040972 0.01699079
-0.01598422 -0.33343312 0.06353495
0.00841148 -0.37850338 0.00707594
-0.09972912 -0.29481506 -0.01564841
0.05678506 -0.34206346 0.01507706
0.12006664 -0.32180956 -0.04187282
0.02474595 0.15006176 -0.00119426
-0.15044205 -0.31949356 -0.06184952
0.13125344 -0.31211856 0.04819053
0.16986582 -0.31083587 -0.03051075
0.09363843 -0.34584764 -0.01896834
0.02262614 -0.30647579 -0.01078211
0.02607785 -0.32409891 -0.06066402
0.07848668 -0.35345045 0.04510673
-0.17259996 -0.34594813 0.05771242
-0.02229442 -0.31322828 0.07387225
0.00099286 -0.33964112 0.03120081
0.07693404 -0.35762733 -0.01245045
0.03911205 -0.28510436 -0.00649818
0.02344382 -0.28052363 -0.00141034
0.06173253 -0.35241684 -0.03643538
-0.00863007 -0.32839826 -0.05920866
0.14752319 -0.32377541 -0.02635918
0.00642642 -0.30250946 0.01459373
-0.01632991 -0.29678860 -0.03683124
-0.03630947 -0.34130993 0.05742301
-0.02351195 -0.36167702 -0.01280337
-0.02221646 -0.32356259 -0.06404088
0.03508293 0.11680707 0.00052776
0.16087395 -0.35031754 -0.01402313
-0.00865935 -0.35207662 -0.02620185
0.03810966 0.04310507 -0.00412011
0.09515266 -0.30708703 -0.04859079
0.00112301 -0.35775903 0.00223934
0.08956609 -0.35038179 -0.02375180
0.01585372 -0.30277050 0.04320701
-0.20321476 -0.34326920 -0.06027563
-0.17765583 -0.30208614 -0.01008495
0.05216138 -0.30854577 0.04859284
0.01219805 -0.31482619 0.00469684
0.11086547 -0.33653158 0.00207251
-0.24621420 -0.34451288 -0.01026785
-0.11419505 -0.33025244 -0.04950032
0.03304823 -0.17867067 -0.00537654
0.08474772 -0.34565040 0.04242969
-0.14119059 -0.35277110 -0.00303330
0.26298416 -0.31004810 0.00698009
-0.20592049 -0.33146226 -0.05211383
0.09380117 -0.34159160 -0.02805443
-0.06065152 -0.34776828 0.03426522
-0.00548412 -0.37641379 -0.00253634
-0.06095625 -0.28960109 0.01767006
-0.01517834 -0.26695880 -0.00639138
-0.18791521 -0.34984848 -0.04031255
0.13952117 -0.30860084 0.05242858
0.03180620 -0.14283207 -0.00464790
-0.22141610 -0.30990285 0.03786584
-0.01968472 -0.33523154 0.00230795
-0.12264653 -0.34672523 0.00633744
-0.00612007 -0.35422075 0.00599555
0.06046779 -0.31642118 -0.05132323
-0.11761536 -0.27280068 0.00607857
-0.10149844 -0.35730538 -0.01293642
0.08248857 -0.34273010 0.04339215
-0.22123590 -0.34706920 0.02251858
0.12449161 -0.31682253 0.04536531
-0.09744649 -0.31231868 0.06301887
-0.11556589 -0.31794506 0.06310634
0.05899655 -0.33515015 -0.03529150
0.14262004 -0.33314076 0.02716862
-0.01000581 -0.30274862 0.03459378
-0.06156781 -0.35635597 0.05782191
0.01972179 0.22164005 0.00226324
0.02100043 -0.30344886 0.03858378
-0.10528430 -0.30870253 -0.05653350
-0.08453153 -0.32737970 -0.07371978
0.03132137 0.13967171 0.00314675
-0.13536179 -0.33831361 -0.02764873
-0.10518771 -0.30782065 -0.05661190
0.19236141 -0.33729419 0.00750563
-0.11765456 -0.36445788 0.00579022
-0.09831590 -0.32087353 -0.05811583
0.18951622 -0.31354687 -0.02606087
0.05000760 -0.30355832 -0.01231644
-0.05426639 -0.34621784 -0.04859528
-0.12903166 -0.34422597 -0.01955527
-0.01032836 -0.34536129 -0.05396092
0.08523354 -0.30323225 0.03219599
-0.02983648 -0.30991673 -0.06628749
-0.10589038 -0.30870453 -0.04269808
-0.15103242 -0.35275111 0.00233507
-0.19927213 -0.31235355 0.01718631
-0.13004056 -0.35219049 0.03272701
-0.11790039 -0.32784030 -0.07453686
-0.20288031 -0.30602512 -0.06117383
-0.08849425 -0.29903114 -0.02059544
-0.23262376 -0.32572675 -0.00522272
0.01840695 -0.12539485 0.00112362
-0.03916400 -0.37013066 0.00227702
0.11469665 -0.30385906 -0.04381106
0.00209231 -0.33763549 -0.05755452
-0.12130839 -0.29449987 -0.05647339
-0.04928294 -0.30942312 0.06198818
0.05918771 -0.33199567 -0.05592228
0.02951759 0.21109715 0.00853796
0.02752129 -0.27726066 -0.02530819
-0.08828205 -0.27871355 0.00393261
-0.06686667 -0.31036422 -0.07173888
-0.09338178 -0.39004317 0.01745780
-0.17061624 -0.27515262 -0.00690246
0.11569717 -0.34219491 0.03660889
-0.07913145 -0.29737705 -0.05985164
0.01709388 -0.37339154 0.00424178
0.02314177 0.00630317 0.00147589
-0.03790648 -0.33763033 -0.04417530
0.15939343 -0.33183312 0.02750468
0.01213873 -0.26920033 -0.00093553
0.03040884 -0.24954897 -0.00154920
-0.04129373 -0.32646966 -0.06856038
-0.16309884 -0.34320772 -0.00679715
-0.09477144 -0.31715593 0.07584596
0.12565218 -0.31508058 0.03710766
-0.07205521 -0.34519264 -0.03830798
-0.24636570 -0.34682325 -0.02886324
0.13133854 -0.32767805 0.02743175
-0.19166251 -0.34093410 -0.02974141
0.02666993 -0.33860001 0.04154738
0.02098859 0.17158161 0.00715428
-0.03255583 -0.32397282 -0.06461784
-0.09632042 -0.31558272 0.06739701
0.03585630 0.19114563 0.00640484
-0.14027937 -0.33912322 0.06074188
-0.22302428 -0.32058656 -0.03451069
0.15598004 -0.32052013 -0.03834784
-0.16713631 -0.29863483 -0.05725092
0.08446849 -0.34636253 -0.01269609
0.04027449 -0.20586586 -0.00235797
0.00005730 -0.35245851 0.05144689
-0.18559019 -0.31375593 0.05822609
0.23247316 -0.32668817 -0.01850020
0.24344328 -0.30339321 0.00319352
0.19659258 -0.33879557 -0.02303282
-0.00319602 -0.30609366 -0.03319482
-0.07424861 -0.39627337 -0.00145439
-0.08142246 -0.30593243 -0.00505736
-0.01957224 -0.36454126 -0.02229784
-0.23134592 -0.31715322 -0.05960216
0.11930509 -0.35799161 0.01506518
0.06150560 -0.35433376 0.04257869
0.21645686 -0.32403493 -0.00364245
-0.23034154 -0.31299248 -0.04610447
0.05131627 -0.30388191 -0.03111451
-0.27585790 -0.34714484 -0.00113721
0.05935588 -0.31931955 0.06900649
-0.21595281 -0.35684207 0.02956254
-0.11109549 -0.31779301 0.05045553
0.14710113 -0.32627323 0.03437682
0.04607688 -0.29519898 -0.00879509
-0.19946483 -0.31170940 -0.02235509
-0.13036476 -0.35814393 0.02008982
-0.06655353 -0.36603394 0.00966288
0.02683726 0.37344885 -0.00194006
-0.22878517 -0.33962637 -0.00075682
0.01953141 -0.28130880 0.00102072
-0.10978496 -0.27922609 0.00741131
0.02130906 -0.33560616 0.03601684
-0.05579735 -0.34916317 0.04964659
0.24039984 -0.31709909 -0.00282421
-0.02126469 -0.35335115 -0.02989499
0.04566822 -0.33645731 0.05895605
0.03384613 -0.30552045 0.04403451
0.04669811 -0.35484597 -0.02071072
-0.05295226 -0.33021453 -0.00874108
0.01095738 0.22907665 0.00012913
0.16257370 -0.31495416 -0.03549860
0.10792809 -0.34671006 0.00669034
-0.26222736 -0.32559949 0.00173160
0.07984954 -0.32901967 -0.03143798
-0.14550424 -0.30791277 -0.06108039
-0.21689680 -0.35526404 0.00280454
0.02391925 0.03330509 0.00460937
0.22661521 -0.31947359 -0.01162722
-0.25802061 -0.29873672 0.01634019
-0.15064220 -0.33073559 0.05695484
0.15359831 -0.31839851 -0.02595131
-0.21393698 -0.35128117 0.00977079
-0.25562340 -0.34169286 -0.02831699
0.02955173 -0.09829782 0.00169685
-0.19750938 -0.35203350 -0.04572657
0.05494448 -0.30340588 0.01183899
0.14713085 -0.36107284 -0.00967052
0.08351095 -0.33399737 -0.01736030
-0.05803408 -0.34505707 -0.03899622
-0.07681231 -0.30386046 0.05558074
0.05949752 -0.29992169 -0.02000475
-0.08846185 -0.35573396 0.04205945
-0.19903469 -0.33061132 -0.06032037
0.06821501 -0.31163654 0.06342126
0.15685919 -0.30756381 0.03885139
0.03968725 -0.33777463 -0.03573715
-0.03931115 -0.33075866 0.06700915
-0.26321396 -0.33297199 0.02167054
-0.25011545 -0.31885204 -0.04854244
-0.03520256 -0.36018443 -0.02471856
-0.02649559 -0.38123578 -0.02383124
-0.00800247 -0.34056866 0.05683978
0.02900118 0.31551990 -0.00765874
0.13697161 -0.29648578 0.03485095
0.12427653 -0.35635376 0.02470408
-0.04661512 -0.37665892 -0.00483019
0.04004503 -0.30894908 -0.03342050
-0.22600120 -0.27624959 0.00544478
-0.23998582 -0.34020248 0.01067882
-0.16418666 -0.35280865 0.03494817
-0.22841933 -0.33903536 0.04414455
-0.14672619 -0.29964221 -0.04621029
-0.26160222 -0.31240535 -0.04685960
0.02241103 -0.36374930 -0.02185062
0.05841205 -0.34110180 0.04234962
0.01765723 -0.33792460 0.03785864
0.10110912 -0.35343367 0.03628735
0.00861918 -0.32939932 -0.01285782
0.05682187 -0.33320424 -0.02062876
-0.01709941 -0.31038553 -0.05238344
0.09510617 -0.30380276 -0.03751571
-0.08435395 -0.31762025 -0.06815466
0.04282907 -0.32370481 -0.04261285
-0.05365722 -0.28733248 0.02208157
0.00948856 -0.31001902 -0.00900746
-0.17783363 -0.30126178 -0.04886101
0.04427088 -0.30368051 -0.03582301
0.02774576 -0.25493532 0.00277471
-0.19489878 -0.30812401 0.06330461
-0.03803259 -0.34145346 0.02823372
0.03604304 -0.31837657 -0.03190065
-0.12614051 -0.33995485 -0.03044965
-0.14563033 -0.31217620 0.05598142
-0.02897508 -0.34788784 0.04789643
-0.17813551 -0.30023643 0.06013709
0.24395281 -0.32822272 0.01040610
-0.05313015 -0.34772986 0.00634952
-0.02061434 -0.32687733 0.05420909
-0.20119736 -0.33888459 -0.03392084
-0.20716693 -0.34985703 -0.04391122
-0.15730880 -0.34393460 -0.06591264
-0.03400529 -0.36448336 0.02012182
-0.14521667 -0.32029015 -0.06255194
-0.06039295 -0.33698761 0.06900261
0.03251278 -0.02865139 -0.00132071
-0.08300750 -0.33385265 -0.03538100
-0.07783902 -0.27120671 -0.01008151
0.00633356 -0.31040376 0.04526551
-0.08813216 -0.31978589 0.08451892
-0.03364432 -0.35150802 -0.05066878
-0.00414299 -0.34785283 -0.04346906
0.00542191 -0.23863482 -0.00296442
-0.21061753 -0.33673894 0.03056659
0.04549016 -0.21771875 -0.00539374
0.03423513 0.35051492 -0.00379087
-0.00696643 -0.27726355 0.01110227
-0.07549807 -0.38599527 -0.00589768
0.01819773 0.30962852 0.00242812
-0.06285203 -0.34641507 0.03079172
-0.13267234 -0.34133431 -0.02213111
0.13562031 -0.32954526 -0.03833697
-0.00796723 -0.34586594 -0.00269786
-0.21902892 -0.31463987 -0.05349365
-0.04656894 -0.33572561 -0.04085505
0.18921989 -0.34339073 -0.01075133
0.03036271 -0.34578368 0.04020439
0.09423782 -0.30095729 -0.01209701
-0.26201153 -0.33924711 -0.04132841
0.02398681 -0.33942068 0.05985247
-0.19189250 -0.27305725 -0.00216946
-0.06944188 -0.35012650 -0.00814932
0.02757221 0.38138378 0.00521533
0.06126711 -0.34637246 0.04990269
0.04194195 -0.27330714 -0.00708304
-0.07899977 -0.35071242 -0.01021236
-0.15003851 -0.30993906 -0.03331665
0.17079617 -0.31099924 0.00905479
-0.21759741 -0.30760324 -0.02835024
0.14917086 -0.33867949 0.01865822
0.12249938 -0.34645441 -0.03219083
-0.25605837 -0.34674770 -0.01371051
0.01165369 -0.27548531 0.00459593
0.11250912 -0.31913725 -0.00675022
-0.14542472 -0.30251288 -0.06022193
0.01705963 -0.31067687 -0.06498131
0.02081934 0.12885845 -0.00067625
0.01878703 -0.04432432 -0.00638855
0.03155276 0.14669026 0.00612172
0.17702973 -0.31375048 -0.00892632
-0.18691449 -0.35142100 0.04047259
-0.03916678 -0.29369119 -0.03555537
-0.13437611 -0.34391502 0.02797845
-0.18981975 -0.32325339 0.00963310
-0.20587097 -0.30274674 0.06014843
0.09687792 -0.30832788 -0.03663994
0.01189986 -0.35273719 0.05279160
0.03395278 -0.18440580 -0.00514068
-0.23340419 -0.30592671 0.06367740
-0.02499130 -0.35281616 0.03107559
-0.19667187 -0.30658674 -0.03409821
0.15722333 -0.31009364 0.03678481
-0.01931972 -0.34775349 -0.01573630
-0.04139096 -0.29759577 -0.00626745
-0.06721164 -0.34942472 -0.05131846
0.01166320 -0.37543988 -0.00643551
-0.20591217 -0.31597650 0.03837918
-0.09403882 -0.31503034 -0.07624567
-0.09115045 -0.35381413 -0.01894190
0.01692693 0.13259816 0.00247419
0.14553013 -0.33934873 0.03892187
0.11709303 -0.33930591 0.03289419
-0.08850354 -0.30726975 0.06725693
-0.07582881 -0.33225331 -0.00507746
-0.17273958 -0.34738827 0.00224354
-0.23966755 -0.33874798 0.00588877
-0.06633908 -0.35538915 0.02415180
0.05844310 -0.31138226 -0.05938193
0.02680649 -0.31426576 -0.05034022
0.03889661 -0.15458234 0.01248043
0.05960711 -0.32801020 -0.05007770
0.15181647 -0.31975856 0.03188826
0.01241408 -0.33698156 0.05403467
0.16154768 -0.31108248 -0.03223517
-0.10284232 -0.30082938 0.06745104
0.06312431 -0.31831953 0.05952311
-0.25766844 -0.30901778 -0.02218094
0.03373517 0.08284434 0.00239151
-0.06486001 -0.37247673 0.01181863
-0.27691716 -0.33053151 -0.03744306
-0.18305634 -0.33010563 -0.06094144
0.02814801 -0.01312641 -0.00150212
-0.04233255 -0.32858905 -0.05055946
0.06941234 -0.29955634 0.03926568
-0.06088608 -0.37079611 -0.00904204
-0.21708103 -0.30622876 -0.03079980
-0.07839529 -0.31791034 0.04918655
-0.04893328 -0.34139094 -0.02733131
-0.13473402 -0.33552700 0.06712768
-0.21199057 -0.33951703 -0.01627324
-0.23412040 -0.31162062 -0.00109292
0.06580074 -0.35297668 0.00897213
0.03025148 0.09220031 0.00516208
0.01870590 -0.35282329 0.01399731
-0.01374099 -0.33730620 -0.01055061
0.03141979 -0.02820403 0.00133806
0.14085324 -0.32120618 -0.02928324
-0.00557058 -0.35849988 -0.00191078
-0.14303157 -0.32212692 0.02943083
-0.08422085 -0.28595778 -0.00600227
0.02522684 -0.09853153 0.00142493
-0.20671007 -0.31346995 -0.05889076
0.08603828 -0.31175345 0.06280872
0.13305618 -0.35034901 0.02651802
0.05144609 -0.35512182 0.03922972
0.04121954 -0.32868871 0.01920666
-0.23877275 -0.32141921 -0.05639074
-0.19552609 -0.31009141 0.06887634
0.02038656 -0.07436957 -0.00898685
-0.02690264 -0.37708727 0.00144658
-0.16434230 -0.31424007 0.06719808
-0.18741135 -0.33693257 -0.06258342
-0.04198724 -0.32583320 0.06469228
-0.05792627 -0.32257485 -0.06195624
-0.17294595 -0.33926690 0.03771188
-0.15092218 -0.30231237 0.04196730
0.03048692 -0.28568962 0.02003279
-0.08104508 -0.34344101 0.02932612
-0.08142871 -0.29179204 -0.02221633
-0.17126055 -0.34327018 0.03257178
-0.21419935 -0.34204426 0.03409121
0.13425672 -0.30050969 -0.04393527
-0.21781993 -0.31333947 -0.01644987
0.00878407 -0.31156763 -0.05291582
-0.20675415 -0.31035629 -0.05455389
0.00230117 -0.34307283 0.01424640
0.03709731 -0.32855743 -0.00759951
