0.10425056 -0.07341928 0.03820690
0.10572287 -0.03783624 -0.03823379
-0.24463098 0.02750352 0.00307486
-0.00716715 -0.04758845 0.25363395
0.11089240 -0.10512371 0.10728083
0.03665940 -0.06527223 -0.12327522
-0.15404196 -0.00400039 0.00071926
0.02270122 -0.05378978 -0.16681466
0.04248286 -0.07549620 0.11634336
0.20388986 -0.04269055 -0.03999741
0.14348149 -0.08485872 0.01413776
-0.05616346 -0.04131280 0.28959209
0.18935952 -0.07322244 -0.02862176
0.12406568 -0.01408077 0.02549685
-0.31324065 -0.01794081 -0.07974555
0.10451905 -0.06684771 0.04017585
-0.23648135 -0.00811861 0.00637913
0.32254893 -0.07647003 0.00827027
-0.31507954 0.02676521 -0.00049888
0.19588803 -0.00181167 0.01690855
-0.01666873 -0.08144467 0.03290974
-0.08075477 -0.08568741 -0.00993978
0.20462392 -0.04375115 0.03949904
0.00925077 -0.05324245 0.18538453
0.12134762 -0.08473977 -0.02155146
0.09290369 -0.02532288 0.03459064
0.02797563 -0.06611900 0.08480480
0.14670822 -0.08874842 0.00052588
0.03553412 -0.00799778 -0.01774074
-0.09176918 -0.00810799 0.01561290
-0.11892316 -0.01204074 -0.01963319
0.25405240 -0.08085354 0.02036227
0.04902975 -0.08647530 0.02745353
0.09493721 -0.08453558 -0.03192734
-0.22465427 -0.06322800 -0.00867753
0.02955483 -0.11534651 0.06928471
0.11606915 -0.08458698 0.01158506
0.03533893 -0.06674761 -0.10343795
0.03939598 -0.06720228 0.03934478
-0.28369057 -0.02300578 0.05231552
-0.21393928 -0.06095564 -0.02059985
0.08831462 -0.06606276 -0.11512481
-0.29998884 -0.02216638 -0.05321399
0.13019240 -0.07671666 -0.10346542
0.11307449 -0.07126088 -0.10638693
-0.00017979 -0.03925309 0.03885464
0.21471348 -0.05737874 0.03735939
0.07555444 -0.06754535 -0.10299419
-0.25437501 0.05141026 -0.00120186
0.04269791 -0.08706124 0.02576536
-0.00515117 -0.06294858 -0.07604583
0.19047305 -0.05294531 0.04045026
-0.00343563 -0.06523117 0.09437613
0.20668562 -0.05238177 0.04090826
0.11902875 -0.07489795 -0.10168012
-0.01837349 -0.06105611 0.13145131
0.09924097 -0.06961865 0.07781556
-0.07034667 -0.03644729 0.32776770
0.09092779 -0.05480617 -0.04058556
-0.27523279 0.01030065 0.00196640
0.22537053 -0.08629503 0.00999914
0.10245361 -0.07111700 -0.10882868
0.06942887 -0.06712775 -0.10445773
0.11095130 -0.10300345 -0.10578667
-0.01025572 -0.06708319 -0.03582013
0.07732733 -0.08668485 -0.02932834
-0.03055887 -0.04842487 0.23725195
-0.30272603 -0.01821456 -0.07707368
0.16849932 -0.00193721 0.01267075
0.01111310 -0.06677908 -0.11774996
-0.28959194 -0.02088924 -0.04980810
0.02378685 -0.10602839 -0.06740047
-0.01702570 -0.04725393 -0.23754126
0.10376506 -0.07365472 -0.05164927
0.23705208 -0.00559154 -0.00034842
-0.14732096 -0.00951082 -0.01470939
0.11829611 -0.06172037 -0.03597027
0.09623346 -0.02743665 -0.03442782
-0.06512715 -0.04123323 -0.29218182
-0.31043008 0.00795760 -0.00016031
-0.25677848 -0.02269687 -0.04112318
-0.02897937 -0.06965422 0.09281289
-0.10051510 -0.08520690 0.00504075
0.05805271 -0.08732827 -0.12131867
0.07393107 -0.02967959 -0.03601711
-0.01923461 -0.05246813 0.20319098
-0.00932729 -0.05453203 -0.18128209
0.15089040 -0.05734741 -0.03709118
-0.09961062 -0.07895855 -0.02134410
0.10985491 -0.10456476 0.10005062
-0.01368384 -0.05921756 0.13768263
0.01909267 -0.05802342 0.15410075
-0.25154173 -0.04675371 -0.02132169
-0.27678829 -0.02202790 0.04163081
0.09732284 -0.07435787 -0.05318961
0.23840760 -0.01258500 -0.01865715
0.08549797 -0.06454837 0.10021020
0.12698035 -0.00372484 -0.01594073
0.07166474 -0.07436229 0.11357771
0.06152610 -0.06256904 -0.03923611
0.09513190 -0.08761486 0.00857354
0.00386499 -0.06808627 0.06615524
0.06785559 -0.07996456 -0.10984036
0.05585223 -0.06869508 -0.08719461
-0.31100339 -0.01667297 -0.08454038
0.05694969 -0.08776593 -0.03672897
0.01534248 -0.11029323 0.07778890
-0.03703370 -0.04133936 0.28296810
0.00873351 -0.06670710 -0.09885889
-0.02336359 -0.04328752 0.27171797
-0.08018825 -0.06863496 0.02955852
-0.30900571 -0.01190424 0.11847308
0.00468464 -0.10043646 -0.08247560
-0.08583792 -0.03201797 -0.33376896
0.20841458 -0.07442752 0.02890745
-0.29248354 0.06855466 0.00254628
0.02383480 -0.06769861 -0.10054192
-0.30840263 -0.02342554 -0.03513653
-0.03823429 -0.05016777 0.22313951
0.14670695 -0.05463865 -0.03698424
-0.00311343 -0.04912689 0.21687479
0.15623601 -0.06180685 0.03845675
0.10638504 -0.08891357 -0.01178568
-0.15677835 -0.07297961 0.02046084
0.07880389 -0.05690672 0.08296265
0.06259946 -0.08944903 0.00138338
-0.28010070 -0.02010450 0.05369250
0.07829243 -0.06149577 0.10791589
-0.00421041 -0.03660957 0.03979002
0.08942503 -0.07309125 0.05370516
-0.00766627 -0.06308280 -0.11131623
-0.30409086 -0.01655843 -0.09590827
0.07248894 -0.05981332 -0.05520641
0.05792172 -0.05883611 0.09039228
-0.30732092 -0.00831911 -0.00497441
-0.01499880 -0.06141920 0.13220164
-0.17828353 -0.07178898 -0.01488799
0.06142816 -0.10131244 0.11527859
-0.01133716 -0.02894146 0.03626154
-0.25943425 -0.00592581 0.00505951
0.08594778 -0.05527501 -0.04051151
0.04127361 -0.00656588 -0.01150855
0.21479623 -0.07889210 -0.02167239
0.22003764 -0.06103871 0.03677548
0.10906854 -0.08964266 -0.13529752
-0.10905455 -0.08088668 0.01948950
-0.17857391 -0.00769632 0.00824715
-0.17705788 -0.07287877 0.00048864
0.16524068 -0.07439827 0.03100573
0.03654858 -0.04698531 0.04057495
0.01218469 -0.07088619 -0.05230436
0.04791960 -0.07240576 -0.07204961
-0.26026675 -0.01208673 0.00567248
-0.28241488 -0.04643986 -0.01315270
-0.27158523 -0.00020364 0.00303853
0.00759295 -0.08374856 -0.06314263
0.18485683 -0.08509000 0.01574202
-0.22032546 -0.05667342 0.02208262
-0.31719902 0.08954144 0.00212619
0.04892327 -0.07813390 -0.11639392
0.08607590 -0.08166397 0.12887609
0.05195160 -0.03565742 -0.03738830
0.15035914 -0.06417359 -0.03673106
-0.01167064 -0.07165697 0.03678610
-0.09813441 -0.01847721 0.02939676
-0.02843309 -0.05146549 -0.21485859
-0.03630957 -0.05097049 -0.23864974
-0.32419759 -0.01597641 -0.09983748
-0.23230131 0.00386209 0.00393643
0.12199304 -0.07136804 0.03645861
-0.01630261 -0.04993778 0.23960920
-0.25818282 0.05510001 0.00184688
-0.02461048 -0.04957867 -0.23611270
-0.07057190 -0.00856420 0.01492471
-0.01767592 -0.04397528 0.26905569
-0.01382027 -0.05426046 0.19534270
-0.02477370 -0.04947120 0.22329529
0.16037643 -0.02231761 -0.03295050
-0.29656631 0.02565433 -0.00140929
0.13953862 -0.02571900 -0.03525182
-0.25281507 -0.01553458 -0.01977439
0.05982019 -0.06196653 -0.12143933
0.05073212 -0.06689321 -0.10674205
0.16762486 -0.00371374 0.00475563
0.09902191 -0.10426001 0.12243713
-0.04483103 -0.00561121 0.00202913
0.32260972 -0.03103286 -0.01699622
-0.01333704 -0.08530185 -0.02545305
0.00870884 -0.05629748 -0.17477833
0.02083738 -0.07012843 0.05748881
-0.03625348 -0.05312084 -0.03840488
-0.20082375 -0.03729052 -0.03319445
0.00108070 -0.05193569 -0.22728203
0.14392374 -0.00701978 -0.01990392
0.33940825 -0.04406226 0.00999033
-0.04011440 -0.04950050 0.23351182
0.34352869 -0.06799929 -0.00563140
0.10510590 -0.07134230 0.11542445
0.19223982 -0.00308985 0.00465281
-0.23603360 -0.05135935 0.01689598
0.03579907 -0.05753114 0.12293726
-0.23572823 -0.00905319 -0.00399843
-0.07727371 -0.01538536 -0.02667307
0.25031370 -0.00915820 0.01388732
0.00020672 -0.05102558 0.22263554
-0.03960238 -0.08806024 0.00014559
0.05780106 -0.07306629 -0.11946267
0.16053149 -0.03291020 0.03822620
-0.28118956 -0.02128224 -0.06436674
-0.05249654 -0.00966396 -0.01847511
-0.24077147 -0.01540432 0.02040423
-0.27051777 -0.02303297 0.03553943
-0.32381034 -0.01661184 0.10371143
0.21303460 -0.00850543 0.02237766
0.05436943 -0.09073325 -0.02328130
0.08690769 -0.07629500 -0.11034524
-0.31890202 -0.03347486 -0.00502557
0.00450462 -0.05584294 0.17755078
0.01903006 -0.11546622 0.06750479
0.18212986 -0.08077034 -0.02185476
0.12979747 -0.02408860 -0.03389793
-0.27434543 -0.04023612 0.00906644
0.25074258 -0.05758946 -0.03645243
0.24870187 -0.06229905 0.03583524
0.04599711 -0.03226229 0.03691338
-0.30137789 0.03083771 -0.00111987
0.00747277 -0.05350612 -0.19438717
-0.04533261 -0.04383142 0.28145108
-0.12449782 -0.06882539 0.02594724
0.01396884 -0.05457719 -0.19713673
-0.11743642 -0.02607230 -0.03317739
-0.09362703 -0.04277095 0.03936367
0.03409985 -0.06336778 -0.13047831
-0.08068445 -0.02195490 -0.03128447
0.03399356 -0.11295780 0.07589889
-0.31733093 -0.02310284 -0.05282286
-0.21975832 -0.04181396 -0.02613682
-0.08290142 -0.07345153 -0.02772297
0.23985416 -0.08508443 -0.01214643
0.26198146 -0.08077677 -0.02015220
-0.03882103 -0.04511220 0.26526275
-0.04482065 -0.08781129 0.00367916
-0.23251955 -0.01005449 -0.00446054
-0.23769212 -0.01715025 0.01802547
0.14310873 -0.08536883 0.00966596
0.09474912 -0.05874958 0.03981090
0.28318158 -0.03667906 -0.02836465
-0.02713110 -0.05303904 -0.18788421
-0.29799777 -0.01621808 0.07766778
0.07940347 -0.06583517 -0.11130419
-0.17484225 -0.07101611 -0.00120327
-0.00778579 -0.05422420 -0.20449328
0.00174681 -0.05336908 -0.19479652
0.01491329 -0.07006995 0.05729172
-0.03006083 -0.08142158 -0.03042929
0.31428733 -0.04325819 0.01992657
0.04543664 -0.04285365 0.03945481
-0.02548326 -0.05540404 0.16675541
0.06807052 -0.05655146 -0.11339615
0.23883019 -0.00907436 0.01455459
0.13786340 -0.08871150 0.00221232
-0.03404089 -0.06691933 0.03227489
0.08159910 -0.04312455 -0.03737986
-0.00557002 -0.07057433 -0.05171976
0.10558580 -0.03902400 -0.03760426
-0.00871383 -0.04971949 -0.22391275
0.05032689 -0.06478756 0.11118051
0.02398447 -0.10799400 -0.06035489
-0.27537155 -0.02240948 0.05240460
-0.32415384 0.12017474 0.00063633
0.00721489 -0.05516959 -0.03913878
-0.09720747 -0.02912735 0.03759759
0.22611663 -0.01939301 -0.02982965
0.05434229 -0.07303617 0.06508674
-0.21182707 -0.01678094 0.02011621
0.01395355 -0.11236577 0.08117100
0.18403037 -0.00292796 0.01680328
0.05094189 -0.07628211 0.04168594
-0.01949786 -0.04459495 0.26159197
-0.00258381 -0.04775579 -0.23653850
-0.20658402 -0.05177808 0.02881498
-0.01715474 -0.06873306 0.08368587
-0.16097775 -0.01421427 -0.02401704
-0.30434698 0.08105171 0.00063816
-0.02966575 -0.05078170 0.21033213
-0.08270706 -0.00623365 0.01559879
0.25935575 -0.09006178 0.00045921
0.14773825 -0.08563876 -0.01173282
0.02267383 -0.06497964 -0.10265428
0.19681308 -0.05590452 -0.03734940
0.26226547 -0.07540685 -0.02590762
0.06319664 -0.06663580 0.03794899
0.25929987 -0.04575856 0.03750822
0.04086000 -0.05564933 -0.17923133
0.09363118 -0.10424872 0.10060161
0.06999536 -0.05865915 -0.11558007
0.06494415 -0.05847623 -0.11099262
0.00119812 -0.08997817 0.01878469
0.06687226 -0.06335173 0.05633170
0.09428795 -0.11016057 0.11074333
0.31886315 -0.05771994 -0.02453640
-0.06463071 -0.08600830 0.01320017
0.05854311 -0.02499318 0.03467334
-0.24653406 -0.00884694 0.00016450
0.02342669 -0.06764358 -0.11697240
0.08158030 -0.05599482 -0.03941268
0.10007509 -0.09003254 -0.00474154
0.06482063 -0.06027763 -0.09283908
-0.21707866 -0.04138011 -0.02755880
-0.02278962 -0.05713303 -0.16383179
-0.00236605 -0.04862778 -0.03915118
-0.03543278 -0.04969251 0.23780924
0.00159244 -0.06272063 -0.12164116
0.20206821 -0.03544338 -0.03832066
-0.01230238 -0.05171665 0.22358322
-0.25900114 0.04117011 0.00300160
0.03757832 -0.05313057 0.16797429
0.12241887 -0.08758655 0.09499652
0.04786336 -0.06083670 -0.03864510
-0.01356216 -0.06764317 -0.09185936
0.23626132 -0.08512451 -0.01567856
0.23127270 -0.07260526 -0.03092755
0.02851913 -0.06352949 -0.11787912
-0.29881480 0.03003862 0.00018389
0.02519318 -0.07392512 -0.04951432
0.35286543 -0.05726377 0.00522894
0.01428949 -0.08850545 -0.02825006
0.22268824 -0.01958611 -0.02964529
0.02730751 -0.05845613 0.14035912
-0.00620358 -0.06281070 -0.11272794
-0.16300033 -0.07034448 -0.02201050
0.07682103 -0.07241491 0.06435190
-0.04429206 -0.04347125 0.26946664
0.04040273 -0.05904753 0.13499695
-0.32420826 0.10734764 -0.00003921
0.06967326 -0.08734334 -0.12650974
-0.05608022 -0.04392257 0.27658710
-0.05590656 -0.04192166 -0.29368091
0.26614997 -0.08706443 0.00548147
-0.07637412 -0.04679767 -0.04026602
-0.01737409 -0.08740864 -0.00151483
-0.20042655 -0.04563248 0.03272135
-0.30156204 -0.01803832 0.08728926
0.14161627 -0.10656909 0.10237791
0.19091602 -0.01418889 0.02827819
0.09543888 -0.06552883 -0.08567060
0.00390468 -0.11385696 -0.06865527
-0.23049854 -0.05617389 0.02244486
0.23620535 -0.07376340 -0.02560886
-0.27718303 -0.02704891 0.01463263
-0.28364155 -0.02190424 0.02008701
-0.07421824 -0.00734205 0.01625204
-0.20624770 -0.06162341 -0.02184864
0.19995610 -0.00630813 0.01441227
-0.22209075 -0.03672190 -0.03336051
0.03008686 -0.09017009 0.01674077
0.25233287 -0.02082624 -0.02916176
0.03638389 -0.06107035 -0.03813891
0.02948267 -0.07450403 -0.04267734
0.07886606 -0.05666890 0.11571136
0.00199250 -0.06636739 0.10266729
0.09127764 -0.08993226 0.01605055
-0.18585676 -0.03288547 0.03124685
0.00213815 -0.11401137 -0.06105268
0.06874990 -0.00477194 0.00204858
0.10165739 -0.07396873 0.03427810
0.06446017 -0.09988174 0.12727967
0.02123663 -0.03701301 0.03955040
0.02510177 -0.10243361 -0.06711320
0.01063757 -0.05585098 0.03516726
-0.05669780 -0.05030260 -0.24033469
0.03731024 -0.06542900 -0.05753964
-0.01794927 -0.03971404 -0.03816793
0.03761885 -0.05879010 0.09875891
-0.28532699 -0.02043599 0.04373264
-0.13310559 -0.07623744 0.02264812
0.27816167 -0.07205005 0.02836305
0.18731537 -0.03778949 -0.03750267
0.00272720 -0.00703924 -0.01582207
-0.02122312 -0.05320215 0.22468928
0.17107964 -0.00665647 -0.00567092
-0.33684102 -0.02724505 0.00106760
0.04439996 -0.06094292 0.07322280
-0.02108586 -0.04953018 -0.22565782
0.09620936 -0.08841709 -0.01081230
-0.00333768 -0.08563176 -0.02554701
-0.02309842 -0.05203977 -0.19610061
-0.03591859 -0.04522481 -0.28039837
0.03501760 -0.05719863 0.16580924
0.10012922 -0.10542578 -0.10978928
-0.32640260 -0.01370059 0.11775266
0.08237457 -0.07824545 0.03320000
-0.30164880 -0.02476532 0.01372208
-0.16153741 -0.07778522 0.00292072
0.01870237 -0.06752709 0.08904717
-0.00218312 -0.05971915 0.14386700
0.14122126 -0.10644575 -0.11221515
0.00153381 -0.10259332 0.06522909
-0.06127852 -0.06856419 -0.03037525
-0.02795837 -0.00427647 -0.00757476
0.07449610 -0.06142398 0.11114018
0.10075546 -0.08326600 0.09693740
-0.07214567 -0.03259056 0.32017690
0.03778679 -0.02870378 -0.03666416
-0.28171694 -0.02440134 0.03672276
0.11501153 -0.08866702 -0.09642285
0.29333639 -0.02861961 -0.01654721
0.08452657 -0.08878868 -0.01181422
0.00614344 -0.07148690 -0.08681457
-0.00684850 -0.04542134 0.25393233
-0.03421188 -0.05611937 0.17473523
0.03187545 -0.05142994 -0.18428919
-0.01845703 -0.03393590 -0.03703002
0.07507639 -0.07512230 -0.05442072
0.11425884 -0.07901787 0.10349640
-0.00735886 -0.05334668 -0.17943375
0.04480896 -0.06330847 0.05673838
0.09465544 -0.08946835 0.13067196
0.06704816 -0.06165717 -0.10584309
0.00662307 -0.05225553 0.20934404
-0.30804685 0.05874947 0.00029488
0.08900531 -0.01775185 0.03045070
-0.14017518 -0.03612087 -0.03669859
0.02977379 -0.08804582 -0.11256887
0.10691122 -0.07341666 0.09977043
-0.01374261 -0.05641368 -0.16108252
-0.17043388 -0.07290856 0.00247228
0.10748216 -0.09877205 0.10206736
-0.12519868 -0.00481708 -0.00655055
-0.25387681 -0.01259932 0.01353504
0.22861049 -0.05968475 -0.03912544
0.04239202 -0.06555712 -0.13075662
0.08535359 -0.06341574 0.03950419
0.24447657 -0.05670701 -0.03507336
0.08082222 -0.06117212 0.11197555
0.04534935 -0.08392341 0.10786448
-0.32445377 -0.01572277 0.10467815
0.08206154 -0.10108563 -0.12596627
-0.14236537 -0.07899257 0.00294013
0.05247389 -0.07205412 -0.09401579
-0.12269522 -0.00732577 0.00796926
0.27471912 -0.06209472 0.03124167
-0.15948819 -0.01035993 0.02095987
-0.30125564 -0.01292597 -0.12051716
-0.29780841 -0.01339694 0.10966105
0.25012958 -0.02886584 0.03552078
-0.20480600 -0.02361629 0.03142931
-0.23029420 0.03746873 0.00129315
-0.07363969 -0.03842816 -0.31157944
-0.11501664 -0.06118407 0.03559045
-0.20554672 -0.06376895 0.01771662
0.17956097 -0.06971227 -0.03136365
-0.33506879 0.11679269 -0.00009331
-0.26627371 -0.00878779 -0.00445460
-0.02344474 -0.08544577 -0.01679850
-0.25358173 -0.00471687 -0.00739303
0.27874920 -0.04717346 0.03611432
-0.30377591 -0.01986485 -0.06714324
0.24805054 -0.07293919 0.03075908
0.16674437 -0.08144929 -0.02175243
0.04989233 -0.05666168 -0.11190253
-0.32207251 -0.03120676 -0.00912288
-0.01436547 -0.08839138 -0.01759579
0.11851142 -0.06422768 -0.03652355
-0.25458080 0.02616781 0.00413055
0.22949596 -0.08495602 -0.01231617
0.03754839 -0.05821877 -0.13379976
0.06716567 -0.09548469 0.09374847
0.33827588 -0.05897982 0.01563961
0.05301965 -0.05895430 0.14653330
-0.19615407 -0.07139602 -0.00130295
0.11608205 -0.08028303 -0.09902816
0.06329510 -0.00907487 0.01893160
-0.00152595 -0.06506579 0.10221478
-0.30243975 -0.01805615 0.08907982
0.27215239 -0.05490693 0.03700134
0.12922166 -0.08734021 -0.02820082
0.13580200 -0.05532194 0.03933079
0.03427472 -0.05474102 0.15410934
0.06863765 -0.07952007 0.03030456
0.02912148 -0.08721095 0.01494164
-0.29137725 -0.01671938 -0.09604976
-0.25480971 -0.00620256 -0.00449994
-0.28222486 0.07198222 0.00259738
0.04265331 -0.05904293 0.08185572
-0.31278595 -0.01482535 0.00562896
-0.31653303 0.08089560 0.00040482
0.09885366 -0.06796733 -0.07255748
-0.19303313 -0.05102320 -0.02622903
-0.01534433 -0.04980447 0.21148270
-0.01727108 -0.06916524 0.05778563
0.21068093 -0.01635006 0.02818143
-0.29529142 -0.01977869 -0.01598044
-0.06149941 -0.07278752 0.03031651
-0.19357730 -0.07242152 0.00425896
0.02114784 -0.05505816 0.03920986
0.05691480 -0.05872627 0.12618142
-0.32315707 0.06792968 -0.00100864
-0.06266715 -0.04198239 -0.30576548
-0.05283720 -0.06317174 -0.03423030
0.04441843 -0.06803332 0.08417284
-0.25991064 -0.00582360 0.00548957
-0.04867293 -0.05184482 -0.21730952
-0.05019681 -0.04820127 -0.24349496
-0.00299453 -0.05560090 -0.17176633
-0.01798123 -0.03234836 0.03604887
-0.06624211 -0.03581706 0.31907290
-0.29193467 0.08170550 0.00111541
0.11287346 -0.01538442 -0.02857691
-0.05195591 -0.04881751 0.03801468
0.26448700 -0.06214571 0.03556094
0.00337303 -0.05355204 -0.17804988
-0.04652372 -0.04567521 -0.23895553
-0.17096035 -0.04591969 0.03154688
-0.27106559 -0.02518449 0.03541229
0.13635519 -0.07017967 0.03385806
0.09218510 -0.10763823 -0.11173735
0.10382515 -0.08812167 0.02990751
0.11390755 -0.06814714 0.05852331
0.11074832 -0.06735744 -0.06965470
-0.24797872 0.00597891 -0.00412600
0.10927510 -0.07660604 -0.10303475
0.04521487 -0.06759448 -0.10086498
0.20863192 -0.00826375 -0.01432410
-0.03877800 -0.04062471 0.28771353
-0.12070647 -0.08396897 0.00495530
0.10647310 -0.03785634 -0.03712941
0.21819919 -0.00770816 0.01390781
-0.28879070 -0.00442831 -0.00031248
-0.30278245 -0.01678914 0.10061011
0.02831367 -0.08502422 0.05782567
0.21430229 -0.08616941 0.01019225
0.02016664 -0.06608032 -0.05702402
0.02872032 -0.05435686 -0.14727768
-0.02052987 -0.04954483 0.21704069
-0.05057390 -0.04970133 0.03966298
0.21483316 -0.01670978 0.02907225
-0.32925802 -0.03018495 -0.00727471
-0.21189417 -0.01256124 0.01786940
0.27475363 -0.08607671 0.00652175
-0.29535037 0.03524442 0.00009281
0.10507868 -0.07528090 0.11845502
0.00739840 -0.06052585 0.12569275
0.16323024 -0.01965973 -0.02993510
0.07759621 -0.05059925 0.04011801
0.14040034 -0.04551897 -0.03796349
0.03665414 -0.08791219 -0.03109319
0.12584321 -0.08712945 -0.01428810
-0.31719780 0.07116491 0.00048984
-0.26516002 -0.01511190 -0.02010422
-0.07624482 -0.03914108 -0.32586136
0.16783807 -0.06499456 -0.03640574
0.30016476 -0.05594010 -0.03272563
-0.32002822 -0.01563766 0.09869771
0.14954874 -0.03423729 0.03827690
-0.28284410 -0.02104062 -0.05245854
0.05011303 -0.03181235 0.03785097
0.05305855 -0.05997628 0.13330494
-0.29900044 0.01734217 -0.00082389
0.20645802 -0.07313125 0.03012530
-0.03229643 -0.02608555 -0.03290620
0.09986117 -0.10928302 -0.11797982
0.22249117 -0.00923771 -0.01436327
0.19365236 -0.08190823 -0.01831375
-0.19044998 -0.02367225 0.03163148
-0.05908939 -0.04886741 -0.25016737
0.01920053 -0.06743193 -0.06526998
0.07011744 -0.08968142 0.01895195
0.04462209 -0.07927470 -0.03802399
0.06665708 -0.03317885 0.03741746
0.06568152 -0.02178179 0.03091722
0.03591221 -0.06267568 -0.09025627
0.13111487 -0.04619716 -0.03808236
-0.06722002 -0.04382857 -0.29233152
0.24551207 -0.08002063 0.02034998
-0.02426405 -0.05090201 0.23972404
-0.00700050 -0.05073173 -0.19643407
-0.31887212 0.08522668 0.00057700
-0.30032182 -0.03909299 0.01066633
0.00019049 -0.07514210 -0.04347545
0.02336636 -0.09098893 0.02338482
-0.00449970 -0.06627632 -0.07369014
-0.02879253 -0.09021039 0.00955165
0.11159515 -0.04665052 -0.03816200
-0.05086517 -0.05179917 -0.03907752
-0.05661184 -0.03713618 0.31768540
-0.01830897 -0.04534045 0.03884911
0.14080074 -0.08424743 0.01849279
0.21161307 -0.02286302 0.03048586
0.20726122 -0.06586408 0.03733940
-0.04182159 -0.05200186 0.24645326
0.20667608 -0.03820296 -0.03768282
0.21103059 -0.04983316 0.04004520
0.03736290 -0.00236854 0.00187576
0.19072720 -0.02498022 -0.03257219
0.07030047 -0.10122155 0.10510660
-0.06504887 -0.04954483 0.03946611
-0.03152788 -0.00791967 0.01711332
0.09708849 -0.01019679 0.02530666
-0.02832046 -0.04459910 -0.25449336
0.14561896 -0.07918392 -0.09569325
0.02205931 -0.05614947 -0.17025651
-0.03174664 -0.05237014 -0.18133718
0.11938197 -0.07318403 -0.12106656
0.02276756 -0.05480342 -0.13659193
0.01679313 -0.08917648 0.01864169
0.01066690 -0.06620820 -0.09460485
-0.25316751 0.02533282 0.00429822
0.09256148 -0.06179139 -0.04056107
-0.09119637 -0.05998080 0.03492290
0.10390086 -0.04599960 -0.03853900
0.00643774 -0.06521464 -0.10322708
0.05280138 -0.06081979 -0.07187425
0.02891412 -0.07016790 -0.05213502
0.01103023 -0.07005972 0.08681757
0.17276178 -0.03137298 0.03869989
-0.01135084 -0.02933687 0.03561840
-0.22572145 -0.00538621 -0.00726527
0.24354854 -0.00487188 -0.00033780
0.00933839 -0.06134543 -0.03825952
-0.01434372 -0.05707092 -0.03674872
0.07418087 -0.07451106 0.11098308
-0.24464962 -0.04280611 0.02502583
0.02972427 -0.08432841 0.03460373
-0.00220821 -0.10055466 -0.06485272
0.01417139 -0.10349312 0.06893311
0.07675356 -0.06646363 0.09386963
0.33335012 -0.05817607 -0.01881998
0.10059773 -0.06041824 0.04068374
-0.30681750 -0.01623798 0.08377992
0.16973126 -0.08616368 -0.01042071
-0.14400415 -0.03434674 -0.03735809
0.07884777 -0.06170293 -0.12515226
-0.33190408 -0.01496307 0.10263699
-0.01244343 -0.05472850 0.19165829
0.13638970 -0.08898193 0.00163986
0.10833152 -0.07532062 -0.11911950
-0.10910328 -0.01444075 0.02700668
0.07445031 -0.06512485 -0.11276113
0.33406997 -0.04464364 0.00394781
-0.00247333 -0.05706218 -0.13637654
-0.27729118 -0.02477477 -0.02161460
0.05140128 -0.04683760 0.04023522
0.03422137 -0.05943283 -0.10129450
0.08821367 -0.06990654 -0.04069031
-0.05323743 -0.04298492 -0.29111007
0.26766092 -0.08392499 -0.00723360
-0.18218127 -0.00461525 0.00304168
0.00278789 -0.00479298 0.00900945
0.25879177 -0.02560733 0.03341701
0.13905466 -0.05890064 0.03758168
-0.17238265 -0.01993380 0.02837172
-0.31627908 -0.02366232 -0.03258321
0.14766915 -0.07529171 -0.11625832
0.32168049 -0.03840365 -0.01097841
0.06160529 -0.06788766 0.11404628
-0.12160672 -0.06756379 -0.02981051
-0.09719057 -0.04225431 0.03961274
0.06520320 -0.05979942 0.07687706
0.15895212 -0.08693901 0.00447140
0.01144567 -0.02792359 0.03575248
-0.04348677 -0.04635872 -0.25349060
-0.08946488 -0.08416613 -0.01082167
-0.04132168 -0.00565472 0.00208664
-0.31472710 0.07053638 0.00044288
0.14190739 -0.02174179 -0.03332352
0.01808785 -0.11428910 -0.07655379
-0.04007358 -0.05009034 -0.22306515
-0.07271174 -0.03807069 -0.31254724
0.03170286 -0.06396612 -0.07407483
0.00414908 -0.00406237 0.00978477
0.04812415 -0.06531475 -0.10983928
-0.10296023 -0.04682011 -0.03750258
-0.25909135 0.04023317 0.00125969
0.14344998 -0.07872213 -0.02312474
-0.01863036 -0.02223395 -0.02942779
0.05467393 -0.07563134 0.11050543
-0.16126969 -0.02037225 0.03009991
0.12310003 -0.07845908 -0.03465594
0.05310103 -0.05663726 -0.11392256
-0.29554099 -0.02435330 -0.02166473
-0.29368427 0.05796104 -0.00223168
-0.09777393 -0.06313547 -0.03427746
-0.08263291 -0.01467384 -0.02710149
-0.30251718 -0.02469347 -0.01501389
-0.04857377 -0.02332590 -0.03355091
0.09956104 -0.00308981 -0.00907166
-0.05680838 -0.04110666 0.30018836
-0.17481178 -0.00611269 -0.00621995
-0.01001307 -0.01520284 0.02613900
0.31072459 -0.07723589 0.01155717
0.16733286 -0.00432899 -0.01491829
0.03554968 -0.07406669 0.04022197
0.20595317 -0.08767512 -0.00130531
-0.27263650 0.02813091 0.00304654
0.06849054 -0.06940011 0.11165234
-0.27856481 0.01566052 -0.00522287
-0.12248322 -0.00571452 0.00774881
0.13060054 -0.04708120 0.04094443
-0.02936214 -0.04493263 -0.26734728
0.24009587 -0.08619266 0.00807694
-0.28125352 0.03210837 -0.00172935
-0.28699744 -0.01810391 0.09001029
0.22719753 -0.05457179 0.03883875
0.12521164 -0.10810548 0.11557558
0.18396513 -0.07389319 0.03085917
-0.32322156 0.08167641 0.00086190
-0.19668147 -0.06734937 0.01052612
0.17647150 -0.08064333 0.02101020
0.11058012 -0.09621258 0.10011393
0.12235943 -0.10563831 -0.12822686
-0.01905034 -0.05878355 0.15480860
0.00762527 -0.10810217 0.06564863
0.26553047 -0.08628294 0.00526862
-0.04956165 -0.04408349 0.26974857
0.10992103 -0.07187367 -0.11682386
0.09942752 -0.00635438 0.00241689
0.05964851 -0.00208853 0.00891082
0.11313940 -0.09522229 0.13025221
0.12819959 -0.01384345 0.02842712
-0.30015826 -0.00947441 -0.00644566
-0.30629617 -0.02109473 0.04258891
-0.30337334 -0.00787198 -0.00271078
-0.27974957 -0.02482458 -0.04195552
0.02283127 -0.10937394 0.06246307
0.22667976 -0.06259061 0.03661606
0.12133355 -0.06237507 0.03864521
-0.05389948 -0.04462202 0.28901359
-0.12037784 -0.00523785 -0.01278012
-0.08593245 -0.06362510 -0.03386514
-0.33212948 -0.01405491 -0.12089390
0.11469030 -0.07135472 0.03691677
-0.25515476 0.00640110 -0.00399376
0.04000881 -0.07412590 0.03983137
0.31922859 -0.02941662 0.00365983
0.10420224 -0.07131170 -0.03989145
0.26745450 -0.03857386 0.03445264
0.25087640 -0.10354858 0.00215376
0.16653143 -0.07754433 0.03173250
-0.29070893 -0.03276408 -0.01464183
0.15967494 -0.06490841 -0.03380970
-0.00626380 -0.05386680 0.18263578
-0.14464708 -0.06200894 0.03298537
-0.02689857 -0.04575516 -0.27812499
-0.19755054 -0.03315162 0.03128663
-0.18015619 -0.02027439 0.02822133
-0.31115460 -0.01193349 -0.10497119
0.08802988 -0.00448894 -0.00178336
0.00322791 -0.04907697 -0.21413960
0.22156498 -0.00942998 -0.01583656
0.02930746 -0.06819945 -0.03656208
0.12684636 -0.10497055 0.12623854
0.26451582 -0.06373983 -0.03032610
-0.01537322 -0.07110932 0.03906928
-0.01521144 -0.06630287 -0.07373018
0.00702802 -0.05195294 -0.22261731
0.00941911 -0.06648455 0.08624544
-0.09808799 -0.06901354 0.02978021
0.02179629 -0.08966021 0.00539616
-0.05465885 -0.04383216 -0.29809794
-0.26976985 0.06743599 0.00235449
0.29899180 -0.05660587 -0.02852676
-0.28344464 -0.02155493 0.06653860
-0.28922567 -0.02101914 0.01926903
-0.31996071 -0.01497489 -0.11866613
-0.03131106 -0.04186805 0.26943585
-0.08317344 -0.04070704 -0.03912279
0.08824244 -0.08821975 -0.12498076
-0.25461137 0.02611816 -0.00258238
-0.06463939 -0.03732606 -0.32836089
-0.30619961 -0.02324708 -0.02102067
0.24541913 -0.11437194 -0.00006403
-0.03810219 -0.04752547 0.24925978
-0.29266590 -0.02214585 0.03466766
0.01356543 -0.07683446 0.03994461
-0.00675038 -0.05451309 0.03953539
-0.04789999 -0.05129309 0.22729887
0.08075097 -0.07382996 0.03902147
-0.25937057 -0.05258284 0.00941634
0.18609068 -0.03721070 -0.03844925
0.02220158 -0.05836672 0.03890972
0.32324460 -0.03840912 -0.01037153
0.11665927 -0.08257692 -0.09405942
0.01739403 -0.05557125 0.03772334
-0.33094808 -0.01503802 -0.10770474
-0.02193723 -0.05025840 0.21058245
0.02623872 -0.08171714 0.03143201
0.06191265 -0.07425854 -0.11429793
0.14531949 -0.06452928 -0.03688519
-0.02743393 -0.05417774 -0.16806361
0.03623413 -0.05669035 0.16674629
-0.02105626 -0.05129966 -0.21280515
0.09530649 -0.07362587 -0.03741410
-0.28000605 -0.02212482 -0.05347317
0.09991252 -0.05847097 0.05423220
-0.20103912 -0.01485107 0.01997592
0.00292177 -0.06450564 0.11272734
0.15142809 -0.04581725 -0.03827310
0.10046379 -0.01211916 -0.02033564
-0.02892549 -0.02465177 -0.03311081
0.00093837 -0.06494124 -0.10395415
0.07287811 -0.01452442 -0.02344424
0.03711680 -0.00638649 -0.01224124
-0.06725076 -0.08679828 -0.01381996
-0.11184818 -0.07740663 0.02229405
0.11167829 -0.08273266 0.09633083
0.20513250 -0.05024206 -0.03955694
-0.28239256 -0.02282175 0.03589185
-0.32631356 -0.01286157 0.11934426
0.29527453 -0.04348972 -0.03405925
0.08116786 -0.05784543 -0.07636572
0.22964631 -0.08542538 0.01619055
-0.27533001 0.05360410 -0.00141730
-0.14538720 -0.03604909 0.03748798
-0.28589293 0.03083798 -0.00081753
-0.02690192 -0.03960305 -0.03831464
-0.13322869 -0.01363865 0.02415432
0.03583194 -0.07399240 -0.05548386
-0.01541768 -0.00815056 0.01695746
0.05402233 -0.08972500 0.01915318
0.26829052 -0.01460153 -0.01901573
0.00989315 -0.05467505 -0.19335629
0.19453925 -0.03677347 -0.03918330
-0.00327830 -0.05395911 0.19503121
-0.20612316 0.01770772 0.00339727
-0.24590646 -0.05648896 -0.01443503
0.02754899 -0.05578473 -0.13484126
-0.01049886 -0.06204949 0.12507372
-0.04576266 -0.04133897 0.28841391
0.10221553 -0.07653295 -0.03008690
-0.26699346 0.00733544 -0.00389372
0.26935661 -0.06470885 -0.03183849
-0.03337525 -0.04535128 -0.27305934
0.22827320 -0.07907662 -0.02088847
0.03241429 -0.06592998 -0.10797414
-0.07145659 -0.03742510 0.32486838
-0.27867761 -0.03109557 -0.02020543
0.05653724 -0.08739925 -0.12534095
0.00856124 -0.06781978 -0.08757852
0.10099746 -0.08211868 0.12678942
0.10571533 -0.05020982 0.04000628
-0.03685418 -0.04690967 -0.25421292
0.10348600 -0.11097571 0.10410308
0.04702568 -0.05443687 0.10883910
0.05135671 -0.05271190 0.14225498
-0.03949443 -0.05535372 0.03733271
-0.01941141 -0.04940248 0.22435565
-0.01568925 -0.05302521 0.18943799
0.12866516 -0.07845934 0.03649209
0.02696628 -0.07471744 0.03644430
0.14811578 -0.02187772 -0.03321931
-0.03059656 -0.06336372 0.03953743
0.07689103 -0.08869524 -0.02599239
0.10589062 -0.07472364 -0.04109024
-0.04109462 -0.04908013 0.23803417
-0.23857057 -0.00931309 -0.00465342
-0.00884281 -0.06959490 0.05777902
-0.29204684 -0.02244121 0.04333979
0.06807695 -0.07102837 -0.11232457
-0.32407072 0.11908437 0.00112452
0.02130618 -0.06742932 0.11627849
-0.04211412 -0.04867702 0.24641125
0.14219870 -0.00444545 0.01293013
0.09861550 -0.07522909 -0.11834496
0.06827922 -0.08742262 -0.10214087
0.01077922 -0.07090588 -0.05846298
0.07537196 -0.05858715 0.04015417
0.16079038 -0.08709022 -0.00499187
0.25666976 -0.06078216 0.03594794
0.18677112 -0.03243254 0.03808551
-0.02892282 -0.07900596 0.03016812
0.08222333 -0.08743320 0.02164204
0.19969037 -0.05046505 -0.03802958
0.03193067 -0.06525916 0.11074240
0.01485298 -0.05190035 -0.22007760
0.24307066 -0.07246402 -0.02938508
-0.20007668 -0.03534211 -0.03207555
-0.23065992 -0.00179038 -0.00352578
-0.30818173 -0.04073050 0.00276802
-0.13882227 -0.06737822 -0.02919396
-0.25099045 -0.02408182 0.03118848
-0.27542621 0.05495793 -0.00180089
0.18901211 -0.01916412 -0.02996233
0.01952266 -0.06758562 -0.11239874
0.04905992 -0.03513040 -0.03903623
0.07455666 -0.08898775 -0.02088674
-0.31129697 -0.01757976 0.10118702
0.10425963 -0.08186194 0.13091154
-0.07660666 -0.03881861 0.31955883
0.02416553 -0.05309720 0.16938429
0.07736221 -0.06241997 -0.04050672
-0.00897469 -0.06362385 -0.07484449
-0.06625154 -0.04480701 -0.28196102
0.04052928 -0.05755122 0.12380378
0.33224514 -0.05677626 -0.02082587
-0.20949642 -0.01089559 -0.01077187
-0.07027903 -0.04562756 -0.28751412
0.25984553 -0.11448831 -0.00467930
-0.02950882 -0.03957073 -0.03835737
-0.24645177 -0.04828510 -0.01397615
-0.07039309 -0.00778666 0.01606777
-0.31831408 0.07478862 0.00011029
0.01052305 -0.06939698 0.08148287
-0.20346284 -0.00830080 0.00209343
0.05340132 -0.07342582 -0.05159568
-0.07273540 -0.04933884 0.03982946
-0.03734720 -0.04399268 -0.26686907
0.13039862 -0.07899239 -0.09603472
-0.01306458 -0.04493967 -0.25833121
0.12612799 -0.08083609 -0.13131189
0.10844289 -0.07514132 -0.12146977
0.10707739 -0.06339660 -0.03681442
0.01960283 -0.05397588 0.20070589
-0.13748860 -0.01162533 0.02035650
-0.33635971 0.12019153 -0.00064962
0.03838428 -0.10591126 -0.06946286
0.00416749 -0.04443524 0.03817383
0.00040827 -0.06762701 0.03699061
-0.27460331 -0.01004417 -0.00130990
0.21042657 -0.00713637 0.01433810
0.08935400 -0.09691377 0.10212360
0.02160470 -0.05510082 0.18624219
0.12307771 -0.07872067 -0.12210613
0.26491344 -0.04706626 -0.03935511
0.12125922 -0.10270856 -0.10756847
0.02613396 -0.11016279 0.07964038
0.33401656 -0.03378479 0.00166748
0.07287344 -0.08388297 0.10564551
0.00356506 -0.07713976 -0.03592998
0.05451743 -0.05573164 -0.16714737
0.03272745 -0.05019887 -0.03741048
0.00933777 -0.06293800 -0.10584174
-0.21336541 -0.06307226 0.01910699
0.02528233 -0.05510942 0.03927762
0.19540744 -0.01510254 0.02766270
-0.00598913 -0.05244946 -0.18031982
0.07403578 -0.06129981 -0.08374159
-0.29819691 -0.01868975 0.09000716
0.10327333 -0.07595995 0.04342337
-0.28493011 0.05454827 -0.00100513
0.20024581 -0.00287537 -0.01476359
-0.24205148 0.03748631 0.00171505
-0.00574955 -0.07792705 -0.03517446
-0.29620421 -0.01630216 0.09240245
-0.04856492 -0.02728274 0.03592407
0.05290738 -0.01030351 -0.02006928
-0.31127691 -0.02478836 -0.01279099
0.26909459 -0.02525282 0.03281883
0.03046692 -0.05932448 0.10039433
-0.01786675 -0.05790216 -0.14491096
-0.06023073 -0.06223802 -0.03440548
-0.28898633 0.06705896 0.00247958
0.05907699 -0.02202719 0.03138411
0.10373269 -0.06098534 0.10613936
0.15767771 -0.00162414 0.01281021
0.27296898 -0.07291548 0.03038045
-0.02556486 -0.00612875 0.01512264
0.14341305 -0.10080836 -0.12555769
-0.25309744 -0.02478816 -0.03523247
0.23239768 -0.01588360 0.02848386
0.10743515 -0.07115910 -0.10750802
0.04858942 -0.06520595 -0.05229893
0.29986438 -0.05210893 0.02975087
0.09326573 -0.05661078 0.08136031
-0.08818659 -0.05435414 -0.03587577
-0.22315112 -0.04969135 -0.02609786
-0.07332242 -0.04315747 0.03914687
0.02850345 -0.06588837 -0.10515475
0.03053317 -0.05250202 0.19531272
0.13413078 -0.08536699 -0.12653741
0.04044179 -0.01584049 -0.02622239
-0.06367221 -0.04496065 0.27065802
-0.30801073 -0.00661693 -0.00077496
0.09705554 -0.07634857 0.04182114
0.02474831 -0.05980752 0.16259967
0.10430322 -0.02948881 0.03593203
0.00974285 -0.07318955 -0.06535404
0.10764926 -0.08969109 0.00300771
-0.04662146 -0.08769247 0.00262674
0.27235964 -0.04631918 -0.03785780
0.04206983 -0.08872922 0.02160261
-0.32135966 -0.02392331 -0.01576558
-0.01183840 -0.06225999 -0.11495696
-0.04188269 -0.08477724 0.01555129
0.06986752 -0.07838802 0.11754040
-0.00903389 -0.05325913 0.19634892
0.00688509 -0.07499028 -0.08216591
-0.26133296 -0.02510258 0.03631299
0.24599147 -0.01689867 0.02585192
-0.24127847 0.01533553 -0.00323579
-0.00873741 -0.04516360 0.26487932
0.02470864 -0.06893410 0.07323333
0.06154795 -0.07512461 0.04619520
0.21033737 -0.00837498 0.02180287
0.05223259 -0.08949936 0.02265174
0.21931584 -0.08700838 -0.00134653
-0.30418274 -0.00726163 -0.00173580
0.10675291 -0.08936726 0.00188407
0.25450906 -0.08942340 0.00090252
0.09275469 -0.07932355 -0.10320427
-0.31328222 -0.02449628 0.03921383
0.13717362 -0.04668577 -0.04074611
-0.20822838 -0.06219925 -0.01967075
0.08618996 -0.08968710 0.13472083
0.03939308 -0.00698832 -0.01805170
0.12152647 -0.10554421 -0.11192946
0.07983886 -0.10301602 0.12572186
-0.00986056 -0.03399654 -0.03595456
-0.27564946 -0.03204389 -0.01537731
-0.05413434 -0.04777492 0.25611806
0.06886819 -0.06397174 -0.04823852
0.01579354 -0.02761751 0.03614988
0.19655292 -0.00243929 0.00450570
0.01047517 -0.10631857 -0.06028338
0.02256652 -0.08828375 -0.00704583
-0.21627559 -0.00575412 0.00347021
0.14125541 -0.07615694 0.10991774
0.09757124 -0.08843087 -0.02407043
0.08046647 -0.08727112 -0.09827284
-0.20469692 -0.05503016 -0.02764630
-0.01932570 -0.05434452 -0.17331557
0.00962034 -0.03668209 0.03972809
-0.02211349 -0.08721083 -0.02455465
0.19739279 -0.04433671 0.03869676
