-0.02824993 -0.04349181 -0.25548437
-0.31510350 0.09353236 -0.00022089
-0.21626747 -0.02292536 0.02612142
-0.05027412 -0.04251817 0.29481721
-0.06939677 -0.08240128 -0.00721432
-0.26815239 -0.04051971 0.01626140
0.01503902 -0.10182232 -0.06225045
0.02145576 -0.06654348 -0.03857322
0.01010726 -0.06069358 0.12433378
0.03552156 -0.09935011 0.07241025
0.27990729 -0.07911094 0.01288486
0.06072629 -0.05502569 -0.04285575
-0.31782126 -0.02282717 0.01607298
-0.25224659 -0.01569281 -0.01897436
-0.09542276 -0.04357377 0.03990900
-0.02924222 -0.04253040 -0.26615572
-0.03779128 -0.03885292 -0.30863902
0.04024787 -0.06624020 0.10016146
-0.23017438 -0.03875586 0.02829030
0.02990294 -0.05229618 -0.18883330
0.00768264 -0.04107227 -0.03846228
0.26399058 -0.01782016 -0.02430217
0.04846071 -0.02198051 0.03372047
0.05077906 -0.05939898 0.08098595
-0.26984951 -0.02210946 0.04989003
-0.17493255 -0.05009855 0.02792727
-0.14531437 -0.03190690 0.03310280
0.05987098 -0.05797043 0.04286194
0.11379042 -0.03793411 -0.03905362
-0.00132876 -0.05339541 0.21812218
-0.23104107 -0.00428925 -0.00846887
-0.27070293 -0.02784001 0.02286131
-0.06629005 -0.02581528 -0.03417853
-0.01399250 -0.06027016 -0.03708738
0.01155739 -0.05704007 0.16764535
-0.03659248 -0.04939086 0.23702374
-0.01973605 -0.05385070 -0.17405662
-0.04339813 -0.04172997 0.28870174
0.06463900 -0.05945510 -0.05989649
0.13553640 -0.07618077 -0.02901512
-0.23749028 -0.02614414 -0.02543148
-0.17615283 -0.03219028 0.03542889
0.08047620 -0.05653328 -0.12323865
0.07063693 -0.08538670 -0.02917690
-0.29629555 -0.02731365 0.01005150
-0.28373298 -0.03938426 0.01802807
-0.28546008 -0.00885871 -0.00006356
-0.00632677 -0.05373381 -0.17744473
0.00451637 -0.01483433 0.02597307
-0.00759905 -0.05100339 0.19995748
0.09904777 -0.05909428 -0.03839033
0.12251404 -0.00959162 0.02076766
0.01918513 -0.05415770 -0.12752096
-0.27564535 -0.04272861 -0.00891544
0.02168735 -0.02213507 -0.03278224
-0.01064529 -0.10724439 0.08378574
-0.04301491 -0.05381595 -0.18918936
0.03018650 -0.08911375 0.00322247
-0.03470916 -0.08377293 -0.00877144
0.26770228 -0.08274840 -0.00697404
-0.04910534 -0.01741478 0.02973029
-0.30050310 -0.02891589 -0.01849875
-0.18327795 -0.00688605 0.01082990
-0.27219078 0.07715707 0.00039957
-0.28170574 0.07978588 0.00028045
-0.29649523 -0.01726915 -0.08284850
0.27511382 -0.08248565 -0.00845968
-0.03876449 -0.04524895 0.25156707
0.24818067 -0.03953426 -0.03350390
-0.00155831 -0.04654891 -0.22862576
-0.02579540 -0.04716853 0.24531367
0.01877555 -0.06650540 0.11258888
-0.00284704 -0.06163686 0.12724997
0.23852251 -0.04462970 0.03997730
-0.08321606 -0.02246205 -0.03196312
0.00656746 -0.08169079 0.03887592
0.01934988 -0.06257010 -0.11265079
-0.21620679 0.02995796 -0.00110120
0.02838399 -0.05778223 -0.03684042
0.09618951 -0.10284223 -0.12912264
0.09661602 -0.06729322 0.12566644
-0.30530959 -0.01933699 -0.03781227
-0.27335957 -0.03979744 0.01750016
0.04119091 -0.02074696 0.03054969
0.05423733 -0.05653109 -0.15042388
-0.17338122 -0.03350980 -0.03607869
0.15407534 -0.06473578 -0.03415128
-0.03683263 -0.04242275 -0.28268856
-0.05776683 -0.03907027 -0.30887914
-0.24431866 -0.02285979 0.02556505
0.08323929 -0.10449478 -0.11687480
-0.08738197 -0.07837477 0.02266771
0.04233876 -0.08167645 -0.12795064
0.08891758 -0.06737689 -0.11831959
0.20489796 -0.00352014 -0.00245113
-0.16935766 -0.00541625 -0.00644864
-0.06814425 -0.04220829 0.29564899
0.00347774 -0.07089574 0.05248949
-0.01418259 -0.04277670 -0.26361153
0.01694123 -0.05660756 -0.15536891
-0.31412545 -0.01509363 -0.10114808
-0.04005769 -0.04355510 -0.26698473
-0.04615613 -0.07663132 0.02807564
-0.18232934 -0.06262810 0.01899860
-0.12878117 -0.03164420 0.03552508
-0.01999551 -0.05163795 0.21019654
0.12854581 -0.04814139 0.04093283
-0.03884576 -0.02626061 -0.03360437
-0.10959865 -0.03699876 0.03886124
0.15709184 -0.02444153 -0.03296018
-0.04799698 -0.05450519 0.03679352
-0.20295177 -0.01010124 0.01975008
-0.04977712 -0.07659118 0.03041795
-0.05707176 -0.03667389 0.33233830
0.09700482 -0.06660571 0.11966549
-0.31247649 -0.01694798 0.10524654
0.02261550 -0.02534297 -0.03280137
0.06599391 -0.06763880 0.07915463
-0.22968534 0.02609455 -0.00262221
0.26254562 -0.01716578 0.02474674
0.21767315 -0.02133869 0.03201481
0.16704211 -0.08389072 -0.00959602
0.23594786 -0.08509704 -0.00890160
0.05908784 -0.02165374 0.03307967
0.02764085 -0.06764414 0.08584136
0.28469321 -0.05835990 0.03197742
-0.28384748 0.03418163 -0.00118604
0.00200664 -0.11088596 0.06597560
-0.01002243 -0.05888630 -0.12308965
0.12534255 -0.00389786 -0.00446632
-0.01273071 -0.02308226 0.03321010
-0.20294109 0.00754350 0.00169586
0.25650069 -0.06027379 0.03509570
-0.02388526 -0.04565591 0.25548166
0.15803501 -0.04434297 0.04003570
-0.29338604 -0.01640181 0.06617908
0.11283948 -0.03971804 -0.03731039
0.13679649 -0.07530374 0.12859868
0.07919138 -0.06032062 0.03961518
-0.27847639 0.09785070 0.00060515
-0.24697539 -0.02249772 -0.03163050
-0.02935405 -0.04214559 0.29742008
-0.12487935 -0.00695887 0.01509939
0.07569336 -0.06663942 0.12167423
-0.23573710 -0.05820406 0.00567369
-0.06693389 -0.03974528 0.31515816
-0.27684841 -0.03998530 0.01835551
-0.28046274 -0.02219263 -0.01453421
0.11380323 -0.06456143 -0.06422561
-0.01174947 -0.05290432 -0.22068761
0.04892787 -0.05932993 -0.04003651
0.08349873 -0.07140306 0.06211713
0.24691838 -0.01691097 -0.02546432
-0.03883122 -0.04334186 0.27424520
0.13950644 -0.01378619 -0.02578630
-0.05123110 -0.04845287 -0.24355285
0.26051894 -0.01699835 0.02485773
-0.22414505 0.01399050 0.00466602
0.09153077 -0.10642842 -0.12023983
-0.02232311 -0.05429054 0.17984705
-0.04323138 -0.03336494 0.03788782
0.17637320 -0.06614027 0.03401742
0.08076118 -0.06359033 -0.06655125
0.20535927 -0.06457956 -0.03364959
0.08091414 -0.05801881 0.03955660
-0.02508166 -0.06353806 -0.09732153
0.24382570 -0.01585100 0.02519684
-0.08189540 -0.00451209 0.00287500
-0.29303205 -0.00633446 -0.00600453
0.17240694 -0.05524445 -0.04051960
0.02423133 -0.05883125 0.15610781
0.11890072 -0.06072171 -0.03998093
-0.05292175 -0.04115585 -0.28655177
0.09197383 -0.07085376 0.10629222
-0.06989028 -0.03485351 -0.03836789
-0.25226751 -0.04997864 0.00843492
-0.03091363 -0.03963820 -0.04189846
-0.30295023 -0.01927280 0.06220307
0.00593889 -0.04915615 -0.21697442
-0.00907274 -0.06469952 0.08737759
0.02082267 -0.00947599 0.01947850
0.03797380 -0.01571273 -0.02702977
-0.20168112 -0.00217456 0.00192891
-0.07317616 -0.04296521 -0.03957644
0.29384503 -0.05566795 -0.02934489
-0.04291509 -0.04954663 -0.22461335
-0.28935128 -0.01562832 -0.06870394
0.01556033 -0.06416173 0.09631094
0.00090698 -0.04788826 -0.04025402
-0.17103404 -0.05349479 0.03432712
0.00461069 -0.08735336 -0.00158853
0.10577598 -0.06790956 -0.04283184
-0.03626602 -0.08301282 0.02320835
0.06252138 -0.06725688 0.08136211
0.05186717 -0.07114938 0.09950548
-0.17069568 -0.00965251 0.01820637
-0.00332140 -0.06280269 0.11712964
-0.05697125 -0.04335906 0.28627029
0.08002681 -0.06716128 0.12244926
0.00087377 -0.08729376 -0.00132512
0.08696344 -0.06065771 -0.08771406
-0.19945368 -0.00938714 -0.01093344
0.12222540 -0.03434414 0.03906998
0.06139196 -0.04585237 0.03991837
0.04111806 -0.08704351 -0.00143389
0.00265860 -0.05557946 -0.17522736
-0.07966861 -0.02937532 0.03730438
0.04049975 -0.05293802 -0.11101843
-0.26213133 -0.02622431 -0.02225355
0.02431478 -0.07040806 -0.06181581
-0.30179620 -0.01369283 -0.09923150
-0.00289697 -0.11057953 0.06445564
0.02194829 -0.05571230 0.19119987
-0.06300773 -0.03653351 -0.34025031
-0.13790421 -0.06044532 0.03476530
-0.00575629 -0.05647164 -0.14416872
-0.01292535 -0.05513343 0.17329180
-0.29984871 -0.01747082 0.09916583
0.00584262 -0.07040887 0.04012383
-0.28817713 0.00337647 0.00094282
0.10064066 -0.08455329 0.13425340
-0.04514185 -0.04148564 -0.27777657
0.07669899 -0.10348588 -0.12951685
-0.02273116 -0.00811086 0.01676660
0.07737732 -0.08352884 -0.03755964
0.04710165 -0.06144735 -0.12425405
-0.06448357 -0.07987484 -0.01648452
0.00354814 -0.03051788 0.03661500
0.01296319 -0.06475742 0.09207273
-0.01747897 -0.04643435 -0.21996661
0.03312657 -0.09100974 0.08527305
0.20761028 -0.08554558 -0.00043808
0.31160212 -0.04242413 0.01762330
-0.32158753 -0.01573587 -0.00128379
0.04387731 -0.05364117 -0.10962497
-0.10253271 -0.01173524 -0.01963485
-0.03181374 -0.08442476 0.01891032
-0.05988615 -0.06414895 0.03419344
-0.04258485 -0.08439069 -0.01012510
-0.28107685 0.09067138 -0.00182157
0.03766945 -0.05366804 -0.16262834
0.03356613 -0.05782320 0.10124853
0.05685693 -0.08185340 0.03859556
-0.31927395 -0.02050226 -0.05601336
0.05391518 -0.05768777 0.14978418
0.00815551 -0.09765625 -0.08268037
0.33204597 -0.05013441 -0.01295819
-0.14028543 -0.02757985 0.03481666
-0.32473746 -0.01612256 0.10330278
0.01935860 -0.08724651 -0.03132066
0.05748823 -0.06071752 0.06771932
-0.27410647 -0.02040536 0.05342923
0.30434623 -0.08044631 -0.00696880
-0.23375678 -0.00704313 -0.00064578
0.03599891 -0.07556566 -0.11990181
-0.00195936 -0.07234725 -0.04520662
0.10765442 -0.06622216 0.06624756
0.03162050 -0.05295839 -0.18156083
-0.01226942 -0.08793106 -0.01607365
-0.32876065 -0.01244333 0.12127523
0.08942062 -0.00341800 -0.00452073
-0.04036177 -0.06404720 0.03402283
0.00658976 -0.06419528 0.09641834
0.00719779 -0.11259645 0.06366269
0.32047531 -0.04421737 0.00377866
-0.21404980 -0.05863236 0.00456412
0.07877296 -0.00686410 0.01523854
0.00116443 -0.06248145 0.12260716
-0.29097974 -0.02038492 0.03439510
0.06803779 -0.06445512 0.08733357
0.06796596 -0.05555708 0.03973602
0.23158284 -0.04454366 0.03986358
0.02177744 -0.05065573 -0.22788544
0.07683792 -0.06635527 0.07133441
-0.01964442 -0.04897916 -0.20328312
0.03337115 -0.01041575 0.01784688
-0.29258657 -0.01498185 0.07979067
-0.01087482 -0.05003587 0.21247491
0.04969326 -0.00557474 0.00894678
-0.23604818 0.02985932 -0.00118440
0.33439085 -0.04398892 0.00765026
0.21400133 -0.07285275 -0.03152301
0.06211945 -0.05752486 -0.06088401
0.20697413 -0.03887669 -0.03899720
0.09342656 -0.06663102 -0.11768265
0.08855186 -0.06596617 0.04438381
-0.07023023 -0.04409433 -0.29562578
-0.17317875 -0.02501607 0.03262410
0.03847954 -0.05708474 -0.06145961
0.12280553 -0.08156094 -0.02886275
0.14578420 -0.06552054 0.03547035
-0.29678744 0.01654631 -0.00008431
-0.29853308 -0.01939744 0.03761084
0.06511313 -0.08653145 0.13936499
0.28198647 -0.05914811 0.02822538
0.02492273 -0.06516065 -0.09211028
0.03847106 -0.07258762 0.04646794
-0.11614302 -0.06151625 -0.03469443
0.07515515 -0.09641221 0.13907616
0.10642213 -0.04048769 0.03981816
0.03765469 -0.07532753 -0.03986533
-0.03439197 -0.05050816 0.22330835
0.00182762 -0.04978123 0.22436941
-0.17894624 -0.05596450 0.03070359
0.09135075 -0.08497544 -0.00955052
0.23446606 -0.00487340 -0.00217008
0.17881067 -0.07099799 -0.03013488
0.25163171 -0.08025577 -0.01549216
-0.15927538 -0.00483658 -0.00588296
0.09778009 -0.08449433 -0.02948107
-0.06439397 -0.04130147 -0.28313962
0.03554792 -0.05311041 0.14400609
-0.02446444 -0.04683262 -0.24345773
-0.30452406 0.08213349 0.00094120
0.00495662 -0.05148489 -0.20657571
-0.31227431 0.07326422 0.00139570
0.02888540 -0.10795329 0.08135229
0.08868799 -0.08466770 0.10307912
-0.07296690 -0.00444018 0.00482641
-0.29248124 0.04244440 -0.00278991
-0.09441836 -0.08197860 0.00735156
-0.12569687 -0.07628500 0.00672970
-0.29278260 0.09870441 0.00046318
-0.01047788 -0.06407120 0.09932939
-0.11980967 -0.03785536 0.03740907
-0.23338319 0.00737565 -0.00418872
-0.23245391 -0.00684655 0.00602983
0.01646902 -0.08436590 -0.12382495
0.02885221 -0.06286070 0.11679774
0.02104430 -0.05170669 0.20061657
0.07752874 -0.06280015 0.10579365
-0.29506519 0.06015486 0.00279302
-0.28321773 -0.02178859 -0.05188468
0.12515457 -0.08739252 0.02251614
-0.19468062 -0.00549610 -0.00688778
-0.17912285 -0.05343752 -0.02857204
-0.00211764 -0.05606753 0.16890888
0.03253885 -0.06723431 0.08389435
-0.05351829 -0.03631088 0.33680218
-0.23921429 0.01311356 0.00476783
-0.07298964 -0.03716072 -0.32747972
0.03695204 -0.06161226 -0.09880157
-0.26258478 0.02814301 -0.00276194
-0.15549241 -0.06528421 -0.02303710
-0.01075350 -0.07987835 -0.03192890
-0.04051668 -0.04730149 0.25740945
0.09140702 -0.01529341 0.02744021
-0.15758173 -0.00685935 -0.01574502
-0.09265072 -0.03374650 0.34406942
-0.27238846 0.03647798 -0.00110698
-0.01530323 -0.08222931 -0.03271821
0.12564780 -0.08139309 -0.13368595
-0.31360820 -0.01151844 -0.12431251
-0.14497249 -0.07146648 0.02013680
-0.01602501 -0.04397045 0.26121357
-0.01135478 -0.02124586 -0.03031631
0.32443818 -0.06442857 0.02005842
-0.29579657 0.07870036 0.00013651
0.07955728 -0.01632735 -0.02687795
0.10749590 -0.07546952 -0.12132447
-0.06949648 -0.08361451 -0.00855696
0.08861330 -0.05906350 -0.10943843
-0.24030253 0.02661189 0.00447271
0.08278245 -0.07341453 0.11541741
0.08767134 -0.06879221 -0.12548222
-0.06159436 -0.04303991 -0.26658210
0.02584239 -0.05495139 0.03951308
-0.06786099 -0.08307803 -0.01512708
-0.03381292 -0.06371988 0.03434582
-0.02619302 -0.04161853 0.04008963
-0.04081114 -0.04350856 -0.25241777
-0.00926968 -0.00930221 0.01891356
-0.02726575 -0.05147344 -0.20944721
-0.27555603 -0.02454278 -0.02533747
0.00388945 -0.08753321 -0.00341910
0.07508751 -0.07486349 -0.12810275
-0.00347318 -0.06434476 -0.10075421
-0.26108265 -0.02088528 -0.03268092
0.11874603 -0.07008648 0.03590169
0.06777191 -0.07679684 0.03945448
-0.26439422 -0.01450565 -0.01876587
0.08115001 -0.05987554 -0.13570870
0.14129078 -0.00690972 0.01115363
0.18608280 -0.00291446 0.00502153
0.05833190 -0.07571539 0.12886231
-0.23828068 -0.02376190 0.02613806
-0.32781011 -0.01405758 0.11881823
0.24028635 -0.06732556 -0.03309389
0.04314105 -0.05528066 0.07295214
0.05407783 -0.05441178 -0.10955856
-0.08309262 -0.06599917 -0.03053317
-0.30921099 -0.01308126 0.12141718
-0.02175470 -0.06509640 -0.10139838
-0.00671145 -0.05739238 0.03913095
0.27390155 -0.02725855 0.03074992
0.06901722 -0.05655022 0.10682005
-0.04569076 -0.00477280 0.00202793
0.02112096 -0.06331906 -0.11523454
0.15847440 -0.06593735 0.03562740
-0.11034825 -0.02093756 -0.03140904
0.23812488 -0.06131178 0.03546763
-0.11411019 -0.07056424 -0.02536323
-0.03445132 -0.04746511 -0.23958084
-0.04376895 -0.03920017 -0.31426048
-0.00095456 -0.08727109 -0.00135508
0.09770829 -0.10238010 0.12438162
-0.27547753 -0.03129177 -0.01864948
-0.01127346 -0.00894212 0.01880603
-0.02176614 -0.04463479 0.25924882
0.02556152 -0.05369237 0.13903765
0.10227239 -0.00299648 0.00953613
0.24396914 -0.00596486 -0.00660484
-0.32248160 -0.01768850 0.06570739
0.31640446 -0.04257327 0.01935999
-0.01895238 -0.04837312 0.22806384
-0.00442214 -0.05271309 0.20847337
0.06939996 -0.08291380 -0.03224694
0.02467959 -0.07278898 0.04698395
0.06562275 -0.00487490 0.00266510
0.05003925 -0.05986945 0.06200123
-0.03334337 -0.04421927 -0.25117606
0.02150916 -0.05543987 0.15719235
-0.24594752 -0.04440374 -0.02121167
-0.03552144 -0.04125157 0.30114025
0.03839064 -0.07667629 -0.03800461
0.00570046 -0.04902573 -0.23222391
-0.08036663 -0.00554680 -0.00501993
-0.21476838 0.00456179 0.00046393
-0.04226815 -0.04869987 -0.23260339
0.15962429 -0.02980410 -0.03742960
0.16557290 -0.00356685 0.00648049
0.33466741 -0.05088797 -0.01043328
0.13480942 -0.10163441 -0.11005303
0.00912524 -0.06696795 0.08415267
-0.01693865 -0.08591146 -0.01861593
0.19126645 -0.02775846 0.03649905
0.03785161 -0.05392430 -0.18172213
0.24737656 -0.11360849 -0.00516927
0.05830514 -0.07508525 -0.12280829
-0.26095283 -0.02606376 0.02439787
0.01727559 -0.07490470 -0.04177153
0.03549854 -0.08853064 -0.00039017
-0.10361781 -0.08169073 -0.00747885
0.04016210 -0.05913077 0.03952454
0.07181714 -0.08577889 0.03046916
0.03136802 -0.08588947 0.01180916
0.03203921 -0.05167713 -0.15583651
-0.02310441 -0.05098091 -0.19146730
0.01788705 -0.06244528 0.12811556
0.06298157 -0.02622093 0.03557910
0.03648726 -0.05513118 -0.12719676
0.12523884 -0.10265553 -0.11523917
0.01819122 -0.06963712 -0.07464365
0.24812633 -0.08549781 0.00450297
0.09622456 -0.07489094 -0.10489854
-0.29090571 0.08003056 -0.00018762
-0.00049009 -0.05428334 0.03960174
-0.00367346 -0.01960189 -0.03025215
0.15165357 -0.01392244 -0.02686494
0.04916440 -0.05707011 0.15909535
-0.28926012 -0.01405259 0.11638222
-0.00513393 -0.05916644 -0.13236925
0.03547537 -0.02108071 0.03061193
0.26425862 -0.10224643 0.00238040
0.00976131 -0.01943299 0.03103409
-0.28765565 -0.01601893 0.09733596
-0.03678773 -0.04946582 -0.22882205
0.31006262 -0.04666058 -0.02343316
-0.00156935 -0.08792515 0.02532171
0.06705149 -0.07262065 -0.05437058
-0.17102678 -0.03746504 -0.03264621
0.05100293 -0.09674986 -0.12363794
-0.13494274 -0.00595899 -0.00570071
0.03201017 -0.08188578 0.03789479
-0.00208625 -0.04565188 -0.24141152
0.01182180 -0.05777055 0.10538298
-0.26984760 -0.04060754 0.01823954
0.05340238 -0.06423750 -0.11669280
-0.28865507 -0.02145519 0.03292480
0.17539805 -0.03929689 -0.03919606
-0.29033011 0.10059807 0.00071975
0.11655511 -0.10295547 0.10263043
0.00236968 -0.05484343 -0.20252599
-0.04151413 -0.04081856 -0.30148572
0.18000644 -0.02120646 -0.03141155
-0.27633998 -0.01685373 0.09152354
-0.10706411 -0.02233585 -0.03254734
0.08303306 -0.08664946 -0.00721049
0.05664806 -0.06950187 -0.11808344
0.10220800 -0.04249665 0.04015431
-0.00278455 -0.05642551 -0.15870309
-0.14600021 -0.02004191 -0.03147279
-0.12565386 -0.01152581 -0.02109751
0.07527199 -0.05710478 0.05909426
0.05308080 -0.06479546 -0.11070682
-0.28259313 0.05592934 0.00128277
0.03905391 -0.06477316 0.04152445
-0.04093098 -0.04743283 0.26171517
-0.00071079 -0.07296736 0.05317914
0.00795790 -0.06613775 0.07276675
0.00857984 -0.07431127 -0.04206118
-0.02125106 -0.00621224 -0.00942444
-0.11210808 -0.07094420 -0.02830248
-0.25499004 0.04394123 0.00363979
-0.08424984 -0.07255159 0.02869795
0.03453805 -0.07425310 -0.04159223
0.16598757 -0.06717144 0.03679259
0.08526973 -0.10011644 0.09751262
-0.19657320 -0.06147305 0.01875576
-0.07196938 -0.04428101 0.03703281
0.04251427 -0.06281018 -0.13746263
-0.00816409 -0.09612190 -0.06851549
-0.29287204 0.08998109 -0.00085512
-0.28709158 0.04050115 0.00074762
0.05582985 -0.05302504 -0.15163165
0.09084288 -0.07230143 -0.11997961
0.00513626 -0.05200043 0.21902682
-0.00650716 -0.05671691 -0.03738957
0.00473346 -0.08855145 0.00589168
0.05274409 -0.08314051 -0.12062132
-0.25177136 -0.05484365 -0.00484536
0.09914857 -0.07617486 -0.12106910
-0.23681621 0.02052378 0.00381971
0.19754982 -0.01504431 -0.02593306
0.07817751 -0.05084072 0.03860787
-0.21500118 -0.00894590 -0.01294574
-0.11369897 -0.07204907 0.02187564
0.00455855 -0.05629398 -0.16114704
0.14516667 -0.07561717 -0.02831280
0.03403152 -0.05733717 0.11379741
-0.30043626 -0.01744341 0.06849926
0.02429543 -0.07004054 0.05691885
-0.25432840 0.04531914 0.00268485
-0.02813844 -0.05063121 -0.21658705
-0.28371128 0.02725389 -0.00056274
0.13927063 -0.05823318 -0.03697498
0.23795724 -0.05113348 -0.03668043
0.10759307 -0.07897151 -0.13570982
0.04830481 -0.05730648 0.04296726
-0.27466211 -0.02092303 -0.04890229
0.01617298 -0.05886906 -0.10374501
0.03702382 -0.06935603 -0.07389287
0.04344879 -0.00963973 0.02111154
-0.23388171 -0.02633487 -0.02141301
0.05868636 -0.09744845 -0.12484930
0.08810451 -0.08830059 -0.00505334
0.08909595 -0.09512617 0.10603382
0.07365071 -0.05498115 0.03994212
-0.12503593 -0.01062522 -0.02080494
-0.19138427 -0.02415385 0.03270050
-0.01939722 -0.05567110 0.16931422
-0.01983935 -0.06723844 0.10099411
-0.05771974 -0.04637800 0.27087802
0.06395412 -0.05922243 -0.04736707
-0.12985885 -0.06318209 -0.03107854
-0.17367809 -0.04615293 0.03174115
-0.06448941 -0.06676973 0.03284699
0.06166120 -0.08693359 -0.01122701
0.02497194 -0.05393882 -0.17988069
0.24596076 -0.04420755 -0.03714176
0.00006522 -0.05517765 0.17423160
-0.01339377 -0.05600220 0.16428253
0.00641590 -0.06993408 -0.09666954
-0.06133834 -0.04335592 0.27631170
-0.00776750 -0.05581390 0.16638637
0.11528934 -0.06182897 0.04040943
-0.10543904 -0.03565143 -0.03762327
0.05214344 -0.06522924 0.12037565
0.01749101 -0.05773794 0.15104404
-0.28619602 0.04673052 0.00104827
0.22086877 -0.07687383 0.02385256
-0.03353533 -0.07913121 -0.03439930
-0.00856997 -0.04992950 0.25234747
0.01774152 -0.07103251 0.10302108
-0.06659958 -0.03804758 -0.30634964
0.05532736 -0.07174740 0.06000121
0.02827752 -0.02154754 -0.03255603
-0.30834430 0.09535603 0.00077799
0.00190297 -0.08163612 0.04105149
-0.25722337 -0.02551858 -0.02474676
-0.10677531 -0.01171677 0.01983687
0.02604461 -0.05907154 -0.09349138
-0.28998914 -0.01541520 0.08099907
0.09085093 -0.07196168 0.04205263
0.26442036 -0.01800205 0.02122088
-0.00164016 -0.04144508 -0.03876328
-0.13059130 -0.04980015 0.03919785
0.06042650 -0.08850729 -0.02402570
-0.27016300 -0.00451204 0.00271913
0.04336421 -0.05304733 -0.15421045
0.07001951 -0.09111563 0.10332988
0.23207378 -0.01068829 -0.01857325
0.19349270 -0.01167890 0.02257308
-0.29684749 -0.02042514 0.04628927
-0.00921754 -0.07275952 0.05263526
0.24561575 -0.02723301 -0.03392940
0.10858959 -0.00485735 -0.00516411
-0.02316214 -0.05626760 -0.16590372
0.00803904 -0.06851799 -0.06406517
-0.32256541 -0.01182780 -0.11438850
0.03091714 -0.08545345 0.02088245
0.05906529 -0.06721216 0.08144949
-0.10861623 -0.06364945 -0.03042111
0.02677904 -0.00975213 0.01914846
0.27406493 -0.07812569 0.01327669
-0.25995392 -0.04761484 -0.00278276
-0.11855759 -0.06204227 0.03356233
0.18187682 -0.07113661 -0.02930925
0.02163338 -0.11197736 -0.06100236
0.06963436 -0.05991474 0.06166001
0.05073386 -0.05801358 -0.15551417
0.01405719 -0.07184755 -0.04428143
-0.29390767 -0.01336198 -0.10456230
0.05316380 -0.05979567 0.11110865
0.01771786 -0.06271460 -0.05035434
0.10790014 -0.00681098 0.01223560
0.17568639 -0.01574823 -0.02682987
-0.26321667 -0.03860818 0.02427136
0.14933786 -0.00522895 -0.00694705
0.00899462 -0.08831684 0.01189778
0.03369001 -0.06874404 -0.11578330
0.09308792 -0.07479527 -0.04190612
0.11300296 -0.10462540 -0.11568640
0.09625269 -0.01940404 0.03060634
-0.09578474 -0.02167240 -0.03241388
0.04734626 -0.05645851 0.08840717
0.04593605 -0.05313439 -0.17556077
0.21772322 -0.00426191 0.00571845
-0.26648474 -0.02326242 0.01882936
0.22533321 -0.05642523 -0.03496077
0.20007095 -0.07872470 -0.01847863
-0.20196995 -0.00904609 -0.01104794
0.02951844 -0.05992237 -0.13598186
0.12879695 -0.07985895 0.02282328
-0.00190842 -0.09691644 -0.06845877
-0.22273920 0.01895898 -0.00368230
0.00834507 -0.05345683 -0.19499691
-0.08774669 -0.01467354 0.02562636
0.03531770 -0.08828820 -0.07686645
-0.05041506 -0.04859433 0.25667679
-0.05214150 -0.03225133 0.03765983
0.25282210 -0.02910496 -0.03527614
0.19554859 -0.01866090 0.02990423
-0.20116995 -0.01447987 0.02077357
-0.05965782 -0.03744170 -0.33065069
-0.17208321 -0.07126502 0.00425054
0.02766111 -0.11111414 0.06032632
-0.05038266 -0.06440747 0.03414879
0.05762964 -0.01567992 -0.02745201
-0.28927448 0.05713214 -0.00268203
-0.14856791 -0.04260388 0.03590469
0.10175754 -0.08398680 0.09777863
0.14935024 -0.07611599 0.03469942
0.03325028 -0.06941597 0.04135599
0.03985178 -0.05037438 -0.03908851
0.03876143 -0.05659612 0.11365402
0.03107746 -0.10588820 0.06794232
0.07574931 -0.05768552 0.06206479
0.06662294 -0.05767363 0.13797131
-0.09785544 -0.00463129 -0.00507059
0.09377967 -0.07377075 0.11306953
-0.23262775 -0.00801942 -0.00176437
-0.00492467 -0.06973922 -0.10031340
-0.06900878 -0.00407697 0.00176461
-0.00866113 -0.06639288 0.06530929
0.12420321 -0.01365522 -0.02612348
0.02583987 -0.05599438 0.16742069
-0.31018215 0.06340183 -0.00102128
-0.32096341 -0.01417595 0.12128766
-0.00846703 -0.05483891 0.18044479
0.04715553 -0.08852835 0.00515152
0.19408850 -0.04067222 -0.03795271
-0.03850479 -0.01088366 -0.02419960
0.31091383 -0.07577944 0.01165902
-0.00314851 -0.06330030 -0.10808451
-0.00191428 -0.04945841 -0.23140390
0.18107481 -0.04769852 -0.04054496
-0.23432982 -0.05116362 0.02230927
0.03745822 -0.08553698 0.02038976
-0.22909844 -0.02597246 0.02423356
-0.01923464 -0.04441376 -0.24993525
0.03425130 -0.06174744 0.05399893
0.00957976 -0.06086818 -0.11769387
0.17959332 -0.08401275 0.01027564
0.12679182 -0.10398191 0.10808645
0.00219209 -0.09539289 -0.08928598
-0.01519516 -0.05490190 0.17998230
-0.03818002 -0.07710358 0.02971691
-0.24459754 0.01385884 0.00471292
-0.12933962 -0.05403363 0.03420833
-0.05238850 -0.04917104 0.23703939
0.20135477 -0.02511371 -0.03537815
0.00110150 -0.05184853 -0.03595925
-0.02202403 -0.04477528 -0.26274562
-0.18648881 -0.00501147 -0.00861060
-0.27740112 -0.01978397 0.05319161
-0.03667813 -0.05954007 -0.03902411
-0.08204288 -0.07736408 0.02204333
-0.00172449 -0.06198489 -0.12315225
-0.01703216 -0.05164960 0.21136504
0.07203591 -0.05776770 -0.03908065
-0.28599906 -0.02957179 -0.01996053
-0.27486780 0.00128958 0.00296303
-0.31934625 0.05052615 -0.00002454
0.03207024 -0.06359597 -0.11265339
-0.07462268 -0.03426687 -0.34303507
-0.31093538 -0.02103435 -0.01511765
-0.07522234 -0.03688072 -0.32839745
0.12347930 -0.08295600 0.01632224
0.25874332 -0.03623399 0.03747554
0.08742747 -0.07094755 0.10280198
0.20692864 -0.04939528 -0.04001004
0.09336781 -0.08643723 0.13354021
-0.26971951 -0.02004518 0.05147264
-0.28711122 -0.02314209 -0.01464884
0.01278980 -0.10198440 0.05992961
-0.21042827 -0.06043526 -0.02031454
-0.20586662 -0.05204158 0.02118861
0.00023251 -0.00498005 0.00724546
0.13234784 -0.00533011 -0.00731693
-0.11968185 -0.08124040 0.01122931
0.26478601 -0.04518038 0.03633758
0.11524481 -0.08144841 -0.09629915
0.05298926 -0.08411138 0.10523032
0.07776934 -0.07352235 -0.05510429
-0.25589904 0.02803592 -0.00266017
-0.29915908 -0.01438329 -0.09732185
-0.30051920 0.09352229 0.00064929
0.07770783 -0.07534473 0.12235861
0.00799616 -0.06558327 -0.09146016
-0.31246996 -0.02045332 -0.04165848
0.06390014 -0.05686114 -0.12115218
-0.00738307 -0.05692233 -0.15401742
-0.30861935 -0.02344552 -0.00996403
0.19761191 -0.00347970 0.00506232
-0.04145900 -0.00915840 0.01715368
-0.05922214 -0.04662208 0.25706273
-0.22777888 -0.02696364 -0.02506555
-0.13924244 -0.01043102 -0.02100096
-0.00591173 -0.08815254 -0.01828133
0.00315470 -0.08891217 0.01563830
0.03921020 -0.07164466 -0.06073251
0.06551442 -0.09368397 0.10920672
-0.26959851 -0.00652493 -0.00351818
0.28900409 -0.07127748 0.01872471
0.13589275 -0.07911758 0.02289807
-0.12299581 -0.06095965 -0.03464180
0.13256790 -0.04399302 0.03951140
0.15055862 -0.03830402 -0.03812400
0.08307716 -0.06730612 0.11921851
-0.27608985 -0.00631468 -0.00574070
0.00256554 -0.06166483 0.11529341
0.01664826 -0.08766044 0.00475670
0.06142458 -0.06743584 -0.03773407
0.06433477 -0.08592186 -0.01725339
-0.12140012 -0.08103795 -0.01017746
0.31483230 -0.05594098 -0.01920056
0.00580996 -0.05725373 0.14608398
0.00990689 -0.06192834 -0.12819237
-0.06781312 -0.08252359 -0.00894929
-0.29413006 -0.02109186 -0.03679287
-0.00568174 -0.05625813 0.16176215
0.17006318 -0.08596335 0.00245490
0.09132139 -0.10240364 0.13442820
0.10504075 -0.08120281 -0.12935461
0.06565676 -0.08825019 -0.02178873
0.03036495 -0.07243508 -0.06430091
0.24234204 -0.06144699 0.03709114
-0.28815842 0.06624617 0.00221939
0.12589349 -0.09717347 -0.13042235
0.07511900 -0.09118151 0.14225687
-0.02126720 -0.05199008 -0.18979461
0.21152943 -0.08358531 -0.00917876
-0.18263392 -0.04159363 0.03609719
-0.27594605 -0.02218749 0.05017854
-0.03508186 -0.07264376 0.03894494
0.07688227 -0.06617876 0.12085547
-0.09161529 -0.05541239 -0.03680322
-0.02335685 -0.08553534 -0.02743486
0.00691643 -0.05928005 -0.13550453
0.02326778 -0.06980633 0.04031899
0.27477777 -0.01243739 -0.00849524
-0.03811739 -0.08573149 0.00350073
-0.11867332 -0.02016354 -0.03133569
-0.02014777 -0.06418013 -0.09312009
-0.24192835 -0.04618441 -0.01237244
0.07355474 -0.04593907 -0.03799357
0.21997362 -0.07296431 0.02793622
-0.18358402 -0.06128629 -0.02029049
0.06982400 -0.06680118 -0.03637942
0.02584851 -0.08711920 0.02364023
0.08475758 -0.06671445 0.11929511
0.00117598 -0.05781135 0.03926040
0.00921323 -0.10264292 -0.05957105
-0.02696524 -0.00468249 -0.00531040
0.19923240 -0.08277724 0.01635476
-0.31433398 -0.01286167 -0.10712194
-0.27430931 0.05520165 -0.00157697
0.04352155 -0.06078969 0.08577953
0.01109843 -0.08181998 0.11896356
-0.02260094 -0.05656943 -0.17186137
0.09416282 -0.06241329 0.09836451
-0.03153230 -0.04974506 0.23951121
0.00143276 -0.06620067 0.07291251
-0.06496948 -0.04201904 0.03996014
0.18283509 -0.08538190 -0.00475124
-0.14918520 -0.04825277 -0.03266696
0.05095881 -0.05876043 0.12794451
-0.22198543 0.04230506 0.00150235
0.04188842 -0.05335408 0.12107756
0.02582541 -0.09103470 0.08681139
-0.28474626 -0.02271570 -0.03261803
-0.00238494 -0.04746864 -0.21944113
0.01722460 -0.04025468 0.03943526
0.05933833 -0.05497769 0.03957098
0.00173955 -0.08838389 -0.00075562
-0.26836073 -0.01996309 -0.04186297
-0.03860192 -0.04228083 0.27845040
-0.19419539 -0.06341151 -0.02300136
-0.07029037 -0.04209729 0.30086192
0.06298158 -0.05897822 0.12077948
0.02121515 -0.05563976 0.18615755
0.29511219 -0.07309429 0.01253381
0.00576925 -0.05650194 0.16108653
0.23466842 -0.04510103 0.03679734
-0.18902411 -0.04108821 0.03619424
-0.30261478 -0.01250252 0.00558926
-0.18513532 -0.03622473 -0.02909408
-0.23263559 0.00446740 0.00032757
-0.02793363 -0.04546091 0.26062691
-0.30019709 -0.01675311 0.08401200
0.03200563 -0.06736533 0.08391505
-0.18911287 -0.04933209 0.02514865
-0.00972056 -0.06098004 -0.12251543
0.26996604 -0.07263010 -0.02178557
0.03709713 -0.06231936 0.11984818
-0.00531515 -0.05527699 -0.16947943
-0.27201754 -0.01715060 0.08060381
-0.30183977 -0.02218715 -0.03435127
0.26719761 -0.03647839 0.03797156
-0.10949150 -0.07986704 0.00630207
-0.05392742 -0.03879149 0.32457042
-0.30137253 0.10907697 0.00019198
-0.14272147 -0.07724462 -0.01007513
0.08458467 -0.05623274 -0.08345097
-0.03009221 -0.04083152 -0.29047909
0.02594009 -0.10158740 0.05692481
0.02597247 -0.05198550 0.18578896
-0.29965422 -0.02405257 0.01570405
0.02800291 -0.03939020 0.03953107
-0.30778697 -0.02458622 0.01557304
-0.04304992 -0.06426224 -0.03409888
-0.11591358 -0.04686579 -0.03804813
0.10895567 -0.09617363 0.11057077
-0.03504667 -0.04974484 0.22500008
0.01222005 -0.05640234 0.18249623
-0.04394485 -0.04919530 0.23244160
0.19060335 -0.04842452 -0.04031675
-0.00148891 -0.05522064 0.04038571
-0.09223597 -0.01149131 -0.02064220
0.18638071 -0.08232176 0.01471084
0.27951682 -0.02353934 -0.02475623
-0.30255505 -0.02261997 -0.01426478
-0.25943261 -0.02326556 0.03918538
-0.26974565 0.06560456 -0.00234491
0.08413606 -0.09853411 -0.10841985
-0.28502685 -0.01746375 0.06588434
-0.27871314 -0.02111233 -0.02686717
0.20236088 -0.04929565 -0.03990428
0.22017182 -0.05209948 0.04048133
-0.30796331 0.01015038 0.00162321
0.14674424 -0.03825070 -0.03814621
-0.03679279 -0.04104197 -0.28792021
-0.02086159 -0.05531588 -0.16013941
0.03739634 -0.05680915 0.13147542
0.00458411 -0.05601103 0.16939154
-0.05020905 -0.08599837 0.00340652
0.05972999 -0.05922509 -0.13599357
-0.02405032 -0.05041974 0.20949513
0.18339154 -0.05510537 -0.03796871
0.04764207 -0.05321390 -0.11853702
-0.02640890 -0.05117253 -0.21225844
0.06597181 -0.05545561 -0.08409688
0.01314282 -0.11022355 -0.06516738
0.16081917 -0.08444950 -0.00501513
0.02787646 -0.06869697 0.11757764
0.29080108 -0.01878005 0.00285759
0.04444654 -0.06920932 -0.09633411
-0.32975984 -0.01250767 -0.12426176
0.01640425 -0.05853012 0.03597511
-0.13535644 -0.00301122 0.00184355
0.00121440 -0.05061825 0.21032874
-0.19341014 0.00439960 0.00030877
0.06116514 -0.08681552 0.02000047
-0.02907001 -0.06192889 0.10793979
0.03391458 -0.01019897 0.01938003
-0.05380398 -0.01749201 0.02972119
-0.04548114 -0.00458723 -0.00963342
0.01403464 -0.03493123 -0.03881283
-0.01734241 -0.06170381 -0.11930865
0.14848645 -0.02878158 -0.03756382
0.26686734 -0.11265434 0.00065056
0.03648716 -0.05540694 -0.12490496
0.01010193 -0.05986311 -0.13915819
-0.02826533 -0.04634653 0.23951693
0.05856297 -0.05583673 0.12255602
-0.09095308 -0.00342193 0.00160687
-0.09336417 -0.05590770 -0.03610647
-0.02774753 -0.04544971 -0.24562636
0.00969786 -0.04895756 -0.04133399
0.02105246 -0.05114682 -0.18184237
-0.04466895 -0.03943355 -0.31451645
0.07027636 -0.07368646 0.12478210
-0.03010908 -0.04143248 0.28899625
-0.16084185 -0.06234018 -0.03077834
0.00404085 -0.05496058 -0.14982285
-0.01640790 -0.00835540 0.01688720
0.03538293 -0.02214599 -0.03254996
0.04861719 -0.08154826 0.03808411
-0.26204336 0.05638999 0.00184242
-0.26659977 -0.00324791 0.00116835
-0.02841091 -0.04210276 -0.27734950
-0.00799724 -0.05682688 0.03790712
0.13854109 -0.10405660 -0.11407162
0.08934268 -0.07812913 -0.14171529
0.01635296 -0.00482928 -0.00627238
0.11834429 -0.06219729 -0.03900550
-0.30317277 -0.02225193 0.03597135
-0.21807484 -0.05977244 0.00541433
0.01378797 -0.06095316 0.14187656
0.07047323 -0.09701838 0.11954079
0.08340417 -0.00698957 -0.01943655
-0.04944562 -0.03762588 -0.31622517
0.24377528 -0.07128302 0.02825171
0.32808280 -0.03879525 -0.00923460
0.12431958 -0.07424454 0.11849122
0.17058751 -0.06584697 0.03540321
-0.02291280 -0.04114368 -0.28152406
0.21720161 -0.08349106 0.01912827
-0.23369604 0.05318237 -0.00130150
-0.01321515 -0.05986701 -0.03723076
-0.00728904 -0.08611798 -0.02771704
0.03946143 -0.08605329 -0.01292114
0.08062198 -0.06560998 -0.07875187
0.07324862 -0.10145960 0.13075796
0.17427573 -0.01186044 0.02494760
0.05639928 -0.06263368 -0.05416804
-0.02573816 -0.05132110 0.24306780
0.10093956 -0.08697332 0.01601563
0.04156621 -0.05388160 -0.12890212
0.18860911 -0.03927919 -0.03918178
-0.11506455 -0.01112216 -0.02004614
0.05243961 -0.06729870 0.08149001
0.06390791 -0.03803165 -0.03907295
-0.13540421 -0.03467733 -0.03756711
-0.07836692 -0.01494991 0.02557427
0.25296855 -0.00660926 0.00183914
0.03444912 -0.06835681 -0.09691127
0.09357930 -0.10335825 0.11340412
0.00696887 -0.05741991 0.12057386
0.02317498 -0.11229356 -0.06578384
-0.15034805 -0.04258182 0.03587551
-0.29436007 -0.00888089 0.00078533
-0.23192848 -0.00943827 -0.01118570
0.02059486 -0.10588653 -0.05958463
0.01719284 -0.05548916 -0.17765372
-0.01362548 -0.06104547 0.12539597
-0.01952407 -0.04442185 0.26281101
0.09994333 -0.04494633 -0.03939866
0.05455974 -0.05654641 0.10590976
0.09309679 -0.06506236 0.04042612
-0.09255185 -0.08226293 -0.00814896
0.19065574 -0.00828641 -0.01430524
0.07177035 -0.08686375 0.03225647
0.01457589 -0.06035082 -0.14874019
0.21156871 -0.00659825 -0.01756066
0.00474721 -0.06497703 -0.10030573
-0.10902374 -0.05055854 0.03982066
0.06710247 -0.05758202 0.09114006
-0.07605432 -0.06008543 0.03787445
0.15538253 -0.03508036 0.03905810
-0.18172683 -0.06324936 -0.02296924
-0.25098664 -0.02174412 0.03574314
0.05769328 -0.08410767 -0.10786698
0.26059178 -0.00912779 0.01025983
-0.02945765 -0.05563008 -0.16815063
-0.01910517 -0.08844534 0.01995965
-0.02264107 -0.02093303 -0.03220906
0.01812095 -0.06539272 -0.08377008
0.04929065 -0.07679685 0.12282998
-0.29989162 -0.01702335 -0.08011977
-0.24335039 -0.02379209 0.02613334
-0.01576999 -0.05169186 0.23194338
-0.00025278 -0.06599785 -0.10072952
0.13939872 -0.08570883 0.00792965
0.16892695 -0.06634443 0.03191442
0.00941384 -0.06650809 0.07140886
0.08165723 -0.10280195 -0.12024485
0.06139915 -0.08384498 -0.12367916
0.31725419 -0.05624535 -0.01962061
-0.31074381 -0.01974287 0.05232529
0.10001156 -0.07138545 0.10051856
0.05803888 -0.08677676 0.01994924
-0.30093381 -0.01923821 -0.06603831
0.07995277 -0.05694111 0.05732578
0.08914284 -0.07417399 0.12299167
-0.13187011 -0.06917697 0.02595596
-0.00232496 -0.06345136 0.11340502
0.00772451 -0.05765849 0.14287303
-0.27686623 0.06569824 -0.00145812
0.11569902 -0.07538030 0.12641969
-0.02358219 -0.04749035 0.23809840
-0.08573642 -0.06707605 -0.03052856
-0.24579559 -0.04915462 0.01679417
0.08621884 -0.05803170 0.04136637
-0.20572110 -0.01672889 -0.02440642
0.07681520 -0.00624514 0.00929333
0.08827665 -0.05775239 0.04702064
0.07245631 -0.07298124 -0.03873046
0.08491444 -0.07035231 -0.11229327
-0.02786140 -0.07572906 -0.03805408
0.11642038 -0.10566097 -0.12386224
0.03049721 -0.11190883 -0.06744268
0.03009394 -0.05179422 0.19105209
