0.07272209 0.03478011 -0.12313029
0.08727525 0.02222660 -0.31439510
0.11107077 -0.02777065 0.00631876
-0.19115505 -0.03895804 -0.01903252
-0.18382445 -0.00581417 -0.04455402
0.03111717 0.03335787 -0.00032905
0.04042980 -0.02124794 0.00093604
0.18849297 -0.06550461 -0.03575413
0.08210596 0.02358643 -0.08749290
0.08511996 0.03604414 0.38263434
0.07738769 0.03511614 -0.26386347
0.02827636 0.04775499 0.04729173
0.25037175 -0.00969484 0.01975239
0.06207623 0.05420360 -0.04017259
-0.05639908 0.00854276 -0.00353949
0.09802929 0.03552226 0.37369373
-0.00436481 -0.02585786 0.02126540
0.13473737 0.01946947 -0.06183818
0.21849526 0.00047537 -0.01184085
-0.22581175 -0.00775376 0.00887099
0.04283350 0.03104258 -0.29716653
-0.11505914 -0.00411851 -0.03090882
0.04464807 -0.03194360 -0.01801988
0.11232631 -0.00999401 0.02941277
-0.03322615 0.00950521 0.03057539
0.16423211 0.00348408 -0.00789318
0.17388172 0.03380466 -0.19267023
0.06733832 -0.00243762 -0.11628419
-0.15402475 -0.00283930 0.14391507
0.05709217 -0.02379081 0.05802394
-0.00271689 -0.01432542 0.05463619
0.22305152 -0.01970829 0.01590164
0.06031698 0.01913098 -0.22044940
0.09726973 -0.01923759 -0.08491408
0.00829438 0.02446479 -0.00329960
0.04708606 0.01548806 -0.13775600
-0.20933846 -0.00237529 -0.08806990
-0.09325102 -0.03626079 -0.00786740
0.13919003 0.02287051 -0.00812744
0.12376927 0.03554116 -0.31664097
0.02611302 0.01181217 -0.12038393
0.06659051 0.03452192 0.26601279
0.15999840 0.02589196 -0.10949975
0.12442584 0.02700228 0.02825262
0.11768352 0.02023564 0.10431651
0.07380612 0.04066396 0.36931780
-0.16935663 -0.01929018 0.02350181
0.11470038 0.01540493 0.11738697
-0.15887421 -0.01178787 -0.03323267
0.03367110 0.02916786 -0.25865260
0.04014517 -0.00306032 0.00699154
0.24289228 0.01953624 0.01705250
0.01859193 0.00473814 0.11014543
0.08904482 0.02633235 -0.21784101
0.08032811 0.03341823 0.36596569
-0.18062524 -0.00567507 -0.00026128
0.06165676 0.02024579 0.23138320
0.19121031 0.00305197 -0.03088799
0.08112264 -0.00148861 -0.07130957
0.05619467 0.02046748 0.10747176
0.09348250 -0.01177656 0.05134806
0.11248563 0.01838211 0.18518101
-0.00243741 -0.02318718 0.02790229
0.04362498 -0.02830986 0.03951200
0.19591290 -0.06662581 0.02130868
0.07735683 0.00991373 -0.18692335
0.14154081 -0.02578803 0.03034475
-0.21452051 0.00443581 -0.01388482
0.23913488 0.00967555 0.02777828
0.05406855 -0.03674563 -0.01443868
-0.11164237 0.00487918 0.03732507
0.11867616 0.03200022 0.06686921
-0.16939549 -0.00742163 -0.06051549
0.12132045 0.02790858 -0.19224028
0.06539112 0.02578235 -0.18289773
0.10802211 0.03676844 -0.07300340
0.11602124 0.04472000 0.34066787
0.17106026 -0.02497236 0.04230015
0.09008192 0.03458136 -0.22516775
0.12345000 0.02878566 0.02620937
-0.06870657 -0.03613526 -0.04481971
0.09010249 -0.01881516 -0.02609397
0.05290263 0.02134326 0.29635897
0.02382472 -0.00822949 0.05488801
-0.14335845 0.00563316 0.04199725
0.11517749 0.03747301 0.03561300
0.06636091 -0.01539180 -0.08432983
-0.07426609 0.03214513 -0.01143816
0.10165511 0.03642427 -0.00645601
0.11867545 0.03155350 -0.12499860
0.09721178 0.04347048 0.00076107
-0.20293400 -0.00446782 -0.07946764
0.05280819 0.02599659 0.31979302
0.09253553 0.02632068 0.10754263
-0.20992842 0.00886972 0.03755862
-0.19719963 -0.01173485 -0.06897497
-0.23494285 0.01393908 0.00286657
0.06368234 -0.04252569 0.05188007
-0.19470896 0.00373910 0.12766209
0.09192947 0.03330915 0.01027947
0.07363298 -0.00383747 -0.14068803
0.14379483 0.01676711 -0.20427294
-0.18492433 -0.01793847 0.05445961
0.14070460 0.00190517 -0.05818667
0.08561228 -0.02972379 0.04632838
-0.19021802 -0.00411430 0.03735946
0.07360932 0.02793768 -0.29946876
0.21443047 -0.00670831 -0.01215628
0.04017223 -0.00020949 -0.15393439
0.20353304 0.01363604 0.05179918
0.06989042 0.00455729 0.03811873
0.12822825 0.02419077 -0.34909093
0.16155754 0.01527745 0.07236438
0.10693412 0.03097384 -0.09611753
0.08001892 0.01844889 0.20405865
0.07102004 0.00765196 0.14076905
0.24331483 0.01916500 0.00318395
0.01057240 -0.03974382 -0.00858486
-0.23577791 0.00443474 0.00887453
-0.05054065 -0.05224787 0.00909086
0.11554223 -0.04592364 0.02458631
0.09358014 0.01525541 0.22775351
0.12096640 0.03958107 0.03736260
0.06419477 0.03809945 -0.37071997
-0.18147993 -0.00981868 -0.02832815
0.06624999 0.02580139 -0.32516235
0.07648870 0.02024818 -0.29682103
0.10705854 -0.00323794 0.13618447
0.24861103 0.00035938 -0.00718396
0.11944230 -0.04039998 0.00179334
0.09106620 -0.00648848 0.10108597
0.08558232 0.02742534 0.17117231
0.07183351 0.02478675 0.16021833
0.12196663 0.03047024 -0.16097151
0.11482349 0.02257927 0.10421222
0.02527835 -0.02062275 -0.03272802
0.05248033 0.02630989 -0.24970722
0.05726134 0.02523925 -0.20097451
0.04423749 -0.00794533 0.10326485
0.00871157 0.01665461 -0.05529203
0.15577179 -0.01403499 0.05054656
0.03801923 0.03076911 0.03211358
0.10161210 0.02476203 -0.13912620
-0.22939928 0.00002365 0.15250938
0.25358990 0.02023746 0.04434286
0.15078190 0.02660257 0.20814095
0.12574647 -0.00217707 0.00182592
-0.07335946 -0.04015795 0.00610266
0.02971674 0.02046671 -0.05956649
-0.24860868 -0.00794345 0.01554249
0.12466104 0.02032876 -0.11832985
0.08922796 0.02946197 0.01151200
-0.03562094 0.03893264 0.00177578
0.04400148 -0.01718894 -0.05795711
-0.09020528 -0.02580413 -0.03056943
0.11085854 0.02955736 -0.06499287
-0.20993362 0.04959343 0.00994867
-0.11825456 0.00554291 -0.00170029
0.12677872 0.02611827 0.27253607
0.06784803 -0.00191934 0.06749369
-0.04015506 0.04087178 0.01619110
0.06870228 0.03088832 0.34915435
0.11662675 0.01352001 0.18316714
-0.00999591 -0.00356547 0.02097616
0.12260972 0.02257133 0.18140265
0.03864260 -0.00262976 -0.13586500
-0.19607066 -0.01060081 0.12957241
-0.00084720 -0.00056929 -0.06487171
-0.19793732 0.02293128 0.01658374
0.09057505 0.00240080 0.17367966
0.23212068 -0.01222709 0.00550218
0.04449449 -0.01297607 -0.02350182
0.17082420 0.01756692 0.13937841
0.06175034 0.03506211 0.39166746
0.13512570 0.03171459 0.32593137
0.06915255 0.03579043 -0.34106615
0.05534854 0.02253290 0.24850383
0.02375090 0.02264662 0.04432258
0.25437877 0.00245087 0.01222854
0.14881034 -0.00672590 0.15079136
-0.14710021 -0.01463670 0.02243561
0.06534970 0.04422349 0.03234068
0.26055172 -0.02319057 0.01962194
0.06474748 0.02985004 -0.35609391
0.13525648 -0.04757333 0.02105784
0.01920375 0.01941474 0.10084173
0.07969055 0.03508024 0.00979237
-0.19696799 0.06203814 0.00820227
-0.06681651 -0.00998800 0.09607556
0.11768334 -0.02103104 0.04491354
0.10150250 -0.00373879 -0.08328546
0.00753538 0.03543508 -0.00839201
0.07101533 0.02367517 -0.17379105
0.07727269 0.01708334 -0.27995464
0.13707723 0.02681437 0.20821273
-0.20761555 -0.00720039 0.15121113
0.23474038 -0.01868097 0.01637885
0.12232311 0.02865404 -0.19230162
0.13154534 0.03246023 -0.00905657
0.05876776 0.02770083 0.25497469
0.12990628 -0.01949623 0.05920741
0.09018065 0.04325701 -0.34251958
0.12649401 -0.00018049 0.01602601
0.10708870 0.03226287 0.27124721
0.13016669 -0.02863423 -0.04740997
-0.00592471 0.01846230 0.16877235
0.08149698 0.00842636 -0.05873434
0.14887108 -0.02317595 -0.07752682
-0.01321846 -0.02715232 -0.01558832
0.10380448 0.03840430 -0.26196733
0.04530963 0.03726748 -0.38263676
-0.19278505 -0.01774952 -0.05821752
0.05079123 0.04634358 0.02224137
0.07798100 0.01181459 -0.17040066
-0.18468240 0.02625964 0.00794225
-0.22260396 0.00248520 0.09343500
-0.21472590 -0.01856579 0.00695300
0.11002702 -0.00049990 0.00683935
0.13975842 0.03293113 0.28624102
0.11795492 -0.08059100 -0.05968352
0.10792936 0.00785274 0.09788973
0.12424175 -0.01279708 0.04857012
0.09365089 0.03270433 -0.34910029
0.16736178 -0.02508024 -0.03419411
0.05251886 0.03807769 0.06948312
0.12788764 0.02607575 0.11375251
0.09962440 0.03002124 -0.04766146
0.07725187 -0.02176857 0.01163810
0.17571916 -0.04447221 -0.05741413
0.04472141 0.04380595 -0.01199823
0.17966972 -0.01974669 0.02598334
0.12198794 -0.00599933 0.12296838
0.09330232 -0.02821123 0.03215431
0.09946968 -0.00093753 0.09533919
0.10498148 0.02385487 0.06150990
-0.21352020 -0.00365674 0.01074113
0.10289934 -0.08824112 0.08742382
0.10132967 0.03005434 -0.33407909
-0.05606707 0.00564519 -0.00348935
0.14555979 -0.01258061 0.04709050
0.07739932 0.03607316 0.38413790
-0.16843235 0.01011390 0.02509098
0.13374734 0.03183014 -0.34639344
0.15308067 0.02207714 -0.00288882
0.10055555 0.00939130 0.21522447
0.01418272 -0.00039190 0.07240285
0.16177833 0.00257594 -0.10810550
0.06426293 -0.03636652 0.03613191
0.07463223 0.02719408 0.30220529
0.07822704 0.02424843 0.01749673
0.13846838 0.02296335 0.27141559
0.10986744 0.03276209 -0.25528786
0.03504315 -0.00841000 -0.02666487
0.11772217 0.02775929 -0.26387134
0.14653978 0.00889157 0.07943635
0.09950743 -0.02882284 0.03776006
-0.17918344 -0.00476981 0.13464330
-0.13776346 -0.00521629 -0.04851611
0.06221167 0.02484478 -0.15488814
0.06498009 -0.01091581 0.05330525
0.02671579 0.03466063 0.02157217
-0.18403645 -0.00687916 0.11664030
0.08453228 0.03223819 -0.34185103
-0.00639867 -0.02789476 0.01651929
0.15823922 0.01304880 0.04511288
0.12447552 -0.02626830 -0.07944745
0.21096410 -0.01367045 0.04335743
-0.01332690 -0.02661543 0.01297034
-0.01277040 0.01494315 0.05032838
0.12474713 0.02442546 0.33623129
0.08551519 -0.00283721 0.06585836
0.09133101 -0.03915131 0.03000868
0.09276814 -0.01379936 0.01436155
0.12709294 0.04049836 0.06321789
-0.01378602 0.02565927 0.00715325
-0.19705018 0.00462777 0.05321436
-0.17487362 -0.00630132 0.12103195
0.09556491 0.01309453 0.16599405
0.04313882 0.02172288 0.27733535
0.06145879 0.03446139 -0.30655816
0.06085867 -0.03962146 -0.06275682
-0.05200692 -0.02256146 -0.02065473
-0.23100449 -0.00874517 0.02438474
0.09571281 0.03012862 -0.17059709
-0.18113932 -0.01976080 0.03689545
0.09456949 0.02290056 0.05911404
0.03150532 0.01947203 0.12726697
0.10583694 0.03917893 -0.39130476
0.08702036 0.02597759 -0.19016582
-0.17006451 0.00125970 -0.02345405
0.16331846 0.02328416 -0.10007004
0.12560101 0.00421125 -0.01524554
0.22551921 -0.01190259 0.01796708
-0.21732856 0.00971731 0.03542360
0.02821038 -0.01396469 -0.03061457
0.07603969 -0.02417566 0.04820567
0.05744806 -0.08415627 -0.08235860
0.08758517 0.01363821 -0.16267094
0.04983567 -0.00538340 -0.07396314
0.15504602 0.02049156 0.20488720
0.09598592 0.02672378 0.12899615
0.03446982 0.02383279 0.22647433
0.05356631 0.01425294 -0.17266634
0.14705682 0.03991967 0.04474613
0.03426078 0.02957581 -0.29515716
0.24673180 -0.00983034 0.00938086
0.02782370 0.03350873 0.07308517
0.10793222 0.01262028 -0.08875562
0.21696538 -0.03660655 0.02828619
0.21708205 0.02556666 0.00328880
0.11041174 -0.03661298 0.05253280
-0.04186556 0.00963645 -0.02257079
-0.17371936 -0.00276195 0.01471476
0.12086096 0.03394733 -0.22980657
0.00539698 0.00480893 -0.13571957
0.09942782 0.03506792 0.30548447
-0.05719029 -0.00834985 -0.03507617
0.22415730 0.01099730 0.02072210
0.14048098 0.02421382 -0.02706808
0.08083675 0.03345802 0.06677680
0.12532240 0.01549272 0.15119088
0.19745694 0.00432235 0.03390983
-0.21989739 0.09259287 0.01066400
0.12486229 -0.04550272 0.01625056
0.26113874 0.00773411 0.01120435
0.06382732 -0.03617910 0.05885912
-0.19455034 -0.01424243 0.03356390
0.14235303 0.02287905 0.20721416
0.05638918 0.02991782 -0.33840644
-0.06449618 -0.00775159 -0.00806229
0.05328525 -0.01728674 0.04657107
-0.17979708 0.00731446 0.00096381
0.26706639 0.01157554 0.00528113
-0.17630459 0.00967181 -0.00980993
0.11381219 0.01525109 0.11882598
0.19003752 -0.02942763 0.06449500
-0.06858273 -0.00810840 -0.03654626
0.01289353 0.00378419 0.00691102
0.04203264 0.01141535 0.17646982
0.00733892 0.02000796 0.19074109
0.08879934 0.02164485 -0.30521119
0.08062738 0.02222711 -0.02703331
0.07081770 -0.03522590 0.03669254
-0.01342817 0.00553511 0.00140304
0.02656341 -0.00751273 0.04546467
0.04680670 0.02507802 0.20554599
0.06374206 -0.05074627 0.00377601
0.07016631 0.02084370 0.22533868
0.07925345 0.01336496 -0.07808770
0.19009510 0.02270191 -0.01594366
0.06450459 0.02466142 -0.12533323
0.13613421 0.02078127 -0.10704028
0.08448818 -0.01046939 0.04499916
-0.23075375 0.00013739 0.05497387
-0.16573642 -0.01081501 -0.02617272
0.03422289 0.03001011 -0.00604113
-0.02392302 -0.01407148 0.02285078
-0.18326545 -0.01516947 0.02855588
-0.17921679 0.00220788 -0.03840882
-0.24085543 0.07066001 0.00677452
0.09545196 0.00552567 0.14499016
0.10099494 0.02849390 -0.17399219
0.15627071 -0.01152079 0.06498232
-0.15921053 0.01288417 -0.00422177
-0.23591490 0.07081140 0.01061329
0.08558467 0.03595087 -0.35351059
0.09314282 0.04305037 -0.33307093
0.05438044 0.03319608 -0.37202850
0.13988441 0.03545674 -0.32089132
0.24496011 0.01376617 0.03517929
0.07003704 -0.09031160 -0.08707856
0.07472730 0.01533605 0.11238620
0.13930863 -0.08153619 -0.05714384
0.05215023 0.01230865 0.10491238
0.02727658 0.01232861 -0.16903497
-0.13584821 -0.01617067 -0.03733618
0.11795440 0.03140545 0.17322789
-0.19481753 0.01690554 0.00543838
-0.09876290 -0.01677320 -0.05247367
-0.23736000 0.01873646 -0.00909967
-0.04531340 -0.01070667 -0.05043874
0.07292448 0.02472108 0.15048839
0.14398620 0.02312420 -0.10351054
0.08767461 0.03189091 0.24600081
0.13727222 0.03469940 -0.26011315
-0.05113626 0.01043038 -0.05092591
-0.18370011 0.08911476 0.01153285
-0.11440802 0.01807586 0.01391889
-0.07082090 0.03202290 0.00233279
0.07099858 0.00157657 0.17212653
0.14382333 0.04114040 0.02086963
0.18929227 0.01879924 -0.00379636
0.03734325 0.01678012 0.13743341
-0.21539395 0.04111357 0.01249327
0.08555278 0.02502496 0.19884744
0.11550128 0.02304843 0.14391446
-0.18865110 -0.00410877 0.02143895
0.00201461 0.01829916 0.13774045
0.10304587 0.03075359 0.36694691
0.22391976 0.01688834 -0.00722176
0.07257838 0.03081545 0.36498457
0.03105659 0.02069669 -0.21763206
0.11577637 -0.03278238 -0.04038046
0.21504577 -0.02527855 -0.00469852
0.07102484 0.04424815 -0.37755451
0.07213804 -0.04867846 0.01739398
-0.17588969 -0.01206462 0.06457485
-0.00063209 -0.02955876 -0.03777465
0.04511485 0.03029911 0.35782108
0.02989638 0.02032093 0.27433711
-0.00857132 0.02541821 0.05853820
-0.02005909 0.02180142 0.02239824
0.10007503 0.03316000 0.07715657
0.13097771 0.03181006 0.31038904
0.25963065 0.00773495 0.00501501
0.10682071 0.02943360 -0.24217972
-0.12818702 -0.02390003 0.01037181
0.03018512 -0.03085948 -0.01065600
0.16886884 0.02448223 -0.13998426
0.13199277 0.03774295 -0.02409733
0.10491996 0.02705678 0.32561272
-0.19173373 -0.02580823 0.06697676
0.14523281 0.00511543 -0.02814410
-0.20225838 -0.00772178 0.01915085
0.05362875 -0.07752880 -0.10851109
0.09586590 0.03566007 -0.36253330
0.12357216 0.03891804 -0.16137183
-0.16799203 -0.01676005 -0.03285984
0.09592541 0.02304608 -0.18817574
-0.08882052 -0.00749461 0.01458650
-0.20911415 0.00081377 0.10543871
0.13493602 -0.01907887 0.01741551
0.08902234 0.03743758 0.05418976
0.13726515 0.03643024 -0.19532877
0.09239151 0.02801231 -0.29277816
0.01386400 0.01634048 -0.01075940
-0.22740081 0.00628315 -0.01315784
0.12120917 0.02562371 0.18235199
0.12348208 -0.01394647 0.06955423
0.10236014 0.02326635 0.11194619
0.10383363 0.01947711 0.11262738
0.04124024 -0.02577978 -0.00263138
-0.03015687 -0.01221061 -0.04945640
0.01397501 0.02007472 0.13172023
0.14727181 0.01845468 -0.12574512
0.06552514 0.00679067 0.00493658
-0.21714842 0.06431253 0.01090745
0.03570366 0.02756742 0.04435276
0.22380944 0.01623804 0.00022206
0.01699843 0.01298772 0.09363111
-0.12080967 0.00456963 0.02983445
0.05975913 0.04076593 0.23327194
0.02798155 0.01124065 0.06531514
0.12418108 -0.02745562 -0.06210070
-0.17556807 -0.00325037 -0.16033591
0.15264884 0.00971558 0.12039252
0.11553608 0.01905304 0.07791191
0.12045729 0.02177365 -0.16720895
0.13369001 0.01495513 0.01390442
-0.22051810 -0.00034999 0.10656178
0.06231829 0.00567204 0.05851666
0.09914379 -0.00662189 -0.00033999
0.11979695 0.02994585 -0.15761225
0.08758681 0.02010619 0.02335526
-0.16087052 0.00578538 0.03875803
0.24576412 -0.00471054 0.03496644
-0.20034094 -0.00669563 -0.08900825
-0.21539453 -0.00333080 -0.11385871
-0.02213445 -0.04759958 0.00565248
0.09819651 -0.00665812 0.12010826
-0.15289074 -0.00412546 -0.12407099
0.08780857 0.02194061 0.22895987
0.05503295 0.01940886 0.28739676
0.07677726 0.02806259 -0.20003267
0.10684724 0.02930019 -0.12115890
0.10486330 0.02074122 -0.25206321
0.04608387 0.05538760 -0.03769632
0.12898774 0.03636402 -0.36843085
0.26110813 0.00265237 0.01854471
0.25466979 0.01305220 -0.01539225
-0.00245359 0.03639589 0.00621318
0.08911173 0.00462130 0.03268492
0.21079002 0.01779923 0.03803657
0.02538915 -0.03415552 -0.01651575
0.18967094 0.02382838 0.13056715
-0.20718323 0.00014828 -0.11444727
0.09469634 0.01362072 -0.21907040
0.16941731 -0.04849114 0.04845941
0.09294301 0.03802757 -0.06934274
-0.23740774 0.01287997 0.00452226
0.08781912 0.02776189 -0.31206274
0.13597903 0.03452285 -0.31501573
0.16219065 -0.05429168 0.05912327
0.10769868 0.01070610 -0.13007225
0.11626770 0.04519586 -0.33095023
0.12556241 -0.01904129 -0.00309512
0.09092156 -0.02973667 -0.04652600
0.10825779 0.02229618 -0.26049373
0.02001038 -0.02144027 -0.01798014
-0.12989414 0.00213673 -0.04225456
-0.07482123 0.00795567 0.00058757
0.10671106 0.02698226 -0.14220862
0.15751679 0.01282392 -0.17363827
0.07674443 0.04700602 -0.26835436
-0.17038730 -0.00398639 0.09847336
0.09714731 0.03060130 -0.07821609
0.02417893 -0.01979172 -0.03073806
0.16825727 0.03314789 0.02927741
0.08360133 -0.00611724 0.16146949
0.05133181 0.00465435 0.21029367
0.10105428 0.03262141 0.34998408
0.03729025 -0.02812685 -0.01719664
0.07452226 0.03543077 0.08375271
-0.21731590 -0.00113957 -0.06062094
0.12267102 0.03049152 0.24756306
0.21892795 0.02309987 -0.00938339
0.04974858 -0.05150243 0.04122735
0.12481792 0.02708030 0.20901361
0.07532763 -0.03374115 -0.06030040
0.12861897 -0.01535384 -0.00089377
0.12525716 -0.00535471 0.13037620
0.06681594 0.03100288 -0.34584075
-0.11927443 -0.02129032 0.01389350
0.03455233 0.01269962 -0.12647977
-0.19166313 0.00737637 0.03652994
0.08836220 0.02248464 -0.12941462
0.11989929 0.00977227 0.19384162
0.14748365 -0.03317570 0.00343232
0.07118899 0.02766235 0.19785696
-0.17136870 0.00076018 0.17620108
-0.23885918 0.01208530 -0.00037754
0.10345140 -0.01460545 0.01998983
0.20379457 -0.01259440 0.01544777
0.22331661 -0.02036279 -0.01247320
0.11136516 0.04259479 -0.36604360
0.05569515 0.05251824 0.03384960
0.18674432 -0.01143021 0.05367486
0.08672328 0.02347402 0.08020123
0.06724854 0.00319750 0.17814264
0.17361875 0.03348827 -0.21113946
0.11326247 0.02181899 -0.20425802
0.05377625 0.02904317 -0.34686375
0.10309883 0.03947458 -0.39292893
0.24793820 0.01705659 0.02362148
0.16153970 0.01949706 0.22357471
-0.19023272 -0.01840367 0.04398486
0.04858305 0.00456957 0.03961725
0.02167173 -0.03262839 0.05962608
0.08365989 0.04035939 0.01259769
-0.19954741 0.02144123 0.01891468
0.22038239 0.02444770 -0.02278576
-0.22399566 -0.02679497 0.01467079
0.17713059 -0.00779356 0.02212115
0.13091946 0.01950664 -0.32114249
0.03226707 0.01315305 0.08758236
0.08315420 -0.07117913 -0.09908608
0.09253715 -0.02567209 -0.02727704
0.08231425 0.04626326 0.06313675
-0.21568149 -0.00824837 0.05792669
0.14481394 0.03828242 -0.33153546
0.25581178 0.01382564 0.00579815
0.06296820 -0.00550790 -0.10498220
-0.01843113 0.01454889 -0.02128385
0.11985275 0.04269680 0.05355281
0.08176851 0.02630951 0.12651981
-0.09507964 -0.03543980 0.02450026
0.24499242 0.00403784 0.04481777
0.06842642 0.02509236 0.21717815
0.04538195 0.02892434 -0.29117757
-0.21699959 0.01564966 -0.00365853
0.17714968 -0.02122010 -0.00552201
0.08753624 0.03842416 -0.32857263
0.11798279 0.02599715 0.10372059
0.06073531 0.02734442 -0.25312302
-0.19312143 -0.00923698 0.15241925
0.10684762 0.02514638 0.05417290
0.11633238 0.03719785 -0.31837639
0.18492675 -0.02067417 -0.02047050
0.03231612 -0.00557885 -0.03059950
-0.12717317 -0.02103016 0.01360244
0.09252016 0.03846151 -0.37946609
-0.16269705 -0.01915623 -0.01189937
0.10314667 -0.03812509 -0.00685120
-0.21751347 0.00005909 -0.00311862
-0.01724483 0.02293848 -0.04808268
0.06287695 0.02081312 0.02044939
0.05689768 -0.01845578 0.08178174
0.05753947 0.02163498 -0.15070023
0.19120872 -0.03557867 0.01407437
0.24710757 -0.00884886 0.03789806
-0.21497826 -0.00279849 -0.07446536
0.10829315 0.02717193 0.35464957
0.16256049 0.02214363 0.01855942
-0.16752480 -0.00629333 -0.07394948
0.08222173 0.02765490 0.12801446
0.17787597 0.02586730 -0.11731539
0.10956933 -0.03071118 0.03892776
0.13035104 0.02228957 0.00035166
-0.23427735 0.01174027 -0.00359949
0.11180288 -0.00525491 -0.03809228
0.06335038 0.01647088 0.31361678
0.10257550 0.02295879 -0.24600169
0.16513312 0.01936536 -0.09924117
0.08381732 0.02518968 0.12878716
-0.19531882 -0.00437768 -0.10484691
0.07304220 -0.00221620 -0.14955220
0.09486404 0.01550742 0.14606661
0.07650176 0.03021921 0.05738588
-0.05883907 0.01576539 0.06121585
0.13402788 0.03625613 -0.37042549
0.04921986 0.01642756 0.10255682
0.06939295 0.02564133 -0.16530786
0.23260315 0.01361175 0.01560229
0.13650423 0.02701505 0.23693435
-0.14125037 0.01454574 -0.00158681
0.06984840 0.02103896 0.24712074
0.18095835 0.01958575 0.05212773
-0.21791384 -0.00329352 -0.05378020
0.13531137 0.03011678 0.12825944
0.09515120 0.02777931 -0.00399962
0.14002974 0.02440901 -0.13833791
0.04910089 -0.04851841 -0.01306690
0.19569390 0.02788438 -0.01189423
0.16900603 0.01992373 0.02516789
0.17644969 0.00313120 0.05369101
0.14318565 0.01314514 0.15725003
0.11911504 -0.06817114 0.10827634
0.02803001 0.02635282 0.17883565
0.06939121 0.01678513 -0.17314513
0.05957397 -0.03581214 0.01683908
0.10372998 0.02654843 0.10890171
0.02978969 0.01496751 -0.01289456
0.10941678 0.04209111 0.01632539
0.06469051 -0.01439024 -0.09881462
0.09787903 0.03957979 -0.33055410
0.15645805 0.03171872 -0.01439813
0.11214939 0.01106415 0.04170882
-0.24932928 0.04603172 -0.00123956
0.26880345 0.00333476 0.01058312
0.07344297 0.03103830 -0.20461860
0.21112080 -0.03154122 -0.00401971
-0.17658897 0.02342595 0.01078672
0.08053289 0.03285450 -0.01989036
0.15821254 0.02570804 0.21434957
0.18252647 0.03514620 0.02022120
-0.21603952 -0.00088483 -0.09985596
-0.07559138 -0.05246218 0.00003515
0.02745418 -0.01327564 -0.04619420
0.07869940 -0.01389207 0.01461457
0.10528991 -0.00090389 0.11239654
0.14700229 -0.06969658 0.09212066
-0.18671443 -0.02014509 0.05955223
0.13253084 -0.03001940 0.02427336
0.07637642 0.01123945 -0.12630056
-0.03151440 0.00518161 -0.01137386
-0.19176622 -0.01152966 -0.07978335
0.09967146 0.03218694 0.25770873
0.11849744 0.03777330 -0.30544510
0.18790834 -0.01881616 0.01045065
0.10832070 0.01806714 -0.11070648
0.12536041 0.02646707 0.14927498
-0.10892184 0.00849560 -0.01563255
0.19956204 0.00168468 -0.01544563
-0.05181471 -0.00125262 -0.04965251
0.04713504 -0.04050322 0.05811123
0.09006137 -0.00977970 0.03543463
0.08098459 0.02118037 0.21478581
0.18082891 0.01625642 0.01983920
0.03070812 0.01239294 0.08921330
0.11249848 -0.06830643 0.09183452
0.09040032 -0.00192338 0.03552993
0.11811848 0.04158026 0.30562830
0.07095989 0.03148095 -0.09583411
0.25182432 0.00046884 0.02449349
-0.06042647 -0.02467049 0.04472045
-0.06746727 -0.00841168 -0.03620624
-0.09130119 -0.03847896 -0.00059948
0.17768988 -0.02241042 0.00975788
0.23626965 -0.00190690 0.02181732
-0.01066147 0.01457193 -0.05366807
0.01338602 0.02358194 0.00856567
0.14398141 -0.00987912 0.04252476
0.14841665 0.03574898 0.02078857
-0.06794309 -0.03412344 0.01579827
0.14154887 -0.01191025 0.03177291
0.19679476 0.03081997 0.00948618
0.10491990 0.03620812 -0.25060627
-0.16794102 -0.01185509 -0.07039904
0.23090021 -0.00079054 0.03155559
-0.19462466 0.00042417 -0.07236763
0.06906494 0.02557646 -0.32059804
-0.01444512 -0.01843151 0.04349402
-0.17353317 -0.00072034 -0.11931489
-0.20264699 -0.01386723 0.00180222
0.12416010 0.03795169 0.29030168
0.17274684 0.00540309 0.06133176
0.06536402 0.01845525 0.13159139
0.04725814 0.00947637 0.08606543
0.14866434 -0.04126955 0.02505522
-0.02187082 0.03860489 -0.00469946
0.01567595 0.03438273 -0.01786896
0.03107964 0.01702572 0.11998829
0.09910804 -0.04404610 0.03118529
-0.17632300 0.00154040 0.04405204
0.03819939 0.00774383 0.08937825
-0.19262423 -0.01148553 -0.07600708
0.15891325 0.00911247 0.13006088
0.20047736 0.03066109 -0.02950738
-0.05002028 -0.04071870 -0.02293908
0.00604639 0.02078539 0.14773527
0.06724931 -0.03143331 0.06708651
-0.24298143 0.00542413 -0.05122070
-0.20750381 0.00093655 -0.05848847
0.12015931 0.03745065 -0.18093948
0.02271440 0.02227919 0.01316283
0.10683036 0.03060106 -0.18761691
0.20294429 0.03005100 -0.00030798
-0.04236732 -0.04432764 0.00051159
0.14357227 0.03140079 0.12353457
0.12918290 0.02758894 0.27505291
-0.14539251 0.00910387 -0.02013846
0.13497116 0.02746295 -0.33371738
0.13380577 0.01198308 0.27534693
0.01961483 0.02777549 -0.08311485
0.08103886 -0.04708955 -0.01571401
-0.02643880 -0.01945306 -0.00115706
-0.00741853 -0.00301894 -0.03445370
0.01582547 0.01968793 0.27424565
0.04586807 0.02984653 0.01197387
-0.11423422 0.01300851 0.03938718
0.03578384 0.00960862 0.24788247
0.07305478 0.02249711 -0.11267006
0.23331499 0.00979724 -0.00943654
0.15775809 -0.04869247 -0.05140268
0.12255166 -0.02293896 0.01672409
0.17096312 0.01638994 0.03098895
0.13553193 -0.00459030 -0.10093155
0.23733668 0.01165254 -0.02352878
0.17030136 -0.03807017 0.04635650
-0.07930973 -0.03778302 -0.02914689
-0.21182285 0.02864821 0.01077444
0.04879531 0.00324983 -0.12998116
-0.10178258 0.00660762 0.03026543
0.16011512 -0.02481184 0.04341009
-0.17484944 -0.00233130 -0.04547947
0.22240542 0.01973967 0.04236434
0.13141453 0.00820804 0.21124147
0.08024856 -0.00410605 0.15342389
0.12020908 0.01488864 0.09487753
-0.14393674 -0.01137081 0.07771965
-0.03840782 -0.02620753 -0.01888930
0.07191131 0.00935331 0.18860154
0.10468670 0.04645172 0.33378223
0.06791382 0.01279189 0.26675209
-0.06697530 -0.00821923 0.04167034
0.05528980 0.01099970 0.09255873
0.02101300 -0.02932325 -0.01527127
-0.18785678 -0.00391753 -0.07674805
-0.07137593 -0.02989473 0.00228485
0.05470609 0.02219269 -0.16860266
0.04368807 0.01355324 0.08526570
-0.18878634 0.01425173 -0.00131765
0.06071233 0.02875881 0.27475536
0.24058186 0.00871447 0.00790771
0.11420657 0.02487687 0.19577488
0.09169995 0.03191926 -0.20187905
0.11931214 -0.02472655 -0.14276955
0.17500040 0.01224849 0.05410966
0.05529498 0.01805277 0.12259877
-0.18536362 -0.00317950 -0.11243112
0.18708196 0.03782081 0.01756771
0.08747843 0.00360720 0.05535668
0.03562659 0.02353900 -0.10435911
0.09048390 0.02069136 -0.13549834
0.03413733 -0.03399274 -0.02394887
0.12777999 0.01943351 -0.16857794
-0.18870436 -0.02644904 -0.02463611
0.04101659 0.02795698 -0.25463054
-0.19064066 -0.00017133 0.04114630
0.06228814 0.02791514 -0.06663324
-0.19923931 0.01104263 -0.05277321
0.07445015 0.03211117 0.31345621
0.07346000 0.02263498 -0.24867988
0.08304158 0.02600476 -0.29436934
-0.16044003 0.00793502 -0.03717697
-0.01420050 -0.01927743 0.07950994
0.17214429 0.01932970 0.02419458
0.19338994 -0.06284861 -0.04218236
0.14834884 0.03717757 -0.24392754
-0.15921931 0.01767649 0.01617760
0.12282412 -0.01206448 0.04006498
0.20242819 -0.06543908 0.02356774
0.00103668 0.03623766 0.00826265
0.19285393 -0.07132924 -0.01887610
0.10332146 0.02442097 0.09314452
0.04243521 0.01346123 -0.14537597
0.16010278 0.02326785 -0.12015606
0.08844933 0.02637448 0.30622092
-0.04655863 0.00358267 0.04161907
0.04255917 0.00533759 0.17982422
0.06143922 -0.08801983 -0.09371385
0.09320141 -0.01829914 -0.02147903
-0.21420892 0.02711854 0.00657228
0.13578962 0.02568542 -0.19647796
0.14831787 0.01798838 -0.05442813
-0.18468624 0.00265544 0.08239599
0.03344919 0.03672983 0.02549232
0.14500543 -0.00583853 -0.00034446
-0.20993239 0.08896837 0.00637067
0.14385462 0.01436611 -0.12735641
0.12678829 0.02899071 0.08727881
0.24213906 -0.00185265 -0.02898718
0.06311543 0.04640919 0.00534089
0.05731973 -0.03307243 0.06236254
0.06615407 -0.07754369 -0.10888316
-0.20314084 -0.00231508 0.13543876
0.15635979 -0.01134414 0.07167351
0.09693590 0.04245424 -0.33580914
-0.14738812 -0.01424347 0.00835610
0.11333397 0.02884179 -0.11718497
0.11200450 0.02580618 0.16971728
0.11912757 0.01789982 -0.33090228
0.14578398 -0.00640864 0.14271687
-0.21440648 -0.00148549 0.13891752
-0.16498265 0.00438775 -0.03453288
0.01383360 0.01222262 -0.02711376
0.14546637 0.02849703 0.11521482
0.08303750 0.02022553 -0.24111353
0.07560447 0.01045384 0.04140886
-0.14488566 -0.00018242 0.03141501
0.15284984 0.00324564 0.05636124
0.10757352 -0.02500571 -0.05170187
0.15575124 0.00243560 0.05561555
0.06870849 0.02897060 -0.35692745
0.05040687 0.02598755 -0.17030856
0.05681186 -0.00760467 -0.02733478
0.07468966 0.03981685 -0.37072524
-0.03244229 -0.00991749 -0.03279960
-0.00095590 -0.00051133 -0.06948073
0.04809584 0.01811462 0.07123470
-0.11642876 -0.02011740 0.00939793
-0.18222392 -0.01564699 0.05382280
-0.20452505 0.02457291 0.01696769
-0.07167303 -0.03851715 -0.00582670
0.16444126 -0.03718983 -0.08194150
0.17797849 -0.02256701 0.01229045
0.10021858 0.03060761 -0.20624772
-0.25195968 0.00143563 0.07644077
0.13291149 0.00057374 -0.10671487
0.09429032 0.00386226 -0.08827520
0.02878864 0.03904689 0.14219971
-0.19009882 -0.00391941 -0.07469133
0.11123283 0.02961719 -0.22440654
0.06437759 0.02005227 0.25109604
-0.21947871 -0.00059143 0.14925840
0.11192819 0.03313433 -0.19425118
0.04142334 0.03278893 -0.29523116
0.07237020 -0.02015026 0.00561244
0.10926265 -0.01578263 0.02012393
0.02101665 -0.02814751 -0.01468667
0.01514968 0.03650170 0.00867629
0.12948018 0.03563264 -0.31679916
0.13730724 0.03093716 0.00791432
0.10871446 0.01475260 0.18638034
0.15787812 0.02916732 -0.10363583
0.10397927 0.02232020 0.23667181
0.11451362 -0.00676041 -0.12876298
0.05814017 0.03088453 0.29132009
-0.13560291 -0.03248908 0.04099512
0.25919122 0.00060441 -0.03296430
0.09554359 0.02256153 -0.28246441
0.05045827 -0.02993166 0.07461424
0.13577305 0.03281580 0.28294715
-0.09404688 0.00293024 0.02743680
0.07206780 0.02986578 0.14830752
0.06110324 -0.03535664 -0.01459865
0.08391526 0.02450556 0.09947332
0.04814303 -0.00366958 -0.10305618
-0.03731433 -0.02360708 -0.00178752
0.05093630 0.03449214 -0.36467028
0.08871517 0.03348015 0.18103224
0.07262508 0.02430736 0.00834489
0.12465846 0.01648493 0.13091345
0.10546065 0.02860470 -0.01459373
0.16782673 -0.02597811 -0.03040280
0.10609408 0.04286211 0.05271337
0.03068098 -0.01963156 -0.05516101
0.10308013 0.02747575 0.30362874
0.08331707 0.02076402 -0.29315150
0.04086510 0.00627233 -0.10794470
0.11266157 0.02971253 0.19898598
0.02928663 -0.01427977 0.06107651
0.24120428 0.00103306 0.03398228
0.05231742 0.02658280 -0.16868033
-0.21840942 0.00429433 -0.13000569
0.03360735 -0.02714419 0.03091917
0.09724852 0.00237951 0.19062604
0.05988905 0.03200293 -0.37562409
0.15160625 -0.00698594 0.13097200
-0.22118253 0.02683625 0.00763220
0.10243677 0.00050408 0.07892808
-0.07982999 -0.00788544 0.03086281
-0.15166309 -0.01005292 0.07684804
0.04792435 0.02548050 0.25149474
-0.08222456 0.00681111 0.02812165
0.07390655 0.04611019 0.01826513
0.12433013 -0.01147305 -0.10548417
0.12644340 0.00370173 -0.04440631
0.01381430 0.01018246 -0.02336138
0.11630295 -0.01791048 -0.06120297
-0.04709278 0.01079529 -0.01003473
0.02588069 -0.00305860 -0.06223874
0.14976697 0.03682059 0.05543400
0.02753709 0.02219083 0.23638718
-0.18284509 -0.01283542 0.00656018
-0.03945813 0.02537999 -0.00171323
-0.22756110 -0.00107644 -0.06286358
0.02400830 0.03023746 -0.04223264
0.00936533 0.01329892 -0.03969977
-0.13936253 -0.02170241 -0.01733452
0.09354775 0.00848002 -0.05254735
0.07410666 0.02338622 0.15134688
0.18381917 -0.05492131 0.04995064
0.08948483 0.03052462 -0.17372137
0.00622298 0.01136546 0.03750676
0.00252548 -0.00132531 -0.02499915
0.11301497 0.01597473 0.29678303
0.13057056 0.02597021 0.14190628
0.17178079 -0.01068873 -0.02343162
-0.18110748 -0.00208461 0.03252349
-0.22761512 -0.01307158 0.01040557
0.11060567 0.04299660 0.05769427
0.05251714 0.01513466 -0.03167377
0.03113895 -0.03771776 0.03499777
0.09447937 0.03260579 0.34862295
0.02044508 -0.00184628 0.05380208
0.07776201 -0.03156958 -0.06686603
-0.00318167 -0.02494264 0.07138538
-0.20522492 0.00158113 -0.01172089
-0.18578571 -0.00602537 0.15880701
-0.02438293 0.00833012 0.00038520
0.18882091 -0.04824243 -0.03082470
0.18645413 0.02742460 0.00404858
0.01108654 -0.01402543 0.04804190
0.04049130 0.02636022 0.17106149
0.10939551 0.02704361 -0.10016773
0.12040243 0.04049080 -0.36511630
0.17795238 -0.05028972 0.04259878
0.04692607 -0.03596335 -0.07478926
0.11524349 0.03657213 -0.27377158
0.07341404 0.03652676 -0.34620446
0.08022786 0.00089388 0.11139465
0.20916905 -0.00606246 -0.00172897
-0.17099017 -0.00504648 -0.11758279
0.00179750 -0.00592717 -0.05063289
0.18643677 -0.02217001 -0.01215065
-0.17682712 -0.01799348 0.11967649
-0.20744684 -0.00721203 0.07228027
-0.12617888 0.00300361 0.03474271
0.04234801 0.02195292 -0.25360382
-0.21275920 0.01382699 -0.03728910
0.04662517 0.00347375 0.13373660
0.06104747 -0.00255912 0.05593903
-0.18855600 0.00042433 0.09372326
-0.03106474 0.02255646 0.02660674
0.07574352 0.03454291 0.35192257
-0.03828957 -0.03135538 -0.00297932
-0.21388260 -0.01560001 0.05373980
0.11682305 0.03563390 -0.33224249
-0.08121062 -0.00673972 -0.03292068
0.12612528 0.01915718 0.11514319
0.13440496 -0.03760696 0.07639485
0.21055758 0.02871049 -0.01564052
0.17489044 0.03163477 0.00200476
0.00722131 -0.01585732 -0.06381582
0.08019099 -0.00194027 0.06075488
0.09299149 0.01893652 -0.04175254
0.11876474 -0.03756225 0.02253013
0.16357708 0.02273651 0.01965315
0.10489576 0.03682401 -0.29156676
0.11336723 0.00395957 0.08176173
-0.17735964 0.01047119 -0.01182713
0.06509425 0.04595579 0.06735833
-0.06225935 -0.02880166 -0.00315073
0.02246894 -0.02729345 0.04331600
0.22636682 0.00266386 0.00454439
-0.19565304 0.02156747 -0.00483442
0.05340391 0.02540419 -0.18698478
0.05658795 -0.02884076 0.05062577
-0.08805598 0.00603601 0.02687781
0.23597355 -0.00443447 -0.00649554
-0.05205214 -0.00131072 -0.03506502
0.08655580 0.02724735 0.04458460
0.12349528 0.02892412 0.19119792
-0.03247919 0.00281035 0.00068334
0.22175711 0.00254938 0.04006892
0.09585834 -0.03943834 0.03763743
0.13247427 0.00732067 -0.16442595
0.25294286 0.00480552 0.05657987
0.07015206 0.02697890 0.15359296
0.07944706 0.00546418 -0.07314652
-0.23469429 0.07088619 0.00521410
-0.17994271 -0.01059732 -0.00943503
0.05902938 0.02478126 0.19786504
0.10549943 0.03561332 -0.34923097
0.04528164 -0.07924318 -0.10325143
0.05697213 -0.00598799 -0.01411008
0.14576511 -0.01675931 -0.01131185
-0.22333534 -0.00741615 -0.08121627
-0.12148073 -0.01994114 -0.00831366
0.08799325 0.02649148 0.14999317
0.22419302 -0.00574641 -0.03451567
0.10954150 0.02895208 0.37020284
-0.21638998 0.01985237 0.00608442
0.19429746 -0.03468027 0.02869657
0.16177119 0.02034624 0.10709421
0.07968961 0.01037609 -0.08604609
-0.20938051 0.00532869 0.04405511
-0.15107247 0.01825867 -0.00743319
0.13988911 0.01078933 0.14955795
0.17007968 -0.00465726 -0.07290027
0.04062740 -0.03596341 0.00856493
0.10639665 0.03654847 -0.35806236
-0.02076632 -0.00424801 -0.04717537
