0.01661978 -0.01188601 0.01278160
-0.28900358 0.03194750 -0.00171445
0.01188184 -0.05404545 -0.03258282
0.13076377 -0.04169816 0.03912113
0.12855954 -0.03820180 -0.03562142
0.03130396 -0.05041692 0.19020796
0.07138731 -0.04623505 0.11200623
-0.10182531 -0.01869437 0.02824744
0.05454274 -0.04153244 0.08200207
-0.24072215 -0.00142597 0.00181285
0.07240359 -0.04689518 0.09508632
0.06478914 -0.04882706 0.04677956
-0.04732944 -0.03447189 -0.03372797
0.06224111 -0.00399489 -0.02025986
0.10149430 -0.05293965 0.10465576
0.11650047 -0.06434146 0.03591815
0.00255541 -0.04554789 0.14340754
0.02077972 -0.03583794 -0.31530765
0.28774455 -0.02545673 -0.00781316
-0.00050019 -0.04698782 0.16795842
0.10552016 -0.00798382 0.01310307
-0.04259362 -0.01995603 0.02735393
-0.21207260 -0.02934184 -0.02858204
0.08786478 0.00033670 -0.00729015
-0.03498460 -0.07092246 0.00182586
0.04273808 -0.06002669 -0.07015252
0.11375870 -0.02656085 -0.02943756
-0.11744095 -0.05885063 -0.02373091
-0.04092844 -0.04308513 0.29637608
0.01468925 -0.07146296 0.01255511
0.02469749 -0.04378508 0.27930284
0.24454512 -0.07348441 0.00824048
0.03717533 -0.03948746 -0.15329646
0.01021702 -0.05181994 -0.07012688
-0.03585922 -0.02937052 0.35574919
0.09318779 -0.05503751 -0.14903823
0.08114909 -0.03216334 0.12777558
0.03227098 -0.05038214 0.25108451
0.06470619 -0.03997232 -0.07862850
-0.23869959 -0.02061045 0.06605233
0.02829692 -0.04046832 0.09005718
-0.28816983 -0.00323526 0.00402635
-0.00414571 -0.04082179 0.09726495
-0.00732367 -0.06926546 -0.00014756
-0.00720804 -0.03579682 -0.33683366
-0.12417110 -0.02755572 0.03382360
0.03549666 -0.04849023 -0.11423981
-0.04042854 -0.05176147 0.03609967
-0.07862677 -0.03789908 0.03147257
-0.30524334 0.07717942 -0.00194861
-0.00577567 -0.03763731 0.31355560
-0.00435959 -0.06414013 -0.03162291
0.27405494 -0.02259600 0.00936169
0.18434988 -0.05530364 0.01830288
-0.15973900 -0.05443728 -0.02411639
-0.26846737 -0.00348897 0.01434035
-0.02560718 -0.05103792 -0.03995778
-0.03236153 -0.06014710 -0.04644976
-0.02568655 -0.03936408 -0.26196593
0.04784606 -0.02383364 -0.02687727
0.14617874 -0.04342590 -0.02948822
0.02605976 -0.05800603 0.11684025
0.02955294 -0.05278964 0.21658485
0.20666845 -0.07128324 0.00804707
0.06085781 -0.03888384 -0.08125360
0.10496338 -0.02014431 -0.03732484
0.00858038 -0.04262074 0.16470058
0.06924462 -0.06412424 -0.13723394
0.05978139 -0.04886743 0.12889771
0.00514918 -0.05306568 -0.03467989
0.22144419 -0.04459644 0.03000918
0.27848783 -0.06460519 -0.00704028
0.26490456 -0.07134245 0.00571302
0.03251371 -0.04017213 -0.02794216
-0.02792343 -0.03439739 -0.31153026
-0.24813841 -0.01172932 -0.04373239
0.27487656 -0.05625574 -0.02040509
-0.02760012 -0.04290881 -0.23172364
-0.10605276 -0.02420636 0.03493988
-0.02752042 -0.04357461 -0.23660353
-0.09445016 -0.06819161 -0.00269593
-0.00419128 -0.03417199 -0.04187116
0.07978338 -0.03808364 -0.09100328
-0.00243693 -0.04220901 0.17771807
0.09352145 -0.01080828 0.01836962
-0.01802458 -0.04219086 -0.24338013
0.02799135 -0.04281485 0.22434926
-0.22351451 0.05328966 -0.00150965
-0.23242678 -0.04658447 0.00182003
0.30594385 -0.04337315 0.00340307
-0.01929884 -0.03842108 -0.26724377
-0.04860735 -0.02362168 -0.03144504
-0.21133636 0.00017903 0.01039446
-0.06095134 -0.07018583 -0.01488343
0.02367592 -0.03914490 0.19339626
-0.05394732 -0.07016268 0.01401849
0.17428188 -0.06774499 0.00288790
0.07513165 -0.05238201 0.06811908
0.23877779 -0.07525369 0.00679365
-0.26355246 -0.01724040 0.05324518
0.06693318 -0.04964731 0.06012762
0.22606920 -0.05526861 0.02448774
0.06848009 -0.06114791 -0.04838038
-0.09879325 -0.06006318 0.01206637
0.02092137 -0.04705434 0.15640490
0.05367347 -0.03686269 0.03823174
0.08349476 -0.06942905 0.00245087
0.02226195 -0.03244050 0.03235263
0.19186084 -0.03994015 -0.03350351
0.09595931 -0.07308683 0.01540090
0.07912209 -0.05871082 0.10264511
0.05157389 -0.03690383 0.16612619
0.07547462 -0.06314472 0.03603264
0.20642954 -0.02200612 0.02777079
0.15769307 -0.03178595 0.03600463
0.03320314 -0.04128106 -0.26043540
-0.00217882 -0.04193501 0.29367593
-0.13758859 -0.00669153 -0.00714217
0.19719848 -0.01082492 0.01415697
0.02129691 -0.03897514 -0.11958432
-0.00144423 -0.05390906 -0.02727063
-0.29322776 0.08381598 0.00035078
-0.18334593 -0.01535856 -0.02655237
0.00386834 -0.03759354 0.23203379
0.02613820 -0.03900066 0.14842419
-0.17484406 -0.02881956 0.03371106
-0.29990119 -0.01696761 -0.00271555
-0.15382650 -0.05972264 -0.01065993
0.02716750 -0.03918692 0.07598659
0.09114338 -0.04433971 0.07554723
0.25603279 -0.06738521 -0.00613005
0.01813351 -0.04846860 0.06074025
0.30224228 -0.02948561 0.00528110
-0.02113775 -0.05270429 0.06287429
0.06155648 0.00004738 -0.01338828
0.00038208 -0.05023424 -0.03816550
0.01584819 -0.05854493 -0.19665098
0.01365362 -0.05320686 -0.12839776
0.02048935 -0.04187056 0.16922083
-0.27509201 -0.01411977 -0.05258901
0.04700905 -0.03783785 0.22902684
0.14879811 -0.05459481 0.02503218
0.04061644 -0.03863441 -0.09134491
0.16007590 -0.00345214 -0.00304687
0.03567573 -0.01651026 0.02725651
0.06044667 -0.05515163 -0.13769118
-0.18235205 -0.04747704 -0.01225888
-0.11618549 -0.06446605 -0.01034815
-0.24762101 -0.01844911 -0.00390641
0.04466006 -0.03673235 0.08857913
0.01046651 -0.04733963 0.15337819
0.00692423 -0.03796059 0.27505884
0.08355085 -0.05994477 0.02324373
-0.04808647 -0.04166398 -0.03238055
-0.23084019 -0.01337655 -0.04525385
0.25277716 -0.07290886 -0.00099748
0.02039599 -0.03959144 0.22071148
0.03493055 -0.03536681 0.17733639
0.14043303 -0.04394435 -0.05401097
-0.08832870 -0.00366155 0.00144894
-0.08759580 -0.02075456 -0.02826587
0.07827833 -0.06843121 -0.12625591
0.12829119 -0.00244578 -0.01551231
0.12867038 -0.03554780 -0.04143407
-0.27208036 -0.01153833 -0.05236500
-0.21440707 -0.03963905 -0.01747078
0.05776101 -0.04890106 0.12435331
-0.16066270 -0.04848976 0.00627010
0.13438950 -0.01672060 0.02469542
0.24482724 -0.01073082 -0.01668422
0.01325633 -0.00327305 -0.00680334
0.20670086 -0.03395467 0.02660010
-0.25343034 0.00548746 -0.00632366
-0.28051674 -0.00321361 0.00201365
0.05090155 -0.04880619 -0.06742929
-0.00213269 -0.05197708 0.09891061
-0.20360212 -0.00268354 -0.00383100
-0.21019784 -0.02181670 -0.00598280
0.04677474 -0.04876060 -0.11102308
-0.24943599 -0.03564829 -0.01151629
0.28867128 -0.05853060 0.01054152
0.02226201 -0.04980808 0.25743705
0.03618433 -0.05814702 -0.02571124
0.28431842 -0.05899948 0.01447026
-0.00428072 -0.04874816 -0.07682349
0.11297563 -0.04747943 -0.02884182
0.01563708 -0.01983251 -0.03226250
-0.07960509 -0.05651167 0.02528617
-0.10855906 -0.02639605 -0.02966275
0.24116881 -0.01112392 0.02162888
0.09558933 -0.01778658 -0.02642505
0.01529251 -0.03836573 -0.06798454
-0.15399490 -0.04120660 -0.03090602
-0.23636499 -0.01766863 0.02001808
0.01003677 -0.03832922 -0.06923688
-0.12659594 -0.02178372 -0.01767781
0.04123982 -0.04065789 0.18393132
-0.07174530 -0.03976868 -0.03591662
0.03069288 -0.03679211 0.18772897
0.10311131 -0.02065669 -0.04046519
0.14396620 -0.03518219 -0.07525415
-0.29668269 0.03304847 0.00281114
0.20075864 -0.01462869 -0.02073594
0.08985245 -0.03771989 -0.04335336
0.20324662 -0.01479497 0.02412520
0.06302696 -0.04152827 -0.17589636
0.00443006 -0.03335584 -0.34699091
-0.23083204 -0.01808413 0.03394793
-0.03272292 -0.03365105 -0.37074018
0.04195406 -0.03734915 0.22768590
0.30018726 -0.05876677 -0.00401231
0.24821220 -0.02601889 -0.02411807
0.01835988 -0.04291501 0.08469612
0.10068407 -0.03135284 0.02689952
-0.00604454 -0.05289509 -0.05923408
0.14856794 -0.07129045 0.00886582
-0.14626873 -0.04249686 -0.02928137
-0.24075669 0.00302812 0.00661961
0.01005718 -0.03792273 -0.03428961
0.12507337 -0.00479689 0.01733591
-0.17987175 -0.01417986 -0.01344378
-0.00771142 -0.05990010 -0.01525970
0.08582633 -0.01504735 0.02971482
0.08845876 -0.02834120 -0.04649146
-0.28695500 -0.00874182 0.04118232
0.10597406 -0.03425869 0.11531891
0.05507050 -0.04700053 -0.08604160
0.00613013 -0.05328624 -0.06169491
0.06801533 -0.04784491 -0.08718380
-0.14822917 -0.04141875 0.02516149
-0.26136768 -0.00955306 -0.07626425
-0.15859430 -0.03821867 -0.02924231
0.08333819 -0.05917288 0.14303821
0.17892057 -0.06850565 0.00967371
0.09792338 -0.06413224 0.03035162
0.08329311 -0.05411210 0.02841011
-0.03237825 -0.02848581 0.35401547
0.04571388 -0.02711640 -0.03393555
0.15197334 -0.00575815 -0.01379070
0.07205774 -0.05323371 -0.02990800
-0.26114827 -0.01343703 0.03975626
-0.19310144 -0.03209505 0.02788737
0.01852708 -0.04533626 0.20952681
0.03402387 -0.03902467 0.08027299
0.01284927 -0.03530272 -0.12944107
-0.02029723 -0.03312713 0.34274012
0.03709610 -0.07102349 -0.01930749
0.03311415 -0.04275629 -0.20001076
-0.02906760 -0.00918549 -0.01512149
0.03613482 -0.04389390 0.08383571
0.03968275 -0.04740332 -0.11819102
-0.26501170 -0.02951464 0.01639591
-0.25361207 -0.02449843 0.03438986
-0.26166487 0.00220008 -0.01142293
0.01496651 -0.05092023 0.03190124
-0.07663695 -0.00035983 0.00220056
0.03512299 -0.06482050 0.18419616
-0.06757678 -0.06424627 -0.01848450
-0.21613793 -0.02362034 -0.05151355
0.08284893 -0.02148193 0.04155058
0.00050063 -0.04492946 -0.26824072
0.24578449 -0.08082136 -0.00309656
0.04365719 -0.05601175 -0.12593754
0.09695274 -0.03094887 0.05976673
0.03143494 -0.05763516 -0.11434605
0.24963182 -0.07105611 0.00593864
-0.24456921 0.02430116 -0.00216990
-0.01988038 -0.04245681 -0.21827976
0.02167553 -0.04619347 0.25529778
-0.02505498 -0.06125481 0.01575593
0.25283453 -0.01297371 -0.01034595
-0.02894570 -0.03658571 0.34773263
0.04469606 -0.04308818 -0.13160209
-0.01018114 -0.03899100 -0.29082024
0.01009744 -0.04207316 0.16298699
-0.02436714 -0.04326742 0.21845010
0.07741478 -0.03085572 0.04023907
0.19874844 -0.05062266 0.03075057
-0.01001314 -0.03673934 -0.11884661
-0.11110803 -0.03695865 -0.03746669
0.10612098 -0.03664143 0.02763674
0.06261709 -0.04903304 0.13271220
0.18841521 -0.01952769 -0.02950088
0.18930137 -0.06941735 0.01825194
-0.25782797 -0.03440405 -0.01184594
-0.28202540 0.03810543 0.00135432
-0.02730217 -0.02507292 -0.02748895
0.12603796 -0.05347413 0.03093770
0.08253729 -0.07230974 0.01158200
0.06371647 -0.02537742 -0.03525935
-0.20269175 -0.01061770 0.00834932
-0.13086392 -0.05804798 0.01283640
0.00978880 -0.04758829 -0.12621444
0.00341408 -0.05911198 0.03517422
0.02528509 -0.03879702 0.07431861
0.06069562 -0.05085600 -0.01454707
-0.02050638 -0.07253221 -0.01381090
-0.26987430 0.08654260 0.00067206
0.00185091 -0.03623599 0.14864169
0.01477827 -0.04631587 0.30050391
0.16799556 -0.00740484 -0.01140992
0.01514541 -0.03816253 0.23162997
0.13877673 -0.06605083 0.02091066
0.16470638 -0.06399961 0.00895383
-0.01184173 -0.07102073 0.01000286
0.02283875 -0.04942404 0.12316189
-0.19859634 -0.05091117 -0.01231266
-0.01303003 -0.03753529 0.12365626
0.10171217 -0.03920675 -0.03583090
0.28444725 -0.04519682 0.02034301
0.13432387 -0.01607412 0.02457962
0.03253986 -0.03934905 -0.09319795
0.30043635 -0.04229898 -0.01257397
0.28678775 -0.03306178 -0.01239187
0.15730752 -0.05932564 0.03337611
-0.21551445 0.01991116 -0.00133987
0.07430950 -0.07222954 -0.01002031
-0.03655907 -0.03558655 -0.32166705
0.07643444 -0.04752955 -0.11180308
0.00052143 -0.05073757 -0.13555105
-0.01169763 -0.03127380 -0.03522426
0.02677761 -0.04872828 0.25508413
0.09688991 -0.07248222 -0.03315845
-0.00107875 -0.04350295 0.22537711
-0.18620820 -0.04533133 0.01564529
0.01718132 -0.03592007 -0.12389404
0.01344542 -0.04572161 0.26619488
-0.01823983 -0.03701473 0.26514784
-0.02663616 -0.03994309 -0.30024996
0.07779375 -0.03681312 0.02875218
-0.00639440 -0.03312833 0.32323107
-0.21893056 0.04912454 -0.00237468
-0.01281303 -0.06333591 0.02236918
0.00147383 -0.04381634 0.17181484
0.09743976 -0.03151076 0.11942881
0.03563190 -0.05545371 -0.14825305
0.07111251 -0.03834031 0.10780955
0.05509658 -0.05669329 -0.11336716
-0.18924911 -0.04265635 -0.02007290
-0.00225666 -0.03528250 -0.17012270
0.10390861 -0.05310692 -0.12339314
0.00115885 -0.04204785 0.16288382
-0.03209785 -0.02787174 0.03007350
0.06918449 -0.05596405 -0.03576970
0.02138487 -0.04410150 -0.26102489
0.04275615 -0.04919270 -0.23355541
0.04446243 -0.03872150 -0.17779541
-0.14595102 -0.00371904 -0.00830392
-0.02988764 -0.00772657 0.01230485
-0.26404995 -0.03573359 -0.00860403
-0.26705667 0.03826804 0.00478467
0.01253357 -0.04026859 0.07806722
0.12926862 -0.05959357 -0.02057516
0.04748053 -0.04477119 0.06659579
0.06433060 -0.05215034 0.11174779
0.06239832 -0.03498603 -0.04651372
-0.00424948 -0.03997288 -0.26166207
0.14347003 -0.06262940 -0.02697042
0.03298738 -0.05881283 -0.11267915
-0.00161928 -0.04404716 0.14525175
0.02157213 -0.01565067 -0.03110420
0.30158287 -0.03800824 0.01200240
-0.19288832 -0.04445699 -0.01703272
0.02410347 -0.05114058 0.20849633
-0.27866447 0.07449163 0.00123879
-0.01362131 -0.04325798 -0.31736374
0.02642638 -0.05499789 -0.12133490
-0.26214281 -0.01426629 0.09893546
-0.24863590 -0.01993743 0.08209238
0.07171583 -0.00288340 -0.01935862
-0.00568539 -0.04123997 0.03675208
-0.26674956 0.07293614 0.00306688
-0.04977895 -0.06477404 -0.01919887
0.21363758 -0.05066888 -0.02327316
0.04765744 -0.01075988 0.02035446
0.04210382 -0.04261121 -0.23675367
-0.25574780 -0.00911761 0.00357292
0.03702010 -0.03599671 -0.03752696
0.10075550 -0.04932860 0.08367641
0.29850182 -0.03370658 -0.00673891
0.07827184 -0.03800481 -0.15508893
-0.07829721 -0.05779701 -0.01984519
0.10471395 -0.07265517 -0.02803247
-0.01015621 -0.03204370 -0.04356577
0.14455877 -0.04128929 0.03175933
-0.02948309 -0.04695930 0.03157500
0.20878968 -0.00201488 0.00671786
-0.04891255 -0.04146154 0.03575450
0.04439824 -0.06840860 0.00952716
-0.01823616 -0.04717136 -0.03659934
-0.08448385 -0.06001297 0.00889062
-0.02051643 -0.03986899 -0.12601204
0.04391237 -0.03901014 -0.15882090
-0.21199925 -0.04327525 0.01312208
0.00307293 -0.04775484 0.11874970
0.08695067 -0.04000366 0.08521965
0.02631362 -0.03851468 -0.31484345
-0.27424487 0.00471052 -0.00206048
0.11456934 -0.03008224 -0.08772388
0.01524803 -0.03951930 -0.11947092
-0.00939612 -0.04322581 -0.27447164
0.10417333 -0.04999899 0.08451921
0.10348523 -0.00402707 0.00400930
-0.02006143 -0.04476982 0.19715191
-0.18668620 -0.02214307 0.03108239
0.30491456 -0.04367777 0.00505860
-0.20167463 -0.02481601 0.03560061
0.00769678 -0.04743530 -0.08972470
-0.26899889 -0.00991617 0.01040974
-0.12833929 -0.00497250 -0.00489613
0.30200022 -0.05906234 -0.00143136
-0.29541487 -0.01222847 -0.01175023
-0.07482254 -0.00728775 0.01718196
-0.02299364 -0.04409159 0.20422913
-0.00796536 -0.05904382 -0.04854140
0.17692874 -0.06644246 0.01708024
0.00600067 -0.03738635 0.18745992
0.08092654 -0.04986781 0.04019051
0.27816936 -0.05606098 -0.02051017
-0.00684226 -0.02911071 -0.04975463
0.12948020 -0.04549921 0.03754111
-0.03639707 -0.00272303 0.00625355
0.17702110 -0.05462851 0.02067048
0.12216171 -0.06045858 -0.02275021
0.04583862 -0.01972011 0.03126942
0.10100905 -0.05769390 0.14644711
-0.01598109 -0.04404381 0.19034843
0.28966311 -0.05816362 0.01525439
0.02697548 -0.01728650 0.02578741
-0.04388868 -0.07029694 0.01304487
0.00811657 -0.04575462 0.24864055
0.00746094 -0.07018160 0.01761017
0.06909294 -0.03496718 -0.04851081
0.22850555 -0.01475203 0.01498646
0.06006876 -0.06302231 -0.18855795
-0.26349780 -0.01474456 -0.09095621
-0.29201913 -0.00292184 -0.09288318
0.11565440 -0.03478355 -0.04107790
0.03827165 -0.03993001 -0.08430973
0.15189111 -0.06939771 -0.02017228
-0.07146815 -0.04099175 -0.03327430
0.04393418 -0.04955167 0.07055435
-0.25441742 -0.02116571 -0.04398893
-0.27234483 -0.01362941 -0.08950837
0.04422832 -0.04265483 -0.10142697
0.04954363 -0.03314158 0.05987284
0.02571074 -0.04649066 -0.17762777
-0.28857517 -0.01657908 0.01240755
0.18292348 -0.00843506 -0.02212139
0.01071613 -0.03808187 0.11816923
-0.02307650 -0.04803648 -0.17675230
-0.21598010 -0.01030074 0.02013817
-0.02390335 -0.05395494 -0.06709430
-0.03792915 -0.04234754 0.10857533
0.10471365 -0.04325826 -0.05997604
0.05478877 -0.03646942 0.08569545
-0.21726398 -0.00651183 -0.00182677
0.01396347 -0.03404504 0.15587883
-0.00269986 -0.03509327 0.25608060
0.03535732 -0.04516795 -0.15230478
0.15262032 -0.05423504 0.02838168
0.26561809 -0.02400929 0.01674853
0.04129087 -0.04271765 -0.21704306
-0.00836471 -0.03757952 0.24780096
-0.01311123 -0.04663706 0.28032431
0.13462088 -0.05892887 0.02381860
-0.23259231 0.00870134 0.00089617
0.07261659 -0.04695986 0.07480834
0.03524604 -0.04047048 0.14346579
0.24818404 -0.05197278 0.02276292
0.00901345 -0.03876781 -0.33288255
-0.08821076 -0.02982210 0.03379797
-0.16603689 -0.00386509 -0.00443864
0.14557758 -0.02729217 0.03667404
0.02619414 -0.05054725 0.02960888
-0.24422848 -0.01202116 -0.07252096
-0.27387905 0.01342511 -0.00333696
0.21623518 -0.00316689 -0.00090218
0.02498627 -0.03770445 -0.17320469
-0.05900644 -0.03879277 -0.03717617
0.07399631 -0.01045914 0.01599741
-0.13647467 -0.02460545 -0.02909303
0.04258129 -0.04524587 0.15380193
0.04502827 -0.05100317 -0.06901324
0.02985134 -0.05417323 -0.18286481
0.00346420 -0.03325770 -0.29259053
0.20869324 -0.01858254 0.02600986
0.02190413 -0.00233772 -0.01415190
0.02545520 -0.05152496 0.02235067
0.26165110 -0.01173030 0.00640234
-0.25427711 0.03968436 0.00197660
0.09038875 -0.03562964 -0.08284112
0.07091606 -0.05645166 -0.02337311
0.00998331 -0.05354715 -0.06274472
0.18678430 -0.07293756 0.01090070
0.02409474 -0.04098589 0.10017669
0.01431442 -0.05390147 0.21422412
-0.25551021 -0.01712618 -0.03353802
0.05778487 -0.02491758 -0.03218571
0.06231889 -0.05598365 -0.03351144
0.02046178 -0.04413123 0.20354903
-0.03143787 -0.04036533 -0.24658129
0.01829487 -0.04811002 0.14753650
-0.02731266 -0.04039662 0.19841334
0.05679950 -0.07053638 -0.02920700
-0.02158756 -0.04380811 0.28194189
0.05315776 -0.03881077 -0.16858071
-0.24446397 -0.01832046 0.06495101
0.00109423 -0.04002441 -0.08190943
-0.09630701 -0.00036949 0.00222921
-0.12922922 -0.05973676 0.01849195
0.02337382 -0.04864644 0.26926568
-0.00593284 -0.03602117 -0.36027682
0.06543733 -0.05041703 0.15081972
-0.23362388 -0.03761301 -0.01537310
0.26837566 -0.02432885 0.02036499
-0.25256854 -0.01993746 -0.00001050
-0.10610705 -0.03920864 -0.03369261
0.01088237 -0.04616306 -0.10071791
-0.20234169 -0.00922552 0.00879281
-0.01140174 -0.01577777 0.02296263
0.13822326 -0.00812577 -0.02475251
-0.20305687 -0.02511814 0.03846234
-0.02421948 -0.03825093 0.08256267
-0.00825531 -0.04237561 0.16294518
0.02474823 -0.04922861 -0.24984649
0.02933328 -0.05203642 -0.18679857
-0.28542677 0.05125484 0.00753297
-0.00682275 -0.03725623 -0.34428203
0.03528575 -0.05782730 0.17190231
0.05737972 -0.06271065 -0.14952523
0.09530700 -0.03545137 -0.09625053
0.14828682 -0.04383577 0.05964262
-0.18135928 -0.00088261 0.01115046
-0.02622231 -0.04190556 -0.28909874
-0.27925858 0.00661705 -0.00417468
0.04420047 -0.03519364 0.11082879
-0.26592517 -0.01909124 0.07784589
0.10562029 -0.02907491 0.03877201
0.11035787 -0.05356884 -0.03522565
0.25578430 -0.04009308 0.03046576
0.06360285 -0.04964240 0.20918904
-0.25787053 -0.04077943 -0.00006477
-0.11339476 -0.01312977 -0.00332930
-0.05415242 -0.03556290 -0.34295860
0.01638466 -0.01734285 0.02635704
0.00551544 -0.03361142 -0.29477116
-0.00655006 -0.03550361 0.24316978
-0.16571964 -0.02195049 -0.01682756
0.31115729 -0.04254157 -0.00738043
0.00950673 -0.00419268 -0.00635380
0.02688164 -0.04545500 -0.07510023
0.02161060 -0.04848615 -0.18895614
0.03380109 -0.03906476 0.03748909
-0.02339311 -0.03890035 -0.19686846
0.13760732 -0.03742484 -0.04256079
-0.04404397 -0.03914158 -0.03268769
0.05316075 0.00193972 -0.00535095
0.12428783 -0.04424152 -0.07101216
-0.18410647 -0.01548112 -0.01634633
0.00163462 -0.03683908 -0.13322733
-0.01805730 -0.06974731 -0.00582545
0.05586651 -0.03557260 -0.13237278
-0.24442120 0.00606609 0.00556115
0.02818391 -0.04711472 0.25245523
-0.14277163 -0.05580522 -0.02463584
-0.22613822 0.04120256 -0.00061096
0.04687326 -0.04415782 0.12571967
-0.20899904 -0.01595932 -0.04416560
-0.24194226 -0.01832892 0.03013939
0.01799240 -0.05097050 -0.03654519
0.29146242 -0.06045482 -0.00108242
0.01452249 -0.06770615 -0.12156055
-0.03784655 -0.03817191 -0.26549810
-0.09347834 -0.03559639 -0.03599433
-0.27243650 0.08373626 0.00249858
0.08546769 -0.05602074 -0.02572459
0.13545737 -0.03130940 0.02727689
0.04173759 -0.04026644 0.18939103
0.26596129 -0.01591465 -0.00575737
0.00566397 -0.02194037 -0.02778915
0.05378036 -0.04426375 0.13273546
0.03894538 -0.03724653 -0.15599883
0.16547367 -0.06626396 -0.02084785
0.05415900 -0.06199215 0.06004836
-0.00806191 -0.05000995 -0.03924266
-0.00154366 -0.00382226 -0.00610056
-0.23626061 0.01717702 0.00323459
0.02789184 -0.03908050 -0.28337762
-0.22981550 -0.00986348 0.00910558
0.02845314 -0.03535526 0.06585377
0.23918650 -0.06109152 -0.01658266
-0.25204036 -0.01855525 0.03572198
0.02626768 -0.04967443 -0.12667938
-0.12608390 -0.06424058 -0.00506763
0.06958380 -0.07171001 0.00096875
0.00117226 -0.05437124 0.11052469
-0.00523719 -0.04814412 -0.15121943
-0.18709877 -0.00537722 -0.00676787
-0.00273254 -0.03669928 -0.21836208
0.02331351 -0.03482953 -0.12895782
-0.00302061 -0.04229554 0.22958185
0.04237030 -0.02198439 0.04710592
0.14825593 -0.00366915 -0.00339925
0.06260341 -0.02564383 -0.03349315
0.01909808 -0.03515065 0.09441181
-0.00599651 -0.01258853 0.01313775
0.29238492 -0.05838983 0.01245971
-0.22726502 -0.04158642 0.01583410
-0.01228556 -0.04363817 -0.14276643
-0.18532516 -0.01019129 0.01733391
0.06041160 -0.07060140 -0.01216921
-0.07076246 -0.05699218 -0.03043795
-0.25685474 -0.00986754 0.01692943
0.18294053 -0.01962935 0.02830176
0.24410951 -0.07410251 0.00624452
-0.26749736 0.03740299 0.00697285
-0.01920379 -0.05419736 0.11461428
0.01725275 -0.03892737 0.07721313
0.03224189 -0.05435559 -0.15544932
-0.01956649 -0.04104261 0.21141340
-0.10148743 -0.06506547 -0.01127330
0.00345192 -0.03752236 0.22572877
-0.02977055 -0.03808486 -0.28583473
-0.09621599 -0.02909131 0.03372831
0.09708156 -0.04984823 -0.12487230
0.00273974 -0.04393558 -0.18677083
0.06791928 -0.03702619 -0.16136722
-0.10448474 -0.02865050 0.03381076
-0.00627728 -0.03882867 0.30601165
-0.05031063 -0.00068740 0.00302996
0.06162437 -0.03384712 -0.03345923
-0.03189173 -0.01374619 -0.00873304
0.02928159 -0.05745766 -0.12386888
-0.25319570 -0.01373708 0.09996690
0.01136034 -0.05465570 -0.21538566
0.14203115 -0.04420168 -0.02658014
0.07847651 -0.01596188 0.02750175
0.03966398 -0.05360913 -0.27800563
-0.00062090 -0.04366438 -0.15463671
-0.00602268 -0.04647626 -0.02655815
-0.17508624 -0.04277343 -0.02212212
-0.01921064 -0.04040974 -0.18222362
0.03650995 -0.04968870 0.18812205
-0.12074429 -0.06298874 0.00106259
0.04192885 -0.03785088 0.18921566
0.02843554 -0.05604716 0.17409520
-0.25208706 -0.01743251 -0.06678648
0.11773562 -0.03633920 -0.09708486
-0.23875862 -0.01816888 0.03446528
0.08379692 -0.02572589 -0.03731297
-0.03707048 -0.01715273 0.02796454
0.10539788 -0.03663694 -0.04403352
0.08682547 -0.04683473 0.08651397
-0.01578908 -0.07047845 0.02570151
0.07412289 -0.03910643 -0.15587109
-0.26350304 -0.03073370 -0.01075928
0.00832859 -0.03039575 -0.03491490
0.05343173 -0.03627214 -0.09012870
-0.01369075 -0.04020895 0.31076241
-0.27787238 -0.01248715 0.07831842
0.08505136 -0.01126563 0.01613900
-0.01183478 -0.04092034 0.25345269
0.03824451 -0.06473317 0.03543006
-0.32185432 -0.00331653 0.00032787
0.03067118 -0.04394541 0.28254253
-0.10027368 -0.06085689 0.01499618
-0.02868257 -0.04032051 0.31957763
0.05393522 -0.06145149 -0.05852524
0.03326391 -0.04029391 -0.16255374
0.02237515 -0.04281826 -0.21865724
-0.20781313 0.02246822 -0.00421773
0.08747903 -0.07256137 -0.08825346
-0.04031023 -0.04095926 0.03742754
0.04041032 -0.03332329 0.06513057
-0.28012103 0.03179065 -0.00448445
0.06765830 -0.04946246 -0.11197175
0.05915409 -0.03935768 0.04345159
-0.00121452 -0.04710538 0.11767230
0.01163684 -0.04841463 -0.16689588
-0.28860638 -0.01908246 0.01829531
0.28117687 -0.04576425 0.02494095
-0.02850137 -0.03171968 0.36246029
0.13878876 -0.02410407 0.03003906
0.01972474 -0.04967382 0.18867177
-0.26780918 -0.01146439 0.07070912
0.06286488 -0.06434743 -0.03945904
0.15585846 -0.05193482 0.03114283
-0.25324655 0.03864623 0.00649282
0.03140087 -0.05683716 -0.10940932
-0.27772623 -0.00047042 0.06932396
0.11714383 -0.00055207 -0.00940828
0.28706303 -0.04441193 0.02516451
0.15594342 -0.00383021 -0.00806423
0.01037223 -0.02807495 0.03020601
-0.00930270 -0.05045074 0.16525459
-0.01681628 -0.04152159 0.20436254
-0.23941484 -0.01371469 -0.04420002
-0.05506022 -0.03740532 0.03316125
-0.27222061 -0.01354028 0.09135452
0.06513213 -0.05526559 -0.16909347
0.04191273 -0.05125885 -0.20589033
0.02669677 -0.04299250 -0.19913702
0.12249499 -0.05360106 -0.13001357
0.02874657 -0.02439529 0.03065529
0.12424603 -0.00299760 -0.00636660
0.07082697 -0.04192894 0.14078553
-0.22868532 -0.04771234 0.00421343
0.08791137 -0.05848104 -0.02430156
0.07144025 -0.00894632 -0.02153520
0.15733896 -0.00702860 -0.01286497
0.00756096 -0.06177763 -0.01676389
-0.03461327 -0.03754045 0.26081455
0.13686773 -0.00209390 -0.01026224
-0.02068243 -0.05972325 -0.04750033
0.01298920 -0.03821608 0.23907244
0.25560272 -0.06444969 -0.00100582
0.00254609 -0.03882305 0.22353983
0.07352400 -0.00865953 -0.02476616
0.11549370 -0.03089394 0.02604946
0.01566053 -0.03436734 0.05149278
-0.01008579 -0.04170283 0.30113822
-0.22071554 -0.02173162 -0.02847453
0.10645409 -0.06386051 0.03481447
0.08557229 -0.05666632 -0.02007496
0.06239332 -0.06797784 0.03070667
-0.01933049 -0.04354384 0.22186399
-0.05564637 -0.06632584 0.00276185
-0.15763938 -0.00656023 0.00189516
-0.01123026 -0.00387242 -0.00676289
-0.12629534 -0.06096474 0.01491010
0.11964881 -0.00420173 0.01670439
0.24215080 -0.01738572 0.01991554
0.02639233 -0.04324856 -0.20497072
0.00114272 -0.04382740 -0.16946624
-0.08742109 -0.04522716 -0.03197638
0.11941030 -0.05810498 0.02235059
0.04039725 -0.08483998 0.04648240
0.19873622 -0.00602461 0.00927837
-0.09040935 -0.04868079 0.02971569
-0.14008155 -0.01325232 0.00860934
0.23158412 -0.00647553 0.00476245
-0.05772601 -0.02260056 0.02718156
-0.01627905 -0.07258568 0.00283979
-0.24375322 0.00130770 -0.00365459
-0.08310403 -0.00586894 0.01153960
0.05134126 -0.04026916 0.11968883
-0.00639710 -0.06813141 0.00630679
-0.21788026 -0.03205089 0.02462264
0.28944016 -0.06053182 -0.00175302
0.28429124 -0.05954552 0.00512088
0.00407018 -0.05323015 -0.06668797
-0.26631132 0.00392470 -0.01106345
-0.08947740 -0.07167360 0.00719843
-0.01824273 -0.06023926 -0.02687051
0.03441107 -0.04514398 0.15131962
-0.12706676 -0.01325110 0.01953584
-0.25642791 0.02187021 -0.00185584
-0.30440563 0.06378247 -0.00032327
-0.20397536 -0.05013942 0.00147081
-0.00016809 -0.04815171 0.21600917
0.12194227 -0.03943273 0.03229564
0.08011995 -0.01011327 0.02939731
-0.05071752 -0.00398068 0.00671333
0.26060262 -0.06092383 0.01410661
0.27003196 -0.06120165 0.01700954
-0.04301335 -0.00031819 0.00075814
-0.22468300 -0.02365944 0.03496300
0.01179402 -0.04344946 -0.05247483
0.04071116 -0.03929194 -0.14050838
0.05153837 -0.06726807 0.13114801
0.06145557 -0.03286269 0.12605217
-0.02660598 -0.04210665 0.21473022
0.24402414 -0.06248144 0.00404206
0.25430354 -0.06036135 -0.01618180
-0.11597105 -0.04032074 -0.02782852
-0.03680088 -0.04258272 -0.19717349
-0.02043887 -0.04037192 0.25426903
0.11981226 -0.06395378 0.02137547
0.09935355 -0.04921308 0.08244535
-0.28195444 -0.01443523 -0.02003723
-0.25844297 0.01604129 -0.00080356
0.01508369 -0.03736030 -0.28175783
-0.28539467 -0.01658009 -0.00276532
-0.01248748 -0.05982752 -0.04607815
-0.00903104 -0.05076288 -0.17876983
-0.08431329 -0.01014347 -0.01910860
0.07393423 -0.05806397 -0.11170177
-0.12426838 -0.00281677 -0.00024145
-0.04044785 -0.01837872 -0.03197862
-0.25549743 -0.00904768 0.01111463
0.04592860 -0.06009721 0.13753939
0.02380862 -0.04142922 0.08853437
-0.23247582 -0.02601122 0.03358926
0.20317537 -0.06358424 0.01760262
0.00016829 -0.03836925 0.30570737
0.09575679 -0.06052828 0.09450231
-0.27760985 0.00831127 0.00657024
-0.03095105 -0.04093158 -0.29449871
0.05633991 -0.05854774 -0.07093574
-0.26073369 -0.02530477 0.05064501
0.08884196 -0.03443548 0.03201761
0.26278472 -0.06231593 0.00984339
0.02329908 -0.03799518 0.18890736
0.00922552 -0.04614944 -0.17251682
0.02662210 -0.05195518 0.04553577
0.04779048 -0.04205823 0.09484163
-0.18482174 -0.05446561 0.00973503
0.09886570 -0.03744116 0.02999664
-0.07633858 -0.02361928 0.03299702
0.06767422 -0.06216376 0.02525946
0.00682267 -0.06929861 -0.00164480
0.08829258 -0.03364818 0.10521039
0.03169181 -0.00980946 -0.02314121
0.03953358 -0.05438850 -0.03013372
0.03443297 -0.04839413 -0.12283041
-0.00426628 -0.03303456 0.35025337
0.05513841 -0.05346531 -0.27462369
0.13905750 -0.06985471 -0.00760727
-0.22786660 0.03640990 -0.00422256
0.02206934 -0.04464108 -0.03571612
-0.00985655 -0.03834356 -0.31271192
-0.28429720 0.04170566 0.00063490
-0.21271023 0.01404527 0.00569733
0.07657192 -0.04635597 0.08128641
0.06789371 -0.00702971 0.02606674
0.08323763 -0.04535456 0.15778640
0.01381328 -0.04823523 0.18552990
-0.23492876 -0.01846330 0.03546393
0.01787184 -0.04627762 0.14008284
0.11030951 -0.02464168 -0.02399267
-0.02979755 -0.03795044 0.07898948
0.05604797 -0.05100900 0.11529871
-0.22355513 0.03487390 -0.00454348
-0.27856591 -0.00829306 -0.10790401
0.07784499 -0.03494073 -0.03350520
0.02064642 -0.04441944 0.30495265
0.05316969 -0.00148907 -0.01339897
-0.03534598 -0.06331272 0.00012882
0.04914955 -0.04956179 0.28154141
0.09563196 -0.03595485 -0.11706698
0.05247382 -0.03864687 -0.20173880
0.11802466 -0.03673790 0.05581569
0.00409677 -0.03942006 0.19763441
0.03549369 -0.04747452 -0.18578795
-0.04977456 -0.05540947 -0.02555758
0.02427100 -0.04419344 0.21365421
-0.12828223 -0.00912217 -0.01594570
-0.27884176 -0.01597922 0.05191703
-0.01172715 -0.04425827 0.20939285
0.15507829 -0.05593766 0.01776836
0.26897052 -0.06190465 0.01045570
-0.02591335 -0.04386286 0.20921771
0.06307393 -0.04277565 -0.17256726
-0.12429405 -0.01113014 0.01807099
0.27682805 -0.06042162 0.01905960
0.26140547 -0.01825923 0.00553863
-0.09154285 -0.06832924 0.00202235
-0.03137191 -0.05284310 -0.03123126
0.04185863 -0.03860043 -0.13202210
-0.03020433 -0.03993734 0.30414647
-0.01021534 -0.04189369 0.20607813
-0.30189273 0.02228574 0.00300721
-0.25789833 0.04203163 0.00027919
-0.24855964 0.06110960 0.00025412
0.22130111 -0.04242501 0.03354153
0.00025767 -0.04099122 0.25480244
0.06872568 -0.03512856 0.03473582
0.06748506 -0.05635530 0.09897863
0.26783821 -0.06533421 -0.00763912
0.22705944 -0.02224659 -0.02171682
0.05693223 -0.04547938 0.19540776
0.00990934 -0.04596827 -0.20878862
-0.01898502 -0.03342035 0.33954093
0.02485284 -0.03696105 0.23870061
-0.26407519 -0.01863467 -0.00492543
0.00724333 -0.04762932 -0.24310553
0.06353417 -0.04052387 -0.08276562
0.01788030 -0.05339210 0.21711220
-0.26075441 -0.01593789 -0.06746922
0.13701630 -0.05445017 0.02678047
0.01700836 -0.07275724 -0.05790835
0.15781303 -0.02704205 0.03536306
0.11512011 -0.04066290 -0.08639548
0.07772652 -0.04156781 -0.10150838
-0.02599087 -0.04066250 0.33144575
0.06654887 -0.00917416 0.01848950
0.25955465 -0.05077752 0.02317885
-0.22519651 0.01648709 0.00338222
0.04530809 -0.04808229 0.08715694
-0.22632851 0.00340571 0.00274335
-0.20036750 -0.03854806 0.01431728
0.11985753 -0.04232356 0.08204636
-0.07628699 -0.06306708 -0.02141154
0.05257180 -0.06239140 -0.03278435
0.06505853 -0.04025825 -0.11519494
-0.26322982 0.04064878 0.00234144
-0.13410863 -0.05579049 -0.02527436
0.09788246 -0.02140163 -0.03824444
0.04081455 -0.03713108 0.16240412
-0.30157751 -0.01796229 0.00306671
-0.00542518 -0.04700844 -0.15608893
0.04409592 -0.04459155 -0.11259437
0.06607161 -0.01667201 0.03195891
0.04364341 -0.03800076 0.10307483
0.22810644 -0.07701502 0.00623728
0.06729861 -0.04288957 -0.17912450
0.02444799 -0.03279893 -0.35416299
0.04263715 -0.02450772 -0.05332010
-0.20740676 -0.00722522 0.00677606
0.07153762 -0.03213336 0.08009102
-0.19405046 -0.01034002 -0.01727974
0.10173870 -0.01733715 0.02570878
0.02177642 -0.03279380 -0.34592962
-0.09191699 -0.03065358 0.03362102
-0.00747569 -0.03042501 0.35903236
0.01881149 -0.04307492 0.05723554
0.02814683 -0.07463202 -0.00936586
-0.01889166 -0.04062678 0.23115925
0.05527464 -0.04112830 0.09917606
0.03966257 -0.03922023 0.24452479
-0.05697948 -0.03753280 0.03687315
0.03585108 -0.03746781 0.09280930
0.17623797 -0.03154925 0.03900108
0.06228372 -0.04141252 0.08172581
0.02314140 -0.05186136 -0.07204279
0.17313831 -0.06925337 -0.01501286
0.01389913 -0.03634309 0.17176709
-0.24315023 0.03902062 0.00390268
-0.13645126 -0.01399290 0.01848486
0.03135167 -0.04329966 0.10560904
0.06697675 -0.04100124 -0.10052726
-0.02527952 -0.06528245 -0.01979527
0.05393097 -0.06005903 0.06224783
0.01690329 -0.04415275 -0.15485783
-0.13048390 -0.00409428 0.00052033
0.04434920 -0.04841560 -0.03644018
-0.10607672 -0.06856526 -0.01223509
-0.00031573 -0.03622726 -0.11341712
0.14038704 -0.03621513 -0.07413395
-0.26390222 -0.01356494 0.05099873
0.04289882 -0.05613877 -0.16432592
-0.26320529 0.00498742 0.00722852
-0.24328706 0.03500390 0.00491292
0.02623009 -0.04486004 -0.25238574
0.00788729 -0.00458179 -0.00606374
0.06175570 -0.03765183 0.03060541
-0.24204090 0.05477531 0.00181444
-0.20232487 -0.02077951 -0.03408645
0.00242674 -0.04077787 0.16810113
-0.24894531 -0.01919726 -0.01448427
0.07094114 -0.05000674 -0.11107489
-0.27685985 0.07261785 0.00530533
0.06904111 -0.06123389 0.13752477
-0.26811635 -0.01588888 -0.06698392
-0.27354750 -0.01752353 0.00276854
0.06390314 -0.05019676 -0.20357858
0.05223290 -0.04189226 -0.22242704
-0.10561016 -0.01908147 -0.02984987
-0.07647295 -0.00658682 0.01295124
-0.00956342 -0.04668530 -0.16024339
-0.00959159 -0.03543607 -0.29731533
0.24473250 -0.00476049 0.00771279
0.09999274 -0.04714783 -0.02982042
0.08580955 -0.03762957 -0.05125018
0.06292289 -0.03585679 -0.11503133
-0.25322476 0.00497304 -0.00357764
-0.03561559 -0.04127474 0.31565723
0.02839658 -0.04222302 -0.17489655
-0.03950714 -0.03799266 0.29185766
-0.27043116 -0.01172522 0.07883749
-0.02728891 -0.04323086 0.21766850
-0.28125399 0.00117555 -0.06192664
-0.14693484 -0.02156936 0.02302904
-0.17241627 -0.04658711 -0.02148748
0.27078605 -0.04526851 0.03082972
0.05005991 -0.00691122 -0.02120519
0.27977300 -0.03860816 -0.02114529
0.10576038 -0.01319399 -0.02354642
-0.19555305 -0.02606782 0.02564501
0.06678557 -0.04082799 -0.02413807
-0.01458822 -0.05284156 0.09908919
0.12935844 -0.04383824 -0.05466558
-0.00107817 -0.05261858 0.04754063
-0.21544629 0.01006238 -0.00585631
0.03145235 -0.06539111 -0.13260821
-0.21165431 -0.01291854 0.00897455
0.09117677 -0.03795850 -0.08496353
0.04685636 -0.05043677 0.03399045
0.00089593 -0.00946075 -0.01344494
0.01600840 -0.03711322 0.28485599
0.09168129 -0.03129845 0.06126979
0.24228127 -0.07992811 -0.00214484
-0.00078447 -0.04499070 0.24502257
0.05373999 -0.03760884 0.17898327
0.13234210 -0.03156001 0.03461595
-0.24480106 -0.03633637 -0.01357743
0.02657501 -0.04189543 0.14420177
-0.03143494 -0.04324514 -0.30266088
0.05429255 -0.07705782 -0.08488034
-0.16127604 -0.04130980 0.02722427
0.01228779 -0.04507204 0.06153739
-0.25814536 -0.04353430 -0.00228957
0.28178918 -0.06375229 -0.00474960
0.03325446 -0.04841915 0.23108764
-0.26624367 -0.01336664 -0.04459185
0.01766205 -0.04944839 -0.06622080
-0.01300275 -0.04267603 0.29248992
0.10359827 -0.00487232 -0.03021275
-0.26518679 0.07637679 0.00324383
0.06364067 -0.00591791 -0.02399386
0.00892285 -0.05336905 0.05946127
0.12571606 -0.07341415 -0.02467401
-0.00222059 -0.01779929 -0.02926013
-0.15997037 -0.06221324 -0.00294100
0.12005194 -0.03731870 -0.08498584
0.10610683 -0.05685801 -0.03253784
-0.24751805 0.00417836 -0.00480279
-0.16692877 -0.01159556 0.01723618
-0.05496238 -0.03692156 -0.33336753
-0.08508256 -0.06364115 -0.01628324
0.02988673 -0.04417121 0.20212069
0.07539687 -0.05027635 -0.01211678
0.16420622 -0.06811377 0.00843411
