-0.20948274 -0.04937387 0.14433943
0.02972138 -0.06383505 -0.05829285
-0.27629390 -0.00429411 -0.05649866
-0.29335719 -0.03232044 -0.28420311
-0.29056293 -0.04511316 0.19134550
-0.09104140 -0.08283520 -0.05970181
-0.00812143 -0.03544318 0.17218423
-0.07818915 -0.01909928 0.09865728
0.18228175 -0.05457793 -0.08695635
0.21616159 -0.02954160 0.07874942
-0.01786701 -0.01168784 -0.11949211
-0.06276906 -0.05742844 0.22983524
-0.22984026 -0.03114751 -0.23312412
-0.27004591 -0.05447347 -0.11646119
-0.22123994 -0.00104055 -0.01180710
-0.23361555 -0.05736077 0.05457045
-0.21640608 0.03002204 0.09200221
0.00036098 -0.05661577 0.05013652
-0.26305369 -0.01492584 -0.19497287
-0.04122362 0.00094680 0.17032841
-0.04622135 -0.04732867 0.17293724
0.13927031 -0.05309245 0.01388680
0.11501335 -0.02704806 0.10161707
-0.24273241 -0.06987006 -0.19476722
-0.30344951 0.00667338 0.12096260
-0.02097796 -0.00898631 -0.18777132
0.01267200 0.01606430 -0.03997731
-0.21138689 0.02243641 0.08760819
-0.29316303 -0.05491697 0.12926410
0.08050934 0.00042280 -0.09330286
-0.20828269 -0.01250943 -0.10517836
0.23686749 -0.03367293 0.05688851
-0.03472063 -0.01165763 0.12139869
-0.22057912 -0.05310296 0.04054517
0.13627706 -0.07943871 0.07064053
0.01919992 -0.05567352 -0.11009138
-0.29850203 -0.05719754 0.19214982
-0.26442844 -0.01855661 0.19124252
0.08353010 -0.05981921 0.06636067
0.03439357 0.04703919 -0.04855552
0.08015485 -0.01045872 -0.08988331
0.09010032 0.00063053 -0.04591841
-0.06417225 -0.03956852 -0.07693715
0.08072084 -0.04903865 -0.14071839
-0.24377617 -0.06576653 0.10748880
-0.18458638 0.01927901 -0.11054489
-0.05368040 0.00597666 -0.11250208
0.28807083 -0.06536005 -0.00049280
-0.14018598 0.00480440 0.14096382
-0.08726524 -0.05115562 0.24050112
-0.15831274 -0.07710551 0.02087919
-0.20167719 -0.05661213 -0.15789892
-0.10038857 -0.05975498 -0.20559734
-0.20457143 -0.05148774 -0.07160310
0.14266172 -0.04097813 -0.07765741
-0.28073201 -0.01384125 -0.07611597
-0.00826653 0.03987435 0.00031094
-0.10686389 0.03677765 0.06652000
-0.28399670 -0.05444327 0.17914809
-0.31141227 -0.02660989 -0.09252766
0.00478677 -0.04157905 0.18511127
0.25735590 -0.05307949 0.09788626
0.07369452 0.00814753 -0.02185133
0.01857766 -0.06839803 0.16531458
-0.09669951 0.00948163 0.04604526
-0.10127527 -0.08228944 -0.03296361
-0.29379818 -0.07382035 -0.06069736
-0.01234342 -0.00731904 0.09572832
-0.20437254 -0.07383896 -0.06220424
0.21773076 -0.04646161 -0.08332797
0.19741035 -0.04832898 -0.07861175
0.21657902 -0.07771876 0.06066636
0.01130645 0.00787333 0.03703810
-0.20518906 -0.02666896 -0.09479316
-0.00667702 -0.01882960 -0.06134619
0.23166938 -0.06849308 0.07161535
0.19628420 -0.02325190 0.06309867
0.09375236 -0.06474940 -0.07978432
-0.26281989 -0.04966020 -0.16479410
-0.28699353 -0.00475198 0.26466286
-0.30784172 -0.05097837 0.16836236
-0.19924961 0.00083446 0.17979458
-0.19892429 -0.01719903 -0.09265177
-0.17338192 -0.06064082 -0.12895945
0.07423377 -0.06439120 -0.10426469
-0.17315105 0.00661005 -0.11078812
-0.21183017 -0.03605512 -0.11410570
-0.19096947 -0.06768667 -0.06713919
-0.11155717 -0.00541516 -0.18141048
0.21072555 -0.04939031 0.05815633
-0.18528575 -0.02990881 -0.11950630
-0.04537661 -0.06112420 -0.07397199
0.09219934 -0.01506467 0.00841403
0.26077208 -0.08024851 -0.02181488
0.14373623 -0.06995010 -0.07975504
-0.15989877 0.01334769 -0.05938048
-0.08806172 -0.01622380 -0.15346567
-0.05420487 -0.02135961 -0.03937903
0.20532006 -0.04175334 -0.06512966
-0.01973835 0.01163319 0.15351015
-0.26146448 -0.03760058 -0.22396933
-0.19482188 0.04617967 0.05662734
0.01556003 -0.02239055 0.01598107
-0.24905623 0.00638338 -0.18954757
-0.07772998 -0.02819949 0.13134459
0.02588852 -0.06782562 -0.10593005
-0.17371762 -0.02804336 -0.29928362
-0.01318935 0.01421939 -0.03733242
-0.04541652 0.01786713 0.00711848
0.27594918 -0.04167439 -0.05099560
-0.31095859 -0.05191486 -0.10830384
-0.11328189 -0.02159210 0.13894612
-0.23132169 0.04791695 0.02106724
-0.13662982 0.01768698 0.03796528
-0.19458182 -0.05980934 0.18010451
0.16817273 -0.04544586 -0.10708916
-0.24751946 0.02934463 0.05309519
0.00738446 -0.06739844 0.12272172
-0.13967466 -0.07457440 -0.01316571
0.01759358 -0.04391086 -0.13583922
-0.02154487 -0.05575795 0.07491183
-0.11299919 -0.06053178 -0.17551439
-0.16334562 -0.01602859 0.15055510
0.01295794 -0.03899362 0.14917019
-0.23281468 -0.01307851 -0.08790904
0.31103987 -0.05936428 0.02015910
0.16665420 -0.02250894 -0.06793903
-0.18099758 -0.04273150 0.02006269
-0.28978097 -0.07051341 -0.05282681
-0.19437073 -0.06673238 0.16092426
0.00518503 -0.03603943 -0.13492949
0.00481595 0.00237859 -0.04643082
-0.29494640 -0.05168153 0.29094136
0.06069154 -0.04829203 0.15643224
-0.19085070 -0.04493838 -0.00029419
-0.09549946 -0.07488307 0.02450799
-0.08885950 -0.03106058 -0.20875069
0.16146894 -0.07826599 -0.08981922
-0.23186123 0.00867462 0.12870170
-0.27802223 -0.05528679 0.12119331
-0.06640020 -0.07741049 0.04307379
0.24641293 -0.03793387 0.03969286
-0.19857548 -0.06723949 0.17482333
-0.23300986 -0.06072724 -0.11886147
-0.21994953 -0.03106344 -0.12376633
-0.23726732 0.04842331 -0.09638485
-0.00045142 -0.07419896 0.00056140
-0.04767886 -0.04703769 0.20677558
-0.27135774 0.01007823 -0.04110347
0.19784048 -0.03678238 0.02245724
0.11589165 -0.06428748 0.14684457
-0.04088372 -0.06043363 0.05239211
-0.16556084 -0.07439199 -0.09490581
-0.02549641 -0.06988250 -0.07528073
-0.05438227 -0.02763114 0.18757275
0.11483864 -0.05000593 0.15292819
-0.24623385 -0.04949829 0.29889920
-0.24861605 0.00238859 0.05213657
-0.09930582 -0.01768913 -0.10423598
0.23376119 -0.07056542 0.08238348
-0.02312836 -0.01138544 0.10576783
-0.25502694 0.03848246 -0.01413428
-0.24581084 -0.03820381 -0.17903405
-0.00651312 -0.01913714 -0.08537903
-0.25452131 -0.05332127 -0.09744742
0.23468731 -0.06641293 -0.06686954
0.09207555 -0.06413545 -0.09416842
-0.26983631 0.00748824 -0.08099294
-0.19768786 0.01160081 -0.10567831
0.05561196 -0.01313084 0.12228326
-0.14900705 -0.07788403 0.07796860
-0.25720400 -0.01789969 -0.03880071
-0.29136181 -0.05212396 0.08832537
-0.20793708 -0.02753506 -0.04670230
-0.19281350 -0.05907460 0.12670009
-0.07403311 -0.06436598 -0.02283715
-0.18009169 -0.05956857 0.21478215
-0.22526066 -0.06898132 0.14316544
-0.21997696 -0.06594453 0.12826152
0.19186640 -0.04607635 0.14799176
-0.13007927 -0.00649677 -0.14075956
-0.27269992 0.00659054 0.01313384
0.04802786 -0.02656700 0.10328555
0.23105362 -0.06286783 -0.05597732
-0.28100604 -0.00011864 -0.00350729
-0.28883344 -0.04060681 -0.26985550
0.03869677 0.01785798 0.07978260
-0.27276036 -0.03192424 0.08074059
-0.18007207 -0.01748157 -0.17205851
-0.24897788 -0.03416156 0.03606601
-0.12366667 -0.05702009 -0.17715985
-0.27387163 -0.00952391 0.12038524
0.25157464 -0.04232585 -0.04625804
-0.14154002 -0.06035009 0.15442607
-0.11898234 -0.07073501 0.16497086
-0.11217709 -0.07649998 0.06678505
-0.19507164 0.02406316 -0.08627436
-0.12419626 0.03870795 -0.02808488
-0.23328578 -0.01486336 -0.12680264
0.06520225 -0.04982058 -0.12176128
-0.28932527 0.00411104 -0.10535577
0.18201035 -0.02058996 -0.01891225
0.21383777 -0.04168058 0.09326208
-0.21711411 0.01845760 0.02037635
-0.18540145 0.05432708 -0.00589726
0.00627138 -0.05588633 0.19188675
-0.00966365 -0.00629561 -0.10457657
0.10337482 -0.06302365 -0.08906770
-0.22982308 -0.01365932 0.20440063
-0.00021937 -0.04709187 0.15446216
-0.05745996 0.02052561 0.05152556
-0.18577822 -0.05433749 0.06591607
0.13887241 -0.03339814 -0.13338883
-0.12025610 -0.06419563 0.03689956
-0.24073213 -0.01663550 -0.07283917
-0.13151936 -0.05919420 -0.20950517
-0.28813425 -0.05183224 0.04893620
-0.14632820 -0.00375299 -0.09818280
-0.16664352 0.02084487 -0.08427199
0.01887788 -0.00366059 -0.05744467
-0.03100624 0.02391919 -0.04568429
0.02899370 0.01110032 0.07154605
-0.19302462 -0.05373152 -0.08821937
0.05858617 -0.04124808 0.13168685
0.04760083 -0.07670762 -0.04210974
0.06063467 0.01248033 0.02597062
0.10564484 -0.07276272 0.11609845
-0.07282903 -0.07825925 -0.05549213
-0.26765886 -0.00019483 -0.08388408
0.18097518 -0.07422861 0.07788334
-0.06618371 0.03061166 0.05177544
-0.25639686 -0.06657057 -0.11149009
-0.10378471 -0.01632039 0.14073558
-0.16222259 -0.03484391 0.25708199
-0.22645381 -0.03697294 0.22765142
-0.14749506 0.02730489 -0.05537640
0.04266621 -0.05183226 0.02106755
-0.03883123 0.01335532 -0.08885807
-0.19257079 -0.01823356 -0.16351476
-0.06802431 -0.01012571 -0.09948167
0.00035892 0.02688394 0.01083914
-0.16188616 -0.05593724 -0.12858999
-0.02815138 -0.01763285 -0.01324795
-0.17295890 -0.01421192 -0.22945291
-0.12618858 -0.05401920 -0.10162673
0.00741426 -0.05661847 -0.11545493
-0.21035630 -0.05840311 0.03589071
-0.21717268 -0.01176356 -0.18703757
0.19637685 -0.04240266 -0.08499959
0.09350152 -0.04574481 -0.05366369
-0.27261502 -0.01055463 0.09473225
0.05771877 -0.00296292 -0.08071196
-0.24149871 -0.03143672 0.14808209
0.20206593 -0.03782962 0.12230701
-0.11152085 -0.06118127 0.22976658
-0.28498209 0.00674806 -0.06678941
-0.24179059 0.00652763 0.15011653
-0.18266979 -0.01552584 -0.11920142
-0.20572333 -0.04542705 -0.23642859
0.22343892 -0.03004632 0.06644188
0.02043708 -0.01636202 -0.04821229
0.01765379 -0.00385374 -0.15154187
0.10239194 -0.03538907 0.11883067
-0.02230772 -0.02657125 0.05624629
-0.19744432 0.05663582 -0.06947654
0.02549157 -0.07101392 -0.14092115
-0.12727790 -0.01641863 -0.22381847
-0.27070817 0.01034824 -0.06634003
-0.03838244 -0.06867356 0.10382119
0.04193053 -0.02882040 0.05971519
0.06496850 -0.06587505 -0.12774585
0.17699312 -0.03913081 -0.12004056
-0.17793284 -0.06908716 0.09240974
-0.10099505 -0.01796389 0.08436948
-0.02382818 -0.03398257 0.09368485
0.00554723 -0.00799084 -0.09467360
-0.01556416 -0.01791735 0.01711212
0.04567499 -0.00408939 -0.06020463
-0.21902770 -0.00894820 0.11354870
-0.26708135 0.01529539 -0.09478502
-0.14543612 -0.01878716 0.10717280
-0.19533114 -0.05784917 0.01814601
-0.04787144 -0.06400903 -0.04695742
-0.12949078 0.01537245 0.14887287
-0.21048805 0.01530741 0.10528980
-0.24614137 0.00568958 -0.17239073
0.07113679 -0.03337503 -0.14246148
-0.11530882 -0.00174060 -0.21130799
-0.23827840 -0.05659670 -0.06978300
0.07324089 -0.08658722 -0.04448803
-0.29523939 -0.06378271 -0.06209746
-0.25191960 -0.01720969 0.14598301
0.15462480 -0.01763434 -0.07636747
0.08624707 -0.05742033 0.14113577
0.11565530 -0.07926944 0.00047261
-0.28331643 -0.06221212 0.15080792
-0.11100637 -0.06701859 -0.03755777
0.19359779 -0.02119430 -0.03868837
-0.24085516 -0.05698241 0.14850335
0.05673750 0.00669753 -0.05074268
-0.07635974 -0.07548186 0.08440806
0.13046867 -0.07021858 0.11289848
-0.14435421 0.03767137 0.07750067
-0.25223354 0.02792169 0.03683309
-0.05323844 -0.05639520 0.17122176
0.00605564 -0.01675477 0.04456384
0.10125257 0.00180323 -0.08909310
-0.05447337 -0.04750382 0.19446833
0.01188316 -0.07088400 0.16458572
0.20527464 -0.02179020 -0.02144256
-0.24225798 -0.00058093 0.10205360
0.04711220 -0.06345155 0.06363607
-0.14061022 -0.07054254 -0.09912232
0.02219430 -0.08655013 0.00653635
-0.08487670 -0.06139838 0.07880563
0.07530022 -0.03159445 -0.01404942
-0.20716007 0.00106257 0.01408663
-0.20861669 -0.02359955 -0.12877223
0.01438924 -0.07956310 -0.01664017
0.00239716 0.01911033 -0.00058279
-0.26095906 0.02980229 -0.02856985
0.04024461 -0.07778046 0.07505530
-0.20576467 -0.02382969 -0.23978455
-0.25625783 -0.00344105 -0.27197289
-0.19800481 -0.00890771 0.04588430
-0.12634704 -0.05852384 -0.07656752
0.06177370 0.00334032 0.09446698
0.01516815 -0.01552440 -0.11628971
-0.00071790 -0.04355739 -0.12012118
-0.21090160 -0.04478794 0.10755514
0.28639522 -0.06357776 0.04938333
-0.11585639 0.00660258 0.02788972
-0.16563374 -0.06578116 0.09416696
-0.02675760 -0.07300823 0.11553998
-0.15455626 0.00550704 -0.10444432
-0.16009526 -0.03896638 -0.13010180
0.23947245 -0.06340344 0.09024151
-0.18443561 0.01185375 0.08292136
-0.05888966 -0.01739601 -0.05155969
0.19982348 -0.03899793 0.10957567
-0.11295798 -0.01677402 0.22714949
-0.14550079 -0.00666144 0.05696865
-0.23669913 -0.05872786 -0.02186801
-0.13210231 0.00305057 0.05147075
-0.16485722 -0.00182200 -0.09224166
0.02778448 0.02653231 -0.05448070
-0.18989351 -0.04686017 -0.14757825
0.24561299 -0.06012736 0.06317104
-0.19823536 0.02600145 0.00943304
0.13470320 -0.02849293 0.16738652
-0.08275332 0.01529615 0.05252852
-0.20104650 -0.07947648 -0.01531723
-0.03452607 0.00472623 -0.12426667
-0.13103703 -0.00368115 -0.15764076
-0.11556375 -0.07671273 0.01629831
-0.11295716 -0.03984148 -0.18673818
-0.18691213 0.00104274 -0.10575037
0.19725421 -0.05933233 0.08522977
-0.29644945 -0.07164506 -0.16991302
-0.14798979 -0.03874127 0.24945879
-0.00270693 -0.04340867 0.03318351
0.02021847 -0.07450648 -0.03245994
-0.23958308 -0.01547608 -0.17893744
-0.29803872 -0.05375491 0.14024267
0.16506536 -0.05549031 -0.04809361
-0.19364840 0.04367892 -0.12653044
-0.16045544 0.02849300 0.07143037
0.02243884 -0.06867230 0.10386993
-0.21652205 0.03105570 0.03831253
0.01285442 0.02418825 0.07098558
-0.28185114 -0.03240266 0.09984182
-0.19112734 0.00038388 0.19697064
0.03902224 0.01695230 0.00123759
-0.06534383 -0.02301615 -0.18714997
-0.12878321 0.01991650 -0.04446934
0.06048079 -0.02472062 -0.13302933
-0.29724428 -0.01647994 0.08234931
0.24420635 -0.06694695 -0.03268345
0.06203943 -0.05492076 0.14603303
-0.23220049 -0.00927381 -0.15967567
-0.26623192 0.00109563 0.13038345
-0.27181280 0.00679334 0.14431684
-0.06297158 -0.03841737 0.11017419
-0.22962694 -0.00840374 -0.04538475
0.26014826 -0.04404156 -0.00918384
-0.02100932 -0.01718588 0.02212850
-0.23737328 0.02030647 0.03166606
-0.22210653 -0.01282737 0.19070347
-0.14383580 0.01156795 -0.05399158
-0.01799160 -0.04980075 -0.16394994
-0.22023050 -0.04031373 -0.15549625
-0.30865943 -0.00496663 0.08469203
0.01373460 -0.04970702 -0.05166494
-0.28277457 -0.04500022 -0.27764118
-0.13713835 0.03604400 0.07641378
-0.26683620 -0.05777350 -0.13304108
0.30548555 -0.07081975 0.01957501
0.02409494 -0.05584653 0.03377140
0.04972329 0.00992512 -0.02864853
0.13344269 -0.08297937 -0.04023631
-0.19449201 0.00873095 -0.10502119
-0.15924709 -0.07761703 0.12002088
-0.02792549 -0.05005499 -0.15843104
-0.05083904 -0.02751110 0.20380805
-0.10311383 -0.07644971 0.06449207
-0.20899411 0.04795387 0.03138065
0.27209696 -0.06010663 0.06654035
-0.10660312 0.03104527 -0.06294502
-0.00676610 -0.04825457 0.13226114
0.04593977 -0.02078979 0.18191230
-0.13243829 -0.03746001 0.14227897
0.10681605 0.00393029 0.01105077
-0.09294619 -0.06250988 0.18139689
-0.14099756 -0.02115926 0.13382798
0.08507262 -0.03755921 0.09779903
-0.01370532 0.02794605 -0.03826588
-0.13575006 0.01282896 0.01281201
-0.24620028 0.02100727 0.10423769
0.23713174 -0.07508256 0.05246638
-0.07793412 -0.03414845 0.02699537
0.27738079 -0.07781777 -0.03659337
-0.00912192 -0.06033774 -0.15829782
0.13275251 -0.02654206 -0.05245495
0.12824197 -0.02165772 -0.11335402
-0.17666957 -0.05660670 -0.09944467
0.22717771 -0.08217931 0.02385021
0.07525543 -0.00148754 0.06413995
-0.23477870 -0.03220695 0.25274402
-0.30757141 -0.04577719 -0.09083872
-0.22577818 -0.00619080 0.13484895
-0.06358672 -0.04187581 -0.08104427
-0.09874238 -0.06226953 0.02899293
-0.25711551 0.02840859 0.06366968
-0.00295773 -0.03157931 0.14003037
-0.20778354 -0.01522028 -0.10647680
-0.10531045 -0.00445340 0.20523109
0.01882408 -0.06828914 0.12171685
0.24673146 -0.05424968 -0.04300971
-0.25051075 -0.06544241 -0.09248964
-0.04954913 -0.02664330 0.09298068
-0.16567206 0.02057895 -0.03163321
-0.03925920 0.00687344 -0.10020857
-0.02682801 -0.02029736 -0.21580346
-0.25017151 -0.05598704 -0.04354761
0.17060530 -0.03445157 -0.01524423
0.04749471 -0.05505711 0.13749692
-0.21664032 -0.00815600 0.22823206
0.02077663 0.01498739 0.11149231
0.13094293 -0.01927896 -0.10819639
-0.13037182 -0.01849647 -0.27396673
-0.02155671 -0.00644523 0.08493476
0.13683721 -0.08736675 0.04171018
-0.03833342 0.00920857 -0.04648190
-0.06310077 -0.07280602 -0.11883336
0.03927148 -0.04757989 -0.10040084
-0.20334962 0.00129240 0.19420899
-0.23338839 -0.07789006 -0.04695384
-0.22378793 -0.05252038 0.05208230
-0.00567708 0.00157043 -0.02235074
-0.25646797 -0.01656240 0.01030152
-0.09332865 -0.01614446 0.24715595
-0.05362681 -0.06164864 -0.04307153
-0.19420947 -0.03757597 -0.14214480
0.20570104 -0.05283099 0.05248696
0.06877634 -0.05257901 -0.18873370
0.24002491 -0.05342034 0.02191227
-0.20393154 -0.05965508 0.16931219
0.20682985 -0.07876047 -0.04554983
-0.10796948 -0.05219734 0.23485380
-0.22001812 -0.04096700 0.06765275
-0.11047913 -0.03675567 0.24287291
0.10174667 -0.05284560 -0.10517088
-0.08099604 0.02082182 -0.01997348
-0.28801581 -0.07358956 -0.09359369
-0.01952865 -0.07068662 0.06283627
-0.05149357 -0.02669637 0.22604121
-0.09800062 -0.06731087 -0.07525364
-0.15563409 -0.01176518 0.18793119
-0.17820337 -0.03032735 0.11825667
0.26887828 -0.06240766 -0.07142253
0.12040202 -0.03500475 0.12376523
-0.17911649 -0.05371360 -0.22387117
0.14920266 -0.06347169 0.05718319
-0.21884044 -0.06579161 0.00493940
0.21032944 -0.03475563 0.05102666
-0.22936688 -0.05917565 0.24298821
-0.09209928 -0.03521676 0.21776141
0.12228374 -0.04617517 -0.14200221
-0.06679697 -0.05773858 0.11489289
0.07925460 -0.07943497 -0.01273754
0.06830697 -0.07466943 0.10725297
-0.11172743 -0.05688975 -0.15101996
-0.07879913 -0.05478425 -0.05358270
-0.00169218 -0.05340432 -0.02979517
-0.29965416 -0.04358462 0.20542385
-0.00568737 -0.03570104 0.13938515
0.29939878 -0.06904475 0.03481491
-0.09228458 0.00822291 0.05419945
-0.10466479 -0.01164937 -0.13887617
-0.15906706 -0.01501704 -0.24196288
-0.28405756 -0.06463256 0.11958924
-0.04574336 -0.02635280 0.23075393
0.11013913 -0.07247216 0.05749493
-0.08313814 -0.02766915 0.16490476
-0.20313546 -0.01693378 -0.09013809
0.27475217 -0.07575910 -0.02775228
-0.02765786 -0.03630206 0.03950363
0.09134606 0.00043297 -0.10173514
-0.04901072 -0.04283029 -0.12330836
-0.06336476 -0.07599014 0.19088626
-0.01878022 -0.04702852 0.00927709
-0.06299867 -0.02461646 -0.02649259
-0.00170533 0.00927035 0.05770420
-0.00505545 -0.01112365 -0.07102115
-0.16531003 -0.06088834 0.15199117
-0.28800610 0.01045496 0.05851108
-0.19501956 -0.02555590 0.02504390
-0.19370824 0.01893752 -0.05122592
-0.21874008 0.00184357 -0.01880577
0.13599591 -0.08422608 -0.02241326
0.10488160 -0.04660710 -0.18163954
0.09928670 -0.07516123 -0.16313063
0.01887487 -0.00883280 -0.13849033
0.12396485 -0.00561010 0.04642744
-0.30757806 -0.04938341 -0.16586198
-0.08103532 0.03544572 0.04231817
-0.30480325 -0.02998568 -0.15142070
0.29352626 -0.06057589 -0.01251386
-0.27634618 -0.03195431 0.14842354
-0.29473975 -0.04742130 0.29010937
-0.32387924 -0.05895724 -0.26285452
-0.10493091 -0.00794321 -0.06696865
0.05430790 0.00664244 0.00398260
-0.22999856 0.00288254 0.11057712
-0.05283997 0.00035068 -0.11536025
0.19326931 -0.05245648 -0.02716611
-0.02884365 -0.04457844 0.19583866
-0.06579024 -0.05481211 -0.13903055
-0.15970398 -0.06159509 0.15439463
-0.05475582 -0.00926173 -0.11702230
-0.27256009 0.03814508 0.10640059
-0.18360312 -0.01815656 -0.18496510
-0.25733399 -0.01065610 -0.13730733
-0.10921879 0.00468646 0.08402830
-0.16986270 -0.07075077 0.00197695
-0.20139557 -0.01121427 0.09896958
-0.21573618 -0.05935341 -0.13330410
-0.16345416 -0.00283537 -0.10889199
-0.15027310 -0.06158232 0.15873215
-0.23545125 -0.01688324 -0.16009906
-0.20519775 0.00348509 0.02079038
-0.24900100 -0.04683346 -0.03008211
-0.04748359 -0.05382766 -0.01320534
-0.20332472 0.02069779 0.14695199
0.11237535 -0.05465035 -0.09766231
-0.22081488 0.01478466 -0.01680092
-0.17830269 -0.04584747 0.17397298
-0.06505296 0.03258434 -0.03129403
-0.21786128 -0.01859063 -0.14363492
0.03721666 -0.04506904 0.04643708
-0.20162083 0.02075675 -0.02578056
0.20506436 -0.07634874 -0.05579437
0.19834884 -0.02059152 0.00039607
-0.06695896 0.03280983 -0.02634837
0.02071887 -0.05360171 -0.01935314
-0.12124423 0.01054873 -0.13065158
-0.14149001 -0.06056398 0.22289549
0.10899950 -0.02208188 -0.16005050
0.15952140 -0.08022324 -0.05660257
-0.20368885 -0.03604836 -0.13141057
-0.18600018 -0.06251683 0.14995688
-0.13968138 0.02199015 -0.09143034
-0.21462969 -0.07220291 -0.03294868
-0.18050238 0.01661795 -0.05043646
-0.27439860 -0.03699003 0.32003361
-0.22979189 0.00647810 -0.18341433
0.03252700 -0.05249444 -0.07255486
0.17931587 -0.02993432 0.07206236
-0.30808112 -0.01073036 -0.11028516
-0.02556678 -0.06614263 0.17689529
0.20183852 -0.04862382 0.12631521
-0.22632888 -0.05663310 -0.16628502
-0.02447175 -0.05185705 -0.01508740
-0.00653481 -0.04348997 -0.07528999
-0.22339168 -0.07552250 -0.11872169
0.07016944 -0.07606189 -0.05976178
-0.18700475 -0.02571067 0.08409607
-0.05108786 -0.08214033 0.03808842
0.01455933 0.01159522 0.06411294
-0.01955315 -0.04776634 0.11128028
-0.21758218 -0.05729633 -0.07700622
0.09470302 -0.08619672 -0.05506497
0.09945793 -0.00086925 -0.08403118
0.00949472 -0.00729951 0.11190055
-0.07657681 0.00863724 0.00685037
0.01447469 -0.05969949 -0.02641652
0.02827612 -0.06910434 0.09902306
0.00030126 -0.00091478 -0.13347614
0.02946039 -0.03518629 -0.17706317
-0.27195477 -0.01815246 0.26023880
-0.09047440 -0.00998383 -0.13335845
0.03609564 -0.06595941 0.13112675
-0.24621823 -0.04572949 0.26345348
0.05273893 -0.03645447 -0.11131760
-0.24732734 -0.05835624 -0.02929428
-0.22833419 -0.01014709 -0.08572759
0.02640701 -0.05300731 0.01738023
-0.15801626 -0.01100871 0.07195662
-0.24085309 0.02193526 0.06392808
0.15527897 -0.02045791 -0.08650520
-0.02252231 -0.06017919 0.14484772
-0.13755792 -0.02288952 0.11832622
-0.27268377 -0.00314097 -0.11975493
-0.18825111 -0.06242616 0.09872787
0.22319664 -0.03766136 0.04097161
-0.04031871 0.01927503 -0.04140093
0.19589882 -0.06237562 0.04126266
0.11241367 -0.03969621 0.10131592
-0.21876705 0.00040083 -0.01772824
-0.17861663 -0.01129412 0.11395353
0.01739977 -0.03564731 0.12230049
-0.16764182 -0.01401004 0.09699363
-0.14372656 0.02393905 -0.01478294
-0.07411258 -0.07176286 0.08686561
-0.00863342 -0.08523618 0.01562861
0.19874868 -0.02047459 -0.05150931
-0.13741425 0.03078116 -0.10098065
-0.27892721 -0.02693938 0.11901914
0.01765286 0.02604094 -0.04057549
0.00715783 -0.04823660 0.11938380
0.10178488 0.00064839 -0.02711910
0.24885258 -0.03826767 -0.03123329
-0.27307108 -0.01429851 0.15889961
-0.31880295 -0.05322582 -0.05605542
0.25013357 -0.05047671 0.08632669
0.13966499 -0.03511340 0.11351269
0.05661775 -0.05188364 -0.05464759
-0.23143171 -0.03466297 0.27052015
-0.19739515 0.04614752 -0.03045658
-0.16178246 -0.05650739 -0.18615840
-0.05192643 0.01987397 0.11172660
0.04685363 -0.00483425 -0.07019266
0.06133890 -0.05460959 -0.16032669
0.11235183 -0.08168228 0.02166544
-0.31937551 -0.02447531 0.05071285
-0.12795559 -0.05183420 0.11687071
-0.01109618 -0.05102644 -0.13088377
-0.12477641 -0.02470234 -0.20196928
0.24790955 -0.07871582 0.02724434
-0.18920873 0.05671712 0.03826997
-0.20081446 -0.07298929 -0.02684311
-0.02582575 0.01263891 -0.05158534
-0.30567479 -0.03426644 -0.12012468
-0.11306844 0.01635835 0.12876849
-0.00035144 -0.04640713 0.14845254
0.17449190 -0.05829403 0.05024606
-0.27108905 -0.00310833 0.03055416
-0.27289540 -0.08173420 0.03449331
-0.15683816 0.00352913 -0.03656739
-0.03764220 0.04203500 -0.01071643
-0.26532671 -0.00816888 -0.22233370
-0.25402233 -0.01201507 -0.02289782
-0.15722471 -0.05796108 -0.12612674
-0.08809000 -0.00799068 -0.11092239
-0.28281438 0.02932007 0.10482466
0.09649060 -0.03157246 0.12653999
0.01250246 -0.04699672 0.12993409
0.07169107 -0.00387447 0.03215650
0.13527663 -0.07244179 -0.06238927
-0.27973846 -0.07485310 -0.14290290
-0.23252113 -0.05061576 0.18025480
0.04930108 0.01570845 0.05260074
-0.05008115 -0.07740254 -0.01624756
0.00072602 -0.08716145 0.00911954
0.18900360 -0.01905021 0.00346925
-0.01953932 -0.05862733 -0.20183030
0.05305125 -0.04269910 0.12650536
0.16010079 -0.05060327 -0.09247132
-0.25292763 -0.05775572 -0.27793819
-0.11969340 -0.02258612 -0.11528397
-0.30443451 -0.04583875 0.12780909
0.05611581 -0.02871504 0.06143979
-0.14065467 -0.06407187 0.01279038
-0.17088950 0.01799449 -0.11131459
0.20619032 -0.04504646 0.06030233
0.14204893 -0.06705289 0.04674814
0.27499363 -0.07572616 -0.03005726
0.02190755 -0.05955813 0.14945191
-0.16669577 -0.05786014 0.23543414
0.01060105 -0.03765883 -0.10609218
0.10486523 -0.03929392 -0.10465281
0.18257758 -0.08130940 -0.02836237
-0.20862915 -0.00973658 0.03872734
-0.16970386 -0.01793302 0.11688212
-0.21191403 -0.07651765 0.06813927
-0.31351048 -0.04614942 -0.13412446
-0.26400837 -0.02781471 -0.27390504
-0.32263774 -0.01881350 0.09521580
-0.27437538 -0.02060769 0.30023250
0.03843176 -0.05443003 0.07976431
-0.25992754 0.02408019 0.04482844
-0.23958293 -0.01947741 -0.10311853
0.00344396 -0.01553196 0.16718316
-0.30008423 0.00273703 -0.05414886
0.16817306 -0.08316424 -0.01673759
-0.19463316 0.00137494 -0.09009755
0.08106413 0.00948144 -0.00101125
-0.17345090 -0.04752776 -0.10153947
-0.29515436 0.00124956 -0.09290472
-0.08011200 -0.01611525 -0.15941949
-0.05646842 -0.07056893 -0.00447419
0.03632353 -0.07114743 0.00637604
-0.06831260 -0.05521812 -0.07831599
-0.00195532 -0.04618308 0.09943121
0.25975659 -0.06932643 0.00119158
-0.09908078 0.03763483 -0.02724364
-0.27482718 -0.06240472 0.22069739
0.01284322 0.03136807 0.04481564
0.25365490 -0.05714063 -0.10255326
-0.29461646 -0.07116255 -0.07683435
-0.28219867 -0.05284217 0.01517934
0.08009444 -0.04664395 -0.16778731
-0.01111142 -0.02616503 0.12035446
-0.19856592 0.02028818 -0.09283598
0.10285940 -0.03518798 0.11486470
0.28740615 -0.07481605 -0.02294034
-0.26634777 -0.02263558 0.25448966
-0.12171485 -0.05101433 0.15907089
-0.00352458 -0.03452161 -0.14346306
0.25919953 -0.07802711 0.02256093
0.04355131 -0.04272537 0.11811182
-0.07634149 -0.04940714 -0.04412940
-0.08997820 -0.01992714 0.13915357
0.02887721 -0.00153185 0.09549902
0.03006385 -0.04695345 -0.09028041
-0.15802076 0.03234146 -0.00609008
0.28021121 -0.07710845 -0.03163785
0.16502997 -0.05653320 0.03660449
-0.21779984 0.01934428 0.13558222
0.11330326 -0.02649628 0.06240435
0.26149142 -0.05037287 0.07759080
0.07823926 -0.05932498 0.13185921
-0.20857041 -0.05112624 0.31548023
-0.12339924 -0.05644552 -0.13488021
-0.02826095 -0.03973102 0.16655093
-0.27728531 -0.01785273 -0.10687222
0.15418535 -0.07748311 0.05985380
-0.16128239 0.02279821 -0.15673167
-0.05601450 -0.07437339 -0.00699569
-0.29235291 -0.06442746 -0.10252864
-0.24116109 -0.07569542 -0.14677928
-0.21426189 -0.04477878 0.09753237
-0.22316253 -0.01834398 -0.20633167
-0.29697114 -0.06451093 0.10308996
0.23254558 -0.08044656 0.02737180
0.22434834 -0.04913079 -0.06062052
-0.09150818 -0.05582605 0.22878274
0.12323487 0.00626930 0.02611594
-0.18993826 -0.05101170 0.30528367
-0.18232398 -0.04907005 -0.20344424
-0.19407067 -0.02488886 0.09843738
-0.27215046 -0.03337828 0.03962806
0.03223997 -0.04466533 0.19513462
-0.02694936 -0.05966806 -0.03332451
-0.13537204 0.01360712 -0.03094094
0.07376339 -0.08343479 0.01049392
-0.10626581 0.02868407 -0.06574908
0.16243522 -0.06706175 0.12573728
-0.29629841 -0.06911486 0.01071583
-0.05893075 -0.07599188 -0.14287807
0.17320573 -0.07169363 -0.02404322
0.17298147 -0.07517114 0.02791285
-0.25617155 0.02447460 -0.02710213
-0.29639524 -0.05186553 -0.21542506
0.11098641 0.00020951 0.03161618
-0.32194808 -0.05012622 0.23546614
-0.18770577 -0.04604388 0.15019879
-0.03064264 -0.04621410 0.21351254
0.06458021 -0.07986180 0.09634650
0.01076705 -0.04712580 -0.10640101
-0.14060095 -0.05886885 0.16840567
-0.18134360 -0.03407457 -0.24186248
0.20686807 -0.08219928 -0.05883548
-0.16680497 -0.04954491 0.25519100
-0.05771941 -0.05839886 0.11273170
0.16962512 -0.07916097 -0.09638768
0.11397324 -0.02145952 -0.09884871
0.23264509 -0.08167007 0.01144018
-0.04605508 0.02246154 0.03769787
-0.13645829 -0.01947547 0.27020854
-0.20946671 -0.05398104 0.04363826
0.25583336 -0.05861853 0.05059988
-0.31005314 -0.02882299 -0.10116798
0.05060275 -0.06009595 -0.03282291
0.12448528 -0.06519264 0.16534926
-0.09192351 -0.05186245 0.23525764
-0.13695650 -0.07528450 0.07733838
-0.19674371 -0.01533947 -0.10355680
-0.27313852 -0.00685229 -0.23954189
-0.15712142 -0.06069170 0.08978621
-0.15280506 0.03780368 0.09950449
-0.20892598 -0.00734114 -0.03654911
-0.18190496 -0.00442278 -0.17089750
0.00955366 -0.01016214 -0.14442547
0.02866406 0.01829026 0.06877482
0.05445273 -0.02478173 0.20515233
-0.12129834 -0.06082442 -0.14283641
-0.04335038 0.03008440 -0.12334245
-0.18916994 -0.06867262 0.06853577
-0.12398486 -0.00520622 0.20113149
-0.20168540 -0.01665743 -0.25137559
0.05789710 -0.00580818 -0.10306560
-0.23562394 -0.00550209 0.07952163
-0.22749604 -0.01050575 0.13905869
0.11800089 -0.00815768 -0.02018052
-0.17621382 -0.06069118 0.08156060
-0.13681240 -0.05589288 -0.14222668
-0.00388442 -0.03798689 -0.15823236
0.19630706 -0.03271160 0.06990507
0.25109109 -0.06624648 -0.09963098
0.14391628 -0.06545355 0.04084453
-0.28146353 -0.06442793 0.22303116
-0.18689388 0.04039452 0.07357094
0.25394714 -0.07662716 0.00813880
-0.03962048 -0.03456818 0.07543637
-0.28037715 -0.04607208 -0.31382290
-0.14385168 -0.02028484 0.20833778
0.08767120 -0.03291582 -0.04753477
-0.16996659 0.03634582 0.11382058
0.27683011 -0.06075818 0.03995793
-0.18370019 -0.00230979 0.17633978
-0.10462793 -0.02246739 0.12473150
-0.22015932 -0.03736837 -0.09553188
-0.04680597 0.04540740 0.01152980
-0.06217235 0.02501037 0.08509224
-0.28450868 0.00188177 0.11926104
0.15780182 -0.04342269 -0.13081214
-0.28797096 -0.03055912 -0.13351196
0.11800360 -0.08216801 0.08270708
0.29460946 -0.06242456 0.00235378
0.01328837 0.03102928 0.02652800
-0.26626825 -0.00414799 0.07751429
0.08529149 -0.07633443 -0.14181052
0.08206005 0.00036412 0.03818860
0.04934279 -0.00195955 -0.09886681
-0.15737078 -0.00968427 -0.22153023
-0.21573040 -0.03237961 0.12938653
0.02642112 -0.03460330 -0.03854119
0.00129033 -0.04525305 -0.19678727
0.01934090 -0.08257477 0.18019496
-0.07170573 0.03493309 -0.07537257
-0.27257812 -0.06445930 0.05406822
-0.29096401 -0.04455724 0.27529407
-0.26280215 -0.05057338 0.01805846
-0.20305581 -0.06869534 -0.17497478
-0.15487537 0.01573549 -0.06744301
-0.22558054 -0.03791863 0.27153772
-0.05831277 -0.03525625 -0.12332384
-0.07161909 -0.00849538 -0.15143913
0.05841085 -0.05070714 0.01037450
0.02012623 -0.03846002 -0.11672992
-0.19832747 -0.02734544 -0.11154135
-0.04680675 -0.02323584 0.10025644
-0.25014767 -0.06923308 0.09671846
0.24896517 -0.06417754 -0.05052878
-0.04829690 -0.00502095 -0.12304366
-0.28515097 -0.02419222 -0.12827536
-0.02875993 -0.07210821 0.08033553
-0.15825878 -0.02216853 -0.12588617
-0.14264122 0.01015112 -0.10427871
0.27918819 -0.07800076 -0.02783863
-0.02707088 -0.06708393 0.11654253
0.21864586 -0.06530924 0.11544836
-0.15354270 0.02083009 -0.02964717
-0.25581270 -0.05377509 0.18025097
-0.09250516 -0.06581104 -0.03580676
-0.19453315 -0.00453144 -0.08788721
-0.06870096 -0.06947348 0.13804197
-0.29850641 -0.00646230 0.07302013
-0.26097190 -0.00924365 0.10545751
-0.18881591 -0.07693335 0.02450071
0.16019443 -0.00569124 0.00706779
-0.06824498 -0.05848551 0.18704081
-0.26326114 0.00018748 -0.05954609
-0.21122707 -0.02454707 0.05844103
-0.20721135 -0.06826621 -0.08635779
-0.16080691 0.03446942 0.03145330
0.16172023 -0.08153705 -0.00188022
0.11751934 -0.02394289 -0.07864011
-0.08491837 -0.07481975 -0.06818530
-0.24090475 -0.01793997 -0.01799739
0.20014842 -0.07357144 -0.05959756
-0.00437384 -0.01701663 0.10346124
-0.22796841 0.01589043 -0.07106375
-0.17015921 -0.06326334 0.20166066
-0.31072235 -0.05386009 -0.23255572
-0.17056225 -0.01636015 0.19094069
0.15517466 -0.07254156 0.09589642
-0.11086454 -0.06310809 0.13734393
0.15973736 -0.04680362 -0.10913778
-0.28613591 -0.00399309 -0.18023819
-0.19908479 -0.04519089 -0.01418159
-0.30315134 -0.01790236 0.05793104
0.22198997 -0.07621059 0.06586432
0.07063086 -0.06287861 0.08733276
-0.11791135 0.02932378 -0.05883330
-0.21697512 0.01166941 0.11881663
-0.29718375 -0.05631824 0.10169686
-0.05809265 -0.05634939 0.23451431
-0.18425192 -0.00839668 -0.14248353
-0.24642050 -0.05359432 -0.00260271
0.10331216 -0.01250738 0.05592388
-0.22304161 0.00767127 -0.07531948
-0.26818156 -0.01109060 -0.19581506
-0.13869305 -0.03351772 -0.27770668
-0.10065686 -0.05783421 0.06436552
-0.24692035 -0.03469580 -0.07805099
-0.02717926 -0.00223091 -0.15950046
0.25228336 -0.06572507 -0.05856781
0.16668226 -0.05800874 -0.11221925
-0.17109787 0.05977563 -0.02334384
0.02808850 -0.00312635 -0.09354223
-0.26721624 -0.01931497 -0.06079609
-0.12922959 0.02898192 0.05415343
0.08573458 -0.04776588 -0.09591416
0.21560736 -0.07968941 -0.02149902
-0.15022005 0.01289344 0.06545537
0.15272823 -0.03016189 -0.07379872
-0.21755463 0.02331773 0.01449807
-0.00258058 -0.05983683 0.03892846
0.11825974 -0.08580008 -0.05397169
0.03996853 0.01910505 0.04042002
-0.26670468 -0.03483634 0.03131569
-0.18076921 -0.05137821 -0.27542278
-0.28003436 -0.06672487 -0.05765281
-0.13797855 -0.03218182 0.12367664
0.03782024 -0.04255102 0.11765440
0.19599834 -0.05878613 0.03255919
0.22371502 -0.07840826 -0.00276154
-0.01391584 -0.00441738 -0.01354676
-0.14527626 -0.05917756 -0.13730967
-0.25696319 -0.04837004 0.19981106
0.05102582 -0.01721361 0.15567844
0.13833201 -0.07692320 0.12632033
-0.21048327 -0.00666551 -0.00460329
0.08543237 -0.02176069 0.14707983
0.20526926 -0.05789929 0.04409936
-0.21602991 -0.06868207 -0.14396127
-0.28895950 -0.07196462 -0.16758691
-0.24800366 -0.01625263 -0.23968205
-0.05814463 -0.00811581 -0.16499312
-0.05657436 0.01519913 0.01788358
-0.06859949 -0.02242910 0.02204801
-0.21124968 -0.03067716 -0.00846254
0.05122376 -0.07392044 -0.03757433
0.17449589 -0.06560952 0.15041538
0.25079083 -0.05009575 -0.02450347
-0.13758832 -0.03976228 0.24861066
-0.07711595 -0.07891963 -0.10695361
-0.22753443 0.00624047 -0.02593627
-0.23609686 0.01419437 -0.05582194
-0.28136325 -0.02952645 0.18678796
-0.17314030 -0.01872798 -0.19174591
-0.04574778 -0.02577673 0.21479388
-0.03530162 -0.02085826 -0.21646668
0.13010243 -0.06948294 -0.14000937
-0.30980563 -0.02704784 -0.14691855
-0.08643289 -0.04514433 -0.11268803
-0.23433504 0.02131613 0.09436496
-0.14690867 -0.03540361 -0.27585158
0.15797357 -0.07192796 -0.04774931
-0.28774524 0.00145517 0.09283536
-0.20268258 -0.06698651 0.07810704
-0.02488954 0.01543659 -0.09766744
-0.09693911 -0.06649055 -0.08636077
0.27344134 -0.05402798 -0.02565894
-0.16796577 -0.05718940 0.15148941
-0.09040306 -0.06231215 0.03083050
-0.08292167 0.04541947 0.01369515
0.09018812 -0.08396473 0.05710076
-0.18749008 -0.02157114 -0.21166925
-0.26688400 -0.02538520 -0.20809376
-0.26018596 -0.00684201 -0.23982155
-0.04347000 0.02922696 0.08560191
-0.11461072 -0.05295769 0.26517451
-0.19727945 -0.05757891 0.13121180
0.20080549 -0.03455173 0.08424216
-0.18026552 0.01208792 0.02394602
0.04774910 -0.00873110 -0.07000976
-0.22603403 -0.06059332 0.26143342
-0.10369337 -0.05999846 0.06660282
-0.23600747 0.00711686 0.15162161
-0.32779068 -0.04627405 -0.09778433
-0.05442673 -0.04899027 -0.21093568
-0.30606329 -0.03911550 0.15723562
-0.30681729 -0.04034889 -0.25261453
-0.10948634 -0.01684633 0.12100320
0.22485878 -0.04685014 -0.09453127
-0.22764878 -0.05625439 0.13121384
-0.20091885 -0.00751002 -0.10837616
0.04993238 0.01516234 0.06967429
-0.17812015 -0.04408224 -0.00962898
-0.30003619 -0.07120389 -0.03508021
-0.26061291 0.00472582 -0.06935584
0.00210961 -0.05943826 0.17750853
-0.05409165 -0.08000524 0.01721390
-0.18087764 0.02466221 -0.06338792
-0.18078350 -0.05809427 0.18607017
-0.04569662 -0.07145107 -0.01905213
-0.26137927 0.00748678 -0.11315981
-0.17086445 0.01587658 -0.06577954
0.21948183 -0.04916394 0.04648665
-0.29493627 -0.06055140 0.10178529
-0.28535977 -0.04173412 0.33645377
-0.03146311 0.03446053 -0.00110969
-0.08654776 -0.00569440 -0.03488766
0.03193513 0.00161176 -0.10532276
0.03603534 -0.08909415 0.10061198
-0.22185263 -0.03853486 0.29373309
-0.10236058 -0.02202288 0.08872211
0.11695432 -0.03464637 0.13770914
-0.28466293 -0.04501257 0.24544226
-0.25463811 -0.02574759 -0.22339389
-0.26572201 0.00215813 -0.11876481
