-0.16490369 -0.07073231 0.00826842
-0.24198896 -0.06479894 0.22721271
-0.15247336 -0.06679334 -0.08647264
-0.15499732 -0.05810859 -0.05342776
-0.06229353 -0.06734751 0.11301750
0.00081269 -0.05999283 0.11004343
-0.24189509 -0.03485358 0.05784972
-0.26581213 0.00696145 -0.06039013
-0.16017781 -0.06174375 -0.19025186
-0.18506262 -0.06397612 -0.16202396
-0.10705328 -0.07187039 -0.01917424
-0.21428867 -0.02383251 -0.02934060
-0.13524954 -0.06576917 0.16714369
-0.09576769 -0.05096997 0.13708490
-0.20568888 -0.03176329 -0.06581219
-0.17532173 -0.05889937 0.05999187
-0.29418132 -0.07545801 -0.08643244
-0.30540445 -0.06376619 -0.35801628
0.19895811 -0.04061923 -0.00657498
-0.14113003 -0.07049973 0.05880408
-0.30033541 -0.04929911 -0.01411233
-0.11334711 -0.06598867 0.19643281
-0.21708967 0.00667458 -0.00671227
-0.24349281 -0.03779733 -0.03133398
-0.22503525 -0.06401099 0.04489671
-0.02253964 -0.07642590 -0.01963196
0.00605977 -0.06494410 0.10963422
-0.29314792 -0.05174779 0.22220124
-0.00708099 -0.06928293 0.03196381
0.20038396 -0.04665020 -0.02217669
-0.16401850 -0.05601561 -0.12724400
-0.26627141 -0.06208898 -0.23454097
-0.18990311 0.00250039 -0.00441733
-0.00096877 -0.03348431 0.06552140
-0.02583105 -0.01309064 0.00305480
0.04900143 -0.02671934 -0.03192861
-0.28872466 -0.05863395 0.17521384
-0.00546445 -0.01039721 0.01739308
-0.24509411 -0.04661947 0.04380961
-0.03451910 -0.07684802 0.10091089
-0.14297895 -0.06931928 0.01784381
-0.30847982 -0.06145821 0.25202578
-0.22183459 -0.05786322 -0.00394821
0.07802766 -0.03223467 -0.04997774
-0.23499672 -0.03565972 -0.04452530
-0.18341258 -0.06151019 0.04071281
-0.02853104 -0.01193133 0.00105159
0.07370964 -0.06730101 0.01638108
-0.22235000 -0.08038650 0.06826007
0.06990727 -0.05514744 -0.05473622
-0.29097259 -0.05725900 0.15814009
-0.18888159 -0.06327199 0.03804657
-0.27446336 -0.06671315 0.09970197
-0.02586467 -0.02839270 -0.03337954
-0.22451644 -0.06891958 0.03738591
-0.18554847 -0.05228133 0.01076326
-0.02610367 -0.05609701 -0.05402408
-0.14606899 -0.04508532 -0.07634884
-0.18591698 -0.05785399 0.17029750
-0.27869773 -0.06303768 -0.03410816
-0.03672931 -0.02306990 0.04139142
-0.02482109 -0.06304485 -0.01045429
0.03221520 -0.04724192 0.04186073
-0.23505546 0.02505021 0.00161666
-0.04746320 -0.04479079 -0.05929576
-0.18041542 -0.06540775 0.25119975
-0.21039358 -0.08067197 0.01441323
-0.27849808 -0.06280012 0.25036269
-0.30887473 -0.06335282 0.25681764
0.17112175 -0.06224224 0.00809741
0.08503096 -0.06174330 -0.02755041
0.01125076 -0.05247787 0.08292537
-0.26683480 -0.05941459 0.28575978
-0.04888957 -0.05166653 0.13911688
-0.30501518 -0.06121667 0.19241588
0.10997634 -0.05681204 0.01931039
0.06414115 -0.06359661 -0.04575139
-0.10521907 -0.06954608 0.13837819
-0.05379319 -0.07365757 0.08703894
-0.04819994 -0.04555027 -0.10884860
-0.13187049 -0.05523067 0.08701709
-0.26381207 -0.05997667 -0.02519004
-0.22278607 -0.05178536 -0.06415740
0.04030786 -0.03846758 -0.07874392
-0.08521763 -0.05698537 0.20891470
0.06696371 -0.05673068 -0.00739589
-0.14506738 -0.05898209 -0.18282247
-0.07755035 -0.06121039 -0.14193538
-0.26803181 -0.05618594 0.00675957
0.00963890 -0.07331938 -0.02099871
-0.28449029 -0.05829311 -0.16722658
0.17732634 -0.06407212 0.01354899
-0.29625046 -0.06318139 -0.32663357
-0.24428603 -0.05166084 0.17682093
-0.01128917 -0.03216821 -0.03030043
0.01508411 -0.06462912 -0.02511524
0.01047032 -0.06534647 0.07710028
0.02989208 -0.04534822 0.03072033
0.09301163 -0.05750750 -0.01376729
-0.26230103 -0.05550472 0.16789174
-0.13415760 -0.05102709 0.08791141
0.03516479 -0.04648907 -0.05086311
0.04791120 -0.01445270 0.01333822
-0.21636534 -0.04431665 -0.07461235
-0.23521030 -0.06507558 -0.01749192
-0.28479171 -0.05234778 0.23969662
-0.30023777 -0.05477028 0.02359182
-0.20122936 -0.05755763 0.24103764
-0.19597501 -0.07311320 -0.07261591
-0.05503525 -0.08075728 0.01490321
0.02220323 -0.04192129 0.02115563
-0.03701521 -0.06306902 0.04346142
-0.09247740 -0.04049455 -0.06790273
-0.14267063 -0.07158360 0.05458418
-0.25959399 -0.05307757 -0.02422787
-0.15140817 -0.06011111 -0.08998826
-0.10197975 -0.05287733 -0.01616902
-0.20475183 -0.05719280 -0.22681741
0.02598220 -0.00738245 0.00945064
-0.14815359 -0.05760608 0.12923726
-0.27193996 -0.06000451 -0.10629699
-0.18223424 -0.05487125 -0.14916566
-0.22665316 -0.03655523 0.03813037
-0.12482901 -0.01833493 -0.01966157
0.03820280 -0.06144364 -0.04049950
-0.00267070 -0.05725936 -0.04604695
0.06123990 -0.02219476 0.00251018
-0.10126883 -0.04053213 0.07798215
-0.15243554 -0.06608073 0.03684784
0.01160256 -0.07488405 0.05843524
-0.18020287 -0.04177034 -0.10517162
-0.23133594 -0.06521215 0.10375644
-0.18922266 -0.05404070 -0.14213179
0.05134272 -0.02526769 -0.01568295
0.01181201 -0.01528042 -0.03636203
-0.00384960 -0.01945380 -0.03049524
-0.24284610 0.02627746 0.00655033
-0.22313768 -0.05421428 -0.15970530
0.00736061 -0.02497189 0.02044250
0.04489362 -0.03540734 -0.05624382
0.08141800 -0.05976975 0.04429824
-0.28993279 -0.06549659 0.29076794
-0.25927600 -0.05676623 -0.21531472
-0.14206296 -0.04523313 0.13356240
-0.25509205 -0.06065491 -0.15808474
-0.19900054 0.03185694 -0.00255862
-0.20679475 -0.06274478 -0.17373516
-0.11272468 -0.05418865 0.20897412
-0.08254468 -0.02151488 0.03050712
-0.25196609 -0.05863759 0.05839307
-0.11611472 -0.05801861 -0.12797229
-0.17634107 -0.07074095 0.04167433
-0.24239048 0.02847721 -0.01332635
-0.24499305 -0.01116098 0.06238645
-0.27092379 -0.06553660 -0.09684677
0.05648931 -0.06606340 0.01772348
-0.07251897 -0.04475532 -0.13568251
-0.17281230 -0.06517624 -0.18186171
-0.16632044 -0.07091092 0.04746516
-0.27518916 -0.05902616 0.15837339
-0.22676599 -0.05109646 0.13041271
-0.15019654 -0.05936558 0.24922353
-0.26594937 -0.06094357 -0.17708915
-0.09357079 -0.02026613 -0.03093638
-0.19602735 -0.06626245 -0.19486433
-0.16921908 -0.07911951 -0.06447518
-0.29025826 -0.05905556 -0.21325947
-0.12958738 -0.04892697 -0.07236870
-0.13936919 -0.05789593 -0.18684982
-0.30667877 -0.06531858 -0.32714021
-0.24252345 -0.06027729 0.13189194
-0.02606260 -0.03532284 0.06955341
-0.00848520 -0.06321185 -0.03624543
-0.20400432 -0.06821322 0.10985324
-0.20648074 -0.03238241 -0.04683982
0.01966427 -0.02518724 -0.01773939
-0.09463601 -0.02096363 0.02023518
0.00531385 -0.02570110 -0.01753093
0.20024835 -0.04183567 0.03481540
-0.01597254 -0.05539823 0.09383415
-0.20933707 -0.06697854 0.04738521
-0.13045667 -0.06093526 0.04046451
-0.06642426 -0.05238529 -0.10369033
-0.21632864 -0.05885889 -0.04818245
0.19891275 -0.05719528 -0.01917901
0.14574881 -0.06373555 -0.02634422
0.08881849 -0.03033913 0.00295039
-0.18499288 -0.06697534 -0.10180847
-0.15120666 -0.06421026 -0.08561583
-0.30791724 -0.05418409 0.01435024
-0.02187196 -0.05761147 -0.06702913
-0.29731104 -0.05972030 0.33640063
-0.19984002 -0.05910785 -0.25291684
-0.22369474 -0.06291445 -0.07282702
-0.16527984 -0.05250032 -0.09267347
-0.01088662 -0.05542530 0.07081649
-0.01520756 -0.04230574 0.09081794
0.14698274 -0.02772616 0.00273013
0.05416149 -0.04859411 0.03342799
0.05363883 -0.01674455 0.01212398
-0.16752502 -0.05302511 0.19972040
-0.03575453 -0.07937051 0.04380509
-0.26861310 -0.06371477 0.21342203
-0.00741172 -0.03616002 0.01693570
-0.11906948 -0.05529251 -0.11959559
-0.04548129 -0.07130244 0.00695904
-0.29317823 -0.06432243 0.08818061
-0.09510192 -0.06683903 -0.08773105
-0.30093715 -0.06311782 -0.30552053
-0.17724228 -0.05268687 -0.10522742
-0.29864880 -0.06786080 0.33348757
-0.24611636 -0.05412433 -0.04237742
-0.21146241 -0.05965151 -0.19984591
-0.27347925 -0.03288554 -0.08067556
-0.27561817 0.00489098 0.02584958
-0.20375803 -0.05848612 0.16487572
-0.27216107 -0.05872139 0.13813750
-0.23364577 -0.06280139 -0.09185690
-0.23934129 -0.02207499 -0.04973526
-0.12180611 -0.03040974 -0.02330636
-0.00273046 -0.07347364 -0.02931963
-0.13924688 -0.05442499 -0.19277103
-0.21666519 0.04736882 -0.00544147
-0.20198497 -0.03095156 0.08765323
-0.07859525 -0.06696422 0.16486356
-0.07010205 -0.06518734 -0.14785817
-0.21615994 -0.05292235 -0.03075707
0.08730877 -0.06903787 0.02059837
-0.16747808 -0.05978519 0.19439323
-0.09472364 -0.05056205 -0.07872186
-0.02049259 -0.05297134 -0.02528388
-0.28797317 -0.06206091 -0.30028173
-0.25276092 -0.06901604 0.29314438
-0.30255738 -0.07032080 -0.30868849
0.02936304 -0.03815112 -0.05537550
-0.25567669 -0.05068464 -0.14352606
-0.11529239 -0.05523902 0.08166035
-0.22503759 -0.05043576 -0.10464232
-0.28009441 -0.07854399 -0.08110371
-0.25529003 -0.06024306 0.08841360
-0.12860183 -0.00842662 0.00099168
-0.12927926 -0.05231388 0.07922765
0.16105248 -0.05774766 0.01839415
-0.02124789 -0.03598207 0.06074847
-0.30373555 -0.06169846 0.27584577
-0.20492242 -0.04636481 -0.20204809
-0.16268404 -0.06369508 -0.08034919
-0.22814596 -0.06116705 0.04736206
-0.11463380 -0.05958298 0.19263062
-0.08671516 -0.05500550 -0.12513332
-0.10605525 -0.05402001 0.08684050
-0.13125391 -0.05559742 0.14737089
-0.22682576 -0.05591837 0.22036391
-0.14954472 -0.01850972 -0.01457301
0.09009185 -0.06007190 0.00610455
-0.24684553 -0.06475838 -0.28096530
0.02709277 -0.01083021 0.00774919
-0.21212661 -0.05366711 -0.17086864
-0.10152404 -0.02440633 -0.04721518
-0.28435501 -0.07000465 -0.11805220
0.05900589 -0.02477946 0.04075764
-0.09713282 -0.05203662 0.03326983
-0.27822292 -0.06369723 0.00056576
-0.10436270 -0.01600424 0.02178861
-0.20932105 -0.05483337 0.01130834
-0.20120679 -0.07378262 0.00413194
-0.18580763 -0.06139481 0.04558475
-0.26289800 -0.02001279 0.01798560
-0.01722150 -0.06799275 -0.01375418
0.24723533 -0.05558820 -0.01518242
0.00308862 -0.03086036 -0.05626434
-0.08348180 -0.08153784 -0.06782530
-0.24918981 -0.06756420 -0.10859719
0.25992137 -0.05290384 -0.01996072
-0.08219857 -0.07186869 -0.00695645
0.00279563 -0.06002314 -0.00948521
0.01360372 -0.06843720 -0.02561493
-0.30300397 -0.06505148 0.31633380
-0.10387179 -0.07070853 0.01602770
-0.28847781 -0.06650299 0.34463528
-0.16986196 -0.06487009 0.13954175
0.17386749 -0.02550407 0.00360307
-0.05500763 -0.06466299 -0.10523892
0.09060536 -0.02409211 -0.03014759
-0.13879704 -0.06521726 0.19090274
-0.26151770 -0.04804324 0.12967856
-0.16026503 -0.04963956 0.07043758
-0.11192049 -0.06583332 -0.19670312
-0.11149751 -0.04917065 0.09208234
-0.20905618 -0.05455861 0.08590534
-0.24348821 -0.01549821 -0.00312037
-0.06791866 -0.01566338 -0.00643473
-0.30849883 -0.06493834 0.20655325
-0.28462163 -0.06505904 0.00095914
-0.30170575 -0.05970828 -0.21629249
-0.25976446 -0.05913134 0.18505752
-0.22132313 -0.06372181 0.02644861
-0.18611738 -0.05866945 0.04044685
-0.06690109 -0.05225664 0.11193643
-0.25133914 -0.06563888 0.15726501
-0.22545882 -0.05855561 -0.25821626
-0.18020684 -0.05472014 -0.16979587
-0.21723607 0.00484894 0.00247572
-0.02315597 -0.05514116 0.04295008
-0.21853617 -0.06644366 0.07265501
-0.28090048 -0.06244715 -0.33040613
-0.19519204 -0.07488520 -0.08978256
-0.15801382 -0.03766077 -0.04619603
-0.21419448 -0.05656094 -0.20697841
-0.11260431 -0.04149415 -0.07443292
-0.22529687 0.00153612 -0.02327087
-0.16686714 -0.03958216 -0.03588491
0.24249750 -0.05117313 -0.03184057
-0.07108805 -0.05157215 0.07548887
-0.04300776 -0.06203704 -0.03205080
-0.22225100 -0.02428672 -0.05699836
0.21806820 -0.02914177 0.01743376
0.05219404 -0.03941912 -0.03341860
-0.21818721 -0.01859422 0.02656709
-0.06488504 -0.04364704 -0.12245651
-0.04300575 -0.06771674 0.10900107
-0.16739728 -0.06529739 -0.16329356
-0.26193967 -0.05917877 -0.23488803
-0.14162564 -0.05366961 -0.15058413
-0.18777934 -0.06159059 -0.15675215
0.19863439 -0.07026280 0.01972218
-0.17330506 -0.05165300 0.01585691
-0.21729198 -0.01424719 0.01170556
-0.27897951 -0.05732734 0.03772680
0.03249279 -0.05280906 0.04383572
-0.16650075 -0.07176288 -0.07155511
-0.12792885 -0.06718837 0.03888867
0.21190695 -0.05001417 0.01805482
-0.17063442 -0.05286066 -0.09467533
0.04954797 -0.03704761 0.05674226
-0.32152653 -0.06021874 -0.33045247
-0.25973719 -0.05133853 0.12639593
0.19143385 -0.03279706 -0.01103474
-0.20302969 -0.06030983 -0.03469801
-0.23363455 -0.05292971 0.04594282
-0.18233193 -0.06599456 -0.05104958
-0.06904972 -0.04679796 0.12052038
0.13676505 -0.01812611 0.00828570
-0.09469832 -0.05917604 -0.08524206
-0.30723876 -0.06479017 -0.23859653
-0.29036123 -0.05643113 0.04648745
-0.12923047 -0.06052664 0.16024785
-0.00636770 -0.07229512 0.06127805
-0.25983801 -0.06472009 0.01960454
-0.08390389 -0.02630480 -0.04980313
-0.23351699 -0.06093361 -0.11521526
-0.25535616 -0.05962298 0.15451586
0.26769006 -0.05443170 -0.02192622
-0.29291862 -0.06689635 -0.09650907
-0.22228175 -0.06232285 0.10640273
-0.21565913 -0.06844724 -0.01280099
-0.02376781 -0.01885233 0.02054387
0.02520285 -0.04956347 -0.09011570
0.13312653 -0.03910999 0.05214478
0.01903442 -0.06708597 -0.09324569
-0.19086540 -0.05938322 -0.24965560
-0.05595920 -0.06020758 0.12018787
-0.00381388 -0.07447173 0.01419873
-0.15092044 -0.06591017 -0.14683509
0.19560808 -0.07518941 -0.01019088
0.13553122 -0.01414467 -0.00951566
-0.17544943 -0.05857539 0.18425733
0.16577034 -0.04217941 -0.04240015
-0.07191628 -0.04236156 -0.09339724
-0.27991143 -0.06246054 -0.20831351
-0.28818518 -0.05165909 -0.09448355
-0.25939351 -0.06148914 -0.15729624
-0.21810402 -0.07406731 -0.28927121
-0.23225293 -0.05672237 0.10423344
-0.14415073 -0.06857762 0.00504287
-0.12139051 -0.05838753 0.08324809
-0.31079718 -0.06051927 -0.32355550
0.08149914 -0.03036829 -0.02011607
-0.25101012 -0.05526386 0.11152523
-0.16923732 -0.05844583 0.00950409
-0.28088516 -0.06793076 0.22542241
-0.21348748 -0.06394670 -0.06752221
0.01713198 -0.02650829 -0.04217660
-0.24850138 -0.07118701 0.06064713
-0.18755504 -0.04364677 -0.08843618
-0.17494795 -0.06503505 -0.19367668
-0.29910776 -0.05140123 0.04984853
-0.28389579 -0.06245386 -0.32373154
-0.29376149 -0.06602870 0.02056499
-0.05659664 -0.04499440 0.02935649
-0.13792406 -0.05712050 0.17973252
-0.02427832 -0.07378465 0.03214339
-0.19580105 -0.00020719 0.00532106
0.01408513 -0.03070284 0.05129492
-0.16466029 -0.05239266 -0.10011210
0.02146484 -0.05994105 0.05810040
-0.19934212 -0.07419396 -0.04233827
-0.16332822 -0.05899525 0.18526541
-0.13562389 -0.06289396 -0.10383815
-0.22794136 0.03050679 -0.00153433
-0.18041304 -0.06399892 0.19736733
-0.27694857 0.01353768 -0.01261078
-0.02360066 -0.07095920 0.03147968
-0.29989511 -0.05264821 0.12406205
0.02428612 -0.07774650 0.00554295
-0.27407643 -0.06461041 -0.31931090
-0.19927338 -0.04718877 0.08933703
-0.26228273 -0.06561035 -0.25859097
-0.17992827 -0.03963798 0.01382677
-0.04410756 -0.05862393 -0.06619020
-0.18488741 -0.06077557 -0.21650651
-0.14622086 -0.00877853 -0.01069580
-0.27739596 -0.06268694 -0.25822240
-0.13904694 -0.06607261 -0.08314009
-0.16449879 -0.05951649 0.06022255
-0.25637868 -0.06004700 -0.18871006
-0.19987705 -0.07064112 -0.05865725
-0.25836873 -0.06562284 0.03609060
-0.21176021 -0.04695666 -0.15844837
-0.00855591 -0.07344896 0.02893184
-0.17592591 -0.06498732 -0.18800573
0.01216700 -0.02044103 -0.00253663
0.01504318 -0.02974702 0.06662566
0.03793485 -0.04772874 -0.04876762
-0.13241705 -0.06930543 0.12576824
-0.29215926 -0.05767714 -0.32777238
-0.15228322 -0.03281980 -0.00827229
-0.15607312 -0.06830703 0.02814787
-0.03711386 -0.03906716 -0.06979242
-0.24750970 0.00610994 -0.06203176
-0.19320528 -0.05583941 -0.05436750
0.06220262 -0.03014667 -0.03494296
-0.15938081 -0.02767545 -0.01990969
-0.29434180 -0.05747725 -0.23985964
-0.27375576 -0.06797780 -0.05850971
0.14955646 -0.05962465 -0.01401443
0.02739521 -0.07165022 -0.02915252
-0.14415285 -0.06712066 -0.15195099
-0.16055940 -0.04014089 0.08097072
0.01517248 -0.05666128 -0.04628576
0.04720978 -0.03393175 0.01425831
-0.19949853 -0.06587837 0.03160014
-0.09184787 -0.05631796 0.09686514
-0.20482528 -0.03788962 0.01216332
0.10826708 -0.08084890 -0.01952349
-0.24308702 0.01997154 -0.00123524
-0.24959990 -0.06559077 0.18235648
-0.17829888 -0.07299513 -0.06103108
-0.10151977 -0.07066387 0.00629241
0.10275576 -0.06751299 0.04050147
-0.13013817 -0.07990004 -0.04425617
-0.26991349 -0.05909056 0.20605102
-0.05000312 -0.05259175 -0.03327165
-0.22039063 -0.07532462 -0.04064374
-0.31295431 -0.06238180 -0.33979493
-0.31173551 -0.05288707 0.25968546
-0.13427286 -0.05659718 -0.08553144
0.04100308 -0.02959977 -0.01269708
0.00530311 -0.06619573 -0.10343207
0.04093221 -0.06333348 -0.02232077
-0.09811983 -0.03945993 0.05392591
-0.10647909 -0.05004116 -0.17628664
0.14401494 -0.01388858 0.02132782
-0.23937389 -0.07219150 -0.01324647
-0.27085626 -0.06587172 -0.25262216
-0.16726103 -0.06849714 0.03392700
-0.19215521 -0.07996591 0.06629826
0.00759790 -0.07642825 0.01671494
-0.02013857 -0.08412655 0.00114011
-0.31829333 -0.05887177 -0.33636060
-0.28845388 0.06884024 -0.00828724
-0.15617660 -0.06056175 -0.15192874
-0.04490045 -0.07042908 0.08164492
-0.04617699 -0.00915251 -0.00223279
-0.13616724 -0.06994314 0.12354963
0.17328718 -0.02689077 0.02170818
-0.12767731 -0.06031170 0.15983878
-0.07144679 -0.06801272 -0.13578339
-0.12387924 -0.05517283 -0.17159441
-0.17692018 -0.03464925 -0.03040302
0.03305126 -0.05882054 -0.05063049
-0.24346408 0.05060193 0.02080297
-0.17362887 -0.06402744 -0.11597516
-0.27089030 -0.05918752 -0.20451249
-0.15903477 -0.06609466 -0.06663170
-0.32992309 -0.05797859 -0.26421428
-0.05237499 -0.05734371 0.13722874
-0.13767886 -0.05796077 0.20075491
-0.18872313 0.00841083 0.00801080
-0.32049257 -0.06553472 -0.34021372
-0.22602029 -0.06262723 -0.11752716
-0.21856618 -0.06828474 0.05603752
-0.23506628 -0.05506419 -0.09902048
-0.23312184 -0.06466547 0.03843495
0.02129759 -0.03212999 -0.05943407
-0.20760779 -0.06383790 0.11329254
-0.28202832 0.03434682 -0.00141653
-0.25984970 -0.06998498 0.02167269
-0.20443819 -0.05820836 0.13453543
-0.19493422 -0.06873861 0.14320551
-0.12741801 -0.05769891 0.10053938
-0.17048502 -0.05503435 0.08945820
-0.30815881 -0.05517509 -0.28400198
0.06563362 -0.06565666 0.01164704
-0.17025682 -0.06208493 -0.25189528
-0.04802255 -0.03628207 0.06575231
-0.18012419 -0.03527212 0.04949551
-0.25332791 -0.06604463 0.27983686
-0.09517133 -0.06102033 -0.09452167
0.24159133 -0.05177930 0.01981231
-0.25176364 0.00763923 -0.05371898
0.01224567 -0.03413036 -0.05837217
-0.19802755 -0.06856720 0.12563851
-0.20092912 -0.06128808 -0.07461715
0.00429139 -0.07469844 -0.02568251
-0.26024956 -0.06038745 -0.18620965
-0.18971470 -0.06277886 0.04068516
-0.15446337 -0.05463912 -0.13633004
-0.14764281 -0.04149807 0.02070760
-0.26095542 -0.07362666 -0.03997881
0.08900964 -0.04477668 -0.05091168
0.15443112 -0.06119609 0.00642420
-0.06620248 -0.05377113 0.11055801
-0.13334279 -0.04010580 -0.08771278
-0.17003252 -0.05772518 -0.19370633
-0.00759671 -0.05648481 0.08819035
0.05100207 -0.05893203 -0.04989877
0.11075898 -0.02475668 0.02009993
0.01491003 -0.06288506 0.09564578
0.00601871 -0.03596667 0.04290703
0.03147088 -0.05053275 0.06710854
-0.08820041 -0.05422485 -0.12821054
-0.04151637 -0.04552163 -0.06913697
-0.01319323 -0.06647447 0.12549490
-0.11984400 -0.06187668 0.19286107
-0.01846485 -0.02027796 -0.02146643
-0.28492069 -0.01623401 0.01974120
-0.18542472 -0.05867299 0.15293390
-0.21538244 -0.06177535 -0.26559654
0.08273408 -0.06014336 0.03487888
-0.26142222 -0.06214972 -0.20938660
-0.13484678 -0.05864986 0.10933649
-0.01797716 -0.02243610 0.03420895
0.06693937 -0.06746695 -0.02305575
-0.14969181 -0.06224640 0.09547388
-0.08979140 -0.05282863 -0.08044169
-0.23826471 0.03563820 0.00266721
-0.11287946 -0.01644610 -0.02484452
0.00586734 -0.05717484 0.03799000
-0.26476747 -0.06274877 0.02933480
-0.14511758 -0.06746896 -0.19330752
0.18306930 -0.02592413 0.01491912
0.00280406 -0.04584713 0.04164018
-0.05216182 -0.02649431 0.05764901
0.23534821 -0.04135701 0.03322618
-0.04087013 -0.04805644 0.03411329
-0.01891123 -0.03894034 -0.06790915
-0.13743074 -0.07115027 -0.07466388
-0.27496916 -0.05231376 -0.23928402
-0.15241069 -0.06504306 -0.18423346
-0.11280177 -0.05041445 -0.16343571
-0.18363579 -0.05985341 0.09175070
0.08448263 -0.01431914 0.02155082
-0.23833272 0.04059467 0.00743110
-0.32064113 -0.07450631 -0.10187235
-0.29137588 -0.06434367 -0.27903852
0.04893202 -0.01619245 0.01493942
0.08080411 -0.05478227 -0.01478219
0.03950098 -0.00893198 -0.02223612
0.04620252 -0.04438134 -0.05102142
-0.28922015 -0.06263410 0.27088147
0.21609858 -0.05666673 0.02113212
0.00911974 -0.05740402 0.09124828
0.07259787 -0.05968272 -0.04413132
-0.19991386 -0.06404100 0.11911547
-0.23364089 -0.05050417 0.05087034
-0.28018525 -0.00684749 -0.04691083
-0.04114210 -0.05452907 0.08202961
-0.28220168 -0.06274875 -0.03778276
-0.20263515 -0.06209961 0.03592638
-0.03474236 -0.04835488 -0.11642352
-0.14769278 -0.07325704 -0.01626297
-0.16351593 -0.06810361 -0.21416032
-0.21218288 -0.06553712 0.11762303
0.21755125 -0.04340681 0.03612063
-0.05741705 -0.03119714 0.06105369
0.22563745 -0.06912716 0.01537079
-0.19022658 -0.04238104 -0.09390160
-0.16983359 -0.05435845 -0.03585602
0.05145672 -0.05385284 0.05534377
-0.07945294 -0.08122069 0.03161399
-0.24226332 -0.06486434 -0.16184321
0.02354278 -0.06519543 -0.04089555
0.10282126 -0.02624826 0.02932457
-0.19445734 -0.05366612 -0.17774370
-0.29130006 -0.04720720 0.07755058
-0.27080232 -0.05118496 -0.19315341
-0.29664418 -0.04603822 0.11834963
-0.04828702 -0.05710922 -0.03466657
-0.13852356 -0.06635915 -0.00688022
-0.09956606 -0.05566473 -0.01053037
-0.30743855 -0.05576225 0.05351193
0.02749546 -0.02387155 -0.02632308
-0.32316607 -0.05387451 -0.22842738
-0.19835864 -0.05776436 -0.17430083
-0.21668778 -0.06523767 -0.09574276
0.13650575 -0.04098848 0.03540225
-0.19533765 -0.04689120 -0.18809889
-0.17574760 -0.06623754 -0.23776206
-0.01871645 -0.08181013 0.04103243
-0.24305877 -0.04297517 0.02609013
-0.28460675 -0.06583678 -0.30389148
0.02722633 -0.01455361 0.02274694
-0.17351457 -0.05979443 0.13651973
-0.22724949 -0.07711376 0.11551321
-0.16317418 -0.08065495 0.02939448
-0.27319056 -0.05634428 -0.21159071
-0.17344509 -0.05433304 -0.15825379
-0.22149462 -0.05227286 -0.02294251
-0.24730906 -0.05861960 0.13937679
-0.00049452 -0.08136153 -0.01181347
-0.09230714 -0.06771319 0.13285519
-0.22466080 -0.04537170 -0.07249489
0.22455430 -0.06710567 -0.00848737
-0.10412616 -0.05656435 0.11012594
-0.10602260 -0.07613292 0.02839164
-0.19818315 -0.01882232 -0.01847151
-0.07877004 -0.07135937 0.15767935
-0.12009572 -0.06801340 -0.13873167
-0.18155500 -0.07374785 0.09510882
-0.24927792 -0.05996576 -0.18675193
-0.20613042 -0.05792596 0.08801782
-0.14819346 -0.05343914 0.09346245
-0.22595367 -0.05047176 -0.03376371
-0.13876192 -0.05606793 -0.13740373
-0.31588799 -0.06047581 0.16751760
0.16871840 -0.05598877 0.01874158
0.12654354 -0.05455143 -0.01914863
0.02550170 -0.03578797 -0.06056944
-0.13777018 -0.04971477 0.18881963
-0.29258588 -0.05988342 -0.23272662
-0.26801437 -0.06351493 0.25867867
-0.19095095 -0.07112058 -0.00816014
-0.30611649 -0.06450476 -0.20335014
0.04523733 -0.06436799 -0.00342572
-0.00992794 -0.06124116 0.04322309
-0.22133404 -0.01169649 -0.04518386
-0.00006403 -0.06131706 -0.02746493
-0.15086459 -0.07448104 0.01783371
-0.15892918 -0.00253767 0.00198394
-0.06918269 -0.04942619 0.04576917
-0.12786862 -0.05239624 0.14572506
0.13923615 -0.05382961 -0.01659167
-0.10768744 -0.05757305 -0.08779829
-0.20558064 -0.05525481 0.20428549
0.07935426 -0.06876381 0.03059278
-0.28667325 -0.06488786 -0.19471383
-0.09901990 -0.07522509 -0.08724070
-0.21237470 -0.07097531 0.08279299
-0.23114589 -0.05961892 0.19723649
-0.23922181 0.00666608 -0.00468287
-0.30609295 -0.06267498 -0.21116626
-0.23809084 -0.06338383 -0.05943425
-0.16872326 -0.05275371 0.01808225
-0.02652158 -0.04248577 0.05372779
0.10053547 -0.07095510 -0.00465754
-0.12486451 -0.06216272 0.04403236
-0.18882652 -0.06147350 -0.04962295
-0.12805705 -0.06826892 -0.10098676
-0.25720978 -0.04250978 0.05555877
-0.03343166 -0.04031242 0.05065249
-0.18930843 -0.05848097 -0.05514828
0.12762780 -0.05985694 -0.03397537
-0.01495523 -0.06171919 -0.08858009
-0.22274049 -0.06635385 -0.29461211
0.00600120 -0.05562367 -0.04988202
-0.27116758 -0.06524799 0.13759004
-0.15691444 0.01670152 -0.00139933
0.12011528 -0.06326553 -0.05049611
0.10562098 -0.06528817 -0.00991650
0.13619174 -0.02473149 -0.02916750
0.10775213 -0.01500520 0.00620092
-0.17467441 -0.05727946 -0.23863719
0.01312872 -0.04691363 0.04899399
-0.08199396 -0.06913175 -0.05748809
-0.21711004 -0.05154674 -0.08986720
0.01430155 -0.06083519 -0.01597753
0.00481838 -0.04626551 -0.08596273
-0.14737423 -0.07879082 0.05869536
-0.22289641 -0.06165943 0.28587979
-0.04410303 -0.08522091 0.00491667
-0.01591498 -0.06953409 0.01079942
-0.23922008 -0.05316830 -0.04483467
-0.22675556 0.04786369 -0.01818526
-0.11390364 -0.01049277 0.00937468
-0.10872160 -0.05252495 0.03288311
0.04988126 -0.01792283 0.01822504
0.13580219 -0.06299062 -0.03755782
-0.28660586 0.04636165 0.00233300
-0.22311263 -0.06132067 0.14549427
-0.28011569 -0.06396381 -0.30612144
-0.26124763 -0.06573883 -0.13902543
0.14157881 -0.06330951 0.03488442
-0.19234921 -0.06241380 0.17311054
-0.18843386 -0.06536861 0.27409232
-0.26831239 -0.06617536 0.16177893
-0.24790505 -0.06560913 -0.13082570
-0.27266318 -0.06472414 -0.23487212
-0.12233178 -0.08041811 -0.04989569
-0.19341815 -0.05269834 0.10789683
-0.19604510 -0.06751987 -0.11430949
-0.09475397 -0.06553519 -0.15321074
-0.25898024 -0.06410483 0.05040414
0.06367568 -0.06676146 0.02846731
-0.18583889 -0.00842495 -0.00066319
-0.14442343 -0.06579170 0.04745753
0.03687773 -0.00890318 0.01201616
-0.16298020 -0.04498354 0.05604681
0.16012856 -0.05436433 0.02426342
-0.28141820 -0.01512408 -0.00043780
-0.14676733 -0.03208961 -0.01398371
-0.30792606 -0.04723940 -0.01457816
-0.19079490 -0.08237480 0.01105157
-0.19686408 -0.05120926 -0.09762511
-0.27751428 -0.05981519 -0.06402628
-0.26414317 -0.02127318 0.00463823
-0.28103909 -0.05844425 0.15817887
-0.18180026 -0.06576498 0.13143326
-0.13746089 -0.06700689 -0.10668905
-0.15698606 -0.00725507 -0.01387319
-0.15565427 -0.05029177 -0.08299570
-0.15880916 -0.07619528 0.02272921
0.02644237 -0.03876731 -0.06739460
-0.09244731 -0.07045498 0.03241544
-0.12346894 -0.08080659 -0.06299475
0.13489792 -0.06083903 0.03317861
-0.20167373 -0.05494478 -0.24406758
-0.28772286 -0.06796703 -0.13416114
-0.08993594 -0.05756203 0.08709686
0.00396905 -0.07548276 -0.02058830
-0.27309400 -0.06967128 0.02445781
-0.12419024 -0.06831750 0.01942319
-0.13239789 -0.00882569 -0.01048611
-0.25192732 0.04666378 0.00549033
0.10941651 -0.06068528 -0.02851799
0.03540213 -0.02978970 0.04875038
-0.20675915 -0.01122794 -0.04736448
-0.25967371 -0.05809797 0.14027613
-0.08335966 -0.03314433 0.06543183
-0.30052090 -0.06495177 0.27200440
-0.22812481 -0.04077864 0.14489657
-0.26238015 -0.06038880 0.11768659
-0.17147197 -0.05398579 0.08972287
0.04386230 -0.06093134 -0.03702834
0.17318720 -0.03682207 0.00428459
-0.13389669 -0.06561700 -0.15762877
0.10560033 -0.01066858 -0.00023338
-0.26567456 -0.05571018 0.20997307
-0.21154477 -0.06419001 0.09776396
-0.12907988 -0.02017307 -0.02596628
-0.02299080 -0.05609718 0.12417188
-0.20705357 -0.07390670 0.05125514
-0.26429087 -0.07038718 -0.13826430
0.25466982 -0.06032218 0.02233582
-0.26048097 -0.02824059 -0.06720720
-0.02339966 -0.01097215 -0.00488338
-0.21663387 -0.05966388 -0.12055168
0.01060604 -0.02207206 -0.02495998
0.27358392 -0.05833320 0.00716609
-0.26119837 -0.06008701 0.22779025
-0.05148868 -0.04440904 -0.07944392
-0.15022738 -0.04472459 -0.09356028
-0.10054331 -0.05087378 -0.11078928
0.00072961 -0.06273709 0.07000569
0.19878453 -0.06743948 -0.00263525
-0.21137451 -0.06602122 -0.23721217
-0.13007617 -0.00970633 0.01783526
-0.10872316 -0.04423547 -0.11930721
-0.17440580 -0.05824952 0.17463592
-0.20966306 -0.05153097 -0.15942049
0.03622327 -0.06420377 -0.01846241
-0.12377245 -0.03732961 -0.04745872
-0.08508089 -0.06987026 0.09856793
-0.23831841 -0.06578276 0.03217956
-0.05139682 -0.03815332 -0.05440913
0.23442501 -0.06645086 -0.00720958
0.29140481 -0.05007913 0.00167954
-0.17784715 -0.05741337 0.23805924
0.22625946 -0.05608895 -0.01496284
-0.03235555 -0.01671649 -0.02078559
-0.04041689 -0.00921525 -0.03417643
0.03622181 -0.03422435 0.05452059
-0.09691915 -0.06156560 0.04350571
-0.22609465 -0.05864128 -0.19566926
0.07763005 -0.05113351 0.00997624
-0.18036884 -0.05852800 0.18407449
-0.19305973 -0.02463564 0.00883315
0.02822270 -0.01662085 -0.00299845
0.00888406 -0.05759329 0.06205012
-0.11367940 -0.01465707 0.00635338
-0.21079978 -0.05627881 0.10160504
-0.20805106 0.00056859 -0.01999156
0.04711846 -0.06076983 -0.04277691
-0.31421781 0.01962440 -0.00274286
-0.24614814 -0.06078903 -0.15217745
-0.15508117 -0.03526459 -0.02446103
-0.18998417 -0.06720000 -0.24833773
-0.18448919 -0.05666571 -0.20494573
-0.24034363 -0.05857710 -0.04375724
-0.23464265 -0.05938001 -0.12540604
-0.10250387 -0.04979686 -0.07332660
-0.18799524 -0.06546415 -0.21423669
0.15239111 -0.05145673 -0.01777005
-0.16224681 -0.03057959 -0.03629125
-0.21080188 -0.02593459 -0.01733109
-0.00865180 -0.02224570 -0.02069838
-0.04993495 -0.06663746 -0.06905548
0.02256498 -0.06362949 0.09804379
0.07071351 -0.01071880 -0.00202243
-0.06507019 -0.05896914 -0.10207499
-0.25795233 -0.06789069 -0.03499056
-0.04488938 -0.03957158 -0.08141463
-0.08011550 -0.04107518 0.04970557
0.03863285 -0.05233011 -0.06600040
-0.09322992 -0.04080908 -0.09882868
-0.15607470 -0.08154036 0.04888951
-0.22903273 -0.05141607 -0.09336384
0.03496457 -0.06244320 -0.03386246
-0.30030757 -0.05760965 0.18310700
-0.15734687 -0.02656958 -0.02771985
-0.30733386 -0.06056045 0.15008107
0.01830196 -0.06564106 0.01754595
-0.13663545 -0.05990626 -0.09815095
0.18448927 -0.04968572 0.04287281
-0.26968712 -0.05207953 -0.10003613
-0.28615263 -0.03097344 -0.10106798
-0.17313503 -0.07597668 0.01976105
-0.25268158 -0.05587364 -0.23755822
0.27301493 -0.05263950 -0.00250606
-0.11748066 -0.04930847 0.03694644
-0.10349360 -0.07853191 -0.05971045
0.13484727 -0.05824099 -0.02345310
-0.11565550 -0.03320497 -0.04118273
-0.25355688 -0.06242916 0.20609927
-0.06386272 -0.03499534 -0.06193467
-0.08999202 -0.05723322 0.11195409
-0.14148094 -0.05794373 0.21132143
0.01765489 -0.03578826 -0.05815308
-0.01313561 -0.05984470 -0.04393844
-0.09212052 -0.07661311 0.09234665
-0.02441119 -0.00997196 -0.01382011
-0.10003452 -0.01403499 0.02778987
-0.20441449 -0.05617443 0.21238101
-0.18057148 -0.02444514 -0.04140334
-0.07184082 -0.03880311 -0.03762445
-0.22801554 -0.07744447 0.07658508
0.26181266 -0.05854067 -0.00139613
-0.16958770 -0.04228154 -0.09067964
-0.11285236 -0.01257874 0.01294846
0.01337929 -0.04658132 0.01278348
-0.25097379 -0.06285864 -0.31356129
-0.25817177 -0.05184286 -0.03503534
-0.21147752 -0.01848461 0.01137618
0.01154035 -0.05544007 -0.01585969
-0.16520697 -0.05924889 0.19708771
-0.11365728 -0.06755705 0.16958758
0.15819229 -0.01401145 -0.00723627
-0.04295486 -0.05306447 0.14855710
-0.24531299 -0.06048930 -0.29181644
-0.06333822 -0.06810015 0.04031206
-0.27727538 -0.02876178 -0.02442564
0.20430133 -0.03227821 0.00489233
-0.28088063 -0.03102636 -0.07628416
-0.15653585 -0.04873152 -0.17007670
-0.09944364 -0.07238912 0.11233512
-0.19376901 -0.06853913 -0.24514301
0.20916225 -0.05584373 -0.03412658
-0.20362861 -0.03606080 -0.04515780
0.15929525 -0.03639455 0.03830627
0.20320326 -0.05056072 0.02321247
-0.21139291 0.02874787 -0.00318060
-0.15877336 -0.06312337 -0.07241260
-0.00154329 -0.05486998 0.11873382
-0.26951298 0.00678240 -0.02505500
-0.06606893 -0.05034804 0.08779745
-0.29832003 -0.00773506 0.02364465
-0.31055307 -0.05428712 0.34783018
-0.05131350 -0.06834187 -0.05855403
-0.28899756 -0.06780884 0.26439556
-0.11988437 -0.07332751 0.03980544
-0.28699791 -0.06707674 0.23727028
-0.16192560 -0.00143213 0.00025238
-0.12209793 -0.05696043 0.03093024
-0.14827591 -0.05805637 -0.07962346
-0.01164585 -0.00665616 -0.00829622
-0.21031657 -0.06194273 -0.06318255
-0.06144400 -0.01965081 0.00221369
0.19255480 -0.05371844 -0.01784310
-0.05274739 -0.03100342 -0.02719867
-0.22861762 -0.06563076 0.02257224
0.07789107 -0.01757156 0.03474573
-0.06057841 -0.07187280 -0.02369240
-0.08484428 -0.05073559 0.07307769
0.18912286 -0.07254699 0.02276915
-0.03305956 -0.07665958 0.00569262
-0.01817543 -0.07093152 -0.05762858
-0.05310034 -0.04285843 -0.06673883
-0.27849033 -0.06361021 0.27615303
-0.12429510 -0.06101140 0.05279686
-0.16549917 -0.06039753 0.10148595
-0.27350828 -0.06587717 0.03961905
-0.21350472 -0.05458514 -0.25755766
-0.29013452 -0.06674583 -0.12315483
-0.02298183 -0.04087415 -0.07075565
0.00915366 -0.07579321 -0.02468491
0.13332631 -0.02640321 -0.02426457
-0.23439354 -0.01373683 0.00830898
-0.18120736 -0.04576411 0.00038806
-0.03234396 -0.04627845 -0.06694899
-0.18398023 -0.06182852 0.17615423
0.16327164 -0.04138905 -0.02439765
-0.25246924 -0.05896204 -0.01856337
-0.26646969 -0.05202609 0.00744531
0.08348009 -0.00339305 -0.01244114
-0.14061125 -0.04217254 0.06167331
-0.08705856 -0.06070872 -0.10832982
-0.02271672 -0.06505860 -0.04277800
-0.20987284 -0.05234183 -0.03845652
-0.16920166 -0.01844656 -0.04523018
-0.20605399 -0.06371905 0.23950584
-0.01686291 -0.07663898 0.03816220
0.06452672 -0.02948624 0.00405524
-0.25043565 -0.03015168 -0.01719062
0.02180731 -0.04084396 -0.04209206
-0.13178489 -0.06046748 0.08871561
-0.16682033 -0.06756373 0.22654212
-0.12078375 -0.05571417 -0.04804995
-0.09158301 -0.05085464 0.08025593
0.08999285 -0.02014011 -0.02952650
-0.24568430 -0.05874324 -0.03933580
-0.20021844 -0.05052635 -0.10836118
0.03558816 -0.01546922 0.00287568
-0.10092765 -0.06598099 -0.10366347
-0.15673715 -0.05494321 -0.03129436
-0.26366717 -0.06475282 -0.32820523
-0.10492172 -0.05540597 -0.04239700
-0.06106045 -0.06070620 -0.04452210
-0.24444586 -0.05649152 0.09660022
-0.20160721 -0.05447225 0.15772384
0.06599882 -0.01586260 0.01524190
-0.20572159 -0.05978081 -0.04566655
-0.04024269 -0.05238517 -0.02779336
0.21667266 -0.05730888 0.03097766
-0.26760384 -0.06669283 -0.25927362
-0.26247925 -0.05866279 -0.16681309
0.02528044 -0.07911535 -0.02764145
-0.15997617 -0.06957978 0.03400598
-0.05185060 -0.05607981 -0.11200623
0.09420799 -0.06242113 -0.05003635
-0.23040240 -0.05496246 0.20275165
0.04429143 -0.03359146 0.05550431
0.01402694 -0.02697271 0.00148092
-0.24909690 -0.05569436 0.17583279
-0.27958673 -0.07839459 -0.10359520
0.05768172 -0.02048734 0.01758540
0.01928414 -0.04835733 -0.06311472
-0.14798722 -0.05255987 -0.04333755
-0.18598796 -0.01803327 0.01738681
0.06239425 -0.05671287 -0.00174133
-0.05962712 -0.02185992 0.05274417
-0.13836253 -0.05038407 -0.06770252
-0.27219281 -0.06311906 0.25137326
-0.15224956 -0.04966420 -0.13448119
0.04194400 -0.02881130 0.06626986
-0.03446677 -0.06122839 -0.01348130
-0.16630521 -0.07196869 -0.00747967
-0.08527800 -0.05152528 0.03158042
-0.20518900 -0.03520032 0.06050141
-0.11950047 -0.03289134 -0.07486195
0.14121592 -0.01873951 0.00454997
-0.06500388 -0.06010429 -0.00475821
-0.17071401 -0.03218332 0.10381174
-0.16652738 -0.06413112 0.10347200
-0.19621527 -0.05630498 0.18076600
-0.20132668 -0.05417035 -0.20866016
-0.21609117 -0.02368104 -0.04269139
-0.13162053 -0.04282752 -0.08223909
-0.28072715 0.00810976 -0.03005606
-0.14114489 -0.05362132 0.02631563
-0.19533582 -0.06334802 0.10293519
-0.19704239 -0.06372292 -0.07308827
-0.04784315 -0.06344595 0.02772094
0.06843837 -0.04486653 -0.07244423
-0.20800641 -0.05674003 0.25604910
-0.29571643 -0.06615805 0.31603739
-0.22036439 -0.05197046 0.03239925
-0.13081065 -0.02150453 -0.01777734
0.12770756 -0.03117391 0.01174905
-0.28367719 -0.05961905 -0.08063451
0.07673173 -0.06578889 0.04069453
-0.27096254 -0.00980624 -0.04430056
-0.15575172 -0.03013341 -0.01381676
0.15368573 -0.02708831 -0.03523701
-0.24052592 -0.00225697 -0.04202725
-0.10019858 -0.05454188 -0.09555282
-0.06949273 -0.03489073 -0.06051905
-0.27837062 -0.06541356 0.00480273
-0.26798746 -0.05814437 0.14618540
-0.23465659 -0.06743542 -0.00420583
-0.05315454 -0.05843816 -0.09275997
-0.14807171 -0.05035923 -0.01376136
-0.16094795 -0.05407272 0.04776131
-0.17611808 -0.01592482 0.00798727
-0.14867854 -0.07753961 -0.06106845
-0.24154608 -0.06604844 -0.19881035
-0.29450998 -0.06179820 0.03896814
-0.18926303 -0.06858190 0.07022197
-0.25003368 -0.02650452 -0.00022679
-0.17616391 -0.00574925 0.00065924
-0.07254426 -0.01686988 0.02943571
-0.19288829 -0.05285292 -0.17346671
-0.02001486 -0.06367227 0.04839308
-0.03481496 -0.08296181 -0.00069881
-0.26244226 -0.06414714 0.30049920
