-0.06985378 -0.05816669 0.01269878
-0.17658542 -0.00124070 -0.01822010
-0.09761614 -0.03095032 -0.14259304
-0.31972361 -0.02871701 -0.04443134
0.03843738 -0.05149475 -0.02015491
-0.30039403 -0.02899967 0.00809004
-0.06193839 -0.03949160 0.05544188
0.05838294 -0.06513227 0.01172692
0.00052262 -0.04312475 0.11375307
-0.04803039 -0.04324663 0.05048514
-0.22107229 -0.03820905 -0.02104571
-0.30782351 -0.01004894 0.00565430
0.11184306 -0.02971748 -0.02053936
0.02763779 -0.01795899 -0.01676470
0.29876360 -0.06428204 -0.00574012
0.12467676 -0.05249222 0.00923655
0.12607957 -0.01034632 -0.00700441
0.16410138 -0.01302248 0.00591590
-0.10342595 -0.00828121 0.00946349
-0.14015625 -0.02853839 0.22912268
-0.04966959 -0.03879527 0.14653090
-0.21875407 -0.05128764 0.01537768
-0.15093705 -0.02133619 0.29086286
0.18179861 -0.06386961 -0.00441799
0.24279824 -0.06461434 0.00677290
0.10424613 -0.04567142 0.02062380
-0.17262176 -0.00101812 -0.01843467
-0.26534498 -0.01688821 -0.01552874
-0.29615024 -0.03376038 0.01219409
-0.01745927 -0.00746464 -0.00071408
0.00903055 -0.04576605 -0.08252145
-0.01965015 -0.04365630 -0.04564221
0.00414906 -0.03593065 -0.03985271
-0.00770615 -0.03109361 -0.08701842
-0.01955415 -0.04194828 0.03295110
-0.13092473 -0.00990982 -0.00353591
-0.08103158 -0.03014919 -0.18293057
-0.25766337 0.01635391 0.00443126
0.32618859 -0.05556376 0.00579883
-0.13578081 -0.02450057 -0.01708128
-0.07399595 -0.03597853 -0.08514892
-0.06863369 -0.03348508 0.12741007
-0.30739367 -0.02965603 -0.03309735
-0.06542653 -0.03767283 -0.06107148
-0.10348648 -0.03081343 0.19713521
-0.03953185 -0.02313385 -0.01976075
-0.24836980 -0.05506478 0.00219135
-0.12973993 -0.03117586 -0.19930004
0.25117514 -0.01346639 0.00280935
-0.07593352 -0.02973662 -0.19784959
-0.13752440 -0.02388353 0.27290714
0.28054059 -0.04245296 -0.01809471
-0.32650152 -0.02157843 -0.08882065
-0.26547870 -0.02437078 0.01617590
0.30126441 -0.01842631 0.00388037
-0.12528509 -0.02294626 0.27488452
-0.05027901 -0.04795893 0.04981043
-0.15753368 -0.02287526 0.28704605
-0.08456583 -0.03173770 -0.16553274
0.16229331 -0.02799543 0.02444160
0.27878606 -0.03505515 -0.02160247
-0.14236487 -0.02239618 -0.26539809
-0.19604778 -0.06408299 -0.00572223
0.13211453 -0.02115657 -0.01455950
-0.28649598 -0.02660985 0.01469722
0.00805167 -0.04056588 -0.07320017
-0.07540664 -0.03776416 0.13448173
-0.03578306 -0.01661045 0.01310495
0.00286087 -0.03620458 -0.05837913
0.22060198 -0.01148695 -0.00868777
-0.29426017 0.02834038 -0.00365762
0.05780761 -0.05096594 0.01571115
0.25320849 -0.01661212 0.00608979
-0.13202319 -0.02368171 -0.24085036
-0.22882423 -0.02226600 -0.01829513
-0.13136464 -0.02613826 -0.22554180
-0.04570066 -0.03000272 0.17430973
-0.15890080 -0.02301181 -0.01827012
0.05747674 -0.01208195 -0.00778885
-0.01241776 -0.05059784 -0.04046419
-0.14943314 -0.02025734 -0.29674664
-0.11139938 -0.02312850 -0.27607596
0.19599465 -0.01954111 -0.01849372
-0.08129714 -0.03280070 -0.19628593
-0.09163285 -0.02696561 0.21449998
-0.22781709 -0.01003077 0.00257282
0.14543584 -0.00523852 0.00273060
-0.05557465 -0.03588505 -0.08451473
-0.12984927 -0.01683048 0.01585045
0.11921550 -0.05190435 0.00933182
-0.04307105 -0.04752893 -0.03621419
0.02124376 -0.04989961 -0.09798159
-0.32448068 -0.03066871 0.00934732
-0.14197586 -0.06247162 -0.01218774
-0.15815172 -0.01976411 0.29871127
-0.12712935 -0.02572349 -0.22424711
-0.00632379 -0.03581067 -0.11997367
-0.02911169 -0.00918361 -0.01046077
-0.16473377 -0.06064755 -0.00850982
-0.25020388 -0.01047583 0.00046311
0.05021224 -0.01397515 0.01771591
-0.31150657 0.05240726 0.00449835
-0.29823220 -0.03190953 0.04949433
-0.06397148 -0.03511678 0.09206145
0.27168801 -0.05217976 -0.01962368
-0.05125299 -0.03303208 -0.15937109
0.03357810 -0.01125961 0.00968501
-0.31135321 0.04945889 -0.00150621
0.23694807 -0.06335525 0.00697791
-0.25328243 -0.02576339 0.01200496
-0.14408925 -0.02274958 0.27721924
-0.04176690 -0.04518601 0.03455172
-0.09473707 -0.03466573 -0.09729856
0.00190254 -0.03597974 -0.00747161
-0.11785144 -0.02663862 -0.21189478
0.28078651 -0.01964727 -0.01910942
0.06916917 -0.04173508 -0.02281618
-0.27503100 -0.04899134 0.00214276
0.28260753 -0.01561091 -0.01005579
0.00960879 -0.03147145 0.05968548
0.00629638 -0.05747045 -0.01902602
-0.05634464 -0.03256867 0.10626066
-0.30891758 -0.00108866 0.00228346
0.02788151 -0.05379028 -0.02685165
-0.11225157 -0.05567890 -0.01198902
-0.01275448 -0.03953337 0.03572645
0.00542479 -0.03841705 -0.02649199
0.14942297 -0.02421657 0.02166028
0.33934888 -0.05233138 0.00467112
0.24729429 -0.01349670 -0.00726822
0.16803624 -0.05292890 -0.00144277
-0.30106005 -0.02521348 -0.05647929
-0.00441408 -0.03565161 0.09663264
0.15988681 -0.04307017 0.02001965
0.08423520 -0.01213961 0.00603465
0.29704422 -0.01968242 -0.01582722
-0.29919639 -0.04947118 0.00283414
-0.06312042 -0.03601550 0.13058105
-0.13046576 -0.02336451 -0.26968646
-0.07074982 -0.03551580 -0.07358801
0.04718011 -0.04755698 -0.07312657
-0.16663916 -0.05245011 0.02533493
-0.15609597 -0.02392064 -0.01784702
-0.02435883 -0.03638233 -0.05306004
-0.01716795 -0.03334897 -0.10767592
-0.02974287 -0.03880708 0.14915147
0.09498074 -0.02645673 -0.02520161
-0.00246386 -0.01276796 -0.01374688
-0.27971196 -0.04249698 0.00314541
-0.32350898 0.01901798 -0.00089176
-0.05867879 -0.03907610 0.05081102
-0.23592518 -0.02626726 -0.02048088
0.09142152 -0.01673254 -0.01353223
-0.23691289 -0.02737255 0.01498270
-0.06000839 -0.03460410 -0.05557841
-0.04285587 -0.03138011 -0.16795473
0.09182076 -0.05967704 0.01805617
-0.06578923 -0.02673903 -0.15873908
0.10290851 -0.02938465 -0.02125154
-0.16350821 -0.06445214 -0.00497741
0.23450494 -0.06274027 -0.00776382
0.03800392 -0.05817350 -0.01716575
-0.05786221 -0.05487340 0.05426588
-0.07847596 -0.02682117 -0.16532871
-0.17551054 -0.00557701 -0.00025387
-0.02772438 -0.04165062 0.02629898
0.13924277 -0.05724934 -0.01811881
0.00510858 -0.04157684 0.06404820
-0.04243484 -0.03410823 -0.12683643
-0.04640136 -0.04865562 -0.03215632
0.14944082 -0.05394895 -0.02285131
-0.13465601 -0.02847535 -0.23266736
0.00975583 -0.03853596 -0.10383528
-0.11872212 -0.02917909 -0.20725796
-0.01167038 -0.06539312 -0.00354599
0.09839539 -0.04466641 -0.01548902
-0.12696837 -0.02566015 0.27408412
0.27622190 -0.05141884 -0.01602044
-0.32328805 -0.02362574 -0.06611408
-0.30965388 -0.01930879 -0.00806327
0.14462699 -0.01337114 0.01163413
-0.04403957 -0.06697169 -0.00172862
-0.29611686 -0.03145101 0.05966358
0.01008177 -0.03327270 0.07242757
-0.30148000 -0.03406706 0.01144078
-0.10092656 -0.04106773 0.02446282
-0.04075387 -0.03853408 0.07482745
0.33359480 -0.04237276 -0.01439718
-0.31538224 -0.02492173 -0.05680336
-0.08096443 -0.03225864 -0.12245551
0.27280402 -0.03922763 0.02519060
-0.02808088 -0.03660518 0.07765843
-0.23743132 -0.01733619 -0.00530754
0.08572036 -0.03515702 -0.02279905
-0.24892499 -0.02206933 0.01444956
-0.03320708 -0.03605133 -0.14875203
-0.01162480 -0.06425151 0.11411706
-0.14562675 -0.02364606 0.28587356
0.14572090 -0.06367093 0.00261753
0.05263269 -0.03283782 0.04226746
-0.21893436 -0.02752698 -0.01707317
-0.27098697 -0.02182273 0.01059134
-0.02310806 -0.01822227 0.01815680
0.08328006 -0.05198519 -0.01474471
-0.04261853 -0.05177555 0.02917810
0.00113343 -0.05672323 0.06308256
-0.28236803 -0.02910079 0.06197778
-0.08957593 -0.04142567 -0.02084071
0.04033829 -0.05980200 -0.01364535
-0.31504190 -0.03402201 0.03682419
-0.04021967 -0.03557088 -0.02584644
0.04562709 -0.05342066 -0.02622089
0.07032325 -0.05502563 -0.01647452
-0.28294179 -0.02251563 0.01320965
-0.02091495 -0.05062797 0.07944389
-0.01564341 -0.05610422 0.01408413
-0.07811568 -0.04525847 0.03941193
-0.15255657 -0.02474270 0.26788494
-0.29515213 -0.03425305 -0.03458466
-0.07894930 -0.02848864 -0.22693895
-0.24454673 -0.02888479 0.01806063
-0.08478391 -0.03013622 -0.21129528
-0.13738024 -0.02452183 -0.22906291
-0.29786766 -0.02721393 0.07314759
-0.06740214 -0.03903051 -0.13656721
-0.04900844 -0.04329780 -0.05016278
-0.00430463 -0.03546209 -0.05994149
-0.07682395 -0.03665899 0.08065797
-0.06077325 -0.03938806 -0.05661795
0.10087101 -0.05368193 -0.01258597
-0.15901366 -0.03894134 0.02406292
-0.03125577 -0.04805598 0.04431922
0.18261427 -0.06088930 -0.01243160
0.16418086 -0.06736892 0.00508027
0.20998991 -0.04099177 0.02877777
-0.04708020 -0.00937030 -0.00334502
-0.01874105 -0.04553513 -0.04212159
0.31112593 -0.03644982 -0.01955675
-0.02012389 -0.04698829 -0.05009788
-0.01961253 -0.04958642 0.04676338
-0.11130606 -0.02601838 0.24744922
0.22529389 -0.05892084 -0.01330086
-0.04082720 -0.03117220 0.16334578
-0.32779151 0.05149494 -0.00145017
0.21836907 -0.02211863 -0.02018002
-0.07012284 -0.02598014 -0.16783290
0.02828392 -0.05317516 -0.01870078
-0.05690093 -0.03008985 -0.14435041
-0.31195328 -0.03094978 0.06470611
-0.10566784 -0.03558776 0.18599069
0.08344907 -0.05213841 -0.01395777
0.07353541 -0.01026401 -0.00947800
-0.06043373 -0.04124857 0.05654674
-0.03114830 -0.04630710 -0.03869509
0.05213486 -0.01489562 -0.01504233
-0.16721608 -0.04557496 -0.02451784
0.00126519 -0.04827904 0.05553991
0.13004890 -0.03705485 -0.01847683
0.00323185 -0.05003398 -0.03964140
-0.04319100 -0.01176416 0.01832467
-0.32816109 -0.02727197 -0.00984483
-0.31075770 -0.02630025 -0.10383210
-0.30567560 -0.02803176 0.06019749
0.30348921 -0.04370084 -0.02042297
-0.02105146 -0.03691608 0.09801596
-0.08257390 -0.02809127 -0.21611932
0.26078525 -0.06957095 -0.01060977
-0.18785796 -0.01637389 -0.00470740
-0.29578334 -0.03314599 0.02088742
-0.20611092 -0.03452666 0.02993789
-0.02274164 -0.03975116 0.03869971
-0.00836106 -0.03252746 -0.09941236
0.01979113 -0.03301453 0.06211156
-0.08886940 -0.02853906 -0.19889753
-0.08777079 -0.03781703 -0.10442334
0.30541527 -0.02221165 -0.01359041
-0.16597861 -0.04337560 -0.02538828
-0.21638276 -0.00476604 -0.00077898
-0.10557350 -0.03429433 -0.02895070
-0.06531613 -0.03111844 -0.17214681
-0.26700449 -0.00438886 -0.00006434
-0.06041554 -0.03159973 0.14224938
-0.10548586 -0.03355495 0.16594072
-0.15300186 -0.04559810 -0.01986508
-0.12380231 -0.00610379 -0.00447263
0.07729310 -0.04040235 0.02297391
0.02941886 -0.05040130 -0.02721005
-0.01857772 -0.02966733 -0.11472990
0.26107994 -0.05657045 0.01765239
0.24141124 -0.01646495 -0.01134897
-0.06221992 -0.04778601 0.01993589
-0.03903041 -0.06321798 0.00127360
-0.01725958 -0.03966999 0.03275805
-0.14294264 -0.00613749 0.00176820
0.14816320 -0.01946938 -0.01969024
-0.29865164 -0.03296566 0.01816943
0.04310223 -0.00900938 -0.00290443
0.24127810 -0.03924136 -0.02660980
-0.24483760 -0.00173235 -0.00384798
0.03492155 -0.03761173 0.10513966
0.00349729 -0.05362818 -0.02009289
-0.03121397 -0.01114561 -0.00031315
-0.11598229 -0.02450034 -0.23979069
-0.24071071 -0.02755600 0.02187179
-0.08331397 -0.00774867 -0.00112681
-0.31281441 -0.02940289 -0.00344950
0.26523915 -0.04246363 -0.02180698
-0.32584181 0.06332069 0.00445790
-0.02525238 -0.05331103 -0.02411547
-0.00312710 -0.05931957 -0.02145598
-0.05043369 -0.03695665 0.16851035
-0.05878873 -0.03031995 0.02946357
-0.27248010 0.02659870 -0.00516103
-0.03791749 -0.04059228 -0.12161977
0.07592285 -0.02176430 0.02053976
-0.32828632 -0.01252583 -0.00005507
-0.01266248 -0.00832673 0.00075043
0.03986572 -0.05324840 0.03251028
-0.00040643 -0.06114552 0.09334942
-0.05415235 -0.03725735 0.09579300
-0.07256185 -0.04894191 -0.02324002
-0.13142428 -0.02980289 -0.19109528
-0.07939040 -0.03315921 0.11140098
0.18698561 -0.03691189 -0.02574079
-0.14581223 -0.01899246 0.01611138
0.15924095 -0.00921421 -0.00771251
-0.08532017 -0.02976921 -0.20918496
-0.07569429 -0.02745825 0.16547520
-0.05827751 -0.04438218 0.06098980
-0.12728149 -0.02312057 -0.25753731
0.00009981 -0.04671471 -0.10803489
0.20008907 -0.03646379 0.02419568
-0.12586556 -0.02453351 0.26384997
-0.31784594 -0.03713018 -0.01995120
-0.20452312 -0.04449260 -0.02304469
-0.30137426 -0.01894806 0.00344455
0.04456981 -0.05237081 0.03267862
0.02373781 -0.04401946 -0.08292466
-0.28184628 0.03281026 0.00181558
0.01004218 -0.05366447 0.01469286
-0.00513579 -0.04119759 0.02583981
-0.14380375 -0.02004950 -0.29740918
-0.09736880 -0.02578032 -0.24192172
-0.10753945 -0.03510797 -0.02429410
0.09542750 -0.05407897 0.01819867
-0.28310993 -0.03551717 -0.01077289
-0.02420151 -0.05751566 0.00829544
-0.08105899 -0.02936763 -0.20607999
-0.06621423 -0.03743952 0.13424161
-0.31621519 -0.01258049 -0.01171472
0.04095868 -0.03475098 0.02295664
-0.17671373 -0.01522922 0.01929714
-0.14441587 -0.02205811 -0.29122624
-0.00491311 -0.04167087 0.02123014
-0.30833322 -0.02869534 -0.05745649
0.03442690 -0.01803034 0.01769049
-0.09717998 -0.01652878 0.01904878
0.04808585 -0.05319849 -0.05390397
-0.01812124 -0.05111750 0.10056658
-0.18387505 -0.06639372 0.00637640
0.20619437 -0.02825601 0.02376077
0.31174898 -0.02039347 -0.01327446
-0.12333763 -0.01228548 0.01595817
-0.21616948 -0.03647076 -0.02591783
-0.20456655 -0.00915408 0.00613657
0.24694060 -0.01593911 -0.01176883
-0.05413832 -0.04063528 -0.12295195
-0.28256717 -0.00291790 -0.00637083
-0.04475103 -0.05473297 -0.01209155
-0.04356373 -0.05045865 -0.07694349
-0.26293340 -0.03326326 -0.03631420
-0.19098532 -0.06131057 -0.00855567
0.23737806 -0.02160461 -0.02353028
-0.00537567 -0.04445211 0.08792061
-0.28015181 0.01314087 0.00559365
0.07076064 -0.05940996 0.02140661
0.20981427 -0.05427213 -0.01887727
-0.17199174 -0.04535050 -0.02512349
0.10658617 -0.04718471 -0.02705903
-0.09334910 -0.02927531 -0.18415457
0.33561221 -0.04123377 0.01625582
-0.18178585 -0.04421843 -0.02732344
-0.17640139 -0.01929825 0.32218683
-0.04092317 -0.01200019 0.01431523
-0.05815868 -0.05391818 -0.02631903
-0.04364061 -0.03383541 -0.02115427
-0.25662816 0.00084911 0.00597613
-0.06987218 -0.03487594 0.09449606
-0.17993845 -0.01533471 0.33690259
-0.06935594 -0.05301986 -0.02045303
0.10014915 -0.02593829 0.02365997
0.24602167 -0.01247314 0.00238189
-0.03904821 -0.05941039 -0.13358666
0.06273297 -0.04921850 0.04146644
-0.04613339 -0.05156054 0.02471356
-0.02841141 -0.03639767 -0.08778699
-0.17858312 -0.02332923 0.01838805
-0.24731530 -0.04756833 -0.01804512
-0.10572453 -0.02920442 0.22361520
-0.14674130 -0.02192669 -0.25285169
-0.21591207 -0.03054903 0.02232891
-0.07200423 -0.06688786 0.00408025
-0.05153210 -0.03210602 0.17570587
-0.20307764 -0.03251377 0.02722438
-0.12077864 -0.02580692 0.25354615
-0.04003089 -0.04031175 -0.01786720
-0.07158449 -0.03185020 -0.11627132
0.30298963 -0.03555177 0.02394760
0.03111027 -0.04019435 0.03362611
-0.04902970 -0.06228855 0.00982663
-0.05747391 -0.06249011 -0.00603883
-0.10110967 -0.03189074 0.20126536
-0.06139048 -0.04686179 -0.02862694
-0.31060302 -0.02213353 -0.01147409
-0.15974420 -0.03757918 -0.01985932
-0.08219589 -0.02885769 0.02127159
-0.03682627 -0.04642256 0.11680228
0.29180914 -0.05601300 0.01737793
-0.10972498 -0.02839395 -0.18823814
0.29372990 -0.02411737 -0.02212684
-0.31751168 -0.02354126 -0.01600653
-0.29723424 -0.01080979 -0.01005931
0.24357700 -0.05804092 0.01282203
0.34482569 -0.05259355 -0.00784833
-0.04655202 -0.03005086 0.02514272
-0.29460385 -0.04900808 0.00039592
-0.12722746 -0.02642742 0.22728978
-0.11558335 -0.01672622 0.01328635
0.00464515 -0.05828902 -0.02130276
-0.25893974 -0.02941698 0.02942501
-0.03231959 -0.05740054 -0.12366997
-0.09156744 -0.02788585 0.02131501
0.00316344 -0.06665889 0.00040077
-0.01463408 -0.06331673 0.10232881
-0.02862183 -0.03679889 0.10122652
0.16117078 -0.01090673 0.00367344
-0.16246384 -0.01537998 0.01938340
-0.33957538 0.05572103 0.00390141
0.03481550 -0.05836697 0.01882168
-0.00498624 -0.03162443 0.02367601
-0.09989241 -0.01798377 -0.01907723
-0.08475182 -0.02666551 -0.20098016
-0.05315067 -0.06512905 0.12839517
-0.16479580 0.00031108 0.00315792
-0.27773136 -0.02605923 0.01006620
-0.10975770 -0.05724639 0.01233105
0.06592446 -0.03740727 -0.04857584
-0.14339262 -0.02025780 0.31777674
0.28698409 -0.05432096 0.01983952
0.09188010 -0.04650667 0.02464424
0.27135399 -0.01286923 0.00711892
-0.21387979 -0.01836857 -0.01486397
-0.08114450 -0.04602429 0.04330640
-0.08606003 -0.03138926 -0.13088296
0.17807710 -0.01157495 0.01309539
-0.24352004 -0.03940129 0.02252806
-0.10422808 -0.01602903 -0.02000629
0.00115239 -0.01163066 -0.01006414
0.12994738 -0.03130735 -0.02300609
-0.14745992 -0.04789884 -0.02269337
-0.02466031 -0.06491865 0.12555559
-0.28453511 -0.02818588 0.03246554
-0.11662398 -0.02576557 0.24550381
-0.02299950 -0.03158747 0.11083087
0.17799819 -0.02343492 0.02141716
-0.17303292 -0.06307478 -0.00779551
0.20035703 -0.02194058 -0.01928179
-0.30503145 -0.02641884 0.05624574
-0.02761611 -0.01133206 -0.00074517
-0.29918879 -0.00960718 -0.00045424
0.03217393 -0.01807430 -0.01477300
-0.26810500 -0.02327561 -0.00991725
-0.04453830 -0.03227286 0.05427382
-0.24915071 -0.04709780 0.02043963
-0.29369846 0.00774826 0.00211242
0.23147634 -0.02034156 -0.02020862
-0.27384633 0.03581134 0.00615984
-0.02893641 -0.03872046 0.02586174
0.02229862 -0.06735846 -0.00749102
0.01781188 -0.05220591 -0.05480511
-0.10006976 -0.02770984 0.24558759
-0.03164111 -0.06756812 -0.09021080
0.01345928 -0.05092217 0.01257350
-0.30884597 -0.04900556 -0.00437606
0.12840781 -0.05352921 0.01568511
-0.16423897 -0.00750285 0.00389307
0.03208176 -0.05989894 0.02061120
-0.34977108 -0.03187187 0.00129185
0.18168721 -0.05644030 -0.01652003
-0.10316011 -0.03125007 0.19083336
0.16881761 -0.03764829 -0.02390333
-0.18167245 -0.01775059 0.32422823
-0.10420733 -0.03061286 -0.14205182
0.33257926 -0.03446983 -0.01000954
-0.06816054 -0.02857416 -0.16014323
-0.10654306 -0.03196090 0.20276122
-0.33418909 -0.03220314 -0.01714511
-0.09467811 -0.03345881 0.15151818
-0.01094890 -0.03501800 -0.09149657
-0.24769014 -0.03382111 -0.01376240
-0.02892371 -0.03823689 0.08497091
0.15171182 -0.04673653 0.02215617
-0.02571993 -0.02806886 -0.13632829
-0.12669164 -0.02549849 -0.25570345
-0.14973108 -0.04644414 0.02006567
0.15569445 -0.03772141 -0.02414261
-0.10716076 -0.02894284 0.02848903
0.28004447 -0.02421100 -0.01942327
-0.29532170 0.01861621 0.00196529
-0.09297794 -0.03111434 0.19551751
-0.18894884 -0.06005248 0.01694976
0.18636535 -0.06055427 -0.01301709
-0.20115714 -0.05236359 -0.01605674
-0.31011063 -0.02862820 -0.06812505
0.34101650 -0.03375661 0.00294039
-0.09363589 -0.05630011 0.01763378
0.14493030 -0.05402694 0.01565927
-0.10455611 -0.06134715 -0.00757400
-0.23047225 -0.00130576 -0.00365432
-0.10436535 -0.02720686 0.22206326
0.21734796 -0.02784334 0.02408996
-0.31160226 -0.03507549 0.03594594
-0.26109192 -0.02137551 0.00575495
-0.33609012 -0.02138346 0.09202871
-0.06369258 -0.04623184 -0.03503101
-0.05417977 -0.05488463 -0.00106469
-0.21859547 -0.05336149 0.01201393
-0.31049520 0.03372352 0.00148318
0.00072895 -0.06532833 -0.08424854
0.04090057 -0.03793316 -0.02665895
-0.13548943 -0.02296206 -0.26230162
-0.08643486 -0.02807553 0.20414673
-0.01624482 -0.03395086 -0.02108216
0.01079756 -0.05068844 -0.11165634
-0.02741755 -0.02977998 -0.11634489
-0.13637970 -0.02600216 0.27520457
0.06513844 -0.03795479 0.03014363
0.30126992 -0.04078885 -0.02422993
-0.11585051 -0.02988308 0.20300899
-0.04581276 -0.06013374 -0.13342567
-0.05011255 -0.03276623 0.11811642
0.30379644 -0.01605907 0.00087481
-0.20345847 -0.03842645 0.02798611
-0.27215421 -0.02160859 0.00645772
0.19313768 -0.02249837 0.02611870
0.02076070 -0.03590050 0.08130725
0.17394802 -0.03379788 0.02393184
0.02360358 -0.03471853 -0.10352416
0.06326616 -0.03087916 -0.05433250
0.00657449 -0.02865285 -0.02277422
-0.05329660 -0.03592926 -0.16209447
-0.14707722 -0.02216723 -0.01797810
-0.03799893 -0.04974408 -0.07572110
0.17094991 -0.02957364 0.02447927
-0.05235900 -0.03541248 -0.05434226
-0.00332097 -0.05316270 -0.02075959
0.24147220 -0.01483743 -0.00634952
-0.05248423 -0.01528706 -0.01386964
-0.14712539 -0.04644855 0.01780911
0.15677294 -0.05630959 0.02014142
-0.10393283 -0.03367962 -0.15396458
-0.14193425 -0.01826576 0.29250640
-0.13478956 -0.06740150 -0.00582060
0.30335140 -0.06110512 0.01002215
0.05471266 -0.04972814 -0.02576420
0.01458063 -0.01942334 -0.01487859
0.21303959 -0.03842492 -0.02442725
-0.02827626 -0.04563903 -0.03451771
-0.06097165 -0.03811421 0.03221976
-0.28942534 -0.03232500 0.05203275
0.04134508 -0.04389727 -0.02146427
0.06371940 -0.04327103 0.06385001
0.02869087 -0.06096086 0.00366098
-0.20037389 -0.00259088 0.00862671
-0.00144345 -0.03516138 -0.04492127
0.00316198 -0.03302267 0.11476839
-0.13953179 -0.02835486 0.25093636
-0.02686757 -0.01603096 -0.01280483
0.01848422 -0.06236174 0.00528022
0.32387939 -0.03938064 0.01212422
-0.28910300 -0.01902614 -0.00924296
-0.14561068 -0.01878745 0.29857227
-0.30795708 -0.02716042 -0.09127504
-0.26698118 -0.00336515 0.01022647
-0.27432469 -0.03026719 -0.05284517
0.17332181 -0.05268891 -0.01905997
-0.16979876 -0.01651921 0.32106671
-0.02587727 -0.03757220 0.08163258
0.04565259 -0.03652555 -0.06725460
-0.04696801 -0.04847268 -0.03494951
0.04027778 -0.05239614 -0.05536002
-0.18144086 -0.01694989 -0.00737265
-0.14839636 -0.01061153 0.01370351
-0.31961346 -0.04022402 -0.00184442
-0.22310877 -0.01689804 -0.00506805
-0.30711195 0.05338143 -0.00434366
0.12123027 -0.01281961 -0.00773743
-0.11701104 -0.02317458 -0.26955035
0.28576180 -0.05033563 -0.01991351
-0.16519079 -0.01555148 -0.31453326
0.11107560 -0.04042197 -0.02504835
-0.07355627 -0.03508265 -0.13378653
-0.00465262 -0.03490924 0.12418866
-0.09417540 -0.02737447 -0.23257157
0.06286412 -0.03498270 0.02240445
0.16637415 -0.03649607 0.02593125
-0.22052775 -0.05484294 -0.01731804
-0.29083002 0.01659128 0.00393737
-0.28910598 -0.03032998 0.04802574
-0.32404679 0.05264802 -0.00482170
-0.17243885 -0.05939092 -0.00206121
0.00575073 -0.03978809 -0.02583156
-0.05594897 -0.02900386 0.17045832
-0.17587075 -0.04485509 -0.02539909
-0.32706311 -0.02391546 -0.08847166
-0.05166511 -0.03437460 -0.10247362
0.05628289 -0.03705189 -0.07797542
0.06391954 -0.05883887 0.01987048
-0.09868971 -0.02814954 0.24341621
-0.00506826 -0.03651641 -0.07933994
-0.02755531 -0.04077754 -0.11242098
-0.17416453 -0.04660366 -0.02532890
-0.09792675 -0.03912684 0.06475751
-0.26645547 -0.03117543 0.01819143
-0.32189575 -0.01867046 -0.00851644
0.00226127 -0.05469158 -0.01338051
0.21307874 -0.01123701 0.00340873
0.01703081 -0.03409116 -0.09251482
-0.00516020 -0.06748844 -0.00887644
-0.29850620 -0.02723063 0.06175443
-0.28220198 -0.02874001 -0.02910598
0.09506417 -0.05133665 -0.01615132
-0.07530072 -0.02971743 -0.02413381
-0.32004598 -0.02819245 -0.04942173
-0.18566178 -0.02469043 0.02402531
0.03942491 -0.03036915 0.09033033
-0.09020752 -0.03773816 0.15475006
-0.08845089 -0.02894035 0.19711167
0.26744196 -0.05827035 -0.00231976
-0.01600299 -0.04247718 0.11604939
-0.08217793 -0.04129430 -0.14300378
-0.30236542 -0.02844824 -0.03150262
0.01675737 -0.04788353 -0.07286119
-0.08829524 -0.02868957 -0.22255249
-0.24961106 -0.03482698 -0.01280194
-0.14087665 -0.01505709 -0.00791215
-0.30428350 -0.02817701 0.05074363
-0.08981980 -0.03376720 -0.13044572
0.25844562 -0.05669761 0.01258823
0.07096518 -0.06508865 -0.00205890
-0.03667908 -0.04250432 -0.04319370
-0.11111248 -0.03602799 -0.02160183
-0.03142129 -0.06219368 0.06871148
-0.08256997 -0.03356690 0.16713525
-0.04312530 -0.00654497 -0.00460118
0.04573118 -0.02197434 -0.02152536
-0.07246228 -0.01652384 0.01667786
-0.28555620 -0.01009502 -0.00117386
0.00724394 -0.03590740 -0.01016445
-0.13556626 -0.02097753 -0.27365774
-0.05743939 -0.05934365 -0.01027333
0.00147812 -0.03234506 -0.04833528
0.31195202 -0.04926699 0.01856681
-0.32769179 -0.02679826 0.08184834
0.32692060 -0.04752764 0.00801936
-0.09262982 -0.01505270 0.00378094
-0.04202488 -0.06319083 0.01076061
-0.32261992 -0.01398280 0.00225819
-0.28457078 -0.03176526 0.02581532
-0.15523797 -0.01008052 -0.00910309
-0.08562133 -0.04235392 0.02869586
-0.00476949 -0.03727984 -0.00615479
-0.00677431 -0.04359657 0.11796349
-0.03681843 -0.04808839 -0.02186834
0.20699586 -0.05708551 -0.01735810
0.21341702 -0.01086767 0.01275183
-0.30279189 -0.00825383 -0.00921849
0.03452990 -0.04370840 -0.02165807
0.04327705 -0.05008833 -0.02533397
0.05210655 -0.03723510 0.08382094
0.02380674 -0.03838594 -0.10253868
-0.07893916 -0.05823771 0.01239339
-0.11794423 -0.03064197 -0.16781436
-0.20416987 -0.05863721 -0.01294880
-0.09639090 -0.03003640 0.23376077
-0.11271923 -0.02710530 0.02208310
-0.25308865 -0.03589970 0.02964733
-0.10154957 -0.03315934 0.19050016
-0.05531524 -0.03554813 -0.10402866
0.01007361 -0.05485282 -0.01195580
-0.03770671 -0.05032885 -0.04048370
-0.31385222 0.03871316 0.00451815
-0.11881968 -0.02839158 0.20148796
-0.11894362 -0.03081508 -0.18731232
0.15044527 -0.06470235 0.00474339
-0.05077625 -0.03157218 0.13835290
-0.02491270 -0.04895457 -0.02096523
-0.03806806 -0.05838612 -0.12449855
-0.05333943 -0.03774943 -0.10293880
-0.04560940 -0.03390186 -0.05185912
0.06260774 -0.02530735 0.02715896
-0.17959638 -0.01456960 -0.01163690
-0.06144625 -0.04868885 0.05684613
-0.06979476 -0.06274094 0.00919537
-0.26932982 -0.03251209 0.02402902
-0.11885892 -0.00963771 -0.00369166
0.22871944 -0.04689425 0.02856844
-0.12532789 -0.02712331 -0.24210247
-0.04220231 -0.02474341 -0.12674776
-0.07919313 -0.02563420 -0.17218077
-0.30176982 -0.02951537 -0.06369119
-0.29507732 -0.02858633 0.06003281
-0.19816810 -0.02973408 -0.00907334
-0.16594066 -0.06269558 0.00196110
-0.07832693 -0.03320698 -0.15639113
0.32806170 -0.04171533 0.01504948
-0.08960244 -0.02750914 -0.22284770
-0.08833233 -0.03242054 -0.15921549
0.01634949 -0.03643079 0.04031167
0.07870647 -0.03556490 -0.04162432
0.05944187 -0.05578808 0.01863845
0.01148764 -0.03287138 0.08504007
0.05846805 -0.04669192 -0.00878810
-0.10123029 -0.03199996 -0.18781562
0.12460805 -0.02047781 -0.01506252
0.23718615 -0.02576901 -0.01922236
0.02196265 -0.03490999 0.02342100
-0.32101163 0.03688264 0.00442227
-0.09131470 -0.03415351 0.13671617
-0.04923063 -0.05075681 0.10532282
0.02117865 -0.05190572 0.01098778
0.08688872 -0.04587546 -0.01349975
0.11453494 -0.05954200 -0.01793586
0.23086469 -0.03865061 -0.02778916
-0.09984676 -0.02744982 -0.24545163
-0.03445394 -0.03592248 0.13082711
0.17895046 -0.02593023 0.02276329
-0.26975229 -0.00987272 -0.00158234
-0.00461812 -0.05378006 0.10097242
0.00983147 -0.03136025 -0.04929762
-0.02490144 -0.04225462 -0.02360296
0.31910312 -0.06536426 -0.00548437
-0.08634933 -0.01658515 0.01912755
0.00802400 -0.06843519 -0.00770382
-0.30366418 -0.02490814 0.09436818
0.21124481 -0.03714022 0.02504457
-0.07171319 -0.05073470 0.03119624
0.04602399 -0.06108706 0.08755121
-0.29963303 -0.02891855 0.05505374
-0.28240496 -0.03804308 0.02056516
-0.01092973 -0.04929299 0.02381741
-0.30310979 -0.02843415 0.06492154
-0.32115436 -0.03250942 0.01143553
0.08073541 -0.04186309 0.01543071
-0.13009164 -0.03073755 0.21031632
-0.08002014 -0.02672901 0.16375104
-0.26757056 0.00650647 0.00447320
0.03258042 -0.04841426 0.04104341
-0.04768880 -0.03373965 -0.15069105
0.00903075 -0.03433613 -0.01972824
-0.17728661 -0.03507033 0.02058126
-0.01868998 -0.01784274 0.01503831
0.06402483 -0.03681838 -0.02523242
0.01488234 -0.04506512 -0.08312847
-0.15440102 -0.02943830 -0.02594586
-0.13591594 -0.04846258 -0.02208812
-0.28491819 -0.01621753 -0.00996053
-0.00499973 -0.03999297 -0.01862044
-0.31537819 -0.02930930 -0.00798544
0.22633214 -0.05697396 -0.01450254
-0.02184918 -0.04687463 -0.07206941
0.21455723 -0.01703688 0.01412512
-0.14327540 -0.05473719 0.02047462
0.01799634 -0.03302950 0.10502257
-0.05486698 -0.03863878 0.13119228
-0.12590899 -0.02283414 -0.25002730
-0.01473411 -0.04608475 -0.07265123
-0.18576913 -0.01024393 -0.01166522
-0.09200636 -0.03288042 0.17312180
-0.32559022 0.06667076 -0.00195216
-0.07585281 -0.03702843 0.11007869
-0.35041511 -0.03111264 -0.00103732
-0.00559587 -0.03104032 -0.10313265
-0.00906323 -0.03597402 -0.09593637
-0.05993524 -0.03683022 -0.09992573
-0.04776596 -0.01480060 -0.01466597
-0.11981532 -0.02918011 -0.22277442
0.01021099 -0.03471114 -0.06536543
-0.14054462 -0.02241351 0.28710949
-0.05976410 -0.03586149 0.09533922
0.21648692 -0.06007189 -0.01391640
-0.07620237 -0.01568758 -0.01557345
-0.25989163 -0.03252615 0.02802288
-0.02528568 -0.03117420 0.08898360
-0.11987416 -0.02772528 -0.21604621
-0.02250295 -0.03053355 0.13800439
0.01767799 -0.01580213 0.01194551
-0.01186906 -0.03757066 0.03327647
-0.11870541 -0.03573278 -0.02234851
0.08073459 -0.01550124 -0.01409257
-0.06908689 -0.03888546 0.09761412
0.03538206 -0.06060253 -0.01132708
0.03865045 -0.04187366 0.06233470
-0.00653214 -0.03224127 0.07656769
0.16342039 -0.01429711 -0.00654447
-0.26651320 -0.00588353 0.01229060
0.22808190 -0.01970908 0.02118533
0.09852199 -0.01709889 -0.01255623
-0.31859881 -0.03297672 0.03537906
0.15345386 -0.03587033 0.02612421
0.30204633 -0.04533273 -0.01825112
0.15129972 -0.05452801 0.00027951
-0.16086319 -0.04541523 -0.02001750
-0.05220412 -0.02315965 -0.02007508
-0.00626654 -0.05793243 0.06612179
-0.14980900 -0.05867311 -0.01239971
-0.30259576 -0.01356103 -0.00809149
-0.07924642 -0.03255103 0.17329061
-0.09180287 -0.03088804 -0.17097411
-0.25858915 -0.02572474 0.01039175
-0.07134265 -0.02938352 0.03075237
-0.11589926 -0.02434330 0.26019132
-0.08844677 -0.04247062 -0.02273352
-0.05179213 -0.05252968 -0.02861138
-0.03527552 -0.04778082 0.05033612
-0.01362542 -0.03963505 0.02686270
0.08707416 -0.04481772 -0.02906360
0.30320400 -0.06499598 -0.00672775
-0.25187078 -0.04774956 -0.01709086
-0.05494098 -0.03775121 0.11649711
-0.01872605 -0.05449515 -0.01926142
0.02659766 -0.05882706 0.01721023
0.05066104 -0.06067204 0.08504302
-0.12323128 -0.00884190 0.01028054
0.18509263 -0.05555047 -0.01938089
-0.05270705 -0.06445134 -0.06043885
-0.28587127 -0.02343473 -0.00998093
-0.14423643 -0.02764405 -0.24061482
-0.01286533 -0.03274529 -0.11373878
0.04146971 -0.03565848 0.03391185
-0.06326153 -0.01770774 0.02001959
-0.25928217 -0.02036056 0.00614175
-0.05011516 -0.04057638 0.07237930
-0.12630315 -0.02452450 0.25503704
0.18037134 -0.06133211 0.02178501
-0.05532742 -0.04273917 0.06727774
-0.22262296 -0.03820226 0.02915987
0.29401523 -0.02392576 -0.01531720
0.09914488 -0.06523015 -0.00303526
-0.28682977 0.04305647 0.00128290
0.03465274 -0.05061838 0.01502699
0.06222193 -0.02980429 -0.05677902
0.00354689 -0.05488501 -0.01677474
-0.06542833 -0.03430837 -0.12055811
0.09104598 -0.05625543 0.01347273
-0.08983368 -0.03372579 0.15046285
0.00633164 -0.04371981 0.08073058
-0.27022481 -0.05251377 -0.00470599
-0.23834598 -0.04521880 -0.02239269
-0.07503050 -0.03488318 -0.14722764
-0.06421378 -0.03288117 -0.12005541
-0.05587825 -0.02951129 0.18711469
-0.14509042 -0.02349921 -0.27073377
-0.09706721 -0.02435918 -0.21909355
-0.31262943 -0.03129739 -0.02697739
-0.04950140 -0.04104882 -0.11108211
-0.05265224 -0.03962421 -0.09152485
-0.33267534 -0.02656243 0.00482966
-0.31167525 -0.02588243 0.07222771
-0.17315099 -0.01301566 0.01084336
-0.30622798 -0.03217756 -0.01217716
-0.09037268 -0.06543714 0.00294826
-0.20435916 -0.05833967 0.00861306
-0.06345236 -0.03620989 -0.06810994
-0.13825217 -0.02516909 0.25716966
-0.10861197 -0.02207103 -0.20282765
-0.01282800 -0.04412024 0.02024321
0.00069437 -0.05425620 0.01491234
-0.00703219 -0.03269169 0.00935648
0.26473218 -0.01641409 0.00552435
-0.11482089 -0.03101179 0.20504665
0.02397973 -0.03908831 0.11518521
0.24650145 -0.02547777 0.02028368
0.01521694 -0.04261794 0.08257452
-0.00470078 -0.02648045 -0.02689727
-0.19492942 -0.00589532 0.00089082
-0.27488118 0.00055256 -0.00567828
-0.04175191 -0.03585142 0.08670400
-0.13764057 -0.02609421 0.26324734
-0.08312003 -0.05029952 0.02358947
-0.17746842 -0.01477622 -0.32805631
-0.20749922 -0.05065557 -0.01763191
0.23356354 -0.05844824 0.01278719
-0.14992209 -0.04437409 -0.02571550
-0.31000975 0.01629023 0.00206528
-0.06366572 -0.03785381 -0.14396726
-0.31575561 -0.02850266 0.08206498
-0.03869067 -0.03968898 -0.12421589
-0.15030196 -0.02537496 -0.25640818
-0.08306324 -0.02753295 0.16725929
0.06989281 -0.01591390 -0.01387733
0.06302322 -0.03649942 -0.03814217
-0.13592131 -0.02747434 -0.23065838
0.25241411 -0.03360335 0.02232590
-0.32194868 -0.03138063 -0.01443579
0.03022499 -0.03386545 0.06309451
-0.03392355 -0.03737500 -0.11169231
0.02957741 -0.03729045 -0.06594776
0.00342678 -0.05279410 0.01311436
0.19428326 -0.00993938 0.00310085
0.07226030 -0.01141625 -0.00096184
0.00312209 -0.03587813 -0.02506460
-0.25925502 -0.06074962 -0.00845267
0.03277677 -0.05845473 -0.01922351
-0.30566189 -0.03234749 0.02926562
-0.10860000 -0.02968498 0.18982813
-0.05477414 -0.04313244 0.02324868
-0.07570583 -0.04046201 0.08748440
0.04365503 -0.04774744 -0.08458835
-0.07477496 -0.03761299 -0.07805464
0.20499492 -0.05016749 -0.02298314
-0.09992959 -0.03308490 0.14762570
0.22411530 -0.02491191 0.02552957
0.23697379 -0.03548926 0.02503333
0.09153279 -0.01039408 0.00496966
-0.00495356 -0.04454737 0.02148274
-0.32578352 -0.02531040 -0.09169711
-0.19936648 0.00234619 0.00713063
-0.06437798 -0.04178582 0.05822659
-0.15831758 -0.01314385 0.01093613
0.07696645 -0.01793339 -0.01704375
-0.21440856 -0.03038146 -0.02400890
0.15535414 -0.01470640 -0.01585640
-0.15161991 -0.06029443 -0.00851061
0.08897098 -0.01078934 0.00953366
-0.15406023 -0.03480634 0.02089615
-0.28892010 -0.03121794 0.02565936
0.04814009 -0.05861054 -0.01532947
-0.26612708 -0.05272049 -0.00657376
0.04612132 -0.04849496 0.04154991
-0.05096233 -0.06047950 0.02298563
0.02435827 -0.06032340 0.08557364
-0.02758846 -0.04452404 -0.03624902
-0.05370389 -0.06443833 -0.03181618
-0.16938482 -0.00031292 -0.01975746
-0.29930052 0.03701181 0.00420474
-0.28002387 -0.03380574 0.02008258
0.19329873 -0.05679958 -0.01903679
0.00191064 -0.03707969 -0.07187387
-0.04343245 -0.03032828 0.15640444
0.20799556 -0.03779743 0.02535852
-0.07041089 -0.03420529 0.11014117
-0.25722754 -0.00504592 0.00081358
-0.29540631 -0.02959518 -0.06224448
-0.32170382 -0.02470447 -0.06323482
-0.06177942 -0.03756509 -0.10463632
0.33270109 -0.05592980 -0.00628799
-0.29439351 0.00658708 0.00641694
0.03000274 -0.03228234 0.02832957
-0.23319063 -0.00970773 -0.00562573
0.18660296 -0.06057659 -0.00203020
0.12659004 -0.04726666 0.02421330
0.19875666 -0.02389589 0.02591921
-0.10690279 -0.03951038 -0.07395366
0.04610461 -0.03936645 0.05553721
-0.06208554 -0.04583327 -0.03564821
-0.04825056 -0.06463978 0.12067765
0.09661584 -0.04570572 -0.02804577
-0.28510776 -0.04961003 0.00118699
0.04625716 -0.05507801 -0.01629600
0.06191600 -0.03814042 0.02502248
0.11400636 -0.05751116 -0.01972583
-0.10595611 -0.02806790 -0.20684683
0.01639465 -0.04475849 -0.05328664
-0.06853333 -0.02912341 0.16311306
0.23061365 -0.01381375 0.00436083
-0.31987187 -0.02698936 0.07093972
-0.31990585 0.01553087 0.00358695
0.02559485 -0.03924979 -0.07027901
-0.28582379 0.00707414 0.00402025
-0.03973867 -0.04018139 -0.11659343
0.04355282 -0.03966367 -0.02751336
-0.10026386 -0.03104316 0.16278353
0.18330109 -0.01076097 -0.00771406
-0.24810377 -0.04529566 -0.02035565
0.03358098 -0.05224110 0.02813714
-0.30943006 -0.02697515 0.06797378
-0.11159956 -0.06373496 -0.01072499
0.10448915 -0.02920068 -0.02175737
-0.07579079 -0.03687807 -0.11317325
-0.14449947 -0.02063563 0.01805937
0.18796627 -0.04479944 -0.02222934
-0.29715818 -0.02111007 0.00504976
-0.28524959 -0.03384176 0.01407222
-0.00074510 -0.03457243 -0.04602636
0.04482533 -0.04003556 -0.02587649
-0.29202929 -0.03458590 0.03837873
0.13222489 -0.03169073 -0.02484238
-0.04426958 -0.03728030 -0.04608391
-0.02415769 -0.03327706 0.09214696
-0.33131543 0.05304416 -0.00236927
-0.05954911 -0.03047053 -0.17414574
-0.04773192 -0.03525650 -0.13695689
0.05007645 -0.05234431 -0.01974855
0.02012571 -0.04792899 0.04019000
-0.13906460 -0.05890531 -0.01984855
-0.04619195 -0.03885082 0.14690129
-0.04339230 -0.04063122 -0.02243571
0.06773601 -0.03690347 -0.07927655
-0.25304112 -0.00998721 -0.00576511
-0.01367350 -0.03464045 0.13722108
-0.06912593 -0.03540553 -0.13325515
0.15080008 -0.02672390 0.02020666
-0.31837428 -0.02836056 0.04154796
-0.15454020 -0.01940682 -0.29644036
-0.09011059 -0.01922682 -0.01771914
0.14439975 -0.01919678 -0.01971100
-0.32033342 0.06920635 0.00016989
-0.27102834 -0.04729509 -0.01914088
-0.04879336 -0.03303465 0.11799914
0.02388632 -0.05206187 0.03209754
-0.10923298 -0.02735909 -0.21887565
-0.06269707 -0.01215549 -0.00907218
-0.07952240 -0.06426617 0.00049584
