0.15408337 0.22462454 -0.09833246
-0.04073995 -0.24239932 0.18856549
-0.16422661 -0.33064085 -0.16410105
-0.16148038 0.39678273 0.03285985
0.15335435 0.09388635 0.08186233
0.06892465 -0.27394143 0.19002990
-0.15731488 -0.24092406 0.12223008
-0.15397884 -0.12714405 -0.03846242
0.15323284 -0.14710550 0.01591001
0.01651322 -0.34778070 0.18376078
-0.08788419 -0.36052755 0.18815453
0.15457301 -0.24686833 -0.17180324
0.15133519 0.08081177 -0.03032473
-0.16207573 0.08940362 0.12441742
0.15036026 0.21213143 -0.18621272
0.15315273 0.04776191 0.05280389
-0.08140866 0.36640495 0.18783858
-0.16161929 0.32007420 0.07793627
-0.16546939 0.35215968 0.18205643
-0.09869555 -0.40447041 0.10272457
0.14872123 0.11307134 0.09660646
-0.03583638 -0.04727982 0.19274464
0.15309329 -0.07968102 0.06719400
0.15295492 0.41856718 0.06322911
0.13386001 -0.11455437 0.17638998
0.15346389 0.36203241 -0.13342647
0.07127137 -0.37891874 0.19156063
0.04678528 -0.19495836 -0.18452147
0.01237544 -0.26417717 0.18819755
-0.15365276 0.00157982 0.18257083
-0.10391131 -0.11197966 0.19178803
0.03869956 -0.40431806 0.15649174
0.10554829 0.40317762 -0.18756376
0.15694557 0.04801679 0.18308315
-0.16711101 -0.35119992 -0.03316928
0.02407742 0.38240197 0.19928561
-0.08535741 -0.14722189 0.18980826
-0.04258633 -0.29422796 0.19261715
0.15524600 -0.27906477 0.00573461
-0.02913115 0.13236830 0.19445965
0.15606576 0.15053809 -0.17314351
-0.16034590 0.33165938 -0.17978078
-0.16413158 -0.15947849 0.13116845
-0.16690163 0.38316399 0.14240271
-0.16700163 0.33398664 -0.04882767
-0.15812115 0.07860772 0.01209357
0.14374962 0.04798993 -0.01731603
-0.16442639 -0.19251852 0.06417368
0.07362454 -0.19643162 0.18945558
0.15090567 -0.04170907 -0.00118503
-0.16219501 0.09722003 0.06663934
0.14513491 -0.12626056 0.15870085
-0.04205825 0.21971321 0.19700235
0.02714030 -0.11346703 -0.18694334
0.15330091 0.06003495 0.07731166
-0.16458115 -0.00979635 0.10049014
-0.17041531 -0.26988745 0.15302776
0.01263382 0.35564899 -0.19359139
-0.16541842 -0.29180229 0.11471572
-0.13911860 0.26840976 0.18695107
-0.16616800 0.25590608 -0.14468184
-0.15591487 -0.31659055 0.18025976
0.14599538 -0.27110907 -0.19043244
-0.15666264 0.09181292 0.18482083
-0.16497168 -0.31792164 -0.01775052
-0.04866244 -0.23988013 -0.19334948
-0.06501748 0.27542844 -0.19294821
0.01220860 0.42442951 -0.15728283
-0.03608979 -0.37966716 -0.18929571
0.13000709 0.07798547 -0.19242302
0.10973173 0.42084745 -0.06495488
0.15207499 0.08894978 -0.09127755
0.15593848 -0.34370533 0.17982554
0.01102660 0.26186928 0.19058813
-0.15664721 0.24384506 0.17936786
0.15321353 -0.36561999 -0.02200354
-0.15708520 0.41506323 -0.04539139
0.00427417 -0.19539255 0.19068958
0.15266927 0.36807680 -0.10148744
-0.12232125 0.14092983 -0.18605119
-0.07387426 0.28388897 -0.19392699
-0.16066492 -0.15411486 0.01188389
0.03916233 0.41717294 0.01292213
0.15630351 -0.40429246 -0.15834697
-0.16324846 0.35643288 -0.03448467
0.15229976 0.28267628 -0.00943435
0.15004307 -0.10534105 -0.05117973
-0.16834964 0.36178434 0.11447247
-0.16506837 0.01350432 -0.14467776
-0.15511058 0.38170817 0.01857983
-0.16375972 0.32367864 0.01149985
0.15877087 -0.31995118 -0.06825363
-0.06483161 -0.11936586 0.19620664
0.03306773 0.42566329 0.14625798
-0.03169902 -0.02284394 -0.19128288
-0.14859676 -0.10982512 0.19196469
-0.16074723 -0.20432962 -0.13587150
-0.02515512 -0.23294762 -0.18729223
0.09904318 0.41876575 0.05469732
0.15464757 -0.02329794 -0.02059972
-0.15419409 0.00601814 0.10444729
0.15398736 0.40819576 0.09987607
-0.16545731 0.20233732 0.15121704
0.06337277 0.34144822 0.19136679
0.06666568 0.42049444 0.04923889
-0.06908704 -0.21723667 -0.19250178
0.06451887 0.32582149 -0.18494803
-0.05241580 -0.00406631 -0.18817580
0.01495050 -0.40351862 -0.00052284
0.15810403 -0.40676829 0.06320890
-0.14940593 0.40991426 0.19987787
0.12713490 0.40393096 -0.19453500
-0.01551656 -0.40592071 -0.06647193
-0.16801667 0.22415552 -0.02969290
0.14684731 0.31986588 0.04872717
-0.16512547 0.29240838 0.04206521
-0.11803053 -0.39486235 -0.08025800
-0.16469346 0.32670036 0.09187518
0.00510638 0.00313182 -0.19322811
-0.16275866 -0.21232221 0.01605755
0.15769918 -0.27449828 0.08092804
-0.16503030 -0.10671838 -0.04040469
0.15207912 0.00704260 0.12902151
0.10956892 0.32648298 -0.18803617
0.16372292 -0.29354939 0.09799188
-0.15932478 -0.15655789 -0.14209187
0.15029171 0.14980884 0.11189435
0.13323684 -0.40932557 0.03150987
-0.14643915 0.31209391 -0.17934985
-0.05207729 0.13217810 -0.19369321
-0.15792438 0.14000793 -0.03160574
-0.16596298 0.14978912 0.10881013
-0.13082458 0.38335991 -0.18730208
0.04500254 0.38921535 0.19409731
0.15256318 0.29148477 -0.12862779
0.15379548 0.22516571 0.11092906
-0.16353285 -0.02430164 0.17173314
0.16033562 -0.19838205 0.05260276
0.15910307 -0.11429952 -0.13969548
-0.15547711 -0.22175345 -0.14972016
-0.13741194 -0.40534696 -0.08544597
0.15234852 -0.32242972 -0.10445458
-0.00017172 0.19940960 -0.19228506
-0.00573207 0.03341596 -0.18903254
0.15779546 -0.35249642 -0.12829539
-0.06099232 0.13642389 0.18431735
-0.15471919 0.00443386 -0.18702972
0.13482174 0.42487106 0.10508450
-0.06875026 0.04794176 0.19412267
-0.08141757 0.40143403 -0.17875578
0.09782572 0.41879171 -0.16409041
-0.16527417 0.33807296 0.11428106
0.15589915 -0.20118636 -0.01656654
-0.15376922 0.40906170 -0.05677239
-0.13962321 -0.34705052 -0.02559110
0.11830737 -0.03239325 0.18764216
0.05460501 -0.39929438 -0.16067253
-0.06949155 0.09551656 0.19787478
0.06189151 0.41724887 -0.18936804
-0.16567701 -0.23730183 0.03132698
-0.00515414 0.23015638 -0.19018124
0.15720154 -0.39123484 0.09875844
0.15497380 -0.10970332 0.06848765
-0.16726251 0.16547967 0.01278247
-0.14222167 -0.16085300 0.17738001
0.02742688 -0.03673876 0.19252244
-0.15583362 -0.14209339 -0.13310464
-0.01638392 -0.04727043 -0.18827885
0.15451309 -0.19507341 -0.00942321
0.03759791 0.21099274 0.19267789
-0.12785476 -0.41107136 0.14259948
-0.00329296 0.00478763 -0.19062351
0.04550897 -0.08594070 0.19631769
-0.05920967 -0.06686686 0.19367629
-0.12546444 0.42268580 0.14704442
0.13248445 0.39301002 -0.15766619
-0.03667751 0.21757914 0.18808277
0.15569848 -0.01800060 -0.01884220
-0.16104004 -0.21891049 0.07687104
0.15919921 -0.35600260 0.05494289
-0.16188839 0.40587050 0.09162690
-0.08643936 0.42426026 -0.11815017
-0.05092602 0.22067675 -0.19199812
0.15611319 -0.24065419 0.15271638
-0.03168270 0.18474165 0.19332227
0.08128804 0.42677703 -0.16530693
0.15616336 -0.20666069 -0.02126221
0.12690489 0.38698539 0.19334279
0.08663031 -0.15334636 0.18869512
-0.16156650 0.24154615 -0.09688840
-0.15936759 0.08055218 -0.01527433
0.02528816 -0.41828391 -0.08146283
0.05959927 -0.14368227 0.19261236
0.15183824 -0.19240990 -0.07213645
-0.16088328 -0.16565190 -0.13610613
-0.04596087 -0.40615511 -0.01816782
0.15454353 0.07789023 0.13891380
0.15660217 -0.16759712 -0.07165805
-0.05534872 0.41941532 0.10929382
0.15859143 -0.16032885 -0.08994953
0.16231760 -0.11850618 -0.18185897
-0.16586353 0.15093762 0.10230612
-0.15165743 0.00708370 0.18441817
0.05108734 0.41836011 -0.09831671
0.15820161 -0.23815227 -0.17428966
0.15248844 -0.37454402 -0.18489356
-0.16663444 0.11043592 -0.09170878
0.06930548 -0.21975009 0.19399737
-0.01709154 0.12088577 0.18995807
0.14931680 -0.19461507 0.07683268
0.14529279 0.40261674 0.16949995
0.10829878 -0.04142888 -0.19216105
0.15084292 0.09208593 0.04830733
-0.16579325 0.28413492 -0.01912173
-0.16095786 0.16986161 0.09561050
0.15904351 -0.36428368 0.00725468
-0.15375145 -0.25523189 0.07936462
0.10951891 -0.04401108 -0.18917817
-0.11872111 -0.37748459 -0.18541837
0.14521234 0.21696359 -0.08194522
0.06880477 -0.25623110 -0.18841770
0.12323119 -0.21534134 0.19561857
-0.05164307 0.08213343 0.19023786
-0.02900584 0.12804469 -0.19235769
0.14693341 -0.36818874 0.17374846
-0.16066727 0.04709935 0.08926472
-0.12125292 -0.08512733 0.19457449
-0.16590627 -0.32857516 0.02308123
-0.14123213 0.27932253 -0.19127086
0.07321548 0.29164073 0.19141164
0.15603150 -0.33698827 0.17128411
0.00342638 -0.15045917 0.19401315
-0.08966492 -0.11192551 -0.18638389
0.16010183 -0.28909400 -0.04551297
0.15880534 0.35928810 -0.16348013
-0.08235849 0.42311484 -0.08299916
-0.02150531 0.42463887 0.07783100
0.03721554 -0.23058040 0.18809567
0.15534498 -0.00619093 0.07834795
-0.14209050 0.08325616 0.19706835
0.16101015 0.41313958 0.17287317
0.11157774 -0.29924431 0.18450193
0.15976222 0.38471290 0.13732214
0.05474494 0.41996270 -0.04212252
-0.15465192 0.41187030 -0.16670887
-0.16272415 0.01456474 0.03930068
0.15620959 -0.15482695 0.09401306
0.15208246 0.11406955 -0.01967134
-0.16077441 0.16926154 -0.14426297
0.08220896 -0.09079325 -0.18995070
-0.15549636 0.25367540 0.19071728
-0.14434496 -0.24078056 -0.19604854
0.14995155 0.04868566 -0.10931615
0.01116195 0.24303657 0.19283392
0.05226904 0.03318531 -0.19310521
0.15459889 0.28814098 0.01956645
-0.16522238 0.05130292 0.08200053
0.13648579 0.41975141 0.00646587
0.15808919 0.34164348 0.15908866
-0.15597160 -0.17378139 -0.17431268
0.15338756 -0.12775753 0.05301842
-0.16300111 0.05991635 0.04188338
0.02975507 0.41788977 -0.17287405
-0.14652455 -0.14944854 -0.19195308
-0.02536664 -0.25336134 0.19499801
-0.15347022 -0.03500103 -0.13642712
0.00298354 0.08954905 0.18951465
-0.15197048 0.18075359 -0.19976240
0.15222324 0.10883406 0.10870448
0.14989044 0.32739639 0.12736465
-0.16390163 -0.34879109 -0.09803654
0.02173027 -0.16983646 0.18375842
-0.12573138 0.06375757 -0.18960764
0.15780947 0.38855958 0.10623844
0.05370523 -0.11533934 0.19305111
0.08347816 -0.22863103 -0.18347983
-0.13163376 0.14842732 0.01950387
-0.01481517 -0.05120920 0.19134153
0.11639109 -0.11946814 0.15490097
-0.05045008 -0.29130280 0.19232304
-0.15278421 0.05101973 0.09805738
0.05027237 -0.05017626 -0.19053830
0.14194709 -0.35431564 -0.05252913
-0.15324311 0.24378267 -0.16249491
-0.05206656 0.41727814 0.09642164
0.15236691 -0.00795259 0.13904412
0.12579331 -0.04165731 0.18282337
-0.14027394 -0.40841988 0.15496407
0.15666890 -0.27436450 -0.10614583
0.14502525 0.03729236 0.18063751
-0.13467114 -0.13922602 0.19684266
-0.16498061 -0.05683728 -0.08952777
0.16311812 -0.18237087 -0.12460797
0.06256099 -0.04424810 -0.19000058
-0.09400922 -0.40374613 0.16843915
0.01104505 0.03414631 0.19477814
-0.16564013 0.37644178 0.08069210
-0.15561908 0.04433095 0.16565010
-0.04321604 -0.40556166 0.02527445
-0.15668216 -0.09496260 -0.17844675
0.09144277 -0.09738411 -0.19232541
-0.11918842 0.42428237 0.05447089
0.15367009 0.33451262 -0.02205340
0.15105376 -0.12907007 0.07386355
0.03874040 -0.40724581 -0.00318330
-0.16478476 0.00072768 0.06473159
-0.16691989 0.36437300 0.11368483
-0.16217272 -0.25555515 -0.01501709
-0.16370918 0.22113855 -0.05395819
0.01223212 0.11912236 0.19255880
-0.16388641 0.33622050 0.14624126
0.13913332 0.15777841 0.18932725
0.15971006 0.37687051 -0.04179905
-0.15770301 -0.03851299 0.18846226
-0.02518206 -0.40698180 0.14022085
0.15042208 0.12698485 -0.00511976
0.15442659 -0.15393369 -0.16480808
-0.10742699 0.41896352 0.16398835
-0.03095853 0.41457528 0.02962193
-0.04455646 0.00985856 -0.19043809
0.15010044 -0.11469315 -0.01279868
0.15778492 0.37910545 0.12148923
0.15017308 0.08849975 0.12623426
0.02566913 -0.05256164 -0.19411907
-0.16343176 -0.03870104 0.01500793
-0.16588354 -0.23089689 0.11281719
0.15505873 -0.14970817 0.05101630
0.01963697 0.20291695 0.19229123
-0.16510154 -0.11358479 -0.00129060
0.12334447 0.42208773 0.08910118
0.15026325 -0.00471855 0.16792786
0.15450348 -0.13883761 -0.18367574
0.08499192 -0.22003207 0.19309367
0.14799327 -0.20031330 -0.09160953
-0.10408868 0.39387634 -0.19679578
-0.04137036 -0.36758652 0.18939164
-0.01841101 0.18279891 0.19690529
-0.16778417 0.05067650 -0.11594371
-0.08793225 -0.41029567 -0.11442558
-0.05835923 -0.40975848 0.01318993
0.07769068 0.40400189 0.19590564
0.15528646 0.34707028 0.07515439
-0.10489400 -0.19213143 0.19173099
0.13403240 -0.33875144 -0.17355099
-0.11930399 -0.28435561 0.19017127
0.04294219 -0.30811015 -0.19087900
-0.16685098 0.16175863 0.01934000
0.15370436 -0.27207330 0.04095037
0.15339459 -0.30779120 -0.03099742
0.10466586 0.41714635 0.19533068
-0.16692445 -0.04644720 0.05049510
0.14725327 0.36099932 0.14553007
-0.13756283 0.23357719 0.19213971
0.14991234 0.01448964 0.08690513
-0.10351916 -0.13799611 0.18987642
0.12991197 -0.38685545 -0.18711863
-0.16381548 0.06307942 -0.07684182
-0.16103239 -0.19302760 -0.09703681
-0.16301703 0.03249448 0.00745138
0.12119564 -0.28240356 -0.18645297
-0.16465981 0.14106843 -0.09603868
0.10201719 0.41929385 0.10404386
0.04187066 -0.17836222 0.19340825
-0.01257420 -0.12926458 -0.19035974
0.04977605 -0.32256085 -0.18865979
0.06462977 0.42395142 0.08255102
0.02488981 0.17884623 0.19311211
-0.08956774 -0.40737879 -0.02409790
-0.14973453 -0.29386485 -0.17518872
-0.04206292 -0.40644622 0.04230266
0.05190123 -0.13998355 -0.19299811
-0.14809158 0.41823322 -0.19433576
0.15694030 0.25883818 0.17110561
-0.16152836 -0.11045912 -0.17625766
-0.05999711 -0.41529125 0.11423264
0.10996090 0.41893011 0.11107308
-0.16536647 -0.23747458 0.08184903
-0.16640925 0.37853402 -0.14728619
-0.07149614 0.13185345 0.19341326
-0.03165277 0.05059324 0.19373737
0.14966892 0.37701413 -0.18468849
0.03141554 -0.40148130 -0.00113206
-0.16544244 0.11046604 -0.13080202
0.03581122 0.41683534 -0.02340488
0.15851748 0.01970617 0.00931392
-0.16353633 -0.01302314 -0.14751260
0.11100578 -0.34787154 -0.18557742
0.05733301 0.30363274 0.19200146
0.14833617 -0.09105538 0.08538526
0.15070835 -0.36478385 -0.14315233
0.14943095 0.23627608 0.15861720
0.15494116 -0.16802137 0.04575910
-0.15189737 -0.38245213 0.10282879
-0.05776018 0.14605948 -0.19116355
0.15470351 0.25430021 -0.05820686
0.15167920 0.03397441 0.02776656
0.10340563 -0.20602022 -0.19175853
-0.14550777 -0.31788656 0.13459684
-0.02244310 -0.27620935 0.19136465
0.05977593 -0.39948013 -0.18766426
-0.17084524 0.11827615 0.12367892
0.01591999 0.02738111 -0.19096816
0.15654005 -0.23346877 -0.01079816
-0.04088345 0.14357997 0.19180214
-0.15999511 0.12935853 0.07323594
-0.16633292 0.11735525 -0.08751491
-0.15174778 -0.28005669 0.02027374
0.12200899 0.42555687 0.11970919
-0.15559335 0.41949639 0.05056918
0.16003242 -0.39366761 0.03432303
0.14527436 -0.38860163 -0.15085077
-0.16347319 -0.01575197 0.13045168
-0.16387326 0.19838896 0.16613077
0.15410961 0.20058307 0.04620448
-0.16256785 -0.21493515 -0.01688345
-0.06190339 0.01962525 0.19136009
0.15372655 -0.25260779 -0.13966668
-0.09348945 0.17902645 -0.18865953
0.15376528 0.37943289 -0.11149125
0.15393792 -0.12178025 -0.09954273
0.15732938 0.40703586 0.08258706
0.13154377 0.11645497 0.19791701
-0.01857733 0.34864861 0.19247547
-0.04218639 -0.41050056 -0.00837668
0.16002841 -0.21395594 0.06702773
0.11849589 0.42046288 0.02245788
-0.00096980 0.42049238 -0.12907843
0.04311066 0.03469554 -0.19122301
0.14482819 -0.15135503 -0.16818294
0.14289334 0.35065287 -0.19273019
0.15686248 0.39967427 0.08790478
0.03960380 -0.40668303 0.14210573
0.09774947 -0.33740175 -0.18466239
-0.12516035 -0.02770819 -0.19534071
-0.15293509 0.23455511 -0.18908678
0.15571450 -0.16860619 -0.08381196
-0.10723840 -0.34127200 -0.18739504
0.15429629 0.38092792 0.08610822
0.08523564 -0.31067944 0.19095853
-0.10108408 -0.24203341 -0.19415981
0.12886436 0.42604914 0.13799396
-0.02485283 -0.09869088 0.18886487
0.15469305 0.26484409 0.02456710
0.15319183 -0.14757347 -0.05849335
-0.05780610 0.23400958 0.18897603
-0.05849670 0.41816643 -0.01902265
0.13658829 0.02407121 0.19327135
0.14800273 -0.30655080 -0.16075358
0.08952577 0.42228317 0.06317910
0.03952817 0.24958163 -0.19371070
-0.02244924 0.21420921 -0.19208488
0.10315896 -0.12510273 -0.18327956
0.15401113 0.04201430 0.12713253
0.09866400 -0.02612736 -0.18982714
0.12444586 0.06029324 0.18971732
0.14617369 -0.01468001 -0.04126186
0.07017325 0.22310106 -0.19008796
-0.17058128 -0.35800382 -0.03121564
-0.08357362 -0.24566847 0.18879472
0.14821102 0.28476703 -0.03280200
-0.09438123 0.26907381 0.19201058
-0.07766831 0.14402933 0.18551435
0.11070214 -0.24729082 0.18876502
-0.16599634 0.25396824 -0.05476213
-0.16127634 -0.28374758 0.03843511
0.14721073 0.11799283 -0.07488862
-0.15972166 -0.06973819 -0.17502604
0.14589477 0.03085995 0.18788578
-0.02804561 0.11445463 -0.19114363
0.16343372 0.04370643 -0.17661680
0.14413191 0.22400218 -0.18179445
-0.15694414 -0.20634624 -0.11245132
-0.16424990 0.17289197 0.00290173
-0.15390193 -0.26537055 0.09732487
0.15133743 -0.09192934 0.03848020
0.15049255 -0.01218270 -0.06727290
0.15400895 -0.30237365 0.05303790
0.14734513 -0.25724524 -0.18943770
-0.15839438 0.03820517 0.09514651
-0.04685762 -0.40657204 -0.18300512
-0.06601612 -0.03449310 -0.18806550
-0.08318991 -0.24646521 -0.19132172
0.08764166 0.21692577 0.19673768
-0.04862394 -0.09519718 -0.19047754
-0.16402906 0.26997453 0.18554278
-0.16359609 0.07886600 0.11193734
0.01701326 -0.33006635 -0.19308230
-0.03337291 -0.41519463 0.14055198
0.15684095 -0.07956752 -0.18060607
0.14127569 -0.36776733 -0.01848396
0.02955049 -0.40953076 -0.16217038
0.05779938 -0.37128401 0.16634999
0.10009014 0.16312832 -0.19561176
0.03746644 -0.11581110 -0.19276132
0.16050296 -0.22581527 0.03822730
0.00428994 0.41923207 0.17883621
0.02351633 0.22589877 -0.19392492
0.16061175 -0.26423866 -0.07655662
-0.01350253 0.19016805 -0.19108771
-0.10797796 0.42324540 0.11546023
0.01693226 0.41647506 -0.11405462
0.13565020 -0.33972499 -0.19296637
0.15642402 -0.06420042 -0.06143937
0.14777835 0.41153350 0.10803065
-0.16193882 0.23649205 0.07806812
-0.15777595 0.21147266 0.13838574
-0.11030602 -0.40888166 0.08139023
-0.10598765 0.42322835 -0.00891983
-0.14982516 -0.21412706 -0.18299980
-0.02506788 -0.41490823 -0.05811223
0.12359299 -0.20555486 0.18732354
0.15480165 -0.31123996 0.07846382
-0.06821755 0.23219876 -0.19218770
-0.16362107 -0.17799225 -0.13801068
0.05800107 -0.34377015 -0.18396114
0.14966813 0.11283667 0.05126485
0.15940531 -0.13179669 0.12924874
-0.16099228 0.24786292 -0.17199585
0.14139715 -0.35880554 -0.18952017
0.02609952 -0.07489296 0.19078329
0.15762042 0.39920726 0.17164220
-0.04557104 0.04696908 -0.19165470
0.15529691 -0.21555305 0.01801578
-0.01119864 0.09723069 0.18921737
0.15529108 -0.06167273 -0.02230499
0.11013118 0.39298156 0.15967767
0.10331962 -0.18407676 -0.19408007
-0.16334206 -0.20206828 0.18620113
-0.16468246 0.20977961 0.04750105
0.12363560 0.37061644 0.17154235
0.07471888 0.41929522 0.09395847
0.01292282 -0.24867103 -0.19559309
0.15146542 -0.26808918 0.15374996
0.15244345 -0.26249716 -0.05488689
-0.16717957 -0.04958046 0.06530808
-0.08008513 -0.08841922 0.19203115
-0.17004265 -0.39942801 0.11911234
0.15529355 -0.04356933 -0.04004404
-0.16210854 0.37458441 -0.08665726
-0.15523040 0.21356072 0.19230297
-0.01995557 0.39691007 0.19516426
-0.16447769 -0.10208099 0.11786044
-0.16629969 -0.30380082 -0.00280622
-0.15672685 -0.40050781 0.08836199
0.07359912 -0.40477043 -0.16810991
0.01285850 -0.23613507 0.18639867
-0.00941504 -0.31280917 -0.18684316
-0.07516836 -0.32311189 -0.18857309
-0.15397179 0.00222880 -0.11677184
0.01454053 -0.23138143 -0.18766057
0.03086358 0.41715923 0.05412367
0.14352509 -0.40597278 0.07504728
0.16155255 -0.20546144 0.07103552
-0.12569374 -0.38224813 0.15951893
0.01804754 -0.15606022 -0.18893239
0.15730253 -0.27687383 0.00201542
0.05247953 0.37846002 -0.19222070
0.02259688 0.39021486 -0.19091773
0.13297033 0.20621471 0.18954781
-0.15057902 -0.38872078 -0.14769705
0.15782514 -0.36195031 0.12171362
-0.12058772 0.25312495 -0.19683138
-0.01458795 -0.00150444 0.18843016
0.08680259 -0.40787387 0.11625196
-0.15397751 0.01235392 0.09700599
0.14196652 0.26566759 -0.18264885
-0.16144830 -0.13124190 -0.10771917
0.08815551 0.22660024 -0.19286822
-0.01709743 0.42351902 -0.16971356
-0.14442641 -0.36704066 -0.01281768
-0.09652425 -0.00244185 0.19319887
0.14424296 -0.21701515 -0.16554932
-0.03205980 0.03132790 0.19524397
-0.16487396 0.29544187 -0.08789840
0.15541476 0.33420336 -0.18677841
0.16227286 -0.28737438 -0.16065258
-0.13145855 0.20726037 0.17479168
-0.06733853 -0.16281506 -0.18972151
-0.06546350 0.25840619 -0.19156215
0.15509628 0.38529068 -0.15102541
0.00220230 0.12647374 -0.18838459
-0.01268176 -0.40521163 0.05174925
-0.16503738 -0.03171143 -0.12557332
-0.14575149 -0.40823364 -0.17244157
0.03416421 0.12253013 -0.19378363
0.15344346 -0.28669444 0.03865663
-0.13915569 0.13729517 0.19514218
-0.00969658 -0.40806159 -0.15759675
-0.16573511 0.18135664 -0.17661029
-0.04913710 -0.41048583 -0.05913246
-0.14860174 -0.14560272 0.19264181
-0.03756879 0.01270900 -0.19076587
-0.01372066 -0.39855072 -0.07785106
0.14606483 0.32434064 -0.01666178
-0.16684446 0.27850375 0.06881282
0.14443558 -0.00269271 -0.07379065
-0.15303037 -0.30960369 0.10030343
-0.14679134 0.34776101 -0.19332412
0.15143161 0.10223842 0.03898140
-0.07591259 -0.41014934 0.16369538
0.14595366 0.31531504 0.02951975
-0.16217588 0.01792288 0.12626505
-0.05380166 -0.26000950 0.19641966
0.15013279 0.13285366 -0.19136338
-0.00563229 0.14171617 -0.19320239
-0.06044239 0.28844425 0.19213516
-0.08428561 -0.18298839 0.19150391
-0.14917411 0.41798159 -0.17932087
0.02458317 0.27498597 0.19393085
-0.04618469 -0.40974844 -0.18880019
-0.06569846 -0.09639145 0.19378692
0.15549006 -0.17559002 -0.13501698
0.13491036 0.41481361 0.06815121
0.15286610 0.32685593 0.01142559
0.10293184 -0.26867297 0.18553513
-0.07688192 -0.13071036 0.19057603
-0.13633491 0.41774118 -0.19378489
-0.15471390 -0.03160641 -0.11381212
-0.16850547 -0.40904039 -0.05204570
0.15543690 0.35964164 -0.00509758
-0.16344984 -0.33691314 -0.02817762
0.15481797 0.35147980 0.06813413
0.15626742 -0.19210079 -0.04642085
0.12752210 0.21712570 -0.19141716
0.00636146 0.41638568 0.09801809
-0.16629806 -0.14189473 -0.08752451
-0.02566690 0.24898297 -0.19059312
0.15170728 -0.03442165 0.01428864
0.03818893 0.14993760 -0.18940154
0.12090901 0.00630723 -0.18829229
-0.01710403 0.33291844 -0.19650321
0.15723594 -0.04435946 -0.07945554
0.15049814 0.27041271 -0.18788238
0.05647834 -0.02145339 -0.19349606
-0.15387720 0.03086863 -0.16615425
-0.13933662 -0.33704743 -0.16763276
0.11861958 0.42007521 0.00132699
-0.15317750 -0.23103297 0.07343861
0.05531969 0.15398408 0.19137232
0.13722947 0.24148461 -0.18060964
-0.15591972 0.28249523 0.18922615
-0.12614202 0.10301374 -0.19135071
-0.16457435 0.24448338 -0.00371229
0.15128344 -0.23837230 0.18836030
0.13122898 -0.20005104 0.19075119
-0.00322175 -0.03836907 0.19669253
0.02416078 -0.27950862 0.18738842
-0.15577792 0.42130595 -0.06542724
-0.10558379 0.35185128 -0.19454511
-0.07030291 -0.15029268 0.18956400
0.09906209 0.42020383 -0.06875421
0.02454136 0.27631125 0.18902107
0.14124979 -0.17284974 0.18461162
0.13979211 0.13648295 -0.19395934
0.06911036 0.42247486 -0.06307360
0.12395378 0.36795798 0.19114585
-0.16589183 0.17764850 -0.13315170
-0.15999816 -0.17531405 0.13760565
0.04216145 0.11112197 0.18753672
0.04907683 -0.40998700 0.01560494
-0.02256436 -0.40701246 -0.08685711
0.13895121 0.41587162 0.14137752
-0.15943238 -0.14550194 -0.08147690
-0.08426121 0.15449369 -0.19391692
0.12578358 -0.40824702 -0.01882590
0.01471031 0.01590191 -0.19467533
0.13883051 0.28851900 -0.18018569
-0.15896383 0.17457066 0.17113501
0.05530371 0.18649250 -0.19061615
0.15646614 0.25859681 0.15774012
-0.14893737 0.17159429 0.19948092
-0.06503079 -0.40599567 -0.04219333
0.00048319 0.09880139 -0.19220635
-0.11255811 0.42386428 0.12849651
0.03546726 0.14194269 0.18799490
-0.06073502 0.21171339 -0.19389749
0.04790837 0.21509309 -0.19369979
-0.02119545 -0.41892943 -0.10695644
-0.08022855 0.29426461 -0.19511217
0.00746467 -0.40624946 -0.08153404
-0.16623524 -0.23465326 -0.17662433
-0.17043890 -0.35206565 0.04119039
-0.14778811 0.05422533 0.19585632
0.02190129 0.31184366 0.19210039
0.07665412 -0.16173431 0.19595204
0.05246852 0.37243626 0.19219743
0.14413933 -0.40468708 0.09796764
-0.11762061 0.42323083 0.06970611
-0.16577277 -0.01386276 0.03046244
-0.16349792 -0.14028840 0.03026315
-0.15211537 -0.09198862 -0.00994672
0.15164062 -0.39153674 0.02811335
0.00596366 -0.41089785 -0.09456719
0.14015526 0.10381844 0.16861589
-0.04689089 -0.40806815 0.15015268
0.14305681 0.01067907 0.19129553
0.15260719 0.38511148 -0.09856761
-0.14998676 0.19983810 0.19718745
-0.13636455 -0.16173479 -0.19409570
0.15856537 -0.06831757 0.02242188
0.15271312 0.11819614 0.13252509
-0.06352827 0.12043914 0.19423917
-0.15718991 0.32841882 -0.12203251
-0.15867873 0.22976831 0.18572032
-0.08327672 0.22874880 -0.18750577
0.06188568 0.20007150 -0.19539800
-0.16451521 -0.33177018 -0.12841639
-0.15539068 -0.00409895 -0.11404496
-0.16346732 -0.31238788 0.12609440
0.15670419 0.37473324 -0.13955393
-0.11220765 -0.30404958 0.18163648
-0.14781831 0.21539727 0.19460672
-0.16598548 0.33688679 0.08564710
0.10471193 0.40870345 -0.02131904
-0.17253292 -0.40361050 0.10115781
-0.11569282 -0.39533314 0.07504620
-0.13150842 -0.27872467 -0.07647409
-0.16392437 -0.40351361 -0.02753568
-0.16117296 -0.20110226 -0.00937156
0.08980027 0.30294442 -0.19599816
-0.09194243 0.28438270 0.19684690
0.15558729 0.12273186 -0.01159140
0.15432148 -0.12694420 -0.16429903
-0.16178945 0.07515197 0.15996259
0.15131527 0.17526060 0.14033562
0.15093647 -0.05209994 0.10908506
-0.15900360 0.03132662 -0.17156272
0.15848111 -0.34334481 0.02382240
-0.05048035 0.18491969 -0.19734794
-0.08883564 0.20486745 -0.19011191
-0.16206715 0.11510944 0.08052736
-0.15814845 0.41984677 0.08368191
-0.03760989 0.39793709 -0.19686924
0.05490902 -0.07231697 -0.19136879
0.15299997 0.07811026 -0.01814668
0.15477706 0.15834653 -0.16744986
-0.01674562 0.27132338 0.19250095
0.15013181 0.22456780 -0.05896648
0.05606889 -0.39836818 0.03854360
0.10918488 0.04549570 0.18907239
0.14700432 -0.05133416 -0.17739055
0.15186983 0.24912092 0.09525652
0.14667223 -0.07144910 -0.09271012
-0.09625945 0.31558865 0.19016413
0.14122868 0.14098421 -0.17381105
-0.14962509 -0.17753683 -0.09430330
-0.16795501 -0.20182148 0.10809804
-0.08486620 0.18493335 -0.19532120
-0.16552491 -0.02307380 0.04664257
0.01059480 0.42664883 0.00282019
0.13275814 -0.40771976 0.19079876
0.13075750 -0.40424934 0.16340806
-0.02108724 -0.04793022 -0.19389105
0.15034583 0.08275380 0.05016294
-0.07717903 0.26546267 -0.19456327
-0.10312583 -0.17966923 0.19261353
-0.16776480 0.10035040 0.14807291
0.15727475 0.23106050 -0.17222691
0.14493093 0.35642919 0.00381378
-0.16849694 0.33543509 0.13341612
0.07353722 0.19062725 -0.19625953
0.04066440 -0.40365735 0.12752794
0.10709339 -0.00590637 -0.19032392
-0.11937262 0.17936492 -0.19385868
0.05888011 0.05860975 -0.18785372
-0.16195837 -0.12198575 0.08643885
-0.00207226 -0.13325630 0.19280602
-0.15068813 -0.23128536 -0.11058387
0.15336990 0.24026917 0.16048448
-0.16098192 0.35606709 -0.18019952
-0.16062494 0.10781433 0.04000286
-0.16951708 -0.29642004 0.15470837
0.15833779 -0.14269640 0.04217033
-0.03839986 0.01068680 0.19257307
0.07206932 0.40658009 -0.18474106
0.01711181 0.35331750 0.19214986
0.15417127 0.41112837 0.09748061
-0.06171386 0.23868144 0.19079065
0.12152493 -0.27801669 -0.19018206
0.00531038 0.09884170 -0.18892322
0.07202646 -0.40955845 -0.09198405
-0.08241709 0.04564695 0.19422671
0.15223244 -0.13926430 -0.10937128
0.00035750 -0.40883803 -0.00742626
0.05243086 -0.35363576 0.19268672
0.00849657 -0.04343221 -0.19083481
0.16028239 -0.21316245 -0.04428103
0.15370476 0.38580394 0.06117836
-0.03284364 -0.07326500 -0.18819949
0.14691132 0.28004342 0.11557593
-0.10016048 0.07033424 -0.19133399
-0.03313079 -0.20739678 -0.19089036
-0.02159482 -0.36744082 0.18838343
-0.16679807 0.06154634 0.12610409
0.15285639 -0.11124644 0.01944491
-0.11547457 0.03512930 0.19293536
0.15693596 0.30128339 -0.16054603
-0.02939503 -0.39392364 -0.18866357
0.15454882 0.07206501 -0.17551520
-0.16032238 -0.31600094 -0.16783367
0.07952426 -0.40533707 0.04384415
0.12688613 0.15012763 0.19500306
-0.12789513 -0.20994267 -0.19297275
-0.13768212 0.33046868 -0.19406776
-0.01781600 -0.23110045 0.19402428
0.15113945 -0.39486179 0.05579626
0.06159356 -0.12717900 -0.19069724
-0.11356751 0.42053682 0.00735615
0.14491074 0.22499180 -0.05022648
0.03005973 -0.07121888 -0.19414251
0.14675063 0.13760740 0.14799133
0.09905336 -0.41134089 0.04036792
-0.03749853 -0.40387022 0.01726481
-0.06871100 0.41264400 0.00643312
-0.05046393 -0.40654254 0.07665795
0.10869829 0.42175496 -0.17507222
0.15253870 0.30059323 0.13151763
0.09003893 0.24759604 0.18723682
0.16068204 0.40495658 0.14580408
0.11957163 -0.03492458 -0.19007364
0.13863897 0.27692792 -0.19411172
0.09522297 0.41956946 -0.02511689
0.15999600 -0.25153524 -0.14926264
0.09872421 -0.40668291 -0.01075738
-0.06840956 0.37257203 0.19164325
0.05682552 -0.40097177 -0.02790095
0.08535863 0.42050156 0.13298821
0.14443745 0.42157990 -0.11713647
0.15962142 -0.17038083 0.13567430
0.15262516 -0.07983033 -0.13404849
0.14011244 -0.07848006 -0.18777816
-0.02592996 -0.40735030 0.16179338
0.05488088 -0.12578455 -0.19288772
-0.15339181 0.04440138 0.18452479
0.15948115 -0.24022648 -0.00887047
-0.00544943 0.23464431 -0.18967322
-0.09567155 0.06441076 0.19146308
0.16304873 -0.26194856 0.04280524
-0.01629089 0.32226950 0.18886660
-0.16367313 0.28705302 -0.11174917
0.09095802 0.35371181 0.19764042
-0.16209236 0.17808950 -0.05210516
-0.16225335 0.10798599 -0.01088272
-0.12408316 0.42116696 0.05641823
-0.16275705 -0.16290912 0.01828534
0.15955004 -0.39251944 -0.19590768
0.14145876 0.09429044 -0.19169414
0.15659793 -0.02094955 -0.10669966
0.07625054 -0.40279332 0.05292282
-0.15486737 -0.37834808 -0.11473666
-0.16421019 -0.14680016 -0.03131830
-0.15720969 -0.18281868 -0.16997553
-0.08133105 0.42401275 0.11116030
-0.07553371 -0.25964221 0.19506148
0.12278226 0.35894600 -0.17953858
0.15848333 0.16660123 0.00032088
0.14854243 0.14173120 -0.14829648
-0.16740875 0.11393443 0.07836798
-0.05574992 -0.40326408 -0.11752577
0.09655513 -0.08228853 0.18965308
0.15862565 -0.36136410 -0.15107709
-0.16695420 0.26670820 -0.00922026
0.01127852 0.25884274 -0.19806576
-0.14885558 0.06603169 -0.18473364
0.14476116 -0.39576870 0.02578593
0.01907519 -0.40787151 0.13393992
-0.16576479 -0.12498872 0.01471756
-0.10366140 -0.31380039 0.19181514
0.14519182 0.02355473 -0.14299822
-0.07007782 -0.26015273 0.18733069
0.11269650 -0.17555109 0.16323520
-0.16447639 0.02669572 0.06892961
-0.00896541 0.41799140 0.08276413
-0.16505288 0.29655769 0.09990187
0.14097518 -0.20354056 -0.17008263
0.00319671 0.27248484 -0.19517244
0.11539486 0.19126096 0.18921953
0.07238220 -0.16650438 -0.01144690
0.12535664 -0.40866125 0.15452355
-0.00534642 0.26036611 -0.19203094
-0.10880071 -0.37781045 0.19326103
-0.16391896 -0.07440548 -0.03517472
-0.15913358 0.05028035 -0.02519098
0.15663138 -0.23202904 -0.13054053
-0.16451874 -0.10051812 -0.10427586
0.15543960 0.36575449 -0.16874909
-0.16562667 0.22071245 0.12831545
-0.14299659 0.42519030 -0.02748960
0.15573312 0.33161750 0.06361775
-0.16550921 0.22852692 0.03047312
0.07150055 0.32540014 0.19315295
0.15306583 -0.27155387 -0.09982909
-0.08409844 0.41629902 0.09864622
0.14137542 0.18749410 0.07225837
0.12377680 -0.14552581 -0.17925461
-0.05934658 0.16090982 0.19289267
0.12930517 0.05314682 -0.18960224
-0.03133576 -0.37069362 0.18636033
0.02875893 0.18828927 -0.19583400
0.00494672 0.05134220 0.19440234
0.15695342 0.38892740 0.07845528
0.15889686 -0.22574964 -0.17866611
-0.00423185 -0.32726237 -0.19203722
-0.09565897 -0.35133183 0.19218630
-0.16233596 0.00807711 -0.05601930
-0.14874583 -0.38800615 -0.05391558
-0.16654424 0.11367168 0.02978693
0.15277193 0.12630330 -0.18519937
-0.08599082 -0.40482241 0.05251792
-0.16411391 0.29740056 0.01725479
-0.16437994 0.27728298 0.03186470
-0.04364902 -0.33547622 0.18770674
0.12258199 0.42143938 -0.08232404
-0.12131932 -0.19232003 -0.19296056
-0.16453035 0.24636307 -0.13520569
-0.00572799 0.40415943 0.18802452
0.04336742 -0.14007860 -0.19262224
0.08989984 0.11384524 -0.19023797
0.07897693 -0.02493809 -0.18935354
-0.16245133 -0.27144459 -0.05401492
-0.00253968 0.13847442 0.18973921
0.14494826 0.39207181 -0.16700524
-0.16757222 -0.01363442 -0.02960435
0.14757904 0.06839457 -0.04975756
-0.00941175 0.42515877 -0.12853213
-0.06451307 0.11020801 -0.19445518
-0.16609164 -0.13439529 0.05683706
0.13709638 -0.25652882 -0.18426812
0.15145980 0.05384850 0.06148054
0.15609667 -0.32542822 0.05307653
-0.09672240 -0.39440599 0.06323572
0.01647338 0.42140663 0.16848500
-0.16218753 0.21129632 -0.12158021
0.14999983 0.32175004 -0.15888387
0.15909894 -0.38612282 -0.03084514
-0.06427291 0.10192053 0.19126560
0.14898770 -0.32814544 -0.14536825
0.10694640 0.06680939 0.19247051
-0.05070289 0.42481241 -0.03329974
0.01267023 0.20624496 -0.19851094
-0.14051098 0.42136571 0.06248680
-0.15551713 -0.17979461 0.12997125
0.14783680 0.24912229 -0.16905144
0.16467634 -0.24982680 0.00746820
0.10000672 -0.18900010 -0.19140589
0.15321600 0.13544390 -0.01966892
0.09138515 0.31166077 0.19201067
0.09895065 0.41878492 -0.19626601
-0.15996610 0.07359275 -0.12721764
0.02505658 0.35425496 -0.19123292
0.15082532 0.21213478 -0.02258901
0.06480137 -0.38540775 0.20754708
0.01634808 0.42354169 -0.10962489
0.14258723 -0.06315767 0.16762845
-0.15963872 0.01511864 -0.00904021
0.15243088 0.10975547 -0.12922516
0.15892416 -0.27246681 0.10757849
0.08517525 -0.25416097 0.19184963
0.08997989 0.06327171 0.18824330
-0.09666765 0.42715162 -0.18804303
-0.06342036 0.20506150 -0.19282815
0.01228882 0.41555750 0.16952121
-0.16595927 -0.29297358 0.08588061
0.15340553 0.34807077 -0.17687452
0.15859920 -0.22210231 0.11353061
0.01757133 -0.27729625 0.19242124
-0.04739359 -0.40560725 0.07921772
0.12609474 0.21578367 -0.18361872
-0.13411748 0.19594099 0.17701660
-0.11581990 -0.07548079 0.19124252
0.06546375 0.42453325 -0.03095968
0.15500887 -0.02208205 0.03889362
0.15744168 -0.00572214 0.17713998
-0.15580061 -0.13090731 0.18105873
-0.16402833 0.29691663 0.10389175
0.15322874 -0.35634905 0.07616837
-0.03859621 -0.24821737 0.18521582
-0.16532534 0.07887971 0.00564035
-0.15280591 0.38010553 -0.01586267
0.15155563 -0.04234853 0.14972794
0.14516000 -0.05970558 0.14599341
-0.15536676 -0.16916758 0.19073908
-0.02701166 0.42422861 0.10708336
0.12466267 -0.35420734 0.11957309
-0.16895694 0.36922467 -0.03587167
0.09450398 0.12652124 0.19449738
-0.16463836 0.31291902 0.05376511
-0.03466706 -0.39512986 0.20050569
0.07103192 -0.10108154 -0.18583643
-0.06763815 -0.05802802 -0.19018774
-0.06403274 0.41070727 0.19048700
-0.02271464 0.41760272 -0.07708807
0.05795116 -0.35227269 -0.18934207
0.10141325 -0.28365749 -0.19198374
0.15201786 0.15837021 -0.11508184
0.15502752 0.14999683 0.02614189
-0.16363890 0.38434693 -0.07579657
0.15275572 0.09310191 -0.09333010
-0.09406991 0.05013490 -0.19041531
-0.13641089 -0.08942423 0.19139512
0.15263741 0.30078179 -0.10213690
-0.11094875 -0.15921389 -0.19365992
-0.16085969 0.33025175 0.03770073
0.08511557 -0.38297480 -0.18043318
-0.16391638 0.29456246 -0.15984374
0.15578648 -0.14754528 -0.10683331
-0.08391465 0.42559898 0.14142519
0.16383132 -0.34851775 -0.05282458
0.02180886 0.40292484 0.18702355
0.15543930 -0.04677400 0.03465948
-0.05074630 -0.21432811 0.19254275
-0.03825812 -0.15950724 0.19265193
-0.14201893 0.41713643 -0.17791586
0.13977544 -0.29209983 -0.05872949
0.02176053 0.42656890 0.11185662
-0.16460471 0.27309036 -0.03479220
-0.12993564 -0.38954881 -0.10722958
-0.16876225 -0.35081211 0.00222575
0.13918294 -0.26079437 0.18865801
0.06704223 0.14159963 -0.19002950
0.11720701 -0.16141990 0.15513660
-0.13754237 0.16156021 0.19423781
0.06556433 0.20684072 0.19068073
0.11114226 -0.41738725 -0.08039579
