-0.12817511 -0.00533732 -0.12428582
0.11190489 0.42916298 0.15642428
-0.12272850 -0.14628637 0.17074703
-0.05860255 -0.02371509 -0.20534745
-0.01854908 -0.07366935 0.20824236
-0.13069785 0.34168324 -0.04334564
0.07372808 -0.42373708 -0.17767505
0.13084094 -0.07930410 -0.10902177
-0.01058312 -0.22897758 -0.19826268
0.13169356 -0.09164265 0.09532965
0.09831926 -0.42205784 -0.18873969
-0.02116790 -0.41773799 -0.03905382
0.12315489 0.13322321 -0.16252878
0.12314244 -0.15461813 -0.12629320
0.00203361 -0.31262451 0.19436128
-0.01640059 0.16547926 -0.19191872
0.05680351 -0.10633882 -0.20955263
0.12517664 -0.08351392 0.12733823
-0.12276763 -0.30211779 0.17796810
0.13109696 0.04741508 -0.02212347
0.12259550 0.26419547 0.19515939
-0.11613769 -0.01144331 0.17232159
0.02006876 0.00827710 0.20067321
0.02023720 0.36069122 0.19587909
-0.15263051 0.18270305 -0.06542416
0.12202063 0.17980573 0.02478172
-0.12820992 0.09813841 0.13035783
-0.04896475 -0.08840010 0.19773379
0.09087986 0.43410996 0.07997367
-0.02905878 0.42377561 -0.20293358
0.12482753 -0.31263560 -0.16505119
0.12575170 -0.28533262 -0.02729742
-0.12505591 -0.28514999 0.12566322
-0.09008141 0.04134625 -0.19640982
0.11445713 0.14362969 -0.20666017
0.13212222 0.37360597 -0.19989412
0.12532647 -0.08710876 -0.00528830
0.04408003 -0.42740861 0.18189833
0.08437276 -0.15181470 0.19615619
0.12676862 0.00607529 -0.04251176
-0.13374881 0.11575757 -0.12983148
0.09790800 0.28075320 0.20641372
0.12765099 0.30449277 -0.01467076
0.00693101 0.12757254 -0.19868772
0.06599903 0.00255552 -0.19932419
0.12925687 -0.38479379 -0.16752249
0.13771233 -0.24970445 0.15423872
-0.06575800 -0.42935088 -0.16213389
0.11734207 -0.20354679 0.20807379
0.12151551 0.25588551 -0.18770178
0.12859188 0.04028438 0.06248914
0.01989608 0.41336808 0.20574766
0.12953755 0.06691121 0.06428567
0.05626803 0.18846077 -0.19992013
-0.07149740 -0.21446557 -0.20507084
-0.07497990 -0.42379081 -0.04523049
0.12662137 0.06066045 -0.07839061
-0.14361142 -0.33322659 -0.08229528
-0.01075069 0.09334578 0.19411579
-0.08259284 0.42605361 0.14159767
-0.02579451 -0.12777719 0.19800143
0.01509294 0.42672005 -0.16560367
0.11633314 0.19308618 -0.18839870
0.12666330 -0.39900628 -0.01162316
0.11872663 0.32044744 -0.06258853
-0.13597485 0.18678284 -0.02737138
0.09000399 0.23710725 0.21176419
-0.10104497 -0.03094922 -0.17798227
-0.12217972 0.29728290 -0.11187468
-0.10792199 -0.19638813 0.18698879
0.00004448 -0.30627012 -0.19974865
-0.13273467 -0.37187731 0.15544946
0.11748303 -0.41337162 -0.13795909
0.11541397 -0.03810993 0.05462515
0.13176927 -0.20113543 0.01270693
0.12365220 0.12496608 0.04723544
-0.01020724 -0.37254477 -0.19934626
-0.13242993 -0.35820967 0.03068731
0.13133325 0.05085888 0.19369051
-0.09154429 0.41627651 0.04751684
-0.13817479 -0.13480546 0.10243209
-0.07115734 0.23773263 -0.18131804
0.05614283 0.42377752 0.06740405
-0.12892108 -0.09413029 0.00617213
0.04089132 0.14518204 -0.20912099
-0.09082691 0.28181306 0.17125937
0.02122684 0.05059023 0.20888238
0.12796551 0.36847353 -0.14502938
0.11910450 0.40626320 -0.07565653
-0.13428900 -0.41262278 -0.00560128
0.12667820 0.09148230 -0.10923327
-0.13099080 -0.09966004 -0.02537391
0.12672524 0.41865230 0.00253691
0.02033402 0.41066957 -0.07977523
0.12275705 0.24707155 0.04158223
0.10233557 0.18788989 -0.19880661
0.13804886 -0.06610537 -0.20232652
0.13430011 0.08432312 0.10217365
-0.02850916 0.41933855 -0.08124218
-0.11518640 -0.14005865 -0.09392942
-0.12573047 -0.34581521 -0.13019879
-0.12257933 -0.25730583 -0.18511432
-0.13339692 0.20750745 -0.04965694
-0.12317555 -0.10371552 -0.17366827
-0.07640057 0.42231566 -0.04419086
0.12458351 0.10082894 0.15991934
-0.05333912 0.14957851 -0.20165692
0.13057899 -0.02336757 0.02399067
-0.13604607 -0.02029226 -0.09145406
0.12932727 0.17039394 -0.13733958
0.12799564 0.38789248 -0.02422105
-0.13255171 -0.21296932 0.00871297
-0.04265167 0.38083422 0.20366898
-0.12695229 -0.15024926 -0.17225477
0.12810545 -0.21451941 -0.17166199
0.02674352 0.21576433 -0.20686315
-0.01987996 0.24013475 0.20152964
0.00315793 0.40048042 -0.20185351
-0.13128930 -0.05138309 0.08289911
-0.08350022 0.05113022 -0.19667745
-0.08235059 -0.11571640 0.19092457
-0.12819628 0.30470937 0.04904761
-0.13153987 -0.33103603 0.12144035
-0.02345787 0.35952985 -0.20583741
0.01176264 -0.42784318 -0.18823707
0.11964446 -0.42909861 0.19455655
0.00802974 -0.02163000 -0.20143266
-0.00718343 0.42295253 0.08315866
-0.11517784 0.07863823 -0.18228018
-0.10672397 -0.02106590 0.18017615
-0.11834215 0.00569400 0.18509278
-0.00493012 0.03464408 0.20053749
0.03397965 0.03246475 -0.20744650
-0.08576956 0.01846223 -0.18113555
-0.06836627 0.13651314 -0.19722319
-0.12629534 0.27207232 0.10629681
-0.04736141 -0.40286216 0.06014148
-0.13516724 -0.31379342 0.05184739
0.09304193 -0.42124698 0.02716158
0.05517943 -0.40591481 -0.19914921
0.05197362 0.20983864 0.19580294
0.10263500 0.40072984 -0.19804393
-0.11980420 0.23447300 0.15313391
0.00125308 0.03673714 -0.20500982
-0.13058563 0.38711607 0.08809628
-0.03584034 0.39479500 -0.20257610
0.07123476 0.27983183 -0.19975954
-0.03101338 -0.39944741 -0.19434893
0.12871835 -0.12045693 0.14988184
0.07229894 -0.42891514 -0.11639646
0.02160537 0.24525839 0.00370779
0.12937024 0.42476067 -0.08591657
-0.10297686 -0.42905059 -0.18169801
-0.11835641 -0.30959046 -0.17591354
0.01604681 -0.35365418 -0.19932242
0.11635835 0.21380749 -0.20456640
0.07114128 0.30455679 0.20211710
-0.13414991 -0.29238677 -0.12461931
-0.12924860 0.12466220 0.09976325
0.00300836 -0.42271701 0.03077962
-0.12603854 0.41334599 -0.04601986
0.06726951 0.07867202 -0.21017197
-0.11358756 -0.41684079 -0.10352442
0.12552916 -0.36635408 0.13465667
-0.10810740 0.40235227 0.11519192
-0.12145642 -0.42019609 0.10680754
-0.01260268 0.14019272 0.20013864
-0.11691117 -0.37586403 0.19060774
-0.12839673 0.12451845 -0.05832541
0.07352068 -0.24354766 0.20580292
0.08121163 0.42716211 -0.08989111
0.11505579 0.12556347 0.19899042
-0.10059153 0.14529158 -0.20221382
0.13112965 0.02355957 -0.14877921
-0.12639996 -0.39495334 -0.14800662
-0.13484882 0.04983095 -0.06845406
0.02396300 0.14060025 -0.19857979
-0.04991062 -0.41303828 -0.14063239
-0.13375537 0.02031818 -0.03989510
-0.12756661 -0.00540934 0.17850712
-0.12055642 0.06373954 -0.12982978
-0.11489363 -0.38932025 -0.11493057
0.12244603 0.35690778 0.20494404
0.12956741 0.02961046 0.07749788
0.13622995 -0.27656245 -0.09738411
0.12314524 0.07003023 -0.20071581
0.13158749 0.37176111 -0.02130109
0.12679410 -0.40435666 -0.00290361
0.07489257 0.40525261 -0.01303820
0.12654477 -0.36001670 0.18251653
-0.12118547 0.01112457 0.13444801
0.13458063 -0.23885782 0.09829916
-0.06208589 0.23366457 0.19444458
-0.14357181 -0.39700076 -0.02210930
0.11256810 0.40215120 -0.12257119
-0.02305359 -0.42129424 0.02245211
0.09855984 -0.14887480 0.20751983
0.12368615 0.01261042 0.05088812
0.12596437 -0.12332854 -0.17364615
-0.05636555 -0.15395743 -0.20238151
-0.09764668 0.17891923 0.19312271
0.12168837 -0.39856428 0.16014425
-0.13089663 0.30403370 -0.04127216
-0.12762292 -0.39709872 -0.16503812
-0.10567155 0.27402577 0.19039346
-0.09233764 -0.07571977 -0.19628622
0.04758807 0.10457524 0.19862792
-0.13496535 -0.26246652 -0.13716353
0.11562674 0.22561061 -0.19088793
-0.12223856 -0.11214482 -0.07925709
0.09444025 0.11300237 0.20180596
-0.11201416 -0.41569707 0.11467686
-0.10755111 -0.36748996 -0.18199405
0.12655708 -0.18835460 0.05464263
0.13255052 0.17398733 -0.11442451
-0.13945061 0.17094183 0.04953378
-0.12576014 0.25171050 0.16400057
0.12314016 -0.26430058 0.00332216
0.12001895 -0.41610962 0.03117594
-0.13409981 -0.00823019 -0.12758999
-0.08731577 -0.35981628 -0.16419464
0.13349470 -0.19859871 -0.13222128
-0.11206573 0.30607736 0.19072911
0.09850426 0.14280808 0.18287548
-0.13661204 -0.07025731 -0.01534520
-0.13940753 0.03519632 -0.18147686
-0.13949126 -0.23276880 0.04107989
-0.01083591 0.27580640 0.19690973
-0.08433496 0.41811863 -0.16774972
-0.11391076 -0.03551461 -0.15262613
-0.13863890 -0.20291492 -0.03077293
-0.12983626 0.09029013 -0.12483316
0.13358057 0.07274971 -0.11746973
-0.12742367 -0.24100533 0.17978428
-0.13692655 0.33598068 0.12166613
0.04972793 0.41433725 -0.08854686
-0.07610158 -0.11058752 -0.19117892
-0.11699171 -0.18525679 -0.16439778
0.12951684 -0.16274504 -0.17388079
0.12681386 -0.09409557 0.00933363
0.13138954 -0.15875486 -0.06687780
-0.03407884 0.42890969 0.16612431
0.12780151 -0.15514120 -0.14653718
-0.14019020 -0.37041929 -0.09088229
0.12597519 0.00866853 -0.08108025
-0.12732355 0.18289027 -0.14064439
0.12528849 -0.37803838 0.14967896
0.12178268 -0.12118779 -0.10661411
0.12220719 0.40069526 -0.05228181
-0.10245258 0.42781186 0.05713257
0.12518696 0.21215509 0.03481288
0.09850748 0.43074617 0.12098489
-0.13711874 -0.36959559 -0.01270859
-0.12984985 -0.04261695 -0.03591176
-0.07889444 -0.26751032 -0.19327424
0.08149098 -0.23552889 -0.20592062
0.04260015 -0.40022883 -0.20466617
0.13103147 -0.32683292 0.13120760
0.09596236 0.36153373 0.18627250
-0.01466093 0.41418222 -0.08921248
0.12842193 -0.10203076 -0.00683967
0.02031126 -0.08051191 -0.20673023
0.00721780 -0.31625724 -0.19992904
0.13071963 -0.34939912 -0.13158342
0.01516517 -0.42422193 -0.05266116
0.12678960 -0.26828977 -0.18492617
0.01624317 -0.25211176 -0.19454351
-0.14345056 -0.16153821 0.04413868
0.12773322 -0.39893743 -0.03831355
-0.12231126 0.34234402 -0.15395610
0.11284602 -0.42627373 -0.20121355
-0.01259067 -0.25846204 -0.19825600
-0.09699035 -0.12377181 -0.19484296
0.13336776 -0.26564720 0.12302744
-0.13752468 -0.08612867 0.10176606
-0.02978665 0.26094887 0.19142582
-0.01015450 0.06498246 -0.19409382
0.09719566 -0.02509248 0.20793909
-0.03900324 0.36686394 -0.20422630
-0.11834915 0.09746342 0.14206035
0.00412008 0.42954519 0.12151583
-0.12203622 -0.10246477 0.10419223
-0.09844226 0.35073781 -0.19723944
-0.06036254 0.10552824 0.18154316
0.12445508 0.22481251 -0.10166726
0.13039006 -0.10597033 -0.13707939
-0.03144810 0.30517647 -0.19268765
0.05826782 0.31320727 0.20132954
-0.14275920 -0.34833455 -0.11278614
0.09585572 0.14011461 -0.20596875
0.09195796 0.10177047 -0.20940644
0.13572918 -0.10110500 -0.20427835
0.12807091 0.42572600 0.10845405
-0.05938513 0.16515759 0.20252547
0.12733315 -0.02201956 -0.06943268
-0.01268473 0.18182415 0.19431487
0.10230561 -0.42159519 -0.09477350
-0.05757389 0.20688844 -0.19852863
-0.10476846 -0.31953636 -0.18404503
-0.11419224 -0.39103395 -0.17765391
-0.06841142 0.42442223 0.10959589
0.12901796 0.07022116 -0.17106862
-0.10098550 0.42548212 -0.06470019
0.05378843 -0.35746619 0.19952665
-0.07585555 0.42330095 0.06538995
0.07408997 -0.12454987 -0.20250925
-0.10425392 -0.15909506 0.19139078
0.12608057 -0.30310169 0.09733814
-0.13248549 -0.21432468 -0.09408217
-0.09783583 -0.30793026 0.18090673
-0.10821651 0.30538231 -0.16981299
0.12994175 0.21007097 0.11953635
0.11988641 -0.11008419 0.21062747
-0.14607836 -0.38468635 0.07608374
0.08230375 -0.07782722 0.21367744
0.05677345 -0.38257071 0.19702345
0.12467632 -0.00861139 -0.02070564
-0.06514006 0.40051687 -0.20120005
-0.03974111 0.33210135 0.19558133
-0.01719255 0.10147359 -0.20633304
0.12988438 -0.04987194 0.11733040
-0.12544239 0.23996410 0.17440189
-0.05796656 -0.42477679 -0.18613945
0.13016091 0.13594572 -0.03557672
0.10003442 0.07487865 -0.20697074
-0.02954934 0.03629932 -0.19202998
-0.11182210 -0.22278684 0.18939988
0.12746751 0.10270105 0.09735375
0.13563241 0.22058734 -0.08137342
0.04640269 -0.34115860 -0.19691892
0.07557184 0.38967904 -0.19206928
0.12252872 0.40703470 0.10116092
-0.13488249 0.33358464 0.10219420
-0.12277791 0.35500044 -0.14244376
-0.14418499 -0.36103562 -0.09939100
-0.09420416 0.21655045 0.18410765
-0.06421172 0.17486432 0.19409470
-0.13931556 0.34269094 0.07824279
0.11869917 0.28537726 -0.11657631
-0.00846662 0.43058252 -0.17998356
0.13227303 -0.38100350 -0.12833452
-0.03156152 -0.40827820 0.04243602
-0.13614650 0.01188686 -0.09893306
0.13023706 0.00890548 -0.06558043
-0.00476887 -0.40560123 0.20084660
0.12514253 -0.41895434 -0.05109053
0.10688451 -0.42909294 -0.16584691
0.01835511 0.40102959 0.18525431
0.13386787 -0.09251834 0.15526898
0.08561286 -0.03540678 0.20128749
-0.06140501 0.42579645 0.12484746
-0.14218767 0.23289505 -0.05077472
-0.14552759 0.13907449 -0.02053965
-0.11051790 -0.38498068 -0.18184851
0.13056560 -0.15878916 -0.10174596
0.13090335 -0.14728990 -0.02958203
0.12902865 0.05135927 -0.09398869
0.12926358 -0.37788424 -0.16653597
0.08064417 0.17131495 0.20124161
0.12960342 0.09295258 0.08253697
0.11869897 0.32511911 0.15829718
-0.04314544 0.42614108 0.00091452
-0.07478321 0.01662917 -0.19543929
-0.11708944 0.42725781 -0.11770716
-0.13635816 -0.20812771 -0.01086537
0.02437860 0.40951648 -0.20766930
0.04870149 0.06460422 0.19977149
-0.03767586 -0.23740098 -0.20578003
-0.06876312 0.03949132 -0.19291645
0.13110781 0.02135154 0.10559143
0.06847586 -0.13955349 -0.20305298
-0.00853373 0.20238733 -0.20222178
-0.12138971 -0.31906319 -0.09716909
-0.11980866 -0.24699733 -0.15781319
0.00238211 0.08388095 -0.20706344
-0.13127211 0.20748949 0.10733233
0.13019089 -0.08926162 -0.13290817
0.12935638 -0.17611225 -0.10684417
-0.02175752 0.25822946 0.19728112
-0.00666253 -0.42445123 -0.19117455
0.12410690 -0.37188461 0.18420444
-0.12818947 -0.38844842 0.13694499
-0.12528983 -0.06668445 -0.07774815
-0.11266058 0.29957813 0.18179996
0.06489984 0.01117302 0.20799890
-0.02459208 -0.01167084 0.18848483
0.08753855 0.23442949 -0.20646745
0.07092012 0.43210497 -0.04373971
-0.05189051 0.33304775 0.19706486
0.11011012 0.42495301 -0.09241290
0.07962719 -0.37109771 0.20583992
0.12660895 0.12665325 -0.16545258
0.11181565 0.11964610 -0.20718440
-0.06572273 0.37662283 -0.20363469
0.11485342 0.23086593 0.09345515
-0.04840663 0.42536685 0.20404531
-0.13573581 0.28115299 -0.07603214
0.12985201 0.11411197 0.09389299
-0.00497426 0.32241875 -0.18866992
0.13143565 -0.21098118 -0.16835123
-0.04439437 0.42151436 0.17483191
0.13210104 0.33658803 0.11716065
0.06379379 -0.41117212 -0.09427164
0.04196942 -0.42263517 -0.13325696
0.13129342 -0.11759010 0.11322043
0.09261838 -0.15036470 0.21076837
0.12648897 -0.23177549 0.19560179
-0.12443212 0.20638423 -0.06867360
0.12209365 -0.14966546 -0.05898733
-0.12985738 -0.36315295 0.12530071
-0.13730733 -0.07652766 -0.02406685
0.12777472 0.09827195 -0.12481578
0.12548499 0.32114756 0.19253010
0.13046138 -0.07219779 -0.17420872
-0.13023023 -0.03215306 0.07469703
0.05271669 0.14410271 0.20735268
-0.03508250 -0.21223924 0.19273250
-0.13670625 -0.23644793 0.05782474
0.04391018 -0.02806496 -0.20793501
-0.12734741 0.41363811 0.02111124
-0.13535586 -0.25306943 -0.06631208
0.12727024 -0.35993761 -0.13664278
-0.01703337 -0.13266751 0.20393318
-0.11155348 -0.05781722 -0.19050655
-0.09118408 0.15959454 0.19238472
-0.02598118 0.15470701 0.19955631
-0.03399958 -0.26968592 -0.19070753
0.11590073 0.11682021 -0.16298312
-0.06780505 0.05870492 0.19336079
0.12121315 0.09238431 -0.19913395
0.12493344 0.20075566 -0.04716413
-0.14808241 0.08560465 -0.02285104
-0.13045830 0.33287287 -0.10477006
0.04183068 0.34906232 -0.20820616
0.12467661 -0.37890959 -0.12966532
-0.13406156 0.30343142 0.04143836
0.11516035 0.42208996 -0.05299585
-0.13465287 0.31798550 -0.00710578
-0.04654232 -0.10039280 -0.19863388
-0.01246153 0.29067683 0.19404368
0.02446565 0.00327240 0.20445339
0.12667745 -0.03304859 0.12985681
-0.14072476 -0.28199482 -0.02793410
-0.13464580 -0.38654497 -0.14553501
0.07253179 -0.38079804 0.20766506
-0.08211070 -0.01669846 -0.19651350
0.12384182 0.03931941 0.20313405
0.12398480 0.27651152 -0.03387743
0.08217115 -0.11280339 0.19393496
-0.06753082 0.00939739 -0.19228423
-0.11623916 -0.15720305 0.14951567
-0.03902186 0.04080353 -0.20467861
-0.02405979 -0.26950487 -0.20025368
-0.06902137 -0.38008866 -0.18254443
0.13186863 0.30732751 0.12508874
0.07227529 -0.18585823 0.21267165
-0.08847779 0.13289511 -0.19574361
-0.01110843 0.13302118 -0.20477061
-0.00931715 0.34408322 -0.19114438
0.14262529 0.26819575 -0.01845074
0.09245794 -0.17071728 -0.20263073
-0.12906109 0.00789870 0.06227393
-0.11588153 -0.17346840 -0.16489710
0.10457145 0.30969220 0.20519574
-0.11055125 0.06844251 0.19701225
-0.01604265 -0.08474101 -0.19789651
0.13114600 -0.06439960 0.08437251
0.08916960 0.04560509 0.20996562
0.13552779 -0.06255274 -0.02724386
0.03180719 0.42310369 0.01094311
0.12608893 -0.00246674 0.20059547
-0.09812420 -0.25771889 0.19498886
-0.13917129 -0.40147310 0.03446734
-0.09864137 0.36620492 -0.18486349
0.13120931 -0.27041250 -0.13141833
0.11999388 0.17937681 -0.09590533
-0.12718628 -0.04531078 -0.05986065
-0.13521691 0.08874696 0.03283225
-0.12554128 0.22678173 -0.16894303
-0.11985981 0.16503426 -0.17586881
0.09399684 -0.24119461 0.20959617
-0.02398836 -0.16115277 0.17662221
0.12179934 -0.20595002 -0.12694438
0.09389942 -0.42920822 -0.08975573
0.12585165 -0.16809417 -0.03396493
0.09833205 0.12222619 -0.20682964
-0.06775326 -0.42224154 0.14619593
0.08959311 -0.15008493 0.20481789
0.12309980 0.39605466 -0.03031236
-0.12360807 -0.37727168 -0.17690346
-0.06442656 0.10639440 -0.20535718
-0.14351510 -0.08044565 0.03250415
0.01098405 0.14969774 0.20918371
0.12789641 0.40050438 0.04796303
0.12060472 0.00979537 0.16447960
0.13409476 -0.22437598 0.06387940
-0.10369603 -0.42570251 0.06805760
0.13605417 -0.25621140 0.13547385
0.12862109 -0.29611748 -0.16579004
-0.13329484 0.24414137 -0.07885622
0.12690605 -0.32667708 -0.05571691
0.11882093 0.36828721 -0.07772013
0.02182077 -0.42389050 -0.02216296
-0.03281197 0.28792301 0.19893230
0.12252625 0.18095282 -0.17952302
-0.12953787 0.00684743 -0.06218217
0.02712538 -0.17740700 -0.20337991
-0.11628135 0.36045703 0.14150596
0.05595938 0.06099673 -0.19873168
-0.13033941 0.14660154 -0.08641905
-0.05459531 -0.01999905 -0.19217531
-0.13478899 0.19870125 -0.09226249
0.13019536 0.07547275 0.07543796
0.09008664 0.18482295 -0.20745355
-0.06468636 -0.35746360 0.19576363
-0.03025599 0.18964210 0.19443806
0.13148677 -0.20265017 0.15855888
0.12475124 -0.33473036 -0.18652119
0.04004177 -0.11989802 0.20755434
0.13143152 -0.09347888 -0.18045062
0.03931197 0.08945540 0.20537780
-0.13545372 -0.30618513 -0.13246225
0.13355887 0.03559082 -0.12451650
-0.12437139 0.00035762 -0.17276262
0.11354709 0.00834457 0.16174766
0.09026124 -0.07821034 0.20922202
-0.11707427 -0.04289957 0.11774365
0.12340882 0.19337165 0.05601212
-0.04899423 0.42201069 0.20513527
0.03125366 -0.42717198 0.15671712
-0.00084599 -0.42431739 0.17439586
-0.03305635 0.42812663 0.11811924
-0.12049052 -0.02266164 -0.12598458
-0.08386667 0.10554574 0.19752337
0.08218657 -0.43404245 0.18017070
0.09094430 -0.21263392 -0.20989484
0.11752913 -0.16792503 0.20883566
-0.11120816 0.29422122 -0.18764669
0.13034359 -0.14215764 0.13161153
0.08166936 0.21709737 -0.20792426
-0.14268942 -0.24977477 -0.07813820
-0.10511881 -0.24720789 0.18718566
0.12958699 0.03610394 0.18362191
-0.00374418 0.21316150 -0.18390188
0.13483201 -0.28767830 -0.12294501
-0.13433564 0.38295156 0.14692920
0.12209895 0.20927672 0.06310595
0.12149327 0.09254261 -0.05134602
-0.09815319 0.42244133 0.20216501
-0.12496323 -0.06667860 -0.16469879
-0.13952319 -0.04775465 -0.18328230
-0.10837618 -0.34656072 0.19261928
-0.12666903 -0.41025496 -0.12208303
-0.13049227 -0.25143301 -0.10586969
0.12349451 0.03987429 0.09648357
0.11917897 0.23436897 0.03049106
-0.08659863 0.39295396 -0.19189201
0.11952708 -0.30834797 0.06645548
0.11907659 0.18476543 -0.14992896
0.12914263 0.03965601 0.03918340
0.11745621 -0.34151417 -0.07573763
0.11989751 0.39403617 0.12144431
0.12832871 -0.03064123 0.09846330
0.01517403 -0.42389047 -0.08422791
0.11579526 0.21340226 0.04054483
-0.13238052 0.35823181 -0.06377221
-0.12922680 0.03446354 0.14207199
0.12667848 -0.36569288 -0.00012696
0.12657459 -0.14891073 0.17961362
-0.14303894 -0.13555105 0.05572008
0.12614165 0.36751890 -0.03511982
-0.13403778 -0.12312759 -0.01722444
0.08943910 0.29305539 0.20592976
-0.12668556 0.18820629 -0.09912523
0.11425469 -0.41311750 0.11764544
-0.02919530 0.38451406 -0.19843216
0.12329288 0.32899138 -0.09677146
0.13212678 -0.36575666 -0.19699718
-0.10266301 -0.04458317 0.19902822
0.01443611 -0.17582101 -0.20669080
-0.03343005 -0.00204586 0.19787811
0.12796555 -0.40951535 0.09341229
0.01589775 0.16052257 0.20985891
-0.08525305 -0.37714133 0.18530893
-0.05151368 -0.40456772 -0.15853922
-0.13854532 -0.36414352 -0.02145763
0.13554926 -0.19994755 0.17264344
0.07388998 -0.32879779 -0.19944733
0.13136321 -0.06622696 -0.06466835
-0.14073551 -0.20673759 0.05948370
-0.10141952 -0.02321220 0.19602230
-0.02297777 -0.39491645 0.19424666
0.08325424 -0.38765582 -0.20713134
0.04480935 0.40925163 -0.04686122
-0.02846093 0.33989736 0.19863339
0.03515047 -0.10323183 0.20714177
0.06545531 0.29460621 0.20214486
-0.12840530 -0.31354758 0.13219695
0.12839603 0.02861699 -0.12659211
-0.13527402 -0.40652910 0.06389026
-0.13436590 0.39899164 0.03086290
-0.12048519 0.42390636 -0.00297611
-0.14129150 -0.22074518 -0.04057028
0.12404598 -0.15865743 -0.04436646
-0.13507856 0.35933349 -0.05420057
-0.13227810 -0.03859864 -0.04960538
0.06351195 -0.42323953 -0.13507548
0.06419125 0.41061762 -0.21057831
0.12222786 -0.09326275 -0.06276229
0.12154162 -0.32960320 -0.00709546
0.12025804 -0.06864640 -0.15702063
0.06084054 0.41758049 0.10041057
0.13055567 0.41698480 -0.10254849
0.06775300 0.41617411 0.09726207
-0.11329483 0.13923858 0.16849521
0.12057094 0.42133769 -0.21794572
-0.05501216 0.24143510 -0.20975050
-0.13235113 -0.40298912 0.02247469
0.02114272 -0.14389852 0.21265346
0.05759688 -0.42957139 -0.19790925
-0.12916408 -0.32862014 0.02444043
0.11503212 -0.26663402 -0.20848483
-0.13339061 -0.40169632 0.07889005
0.12604731 0.19752891 -0.17571810
-0.01295972 0.12185459 0.20722370
0.11481269 0.42430606 -0.05660521
0.02255666 -0.42223501 0.02118995
0.06009395 -0.41653290 0.17260310
-0.13258931 0.11385173 0.06847986
0.01643335 0.42652720 -0.13566247
0.12779593 0.40819663 0.18180086
0.12588480 -0.10725600 -0.17593075
-0.12787987 -0.05330427 0.00327705
-0.04527139 0.14396155 0.19392982
0.08693502 0.02175189 -0.20298114
0.07195950 0.28103805 -0.20535798
0.12049136 -0.35072049 -0.20578256
0.13089254 -0.24652149 -0.06106665
0.13101943 -0.03128549 -0.01585334
0.00302621 -0.29233325 0.19420955
0.04622152 -0.23009889 -0.20923537
-0.10060350 -0.40643314 -0.17999433
0.12783331 -0.32545811 0.17264752
-0.12535092 0.06068902 -0.11063983
0.11827505 0.43054712 0.03790631
0.09578425 -0.42978233 -0.14504327
-0.10194717 0.25176546 0.19286564
0.13063042 -0.30293170 -0.01241068
-0.09515117 0.23697409 0.19248837
-0.00226265 -0.05168432 -0.20340814
0.09741513 0.18579145 0.18142287
0.12751561 0.16097680 -0.18635732
-0.00710301 0.42178115 0.08282876
0.11395871 0.39309976 -0.20483312
0.12616326 0.34289441 -0.03159285
0.08953382 0.09449128 0.20227738
-0.13355488 0.32855424 0.06587341
0.13608962 -0.22526607 0.15901783
0.12661076 0.00294337 0.04509714
0.11540016 -0.38946071 -0.20814367
-0.11740393 -0.42029238 -0.06197315
-0.07575633 -0.35498324 -0.18220410
0.01528336 -0.37367180 0.18188377
0.13323571 0.38795167 -0.10581067
0.12647969 -0.20640779 -0.18382435
-0.12994380 -0.33504954 0.13687265
0.00953093 -0.41776460 0.10931036
-0.05055373 0.42441216 0.02245970
-0.04151102 -0.19178243 0.17185956
0.05267625 0.03993603 -0.20764010
0.12987249 0.20737931 0.00696810
-0.13018785 0.32507655 0.13621379
-0.02170116 0.07095376 -0.20196576
0.12500300 0.33884889 0.11338899
-0.00328556 0.39465436 -0.20531343
0.12525456 -0.30072001 -0.20804046
-0.08748465 0.13095459 0.19382787
-0.11131565 0.41809300 -0.11993165
-0.11751612 0.09819930 0.14195476
0.11395847 -0.42663401 0.13221356
0.01991194 -0.24337439 -0.19378728
0.06979568 0.43127289 -0.14610833
-0.01892116 -0.38552237 -0.18405014
-0.12840506 0.40661210 0.13248467
-0.13125943 -0.37886640 0.14812024
0.06881773 -0.10322239 0.20546420
0.08243812 0.22380184 -0.20377542
0.11625823 -0.24960725 -0.01018981
0.11607984 0.26100877 0.16624543
0.11440770 -0.26094198 -0.21071932
-0.01148684 0.06088457 -0.20315501
0.10898826 0.19438991 0.19516432
-0.00369266 0.31077686 -0.20313978
-0.11751561 -0.07280288 0.09384333
-0.12768462 -0.06355210 0.12803300
-0.12279508 0.36636889 -0.11635678
0.04317374 0.18995097 0.20033573
-0.04020195 -0.00849671 -0.20504832
-0.12140188 0.07290234 0.08572489
-0.12282067 0.42226210 -0.02140543
-0.11898232 0.30381989 -0.12539923
-0.11938839 -0.24389355 -0.16518007
0.01941217 0.42735520 -0.04309025
-0.12400786 0.18074566 0.17392084
-0.13298780 -0.41104203 -0.08081168
0.00710839 -0.19581902 -0.20079999
0.06830943 -0.11447428 0.21111983
0.02797098 -0.13702814 -0.20833214
-0.12945293 0.14374384 -0.08606290
-0.09273557 0.43053001 0.00820728
-0.12975265 0.00511065 -0.09523689
-0.13265982 0.12079503 0.08732172
0.12003832 0.33147508 0.00434744
-0.12203560 0.19461100 0.12664621
-0.12665872 0.25788972 -0.16924621
0.13009579 -0.39010733 -0.02338402
-0.13315982 -0.25151503 -0.01537807
-0.14345452 -0.40201977 0.00632688
0.05740331 -0.17838749 -0.20561321
-0.13345900 -0.16326430 0.11281370
-0.03873213 -0.24222255 -0.19659722
-0.13164383 -0.00319915 -0.05875215
-0.15256570 0.13031507 -0.02820337
-0.13690747 0.21288761 0.05213593
0.03329679 0.25823206 0.19476661
-0.11566103 0.09792939 -0.17292066
-0.01817480 -0.33523244 -0.19044000
-0.11690309 0.13642043 -0.14190035
-0.00137127 -0.00983767 -0.20549844
-0.11661182 0.02084495 -0.17025432
-0.03792763 0.16641274 0.20527053
0.07577918 0.02971250 -0.20315179
-0.01830039 0.33760944 -0.20706473
-0.11529551 0.06042944 0.11900183
-0.11999249 -0.31840789 0.18338662
-0.07720137 -0.13892317 0.18551753
-0.02548840 -0.32153261 0.20369300
0.08662105 -0.24380848 -0.21260102
0.00945421 0.02215525 -0.19651037
-0.13123810 0.01678423 -0.10493267
0.00139317 0.37465784 0.20738859
-0.09660584 -0.07721139 -0.19051693
0.11673736 -0.43069676 0.19231339
0.09173369 -0.19118178 -0.20354502
0.12769558 0.28570631 0.05542468
-0.08609556 0.32613382 -0.19612136
0.12812424 -0.31452721 -0.19317232
0.13297009 -0.28948006 0.13290060
-0.12025395 0.06391422 -0.12182517
0.10970613 0.15147153 -0.00565603
-0.10548371 0.27549353 -0.19118789
0.11586289 0.14061150 0.04385009
-0.13896669 -0.19319749 -0.04543323
0.12782727 -0.39994615 -0.12840478
0.08748985 0.35264334 -0.19590040
0.13019307 -0.13459118 0.17429870
0.06528650 -0.38037637 0.18553278
0.07901387 0.18576908 -0.20541774
-0.06309917 -0.41874206 -0.07388592
-0.01245265 -0.17168674 0.20060362
-0.01613802 -0.37186772 -0.19176926
-0.15437514 -0.31258050 0.02027608
-0.02584883 0.33235839 -0.20170213
0.12069055 0.26659042 0.18669663
0.11575042 0.19221383 0.15182813
0.11044405 -0.23788086 -0.10355897
0.12744249 0.37127376 -0.09580102
0.12087056 -0.11575404 0.10218964
0.12495151 0.15751064 -0.08246663
0.10179748 0.14468296 -0.15799028
-0.05732599 -0.04160468 -0.20473284
0.11000822 -0.25077742 -0.06841855
0.11530344 -0.00930187 0.16164191
0.13029829 0.19631140 0.16688907
-0.09648529 -0.39110768 -0.19007258
-0.02384686 0.35119003 0.20149371
0.13085251 -0.00790443 -0.01500794
-0.12419441 -0.37742618 0.05247479
0.07462958 -0.01254174 0.20684060
0.07227766 -0.32144922 0.21045020
0.11104378 0.42859924 0.09773095
0.12491046 -0.30118054 0.18808858
-0.11736324 0.42058951 -0.03963939
-0.07299618 0.41734427 0.20522064
-0.11912894 0.18089411 -0.17077439
-0.12163242 0.18472958 0.17694953
0.12989683 -0.26780677 -0.04925566
0.01842746 -0.38709086 -0.20136048
0.02871472 -0.13774750 0.19802065
0.12521282 -0.24674043 -0.18895866
-0.01199925 0.01783323 -0.19206104
0.06874503 -0.31745246 -0.19873555
0.08583307 -0.20019761 0.21054195
-0.13214621 -0.29247987 0.04531789
-0.05618117 0.08747046 -0.19974723
0.13268593 -0.25482008 0.18687993
0.13064705 0.39989063 0.04787788
0.12890173 -0.10682666 0.08524531
0.04449350 0.36291745 -0.20822394
-0.14697136 -0.18210943 0.06233354
-0.11724117 0.02340859 0.17404523
-0.04911743 0.42412129 -0.12129185
0.12030697 -0.40691346 -0.07161342
0.02912690 -0.20763128 -0.20658761
0.02497696 0.27233204 0.19926287
-0.07335034 -0.23391296 0.19766019
0.13503310 0.40307406 0.14988627
-0.08811837 0.16745479 -0.18250945
-0.10371286 0.03100903 0.09843577
0.12757210 -0.17549448 0.05435956
-0.12786315 0.25488523 0.05597049
0.11573291 0.37663773 -0.01248638
-0.10623550 -0.42648089 0.13752156
-0.13279995 -0.31974790 0.13843158
-0.13447991 -0.19054085 0.06979533
0.12456645 0.24015433 -0.04118108
-0.12640014 0.42246920 -0.06651315
-0.12023287 0.14962688 0.12569849
-0.03469032 -0.40922716 -0.04682402
-0.05452669 -0.40998605 -0.15447365
0.02703076 0.10986973 -0.19924906
0.12816091 0.38182831 0.01881964
-0.11272378 0.00484541 0.17821059
0.12964515 0.10658284 -0.10532060
-0.03297056 -0.23047763 -0.18241645
0.13313107 0.32924023 -0.15412451
-0.13132197 -0.03057541 0.09312779
0.12559555 0.42336637 -0.17707264
-0.11653620 -0.29377830 0.18871760
0.08141575 0.40395489 0.04878919
0.09133913 -0.33495218 0.20898660
-0.13140480 -0.29873729 -0.14367981
0.00619886 0.42023474 -0.20693271
0.01971257 0.10192259 0.20902149
0.12315872 -0.02333232 -0.15763728
-0.13543990 0.24099424 0.03575646
0.12948193 0.12252676 0.01943328
-0.11195280 0.34941629 0.15850940
-0.07157721 -0.26871127 -0.21049219
0.13136914 -0.38999310 -0.13697879
0.07395419 -0.27719599 0.20281759
-0.11853912 -0.35094455 -0.16850984
-0.10112587 0.42084780 0.05724415
-0.13692351 0.30800328 0.01881698
0.13503864 0.34515196 0.18047240
-0.13831255 0.35951716 0.04207467
-0.14945109 -0.24788353 0.03262542
-0.01575840 0.02154773 -0.20656663
-0.10219026 0.28136468 0.18995373
-0.14668575 -0.29879242 -0.03296254
-0.01796394 -0.28467503 -0.20217758
-0.01113157 0.42094326 0.06696042
-0.04839202 0.28193140 -0.20443766
0.12593095 0.37323245 0.21062899
0.10925576 -0.22754745 -0.07780805
-0.02704802 -0.24417247 0.20346919
0.11659677 0.00692013 -0.20303074
0.12941599 0.42195052 0.18435742
-0.13859117 -0.21501479 -0.09879979
0.12853713 -0.13061942 -0.10828891
0.12620771 0.18307070 -0.07749400
-0.12155298 0.28510061 0.12815256
-0.00817897 -0.40442002 -0.19830896
-0.00131271 0.04503802 0.20510836
0.11588661 0.24027473 -0.05932017
0.12673818 -0.17819622 0.02968593
-0.09718307 0.08343063 0.18976650
-0.13792330 -0.14952655 -0.01571165
0.11681551 -0.02804592 0.16105773
-0.03347259 0.42460197 -0.00638809
-0.01389813 -0.24383453 0.19576757
0.12676860 0.11927994 -0.03928749
-0.12910065 -0.02285897 -0.03957295
0.12994276 -0.33767152 -0.10131422
-0.12955718 -0.13664678 0.01666816
-0.09274305 0.18824369 -0.18301475
0.01197354 0.05680365 -0.20352601
-0.13731039 0.36260846 0.01114817
0.11087749 0.36957106 -0.18095179
-0.12671848 -0.03751181 0.11058371
-0.01593041 0.17178033 0.20787105
0.05648553 0.35490939 -0.20826538
-0.11853173 -0.25292546 0.17688747
-0.02106135 -0.41149771 0.04599044
0.03735197 0.01813700 -0.20867239
-0.00390879 -0.41475865 -0.05099634
-0.11719022 0.14907567 -0.15032375
0.12847872 -0.02259844 0.07685533
0.10511055 0.18524538 0.17388417
0.10246299 0.41276714 -0.00910999
-0.04147011 0.19631042 0.19439386
0.08423965 -0.06611241 -0.20216680
-0.10957333 -0.28480375 0.18903887
0.12464833 -0.38976857 0.09028758
0.12539847 0.01340729 0.08421300
0.12660728 0.13918987 -0.02966662
0.12493945 0.02614625 0.03098350
-0.12036529 0.11932988 -0.16855320
-0.03060544 0.25159490 -0.19885528
0.12664120 -0.08071865 0.10562824
-0.11487542 -0.01573442 -0.10688516
-0.03909805 -0.42007607 0.17405514
-0.07227515 -0.07598374 -0.19861375
0.11493069 0.10527308 0.20751421
0.13167898 0.16374262 0.11782041
0.11735798 -0.23479210 0.20757852
-0.13140121 0.26083148 -0.00349663
-0.07035704 0.39974725 0.20520183
0.04628455 -0.01857357 0.20539083
0.12614015 0.31198230 0.08966611
0.11537673 -0.29735187 -0.10475914
-0.13357228 -0.35380167 -0.01280603
-0.04104434 0.19618985 -0.19922245
-0.09689058 0.04502176 -0.18803659
0.12474481 -0.19857445 0.03871706
-0.02101869 0.11727057 0.20513360
0.13137449 -0.36155486 0.07463989
-0.13659561 -0.12280476 -0.02388220
-0.10118452 0.36624420 -0.17918740
-0.13020897 -0.31220403 0.12951748
0.13673580 -0.37604943 -0.14014192
-0.12809332 0.03148122 0.05984834
0.13155638 0.23843308 0.16712749
-0.07269315 -0.07442096 0.18648662
-0.13598400 -0.30965114 0.01950457
0.00190522 -0.41490015 0.11784129
0.07457273 0.33554673 -0.20655483
0.13001522 -0.34656513 0.03902996
0.11313537 0.12646100 -0.15805696
0.06673799 0.34322712 -0.20681615
-0.01286075 0.25023746 -0.19847828
0.11762045 -0.41491327 -0.01645979
-0.02464099 0.27262437 -0.19407399
-0.00884440 0.42372575 0.20358394
-0.12458507 0.28620285 -0.10324629
0.05851176 0.42211521 0.08203522
-0.14340082 -0.00551711 -0.00270735
0.12328605 0.34055629 -0.01965423
-0.13316852 -0.41979089 -0.00443614
0.11786345 -0.22859913 -0.21260323
-0.12957741 0.00109863 0.13335095
-0.07573026 -0.42182878 0.13484526
0.05472336 0.42378759 -0.01632800
0.12761751 -0.41384608 0.12543961
0.06276951 -0.14684576 0.20957099
0.05664015 -0.20268607 0.21200439
-0.14997312 -0.25113368 0.04683784
-0.13714650 0.26534265 0.07241274
0.03161675 0.26750377 -0.20463429
-0.11160877 -0.15780818 -0.15244809
0.03289573 0.42171085 -0.06919292
-0.09970821 0.35212526 -0.17912476
-0.03109596 0.42532516 0.20526160
0.13257664 0.37307781 0.10440148
0.12747295 0.05868713 -0.18697953
-0.11936340 0.16764717 0.07034859
-0.11801997 -0.01883549 0.18186094
0.02135652 -0.41278192 -0.20272221
0.12516356 0.30538654 -0.18373336
-0.07412708 0.18679355 0.19732654
0.06506065 -0.20791022 0.20474556
0.12324665 -0.07006365 0.20012516
-0.13960178 -0.22200398 -0.02816831
0.08049494 0.19832250 -0.20432347
-0.01499940 -0.08960383 -0.20086570
-0.13525422 0.11705478 0.05019179
-0.13405721 -0.33079070 -0.07835323
-0.13808882 -0.31003767 0.03755269
0.12709229 -0.16341829 -0.12133892
-0.11202721 -0.24474886 0.16030750
-0.03575509 0.20306835 -0.20545799
-0.02848572 -0.11942434 0.17607050
0.13372311 -0.29893488 0.16144498
-0.12723382 0.20828700 -0.09218109
-0.06713228 -0.40913460 0.14287752
-0.05533435 0.36455122 0.20270008
-0.12477324 -0.08331290 -0.08853745
-0.13466696 0.18517852 0.01057753
0.13587673 0.38976765 0.10497834
-0.12726961 0.23108400 0.06852327
-0.11543343 -0.41887426 0.18242505
0.07065590 -0.41138783 0.19949800
0.01829639 -0.34888875 0.19673562
-0.00196358 0.24085152 0.19431420
0.12108433 0.06029619 -0.19185425
-0.11037997 0.03297486 -0.17823340
-0.01116918 -0.41417426 -0.17417648
0.12133770 -0.33023241 0.16057667
0.06232585 0.42928177 0.15051623
0.09310065 -0.31831163 0.21306838
-0.03501579 0.23526959 0.20251580
0.12830849 0.37868971 -0.15500818
-0.09703031 0.20431657 0.18664113
-0.11441017 -0.42688477 0.06725926
-0.13004519 0.18983373 0.07823060
-0.00572569 -0.12710750 -0.19252495
-0.00360735 0.41615930 0.20233206
-0.13719386 0.22652838 0.04182485
-0.13707446 -0.36081672 0.12611920
0.00493223 -0.17080274 -0.20658098
0.04405962 0.21266636 0.20053913
-0.13935727 -0.38076070 0.04775085
-0.11916030 -0.42459536 0.05522751
-0.01228987 0.38389561 -0.18572579
0.06786393 0.41668785 0.00043022
0.12979424 0.06109217 -0.17465283
-0.12610826 0.00506181 0.07100013
-0.13303019 -0.07577221 -0.06984548
-0.00676838 0.02656765 -0.19385998
0.10775173 0.41221422 0.06513746
-0.07050103 -0.17849673 -0.20406778
0.09701135 -0.16665316 0.20646916
0.13600090 -0.36634073 -0.00252534
0.12102763 -0.23397133 -0.09347736
-0.01200425 -0.07255566 0.20236088
0.12606844 0.23959458 0.08961722
-0.02854057 0.27326858 -0.19958256
-0.10078356 0.32973909 -0.18915682
0.12364982 -0.12279297 -0.04893317
0.12548538 -0.08917888 0.04107519
-0.09050757 -0.41623598 -0.18551460
0.13073032 -0.28855497 -0.18848994
0.12709834 -0.22115660 0.20026623
0.12327447 -0.23041552 -0.03091581
