-0.13556233 -0.07616347 -0.00234220
-0.13130470 0.34694758 -0.05804433
-0.01234264 0.44142437 -0.11788988
-0.13557048 0.16366231 0.10327019
0.08408695 0.06605554 -0.13078052
0.10745888 -0.44462401 0.00536463
-0.14338285 -0.43941885 -0.07891691
-0.13049909 -0.34281456 -0.11128990
-0.13375475 -0.07639871 -0.04004114
0.12560703 0.29144192 -0.01114027
-0.13606958 -0.26927581 -0.11251529
0.04950081 -0.43913844 -0.12432793
-0.11028899 -0.42884654 0.07486843
0.06187993 -0.04584293 -0.13993767
0.12486894 0.16495630 -0.02151246
0.13452250 0.42546609 0.05203273
0.12614626 0.30631873 0.01636501
0.12301308 -0.03894594 -0.12251198
0.01270256 -0.23739998 -0.13213766
0.09694379 0.45957330 0.05319187
-0.06991188 -0.13399504 0.12847470
-0.03573573 0.44427925 -0.09525873
0.11661114 0.02934621 -0.07214025
-0.13651942 0.24675882 -0.06766634
-0.13511750 -0.00966485 0.07375529
-0.13684532 0.12967528 0.09103372
0.00647059 -0.43288010 0.11624607
-0.03342332 0.08342117 0.12982547
-0.13450910 -0.27863881 0.08820248
0.03234051 -0.21714863 -0.13179557
0.06365280 0.30483502 -0.12253755
0.11973752 0.28941426 -0.11864305
-0.02858715 0.45529181 -0.01462340
-0.03258548 0.20924821 -0.12867330
-0.13623036 -0.12767701 -0.01478962
0.06297002 -0.20619541 0.12637089
-0.01474602 -0.17782392 0.12614425
-0.13443390 0.45811445 0.04137311
-0.13695773 -0.08169557 0.08601592
-0.04040928 0.40832162 -0.13491870
-0.10467013 0.45225021 -0.13784629
-0.13223937 -0.12274972 0.10623667
0.10126976 -0.03011711 -0.12884195
0.07947316 0.45375776 0.12222280
-0.13504754 -0.11843166 -0.07239956
0.10274444 -0.29650342 0.13062023
0.13373840 0.37448621 -0.08558664
0.12080228 -0.10954535 0.02893452
0.02934573 -0.21693373 -0.12864681
-0.13701221 0.20939463 -0.05186145
0.13590966 -0.43906379 -0.09007082
0.00371068 -0.18833779 -0.12988120
-0.13169017 -0.38086423 -0.03561185
0.12607336 -0.25488663 -0.12400163
0.09070391 -0.29342872 -0.13228162
0.12370373 0.04445870 -0.06622887
0.11706726 0.20873263 0.07574460
-0.13959116 0.13624035 0.10993919
0.12683699 -0.33249855 -0.11375642
0.11150747 -0.23636410 -0.13132173
0.12728287 0.44747561 0.03872906
0.06293310 0.37799087 0.12942831
-0.13517170 0.36417559 -0.03217249
0.06605442 0.14133990 -0.12968296
0.12164642 0.37733999 -0.08458875
-0.13434000 0.26702139 -0.05128993
0.12981473 -0.37836325 -0.10338095
-0.03514773 0.08620042 0.12975803
-0.07437445 -0.44787386 -0.08394626
0.08426924 0.32458007 0.13059267
0.10483351 0.45489991 0.03693143
-0.11925489 -0.05221213 0.13102910
0.12209266 0.19322076 -0.07157869
0.10374621 -0.02755759 -0.13088363
-0.12391519 -0.41729224 -0.11297259
0.11722071 0.01004122 0.12402616
0.04470709 0.33090484 0.12944375
-0.06215450 0.20889781 -0.13198397
-0.06336990 -0.45209303 -0.07590245
0.00481116 -0.43825182 0.08310317
0.02179256 0.35082117 0.12903030
0.11497250 0.41296875 0.13191612
-0.10811099 0.08776277 -0.13395704
-0.04765071 -0.20315866 0.12539372
0.05887997 -0.16648953 -0.12885860
0.12474328 0.28395867 0.06185358
0.09615762 -0.44297704 -0.00787808
-0.09315265 -0.44970673 0.04727301
0.07818959 0.46064675 -0.09018756
-0.13520232 0.02215789 0.07780784
0.08075855 0.21937789 0.01450637
0.00059714 -0.42869943 0.06184283
0.01073566 -0.13415311 -0.12842628
-0.13608383 0.33167061 -0.12129633
0.07424381 -0.00326360 -0.13023312
0.11750093 -0.39646924 -0.01564101
0.03029506 -0.32694924 0.12623519
-0.04915163 0.45711532 -0.04157253
-0.08490923 0.05432901 0.13930488
-0.13863949 -0.04825718 0.00783220
0.13784640 -0.43821695 0.07619075
0.04028561 0.44743663 0.13448046
-0.13363531 -0.16312291 -0.13152987
-0.06922442 -0.09641868 -0.13010006
0.12412217 0.35050914 -0.00544566
0.12651448 0.43177697 -0.13068250
-0.12406812 0.31149912 0.13628012
-0.11952070 -0.43392447 -0.10575534
-0.11975149 0.45812148 -0.00263425
-0.12403318 -0.44615397 0.02566364
0.02126970 0.46267036 0.03212890
0.12273184 -0.09813417 -0.13708305
-0.05099690 -0.36672762 0.12447833
-0.06103458 0.46086338 -0.14002614
0.09199941 -0.42348590 -0.12963408
0.12534519 -0.09402366 -0.12286421
-0.11336525 -0.43503097 -0.11063832
-0.06310798 -0.44406492 -0.04761278
-0.14041969 0.08904900 -0.08765348
0.05428114 0.21072163 -0.12963067
0.02287166 0.05944191 0.03114411
-0.02588289 0.39322481 0.13145073
-0.05834792 0.42091888 0.13085738
0.12531577 -0.40481538 0.04193190
-0.13492478 -0.19049813 -0.05025043
0.11933100 0.42518955 -0.06441922
0.10376460 0.02425126 -0.11893733
-0.13331826 -0.00124929 0.09922177
0.11514071 -0.17463458 0.12562944
-0.14016645 -0.21257050 -0.12058849
0.00284685 0.45645285 -0.13088264
-0.12996085 -0.17631283 -0.11453871
-0.02471567 -0.08927718 0.12533869
-0.07727025 0.22851910 0.12816529
-0.10356002 -0.12722933 -0.13204050
0.00772667 -0.32760274 0.12108758
0.12517995 -0.19471006 -0.12810028
-0.12325872 -0.43862918 0.07851993
0.05987029 0.45890021 0.08965418
0.02915148 -0.31003883 0.11849298
-0.05834249 0.24764919 -0.13042639
0.11965163 -0.16819146 0.07749858
0.05012667 -0.04476757 -0.12899929
-0.12660696 -0.06912088 -0.12357543
0.12619713 -0.41239476 -0.11467868
-0.13430636 -0.33899677 0.10655898
0.11979023 -0.07726452 0.08010709
0.13009091 -0.27057883 -0.12426047
-0.13373373 0.13453442 -0.04213725
-0.13398099 -0.35695598 0.07562295
-0.13427962 -0.22136210 -0.08466298
0.13043518 -0.39363775 0.05191761
0.11958037 -0.42302078 -0.07506795
0.07345497 0.46071783 -0.05478868
0.12003089 -0.32534626 -0.13105989
0.11259935 0.27260754 -0.08495224
-0.09958174 0.24482906 -0.13221963
0.11358098 0.09115386 -0.07410977
0.08804291 -0.38624620 0.12553033
0.12508477 -0.08139467 0.00655491
0.11937303 0.44812408 -0.02144454
0.11490738 0.45795152 0.01489914
0.03165631 0.19969177 0.13135880
0.02906703 -0.14479166 0.12565297
0.11503436 -0.03909924 -0.13180272
-0.05941261 -0.37771836 0.12316206
0.05310840 -0.05807357 0.12219437
0.12811148 -0.42154551 0.05195696
0.04596941 0.36004990 -0.13090928
-0.14000353 -0.42643267 0.10302117
-0.14129034 -0.31698576 0.09513560
0.08424871 0.10424070 0.13264942
-0.12254301 -0.44303524 -0.10211293
-0.13399589 -0.03916989 -0.09279037
-0.11392707 -0.39322695 -0.13298798
0.12077046 -0.27226233 0.10187351
-0.00117665 -0.35360172 -0.12900543
0.11307114 -0.34499925 -0.13320158
-0.13475938 0.31739104 0.07688946
-0.13427399 -0.16523464 0.08052944
0.02874613 -0.43371856 -0.13337706
-0.13657419 -0.22939293 0.09577984
0.11440583 0.11782383 0.12288055
-0.01407186 0.03363340 -0.12882386
0.12584607 0.28148362 0.04168534
-0.06510955 -0.45285696 -0.02896532
0.07159145 0.44781783 -0.08711948
0.12409309 0.28187439 0.08115566
-0.00130795 -0.07045271 -0.12682667
0.13569762 -0.43003026 -0.12528130
-0.14482807 -0.37403205 -0.10345116
0.12867449 0.26349312 -0.11761927
0.11647674 -0.33656177 0.12765959
0.09594157 0.26239020 -0.12970367
0.06967080 -0.27355063 -0.13059109
-0.00798525 -0.32889891 0.12333739
-0.00804853 0.34491959 -0.12358875
-0.00328570 0.01632964 -0.12683430
-0.12945768 -0.08871792 -0.12847453
-0.08395099 0.29173073 0.13253552
0.02310172 0.45612922 0.13178410
0.11986495 -0.43869463 0.06688890
0.03749028 -0.34791541 -0.12926137
-0.13618243 -0.04522765 0.12356944
-0.03846483 0.04947949 0.12936938
0.06531124 -0.32545879 -0.13283841
-0.13172840 -0.05659822 -0.10033616
-0.14183052 -0.43742219 -0.00959143
0.03928876 -0.44503623 -0.06721775
0.01430921 0.12033210 -0.12966137
-0.13255920 0.23958980 -0.04646352
-0.13589297 0.29461575 0.08301657
0.06856725 -0.44105989 -0.02154740
-0.13098539 -0.30358917 0.05766463
0.11948532 -0.22573560 -0.13148092
-0.12706791 -0.41810194 -0.06013909
-0.13437256 -0.35056528 -0.05279445
0.03205344 -0.44995397 0.14088342
0.05599736 0.45856202 0.07150592
-0.13652660 0.11954649 -0.09840316
0.09846688 0.03602287 -0.13065231
0.12422514 -0.16494305 -0.12201197
0.11614386 -0.10827218 0.13313106
0.12285129 0.32133746 0.07755931
0.12793300 0.30097279 -0.11875838
-0.02443940 -0.32007581 0.12725095
0.11776245 -0.42344534 0.15238301
0.11716256 0.23210344 0.03586707
-0.13710727 0.22821273 -0.08854008
0.12229617 0.35201567 0.00518297
-0.07478942 0.44109750 0.12350322
0.12314434 0.04422485 0.08923988
0.08504754 0.33844730 -0.12635821
0.12532082 0.30111730 -0.10037750
0.12125644 0.22605467 0.00452056
0.12108525 0.21616092 -0.02349458
0.13023502 -0.22945005 -0.06013728
-0.13370669 -0.09164467 -0.05957859
-0.13412192 -0.22171858 -0.08590633
0.03206866 -0.42385137 -0.12843409
0.03174419 -0.04268225 0.13151890
-0.12863982 0.34159198 0.12929797
-0.09067976 -0.35672322 0.13178031
-0.12253467 -0.40312952 0.02982247
0.13194758 0.46106261 -0.12744184
-0.13587487 0.35180429 -0.09807646
0.11812598 -0.04706376 0.11810485
0.12493921 0.32005742 -0.03573101
-0.13533621 -0.17772639 0.13553810
-0.13468596 -0.14756110 0.09521358
-0.01362662 -0.37786561 -0.13348839
-0.12524387 -0.23106283 0.05641521
-0.06292685 -0.43137380 -0.14617735
0.12190445 0.38048464 -0.11836924
-0.13706672 0.37912798 0.05718166
-0.13711752 -0.19439790 0.04765756
0.09318630 0.26294312 -0.12885793
0.01093450 0.13483469 -0.13172548
0.06280600 0.19955955 -0.13062029
-0.13331534 -0.37047648 -0.07707660
0.07444046 0.33293173 0.13144284
-0.10034413 0.01975843 0.13332272
0.12650639 -0.22237620 -0.04804009
-0.12443173 0.15576282 0.13446575
0.12079559 -0.07233415 -0.02998439
0.12099827 -0.21554200 0.06972498
-0.12779759 -0.21666378 -0.09367689
0.00681598 0.33821559 0.00622804
-0.13317940 -0.35484576 -0.00006830
-0.01161754 -0.13498874 -0.12901190
0.12474964 -0.37362295 0.07137985
-0.10259584 0.31857404 -0.13294251
0.04633774 -0.40422675 -0.12699094
0.04840732 0.15534832 0.12627198
0.09931112 -0.06872971 -0.12963083
0.11474340 -0.12291558 -0.13045640
0.11564492 0.23354194 -0.10477478
-0.12786835 -0.44689435 0.11654183
0.03970975 0.07608482 -0.12746304
0.08719450 0.36613849 -0.12747717
0.12749469 -0.27147800 0.11584271
-0.13657400 0.45327362 0.02836530
0.01596649 0.14034110 0.12642542
-0.09563916 0.45944065 0.08121420
-0.13179846 0.04497699 0.08014330
0.03562488 -0.05156226 -0.12981774
0.12692074 -0.34939057 0.05155200
-0.04182753 0.14690018 0.12917997
-0.13921383 -0.17195350 -0.03444254
-0.09711251 -0.28153050 -0.12904681
0.09527234 0.35276499 -0.12890743
-0.10633118 0.40906531 -0.13448909
0.13127655 -0.42321476 0.02404225
0.12537330 0.42908716 0.06259923
-0.14169312 -0.23028344 0.07498470
0.10793217 -0.10560890 0.12965244
0.09660997 -0.21089171 0.13042238
-0.12308065 0.33674902 0.05715802
-0.05438480 -0.20811301 -0.13091826
-0.13500917 -0.13642719 0.09359425
0.01649365 -0.19857280 0.12576611
-0.09268730 0.40082586 -0.12238625
-0.13805579 0.43858513 -0.02201902
0.11465030 0.04200274 -0.07009613
0.12619272 0.04063349 -0.10373020
-0.00203447 0.13877058 -0.12972571
-0.13166973 0.30279243 -0.04759828
0.05087583 -0.22206031 -0.13062777
-0.07047902 -0.17370360 0.12636605
0.12584403 -0.06408392 -0.13510986
0.00565495 0.33471203 -0.12991917
-0.13456900 0.43216175 -0.05888318
-0.05253882 -0.37658522 -0.12415135
-0.13535069 0.23075081 -0.08637717
0.12258149 0.11908695 -0.11057835
-0.11992245 0.19441575 0.13361630
-0.14662682 -0.44246653 0.12552537
-0.05007404 -0.10126296 -0.12684056
0.12183387 0.05023197 0.09202111
0.12013945 0.36249036 -0.08225731
0.06944209 -0.43285578 0.06717187
-0.13451126 -0.24739009 0.08508935
0.12908901 -0.39757150 0.08744504
0.12322271 0.13855214 0.11810854
0.10828310 0.04545728 0.12795207
-0.06210900 0.16656396 -0.12950504
0.12334211 -0.08190516 -0.06894128
-0.12853251 0.26826069 -0.08963364
0.12773348 0.39275336 0.11121495
0.12658441 -0.33450535 0.12384194
0.08638565 -0.41412529 0.12101910
0.02901972 0.45954162 0.08033012
0.11612978 0.31002522 -0.09816454
-0.09527594 -0.41975078 -0.12959069
0.07757953 0.13933876 0.13329369
0.13637564 0.42678094 -0.09226498
0.12078232 -0.31111860 -0.10126139
0.07210038 0.02960917 0.13616252
0.08628871 -0.20602725 -0.12883466
0.04026061 0.45446274 0.13440345
0.05322546 -0.31399286 -0.12789467
-0.09811208 0.45254216 -0.12791929
0.04573740 -0.27043620 -0.12672289
0.03580444 0.08935096 -0.13080366
0.13126820 -0.09188367 -0.12360766
0.12707153 -0.29926157 0.11451750
0.12728961 -0.06614290 0.09911502
0.12074439 -0.34262580 0.13129860
0.12595816 0.33333880 0.00250788
0.03020654 -0.29946068 0.12761630
-0.14375658 -0.34222955 0.09161787
-0.00216153 0.34639058 -0.12508912
0.10062397 0.20848960 0.12830201
0.06204163 0.08096151 0.12981626
-0.13324942 -0.06717408 0.06081552
-0.13377817 0.25276434 0.09560999
-0.07690862 -0.45409197 0.11543869
0.08379469 -0.11644404 0.12354225
0.12345778 0.31221291 -0.01175262
-0.13216335 -0.19533545 0.09429315
-0.14100893 -0.17488138 -0.00616319
0.12366861 -0.31189030 0.06990330
0.12667234 -0.20772456 -0.02551986
-0.06862509 -0.35805780 0.12322016
-0.13590595 -0.33951706 0.00718687
0.06503099 -0.41265917 -0.13419390
0.11971965 0.26651371 -0.12365333
-0.00387194 -0.42942396 -0.12997589
0.11994588 0.09475495 -0.12040903
-0.13516134 -0.29664546 -0.04327927
0.05767143 -0.23520753 0.12704667
0.01054077 -0.08986826 -0.13300836
-0.13324472 -0.40179852 0.10448770
-0.02021427 -0.17481552 0.12595855
0.12444059 -0.26508403 -0.02225794
-0.12627879 0.36246210 -0.07682267
-0.12956600 -0.08998702 -0.13248663
0.13127066 0.44187021 -0.03223005
0.00339363 0.34718540 -0.12748682
0.08396468 -0.42744339 0.12053300
-0.02375394 -0.45108476 0.08768248
0.13202403 -0.25321561 -0.00544770
0.02004675 0.26700124 0.13025856
-0.13174726 0.15687783 -0.13073647
-0.02894758 0.32844737 -0.12904906
0.01436842 0.28110075 -0.12373579
0.11478001 0.13937940 -0.07956342
0.04202693 0.43482342 -0.12571928
-0.07594399 0.45515111 -0.09904459
0.06326574 -0.23861635 -0.13141499
-0.13318659 0.33802906 0.07138671
-0.13634796 0.35726967 -0.08370044
0.12581107 0.26764435 0.09074953
0.12848814 0.44290975 -0.02243713
-0.13092031 0.04728222 -0.12676235
0.10288845 -0.31334221 -0.11930731
0.13663037 -0.43371215 -0.08404997
-0.12546778 -0.16224954 0.13063806
0.07224236 0.24827018 -0.12930994
0.02205994 -0.44189319 0.05905690
0.12547304 0.41144460 0.00839599
-0.06877519 -0.34826863 0.12776285
0.05703451 -0.39500958 -0.13109310
-0.13394363 -0.28604424 0.10982039
0.03129521 -0.41744491 -0.12015332
-0.05056949 0.31604326 0.13074835
-0.04396355 -0.44692114 0.15423729
-0.06442221 0.45533907 0.04901911
0.13059455 -0.26022136 -0.11147705
0.04240217 -0.25932965 -0.12679029
-0.04649664 -0.30063966 0.13111775
-0.01702366 0.45555001 0.02948259
0.12422182 0.16477510 0.01134592
0.12142429 0.35506800 0.09655017
-0.13305441 0.29628345 -0.10389945
-0.14016311 -0.13850826 -0.11236061
0.13251585 -0.14946237 -0.04319640
0.11130943 0.22811157 0.11637205
0.10563993 0.21009941 -0.12810782
0.12792237 0.11254642 -0.12196642
-0.13432246 -0.32265401 0.12269365
-0.13180292 -0.39294752 -0.10621667
-0.13111651 -0.05490647 -0.12017135
0.12913071 0.07704133 -0.03122491
-0.13523529 0.14915240 0.12088957
-0.13363504 0.09447283 -0.10359713
-0.13193306 -0.03005472 0.09985260
-0.12425681 -0.03259780 0.13201815
-0.08792035 0.45669624 0.07074228
0.12381957 -0.01455148 -0.04562379
0.09539977 0.40393406 0.13082793
-0.10195524 -0.03019400 -0.13474645
-0.13877453 0.02229361 0.11468313
0.10386524 0.02995100 0.12883931
0.05046665 0.45869648 0.02249027
-0.13293694 0.07517574 -0.06105828
0.12760869 0.43600664 -0.05833987
-0.08232505 0.30152500 0.12961444
-0.13677657 0.06111293 0.09739712
0.11036073 0.12065744 0.13428503
-0.13459414 -0.30279174 0.00571723
0.11367173 -0.41458297 -0.10507461
-0.13524909 -0.01266433 0.08155025
-0.13621634 -0.02901133 0.10693105
0.08158716 0.35302177 0.12325258
0.11073992 0.12237065 0.13045406
-0.06479333 0.17942733 -0.12989815
0.12402990 0.35777247 0.07768209
-0.07192878 -0.28335941 -0.12835236
-0.11938623 -0.42465904 0.09972297
-0.13172612 0.04173736 -0.05937612
0.12593175 0.29694307 -0.03429283
-0.12245204 -0.44722933 -0.08403102
0.02112668 -0.07146072 -0.13146132
-0.11599065 0.25511727 -0.13439275
-0.13339740 -0.08410213 -0.01762829
-0.13815270 0.43657190 -0.01436673
0.13223606 -0.43754134 -0.06459215
0.12679827 0.28193000 -0.12391923
-0.12840241 0.45740044 -0.07740850
0.08124569 0.00158436 0.14032693
0.12635069 0.39883575 -0.00457538
0.12608199 0.39466318 -0.03159126
0.12224737 -0.38304785 -0.01213887
-0.06755471 0.00299323 -0.13101558
0.12328417 -0.14708968 0.10899708
0.07266891 0.46197167 -0.11092773
0.12363741 0.32022381 -0.09590890
0.12237170 -0.38431516 0.07371684
0.12758249 0.22570713 0.04157779
0.09737536 -0.43642223 -0.12058976
0.09844515 0.46041039 0.06567252
-0.01954979 -0.44489041 -0.06164020
0.11994427 0.19186477 0.02858332
0.12664631 -0.42316002 0.12913567
-0.03365736 -0.19281343 0.13119428
0.13058531 0.00083099 -0.02110338
-0.13260047 0.08773372 0.11799328
-0.09268366 0.17136057 0.13099000
0.09570174 -0.27256975 0.12438923
0.11942007 -0.43794319 -0.02525570
0.02788440 0.00401318 -0.12627931
-0.01207878 -0.09546122 0.12746112
0.12001991 0.16844299 -0.04127414
-0.11615967 0.12596968 0.13581988
0.11943472 0.27136797 -0.02406887
0.04148544 -0.20707671 -0.13083532
0.00842142 -0.44005206 0.09468010
0.12794986 0.41742334 -0.00932591
-0.13297589 0.43370241 -0.12817512
-0.12483928 0.40644628 0.13001202
0.11344293 -0.43138251 0.12484629
0.02643868 0.38455543 0.13415749
0.02058378 -0.28285438 -0.12729281
-0.06595960 0.12153336 -0.12991393
0.01131881 0.39452660 0.12913159
-0.13641647 0.15149620 0.03714829
0.12246892 -0.35644978 -0.11329239
-0.02438933 0.45317736 0.10333290
0.10050327 0.28244680 -0.13098684
0.12472554 -0.35156727 -0.07511427
0.05315791 0.19475374 0.13053854
-0.13896868 -0.39415944 0.01550136
-0.06758317 -0.43749717 0.12987061
-0.01307738 -0.22855529 0.12300999
0.13201553 0.41380015 -0.06399827
-0.09006318 0.44785058 0.12489374
-0.13224073 -0.11107525 0.06388704
0.07428446 0.27341503 0.12443327
0.12240847 0.14282382 0.05834980
0.05009418 0.11921684 -0.12950468
-0.13698381 0.07802289 0.13465297
0.02910033 0.40845990 0.13146596
0.13282952 0.34910530 -0.07929707
-0.13129789 -0.36784750 -0.06241224
-0.13821037 -0.33636785 -0.02428365
-0.13716421 -0.31101662 0.08190750
0.06558499 -0.02767726 0.12650575
0.11943353 0.23662175 -0.03099737
-0.13652000 -0.05516073 -0.01292414
-0.13333146 0.05783968 -0.12314969
-0.13274974 -0.37038684 0.10662887
-0.13737769 -0.12322343 0.09583265
-0.13687390 -0.08669347 -0.04670465
-0.13623600 -0.19869402 0.03788470
-0.13129917 0.28233969 -0.05404242
-0.09922298 -0.18147965 0.13036865
0.12756358 -0.00890966 -0.12160098
-0.13701268 0.43787980 0.07817147
0.04053225 -0.42446896 0.13615319
0.09147849 -0.43566203 0.05415063
-0.12265740 0.26020813 0.05737577
-0.03183842 0.45261317 0.00323185
0.12151485 0.20395453 0.06926527
0.12923940 -0.35444292 -0.04884670
0.05526213 0.45177513 -0.11660103
0.00213883 -0.42544255 0.12660235
-0.12832369 -0.19271201 -0.12392327
0.05404766 -0.39305502 0.10890082
-0.08337372 0.22083120 -0.13730395
0.09422428 0.29216716 -0.03507141
-0.03516510 -0.44342598 0.00224277
-0.13460346 0.45111340 0.11095665
-0.00737005 0.45555675 -0.04608198
0.08259918 0.22988890 0.12801018
-0.10697678 -0.33283406 -0.13083735
-0.03096965 0.11620537 -0.12805520
0.12090171 0.42791769 -0.13542692
-0.13387413 -0.14140585 0.04363730
0.07467156 0.36169139 -0.12761240
0.00267325 0.09070883 -0.12591317
-0.11855609 0.42857954 0.12992504
-0.04541205 0.08887258 0.12966605
0.12339731 0.16535333 0.09478222
0.10367967 0.05804427 0.12879464
0.10373311 -0.27018344 0.13121876
-0.13771044 0.17089900 0.08253828
0.09656824 0.44984084 -0.12570500
0.11622921 -0.21940003 0.13352294
0.12618001 0.29426974 0.05652846
0.00278289 0.21710263 0.12878563
-0.13200516 0.23784502 0.09799003
0.12773778 -0.30766088 -0.09881713
-0.09901352 0.15624209 -0.13442254
-0.13976058 -0.33353677 -0.05917628
-0.14238447 0.35588828 0.08382706
-0.11973587 -0.26152921 -0.12956360
0.11662726 -0.38278434 -0.09116213
-0.13285291 0.36656690 -0.12618481
0.06340756 -0.00952093 -0.12570098
0.06142862 0.33746168 -0.12548538
-0.01200500 0.27036351 -0.12979427
0.02711612 0.27689466 -0.12116676
0.11984211 0.40041611 0.11392543
-0.13454627 -0.02235190 0.09710743
0.11432854 0.41088092 -0.09114271
-0.13605575 0.25721934 -0.12731262
-0.08808162 0.22862926 -0.13318601
-0.05784427 0.46674573 -0.10640398
-0.12853076 -0.25930640 -0.12103754
-0.13065016 0.29509574 -0.13200901
-0.14189553 0.42486361 0.00008917
-0.14209044 -0.19136915 -0.07924442
0.11581863 -0.18422265 -0.12224546
0.12181100 0.08013418 -0.12660624
0.06691024 -0.45124263 0.02744992
0.08342695 -0.17363973 -0.08558175
0.11565571 0.20532143 -0.07122745
0.09853780 0.20197244 -0.12975410
0.05307322 0.13983920 -0.13036007
-0.12415770 -0.42701370 0.09850646
-0.14250146 0.31052104 0.09117801
0.11634833 0.00144173 0.12659372
-0.06847295 -0.42287952 0.11781435
-0.08600640 0.12888315 -0.13154748
-0.13285571 0.25192329 -0.00018285
-0.07937600 0.45711452 0.01458248
-0.13780047 0.42834079 0.13125306
-0.13999142 0.39382616 0.07495549
0.12722540 -0.27203622 0.04653819
0.01959407 -0.11909887 -0.13086633
0.12310918 0.11811294 0.08594955
-0.14378791 0.05684865 0.03327383
0.12605324 -0.12867510 -0.06306973
-0.11268952 -0.42973834 0.03849353
0.13118723 0.37107474 0.07656831
-0.04782166 0.02698260 -0.13100065
-0.13323148 0.28275672 0.12214920
0.05355623 -0.38133609 0.13038102
-0.13978396 -0.26808631 0.07145680
-0.11334116 -0.44690904 -0.00661643
-0.13412288 0.31046996 0.09046438
0.09798211 -0.30093026 0.12799288
-0.03812374 -0.18959624 0.12153591
-0.10984886 0.46156910 -0.06389205
-0.08089805 0.13815141 -0.13254985
0.12343985 -0.23014964 0.08956217
0.13698287 -0.43525106 0.10789728
-0.13341072 0.17110953 0.12408108
-0.13703173 0.35927689 -0.00768275
-0.13000059 -0.44039822 -0.03518188
-0.13240713 -0.08737454 0.06413880
0.12249677 0.11238664 0.03673862
-0.01747222 -0.42552614 -0.11687368
0.11984242 0.25177521 -0.08326674
0.12526484 0.33712095 -0.08071556
-0.10501380 0.26407474 -0.12772326
-0.03427728 -0.06163762 0.12346193
0.05898047 -0.10039705 0.12639801
0.12089527 0.36470929 -0.10883646
0.08281627 -0.45154691 0.10645767
0.05637434 0.25154975 -0.12702714
0.03121575 -0.15066619 0.12565146
0.11709885 0.00691563 0.07926603
0.08673268 -0.14219777 0.12790427
-0.00748472 -0.36547160 0.12685125
-0.05452020 -0.44481283 0.05528704
0.12329359 -0.31465259 0.08675653
0.12187396 -0.42635027 0.04568286
0.12593868 0.38963807 0.03209783
-0.13622567 0.29317319 -0.03299372
-0.09409075 0.46051607 0.01859043
-0.14242402 -0.08401291 -0.10555824
0.12361534 -0.41916505 -0.11727580
0.09062507 0.37446541 -0.12973791
0.02314724 0.23432070 -0.12436125
-0.03480054 0.27906200 0.12615368
0.04466323 -0.42047480 0.13358691
0.12134380 0.27847534 -0.08527494
-0.04793132 0.46120593 -0.01643456
0.11730748 -0.28197688 -0.11289077
0.09553826 -0.21877611 0.12616478
0.04315861 0.17908119 0.12624986
0.05840123 0.19392936 0.12427338
0.10292974 0.42664343 0.13139331
-0.03103283 0.45698473 0.08564029
-0.02088701 -0.05949531 -0.13319434
-0.03555333 0.37449607 -0.12865372
-0.06472439 0.21931922 -0.12714082
0.11839881 0.18520375 0.08505680
-0.10707384 0.30069926 -0.12964565
0.12609929 0.43139005 0.02509068
0.12008391 -0.00964973 -0.06070726
0.12236635 0.07171324 -0.00493730
-0.13156499 -0.06899525 0.11692891
-0.02033586 0.44463301 -0.12242659
0.12735032 0.02326388 0.10662253
-0.13580997 0.05480455 0.06506564
0.12121496 -0.41488719 -0.14103122
0.02504350 -0.00174517 0.12659375
0.06970522 -0.42628726 -0.12868990
-0.13180085 0.28961203 -0.03404988
-0.09028618 -0.29320723 0.12834480
0.12183532 0.35571975 -0.11983343
-0.11323855 0.34759998 0.13355079
-0.13471347 0.11221625 0.03494964
-0.06502235 0.10818425 -0.12833588
0.12270490 -0.04074994 0.03823138
-0.13350789 0.13263658 -0.02829432
0.05035912 0.07811019 -0.12558553
-0.10694922 0.19318429 -0.13155687
0.01091602 0.32950294 0.12774792
0.13217621 0.00086324 -0.02969395
0.01676114 -0.18240398 0.12709306
-0.13282526 -0.34881544 -0.11260927
-0.13310324 0.32434958 0.12858462
-0.04354614 -0.44392172 -0.07331745
-0.05455928 -0.43894243 -0.10271014
-0.09916116 0.04636130 0.13403961
0.08003715 -0.23492515 -0.13067821
0.12239962 0.09018028 -0.03904072
0.09740597 -0.43850774 0.03424818
-0.13625908 0.08699185 0.06122033
0.12527291 0.06767859 -0.00483824
0.12274764 0.34189093 0.01795589
-0.11187678 0.20803338 0.13070376
-0.13346793 -0.38688892 -0.03308336
0.12782879 0.30511108 0.07474927
0.05610470 -0.43883494 -0.00181761
-0.13794333 -0.31144768 -0.11156498
-0.07720412 -0.44452232 0.00361129
-0.05525321 -0.42371020 0.10976362
-0.09037597 -0.21643935 -0.12813424
-0.01926460 -0.33412796 0.12456271
0.12459292 -0.28004694 0.03431829
-0.13794817 -0.21623348 0.08311749
-0.04827014 -0.23710138 0.12648311
-0.01695377 0.39923209 -0.12833580
-0.11935113 -0.44769990 0.06248220
-0.03154137 -0.06228061 0.12623608
-0.13221093 -0.10211141 0.07143880
0.12198809 0.06504177 -0.11192067
-0.01717132 -0.02381930 -0.12680528
-0.08861151 0.29650909 -0.13230504
-0.12875265 0.02810713 0.13682742
-0.01254338 0.45524004 0.06773597
0.04797542 -0.03822897 -0.13040917
-0.13745095 -0.42035398 -0.05390093
0.11879515 0.02116344 0.11942798
0.12383392 -0.34161755 -0.04643319
-0.11905210 -0.39302641 -0.13395774
0.11905783 0.13417149 -0.06853583
-0.13199618 0.11556253 -0.03095995
0.11613125 0.41277078 -0.12700194
0.06040233 0.38537928 0.13211516
0.07762340 0.09900705 0.12979150
0.10811932 0.22284736 -0.12888628
0.05725731 0.07823221 -0.12620026
0.10171154 -0.31919184 0.12881707
-0.12627845 0.45697233 0.00976230
-0.10525869 -0.08598082 0.12988591
-0.13417961 0.12620910 0.04053319
0.06898016 -0.06656872 0.13355720
0.13106482 -0.34000888 0.11740036
0.12316233 -0.30032548 0.09680230
-0.10538795 0.46037540 -0.03977600
-0.13421355 -0.32141927 0.10693306
0.05863058 -0.11228046 0.12867118
0.11714323 0.22187155 -0.10359474
0.12949167 -0.41899213 0.09639129
0.13761915 -0.43730795 0.09789483
-0.10263316 0.35204220 -0.13222323
0.12920713 -0.43031222 -0.07467832
0.08849762 -0.39368054 0.13030046
0.11898932 0.45157784 -0.07909869
-0.13513561 -0.05836055 0.12427670
-0.12548053 -0.03284447 -0.12238878
0.00881741 -0.43587705 -0.11581226
-0.06146715 -0.39436516 0.12884764
0.02892795 -0.43943894 -0.07881142
-0.11372675 -0.39777762 0.12890156
-0.13738790 -0.28048038 0.03066136
-0.13539042 -0.21104184 0.03650081
-0.12788717 -0.29383680 0.12740442
-0.13492295 -0.31820801 -0.12382981
0.12262917 0.15953122 0.05252093
-0.08685289 -0.45314205 0.08380105
-0.12631014 0.20295858 -0.12997018
-0.13286178 0.05673996 -0.02552444
-0.13543624 0.13627134 -0.01837629
0.11895819 0.21499336 0.07494749
0.09256550 0.14040570 0.12139186
0.10708566 0.33531335 -0.13144113
-0.13415158 0.28874794 -0.04124653
0.05974154 -0.20451543 -0.13097768
0.07559434 0.45497090 0.08004922
0.12240414 -0.15095291 -0.07703772
0.01481727 0.45634517 -0.02638846
0.02028367 0.08460394 -0.12468013
-0.02004624 0.21112058 0.12687349
0.01170290 0.45560423 0.04720302
0.12297744 -0.44223878 -0.01845177
0.11954692 0.37419635 -0.09217019
0.13253596 -0.11152773 -0.13044593
0.07796909 -0.08135296 -0.12846142
-0.06667726 -0.42290387 -0.13060714
-0.12096313 -0.43561438 -0.06609231
0.11982752 0.44834238 -0.09151218
0.11943721 0.04497286 -0.03919845
0.05490672 -0.10606679 -0.13025980
0.12338337 0.15422577 -0.08752777
-0.14254995 0.03124760 -0.00791916
0.12760562 0.36927947 -0.06387282
0.08257902 -0.09828326 -0.13133840
-0.01653752 0.36820459 -0.12817414
-0.12695681 -0.14249651 0.13667989
-0.13570768 0.40490308 -0.04504348
0.09586559 0.45244205 0.13779411
0.11790440 -0.26102194 0.02781270
0.05311742 0.01322448 0.02229712
0.12098225 -0.36215273 0.06007469
0.13042332 -0.12655319 0.09793968
-0.14047061 0.36160791 0.07323901
0.12122495 -0.07316013 -0.10578821
-0.13260801 0.02951875 -0.02172844
0.13229811 -0.42107236 0.03815957
0.08076449 -0.44431886 -0.12005697
-0.13951646 0.38955024 0.11120459
-0.09735022 -0.32612324 0.13122386
-0.13189201 0.38360259 -0.13359299
0.13048647 0.37756419 0.00883609
-0.13098748 -0.04490071 -0.12941629
-0.02560640 0.22189717 -0.13029811
-0.13210791 0.42940208 0.00082945
-0.13852735 0.44388849 -0.07783823
-0.06853139 0.33697474 -0.13175265
-0.07143668 0.06863095 0.14083850
-0.07237999 0.10104538 -0.13086525
0.06003141 0.46194750 -0.09712270
-0.13794208 -0.15537068 0.08663540
0.11376532 0.15765317 -0.08741172
-0.00295248 0.19435175 0.12566572
0.11966946 0.22611788 0.06942272
0.03514269 0.46699348 -0.09859391
-0.00778263 0.19999091 -0.12947544
-0.10255098 0.46006548 -0.07798049
-0.13276152 0.07585984 0.13127327
-0.13693242 -0.05714244 0.02937340
0.04722751 0.09523466 0.12993661
0.10463304 0.41925484 0.13090326
-0.04027390 0.12983586 -0.12874250
-0.03616764 0.24648918 0.13298663
-0.14327598 0.39032859 0.01574094
0.12587495 0.39480829 0.00493410
-0.13851824 -0.18162015 0.04005789
-0.11698540 -0.12507261 0.12594458
0.13074923 -0.42817566 -0.09390395
-0.08223096 0.23734449 0.13009399
-0.08645787 0.19079675 0.12938476
0.10644995 0.41209561 0.13074088
-0.13629112 -0.28702384 -0.04891679
-0.12529007 0.06568410 -0.01275133
0.03088180 0.16184604 0.12798226
-0.13940875 0.44157854 -0.05555738
-0.00506910 -0.24824826 0.12512556
-0.07694051 0.12003608 -0.12998448
-0.02871578 -0.41404197 -0.14151245
0.13488770 -0.43218192 -0.03503817
0.08729241 0.43734542 -0.12826702
0.10787993 0.40586326 0.13126123
-0.14051148 -0.16600387 -0.08632213
-0.00381324 0.05331454 -0.12982129
0.07960010 -0.02825829 0.12946518
-0.01098977 -0.43071786 0.12657695
0.05559335 0.45761022 -0.04113050
-0.12865971 0.25935823 -0.13288023
-0.10522071 0.45773393 0.08017599
0.12762401 0.34608197 -0.05023770
-0.02923428 -0.44332904 -0.10022677
-0.14241710 -0.10658880 0.00587125
-0.12997136 -0.19250545 0.01673946
0.05025677 -0.13816816 -0.13251598
0.11174662 0.45639655 0.08081137
0.11813501 0.02213857 -0.09839003
0.12323935 0.32738948 0.12786499
0.12633133 -0.31890658 -0.11449099
0.04382683 0.46016714 0.10528219
0.00332958 -0.05440041 0.12735543
0.12925819 -0.21847986 -0.08155129
-0.13377760 -0.19812131 0.08402564
0.12759107 -0.19249226 -0.01965458
0.03518781 -0.44481865 0.10962434
-0.13674781 0.37404159 -0.12989585
-0.06455362 0.14657612 -0.02445206
0.11323623 -0.35614178 -0.10151832
-0.13546181 0.27128655 0.10329835
-0.04572560 -0.07512536 0.14214359
0.12428196 -0.20508726 -0.00061992
0.13389125 0.41924593 -0.11118840
0.11525569 -0.37771687 -0.04854690
-0.13983591 -0.02732862 0.09590115
-0.01781029 0.45946801 -0.09033760
0.10036608 0.43994376 -0.11169988
-0.12819092 -0.40176854 0.04064265
-0.09671191 -0.38450524 0.12638658
0.11523720 -0.00577674 -0.13094969
0.12309906 0.01715991 0.04690890
0.07084281 0.45846185 -0.11725751
-0.00995295 -0.42130783 0.13554655
0.02494968 -0.31812754 0.12595455
0.03999187 -0.41397619 0.13814116
-0.01476484 0.29252079 -0.12957676
0.12411061 0.34651408 0.09387738
0.12082638 0.02783167 -0.10384159
0.09660937 -0.44120163 0.11030746
0.01254066 0.39208755 0.13029993
0.11800168 -0.26963213 0.04041739
-0.09053750 -0.36521313 0.12798944
0.01624228 0.41506895 0.13511463
-0.13849743 0.06602857 -0.08996610
-0.13290834 -0.07252546 0.13161218
0.08415910 0.16057092 0.12942953
-0.12106019 -0.16608617 -0.12934236
0.05218089 0.02261582 -0.12569278
0.10248809 0.40422049 -0.13776793
-0.11172059 -0.12342696 -0.12920874
-0.12709837 -0.03904083 -0.13160887
-0.14299637 0.44021744 0.13102573
0.00969286 0.25201422 0.13075781
-0.13381724 0.01337797 0.00621793
-0.13322894 0.35048664 -0.04632851
0.05695975 -0.45344415 -0.12505573
-0.13250300 0.31889489 -0.02806958
0.00211548 -0.44467649 0.12485482
-0.12743045 0.21682957 -0.11755745
-0.13201490 0.03318372 -0.10616246
0.12534755 -0.35465035 -0.03385568
0.12073103 0.18776020 -0.01690380
0.12150656 -0.41601649 0.13748553
-0.11123872 0.45957375 0.06693760
0.12289023 -0.42067379 -0.04603882
-0.14005747 0.12236511 0.09055421
-0.13350579 0.03163355 0.08418266
0.11646067 0.27268958 0.11035369
0.04385586 0.02896858 0.01152723
-0.01718491 0.45368132 -0.01231160
-0.12850812 0.24674420 -0.04016485
-0.13707957 0.45305064 -0.01108932
0.02126425 -0.07148246 -0.13162200
0.12631167 0.14117682 0.12171959
0.12234290 -0.35528556 0.07897156
-0.09860228 0.20745333 -0.13111958
0.12578376 -0.19779672 -0.00015357
0.12082278 0.45419607 -0.03281345
0.00529863 -0.04466701 0.12802184
0.08873878 0.17455232 0.11206737
-0.12997250 0.33115998 0.12949367
0.12182752 0.45676702 -0.02286144
0.04597891 -0.39912063 -0.12205097
-0.12423501 -0.24670750 0.04792645
-0.09274790 -0.35575098 0.12368622
-0.14106531 0.40214443 0.06912034
0.08903522 0.46015722 -0.06575067
-0.13568199 -0.24646999 -0.11638400
-0.13430019 -0.03265586 0.06518438
-0.00767613 -0.11097064 -0.12754987
-0.12959361 -0.14133093 -0.00198899
-0.06595018 0.04400869 -0.13092199
0.00478250 0.19299278 -0.12186386
0.12104787 -0.24585862 0.09940456
0.11740927 0.44437835 0.13372158
-0.10532670 0.40281361 0.13063282
0.11828183 0.07335511 0.06909759
-0.00795096 -0.44664437 0.07433554
-0.13285789 0.19548605 0.06182181
-0.07487392 -0.39596745 -0.12622887
0.02427764 0.18175378 -0.12946987
0.06529164 -0.42907003 0.14980161
-0.13369414 -0.14142947 -0.04047526
-0.01877064 -0.44638032 -0.10473587
0.11781319 -0.24292269 0.01949186
-0.13158618 0.03179995 -0.01918440
0.12980081 -0.42410347 -0.08049994
-0.03911498 -0.35731539 0.12725423
-0.10307700 -0.39784652 -0.13520227
-0.13538793 -0.02985365 0.03198829
-0.08831799 -0.43641892 0.02902704
-0.12265228 -0.29943776 -0.11860147
-0.05903333 -0.39795747 -0.12493628
-0.13445093 -0.29677552 -0.08585005
0.05991676 -0.14243674 0.12783715
-0.13696414 0.12053043 0.11560046
-0.13002682 -0.39285290 0.03733356
0.05209048 -0.45056862 0.08902489
0.11984978 0.40283072 -0.13082419
0.12857795 -0.41502935 -0.04805929
0.09173012 0.13812758 -0.12789896
0.03065347 -0.26649347 -0.12342007
0.09812898 -0.42693394 -0.12740310
0.12296053 0.26631275 0.03637575
-0.12811668 0.13022417 -0.12882566
-0.13348795 -0.16410089 0.11065417
-0.00308106 -0.41222194 0.14232574
-0.13376041 0.38607931 0.05838775
0.02278508 0.25712004 0.12948732
0.03300457 -0.20904759 0.13160200
0.08879610 -0.21725658 0.12669343
0.11806908 0.05509762 -0.12185878
-0.13011888 0.40181360 -0.07084453
0.12232624 0.44724891 -0.00769393
0.13061576 0.44105935 0.02411853
0.11025536 0.30204067 0.13093188
0.12117440 -0.02499158 -0.06740472
-0.03453567 0.18062066 -0.12917221
-0.14077352 -0.35107341 -0.07168572
-0.13417064 0.17607167 0.13150685
0.08449779 0.06309728 0.12923512
-0.10193520 -0.10524684 -0.12812938
-0.13615711 -0.00577108 -0.09197789
-0.04450497 0.29535210 -0.12916477
-0.01393056 0.45496711 0.12293685
-0.12322426 -0.44232631 0.09235772
0.11490858 0.25928807 -0.11946440
0.13290593 0.44128811 -0.12530585
0.11968380 0.16883646 0.12743038
-0.12061062 -0.44879204 0.10380397
-0.03909129 -0.11364167 0.13970897
0.12640727 0.19241318 -0.10739513
-0.13300371 0.04584948 -0.01143699
0.08368366 -0.44597691 0.05905812
0.03026100 -0.26659974 -0.13136959
0.09863735 -0.45300066 -0.04590118
-0.13524404 0.08342613 0.02288738
0.12737329 -0.40213826 -0.02537628
0.13367499 -0.04360208 -0.02162243
0.11694230 0.46266896 -0.01328582
-0.11323816 0.27233553 0.13568108
-0.13845828 0.42025757 0.00090146
-0.13116740 -0.44294205 0.12334953
0.01699203 -0.13825862 -0.12823439
0.12364163 0.24581099 -0.06403133
0.12905574 0.42979446 -0.07073961
0.02060189 0.44147685 -0.13479254
0.02680264 0.45739639 0.09174928
-0.03659439 0.01137091 0.12824284
-0.10679136 0.46114326 0.12106022
-0.09431908 -0.30813283 0.12437331
-0.06954615 -0.30638123 -0.13382633
-0.07149747 0.18284497 -0.01893543
-0.12695707 -0.11954930 0.11652046
0.06923214 0.45462060 -0.02091888
0.09712561 -0.05208522 -0.12903613
-0.05371411 -0.42812344 -0.13233563
0.06455043 0.45449722 -0.06906558
