0.01685773 -0.24622107 0.17528637
0.03331806 0.21440086 -0.09494749
0.03645570 0.01596140 -0.42276469
0.02389082 0.10684642 -0.10092136
0.02385588 -0.19371289 0.07112700
-0.04237387 0.19049552 -0.27256498
-0.03684364 -0.05410410 0.05326048
-0.01105738 0.24105862 -0.22400506
-0.03413782 0.22901277 0.41585004
-0.00870620 0.02927494 -0.02661772
-0.04010615 -0.21664888 0.06849097
-0.00289367 -0.07491271 -0.15876047
0.00316266 0.23116581 0.06471901
0.01029199 0.12456603 -0.40887561
0.02368902 0.04522842 0.16543186
0.00161162 0.05818782 0.20403908
0.02627669 0.03123145 -0.42742929
-0.04456187 0.21180217 0.02466336
0.02649257 0.21416196 0.14799955
-0.03948966 0.03527899 -0.29017186
-0.04296550 0.03253718 -0.18276407
0.03520638 -0.16028680 0.31747556
-0.03982446 -0.06738354 0.04546805
-0.02399842 0.07368863 -0.20676598
-0.03992742 0.23069949 0.42543969
0.02160172 -0.08827986 0.40437379
-0.01647081 0.16117464 -0.10885257
-0.04420879 0.13110995 -0.03272048
-0.01823232 0.22567725 0.09687762
-0.04577640 -0.17118675 -0.28135049
-0.02939184 0.21983543 0.32427379
-0.04516288 -0.12113412 -0.12228883
-0.00414443 0.17251736 -0.13564798
-0.00384126 0.24263656 -0.42123583
0.02861660 0.09564982 0.38411129
-0.03844767 -0.17523676 0.22721983
-0.04557118 0.10589001 -0.19808045
0.00476777 -0.04914593 -0.38098055
0.02734513 -0.04978977 -0.25404510
-0.04292322 -0.14500351 -0.04815372
0.01287461 -0.08654828 0.27654654
-0.00387485 -0.22532263 -0.10459280
0.00571106 0.00353695 -0.07345127
-0.04620691 0.23346707 -0.34591657
-0.00311346 0.09238598 0.32900524
-0.01007234 -0.15915354 0.12759739
-0.03838209 -0.03341929 0.32083640
-0.04561645 -0.24074247 -0.17532189
-0.01427565 -0.12474534 0.00389230
0.01990218 -0.14516763 0.01090045
-0.04401559 -0.16149677 -0.15429327
0.02834978 -0.05118923 -0.20740221
-0.04223060 0.06443219 -0.17219800
0.03106390 -0.17160346 0.17251632
0.03495224 -0.16119033 0.02513018
-0.03798103 0.05137394 0.23355933
-0.02980215 -0.21907043 0.09723868
0.02124523 0.08087328 0.04178498
-0.03791204 -0.09569892 0.34969333
-0.04268247 0.07029138 0.03187909
-0.03173961 0.13054447 -0.02364850
0.01635537 -0.24282108 0.32453305
0.02939276 0.03429668 -0.25947949
0.01847612 0.15963690 -0.22173986
-0.04417900 0.21088129 0.07779792
0.01951893 0.20018418 -0.33693907
-0.00660227 0.17076600 -0.09310857
-0.04620159 -0.03319808 0.12663764
-0.03861785 0.14932720 -0.17948784
0.00925699 0.24955334 -0.42793858
0.01546266 0.22118300 -0.11856709
0.03608127 -0.08243899 0.42334512
0.03434149 -0.00457679 0.36928213
0.03499649 0.00286834 -0.33022848
-0.04327556 0.18174690 -0.35501370
-0.04549876 0.20068079 -0.11932923
0.00633234 0.13900758 -0.42104265
0.02596092 0.00278724 -0.29136503
0.03835475 -0.24723701 0.15182559
-0.04337599 0.15535811 0.27571529
-0.00019552 0.22675644 0.19166695
0.00144071 0.19622412 0.17004964
-0.03435509 0.05213894 0.34289280
0.03105800 0.05921994 0.18861461
-0.01256441 -0.25003719 0.35430643
-0.03863654 0.07888546 -0.34182239
-0.03500251 0.04841328 0.12582897
-0.04674897 -0.20086154 0.04428143
0.02838842 -0.04706525 -0.39810759
-0.03786576 -0.18976930 -0.00909549
-0.03582517 0.24001467 0.13121624
0.01288992 0.23067126 -0.22703326
-0.03054101 -0.12943840 0.33949044
-0.03704952 -0.15880021 -0.03296520
-0.04030562 -0.13064599 0.01053009
-0.03786350 -0.03705738 0.18158251
-0.04275703 -0.10821385 -0.07338145
0.03819416 -0.21944073 -0.12849216
-0.04239266 0.03102759 -0.08349232
0.02488061 0.04464944 -0.06128571
-0.03547037 -0.20318930 -0.40528196
0.01052852 -0.23966585 -0.42218387
0.01471036 -0.25110528 -0.19425981
-0.01154099 -0.24700756 -0.29393956
0.03723463 -0.12078203 -0.11287867
-0.04013342 0.01799789 -0.22348106
-0.04008931 -0.11407474 0.37596840
-0.03642812 -0.02703291 -0.21072075
-0.04090623 0.06821395 -0.13535349
-0.03606111 -0.14402732 0.21389547
0.02872013 -0.13593318 -0.11460131
-0.04575578 0.21534722 0.09563324
0.03060367 0.03382181 0.18212835
0.02115336 0.17849870 -0.30004033
-0.04604569 0.14523561 0.13308391
0.01577615 0.10622405 0.08249019
0.03315638 0.01219282 -0.29232532
0.01790009 -0.24927887 0.29265958
-0.02197681 -0.01033272 0.02182773
0.04221130 0.03365550 -0.38442317
-0.03843504 -0.12420917 0.09205031
0.03156437 -0.14449652 -0.35595945
0.01150905 0.09590893 0.28201514
0.00555756 -0.15134615 0.12123889
0.02717835 0.10761093 -0.06664482
-0.04429733 0.06910615 -0.02241520
0.04440032 0.06887406 -0.41720286
-0.04088873 0.00466998 0.04274767
0.02716729 -0.24417551 0.02008440
-0.00597288 0.14537343 -0.07036376
0.03772930 -0.14690855 0.03773559
0.02656046 -0.05717496 -0.22385468
-0.03834831 -0.01066233 -0.10732524
0.01301936 0.18920052 -0.09013801
-0.03933640 -0.22712554 -0.00289376
0.03781562 0.24011517 0.10205166
-0.03888989 -0.12799224 -0.30349797
-0.02639767 0.24047513 -0.35040662
-0.02606837 0.15139326 0.08858622
0.00940203 -0.23045695 0.37930086
0.02144261 0.12548602 0.02717369
-0.03746768 -0.12340839 0.35372913
0.01356267 0.12698111 0.12296462
0.02957648 -0.03085820 0.11901723
-0.00283701 -0.03010481 0.08701855
0.01762406 -0.05434160 0.39150825
0.02528573 -0.04854912 0.15898794
0.02573274 0.02729551 0.23483633
-0.00850977 -0.03330820 0.18725221
-0.03470184 -0.22748938 -0.26278114
0.03716156 -0.23586440 0.40982920
0.03702017 -0.13876013 0.25862622
-0.03783791 -0.16614245 0.10767850
0.03324543 0.09698127 0.36669824
-0.03888195 0.01579726 -0.22172153
-0.04585205 0.18290302 0.08618287
-0.04208359 0.18424073 -0.09576550
-0.03895569 0.02259085 0.10664938
-0.04333715 -0.18908431 -0.21910995
-0.04535231 0.22615260 -0.39485762
0.03701282 -0.16452868 0.22355045
-0.04607880 -0.23992817 -0.34936231
-0.01102060 0.04275082 0.36989424
-0.04021390 -0.02641518 -0.22749782
-0.04398525 -0.19128206 0.01001228
0.03220226 0.20555209 0.35535127
-0.04245857 0.23078087 -0.31189987
0.02532314 -0.03894778 0.28966308
0.03033681 -0.01387874 -0.37729859
0.03541862 0.17987591 -0.20486715
-0.04617331 0.08498242 -0.17099930
-0.04315620 0.10173115 -0.09676912
0.01576541 0.17981958 -0.11794984
0.02465407 0.15349932 0.02277803
0.03967305 -0.23925993 0.07995036
0.03606085 0.00550192 0.11877121
0.03282087 0.02712506 0.25764525
-0.03685749 -0.20846058 -0.35129315
-0.03695946 -0.22500479 -0.39518499
-0.02384572 -0.22379756 0.36817694
-0.03339771 0.16193795 0.19561884
-0.03409813 -0.14473397 0.06157576
0.00760153 0.14320272 0.29766569
0.03330732 0.19379988 0.13163899
-0.03946025 0.06627548 -0.09377527
-0.04810173 0.20406541 -0.01781454
0.03183488 -0.09237535 0.15643519
0.01852527 0.04073695 0.36510801
0.02628316 -0.22972155 -0.38145068
-0.03814413 0.22020127 -0.21199778
-0.04235699 -0.09124877 0.42585328
0.00205463 -0.12933430 0.17841691
-0.04166526 0.00928003 0.06613684
-0.04093039 0.02039305 0.23150355
0.03661194 -0.06720776 -0.34333816
-0.03774134 -0.07257551 -0.19601855
-0.03622692 0.24110630 0.07503919
0.02553249 0.00442965 0.21388550
-0.03201326 0.11312135 -0.02259968
-0.01347403 0.13509884 0.08250835
-0.04082949 0.06522016 0.38412029
0.04092078 0.22677566 -0.37316424
0.03496889 0.14202401 0.08667158
0.00684207 -0.22170286 0.42641717
0.01033589 0.07870580 0.17896819
-0.04608340 0.19918901 0.30209705
-0.04352209 -0.15053336 -0.08799335
-0.04467651 -0.21531883 -0.11907609
0.01519051 0.09564136 0.38384724
-0.03908988 -0.14018968 -0.26823810
-0.04550214 0.20605715 0.25794992
0.03988759 -0.24026334 0.10256038
0.03437531 0.21998809 -0.31416684
-0.00004660 0.10030947 0.02553481
0.03184900 -0.08541270 0.18935597
-0.03907763 0.11009658 0.16039786
-0.01298114 0.11542505 -0.01007754
-0.01460802 -0.12092082 0.17866401
0.03255832 0.01086157 0.33860874
-0.03688332 -0.15558684 -0.26187071
-0.03996101 -0.23992640 0.29463607
-0.01764310 -0.24831256 0.19319761
0.03045977 -0.03458741 0.04037071
-0.03792441 0.17502968 -0.42776108
-0.00896572 0.23521443 0.01036385
-0.02054618 -0.20729540 -0.19949566
0.01058568 -0.20325531 -0.39601082
-0.01537736 0.06139655 -0.42573345
0.04311773 -0.23997039 -0.09641410
-0.03817813 -0.17546406 -0.26358560
0.03304438 -0.08069192 0.13643542
0.02752103 0.06426310 -0.00740930
0.03203357 -0.04290201 -0.08567540
-0.03582275 0.01418686 -0.42467755
-0.04147726 -0.10683954 0.11787258
-0.00389326 -0.11002023 -0.17629762
0.01909446 0.19345622 0.17127149
-0.00984942 0.03126318 -0.01876108
0.02906013 -0.10349225 -0.06933430
-0.03995050 -0.07224132 -0.14755738
-0.01492976 0.24359937 -0.18109956
-0.01156715 0.09745403 0.13926038
-0.01333668 0.02496315 -0.19573590
0.03596270 0.13049130 -0.31789589
-0.04501520 0.21802391 -0.01950281
0.02215094 0.23382069 -0.33159637
-0.01176336 -0.01658346 -0.15167885
-0.01606968 -0.11575219 -0.25543892
-0.03584270 -0.13560656 -0.20369044
0.02398113 -0.15150800 -0.01171510
0.03583749 -0.05977802 -0.21727602
0.02569079 0.16323560 0.18708678
-0.04348784 -0.05058495 0.31314522
0.03720605 -0.11110531 -0.20362690
-0.02247651 0.23857588 -0.11362033
-0.04650082 -0.03246193 -0.37204951
0.02557339 0.04048595 0.40124023
-0.02083498 0.23349686 -0.04248226
0.03579086 0.23985159 0.34876299
-0.02670733 0.10172865 -0.26774016
0.00852811 0.23236841 0.04232930
-0.04334677 0.14661606 -0.13521372
0.03797148 0.04882918 0.39408889
-0.01050453 -0.22462641 0.07338013
0.03856207 0.20989057 0.10637763
-0.03736533 0.23009355 0.20476130
-0.03821617 0.18838811 0.22773492
0.03296496 0.06083857 0.41087246
-0.04200838 0.03773912 0.05889649
0.03157586 0.19207901 0.21872829
0.03891650 -0.13533466 -0.27073532
-0.04157253 0.04228408 0.15637800
0.03334368 0.15662618 -0.10438150
-0.04093403 0.09072694 -0.32351089
-0.04356869 -0.14283289 0.13235073
-0.01321978 0.05082040 -0.07982942
-0.00672795 0.06390809 0.09784394
-0.04282131 0.07537951 -0.32489991
-0.01139068 -0.01679246 -0.40483040
0.03091474 -0.21871988 0.10516864
0.01999160 -0.15571183 -0.38543370
0.03726181 -0.18297157 -0.01749819
-0.01143472 0.21266189 0.10968395
-0.00145637 0.01353848 0.41656524
0.03752620 0.06896618 0.26427642
-0.00465258 -0.24672779 0.21597987
0.03329603 0.07829989 0.05622224
-0.05008940 0.08783689 0.38713187
-0.01810336 -0.24501462 -0.14810735
-0.04086206 -0.03418027 -0.36496422
0.00371341 -0.02044549 0.13077654
0.03031177 -0.10404108 0.30778548
-0.03934155 0.10886317 0.35199928
0.03204933 -0.02346027 -0.42510447
-0.04359760 -0.23353150 0.38682398
-0.02110123 0.19176571 -0.41380656
-0.03856103 0.10751911 0.04063524
-0.00119371 0.19891083 0.13954249
0.02927144 -0.25166470 0.10565386
-0.04569046 -0.20871054 0.42621118
-0.00893892 -0.11758216 -0.11026525
-0.04019685 -0.00285327 0.30452070
-0.04697650 0.21598084 0.25922856
0.02217679 -0.14998850 0.21961828
0.03137515 0.05652565 0.24968325
0.00421475 -0.20801894 -0.28891489
-0.04541848 0.18243481 0.13368820
-0.04197923 -0.23864380 -0.30909529
-0.02964384 0.24102756 -0.28218815
0.02828545 0.14502777 -0.22468850
-0.04181032 -0.04092924 -0.31962582
-0.00480683 0.24079835 -0.13488725
-0.04297838 -0.02536038 0.40595183
-0.04903540 -0.01282209 -0.36815965
0.03902992 -0.16943368 -0.32984835
0.03676166 -0.12267932 -0.27154833
-0.03629803 -0.08751991 0.29943606
-0.04865676 0.14554735 -0.41640422
0.00477559 -0.08679188 -0.18782052
0.03959880 0.21019375 0.25792420
0.03368246 -0.13390851 -0.14419901
0.03177641 -0.16884765 -0.34897837
-0.04283004 0.15285388 -0.21007529
-0.02665203 0.15588941 -0.17501782
-0.01777659 -0.01779474 0.42498565
0.02968288 0.12979965 -0.15726872
-0.03567309 -0.23810911 -0.16009803
-0.04123422 0.07984072 -0.13586782
0.00333126 0.23835103 -0.11144716
-0.00372206 0.01810467 0.14464068
-0.04326044 0.21439862 0.20860289
-0.03148657 0.16007830 0.42358899
-0.03836613 0.08223869 0.04993425
0.02628311 0.04389766 0.35506094
-0.02825896 -0.24956995 0.30944380
-0.03461198 -0.11922083 0.43093830
0.03058714 0.23829283 0.41267055
0.02411375 0.11757714 -0.30102697
0.03691101 -0.20257570 0.38337061
-0.04132567 -0.19883239 -0.12635498
-0.02614648 -0.01295983 -0.32197973
-0.00408776 0.00014015 -0.41552305
0.02108039 0.23617011 -0.10630485
-0.00076877 0.11109073 -0.08078271
-0.03843493 -0.18243034 0.11303636
-0.04391773 -0.22869635 0.08852325
0.03883054 -0.18348788 -0.14616823
-0.03808524 -0.00022731 0.33614683
0.00186274 -0.11109688 0.19382715
0.03145213 -0.11566143 -0.32544583
0.02872089 0.01045939 0.07830988
0.03217728 0.14816895 -0.18163356
-0.04527538 0.21749070 -0.26662841
-0.03366642 -0.25000814 0.31987020
-0.04700786 0.10205799 -0.37172410
0.00893048 0.08424132 0.26331714
-0.00017923 -0.24035996 -0.22278765
0.03363565 0.04587879 0.04846171
0.00051122 0.13190305 -0.15269119
-0.04417495 -0.14219642 0.41402423
-0.02274684 -0.04092295 0.08706568
-0.04239951 0.18044856 0.14219218
-0.03960821 -0.10282445 0.36982158
-0.04417357 -0.08265676 -0.33478782
-0.03965404 -0.06991891 -0.32359931
-0.01362428 -0.00041313 0.16594961
-0.02983109 0.00920238 0.31061962
0.02975676 0.12892066 -0.01725452
-0.03770021 -0.15440951 -0.21958981
0.04084187 -0.21204308 -0.19228131
-0.03382809 -0.22560231 -0.08040027
0.03571444 -0.17523909 0.37866795
-0.03600813 0.18232220 -0.42423642
-0.03582837 0.20025820 -0.42646867
-0.01140243 -0.02997039 -0.39150897
-0.03422189 -0.04748549 0.24363254
-0.01637597 -0.00084237 -0.13787913
-0.04401608 -0.04155143 0.03481800
-0.04534619 0.06441389 0.10325791
0.01419696 -0.06696202 -0.08489039
0.01804221 -0.10161014 0.20442896
-0.04371285 -0.09435744 -0.13669392
0.02030618 0.23375571 0.36469501
0.02114957 -0.16360287 0.03586815
-0.00684528 -0.00838798 -0.18399987
-0.03275871 -0.24918130 -0.37946117
-0.03246279 -0.23178264 0.09468742
-0.04656834 -0.16979522 -0.38673338
-0.03676504 0.01574396 0.03499269
0.02798693 -0.03834053 0.21851876
-0.04006232 -0.23170677 -0.06508574
-0.02117768 0.17660744 0.05729230
0.03355893 -0.14177772 0.32007432
0.03555901 0.07442474 0.21829027
-0.04212700 -0.21239771 0.17809026
-0.02711781 0.10961151 0.03119923
0.01725559 0.20497042 -0.15844905
-0.03859713 -0.04310092 -0.02307256
0.03348055 -0.23175076 -0.33330545
-0.03434408 0.02761427 0.25737795
-0.00705169 0.05701731 -0.31173065
-0.00743125 -0.00080722 0.07778686
0.00604097 -0.15711826 0.43120980
-0.03535663 -0.04434258 -0.39244452
0.03754781 0.05590994 -0.36965805
-0.04058402 0.02659463 0.03381354
-0.03793265 0.07064041 0.16536528
0.01829171 0.24773169 -0.11936329
-0.04276741 0.00507584 0.05212248
0.02162948 -0.17159657 0.05438494
0.03430082 0.12668841 -0.40833482
0.03183037 -0.17797688 0.19369026
-0.01046158 0.20734540 -0.00199091
0.01750960 -0.17134547 0.42212126
0.03672286 -0.11857791 0.23135783
-0.03821079 -0.08382301 -0.02967035
-0.01959890 0.04584758 -0.09883427
-0.04303514 0.07462920 -0.25333747
-0.04384572 -0.07608761 0.07367309
-0.03922736 -0.04292299 -0.06898093
0.02850754 -0.21539848 0.12436254
-0.04179379 0.06794442 0.29216504
-0.04645538 -0.22266264 -0.21038531
-0.03494069 -0.11331969 -0.41996676
0.00714960 0.23584408 -0.17089358
-0.04302995 -0.18173176 0.23109224
-0.04231720 0.03464121 0.20965123
0.02740642 -0.06511721 -0.34973702
0.02255468 -0.04605646 0.21555446
0.01083465 -0.22837842 0.31419098
-0.04313764 0.09127687 -0.29131988
0.01659547 -0.12642863 0.14502829
0.02789306 -0.05120432 0.20854855
0.01080338 -0.23419349 -0.42690259
0.00137600 -0.15841331 0.07728558
-0.04088882 -0.07317123 0.28392994
0.03803722 -0.14852361 0.34939829
0.02133510 0.18041787 -0.26573318
0.02801303 -0.01444392 -0.20343880
0.02584412 0.03160504 0.11704699
-0.04384891 0.17581515 -0.19006386
-0.04201922 -0.18429774 0.05230151
-0.03880917 -0.07755296 -0.06383427
-0.04563088 0.16152948 -0.28867239
-0.02336959 -0.24537688 0.09177597
0.02182076 -0.02533903 -0.07153502
-0.04671964 -0.15588622 -0.08972842
0.02025104 -0.24490058 -0.19351958
0.03332597 -0.20515445 -0.35217175
0.02720247 0.24570246 0.15302247
-0.00328701 0.20969878 -0.02424321
-0.04200464 -0.08416428 -0.05221888
-0.03175609 -0.20438896 0.42307156
-0.00475414 0.23923139 0.12426157
0.01987816 -0.01545239 0.18342954
-0.04163503 0.06104165 0.17561087
0.00938533 -0.24762350 0.29236019
0.04008741 0.23848125 -0.08592286
0.01466678 0.22109938 -0.18216658
0.04249460 -0.01878513 -0.37576729
-0.03384293 -0.07432942 0.17072122
-0.04532010 -0.17769510 -0.23396476
-0.04674247 -0.23617472 0.41558930
0.00652789 0.02265412 0.32562923
-0.01404935 -0.24833226 -0.03640506
-0.04186410 0.03792219 -0.08833878
-0.00319769 0.22685011 0.35507137
0.03360521 -0.20896861 0.05397505
-0.00786594 -0.17540640 0.01078273
-0.04336287 0.21234828 -0.25607789
0.00077293 -0.22073358 0.36274689
-0.04168537 0.00077739 0.21730432
0.02744992 0.11572748 0.24265780
0.02143719 0.12857647 -0.02898973
0.03305034 0.16429348 -0.08687252
-0.04112419 0.03196062 -0.00074445
-0.03823106 -0.04165330 -0.34638017
0.03031860 0.18146972 -0.23785634
-0.00425166 0.16491784 -0.11777167
-0.02851962 -0.23517814 0.16417244
-0.04392306 0.24281073 -0.39077467
0.02706336 -0.11246654 0.05255266
-0.03641244 -0.01426436 0.28587750
-0.04295499 0.22073603 -0.42468357
0.03434247 0.20100090 -0.29692343
-0.04093116 -0.02665217 0.12230796
0.01627241 -0.01400819 0.28405264
-0.03256884 0.07494904 0.35995582
0.03068409 -0.23428008 -0.01259814
0.00846158 -0.16159606 0.16161063
0.02027306 0.08580747 0.05638187
0.03127439 -0.24358313 -0.17648029
-0.04099788 0.17818634 -0.28884643
-0.00921312 0.00848171 0.17244366
0.02741144 0.17200688 0.08716024
-0.00065650 -0.02232080 -0.13667896
-0.03943995 0.04777642 -0.42515770
0.02464292 -0.11231278 0.15218090
0.00123020 -0.13758519 0.42409131
-0.04354049 -0.21081975 0.34579307
-0.04208456 0.13808317 0.36023220
-0.03721040 -0.13274528 -0.33256572
-0.04124448 0.04314017 -0.16704859
-0.03758980 -0.05956626 -0.33092785
-0.03793142 -0.15197639 -0.18797231
0.03550360 -0.05715929 0.29798144
0.03141104 -0.08915368 0.27506039
-0.03894056 -0.16851473 -0.29147232
-0.01467792 0.23985140 -0.16254640
-0.00742925 -0.07868468 0.28925711
0.03657764 -0.24085274 -0.38608536
0.04087421 -0.19819246 0.35774288
0.00400043 -0.24538603 0.19186184
0.03142636 -0.09058155 0.36682478
-0.04474080 0.04605307 0.10106958
-0.04242192 -0.17916261 0.30521840
0.00290201 -0.17962626 -0.39522111
0.03539389 -0.24532670 0.09910919
-0.03817414 -0.12785149 -0.02573502
-0.03603522 0.08353538 -0.05488741
0.00284049 0.14719629 0.16644739
0.03329077 0.17668293 0.01933816
-0.03610200 -0.10239872 0.27681327
-0.03157832 0.10303652 0.08090866
0.01942181 0.24367286 0.34463733
0.03679606 0.24281041 0.07147906
-0.01260177 0.09508559 0.37737259
-0.01730438 0.23143108 0.18745466
-0.01335148 0.06667459 -0.03054419
0.00228066 0.05222970 -0.13901944
-0.01089479 0.24263777 -0.38599241
0.03484223 -0.10337497 -0.16440029
-0.01127365 0.24345773 -0.31102580
0.02009634 -0.03443757 0.42667556
-0.04298503 -0.09324203 -0.08444639
-0.04060306 -0.15648109 0.30101553
0.03055459 -0.14118177 -0.38525346
-0.02493552 -0.01715535 -0.42755431
-0.03511365 -0.22977923 0.11646452
-0.03898624 -0.20025347 0.30746409
-0.00790749 -0.13012867 -0.19103028
-0.04380200 0.15271740 0.39082208
-0.01662073 -0.25113833 -0.28985569
-0.02320905 0.06215084 -0.08771422
-0.01974639 -0.24831076 0.06251158
-0.03742665 -0.03318983 -0.16703768
-0.01127079 -0.09623268 0.00314573
0.02257568 0.21412018 -0.42714855
-0.04775647 0.10705249 0.33946300
-0.04274637 -0.21444066 0.11746956
0.03568331 -0.11798061 -0.41839910
-0.04421640 -0.16027105 -0.32762203
0.02960261 -0.01833562 0.23596866
-0.02128788 0.17351718 0.30187428
-0.04316063 -0.21978407 -0.20229301
-0.02830007 -0.03757364 0.42049277
-0.03776804 -0.05826596 -0.05980656
-0.03981529 0.01804668 -0.12643254
0.03769184 -0.12470487 -0.31146196
-0.02856955 0.08677625 -0.14353660
-0.04091769 0.03764131 -0.30105349
-0.04286562 -0.08521727 0.22612558
0.03190769 -0.11865530 -0.08278403
-0.01196362 -0.13958015 0.40663218
-0.04734644 0.12851676 -0.30010208
-0.03310746 -0.23340526 -0.12190396
0.03361744 0.24805982 -0.15861869
-0.01098981 -0.04330695 0.33907667
0.00297496 0.11336604 -0.12908666
0.03308447 0.17516255 0.00158820
-0.04175665 0.03053082 -0.08005214
-0.02646204 0.21179333 0.38049102
0.03541332 -0.06614691 -0.08716596
-0.03923421 -0.11292430 -0.18788500
0.02750913 0.06609128 -0.23140261
0.02460578 0.07745132 0.01896007
0.01772306 -0.10974927 0.00865889
-0.04089180 -0.06270029 -0.17998795
0.03967631 0.22849323 -0.42069864
0.03410933 -0.17197010 0.10065477
-0.04142476 0.00793319 -0.28774408
0.03099587 0.06818660 -0.00247440
-0.02372277 -0.06884153 -0.07308370
-0.00365735 -0.00385420 -0.42349476
0.02257413 0.18317309 0.11855279
0.02743030 0.15302128 0.34896690
-0.00436739 -0.24811213 -0.04327845
-0.04119810 0.21822445 -0.30239290
-0.04683808 0.01366046 -0.37136185
-0.03583852 0.23922844 -0.35003960
-0.03700940 0.19443201 -0.12590665
0.02620620 -0.05287854 0.41072199
-0.04625165 -0.23441204 -0.25473157
-0.03045488 0.24421325 -0.12974790
-0.01758243 0.01132476 -0.06291932
-0.02870321 0.06421886 0.10200577
-0.03817659 0.23076135 0.37528247
-0.02921900 0.15124002 0.12243173
-0.02732638 0.22676121 0.05472854
0.01415775 0.18343981 0.34405354
-0.04774153 0.19556148 0.05059220
0.00880439 -0.18258996 0.09867697
-0.03211216 -0.03016536 0.13616301
-0.04197023 -0.21818788 0.22480743
-0.02469974 -0.15231028 -0.39770740
-0.03848629 0.00059910 -0.16639024
-0.04152638 0.05405160 0.35341263
-0.01192251 0.04373503 -0.23046781
-0.03914954 -0.01805115 -0.11354521
0.03185193 -0.11009578 0.18806180
0.00933840 -0.08502844 0.25741112
0.00434857 -0.24301845 -0.42414355
0.01790907 -0.12430560 0.31671619
0.00024800 -0.10043719 0.01918401
-0.01930583 0.08002931 0.24145059
0.03685341 -0.21515788 -0.40903383
0.00561632 0.24436758 -0.34453472
-0.04442901 0.15202582 -0.15025863
0.01913073 0.23361309 0.25952151
-0.02999338 -0.20447266 0.22582270
-0.01261508 -0.14086917 -0.41747022
-0.02492554 0.23039833 0.16909787
-0.03935684 -0.24434759 0.07544640
-0.04328585 0.05978492 -0.29312217
-0.04186618 0.12866172 -0.37670484
0.03668787 0.18362875 0.18462476
0.01178346 -0.25100836 -0.13164674
-0.04809416 -0.20145226 -0.21102844
-0.01574824 0.01746866 -0.30666465
-0.03716453 -0.13704908 -0.16754137
-0.00634942 -0.25279579 0.05491290
0.02592321 0.08124707 0.20203976
-0.01699426 0.08827187 -0.01478435
0.02710481 -0.09102566 0.32241023
0.03044885 0.08680232 0.30030373
0.04059875 0.19403331 -0.28715470
-0.04161770 -0.05128122 0.11938038
0.03735413 -0.07164344 0.41642535
0.03224563 -0.21322231 -0.15704888
-0.01006127 0.14013307 -0.07077780
-0.04464234 0.21877724 0.00094109
0.03072364 0.24063393 0.31703618
-0.02282803 -0.15480255 0.23593688
0.03565705 0.07187776 0.42236075
-0.04465395 -0.19059187 -0.07893524
0.04387392 0.00964231 -0.37188667
-0.04291622 -0.12473128 0.33489293
-0.03567338 0.15980576 0.28015035
-0.00514432 0.24265580 0.36539748
-0.03614490 0.03526394 0.10384182
0.03329616 -0.04422853 -0.25886145
-0.04059783 -0.13194160 -0.39458948
-0.02441153 -0.07620163 0.17116559
0.02619217 0.06198322 0.04117481
-0.00074601 0.11199869 -0.03982825
0.03148438 -0.24109323 0.27394682
-0.01560950 -0.16879901 0.08320964
-0.04673745 -0.18491708 0.32447356
0.02383892 0.00616572 -0.23866095
0.03496994 0.00154063 0.35912931
-0.03504361 -0.06592098 0.15949674
0.03483111 -0.20365383 -0.13433269
-0.00895922 0.09673791 0.31993544
-0.04121106 0.04865031 0.10580321
0.03322764 -0.07411481 0.24031229
-0.03950511 -0.17604558 -0.10555237
-0.03829889 0.07235105 0.30142990
-0.04151585 -0.17195217 -0.34025851
-0.00942412 0.00386626 0.30042258
0.03584984 -0.13936503 0.40501350
0.02892934 -0.04032982 0.42360848
0.01829089 -0.23418516 -0.05151226
-0.04373065 0.10604159 0.05482706
0.01494839 -0.04765800 -0.17714337
-0.04348212 0.16495292 -0.04909674
-0.01022548 0.12619311 -0.15477622
-0.03914970 0.08217023 -0.37938279
-0.01015684 -0.03350189 0.28543788
0.03710020 0.23669352 0.00635787
-0.03873779 -0.24309011 -0.13822946
-0.01182794 -0.24883211 -0.42564985
0.02101591 -0.08033285 -0.23892841
0.03144890 -0.08802276 -0.33632544
-0.03889387 -0.18293700 0.19540675
0.00290575 0.05042826 -0.23744550
-0.03593384 0.17972584 0.35691419
-0.04397054 0.15426712 -0.26274157
-0.03840457 -0.08379035 0.36086965
-0.04449546 0.17742673 -0.32673174
0.02499302 0.05437735 -0.18408215
0.02186234 0.24524534 0.00522062
0.02605679 -0.10662764 0.39065129
0.04007878 0.22582781 -0.05834582
0.02555296 -0.04257610 -0.08180426
-0.03612494 -0.13632053 0.07769487
0.00651168 -0.05141626 0.18320325
-0.03864600 -0.07271035 -0.01470101
0.02692211 0.07023002 0.16662136
-0.03387715 0.06878557 -0.28842422
-0.02098222 0.16501200 -0.25203559
0.03973293 -0.17863308 0.02740446
-0.00094642 -0.17008369 -0.34504828
0.03118946 -0.21257824 -0.04254009
-0.04043889 0.22529405 0.05107697
0.03635968 0.12179843 0.36156747
-0.01544772 -0.14385062 0.41633877
0.04073581 -0.23859110 -0.12402190
0.03470166 -0.12170184 0.09256521
-0.00693078 0.06376306 0.35948431
-0.03671806 -0.14909598 0.01388719
-0.03464178 -0.16416699 -0.39831823
0.02920007 0.12463661 0.23835590
0.03648896 0.23299724 0.35749313
-0.02811892 0.00177332 0.27699992
0.03164154 -0.09691368 -0.40076691
0.03517027 0.17792042 -0.25894061
0.02997631 0.17901194 0.25132525
-0.04009346 0.05636884 0.33464566
-0.02030248 0.20820630 0.37766808
-0.01871314 -0.24735682 -0.10989651
-0.03432519 -0.07401446 0.03308375
-0.00508942 0.22697337 -0.31990030
-0.03758321 -0.03205082 0.12965581
0.00751094 0.15062320 0.18951504
-0.04140119 -0.03408597 -0.02730192
-0.03952313 -0.23707068 0.14452183
-0.04052015 -0.00707202 -0.33161390
0.02384663 -0.01163599 -0.01663294
-0.01059890 -0.20004959 0.42338392
-0.00570006 0.01066863 0.17227125
0.02818230 0.01021113 -0.26084679
-0.01235715 0.07717662 -0.10591475
-0.01685112 -0.12692043 -0.18046729
-0.01957845 0.08897263 -0.13420288
0.02042374 0.06270760 -0.42578357
-0.02031022 -0.04926531 0.41567218
-0.03954299 0.02403321 0.01881831
0.02947269 -0.09600363 -0.07715733
0.00387739 -0.03522036 -0.35428077
0.04280440 0.11085412 -0.18356815
0.00210664 -0.10773437 -0.00239872
-0.04157025 0.17789237 0.27034432
-0.03744995 0.23532867 0.42422941
-0.03335129 0.04070380 0.42573443
-0.03954602 -0.03610656 -0.27944231
0.03338773 -0.21363710 -0.14662200
0.00978297 -0.11470708 -0.40599737
-0.04259624 -0.18840800 -0.23859859
-0.01398082 0.20421983 0.12674320
-0.04112886 -0.00247265 -0.00662262
-0.04618355 0.21052001 0.08245829
-0.01993907 0.19966756 0.42738724
-0.04532729 0.20152536 -0.08558120
-0.00892545 -0.15608297 0.03700165
-0.03790621 -0.08572149 0.26284337
-0.04294649 -0.08309080 0.09894995
-0.04193070 0.06309401 0.08185230
0.00922534 -0.22908404 -0.00782019
0.03344169 0.09761591 -0.25092450
-0.02219411 -0.24884909 0.23960398
-0.00631785 -0.24996011 0.05088755
0.00132230 0.18293735 -0.42236179
0.03332671 0.03082408 0.27566895
-0.03232025 0.21423650 0.10465606
0.01431838 0.14068702 0.14218186
0.03148610 0.03038537 -0.05292568
0.03005706 0.13187720 0.30230078
-0.04265180 0.24266873 -0.42525646
-0.03239845 -0.22044632 0.42077148
-0.03672455 -0.08316589 0.33366629
0.03757364 0.06944766 -0.36042202
0.03406117 0.07539748 0.24760519
-0.03771655 -0.13202704 0.35975868
-0.00194333 0.21711567 0.07541275
0.01539073 0.18324304 -0.16874337
-0.00798683 0.24018142 -0.12914301
0.01003386 0.01089849 -0.41591555
-0.04240179 -0.17618169 -0.06409744
0.02416765 -0.13137993 -0.42859524
-0.01754584 -0.11065837 0.14179188
-0.02946424 0.24216668 -0.24146317
0.03102029 0.15002449 0.37697908
0.03094385 0.04668976 -0.32863146
-0.04059616 -0.02917083 0.38388655
0.04256529 -0.23431455 -0.23409975
0.03251651 0.09386586 -0.10983182
-0.04382429 0.08426007 -0.27674073
0.03167540 -0.16597542 -0.21885242
0.03241370 0.00501474 -0.14924814
-0.04436401 -0.10018733 0.05325918
-0.04105682 0.14916644 0.16827235
0.02391025 0.16986442 -0.27780837
0.02666287 -0.14596908 -0.32259154
-0.03165998 0.15011677 -0.00470110
-0.04491047 0.19243678 -0.24694677
0.01143762 0.24030581 0.01547772
-0.00239704 -0.15886602 -0.10247651
0.00408043 0.01563454 0.13203467
-0.03886833 -0.01159839 -0.02914981
-0.04548940 0.19997832 0.09458538
-0.00286049 0.12764643 -0.42480868
0.02548209 0.05132429 -0.24542375
-0.00854457 0.09891987 -0.33617979
0.03180598 -0.12956840 -0.28399137
0.03567329 -0.02197170 -0.31916851
-0.03896809 0.23825556 -0.27480072
-0.00996387 0.21093343 -0.11066943
-0.03961460 0.09705497 -0.17601450
-0.04116523 0.00620021 -0.05462678
-0.03772676 -0.18910193 0.02967957
0.01530080 0.06001288 0.10813724
0.03577619 -0.11859028 -0.18519256
0.03331574 0.13511835 0.11223406
0.02478131 -0.08874948 0.42553008
-0.04275914 0.01521439 0.38137212
-0.00837076 -0.16362834 -0.20172125
0.03571478 -0.18646975 0.08572035
-0.02838356 -0.24821919 0.34680983
-0.02195267 -0.25050902 0.19138855
-0.00528863 -0.19370030 0.05572046
0.03127083 0.13584773 0.20264128
-0.04147671 0.05149811 -0.09035477
-0.00295360 0.24649692 -0.24164319
-0.03158790 -0.15521722 0.43065384
-0.04272830 0.02471323 0.06510024
-0.04322660 -0.00710875 0.34977141
-0.00973522 -0.14643493 -0.03563532
0.02790265 -0.22819278 0.16029310
-0.00079084 -0.04126588 -0.01351624
0.02286951 -0.09950436 -0.11716118
0.03425887 -0.01122731 0.05859429
0.00983100 -0.04670751 -0.10630682
-0.03953865 -0.14233343 0.34887987
-0.00818235 -0.07156862 -0.14155455
0.03784033 -0.16952258 0.35913283
-0.02635177 -0.01183317 -0.18733710
-0.00606139 0.00194044 0.00383793
-0.04605056 -0.23762374 -0.31111717
-0.02616641 0.12206922 -0.21602577
-0.04213742 -0.02824713 0.09827373
-0.00466155 -0.21037295 0.39893824
-0.04123196 -0.00863967 0.15241882
0.03751832 0.06559384 -0.22282836
-0.03892963 -0.04778546 0.19685504
-0.01492630 0.17937841 0.42014343
-0.03877774 0.18797517 -0.42421588
0.02724313 0.07471669 0.39212710
-0.03410834 -0.23801538 -0.30551100
0.02746346 0.00865199 0.15045598
-0.04057187 0.08480314 0.06315433
-0.03542897 0.23548049 0.27450734
-0.00414682 -0.03404015 -0.10562451
-0.00730092 0.23995489 0.37824845
-0.00682125 0.00812874 0.42462409
-0.04693666 0.14531302 -0.28092986
-0.04649460 0.01043304 0.03346524
0.02912771 -0.07415412 0.33641046
0.02300643 -0.22492607 -0.41047075
-0.04154729 0.09825107 0.08501600
0.02949838 -0.03387559 -0.42652735
0.03305388 0.16787550 -0.32018170
0.04343786 -0.18357848 -0.03487371
-0.04066195 -0.21501879 -0.03365825
-0.04631696 0.15169446 0.40338326
0.03419024 0.07137872 -0.37548578
-0.03763391 -0.12637727 0.01111250
-0.04113619 -0.13720065 0.04625253
0.03883462 -0.13590036 -0.32931456
-0.01245641 0.22404587 -0.01820589
0.03122303 -0.11813718 -0.39284611
-0.00697205 -0.21280220 0.38532311
-0.04230079 -0.20241769 -0.08171863
0.02288763 0.11591526 -0.06168469
0.01172806 0.19926250 0.20529170
0.03348334 -0.16805631 -0.06018805
0.00453518 0.03444133 0.08843327
-0.03466448 0.16368973 0.11147372
-0.01949884 -0.24994840 0.23921913
-0.03481988 -0.13382678 -0.17362015
0.03034026 0.15651886 -0.32418987
-0.04819059 0.21036108 -0.33462155
-0.03783065 0.14497977 -0.24394496
0.01184890 0.10980143 0.40863812
-0.03807982 -0.12943195 -0.05905147
0.01030093 0.04615431 0.21746597
-0.04691184 0.21375427 0.07421198
0.03256609 -0.06716751 -0.14950155
-0.00573436 -0.03426369 -0.20730129
0.03358006 -0.06411849 0.41233268
-0.04131454 -0.05491727 0.01168098
0.04297199 0.15498231 -0.18810354
0.03250017 -0.12096181 0.33565909
-0.04224053 0.06508471 0.19939734
-0.04469147 -0.20389801 -0.06349155
0.02165427 0.06427895 0.28181866
-0.02241158 0.20527987 -0.39804205
-0.04424689 0.06338018 0.05155209
0.04186398 0.20804115 -0.32301223
0.00150961 0.24230264 -0.28656119
-0.03341240 -0.22228536 0.26667103
-0.04089253 0.17834121 -0.03055130
0.04598136 -0.22678682 -0.38795185
-0.04152157 0.02562721 -0.19641091
-0.04287684 0.16081804 -0.13143505
0.03216932 0.00905467 0.03220095
-0.02358088 -0.08526523 -0.39132768
-0.00091953 -0.03292193 0.25369766
-0.04235144 0.14038563 0.27321002
-0.01906662 0.07987744 -0.21724525
-0.04369036 -0.09932491 0.16346359
0.02305411 -0.05804937 0.09410597
0.03572024 0.09967598 0.12024513
-0.03029501 0.17702121 -0.11284644
-0.01986129 -0.24360350 -0.11637530
-0.04257536 0.14997752 -0.05240555
-0.03763583 -0.02110032 -0.14190909
-0.04286693 0.10802257 -0.27871981
0.00037024 -0.07069927 0.20900416
-0.03907045 -0.19956864 -0.10298002
-0.04388864 -0.02595898 -0.20081902
-0.02792519 0.24137980 -0.02881495
-0.04190137 -0.00537508 -0.24912114
-0.03650979 0.17249462 -0.31805521
-0.00177396 -0.01335605 0.35492197
-0.02273910 -0.24533570 0.39034727
0.02707029 -0.20233293 0.15610911
-0.00099964 -0.07465384 0.11407974
0.02648598 -0.03031842 0.20707044
0.02148754 0.08911686 0.23574544
0.00411542 0.23845252 -0.04551851
0.03447753 -0.11867166 0.07116103
-0.02363213 -0.06355973 0.42765024
-0.00434936 0.18410817 0.05046099
-0.02571118 -0.14156541 0.42520186
0.02496627 -0.19989581 -0.11012474
-0.04236663 0.06497806 -0.22099069
0.03425705 0.05529601 -0.26826045
0.03713816 0.23034979 -0.07630990
-0.01346975 -0.06942915 -0.34698161
0.02112699 0.01212344 0.10290122
0.02608218 0.23634046 0.00008382
0.03178966 -0.08633802 -0.31562984
-0.04184704 -0.10553347 0.15857525
-0.04054529 0.08651120 0.10655177
0.03594500 0.14841656 -0.23411661
-0.03555468 0.05735716 0.27622774
0.03779348 -0.21425116 0.29838851
-0.04013079 -0.24322543 -0.18818057
-0.04053218 -0.10163408 -0.29295057
0.03111279 -0.13200732 -0.14749989
-0.01929335 -0.25145575 0.41284716
-0.04241562 -0.01049466 -0.28386644
-0.03378863 0.24234599 0.37604991
-0.04043044 -0.17359444 -0.21507294
0.03714519 -0.00698053 -0.27364111
-0.01706545 -0.21311940 -0.16680512
0.02108134 0.02487958 0.25595656
-0.02903122 0.06910340 -0.10560953
-0.04174850 0.01371738 -0.42393312
-0.03453942 0.07873122 -0.27371144
0.03991303 0.18590516 -0.38514659
-0.04243234 -0.07553881 -0.09061688
0.02762565 0.00458023 -0.40374514
-0.01363110 0.07392222 0.42229843
-0.04513847 0.21297057 0.00101273
-0.04344821 -0.20694211 0.37831631
0.03114843 -0.00017663 0.08079994
0.03236227 0.13947324 0.16774800
0.01977172 0.02896790 0.19998772
0.03702427 -0.12199148 0.37792552
-0.04245226 -0.14644615 -0.09625596
0.03878329 -0.24362740 -0.38793847
-0.04420316 -0.09286735 0.01799200
-0.04050836 0.12310779 0.30907449
0.00187466 0.07729333 0.03067702
-0.03175351 0.20731314 -0.09041464
-0.00875170 -0.11312289 0.40280443
-0.03275435 0.11733083 0.11205200
-0.04004152 -0.03737526 0.28461289
-0.03997425 -0.07351160 0.36078796
0.02987782 0.22023365 -0.06072330
0.02291070 -0.13660291 0.42489561
0.02554777 -0.01027427 -0.22408405
-0.04175587 0.00875857 -0.11326577
-0.03918407 0.12708771 -0.36325890
-0.00484462 -0.18429974 0.41204306
-0.01795793 0.16507217 0.15091360
-0.01181544 -0.13329552 -0.02057923
0.02448744 0.00535402 -0.18843192
-0.04206149 0.22547561 -0.13078642
-0.03991367 0.23349799 0.03746726
0.04152629 -0.12702397 -0.39518514
-0.03927984 -0.23330061 0.33619571
-0.00107197 0.11064480 -0.35954970
-0.02128831 0.00630066 0.16292305
-0.04637255 0.14593299 -0.39887667
-0.02319521 0.07825818 -0.05030458
0.03610207 0.18223995 -0.36281610
-0.01966617 0.02796263 0.17811127
-0.01486633 -0.14178425 -0.23092170
-0.00679200 0.24536064 -0.36846802
-0.04239260 0.09615824 0.31137672
-0.00369550 0.02384343 0.33580378
0.02627033 0.24958012 -0.02581433
-0.03993772 0.05589766 0.23130065
0.00699981 -0.06511033 -0.35253742
-0.01287651 -0.24676831 -0.01675510
0.03553045 -0.19517416 0.36615145
-0.03528050 -0.16467881 -0.17823218
-0.04338885 0.13422261 0.32803518
-0.04456160 0.04382386 0.00644857
-0.04349634 -0.20071933 -0.39280882
0.03407906 -0.22132568 0.26381516
0.03320888 -0.04580012 0.14023958
-0.01449456 0.07112732 -0.02093725
-0.04433491 -0.24433455 -0.38234633
0.03382874 0.11421289 -0.42663047
0.03273105 -0.16040318 0.01833534
0.03290050 -0.01710457 0.06874474
-0.01930569 -0.23104292 -0.37961560
-0.03712340 0.01868569 -0.14485298
0.03452996 -0.13941556 0.41212055
-0.04238233 0.03240519 -0.25583184
0.03786108 0.11302741 0.38671163
