0.14802237 -0.17102191 -0.02117398
-0.12298019 0.34378943 -0.18562603
-0.04785800 0.15346822 -0.18447477
0.15457475 -0.39070946 -0.07978817
-0.14359263 -0.39368337 0.13315019
0.03317083 0.42822906 -0.14849216
-0.01488310 0.29733229 -0.18012771
0.16377200 -0.23759884 0.04628981
-0.16102907 -0.19109921 -0.02954125
0.15471466 0.23685162 -0.00526806
-0.07284106 0.35382530 0.18798713
-0.16489364 0.41602367 0.17614353
0.15696675 -0.07100444 0.05514262
-0.16354702 0.16388749 -0.13596365
0.06114363 -0.41628152 0.12551230
-0.09058340 -0.07448907 -0.18149626
0.15175936 -0.05203118 0.00820271
-0.16640134 0.14624083 -0.04556872
-0.00436356 -0.40046555 -0.18141024
0.12788478 0.21828227 -0.17770019
0.15486339 0.39180213 0.02081003
-0.06623168 -0.40063700 0.04048770
0.11717985 -0.41658616 0.12758431
0.11745593 -0.35253128 0.18216079
0.12451575 -0.06468897 -0.18452324
-0.11901492 0.05443522 -0.18479638
0.13130164 0.42918003 -0.02668693
-0.05420409 0.42120311 0.17051533
-0.16457403 -0.00968668 -0.14700155
0.15155083 0.38534755 0.04457304
0.14702597 0.11991151 -0.17910692
-0.16778061 0.10702692 -0.10181247
0.04023622 -0.39389703 -0.02915958
0.05514554 0.15568012 -0.18804727
-0.16132019 -0.17767169 0.00709684
-0.04371706 -0.10481268 -0.18595125
-0.16127825 -0.40960637 0.12753530
0.04742356 -0.41702181 0.14870597
-0.16246898 -0.20717931 0.14864574
-0.01216858 0.12897775 -0.18285140
0.14376023 -0.23480912 -0.11853416
-0.07996161 0.14460106 -0.18702671
0.09594891 0.42229930 -0.12369282
0.12788950 -0.38059035 -0.18195963
-0.08523288 0.27440441 0.18972959
0.09151077 0.18169269 -0.18766087
0.15100296 0.34500352 -0.15896107
-0.16063337 -0.39213482 -0.15874742
-0.15651289 -0.25098121 0.18448034
0.11409851 0.42198959 0.01267295
0.03957886 0.36273581 0.18562379
-0.07284369 -0.18683781 -0.18561065
0.15046911 -0.01583616 -0.13715309
0.15139984 0.20921972 -0.07690264
0.13489474 -0.12218367 -0.18974483
-0.03727970 0.16187811 0.18687440
0.15922423 -0.20748770 -0.08622287
0.15484832 0.03438456 0.16106980
0.09161039 0.42150849 0.09410596
0.10946621 0.20438719 -0.18385462
-0.04132891 0.41630203 0.19065940
0.05968050 0.42574283 0.08807013
0.14579679 0.41178018 0.07401468
0.13249105 -0.21145621 0.18299192
0.00109363 -0.41609743 0.13198106
0.02308913 -0.41121820 0.14083542
0.15732303 -0.00739484 -0.12228194
0.15538351 0.16395196 -0.00207193
-0.16824974 0.27409312 -0.08777212
-0.16507292 -0.36031327 -0.02843783
-0.01518731 -0.39026079 -0.18555407
-0.12640803 0.42775005 0.06045265
-0.15727650 0.09913371 0.15755497
0.15217483 0.02621228 -0.10798605
0.15049003 0.29573590 -0.15648752
-0.16692978 0.38362119 -0.01190649
0.12332379 0.38478798 -0.18647987
0.07202450 0.03508326 -0.17892644
-0.14396062 0.42271471 0.12867920
-0.00648031 -0.30450493 -0.18460028
-0.16539951 0.24447374 0.05902715
0.14912774 0.04871967 0.14438021
0.12713018 0.31828153 0.18656860
0.15579949 -0.02988347 0.07876898
0.12707013 -0.41562533 0.00427189
0.15981480 0.11642951 -0.16610456
0.15584131 0.41247535 0.16467938
-0.12253466 -0.20940252 -0.19214894
0.14509347 0.26412475 0.12302005
0.14832672 0.33440626 -0.15572430
-0.00085392 0.02763139 0.18645741
0.06096277 -0.12654197 0.18301074
-0.16039203 0.43229896 -0.10412242
0.15936069 0.29386991 0.05155977
-0.13150463 0.18688068 -0.18845135
0.05209462 0.10795814 0.17944047
0.13461623 -0.16980332 0.18207803
-0.16431199 -0.21210718 0.09509876
-0.15281425 -0.25534698 0.09496468
0.13729851 -0.10304163 0.17310791
-0.13090588 0.29089785 -0.18840963
0.08294547 0.18269576 0.18596503
0.05339254 0.24131075 0.04623737
-0.16198148 -0.23715335 0.03632703
-0.08811831 -0.04513122 0.18884078
0.13987221 -0.06636896 0.16561845
0.15594192 -0.06445147 0.14066607
0.14504650 0.38556954 -0.14545244
0.14347930 0.10127525 0.12593110
-0.07669307 -0.41795301 -0.14855620
-0.16497715 0.34833959 0.09914236
0.16621554 -0.32058951 -0.00399541
0.07426346 0.37795052 0.18957901
-0.13843204 -0.00775758 -0.18818381
-0.16527623 0.23139986 -0.11668833
0.14287761 0.40704104 -0.10552447
-0.16075543 -0.19045353 -0.10121159
0.01500163 0.07292703 0.18671229
-0.16140264 0.16881198 -0.01737472
-0.12106349 0.43285486 -0.05085056
0.10870481 0.39973366 0.15920354
0.06713933 0.28643304 0.18502858
0.04767491 -0.31012040 -0.18449840
-0.01277938 -0.26224473 0.18631907
0.09212510 0.12677515 -0.18631071
-0.04655748 -0.01389410 -0.18325250
-0.08551683 0.42673168 -0.12923704
0.15385062 0.34927711 -0.10741278
-0.16452308 0.43190047 -0.00974061
-0.02624665 -0.39816192 0.18579896
0.08132272 0.42240503 0.12765193
-0.16518131 0.14752798 -0.01698069
0.15634947 0.33090103 0.17987420
-0.16588333 0.37849227 0.17013906
-0.15812172 -0.32599878 0.17589539
-0.16647243 0.40921837 -0.17473106
-0.10199722 0.25475702 0.18138109
-0.01960642 0.10031467 0.18750036
-0.15564087 -0.24475721 -0.15566546
-0.02661357 -0.17248985 -0.18652451
-0.16081256 -0.21136667 0.09522766
0.07691824 -0.18798524 0.18551229
-0.15840712 0.14904468 0.17949939
0.13869303 0.39075220 -0.18783665
-0.15463048 -0.38783708 -0.05715463
-0.16474798 0.37494969 0.00650633
-0.15164578 0.39887309 0.16808274
-0.16603406 0.29370946 0.05053158
-0.16579922 -0.14950433 -0.01688759
0.07793058 -0.41666731 0.17788720
-0.16355431 0.27578446 -0.05433474
-0.04382061 0.17224167 0.18522312
0.15806688 -0.01922421 -0.08603422
0.14210171 -0.23796360 -0.18363601
0.15395486 0.07342864 0.18492875
-0.13788132 -0.25985429 -0.19357745
-0.01556190 -0.18224469 -0.18636125
0.03716087 0.14359367 0.18783593
-0.00641696 0.02986154 0.18636593
-0.07173637 -0.28046435 0.18401451
0.15549070 0.35248989 0.04053014
-0.02777491 -0.29675329 0.18231356
0.06187148 0.24468605 -0.18645020
-0.01896100 0.41871932 0.18942222
0.06647437 -0.34706986 0.17980322
0.06711955 0.00479012 -0.18477704
0.11386079 0.02803816 -0.18586145
-0.16171129 -0.31790748 0.03809515
0.15449373 0.36883211 -0.06738635
-0.02639443 -0.41251591 -0.07897015
0.07191192 -0.41699836 0.17914338
0.15496042 0.01807193 -0.06453498
0.14400217 0.36253369 -0.17737471
-0.14993156 -0.39038005 -0.03652935
0.03348489 -0.38494751 -0.18236110
0.15395249 0.04480886 0.05654198
0.12863421 -0.26626447 0.18713771
-0.09404588 -0.05906906 -0.18665776
0.11135133 -0.10845368 0.18808559
0.15997843 -0.37089694 -0.05551871
0.15625730 0.13141510 0.11698177
-0.16666704 0.21406597 0.14130838
-0.08504843 0.36318055 -0.18251954
0.03590034 -0.03921075 -0.18485254
-0.04146122 -0.41401115 0.05758000
-0.16479000 0.33643275 -0.07843700
0.15632701 0.10483450 -0.05730009
0.09955563 0.20930952 0.18252033
0.12257712 -0.05991323 0.17752141
0.13936031 0.20908748 0.18538259
-0.16623388 0.30433834 -0.15469325
-0.16374834 0.00290953 0.14652841
-0.03451610 0.42769542 0.12766315
-0.06076559 0.13164514 0.18475872
-0.04862774 -0.21157783 -0.18309389
-0.15981439 -0.37880042 0.14800365
-0.16699423 0.21643002 -0.03627298
-0.16746181 -0.37305278 0.00667097
0.14473626 -0.39080945 -0.18032949
0.01667140 -0.00740296 -0.18279780
-0.11961720 -0.30065307 -0.03664194
-0.16276114 -0.16031215 0.09637694
0.13234666 0.08269504 -0.17121303
-0.01807608 -0.06634801 0.18581010
0.07107077 0.17065440 -0.18610483
0.16511387 -0.38322163 0.14466640
-0.15021831 0.31014505 0.19099529
-0.11452622 -0.38977048 -0.11739438
-0.13445510 -0.39439824 0.18472064
-0.08358071 -0.41474307 0.07545950
0.13161315 0.08543082 -0.18478368
-0.16161096 0.08135347 0.08190603
-0.01547949 -0.32996598 0.17714556
0.15728737 -0.12589158 -0.09824738
0.15817179 0.33591896 0.12588511
0.15052488 -0.03024953 0.06861588
0.14505470 -0.23216593 0.06597659
0.15372589 -0.40007654 0.05593006
-0.16254491 0.38285547 -0.17605968
-0.05788282 0.24144946 0.18824106
0.15048316 0.13103962 0.12134177
-0.16179548 -0.14302742 -0.10933796
0.02075382 0.04155465 0.18616290
-0.11608674 -0.41385433 0.09710628
0.11062975 -0.40939569 0.07845981
-0.11163894 0.24594167 -0.18691617
0.05424816 -0.41203016 0.16629484
-0.14964780 0.40010035 0.19181111
-0.11613584 -0.41626236 -0.09099130
0.05523819 0.42323834 0.09243523
-0.09377486 0.18858185 0.18796927
-0.06291847 0.15083739 0.18709296
-0.15958588 -0.24568842 0.01893105
0.10259711 0.42610949 -0.13986163
0.01467748 -0.20567080 -0.18478553
-0.12234223 0.42518622 0.00646334
0.15848523 -0.22158128 0.14341991
-0.04464205 -0.20867060 0.18257813
-0.08284218 0.19159169 -0.19170323
-0.16704871 0.25431606 0.11096919
0.13300852 0.20458275 -0.18668537
0.00816042 0.19993164 0.18134718
0.02927279 -0.27927467 -0.18671130
0.12360611 -0.06793486 0.18174616
-0.16492607 -0.14224890 0.12752455
-0.16108567 -0.31608075 -0.12643199
0.14276750 0.07136125 0.17211536
-0.16151376 -0.39056578 -0.17542805
0.02745335 0.13820288 -0.18583098
-0.06335631 0.11610182 -0.18915187
-0.16136231 -0.29729891 0.04704076
-0.15241642 0.29717705 -0.18968412
-0.16333105 -0.04632018 -0.00984420
0.15737312 -0.01118235 0.00739220
0.04214108 0.42575362 0.15995939
-0.14227499 -0.00149526 0.18900920
0.14910647 -0.30576196 0.18199597
0.03406734 -0.31930056 -0.18304153
0.15516931 0.35457015 0.11594285
0.07452568 0.31949097 -0.18540409
0.04295558 0.42416018 0.04985931
0.15729193 0.30689147 0.00065397
0.06202932 -0.38931063 0.18286607
-0.16250043 0.36164996 -0.14991659
-0.14416364 -0.41667166 -0.17679326
-0.16183412 -0.17241532 -0.14830273
-0.02010268 -0.22737736 0.18759890
-0.01836803 0.07796969 -0.18580611
0.08296857 0.42803097 -0.13368088
-0.16529503 0.25440341 0.05246787
0.14272910 0.15498731 -0.18586430
-0.03212632 -0.34270898 -0.18440035
0.15596631 0.10021426 -0.15616371
-0.16660990 0.11725402 -0.02526935
-0.10093810 -0.37759185 0.18237993
0.15187645 0.09398562 0.12001318
-0.16651404 0.23964396 -0.13401084
0.05570301 -0.22273202 0.18921275
-0.12338059 0.19847386 -0.03233800
0.09346493 -0.35369417 -0.18506765
-0.07681645 0.16697200 0.18272465
0.15416679 0.37713298 -0.03499738
-0.16216795 0.37474132 0.09950511
0.15976186 0.00075296 -0.07359854
-0.07444717 0.27400672 0.18663278
0.13280834 -0.11988738 0.18147723
-0.06497173 0.09341639 0.18837874
0.12419926 -0.23202378 -0.16059640
-0.16259429 -0.06764258 0.07127345
0.13752143 0.25328192 -0.18554151
-0.16808519 0.20723106 -0.13338017
0.08530843 0.17756617 -0.18227378
-0.16616914 0.38508075 -0.02139252
-0.10451426 -0.40341121 0.11321761
-0.16270235 0.13284481 0.01358462
0.14793749 -0.38581294 -0.17956981
-0.14831518 0.28657228 -0.19179025
-0.07787833 -0.18777198 0.18718772
0.14974411 0.41676748 -0.14742516
-0.15215200 0.07225624 -0.18673052
0.15671705 0.22131626 0.06650444
-0.03475604 0.31189167 -0.18316610
0.14431486 0.28280985 -0.09067663
-0.16047221 -0.34262872 0.11586835
-0.16188818 0.04337511 0.02852559
0.16251607 -0.28480306 0.06790437
0.15352808 -0.04452135 0.07770500
0.15817373 -0.08153030 -0.02570982
0.02340415 -0.14260420 0.18758067
-0.02107729 0.13527150 -0.18307261
-0.16428612 -0.26067689 0.06092867
0.15002693 -0.38652280 -0.09220616
-0.02678172 -0.41983259 -0.17985639
0.00737929 -0.02225946 0.17997558
-0.16699986 0.41281384 0.00178688
0.04144715 -0.40929472 -0.18244125
0.10387389 -0.19959544 -0.18641677
0.02054541 -0.41534674 0.07452416
0.13812092 0.22318740 -0.18592860
-0.16416124 -0.31607243 -0.01185171
-0.16380188 0.20634846 0.05818197
0.09799208 0.42169744 -0.02356864
-0.16463293 0.32706094 0.03478756
0.03591635 0.42878926 -0.15720600
-0.16337276 -0.23654775 0.16006473
0.04151855 -0.00462439 -0.18196520
-0.02354110 -0.35960674 -0.18252526
-0.01773944 0.42824632 0.05580024
0.15612483 0.05529483 0.10250545
0.15435022 0.00155145 0.05033690
-0.10208342 -0.41090018 0.02953124
0.14066325 -0.39280832 -0.11678237
0.11483969 -0.10583767 -0.18742901
0.02817347 0.14527681 0.18130584
-0.09967510 -0.41670161 0.17681344
-0.16414374 -0.01460237 0.07529968
0.11556000 0.38170636 0.18340090
0.13355286 0.13469049 0.18950926
-0.08839998 -0.33964157 -0.18200968
0.15655778 0.16168025 -0.00910488
-0.00711509 -0.22111347 0.18730916
0.15308960 -0.12699115 -0.00711854
-0.16313387 -0.21095377 -0.00721502
0.09399072 -0.39286029 -0.18610075
-0.16147356 -0.34603435 -0.11284702
-0.09023141 0.37569836 0.18970008
-0.15176740 0.41516539 0.18753430
-0.14043497 0.15757951 0.18558356
-0.16309813 -0.16733311 -0.04662865
-0.16471733 0.25211725 0.18006909
0.06740384 -0.40754783 0.07756260
-0.16519079 0.08752083 0.06363328
-0.14022402 0.30915582 0.17327660
-0.02170642 -0.24137592 -0.18458307
-0.16168126 -0.22096692 0.05947256
-0.01060341 0.29020917 -0.18072388
0.15442298 -0.10972893 0.02995499
-0.16604443 0.25351492 -0.01355095
0.15354149 0.28028208 0.08922263
-0.16616887 -0.02664429 -0.17623170
0.14379235 0.28310964 0.09674950
0.09557804 -0.41704214 0.10959828
0.14396657 0.31655619 -0.17787595
-0.16536228 0.38016698 -0.02699278
0.01284295 0.20591676 0.18619944
0.15930341 -0.15313007 0.02318823
-0.13860407 0.22111796 0.17478348
0.15131730 0.37970123 0.09823659
-0.11977880 0.41648769 -0.14622226
0.15592219 -0.17444079 0.12096828
0.13880330 -0.28654599 0.18571606
-0.12045042 -0.27782565 0.18761608
0.15537247 0.37324053 0.00968691
-0.16412425 0.26545978 0.17896120
0.13231200 -0.33498821 -0.18460436
0.07695813 -0.00726621 0.01474611
-0.13778806 -0.41037115 -0.04618644
0.01099492 -0.41923004 -0.03033845
0.09216829 0.23350726 0.18749507
0.15785784 -0.05857738 -0.03436849
0.15495531 0.41566020 0.16697606
-0.12395926 -0.27356383 -0.02220866
0.10329013 -0.41117421 0.04580760
-0.16869043 0.41495928 -0.01439251
0.15506700 0.33362904 -0.02862813
0.15821928 -0.31210950 0.15165369
-0.15820773 0.08488294 0.16485709
0.15483840 0.14461699 -0.10396613
0.15340862 -0.11999246 0.14754364
-0.16417868 0.29959935 0.07910307
-0.13793428 0.13074228 -0.18769680
0.15758601 -0.26786569 -0.17509156
0.02633378 -0.41107070 -0.03825492
-0.16355844 0.41019538 0.17546271
-0.16657610 0.16948654 0.05004774
0.00019364 0.42410499 0.14889702
0.15300463 -0.34576511 -0.04782025
0.01610848 0.42358086 -0.13751605
-0.03343310 0.27831343 0.18266682
-0.11950227 -0.37176102 -0.00281798
0.15986302 -0.11633883 -0.13818887
0.08890359 0.42421973 0.04349250
0.10978009 0.32200205 0.18430020
-0.06861064 0.35280949 0.18224017
0.02672825 0.42478371 0.15313166
-0.12679930 -0.25411698 0.18782914
-0.15759863 0.27383411 -0.18580721
-0.08765080 0.42411047 0.17185931
0.15662853 -0.04034128 0.08247852
-0.06537909 -0.17799287 -0.18496929
-0.15729518 0.42130259 0.00563211
-0.00361297 0.15569901 -0.18637724
0.16210507 -0.26273787 0.04906651
0.13362214 0.23956437 -0.18588738
0.08028373 -0.05116889 -0.18514469
-0.17022565 0.42712560 -0.17946644
-0.16295566 -0.26524556 -0.13113630
0.06408581 0.15342902 0.18727961
0.02621307 0.01323146 -0.18248227
0.03645039 -0.41850024 0.13726828
0.00908779 0.16002789 -0.18600640
0.12494412 0.42263946 -0.16560285
-0.15535671 -0.39218569 -0.13656381
-0.00857345 0.24852206 0.18651232
0.15582305 -0.05631114 -0.15674195
-0.16263336 -0.14030708 0.01494137
0.15956251 -0.38136092 -0.10269109
0.15609367 -0.32223454 0.08582861
0.08518559 -0.23339893 -0.18109703
0.05427055 0.08860713 -0.18362720
0.14948393 0.29346985 -0.00770933
-0.11873266 0.17758541 0.16991968
-0.10160517 0.42398801 0.05383913
-0.02453008 0.12166465 0.18361452
-0.13369541 -0.18230979 -0.18931304
-0.15211608 0.12931415 -0.18224320
0.15893057 0.31424072 0.08901062
0.01021627 0.33643025 0.18635082
-0.16334061 -0.35216746 0.13861166
0.07058476 0.13915773 0.18450813
0.12500894 0.36120450 -0.18540698
-0.00831053 0.18492563 -0.18529354
0.01691737 0.41683000 0.15822929
-0.16321048 0.00289037 -0.08651594
0.15602922 0.05833021 0.07179123
-0.16055235 -0.23529372 0.04847915
0.14905737 0.17330022 -0.05136834
0.16314980 -0.40922403 -0.07624803
-0.16549022 0.40349624 -0.13847405
-0.16542190 0.13512054 0.02930468
-0.05707904 -0.40078184 -0.06236113
-0.16464174 -0.27726972 0.03173552
0.15416208 0.16201994 0.10114197
0.15574221 -0.40495849 -0.14207058
-0.02406499 0.15786293 -0.18854408
0.15456292 -0.25581345 -0.01498788
-0.04428353 -0.39392829 -0.09379663
0.15474685 -0.11405107 -0.12112410
0.04677790 -0.05108382 0.18338421
0.15030612 -0.18425344 0.18146572
0.01041778 0.36025354 -0.18879224
-0.08746644 -0.16610444 -0.18491848
-0.16184197 -0.08385675 -0.09517511
0.06832357 -0.20715737 -0.18395427
0.05588298 -0.09569905 -0.18431924
-0.14935417 -0.15578933 0.16989845
-0.16100948 -0.29126853 -0.15197217
0.16031566 -0.13766155 -0.18095148
-0.12218710 -0.25160572 -0.05718518
0.14377467 0.42771131 0.07550058
-0.15027000 -0.22749820 -0.17241229
-0.16504556 0.06747060 0.07086772
0.15821286 0.10299566 -0.01649985
-0.02576011 -0.36477000 0.18098490
-0.00386823 -0.39404657 -0.16811465
0.11547837 -0.42186838 0.15814771
-0.16026540 -0.00036559 0.03149302
0.15764290 -0.26455414 -0.11858526
0.03006598 -0.41895652 -0.10153811
-0.14472018 0.40678197 -0.18872705
0.16028580 -0.39236104 -0.14626811
-0.02982464 -0.15695386 0.18420282
0.16321547 -0.40806305 0.13331410
0.08732882 -0.07887600 -0.18406464
-0.16081390 -0.21055180 0.06100680
0.14510891 0.41775322 0.08053534
-0.09668288 -0.41580209 0.02575666
0.14324911 0.41329354 -0.12734418
-0.16109870 -0.12657727 0.10303960
-0.07544998 -0.36698550 -0.18351780
0.15349001 0.39661607 -0.01244860
-0.06655765 -0.13075346 0.18623050
0.15834539 0.41644543 0.00391883
0.13642544 0.01211482 -0.17199950
0.15054506 -0.15444401 -0.09321715
-0.16503261 -0.06706984 -0.02036829
-0.15848297 -0.41839391 -0.08126272
0.06168340 0.07074999 0.18673030
-0.16293450 0.31292367 -0.01140067
0.03597526 0.03885618 0.18229713
-0.16133660 0.05427008 -0.06389065
-0.00424957 0.00816131 0.18600449
-0.16750675 -0.06445386 0.12315508
0.13211310 0.18086180 -0.18732762
0.15662812 -0.07710170 0.07444861
-0.16432402 0.27490264 -0.07715239
-0.15835987 -0.05167772 -0.16506836
-0.01595913 0.36865297 0.18625054
-0.04788366 0.42463371 0.09547552
0.15597589 0.38272512 -0.01665729
0.00585235 -0.09971254 0.18436678
-0.16591018 0.00827007 0.00563609
0.15410371 -0.11076809 -0.01271000
-0.07038487 0.41901380 0.03315942
0.11270482 0.34546515 -0.18737067
0.15627433 0.18355487 -0.05307246
-0.08071344 0.42415270 0.11244131
-0.16328390 0.38313615 -0.11458826
-0.02925307 0.41367120 -0.11780291
0.11406926 0.42461482 -0.17593488
-0.09160078 0.05252083 0.18687594
-0.16178240 -0.26601139 -0.07372835
-0.12179729 0.09005331 -0.18277852
0.14795513 0.28356108 -0.17894292
0.03877063 -0.15153995 -0.18396550
-0.16352455 -0.35534540 0.01562296
-0.16369084 -0.16346408 0.18212031
-0.07441918 -0.42176956 -0.17895222
-0.10713860 0.32772264 -0.18971932
-0.05679299 0.42822978 -0.07367554
-0.16418469 -0.13952473 -0.01374619
-0.16005370 0.39372736 0.07983792
0.00838607 -0.41549391 -0.18544436
0.07222560 0.42399830 -0.01769194
0.14450788 -0.23775649 -0.00874870
0.05115539 0.27556062 0.18580589
0.14928983 -0.40833503 0.17926623
-0.08215190 -0.36983281 0.17586069
-0.15833393 0.42233133 0.00436578
0.03674869 -0.30646190 -0.18478225
0.15449336 -0.35286596 0.12302855
-0.13346814 -0.34447777 -0.18287629
0.13227107 -0.08414891 0.18301785
0.09331925 0.41788375 -0.19022922
0.14944211 0.23133501 -0.01259067
0.01061539 0.21289372 -0.18980253
0.05183272 -0.41792449 -0.06996550
-0.03836146 0.42389673 0.15840514
0.08010340 -0.29817581 -0.18171526
-0.16420980 0.29806918 0.10457121
-0.02322330 0.42895493 0.00992736
0.11124129 0.20352027 -0.18427746
-0.16149022 0.15438892 -0.08850547
0.14845946 0.24135253 -0.05334117
-0.16044185 -0.34587389 0.03578487
-0.00785461 0.42158121 -0.14608479
-0.16356008 -0.07311417 0.07794530
0.04810587 -0.08701080 0.18525873
0.15094981 0.39960310 -0.17666854
-0.15968741 0.24546318 -0.17886142
0.15625235 0.12825891 0.02716175
0.15781820 -0.19868004 -0.07175461
-0.08395355 0.42227614 -0.19205013
0.15111129 0.20406111 0.02272728
0.15286218 0.08551867 0.08172429
0.00288242 0.42532724 0.12412576
-0.16060057 -0.20954615 0.13548166
-0.16311045 -0.31043863 -0.00338361
0.15617338 -0.23116994 0.15448734
-0.16953596 0.00002184 -0.12728328
-0.14295144 -0.39690337 -0.18656237
-0.16356370 -0.23641592 -0.07586979
0.05878986 -0.12013013 0.18701117
-0.08647496 -0.28193086 0.18493934
-0.07365310 0.18664296 0.18874705
0.15070145 -0.28344095 0.08611174
-0.06895015 -0.40864795 0.10809541
0.15118907 0.36238551 0.17012022
0.10187066 -0.41875148 0.14774509
0.02450012 0.29200542 0.18529502
0.10031569 -0.41206941 0.02629777
0.16231528 -0.24878523 0.04408013
0.15542232 0.30983853 0.09648494
0.15882058 0.04728049 -0.01078981
0.15536562 0.10356845 -0.03182751
-0.16506295 0.20475128 -0.18135281
0.06222266 -0.02010798 0.18801624
0.15660805 0.19369243 -0.16122702
0.15388662 -0.15024579 0.02460457
0.03397182 0.18426260 0.18813992
0.11549556 -0.14827637 0.18958463
0.07828171 -0.36764321 -0.18162008
-0.13157459 0.15760577 0.18829504
0.15317684 0.15875992 -0.00812805
0.09807985 0.05073778 -0.18261005
-0.16074507 -0.10021561 -0.14775676
0.12273051 0.01524146 -0.18656628
0.10864777 0.24979839 -0.18909250
-0.14757699 -0.42142031 -0.00458057
0.15958363 -0.23733377 0.05415166
0.15384215 0.23897649 0.03917588
0.02584545 -0.33287466 0.18680711
0.15459138 -0.20807739 0.17896053
-0.16217168 0.07089960 -0.04055871
-0.00990484 -0.41111529 -0.13460192
-0.03489868 0.42225552 -0.06919520
-0.15628316 -0.23104346 -0.17852856
-0.13000262 0.42940158 0.02490820
0.11187127 -0.14197658 0.18495694
0.12416473 -0.41368929 -0.08178853
0.10185838 -0.21648896 0.18362258
-0.02096526 0.15269314 0.19100459
0.07693266 0.29492807 0.18257791
0.12671748 0.23778340 -0.18603125
0.12323462 -0.40184462 -0.18268165
0.14408734 -0.38833532 0.11772056
0.13955596 -0.41738111 0.17146862
-0.15669790 0.40590680 -0.05898921
0.04622380 0.06942765 -0.18053129
0.13484976 0.30648261 0.18554516
0.16164620 -0.36783955 -0.09025396
-0.16549213 -0.19400224 -0.07231664
0.06286384 0.10609306 -0.18944599
-0.09477195 0.04976425 -0.18354937
-0.06221497 -0.37724537 -0.18324432
-0.02284339 0.42309871 -0.05432880
0.15227497 -0.22069240 -0.18092546
-0.15134238 0.42827740 -0.15038410
0.15178378 -0.00459330 -0.10870198
0.12603755 -0.24410239 -0.18416080
0.15543002 -0.09954187 -0.02619406
0.13426527 0.20622346 0.18473446
-0.15993324 -0.19320005 0.13441163
0.03946203 0.30019736 0.18649404
0.16200969 -0.31778261 -0.17011730
0.15534280 0.16266403 -0.16225509
0.06469072 0.42493352 -0.08781813
-0.09276916 -0.08517736 -0.18367465
0.15587036 0.23257612 0.07789823
-0.03566032 0.42813390 0.08791992
-0.09900375 0.42255071 -0.05838422
-0.16516656 0.37197188 -0.06647549
0.05460633 0.20819749 -0.18052720
0.15656953 0.27745277 -0.16263457
-0.16645023 0.02733492 0.12488434
0.15268040 0.03072225 0.04173553
-0.10468744 -0.40508869 -0.17684969
0.12354273 -0.35945454 -0.14326599
0.04541352 -0.17377956 -0.18820657
0.05483028 0.03413590 -0.18766557
-0.16465555 -0.20372121 0.04103830
0.14204805 0.10653288 0.15016340
-0.06127815 0.08268207 0.17900704
-0.09443162 0.41029128 -0.18964957
0.14084469 -0.25718954 -0.17962804
0.09307357 -0.40579906 0.00188501
-0.16810751 0.22375450 0.03924246
0.03676391 0.02518295 -0.18055449
-0.06768537 0.36580700 -0.18721057
0.15192944 -0.38299990 -0.12637836
-0.16454712 0.17218684 0.18567738
0.15996248 -0.40899825 -0.12045512
-0.16720372 0.16836096 0.02328794
0.16054669 -0.33191374 0.11956313
0.14591421 -0.12242483 0.09208240
0.13707013 -0.40769330 0.06393142
0.15556234 -0.19989988 -0.16714780
-0.02362215 -0.40214071 -0.06420930
0.14049673 -0.39452881 0.17785893
0.02118823 0.41969946 0.12723726
0.04518829 -0.14899124 0.00956046
-0.11039976 0.16840856 -0.18831730
-0.16491979 0.36735407 0.09378833
-0.16462654 0.16837360 -0.05412628
0.12538373 0.42352930 0.17339969
0.09853408 0.42671791 0.08127066
-0.08126350 -0.05932558 -0.18817240
-0.03290742 0.20163809 -0.18555133
-0.04125695 -0.37391227 0.18577473
-0.13120578 0.42233694 0.16752820
0.15250391 0.41044253 -0.00424589
0.15049101 0.33801496 -0.05055307
-0.12955777 -0.35297418 -0.18426640
0.15105753 0.30875391 0.18026987
0.09619994 -0.19592074 -0.18660225
0.15690981 0.05358821 -0.08300166
-0.01059167 -0.42412451 0.15589380
-0.16591391 -0.12590583 -0.17195934
-0.15089528 0.34462336 -0.18325293
0.15354551 0.12426609 -0.14271338
-0.08828842 0.42501158 0.12848094
-0.12096638 -0.21706833 -0.03224405
0.14067164 -0.11121729 0.09429064
0.15595478 -0.24807639 -0.13886289
-0.16775469 -0.01574332 0.14594330
-0.00219972 0.35690683 -0.18301512
-0.14911090 -0.37284705 -0.18388699
-0.01628929 -0.16002932 -0.18517785
0.04165114 -0.23407443 0.18598686
-0.16107397 -0.19595903 -0.18259422
-0.13811444 -0.11898543 0.18440959
-0.07796590 0.37292355 0.18907781
0.01739541 -0.41350698 0.18117012
0.15853828 -0.11493916 -0.16401164
-0.12778422 0.31535342 0.18581794
-0.08409148 0.39960536 0.18654783
-0.08103319 -0.37130910 0.18146108
0.10455536 -0.41187626 0.16318768
-0.05082869 -0.41698715 0.11660232
-0.16609949 0.29593885 -0.12276285
-0.13879642 0.42521429 0.06735608
-0.12114654 0.33564317 0.18673705
0.01199230 0.10061965 0.18557039
0.15551808 0.08317108 -0.01216737
0.01817265 -0.41211784 -0.14513323
0.12207793 -0.02434251 0.17804344
0.15648046 0.02140855 -0.14691673
0.07094164 0.25194940 -0.18021387
-0.10784337 0.43272525 -0.12939616
-0.16997796 0.30250341 -0.17502552
-0.11103669 -0.42201352 -0.11083055
-0.16690305 0.25156331 -0.06976971
0.15908608 -0.18053009 -0.10007035
0.10258128 0.06691753 -0.18691601
-0.15475757 -0.40970951 -0.07950205
-0.16293298 0.02997425 -0.06103229
-0.06782630 -0.11860308 0.18845090
-0.16564089 0.30530787 -0.00353842
0.13700996 -0.06096426 -0.18265130
-0.16381678 0.30457675 0.04399807
0.15386613 0.35537833 0.14537443
-0.07444667 0.41848496 0.16854081
0.15661122 -0.29264781 0.17283703
-0.15878741 -0.26744795 0.17678401
0.04180199 0.32611102 0.18412769
-0.16463955 0.13005830 -0.14181896
0.15382843 -0.17881069 0.00317383
-0.06498542 0.35934597 0.18402718
-0.16607350 0.34226504 -0.02375465
-0.16546082 -0.34728071 -0.15139347
0.15588729 0.34016708 0.05465552
0.14127670 -0.30925983 0.18296342
0.12087303 0.42013395 -0.15482369
-0.11548093 -0.05539642 0.18524696
0.14938241 0.20077273 -0.11096835
0.04577788 -0.16072439 0.18585114
-0.06302530 -0.13769597 -0.18312255
-0.01252280 0.42989790 0.14984553
0.15426537 -0.30368313 -0.16360629
0.15751947 0.18856390 0.12533692
0.00110140 0.41901121 0.08768387
-0.16454212 0.14968087 0.10666523
-0.16780618 0.12742423 -0.11055809
-0.13274568 0.08821639 -0.18882926
0.01962850 0.32811669 0.18440820
0.15756281 0.05380992 -0.10736275
0.07523846 -0.15882036 0.18336730
0.14075662 0.38896474 -0.14805847
-0.15826742 -0.21577057 -0.18644148
0.15747891 -0.06388626 -0.01006512
-0.16867557 0.41221428 -0.11617962
0.15535937 -0.36547613 -0.00173024
0.07970820 0.27079746 0.18697962
0.14085408 0.12571672 -0.16910462
0.11769465 -0.24346490 -0.18603182
-0.15809554 0.15398800 0.18623704
0.05073949 0.40136731 0.18735893
-0.02391867 -0.39093280 0.13212222
-0.12905963 -0.37363952 -0.18490657
-0.08098132 0.35145551 0.19084057
-0.16519950 -0.27530137 0.06857622
0.15081331 0.10064244 -0.04756199
0.05547956 -0.41424242 0.08745931
0.15612070 0.02070997 0.15712383
0.07417347 -0.01742035 -0.18087256
-0.07428700 0.41511789 -0.16740033
0.03036463 0.41158643 0.16156459
-0.16882801 0.30108154 -0.16312569
0.16330275 -0.35501233 0.07292701
-0.03277992 -0.09130867 0.18559487
-0.15855685 -0.22790824 0.03241690
-0.00694427 -0.26268259 0.18219247
0.12694073 -0.36288279 0.05641000
0.16236088 -0.29637527 0.08910646
0.08813729 0.03181579 -0.18585701
0.15317802 0.09978785 0.06576427
0.06354661 0.41974020 -0.16233662
-0.16523579 0.25406319 0.00713864
0.14993541 0.39689472 0.02359921
-0.16034658 -0.26035517 -0.13754827
0.15022667 -0.27281356 0.17445303
0.02177292 0.36920047 -0.18828309
0.16330147 -0.29976264 0.16101672
0.12068370 -0.09333587 -0.18625799
-0.16288278 0.18469584 -0.13770723
-0.16279995 -0.16586989 -0.09397361
-0.08842079 -0.21755604 0.18370119
0.04918266 0.42597646 0.11474957
0.15503658 -0.05409686 0.04736410
-0.16529959 0.14537701 -0.06622527
-0.13507561 0.39316201 0.18326619
0.15981597 -0.14450216 -0.14445460
0.15470797 -0.21068963 -0.10319187
0.06330588 -0.22154334 0.18422303
-0.11219899 -0.33431560 0.18429996
0.08882638 -0.39113489 0.18271749
0.15365222 0.37899151 -0.10193586
0.05031537 0.38121188 -0.18466622
-0.16083732 0.14054552 0.17604509
0.04340751 0.22272542 -0.18559033
0.15836476 0.17783955 0.03812308
-0.01756806 0.35010603 0.18456580
0.09160715 0.10224904 -0.18299195
0.16007614 -0.27006650 -0.15263124
-0.04929293 -0.36144236 -0.18710026
0.11613586 0.41857156 0.06965860
-0.16716212 -0.03665939 0.17387322
0.07755744 0.22032379 0.17874964
-0.14805803 -0.41416982 -0.10400102
-0.16751178 0.35940230 -0.12359774
0.14499633 0.01979686 -0.18467574
0.12049644 -0.39524734 -0.07032388
0.15042299 0.22034681 -0.09909721
0.15371256 -0.32528758 0.10953006
-0.13198991 0.02634726 -0.19072321
0.15289359 0.33566764 -0.09559835
-0.16426462 0.17813180 -0.18493329
0.02461777 0.06845883 0.18543373
-0.11545260 0.06896139 0.18709663
-0.16021822 -0.37072995 -0.03376743
-0.16510384 0.39145514 -0.10354874
-0.14642328 0.04480686 0.18392216
0.15194215 0.41357651 -0.03757351
-0.14757025 -0.41641933 0.04896470
0.13820559 0.15844570 -0.18432024
0.12819986 0.26716661 -0.16890667
0.06509195 -0.05531084 0.18216406
-0.16507563 -0.14769536 -0.14416493
-0.08464278 0.03261160 0.18672888
0.01750458 0.41794896 -0.18570480
0.04800323 -0.26776099 -0.18178451
-0.08515667 0.36010006 -0.19048402
-0.16513298 0.16917355 -0.13061050
0.14750320 0.31333724 -0.16240738
0.12917721 -0.07724237 0.17531586
-0.14528786 -0.08820564 -0.18581440
-0.06915744 0.41945660 0.18550059
0.04988930 -0.15213484 0.18972623
0.15904574 -0.40012988 0.08154859
-0.05137541 0.17487127 0.18640229
0.06706037 0.41910207 0.09495658
0.15950756 0.29355800 0.12588155
0.10204437 -0.30990079 -0.18412769
0.15484765 0.06915992 -0.07633150
0.15771686 -0.14572486 0.14895314
0.09363265 0.25051406 -0.18455242
0.15846422 0.03920782 0.16017020
0.16021889 -0.31158170 0.17744806
0.15115200 -0.05668005 0.02878666
-0.04487395 0.08108242 -0.18653585
0.15452205 0.29038563 -0.08169073
-0.16481496 0.36291900 0.13980854
0.12236509 0.42387873 0.10276422
-0.16226085 -0.27267221 0.09268354
0.15489566 0.38484740 -0.02216463
-0.15328065 0.41003770 -0.00810910
-0.16663809 0.01283707 -0.02275692
0.08029531 0.01680970 -0.18470849
-0.16089447 -0.11139198 0.13969050
0.15236762 0.31285509 -0.00127302
-0.16388196 -0.02078399 0.06600139
-0.10155308 -0.40091082 -0.04355634
-0.16126116 0.15471841 -0.16171226
-0.03565031 -0.00435434 0.18608068
0.15444283 -0.08956445 -0.16273910
-0.16327798 0.05172233 -0.10949656
0.15651308 -0.13336305 -0.14192219
-0.15996878 -0.09009673 0.18967821
0.15888174 -0.35244292 -0.12932235
0.14669518 -0.05589278 0.18526731
-0.01942840 -0.03942134 -0.18048519
0.15706521 0.07469378 -0.01359536
0.10826107 0.07931021 0.18165192
0.14649943 0.02470472 0.18303210
-0.15796623 -0.29638594 0.17767663
-0.16636899 -0.02116422 0.12040720
0.07071446 0.06632020 -0.18447304
-0.14032170 -0.33356881 -0.17143750
-0.16414824 0.35794654 -0.14693898
0.13982761 -0.32648927 -0.17077576
0.14432429 -0.03443719 -0.09212314
-0.16245496 -0.21598563 -0.11811370
-0.11762723 0.42346355 0.03842328
0.00118954 -0.42188722 -0.04919301
-0.16576314 -0.14754477 -0.02503413
0.11998792 0.15714599 0.18404025
-0.07327542 0.00982705 0.18312831
0.14745522 -0.02309708 -0.18789321
-0.08764121 -0.41418046 -0.17673518
0.13958733 0.27306738 -0.18103331
-0.13787551 -0.34959564 -0.17325880
-0.15470389 0.39684510 0.18999270
-0.16506906 0.27430260 0.00187338
0.03289383 0.05749379 -0.18049997
0.02325175 0.42663112 -0.14422013
-0.16591819 -0.00517285 0.02959035
0.01198648 -0.01051487 0.18533365
0.01346420 -0.26350671 0.18068357
0.11823538 0.42368805 -0.12938251
-0.00084116 0.40052310 0.18830882
0.15394410 -0.21340257 -0.01371524
-0.16286689 0.06538405 0.11376841
0.15630551 -0.00802110 0.03796005
-0.08080817 0.16111547 -0.18489349
-0.07308247 0.34697556 -0.18200102
0.14927076 -0.00648850 -0.18079068
0.15846048 -0.07334554 -0.15143295
-0.01837983 0.43081543 0.02869760
-0.16441104 0.07355193 -0.10592351
-0.16312709 -0.13952424 0.07356553
0.09488490 0.42316410 -0.08466193
-0.16823581 0.02489509 -0.15729266
0.15473267 0.09711063 0.09603778
0.14973511 0.22941883 0.18336964
0.15203339 0.11738679 0.06865695
-0.16256991 -0.31109965 0.07757882
-0.16409059 0.24599439 -0.05548972
0.11664290 0.00300417 0.18216008
-0.16400348 -0.31943735 -0.05877241
-0.05373234 -0.37712997 -0.18436326
0.15955350 -0.34999689 0.10750135
-0.10289180 0.03984901 0.18758401
-0.16630313 0.07444431 -0.06027538
0.15118337 -0.15173776 0.11519918
0.09667263 0.23033039 -0.18929073
-0.09898667 0.30734485 0.18815812
0.16119668 -0.26865515 -0.10699606
0.14526047 0.29190582 0.16781671
0.10369828 -0.35286245 0.18676628
0.14882395 0.33832973 0.14757127
0.15484565 -0.02879389 0.04587267
0.13879159 0.41831264 0.10514648
-0.12686557 -0.28779376 0.18303360
-0.09432098 0.37850192 0.18875034
0.05720471 -0.28270090 -0.18226270
-0.16196223 0.26682705 0.15545267
-0.07256614 0.26115647 -0.18584082
0.14852655 -0.15208276 -0.18161719
-0.10119624 0.12981626 0.19271682
-0.11854650 0.18875232 0.18907538
-0.14683029 0.32837155 -0.18930089
0.02923204 -0.20670828 0.18560982
-0.16550100 0.33319277 0.04321745
0.13681127 0.05794538 0.00947754
-0.16114746 -0.27854994 0.06395186
-0.16656671 0.10066218 -0.00904955
0.15963604 -0.36483470 0.07912010
-0.02405117 -0.06163194 0.18615013
-0.09066291 0.41879156 -0.16227873
-0.15679897 -0.27540362 0.18966831
0.15807633 -0.36180601 -0.10974742
-0.14963485 0.32440230 -0.18958332
-0.12046239 -0.17531693 0.18303096
-0.16428569 0.15442887 0.15024322
-0.15091655 0.15568671 0.19204907
-0.16329809 -0.32712805 -0.12807636
0.12136357 -0.27676067 0.18331940
-0.05444935 0.01542811 -0.18853183
0.15524414 0.28937840 -0.16667548
0.16361880 -0.36275417 0.01211813
-0.16658346 0.10684368 -0.05382781
-0.04088114 -0.30893865 -0.18316460
-0.16345812 -0.03347645 0.16963406
-0.11981650 0.26199687 -0.17982563
-0.16558068 0.14339109 0.05638428
0.14944038 0.41603088 -0.09958180
-0.16841808 0.41784826 0.09119070
0.08622804 -0.33246556 0.18177904
-0.16487008 0.31878409 0.02415144
-0.06209506 0.42333719 0.16673528
-0.11387748 0.09928767 -0.18433973
-0.07895803 0.25411776 -0.19171624
0.03886646 -0.30535614 -0.18253346
0.15306376 -0.14610191 -0.13887155
0.09848464 0.03336203 -0.18154337
-0.15644763 0.02392782 0.17928861
-0.16435744 0.32012278 0.09502742
0.09303080 -0.08911882 -0.18518060
-0.16508448 -0.09420198 -0.01246382
-0.02048901 -0.30749780 0.18643115
-0.01439348 0.33140406 0.18573739
-0.03152890 -0.41416413 -0.00081691
0.15089495 0.34883529 -0.01004932
0.05004801 0.25165415 0.03352856
-0.11846471 0.42362583 0.02355342
-0.09545374 -0.26690212 0.18732677
0.15489602 0.18329564 0.11322704
0.15107758 -0.23543414 -0.17039290
0.13619295 0.13525704 0.18942586
-0.15941329 0.02378227 0.08566682
-0.16374660 0.39236456 0.01663074
0.15180509 -0.01270547 -0.11613970
0.12479439 0.41365269 -0.14385699
-0.16446973 0.22106016 0.09628604
0.14877325 -0.41450658 -0.10912325
-0.16245729 -0.30094090 -0.04494765
0.15270403 0.32978711 -0.13065155
0.15560263 0.28376517 0.06116860
-0.15924032 -0.12402265 -0.15195437
0.15776229 -0.06178578 0.10815517
0.09108933 -0.00728210 -0.18714188
-0.03437060 -0.39799890 -0.10613939
-0.15697160 0.09072801 0.18171233
-0.16152835 0.34961134 -0.01546944
0.14962608 -0.37331313 0.16746978
-0.16418295 0.29058647 -0.04321444
-0.14456560 0.14746742 -0.19073513
-0.13600099 0.42801550 -0.18531737
-0.10220709 -0.06747931 0.18605715
0.15918970 -0.06916939 0.09985596
0.15773709 0.05899727 0.04702897
0.09341058 0.42587310 0.00884032
0.08066696 0.42583111 0.09551081
-0.13741109 0.13702369 -0.19025137
