0.01278634 -0.14752439 -0.12797114
0.09755514 -0.12300215 -0.26563454
-0.00348865 0.12280367 0.04557376
0.10106741 0.08928321 -0.09055613
-0.02448986 -0.12035065 0.38785714
-0.08086854 -0.14331219 0.09663333
-0.07412420 -0.14490514 0.35170957
0.09626631 -0.04967526 -0.22087735
-0.10763397 -0.12800306 -0.44851336
-0.10634430 0.04926390 0.30037379
-0.10808439 0.01141667 -0.11870155
0.08320340 0.06075158 -0.45330507
0.10894799 0.04906007 -0.43952352
-0.10817120 0.12637030 0.31393555
0.10731953 0.03109577 0.14178702
-0.07637298 0.15100265 -0.13511594
0.08435535 0.13364904 0.06659643
-0.11341144 0.12900446 -0.23657461
0.10698891 -0.02778409 0.03482354
0.08251919 -0.14221792 0.15265964
-0.10715899 0.12883377 0.44920123
0.03222330 0.15512863 0.14058629
-0.03362610 -0.15251234 -0.41181153
0.09689446 0.04946123 0.07746951
-0.05920592 -0.14513959 -0.31494501
-0.10831065 0.13904388 0.45256674
-0.10469374 0.05211827 0.28842968
0.05787123 -0.07670058 0.46211830
0.07302657 0.06010731 -0.44815069
-0.11201499 0.14950781 -0.44981968
-0.08033782 -0.08494633 0.46149868
0.00826192 0.01750149 -0.45388797
0.10551935 0.08970787 -0.04121132
0.10511687 -0.12254223 0.19654223
-0.08970981 0.15187693 -0.35634649
0.06969924 -0.14297386 0.44437137
0.08806178 -0.12993024 0.29366517
-0.02850813 0.14567114 0.02663046
-0.05996974 0.15370542 0.31875682
0.10146963 -0.00847543 0.06299639
0.06116061 -0.12948143 -0.02627314
-0.09155458 -0.13401827 -0.28066313
-0.10570492 -0.09051313 0.03306978
0.06444721 0.15323602 -0.10053381
-0.11270273 0.04803928 -0.38596743
-0.07896131 -0.14668937 0.00356648
-0.05133342 0.11142194 0.46153831
-0.09960174 -0.04133055 0.28552324
0.10528395 0.03039254 -0.34344667
-0.03910698 -0.11168481 0.01722261
-0.10307835 0.08202714 -0.15293020
-0.00408693 0.15235431 -0.11545886
-0.09058410 -0.14048254 -0.34685445
-0.03145824 -0.11408087 -0.46240622
-0.04946647 -0.14558032 -0.30372310
-0.10381661 -0.03320999 -0.32366538
-0.10707628 0.11735237 0.42883608
0.07415257 0.15779996 0.14328499
0.09022785 0.14745773 0.31696683
-0.09073752 0.15559687 -0.43464130
0.01545770 -0.14215297 0.37209585
-0.11271783 0.12469098 0.43799680
0.00366197 0.15106712 -0.30420953
-0.10464557 0.02005712 0.20281374
-0.02074219 0.14932470 0.16147408
-0.05537280 0.15468739 -0.23375064
0.09885900 0.01526374 0.00715594
0.09680764 0.06489870 0.32693452
0.10226272 0.14976583 -0.31187323
0.02382711 -0.14221056 0.39191937
0.10774362 0.07953936 0.14934412
0.09761913 0.05751899 0.27271056
-0.00166314 -0.14211072 -0.28115520
0.09849791 0.15218948 0.25163412
0.10417648 0.11337179 0.19283834
0.03578916 0.14994296 0.25510871
-0.08791689 -0.10038488 0.46190915
-0.10185304 0.04779983 -0.26467174
0.07269678 -0.14682223 0.23600999
-0.10090785 -0.13313217 -0.10688256
0.00762827 -0.00412056 -0.44001535
0.10697930 0.00203732 -0.44432688
-0.10614302 -0.08882198 -0.18088424
-0.02144746 -0.13520774 -0.30689880
0.10245812 0.12174970 -0.40307677
0.05374673 0.13370219 -0.45992047
-0.10659637 0.11522270 -0.04952363
-0.10928889 -0.09433514 -0.42102373
-0.05798299 -0.14147979 -0.10039008
0.05129673 -0.01320036 -0.42589378
0.09335645 0.15156293 0.01926530
0.10542134 -0.07458816 -0.32004037
-0.10312040 -0.09697831 -0.43899402
-0.04539460 -0.14977792 -0.43595451
-0.10407664 -0.00525134 -0.02561329
-0.10748199 0.02167059 -0.28084216
0.10000377 -0.14992800 -0.03718776
-0.08000172 0.15361500 -0.12898882
0.05490050 0.14801779 -0.35762578
-0.06239091 0.14452200 -0.24602005
0.10564974 -0.14909597 -0.23655984
0.06586144 0.14543566 -0.34951028
0.03386040 0.13614607 0.46217355
-0.10484506 -0.00655608 0.18511432
0.09738825 0.04472753 0.30084595
-0.09953500 -0.09362552 0.43482202
-0.10399829 0.06773704 0.17204683
-0.06103870 -0.14651224 0.11879928
-0.07207762 0.13905977 0.10732656
0.10927403 0.09433043 0.10715660
0.09755494 0.05507981 0.30442357
-0.10177667 0.09231767 0.01597966
0.07747137 0.14999011 0.13052167
-0.05921946 -0.13593617 0.44120187
-0.04142819 0.15247241 -0.36683080
0.09855578 0.01214256 0.42203659
-0.01700548 0.15083762 0.05297779
-0.10079753 0.11703383 0.43764648
-0.05680642 -0.13552724 0.43597877
-0.10489062 0.14909461 0.43993583
0.11101311 -0.09178078 0.26385048
0.10888968 0.06529237 -0.02010151
-0.10746837 -0.08854807 0.05123240
-0.00725182 0.15333369 0.41520330
-0.09619276 0.12282514 0.17440298
-0.08868014 0.14875640 0.06559294
0.01684383 -0.13961782 0.04973844
0.03842611 -0.13692047 0.08591515
-0.05536252 -0.14976114 -0.05473847
-0.08009289 0.15352657 -0.46037871
0.02432257 0.14977285 0.01704206
0.10050352 -0.12021226 0.19868430
-0.08000542 -0.13696246 0.18571556
0.02022695 0.15448442 0.02494109
-0.10756585 0.00809696 -0.37332144
0.10131633 0.14845848 0.36990497
0.10739199 -0.06150028 -0.45479846
0.09900187 0.10395516 -0.09512856
0.10243057 0.05860006 0.06357966
0.10546923 0.11054628 -0.43299818
0.10469038 -0.04858962 0.35038221
0.01663189 -0.13947532 -0.03420133
0.03508431 0.14659433 0.06436080
0.06495897 0.12570101 -0.03088667
0.01917158 0.15011580 0.09574442
0.07992566 -0.13204695 -0.06649160
0.02998446 -0.13907532 -0.44561312
-0.10867742 0.03389338 -0.13727234
-0.01239547 -0.13788357 0.35067147
0.06157433 0.16031846 0.08974330
0.09884483 0.02428505 -0.16315910
-0.08413044 -0.09368541 -0.45347881
-0.09983379 -0.12329587 0.34479213
0.05396090 0.08858600 -0.43650723
-0.00160731 0.14668286 0.28979602
0.10225307 -0.14115937 0.05566999
-0.10859945 0.11147238 -0.02632732
-0.07601671 0.15001824 0.25166714
-0.10729945 -0.11223336 0.24360646
-0.10988726 0.13656946 0.41006887
0.09968242 0.14830238 0.20176506
0.10639230 -0.00356548 -0.30988109
0.09503924 0.01235373 -0.06946667
0.09649908 -0.01649883 -0.26877886
-0.10575663 0.02492665 0.02075105
-0.10725980 -0.01570287 0.16221939
-0.10982041 0.11888520 -0.42588660
0.10017216 -0.15090466 0.05682581
-0.10826330 -0.07792081 -0.03810116
-0.10655423 0.10300069 0.29827833
-0.03987359 -0.13944438 -0.19613227
-0.04606961 0.14736564 0.30037490
0.10789796 0.02969269 -0.43813595
-0.11654055 -0.07086533 -0.38310218
-0.11319600 -0.07232064 0.44241509
0.06371547 -0.11200245 0.45245829
-0.10457348 0.01425526 -0.00932853
-0.10861027 0.12414358 0.29613483
0.03343101 -0.08297496 0.43968087
-0.02492018 -0.14166965 0.35373068
-0.00279223 0.14860712 0.09237725
-0.03864913 0.06349701 0.46117672
-0.06212286 -0.14502881 0.45944852
0.10842439 0.06558281 -0.41497976
-0.09114315 -0.11766088 0.44249928
0.00164416 -0.13913809 0.27335590
0.06627879 -0.14498237 0.27600938
-0.10435405 0.03047648 0.30434337
-0.10405834 0.01965361 0.08916032
-0.11842342 -0.04021152 0.43883875
-0.11530443 -0.08005895 0.40885028
0.08574978 0.09122155 0.03392183
-0.10765729 -0.06815025 -0.44021317
0.10551520 -0.11677472 0.18427785
-0.11042158 0.10202774 0.36416325
0.02992442 -0.14062192 -0.09392463
0.04388571 -0.11249802 0.46375734
-0.10805777 -0.05257951 0.37564835
0.02444015 -0.13751279 0.15910710
0.09787337 -0.11085799 0.36452556
0.10943197 0.11502668 -0.33330682
0.10158172 -0.01875388 -0.17082889
0.01598066 -0.14294115 -0.33836097
0.04690730 0.14904845 -0.15846428
0.04228574 -0.14158820 0.16178504
0.09711484 -0.01404336 0.16604030
0.01618499 -0.13420829 -0.09367593
0.10659581 -0.12656358 0.00525544
0.04333222 -0.13678107 0.25313273
-0.10303220 0.14908230 0.09400304
-0.10392718 -0.13864666 -0.19416913
0.09859061 -0.11718017 -0.32415468
0.11034425 0.04185485 0.11231269
-0.09995194 0.06710634 -0.08775020
-0.09302953 0.09125315 -0.43171060
0.09227759 0.05164204 0.42120728
0.10398618 0.06370041 -0.45384711
0.10384177 0.01277946 -0.07923759
0.10656515 -0.02546170 0.07580523
0.00588122 -0.13853815 -0.05976073
0.09868365 0.13785292 0.18439718
0.01180044 -0.12266423 -0.43920743
-0.10575846 0.05861939 -0.08380020
0.10909853 -0.05653770 -0.22453421
-0.03119263 -0.13649507 -0.46193150
-0.07837805 0.15101397 -0.27635580
0.10738724 0.09558389 0.29938975
-0.10552558 -0.12576053 -0.13144481
-0.10863326 0.08654260 -0.34055781
-0.07059791 0.14399378 -0.22808845
0.10423120 0.04165259 -0.36962596
0.10245635 -0.02148420 0.13568006
-0.10462423 -0.07244785 0.08977643
0.09942879 0.11322774 -0.16814804
-0.10768983 0.10857832 0.43340987
-0.05951550 -0.08825484 0.42715919
0.04527484 -0.08370909 -0.45305866
-0.09983323 0.13656016 -0.41012642
0.09635593 -0.14183913 -0.43041036
0.02852677 -0.14992903 -0.35497707
0.09973236 0.13348182 0.06836684
0.10083221 -0.00227086 -0.39678344
-0.01355100 0.14955077 -0.37011346
-0.05126958 0.15065631 0.15187162
0.09775179 0.15368874 -0.28388312
0.09994637 -0.10994071 0.03124843
-0.10061501 -0.14036278 -0.12498157
0.10014323 0.15081291 0.27509859
0.10457087 -0.08339868 0.01971987
-0.08263689 -0.14774780 0.43769231
0.09530122 0.02570872 0.27610642
0.10120775 -0.04241440 -0.13276093
-0.09073917 -0.11723719 0.45888123
-0.10504159 0.09452443 0.35422763
-0.10789605 -0.13780563 -0.42183012
0.08848284 -0.12775432 0.12047294
-0.02822998 -0.13765976 0.17644131
-0.06066403 0.14711566 -0.11587109
-0.11957688 -0.05868234 -0.43490109
0.10086424 -0.02275018 -0.23395282
0.07221886 -0.14151968 0.35279971
-0.11164171 -0.07770393 -0.20953497
-0.10515828 0.06273606 0.05151799
0.06347615 -0.14093894 -0.38931262
-0.10357030 -0.15002929 -0.14215663
0.09973949 -0.08693718 0.07891622
-0.10550962 0.01863541 0.03556373
0.02281474 -0.13654469 0.34509853
-0.06187831 -0.14579950 0.20019495
0.10250456 -0.11808842 -0.41833219
0.10276665 -0.11021206 -0.07220353
0.10070006 -0.06393638 -0.32921058
0.08493754 0.14564353 -0.35925382
-0.10695697 0.11853095 0.13487667
-0.09196989 -0.13081147 -0.11752807
-0.10548340 -0.00644309 -0.15215568
-0.09950098 -0.14931019 0.29345474
-0.10470012 -0.02590253 -0.04741057
-0.10075697 0.00819322 0.23828588
0.09895071 -0.02500015 -0.33289692
-0.00475191 0.14499703 -0.43370616
0.11417852 -0.10733581 0.38278803
0.09347241 -0.12020843 -0.39193130
-0.09952313 0.12746559 0.22633916
-0.10663434 0.13468811 0.29265469
0.09747951 -0.07532614 -0.08501833
-0.09592392 -0.14217487 -0.26124340
0.01388876 -0.14360149 -0.39388236
0.06899113 0.14809158 0.41525051
0.10399789 0.04018031 -0.15103234
-0.10430685 -0.09503483 0.03470528
-0.08380809 -0.12872824 0.00757498
-0.07455068 0.15466854 -0.20904197
0.10460566 0.10890398 -0.24324512
0.06173281 -0.14821555 0.32256991
-0.04583623 -0.04946432 0.46416715
-0.11553843 -0.10575598 -0.38663217
0.10064109 0.04307367 -0.35171667
0.10155349 0.09881236 -0.17786393
0.10121569 -0.07106733 -0.14388841
0.10241578 0.15387711 0.08664078
0.06756242 -0.14548956 0.11968671
-0.06131661 0.14668736 0.46572065
0.10251174 0.12034091 0.16516191
0.00697688 0.15234536 -0.23145005
-0.03095539 0.14972667 -0.39121839
0.06438545 0.15117773 -0.08362700
-0.08802997 -0.14911859 -0.14848343
0.10689725 -0.08495230 -0.05411438
0.11897206 0.03157644 0.37154597
-0.10905524 0.13614154 -0.18403724
0.10299959 -0.12541904 -0.10477926
-0.09994856 -0.14361396 -0.14902392
-0.10777386 0.03105793 -0.08649530
-0.01819549 0.15794046 -0.11529522
0.09780263 0.05877367 -0.37673762
0.09968097 -0.10360922 0.02505171
0.05250781 -0.14408565 -0.01234061
-0.01099596 0.15627308 -0.08946333
0.09989715 -0.12514006 -0.36893630
0.09852207 -0.06046974 -0.28229454
0.10698822 -0.13523379 0.27174604
-0.10832053 0.11783946 -0.36855742
-0.09148295 0.14349735 -0.05499851
0.10649274 0.11507747 0.35775286
-0.02691616 0.14930131 -0.21178246
-0.10770554 -0.10713000 -0.17729388
-0.10767380 0.11551559 0.30673930
0.09857593 -0.01380181 0.06146458
0.09263211 -0.14699124 0.36238497
0.02543581 0.12207210 -0.43894818
0.10040153 0.08658959 -0.19747607
-0.06435596 -0.14018182 -0.15745907
0.01387247 -0.14468805 0.33280542
-0.08784855 0.15316840 -0.25124404
0.11557431 0.01886098 0.38247541
0.09845538 -0.06803972 -0.19141982
-0.10891626 0.04149976 0.36438954
0.02229264 0.12300570 -0.46340588
0.10136550 -0.01685946 -0.07530604
0.10943315 0.06569540 0.21988036
0.10110074 0.06967198 -0.27051818
-0.10657997 0.13459039 0.44804052
0.10083187 0.10554435 -0.08988857
0.04906207 -0.14135507 -0.31797859
-0.11204194 -0.04337300 0.41487652
0.05942283 0.12384181 -0.40719277
-0.09209690 -0.10838367 0.40886381
0.00631416 0.14006370 -0.39586103
0.08770716 -0.14857627 0.10324515
-0.07725099 -0.14598094 -0.00420982
-0.02694789 0.15036391 0.13759366
0.09492687 -0.13873008 -0.41538250
0.10496634 -0.10992558 -0.28636235
0.09761476 -0.11630995 0.21215630
-0.05899632 -0.14430207 -0.29370040
-0.10871359 -0.10878357 -0.29098818
-0.10504711 0.06461118 -0.43853927
0.11088814 0.05082150 0.43755940
-0.04294042 0.13774389 0.45736194
0.08960727 -0.13513674 -0.46160564
0.08399592 -0.10745072 0.20889296
-0.00376659 -0.01377221 0.20026791
0.09898387 -0.08130323 -0.12241944
0.03728231 0.11629995 -0.42572880
-0.02252025 0.15267198 0.39549798
-0.10623371 -0.02879681 -0.10908733
0.10761960 -0.01768342 -0.09956098
-0.04494511 0.15136059 0.16383654
0.09984739 -0.02861288 0.04471577
-0.08530179 0.14146836 -0.16214754
0.09545632 -0.11519630 0.38011637
-0.10591490 0.14632995 0.22405428
0.00952414 -0.13830140 -0.02366012
-0.07262577 -0.14889145 -0.39277881
0.10926510 0.06578045 0.37395260
-0.10574652 0.01658741 0.08079240
0.07079946 -0.15186149 0.25819290
-0.07944954 0.15114620 -0.24855649
-0.05404015 -0.14781143 -0.13871965
-0.10700577 -0.11801926 0.38479039
-0.02565791 -0.04580642 -0.43816826
-0.01640947 -0.00194953 -0.45969877
0.09127240 0.09832318 -0.44214910
0.08841687 -0.14776368 0.16535695
0.10770584 0.05705576 0.06521045
0.11107633 0.04581381 -0.37185079
0.09846415 0.14379096 -0.39920741
0.09725155 0.03263678 0.13271862
-0.10624301 -0.12170075 -0.46225244
-0.09859965 -0.14613339 -0.07073256
0.04753330 0.15771687 0.36442497
0.10170617 0.12530297 0.08918711
0.05661541 -0.14700782 0.14491645
0.09635489 0.04252708 -0.05613039
-0.10614683 -0.10294458 -0.36262789
0.09998790 -0.13529822 -0.25544289
0.10244634 -0.01682472 -0.25829911
0.02689419 0.13065092 0.45632452
-0.11041465 0.05028759 0.43045869
0.01147034 0.11739892 0.01204390
0.10641170 -0.14093609 -0.26792890
0.08753873 0.14292973 -0.33511400
-0.10873310 0.14433973 -0.03966353
-0.09136797 0.14917959 -0.40721154
0.09327424 0.14708237 0.17176387
0.10337899 0.00344347 -0.00253901
-0.05297625 -0.13883534 -0.12285743
0.07364856 -0.14588796 0.14755158
-0.09047019 0.14934890 -0.25696382
0.09991270 0.11724745 -0.28267309
-0.10369555 0.08763566 -0.17954892
0.09886402 0.08440258 0.02822675
-0.10994919 -0.00854192 0.38445395
-0.10806651 -0.01619185 0.04066922
-0.04133974 -0.14032578 0.22531998
0.03412419 -0.13681991 -0.09790935
0.10266116 0.07634424 -0.27331099
-0.05803301 -0.14423706 0.21530595
-0.10594360 0.09656889 0.24747704
-0.10710921 0.09577595 -0.19836205
-0.07453963 -0.13599102 0.45146933
0.11342373 -0.12129433 0.40191925
-0.01237444 -0.13857633 -0.03218951
0.09528068 0.09249488 -0.18203509
0.08309697 -0.13310729 -0.42882803
0.09861043 0.00661336 0.20890297
-0.05983834 0.14529338 0.39454532
0.08453642 -0.03096285 0.45803329
0.08368003 0.13445124 0.04175891
0.00188306 -0.14233442 -0.06143466
0.09849154 -0.02197395 -0.20546445
-0.02660007 -0.13914779 -0.30101472
-0.10774051 -0.07278071 0.21649244
-0.08516154 -0.04751979 -0.44822830
0.04358875 0.15300915 0.10827251
0.10708331 -0.08743776 0.01628526
-0.11068927 0.11695809 0.30165690
0.09599464 -0.14849702 -0.23934624
-0.05205714 0.15086818 -0.33778003
0.10128037 0.11918353 0.28169668
0.09950963 -0.01321161 -0.23754470
0.08222430 -0.11882157 0.42293617
-0.09559186 -0.12214202 -0.29903483
0.09942785 -0.15162258 -0.00809993
0.00800917 -0.02019688 0.15338379
0.04801068 0.07498820 -0.45852977
-0.03603622 0.15499510 0.32977542
-0.10454189 -0.13591631 -0.19295070
-0.04497969 -0.13829942 -0.14351389
0.10897446 0.09915178 0.06852476
-0.10947496 0.09740837 0.05767547
0.10173269 0.04800769 0.20317689
-0.11022130 0.14043938 -0.42361027
0.10496574 -0.03485206 0.23291618
-0.10798237 -0.09750125 -0.02238616
0.09921507 0.15151145 -0.12192310
0.10852496 0.10514587 0.45913762
0.10005184 -0.03986083 0.05049965
-0.04600871 -0.14830051 -0.38839376
-0.09209488 0.14728095 -0.33151510
-0.06910804 0.14955634 -0.09089627
0.04105263 -0.14554980 -0.22131066
-0.00865270 0.14620522 -0.00755187
0.05351948 0.04201844 -0.45971969
-0.10903782 0.12271290 0.31819224
0.05808405 0.15583986 -0.19289373
0.07118036 -0.14756523 -0.37400174
-0.10100799 0.05838297 -0.17101189
-0.10566915 -0.08170076 -0.10469586
-0.10239536 -0.00880061 0.22528420
-0.10430628 -0.12681632 0.13149041
-0.10969266 -0.02237205 -0.22882079
0.09987234 -0.14899193 0.09136790
0.03004705 0.14908169 0.20541841
0.09893902 -0.09446266 -0.03321512
-0.08673728 -0.10922757 0.46324071
0.10337915 -0.12530492 0.46418360
0.10418027 0.03203269 0.16580485
-0.02994283 0.14907911 -0.33671194
0.09406043 0.04794349 0.05917842
0.10327126 -0.04828238 -0.20530084
0.00703855 -0.10937812 -0.44733116
0.10402463 -0.06885993 -0.26470014
-0.08564796 0.15329172 0.38985068
0.10022592 0.06462039 -0.29396349
-0.10774533 0.04794153 0.03319556
-0.10469658 0.09317783 -0.07926833
-0.11040419 -0.07381254 0.16374555
-0.10998447 -0.13564542 -0.09569333
0.02206429 0.15115736 -0.21627267
0.09999861 -0.02599791 -0.33507785
0.09937290 -0.03199320 0.33656773
-0.10973805 0.00099809 -0.41895923
-0.01006609 -0.13787206 -0.12384308
-0.04319518 -0.14785254 0.22223420
-0.10635008 0.06992829 -0.44714710
-0.04377671 0.07567392 0.46628013
0.10714404 -0.13212566 0.46374363
0.10118718 -0.10981530 0.45719406
-0.10884389 -0.07917646 -0.26703063
0.08436666 -0.14635009 -0.06123970
0.09754691 0.14987062 0.33521855
0.01027623 0.15037332 0.15126985
-0.10350644 0.15036038 0.18730299
0.09272800 0.15298431 0.09818801
0.10011671 0.15466976 -0.07183954
-0.11389627 -0.04794029 -0.28245017
-0.06905816 0.15362541 0.13281395
-0.08783399 -0.14632830 0.06235712
-0.11545881 -0.04894831 0.34823686
-0.03350978 -0.14074416 -0.09195781
0.10105598 0.09595051 -0.01870167
-0.10955807 0.10138956 0.45789567
0.09931456 0.07880285 -0.16512953
0.08979765 0.11980070 0.42458013
-0.01197352 -0.03776912 -0.45976725
-0.10075676 0.02704876 0.35826102
0.07898393 -0.14321227 -0.42016125
0.01675875 -0.13848865 0.40229613
-0.10984351 0.11166891 0.05152667
-0.10758175 0.07617291 0.30414295
-0.10736775 -0.03689934 -0.28850031
0.00704201 -0.03233211 -0.46669793
0.02053476 0.16478769 -0.07358222
-0.07036866 -0.14556441 0.33600199
-0.09688213 -0.10948192 -0.23637372
-0.11669156 -0.09811742 -0.34106949
0.10484634 0.06596414 0.18374038
-0.10806032 0.02601278 -0.33742481
0.09837870 -0.10657021 -0.43247214
-0.04041071 0.14762236 -0.04449522
-0.10737590 -0.12353010 0.37173373
-0.03157612 -0.13961999 0.22890511
0.11303914 0.04430449 -0.32519454
-0.05917357 -0.10172947 -0.46142489
0.10566282 -0.04249259 0.45620513
-0.04371956 -0.14065871 -0.02594953
0.09648304 -0.13420817 0.12034768
-0.10541964 -0.06341804 0.46006396
0.01621277 -0.14018399 0.22917485
0.02517941 0.14909193 0.11145117
-0.03205013 0.14813903 0.45345238
0.00413407 -0.13989308 -0.32425556
0.04020120 0.00668768 -0.14194629
-0.05739184 0.14974527 -0.08951835
-0.09493095 0.14104067 0.18200049
0.10523929 0.05304347 -0.15551794
-0.10850929 0.08842628 0.09812387
-0.04821106 0.14876547 0.30297327
0.05356592 0.14967251 0.16629887
0.10114671 -0.10899247 -0.40215480
0.07374164 -0.14674348 -0.13271476
0.06909958 0.06903848 -0.46153143
-0.10516282 -0.08004295 0.29378930
-0.10595405 0.10095072 0.43421224
0.04120061 0.15022208 0.39363876
0.07253435 -0.12785822 -0.21388879
-0.02885316 -0.13987951 0.27292126
0.07821182 0.15138914 0.33643734
-0.08383892 -0.14442907 -0.28596178
0.10743600 0.09641361 0.40450180
-0.10570073 0.03274596 0.21907634
-0.08995850 0.15210198 -0.19679433
-0.10476117 -0.10582272 0.13450512
-0.10857080 0.04939424 -0.35786024
-0.10936850 0.00863641 0.20651731
-0.06409307 0.15062548 -0.08299620
-0.00357408 0.15508696 0.36556000
0.09398698 0.14870679 -0.44443196
0.06314553 0.15079609 -0.31451130
-0.10576754 0.14380799 -0.33244967
0.10848951 0.11103381 -0.44665352
-0.10366772 -0.12214626 -0.32422686
-0.07040139 0.15091285 0.29076040
0.10495293 0.08496260 -0.21731065
-0.09573809 -0.12576605 -0.45960969
-0.09349184 -0.15247956 -0.17384228
0.10790344 0.07748765 0.22413820
-0.11101428 -0.00880495 -0.45885935
0.03642591 -0.13686655 -0.09130475
0.09165566 -0.14773580 -0.26622817
-0.11307044 -0.01437641 0.17628519
-0.10692059 0.09517755 -0.24449372
0.09802455 -0.12543200 0.37228405
-0.00066963 -0.13810188 0.26482970
-0.10498272 0.10281236 0.35002068
0.02507094 0.15616792 -0.45073453
0.06547149 0.14965267 0.20519345
0.11103390 -0.02211739 -0.43129575
-0.10639401 0.03222240 -0.22209194
-0.10648502 0.06291199 0.24719189
0.00740942 0.15759674 -0.07805526
0.10625078 -0.02498539 -0.41012329
-0.01960988 -0.13722481 -0.28335628
0.02873292 0.14741212 -0.32779649
0.11371118 0.05050618 0.13888569
0.01158039 0.14428529 -0.46087414
0.09568937 0.06039420 -0.24704498
0.08285795 0.15219763 0.00229460
0.07733448 0.15679866 -0.44752663
0.10702035 -0.09472635 -0.16140845
0.10205856 0.08984783 -0.34208110
-0.03981692 -0.13710780 -0.16675931
-0.07988080 -0.14702657 0.02358872
0.07805138 -0.14792162 0.03382906
-0.05101096 0.15108086 -0.17999646
-0.04893548 0.15529115 -0.12396705
-0.11197233 -0.09750234 0.40642080
-0.10585056 -0.14291912 0.04588873
0.01887018 -0.14369451 0.22133327
-0.05295524 0.07848845 -0.45603779
0.09550962 0.10790083 0.26837000
0.09169124 -0.14614061 -0.08278812
0.02396672 -0.13771874 0.13228293
0.06608341 0.11369317 -0.26428685
0.09844781 0.06287232 0.32510442
-0.10599945 -0.06175027 0.20580053
0.10017648 0.13071798 0.32104173
-0.08378410 -0.07127820 0.46494567
0.09952828 -0.11598158 -0.00194640
0.06743304 0.10260315 0.00628887
-0.02339773 -0.14668885 0.30787507
0.09613793 -0.14688924 -0.12144372
0.10496087 -0.04371125 0.40694773
-0.09540377 -0.10784851 0.02786119
-0.11065090 -0.11246249 -0.42901310
0.10812412 -0.10729797 0.18551554
0.06319795 0.10635702 0.43154106
0.08616524 -0.13697749 0.00639998
0.00439854 0.14624545 0.16225858
0.08720922 0.00442849 -0.01548989
0.03391805 0.14983806 -0.30344272
0.05408093 0.15688160 0.16146521
0.11911213 -0.03141951 -0.31974280
-0.09660765 -0.14509213 -0.16134851
0.07339481 -0.14110650 -0.25096455
-0.10806363 0.01265640 0.33001083
0.10115450 0.12473678 -0.20144448
0.09723405 -0.02335555 0.26011053
0.00962550 0.15933809 -0.04728785
-0.10666215 -0.02604364 -0.40733972
-0.09498803 -0.04757922 0.30420357
-0.10985539 0.10378610 0.07007989
0.08686259 -0.14179958 0.08196326
-0.08807356 0.14983128 0.15712664
-0.10587638 -0.14365955 0.11297568
-0.10713685 0.06586149 -0.15918803
0.07890437 0.15400544 0.22168186
0.10039321 0.15338668 0.01046533
0.02097128 0.14797661 -0.02645247
0.09749214 0.15209256 0.03097000
0.09643506 0.00489113 0.26298606
-0.11626942 -0.05906674 -0.44975787
0.10360590 0.07339194 -0.28066280
0.11085314 -0.03086084 0.29627758
0.10238592 -0.02045246 -0.26376274
-0.10609252 -0.13993204 0.15095708
-0.10277263 0.00402767 -0.01983211
-0.08361111 0.15467931 -0.34987202
-0.04493594 -0.07461209 -0.46081960
0.05226967 0.10599004 -0.17800997
0.10028501 -0.10920402 0.34620905
0.10318014 0.14364198 0.40194029
-0.10278562 0.07256180 -0.23348799
-0.11545199 0.01848398 -0.35559782
-0.10875391 -0.10399893 0.38628340
-0.10335390 0.04817897 0.24254231
0.07931785 0.14285210 -0.39529318
0.09679212 0.08688381 0.20008026
0.10402695 -0.00338149 0.00979245
-0.02957846 0.14897922 0.17176755
-0.08811177 0.15241437 -0.31850559
-0.10424659 0.05953967 0.25545827
0.09495676 -0.15304118 -0.41031975
-0.09812541 0.06022386 0.17488769
0.07042713 0.09797617 0.44996530
-0.10622507 -0.07188169 0.26963815
0.10365766 -0.05302168 0.00404614
0.01001912 -0.14032120 0.00562027
-0.09982699 0.09594552 -0.24671805
0.05718074 -0.11819328 0.46336663
0.06255564 0.03485851 -0.45617366
-0.11054885 -0.01638966 0.08176333
0.05597172 0.14982590 0.12987846
-0.05731814 0.15150118 0.09772047
-0.10274923 0.15217155 0.24426937
-0.01983138 0.01965939 0.05021004
0.09784456 0.15077755 0.38680577
0.10301332 -0.06250607 -0.45297366
-0.10458460 -0.03384520 0.12078001
-0.04496821 0.14905550 -0.07718855
-0.10703500 0.04816844 -0.29945791
0.00413855 0.14950582 -0.31831414
-0.01824824 -0.14968660 0.36657149
0.10050765 -0.10945686 0.23096964
0.06824545 -0.14249456 0.12278054
0.09385900 0.15503585 0.19273259
-0.07380538 0.15563668 0.35280842
0.10482756 -0.13893366 -0.18469019
-0.07958135 0.14305565 0.33324820
0.10096552 0.07761946 0.26369509
-0.00495541 -0.13603041 -0.00819045
0.09748075 0.15200236 0.40528911
0.06420777 0.14435780 -0.31039807
-0.10402277 -0.01270939 0.10176384
-0.02863807 0.15167797 -0.41733721
-0.00708884 0.12997705 0.44108286
0.00807707 0.15082172 0.03505071
0.09907836 0.11968899 0.04803661
-0.04682404 -0.14591999 0.15367658
0.03512839 0.07322811 0.42094260
0.09544866 0.14820889 0.38312507
-0.08292238 -0.14194411 -0.01257872
-0.05105484 0.14902189 -0.18545833
0.00591783 0.15101726 -0.20159304
-0.11077794 0.01816224 0.22726820
0.09697796 0.11192627 -0.16333456
-0.08545878 -0.00679487 -0.46060187
0.09876264 -0.07443199 -0.32110655
0.09892711 -0.00199925 -0.02692006
-0.09391174 0.14846063 -0.36565328
0.09001840 0.14396019 0.15248057
-0.06211473 0.14925168 -0.01690520
-0.08464289 -0.13934028 0.38201141
-0.00430292 -0.01693952 0.23862298
-0.09160671 0.15247555 -0.27867636
0.09675199 -0.01606468 0.00887309
0.10690501 -0.08328198 -0.45638901
-0.06336536 0.14986078 0.03453471
0.09891053 0.02400542 0.02054819
0.09462948 0.15314469 -0.35453257
0.02311158 -0.14411701 -0.09516992
0.10373364 0.14213416 -0.44093308
0.10513361 0.03087408 -0.07736856
-0.01185544 0.01747663 -0.00404521
0.09755425 0.14858614 0.13514568
0.05404952 0.15432911 -0.16089496
0.01465544 -0.13886353 0.25092638
0.09599897 0.14679646 0.03226372
0.00903096 -0.14475702 0.43827543
0.03425269 0.15140338 -0.11691492
0.10579485 -0.13741495 -0.18872824
-0.10785352 -0.04802467 0.23093000
-0.07189660 0.13726087 -0.02419139
0.02763828 0.14984214 0.45927936
-0.10483906 0.08638394 -0.26959035
-0.06129494 0.15094882 -0.31109279
0.05748663 0.15476210 -0.37833935
-0.01269740 0.14743346 0.24363032
-0.08383781 0.00881238 0.42222196
0.10402789 -0.07562777 0.26061481
-0.05758780 -0.07214276 0.46307054
0.00013521 0.14716792 0.13007671
0.10598749 0.04282888 -0.27702072
-0.03505498 0.15083078 -0.34490150
-0.06250808 -0.13840373 0.11025416
-0.07450638 0.05326185 -0.45882425
0.04767792 -0.13724174 -0.19785881
-0.08179205 0.13903825 -0.11296551
0.06997453 -0.14905205 -0.13985953
0.04393734 -0.13832961 0.08130677
-0.11010820 -0.03440501 0.39074332
-0.12236237 -0.01024746 0.46431649
0.09866982 0.10577141 -0.18279059
0.09891057 -0.14491013 0.19400185
-0.04834628 -0.14501441 0.22836030
0.10744055 -0.09395821 -0.30978587
-0.10389557 0.14386438 -0.05557230
0.10578068 -0.14692086 -0.05489085
-0.10498482 -0.13242716 -0.24504742
-0.02308927 0.04366910 -0.46318832
-0.11033896 0.11669227 0.46301958
-0.02239453 0.14895280 -0.14079344
0.01050868 0.15318139 0.23622911
0.10831487 0.00040640 0.03514003
0.02959966 0.15303107 -0.37854519
-0.05135853 -0.12124850 -0.46051219
0.03646365 0.14726053 0.17066228
0.03207899 0.14673035 0.41739407
-0.00724796 0.02686456 0.42707351
0.00504464 -0.14435086 -0.33444837
0.02937040 -0.08402681 -0.40734538
0.09863757 -0.05951536 -0.05438240
-0.02978433 0.15503325 0.35084057
-0.11353901 0.04367042 -0.31911314
-0.03216423 0.14870694 0.22071114
0.08174165 -0.13862580 0.34964037
0.09538934 -0.00999819 -0.02182085
0.01737961 0.15919307 -0.09740050
0.07067865 0.10843599 -0.46309581
0.10471946 0.12803149 -0.38600165
0.04784776 -0.15305004 -0.38950568
0.06612062 0.06255256 0.41593835
-0.03452066 -0.13609383 -0.45905802
0.08567486 -0.14009768 0.04771198
-0.08251338 0.14219035 0.36802796
-0.10428648 0.08008145 -0.21910162
0.10329249 0.15058005 0.37706023
-0.10575426 0.02380186 -0.03233882
-0.09246842 -0.12779737 0.24703439
0.04473089 -0.14422758 -0.06832363
0.09793493 0.14742757 -0.21240065
0.09779008 -0.00422492 0.09508865
0.09819659 -0.01208276 -0.09192919
-0.09929647 0.02223597 0.45409656
-0.08980653 -0.14274554 0.05592692
0.09825740 0.12422483 -0.11727724
0.10282727 -0.11974700 -0.12125900
0.10626781 -0.04695173 -0.45205882
-0.02948027 0.15086009 -0.25561163
0.10002515 0.15492564 -0.17487654
0.09760620 0.02712922 -0.06498793
-0.00492720 0.14418674 -0.40252689
0.07113493 -0.14314736 -0.20082240
-0.09657457 0.14637478 0.44829312
-0.07436467 -0.14649451 -0.04688146
-0.08263316 -0.12563916 -0.21543582
-0.06418424 0.15490411 0.39660347
-0.10040793 -0.07043068 0.03438548
0.07264546 0.14287287 -0.40659663
0.08851777 0.12613378 -0.32916346
0.10387063 0.05684718 0.03489512
0.10237657 0.12649837 -0.26426744
-0.06041760 -0.14649341 0.28019482
-0.09215725 0.14551039 0.25547865
-0.10803552 -0.09388269 0.33509481
0.07816183 -0.14632635 0.01244927
-0.10757072 -0.03367354 0.17381871
0.06026490 -0.00173803 -0.03541333
-0.10549253 0.15402800 -0.18184443
-0.10669579 0.01067729 -0.08412789
-0.08399049 0.11988500 0.43989572
-0.10347306 0.15639435 -0.00937276
-0.11136939 0.04466121 -0.44470620
0.07420520 0.15308754 0.20464180
-0.00121532 -0.15048267 -0.29028261
0.10637581 -0.06785706 0.07033097
-0.10746070 0.04072436 -0.07475489
0.04304553 -0.12996235 -0.23667042
-0.10487409 -0.08807085 -0.40212932
0.09865097 0.02205126 -0.07707408
-0.02075006 -0.12886176 -0.41492456
0.09967085 -0.01195545 -0.21072198
0.10650473 -0.06466328 0.02078415
-0.01527553 -0.04052977 0.46599087
0.09387797 0.06562915 0.15996021
-0.01089041 0.15084155 0.20969278
-0.10437581 0.07641053 -0.25478470
0.10962902 0.02359806 -0.40227109
-0.09557944 0.14439541 -0.12610391
-0.10944983 0.14538662 0.15590915
-0.09143234 0.09997456 0.44049007
0.10416835 -0.00323862 -0.07466591
0.01586631 0.14962947 -0.40010008
0.05676668 -0.14398280 0.42622116
0.09967066 -0.09004077 -0.14390001
0.10164842 0.05416085 -0.13184150
-0.04476995 -0.14198926 0.31002343
0.05061516 0.15155758 -0.37300095
0.05286918 0.03390922 0.45918706
-0.10718293 0.00488432 0.12054971
-0.10594531 0.00325218 -0.19078757
0.09930800 0.12047370 0.24393910
0.03284524 -0.15029360 -0.33438224
0.02457438 0.15246984 -0.14969455
-0.00229204 0.15189008 -0.32633913
-0.10550566 -0.10185352 0.12790319
0.09727670 0.03287894 0.37332714
-0.06353022 -0.14806063 0.16100401
0.10252837 0.03676707 0.20509140
-0.10528580 0.14901763 0.36496776
-0.11569999 0.09058165 -0.37236375
-0.10041820 0.10333206 0.11584041
0.02178492 0.03074196 0.46141177
-0.09779918 0.13097544 0.04136452
-0.11437572 -0.01964504 0.30502528
0.09951866 -0.14455135 -0.03388958
0.10490546 0.04796808 0.22185221
-0.10752784 -0.01537230 -0.17106615
-0.10456521 0.14851412 0.16837922
0.10610443 0.07250546 0.42091379
-0.10642907 0.09574277 -0.12291311
-0.04771116 -0.14036165 -0.15264677
0.01423218 0.15187798 0.25826293
-0.10712362 -0.07706796 -0.30418611
-0.11158490 -0.09409650 0.42581198
-0.07917106 -0.14521383 -0.38040784
-0.11067902 -0.08503968 0.15766789
0.10922728 0.00765395 -0.45259491
0.10255611 -0.10017704 0.12428758
-0.03635294 0.15008098 0.19709465
-0.04947294 0.13692020 0.13341510
-0.04297794 0.15462634 -0.41851771
0.09705177 0.02415014 -0.23517464
-0.10803831 0.01793936 -0.39596066
0.10111316 0.10991218 -0.45847631
0.10003541 -0.12653545 -0.31260633
-0.07204075 0.15122844 -0.21194479
-0.03264115 -0.14508978 -0.08115047
-0.00520204 0.14569303 -0.45612746
0.08205693 0.12613332 0.01474982
-0.10512608 0.05657040 0.33494622
0.01781762 0.15136907 0.08716250
0.08732048 0.10330519 -0.30418271
0.09927947 -0.03387237 -0.04572872
-0.02223920 -0.14386645 -0.22816604
-0.10902380 0.13659926 -0.11812013
-0.09775200 0.08491065 -0.04622615
0.06541599 0.00954578 0.45898154
0.09571475 -0.14393874 0.02839046
0.10232081 -0.05378466 0.00372959
-0.10724648 0.01181185 0.42405504
-0.10819945 0.14312401 -0.02102840
0.09936034 0.13721150 0.19653076
-0.10683287 0.05062756 -0.23468183
-0.00211170 0.14874935 0.13825977
0.04234895 0.14820936 0.41116160
0.09998724 0.02418747 -0.26547229
0.09798523 0.15201144 0.19824892
0.09717726 0.13385345 0.34046444
0.10494903 -0.13140243 0.35099053
0.05437231 -0.14650305 0.27031124
0.10287821 -0.06039370 0.27901852
0.10607454 -0.12869671 -0.25384557
-0.08757638 0.14427947 -0.02195551
-0.09788439 0.12067433 -0.30035666
-0.03897660 0.15281066 0.07806518
0.09801750 -0.13452122 0.45981267
0.09407381 0.02882138 0.00461351
-0.10573295 0.14032945 -0.19760811
-0.01306054 -0.14695266 -0.37035555
-0.09418061 -0.10332068 -0.15750864
-0.10624964 0.08569004 0.34937918
-0.10816114 -0.07149818 -0.40277556
0.07331330 -0.13959756 -0.14335594
0.10344821 0.14513689 0.01812731
0.01656714 -0.13969831 0.34900934
-0.10368160 0.03926339 -0.07466733
0.10692611 -0.06062953 0.36991489
0.10070188 0.14016059 0.30421185
0.10801505 0.06702630 0.45247582
0.10680468 0.05153581 -0.10705972
0.09804639 0.14822061 -0.17128041
-0.00447221 -0.13913184 -0.07394417
0.00373169 -0.14222805 0.41305012
-0.10730815 0.06381720 -0.30723360
0.10555329 0.05431481 0.31107795
-0.10422832 0.07092609 0.22516531
0.10474525 0.07314454 0.38226980
-0.00586409 -0.14804026 -0.39668047
0.00272514 0.15177241 0.10372262
0.09768064 -0.11511192 0.25581068
0.00087357 0.11030633 0.45951596
0.09982222 0.05239707 -0.27290115
0.09796933 0.09241648 0.23698811
-0.04891308 0.15671936 0.44789693
0.10558898 0.08281093 0.11308529
-0.09196138 -0.13684990 -0.35763156
-0.10222632 -0.11191278 -0.44373557
0.03410380 0.15094945 -0.13942152
0.07432237 0.14415896 -0.20449799
0.10343966 -0.14735301 -0.28287959
-0.10513090 0.04166331 -0.16835068
0.08691569 -0.13614799 -0.43645915
0.01906454 -0.12116207 0.46121591
0.02265464 0.15959804 -0.18520071
0.10744901 0.09752992 0.14434718
0.04705578 -0.14545892 -0.12701342
-0.00146762 0.15584783 -0.27492124
0.04672613 -0.14563207 -0.28082076
0.09794016 -0.01581954 -0.01790147
-0.02417841 -0.13705388 0.25812787
0.07289472 -0.14209403 -0.40660596
-0.02646171 -0.13793635 0.29754376
0.09969811 0.13514109 0.03424779
0.10138205 -0.01719866 0.28925267
-0.01297630 -0.14218652 -0.29296473
0.03561049 -0.13788094 0.28080526
0.06182600 0.14838256 -0.37536141
-0.05641980 -0.14452587 -0.27448216
0.10532388 0.02165896 -0.16908354
0.01691019 0.15066490 0.27451542
0.10633692 -0.11205353 -0.43002811
0.09501618 0.15489361 -0.15532719
0.10700580 -0.09085455 -0.38030109
0.09901461 0.03064254 0.18898967
-0.11068850 -0.12939814 -0.04849568
-0.10937122 -0.13869670 0.40688667
-0.11005891 0.14041412 0.28081807
-0.09091403 0.10785244 -0.46122527
-0.10466637 0.00054924 0.21231754
-0.10884198 -0.11005765 -0.14544353
0.01556908 -0.11233575 -0.44045845
-0.09789523 0.15099418 0.35304740
0.00971453 -0.02515674 0.20474131
0.05555636 0.10344332 -0.45078480
0.10199799 -0.02579866 0.14565957
-0.10787940 0.14310981 0.42480782
0.00742391 -0.14104025 -0.01466917
0.05080983 -0.09414565 -0.42853582
0.09536594 0.15299101 0.25081918
-0.10704768 -0.12197317 -0.28118986
0.09628519 -0.14047520 0.14076002
-0.03999148 0.14711763 0.04018809
0.03205388 -0.12331917 -0.45911363
0.10656305 0.10073934 -0.45894173
0.08861383 -0.14505607 -0.16317171
0.03781749 0.14841841 0.30393937
-0.11142153 -0.02241178 0.21986434
-0.09530523 -0.13102613 0.28861684
0.08322795 -0.14515668 -0.32324961
-0.10774564 0.13059847 0.38327265
-0.10077906 0.04110404 -0.09239229
-0.10902657 0.01166481 -0.44634381
0.10148945 -0.12551568 -0.00986334
0.09246442 0.06676190 -0.10430788
-0.01737018 0.15073040 0.08638586
0.09870084 -0.04170576 -0.30899194
0.11315360 0.11185188 0.28902081
0.10028339 -0.02113919 -0.18923193
-0.10317917 0.02074346 -0.45671940
-0.00256439 -0.14189118 0.40256533
-0.00190810 -0.14578061 0.44865373
