-0.06625387 -0.05753152 -0.07690504
0.28087524 -0.05952537 -0.21825214
0.08057638 -0.06318250 -0.33931109
-0.08956636 -0.09045163 0.18295705
0.24276757 -0.09989396 -0.29729873
0.00548349 0.19243680 -0.32905161
-0.11522295 -0.07644783 -0.09526521
-0.00737178 -0.07524182 0.26237103
-0.21803251 0.20518422 -0.16089159
-0.29696283 0.14953238 0.15884452
-0.29471660 0.10060096 0.00869118
-0.13379155 0.19241415 -0.31363639
-0.28675479 -0.07856522 -0.15297483
-0.26050872 0.01745281 0.11556075
-0.28763247 0.17218804 0.18482558
0.09678043 0.10631013 0.07979313
-0.29166403 0.00029924 -0.06592933
0.07303698 -0.08755092 0.30377507
0.10299478 0.13732603 0.02513932
0.27982348 0.13048691 -0.18517636
-0.29087228 -0.02173541 -0.32085329
-0.11578938 -0.09155174 0.20820968
-0.27853993 0.14579131 -0.14927156
-0.19221848 -0.11835743 0.26764017
0.24332471 0.15341693 0.01510186
-0.01487327 -0.08215998 0.09953606
0.28898937 0.05042928 -0.04113219
-0.01044516 -0.07439706 -0.02946838
0.21551655 0.12491880 0.13265853
0.12087379 0.14140272 -0.19165632
-0.19515501 0.17961490 0.34882289
-0.00540359 -0.00717413 0.33753148
0.06429372 0.17637521 0.23925348
-0.01334610 0.15625995 0.21725911
-0.26931426 0.19588363 0.29671547
-0.08124526 -0.03803154 0.33179301
-0.24477565 0.19942778 0.34706444
-0.13232516 0.10630883 -0.19227400
0.28860319 0.13082747 -0.21085247
-0.14552072 0.15472248 0.26315281
-0.15608869 -0.08073014 0.27089313
-0.06178385 0.20811859 0.18232857
-0.02001254 0.07759869 -0.33827138
-0.03067244 0.18450014 0.15278964
-0.25645772 0.00495031 0.14287955
-0.07696804 0.00697421 0.34193009
0.28111827 -0.00743996 -0.23660696
0.22593395 -0.08964816 0.03186564
-0.22955215 -0.21425426 0.30108893
0.23332617 0.01630567 -0.35346150
-0.20807129 -0.06505760 0.00329713
-0.29354215 0.13482229 -0.26417384
-0.11308700 -0.05182125 0.28075480
-0.27749249 0.21376163 0.31291527
-0.21388714 -0.18628016 -0.30393881
-0.26812223 -0.05367294 -0.32606006
0.29150257 0.08475596 0.14106782
0.28389525 0.13900819 -0.13643411
0.23418489 0.09101610 0.33861545
-0.22696227 -0.12446909 0.28649408
-0.26436007 -0.09779149 -0.11004509
-0.26352364 -0.06210726 -0.16065833
0.22534306 0.10852277 0.17263517
-0.08627315 -0.08069740 -0.06920034
-0.11032698 -0.03951790 -0.29282269
0.21406275 0.11033092 0.18941242
-0.21109864 0.19316123 -0.28995159
-0.30047381 0.16035564 0.20386451
0.27815530 0.13890918 -0.24291003
0.05074790 0.13173996 0.03453149
0.06090043 0.14779428 -0.24112098
-0.20149553 -0.07424774 -0.34367669
0.27646965 0.16467801 0.25593361
0.25258353 -0.08725860 0.13569544
0.28964531 0.05155295 -0.20419967
-0.10631387 0.14632981 -0.22150025
0.26970148 -0.04218940 0.05167829
0.07192178 0.07875930 -0.34311298
0.14206852 -0.07832935 0.01239356
0.26781136 0.07955882 0.13887186
0.21137565 -0.08755311 0.10360834
-0.27075690 0.03967730 -0.07787007
0.12419319 -0.00473535 0.33634180
-0.25003487 -0.08516889 0.20543507
0.24813075 0.09723695 0.27184996
-0.02556039 -0.03358080 -0.33095834
-0.02072369 0.19287114 0.30937785
0.22974335 -0.08986469 0.01626337
0.22594284 0.13186321 0.29218829
0.02544750 0.16751181 -0.24960954
0.01730855 0.18555066 -0.30157295
-0.29835135 0.13311793 0.31440181
-0.08571239 -0.05434258 0.29371864
-0.10945530 0.20779267 -0.26795873
-0.21479321 0.21085201 -0.08678063
-0.10131872 0.18715766 -0.32309535
-0.29762417 -0.01772534 0.18875217
0.28611347 0.10988244 -0.07757394
-0.29661709 0.18125495 -0.08429074
-0.17880239 0.04372849 -0.34489515
-0.07202970 0.00863866 0.16132931
0.18619086 0.11882360 -0.01988186
0.18856862 -0.04367625 -0.31474203
0.09462841 -0.08248957 -0.22793248
-0.30032745 0.08960849 0.31610292
0.18893331 -0.07157499 -0.10962825
0.02002134 -0.08875176 -0.25094059
0.28902930 -0.03195224 -0.28849936
0.27841696 0.08223555 -0.29870832
0.29602066 0.06720845 0.25252235
-0.19185171 -0.10275392 0.15791792
0.28125840 -0.00267860 0.29149762
0.07862438 -0.04398942 0.33567324
0.19889574 0.11020091 -0.10085905
0.11866009 -0.08549857 0.22450688
0.28698981 -0.00168782 -0.07853945
0.07352944 -0.02489504 -0.32789609
-0.20888476 0.09363863 0.20700890
-0.26849329 -0.10237242 -0.30001092
-0.23879397 0.09633644 -0.08683594
-0.00616361 0.19503728 0.31569219
0.26504490 -0.06970581 -0.34074953
0.09990318 -0.08826293 0.29844517
-0.01251403 0.14522934 0.04255760
0.07363190 -0.08006556 0.24969333
-0.25664628 0.19145027 0.31159264
0.18871491 0.17538920 -0.22487985
-0.09989263 0.17014013 -0.02687038
0.26693594 0.11565673 0.29175496
-0.19576186 0.20660095 -0.34234530
0.07248019 0.16322827 0.34662944
-0.13458019 0.18168160 0.07914983
0.22654568 -0.10994776 0.30604437
-0.17068309 -0.09047924 0.24193515
0.21243437 0.05129021 -0.00177237
-0.18987477 -0.08772872 -0.12432852
-0.22012690 0.20710973 -0.31350875
-0.05041799 -0.08395047 -0.15405881
-0.03762900 -0.05534448 -0.24523337
-0.00454804 -0.06323324 -0.23135480
0.29099348 -0.05348691 0.30748799
0.10623721 0.16298771 0.35015196
-0.21384776 -0.09182254 0.20150405
-0.25331482 -0.05029540 -0.12858492
-0.22324744 0.14679639 0.31801271
0.10773992 -0.07813143 0.02900678
-0.27580464 -0.14619587 -0.30414730
-0.28124699 -0.08323936 -0.16496921
0.03283164 0.17888588 0.22955427
-0.29333574 0.19952235 -0.20678656
-0.02599582 -0.04634494 0.33248034
0.20713073 0.13337977 0.17617133
0.14395694 0.01473541 -0.34108514
0.11779326 0.14997932 0.18736550
-0.22041647 0.20516874 -0.06904330
0.26922265 -0.03625530 -0.29169142
-0.16126385 0.14142443 -0.31512329
-0.17343716 0.12317866 0.27785677
-0.22098809 0.20408900 -0.18973669
-0.20323548 0.21147247 -0.09998409
0.29311723 0.05751278 -0.15157819
0.23343423 0.15386532 0.14911637
-0.21903473 -0.08068107 0.17838487
-0.10066877 -0.06798954 -0.08001471
-0.25829995 0.16197051 0.33220559
0.25604331 0.09328044 0.25451285
0.24783753 -0.06940689 -0.00376086
-0.14821076 -0.05525883 -0.09330051
-0.15051824 -0.08247986 0.16920479
-0.20752102 0.20439000 -0.21558034
0.12361149 0.02029233 -0.32094520
-0.26089853 -0.07907152 -0.04321681
-0.07264141 0.19318254 -0.34534261
-0.20879315 -0.08111800 -0.16380428
0.26139194 0.01874051 0.09377819
-0.28008226 -0.03574414 0.00470187
0.25342685 0.04159657 0.31272671
-0.03441551 -0.00075369 0.30285445
0.20699693 0.04897419 -0.33886054
-0.19323471 -0.12284929 0.33154237
-0.12668006 0.13766560 0.08360721
0.16662422 0.14879587 -0.13673429
-0.06515865 0.16412343 -0.21065682
0.23754025 0.12544793 0.31165379
0.04125328 0.18117528 0.10527723
-0.27485314 -0.09475756 -0.12264956
-0.21048130 0.18690638 -0.34516475
0.05716223 0.18495339 -0.15983458
-0.25947189 -0.17085217 -0.27386183
-0.26763967 0.08490951 0.29486388
-0.24618575 -0.10077503 0.09244459
0.09721565 0.00986552 -0.26465270
0.27592832 -0.06424762 0.22351220
-0.03515697 -0.07645942 0.16602135
0.16512030 0.00044067 0.33695066
0.22553389 0.05158930 0.33101654
0.20828046 -0.06547681 -0.31629401
-0.28438932 0.08417230 -0.03753703
-0.12802239 0.20897137 -0.07777892
-0.29323658 0.11045574 0.18352029
0.08557338 0.13484301 -0.24161321
-0.12554844 0.14862393 0.32658353
-0.29711193 0.07713231 -0.10684495
-0.28599367 -0.03060978 -0.03440895
0.24989022 -0.01031240 0.24168868
0.05612705 0.20089912 -0.19250204
-0.20356794 -0.08573512 0.03110629
0.11950175 0.02634501 -0.27033144
-0.22723153 -0.06963867 -0.18003225
-0.04808424 0.19940035 -0.31381580
0.21678516 -0.09472574 -0.03899181
0.00852292 0.14780734 0.20173696
0.01531110 -0.05619938 -0.13917166
-0.24394496 -0.05882954 0.23140626
0.00334579 0.14303870 0.22182614
0.23471349 -0.08498324 0.25618660
0.27049899 0.07695669 0.23874304
-0.26564965 0.21068929 0.17873089
0.28749669 -0.06229220 -0.31640857
0.19012675 0.15005109 -0.15527929
0.21932293 -0.03764628 -0.00529461
-0.08479553 0.11371034 -0.35048136
-0.23480701 -0.08163264 -0.07744196
-0.13858329 0.14406244 -0.33633745
-0.28317598 -0.04314288 -0.17552644
-0.08528519 -0.06320616 -0.14390860
0.25862774 -0.18497659 0.31322294
0.02033785 0.14351343 0.20886296
-0.29030985 0.06240226 0.29422075
-0.16816561 0.02422358 -0.34013447
-0.03114207 0.19855274 -0.00896140
0.05389842 0.12713832 -0.29518670
-0.00124181 -0.05399632 -0.03829023
0.00967634 0.05286615 -0.15253741
-0.20250849 -0.02012356 -0.34385929
0.27133322 -0.02621853 -0.02285480
0.09434506 -0.00260286 0.33863449
-0.16913381 0.20421207 0.35998702
-0.13882609 -0.07550680 -0.08226566
0.10144044 0.17408089 0.11415746
0.09730031 -0.06419932 -0.17433113
-0.28151110 -0.05633059 -0.21338682
0.23347795 0.13919267 -0.05063342
0.29189679 0.04572356 -0.05330147
-0.14573732 0.16329749 -0.34590665
0.26892003 0.07067946 0.26633641
-0.16000588 0.14729626 0.13594238
-0.21321902 0.10779371 -0.08680266
0.25491688 0.11603340 -0.07519962
0.10529404 -0.06804533 -0.17497565
-0.20555748 0.11764926 0.10721451
0.08750641 -0.07601702 0.22942331
-0.24820504 0.20373663 -0.05970423
-0.26524484 -0.08719135 0.25347826
-0.07682295 -0.08234648 -0.21146266
-0.20331129 -0.07703635 0.03037822
-0.24358787 0.06118202 -0.34336129
-0.01286261 0.17477396 -0.14834066
-0.26073703 0.21176410 0.00545894
0.29391012 -0.02180825 -0.24526779
0.22688189 -0.18680270 0.30414143
-0.22560343 0.07749805 -0.19188923
0.10823613 -0.09268892 0.04839180
0.18404651 0.14718974 0.30047366
-0.11245747 0.02610823 -0.20400742
-0.24581051 0.05213486 0.33324698
0.29242212 0.01686379 0.11141109
-0.04217803 -0.05597575 0.29729474
-0.14660397 -0.03987304 0.33878177
-0.05519909 0.02609989 -0.34402597
-0.02276073 -0.05267739 0.34229630
0.22028494 0.13758162 0.20563871
-0.01149015 -0.06274429 0.13075387
-0.18364954 0.21625364 -0.23368934
0.03506209 0.12050727 0.10988642
0.28776634 0.10137425 -0.04908510
0.01678564 0.18282677 0.24163240
-0.02654882 -0.08779085 0.04804806
-0.27140585 -0.09322017 0.05814995
-0.18532671 -0.09163222 -0.19838437
-0.13922873 -0.08490951 -0.25556952
-0.10499111 -0.04734416 -0.21718988
-0.03905806 -0.06349060 0.33847275
0.28613019 0.13875341 -0.03426384
0.00241290 -0.03619584 -0.31798539
0.05131818 -0.08539479 -0.26026285
0.23744197 -0.07974708 0.20881672
0.15811257 -0.05734643 -0.31045771
-0.27729917 -0.05029813 -0.24568139
0.11238432 -0.08663128 -0.16163158
0.28509766 -0.03563452 0.04646680
-0.27862459 -0.09187406 0.12463552
0.25663158 -0.09419562 -0.23033974
0.24964625 0.13579090 -0.20516150
-0.07658435 0.16458610 -0.27823710
0.13335094 0.11422832 0.33152530
0.10430637 0.10905627 -0.33335239
-0.14858675 -0.07475638 -0.18753958
-0.01386903 0.18639481 0.31782979
-0.07091261 0.14080216 0.34506798
-0.21401861 -0.02756497 -0.25175270
0.28227031 0.08697768 -0.26949888
-0.25518620 0.08873361 -0.24073455
0.26794598 -0.08598212 0.23999645
0.07973297 -0.00666333 0.32493719
-0.19730388 0.19709742 0.32938671
-0.03497741 0.14584059 -0.20650715
-0.24670321 0.21819369 -0.08714873
0.26001135 -0.08623797 0.18682529
0.24922733 -0.08144674 -0.28200924
0.29068959 -0.02882603 0.04251426
0.24806643 0.13621597 0.17907274
-0.29452801 0.04186860 0.00784051
-0.18280676 0.20292579 -0.13520107
0.19452342 0.13897303 0.34217662
0.16054067 0.14243150 -0.01604313
-0.04570283 -0.08273000 -0.24889922
-0.26939788 0.17824131 0.28704175
-0.08732762 -0.06954515 0.04207225
-0.30374214 0.04156490 0.27058941
0.04829251 -0.01354694 0.04403345
0.21093528 0.07665153 0.29982534
-0.02022582 0.19180509 -0.33091494
0.09539113 0.16639152 0.22653688
0.03178400 -0.06849323 0.01140845
0.21631256 -0.09586827 0.05787609
-0.29359737 0.02558387 0.31711841
0.18744367 0.14165814 0.13945571
0.24373887 0.08633530 -0.14197028
0.14227438 -0.03452994 0.33040833
-0.28403175 0.15324737 0.29449454
-0.20911764 0.21213250 -0.01565867
0.27348498 0.10987480 -0.34285858
0.22318891 -0.07441398 -0.15247229
0.21668458 -0.06121367 0.02601057
0.20321910 -0.07582662 -0.16838713
-0.26718232 -0.07344656 -0.30273750
0.04879469 0.16564915 -0.34162411
-0.02820593 -0.09317344 -0.05893590
0.18390082 0.13603410 -0.19680892
0.28188601 0.11657121 0.05716680
0.03693824 0.15459181 -0.05050172
-0.24806122 -0.06789631 0.02052452
-0.04456582 0.20538510 -0.00692919
0.21060318 0.13944370 0.18520355
-0.25584155 -0.08337244 -0.23292641
0.24452651 -0.14675145 -0.30425739
-0.11472897 0.12552182 -0.29485074
0.24894640 -0.07923200 -0.27306008
-0.18072157 -0.07803607 0.22409460
0.26422545 0.00057194 -0.25079244
-0.17246062 -0.03208950 -0.21120843
-0.12386436 0.15939376 -0.18791974
0.24019310 0.17737693 -0.16558433
-0.02404094 -0.04027859 -0.29182836
0.04186517 0.18970548 -0.33903545
-0.29724458 0.11069158 0.16007479
-0.15488470 -0.07188780 0.08814354
0.25987709 -0.02172724 -0.29337004
0.18387911 -0.08672243 -0.15374221
0.28169948 -0.05581171 0.19359861
-0.05412712 0.07851225 0.33352649
-0.04088635 0.20010598 -0.16787750
-0.02676192 0.14865653 0.08466162
-0.07793331 0.17730427 -0.30194890
-0.28747496 -0.04729467 0.17948967
0.28364196 -0.05469707 -0.31094351
0.05953653 -0.03782140 0.28738213
-0.14956318 -0.00826841 -0.34423637
0.00732442 0.17084557 -0.20711417
-0.27116606 0.19426121 0.28757891
0.28648901 0.13899674 -0.14789741
-0.15877120 0.18072568 -0.06628810
-0.28984386 0.16554716 -0.18024018
-0.13621095 -0.08880337 0.22999389
-0.13128497 -0.07759909 0.13508859
-0.24253757 0.09339729 0.05952431
-0.01480413 0.14027275 -0.29694870
-0.27172664 0.11491942 0.32356757
-0.11724070 0.20919333 -0.28837544
0.28114673 0.10188068 0.22480389
0.21503708 0.10756001 -0.33827046
-0.16929874 0.15200521 -0.23601006
0.01421788 0.17166445 -0.22661132
-0.08909894 0.06366229 0.32805392
0.11604207 -0.04690361 -0.31067029
0.10489476 0.12863156 -0.17757171
0.19733141 0.15403549 -0.27378917
0.18262683 0.12422904 0.16645141
0.03480336 0.17530173 -0.29666364
-0.03561326 0.14512491 -0.34839243
0.22385813 -0.06428452 0.03280164
-0.02606688 0.04696649 0.33708346
0.05449832 0.11019126 0.09350783
-0.06525333 0.18771897 -0.34735969
-0.17172258 0.11038677 0.32313296
0.28693140 0.08016289 -0.06203235
-0.02609602 0.05402179 0.02606142
0.29308003 0.13785425 0.19665089
-0.26171696 -0.10333516 -0.24533407
0.21021740 -0.18555719 -0.28816682
0.08644918 0.14401394 0.24908751
-0.21267688 0.18593837 0.34981021
-0.24645907 -0.21405962 -0.27202344
0.11984728 0.16983339 -0.31495869
0.04221352 -0.08397701 -0.06870295
0.12030393 0.17978472 0.32685664
-0.30499223 0.06806603 0.11154649
0.10955252 0.14912514 -0.17503828
0.03469577 -0.04303543 0.33734235
0.04658503 0.18491516 -0.30154851
0.09006976 0.00496058 -0.00603373
0.04167964 -0.08288267 0.22917198
-0.10959943 -0.07920577 -0.21632268
0.18744679 0.12706853 0.11592728
-0.23550031 0.17404500 -0.32627830
0.28982967 -0.03609390 -0.27567595
-0.25334799 -0.04685846 0.11812547
0.09262499 -0.03863746 0.32609349
-0.29648545 0.09850113 0.18721059
-0.06210713 0.08455418 -0.34566382
-0.10472016 -0.09104794 -0.20491000
-0.12511152 -0.07445729 -0.13074374
-0.14326705 0.18947499 -0.32084200
0.12403944 0.15406345 0.07248601
0.07300477 -0.06735589 0.17548305
-0.06982389 -0.06759327 -0.27062643
-0.21023794 -0.02938246 0.34102821
0.05310246 0.06771371 0.34071743
-0.29615840 0.05485265 -0.20026895
-0.06957836 -0.07424140 0.31236288
0.05700297 0.01488548 -0.31452394
0.09452233 0.09179305 -0.34748259
-0.25538072 -0.08221852 -0.02590041
-0.28617328 -0.05209462 -0.21294704
-0.09330384 -0.03108993 -0.14403480
0.29408705 0.13612868 -0.32524309
-0.28523719 0.18032892 0.34852242
0.20621586 0.15378156 -0.27323523
-0.18029438 -0.06610084 -0.15069816
-0.02764414 -0.05580166 -0.21698070
-0.05348592 0.06928063 -0.34527627
-0.28870377 -0.03966767 -0.31299260
-0.11283787 0.20666566 -0.02245905
0.12270641 -0.07251277 -0.22067353
-0.10851564 -0.07861085 -0.14152120
-0.29069042 -0.05645970 0.18221563
0.00663031 -0.08579943 0.32211992
-0.25541973 -0.15285675 0.31218725
0.13032088 0.13969013 0.00080036
-0.10271507 0.12171599 0.02268199
0.27110001 -0.04194289 0.32762593
-0.08332441 -0.08002662 -0.05193900
-0.28482985 0.00686045 0.10373572
-0.24535598 -0.09792422 0.05431577
-0.18044797 0.21358953 -0.27314660
-0.03166667 0.12421606 -0.24803717
0.06438368 -0.07332461 -0.24828839
0.15955834 -0.07561853 -0.15565787
0.07107823 -0.04900483 0.02355739
0.16038437 -0.04751603 -0.33068725
0.21186770 0.13565899 0.23025203
0.05345927 -0.08383539 0.24769789
0.25449258 -0.03231879 0.22954926
0.29182965 -0.02090984 -0.33893541
0.29409489 0.11839122 0.26616836
0.26193577 0.17463498 -0.20024437
-0.08218482 -0.08674193 0.32585898
-0.03810258 0.12074046 0.19350493
-0.29451156 0.08988652 0.06947509
0.16090398 0.14688432 -0.29453427
-0.17981693 0.21150492 -0.17568934
-0.30128983 0.13428053 -0.19303535
0.20121013 0.12323489 0.19740573
0.19822353 0.03832512 0.34616250
0.22650006 -0.16883488 -0.29799947
-0.03601343 0.19722529 -0.31843448
0.22396260 -0.07053566 -0.07958850
0.28556153 0.14539368 -0.09376280
0.06922026 0.19106497 0.33780527
-0.17236675 0.21059558 -0.22875783
0.28213757 0.12704796 -0.08161506
0.29480281 0.11465456 -0.20771697
-0.29558867 0.11553245 0.02583165
0.12034943 0.11851588 0.33719492
0.14471193 -0.05857902 0.33034649
-0.29281285 0.16315453 0.33707845
0.28894949 0.06756710 0.23808856
-0.12293701 0.21062590 0.04438448
-0.15782402 0.03341007 -0.14176229
0.28795052 0.04371902 -0.11828110
0.28071576 -0.06711744 0.27850679
-0.26909307 -0.06249417 -0.28913355
-0.29600284 -0.00746587 -0.21215455
-0.12898816 0.12127653 -0.32822925
0.23711863 0.16299219 -0.34090787
-0.28511700 0.11258695 -0.16593650
0.11363155 0.12814745 -0.14933263
-0.19242050 0.18887292 -0.34320855
-0.07050405 -0.07546514 0.02442918
0.27238366 0.13924807 0.11440273
0.18659292 0.14327256 0.21791919
0.16993544 0.08873143 0.15945525
0.04071634 -0.00183928 0.33804378
0.24667966 0.13132250 -0.23236734
-0.01482550 0.14215051 0.17503181
-0.12419681 0.04599465 0.34703916
0.17148295 0.06895283 0.03799453
0.28861979 -0.03856620 0.21487953
0.19712342 0.18320607 -0.32946610
-0.23158686 -0.19877127 0.30304429
0.00158975 0.15204637 0.31845731
-0.06711274 0.20632693 0.32830721
-0.23780808 -0.09108893 -0.29074019
-0.25062257 -0.11750186 0.30778727
-0.27924949 0.14483933 0.12739941
0.00283131 -0.03680319 0.18818343
-0.18969557 0.20013872 -0.21324004
-0.27614260 0.19615889 -0.02008606
0.17390437 -0.09199482 -0.20152245
0.29974160 0.03646570 -0.32354525
0.02938442 -0.06562309 -0.22335504
0.26282504 -0.05980271 0.08463366
-0.19767188 0.22286840 0.27578562
-0.20220815 -0.10531860 -0.25952896
-0.22952236 -0.08234731 0.25669730
-0.27288440 -0.06906237 0.00132159
-0.17991418 0.21178965 -0.09849045
0.21208934 -0.05703703 -0.17054802
0.21030599 -0.03104140 0.32726145
0.09895156 -0.06682242 -0.12210222
-0.06024951 -0.05954274 -0.28696519
0.23381850 0.15064515 0.34697756
-0.25246316 0.17316218 -0.23045176
0.29605922 0.03631046 -0.20903277
-0.20471145 -0.08017910 -0.21138036
0.11265228 0.14720276 -0.25998750
0.23142932 -0.01106933 -0.08866644
-0.18428925 0.15342382 -0.17845148
-0.14838096 -0.07853190 -0.05023385
0.10069699 0.04171591 0.33838266
-0.04922647 0.19868946 -0.19667903
-0.01605531 0.08477861 -0.34682512
0.28287932 0.14232209 -0.05547095
0.22473644 0.14791888 -0.31568184
-0.21750064 -0.14860141 0.31337509
0.17647432 0.16873382 -0.10618691
0.17522720 0.17651762 -0.24045941
0.19531432 -0.08937454 -0.12015612
-0.25952259 0.21093729 0.12166809
-0.28762287 0.20022106 0.01233968
0.20363353 -0.07720161 0.26298755
-0.12248866 -0.06300519 0.21154714
0.00752868 -0.06289874 -0.34036607
0.26577598 0.03950873 0.34006110
-0.28643745 0.16142389 0.30582288
-0.11142437 -0.07714823 -0.02752248
-0.04582178 -0.08165024 -0.14121991
-0.05482642 0.00944849 0.27120841
0.06298256 0.06373404 0.34278882
-0.26568279 0.01209586 -0.32691345
-0.28389332 0.20785876 -0.03053954
-0.00954819 -0.01651859 0.03519377
-0.06610881 0.11625316 0.06585560
-0.10285132 -0.02791788 0.13316981
-0.14143384 0.21071914 0.02987217
0.28532687 -0.00192004 -0.23778522
-0.20041049 0.04821500 -0.27682108
-0.16325468 0.17937309 0.25656199
-0.21842919 0.19160216 0.32736310
-0.25498185 -0.09265001 0.14756264
-0.03049387 0.20084810 0.26786345
-0.05649685 -0.05430406 -0.32288045
0.22094777 -0.04899082 0.12547663
-0.29962879 0.09188442 -0.08389764
-0.09657905 0.20851909 0.29702291
-0.09554077 0.20339030 0.14037767
0.25652397 0.00761293 0.28841323
-0.07568410 0.11841294 0.33955389
-0.05708339 0.14217415 0.32928780
-0.23582608 -0.07040112 -0.04774718
0.28834575 0.01223670 -0.01491861
0.12693156 -0.07380056 -0.24313490
0.17632301 -0.13231374 0.31138021
-0.26152205 -0.01370767 -0.27820036
0.25378001 0.13459671 0.08553822
0.18799920 0.01019803 -0.32901925
0.16553669 -0.07573427 -0.23768331
-0.24098292 0.21861966 -0.07755996
-0.08788145 -0.08269463 -0.12613736
0.14204672 -0.06539579 0.33026472
0.08334388 -0.07672153 -0.15820487
-0.16572738 0.18643701 -0.31393537
0.24380088 -0.05558644 0.10758944
0.29653814 -0.06139708 -0.15712234
-0.30079019 0.12891102 -0.30405542
-0.12895723 0.16182953 0.06711340
0.16654380 0.14063577 -0.07496238
0.07109874 -0.07011656 -0.25765255
-0.26480034 -0.02744112 0.32752618
-0.27888793 -0.06878953 0.23287088
-0.20074756 0.20490687 -0.33942223
-0.18747948 0.19505998 -0.33513820
0.01303423 -0.08262989 0.13564901
0.19582339 -0.04185840 -0.02211026
0.27387509 -0.06996193 0.08827300
-0.25895870 -0.04989541 -0.25573045
-0.27978629 0.04240617 -0.05568856
-0.12996697 -0.04294014 -0.32835832
0.15147278 -0.04581997 -0.30640420
0.25873533 -0.02299264 -0.07769829
0.13945156 0.15303962 0.34852162
0.00555649 -0.05975273 -0.09232245
0.16887274 0.00686611 -0.31179300
-0.16003048 -0.03796083 -0.34076092
0.20537715 0.13637947 -0.29276359
-0.12859789 -0.03397303 0.12995254
0.23037620 -0.07363512 -0.33796626
0.24117388 0.15571129 0.25182623
0.28093928 0.11924040 -0.33792248
-0.20525123 -0.16645408 0.29671741
-0.28003985 0.14832407 0.34509155
-0.06657370 -0.07308719 0.02091250
0.19948749 0.07341014 0.33879775
-0.28954959 0.03881376 -0.02723633
-0.01501265 -0.01559369 0.34396133
0.22615167 0.14038117 0.30762643
-0.25597745 -0.08700598 0.24515601
0.11538447 0.18095270 0.33116916
0.28435978 0.05414693 0.30495241
-0.20563778 -0.01397130 -0.13875319
-0.26048285 0.02403087 0.17935845
-0.26229215 -0.15092862 0.30727926
0.25378203 -0.05822743 -0.21219794
-0.26291916 -0.02782148 0.29037577
0.25643432 -0.15106520 -0.26463300
-0.04446198 0.14856048 0.04328378
0.08614305 0.18678609 0.33766687
-0.25943959 -0.04849425 0.33135688
-0.25197029 0.14699285 -0.34056175
0.03265957 0.18199688 0.35269639
-0.30289513 0.16652623 0.03025662
-0.27500892 0.17803243 -0.12553141
-0.03027010 -0.02561182 -0.29719830
-0.10690713 -0.07723875 0.33025700
-0.10664828 0.13791448 0.21177973
-0.23219679 0.01105681 0.16393125
-0.14486341 -0.07396014 -0.27583987
-0.29262754 -0.02294952 -0.02364298
-0.05714533 0.05261322 -0.32422507
-0.00458498 -0.07508747 0.28310347
0.11454850 0.14346468 -0.35115352
-0.14225638 0.14334041 -0.20818925
0.06829575 -0.06575582 -0.08534686
0.01185748 0.17946962 0.06765445
0.24538618 -0.16971119 -0.30365530
0.11492195 -0.05430048 0.23144603
0.11154026 0.13152169 -0.20068103
0.28438914 -0.07162380 -0.30985042
-0.20421354 -0.06745626 0.07885971
0.02452412 -0.05602808 0.33017910
-0.28413060 0.20438212 -0.12138543
-0.04161720 -0.07375562 0.21752660
-0.16654558 0.16924630 0.34108475
0.02347987 0.15025705 0.31561446
0.27359188 0.07816258 0.20533237
0.19193225 -0.05510432 0.33146393
-0.11411255 -0.08931467 0.19675151
-0.20868273 -0.08122351 0.18605720
-0.05293997 -0.07736821 0.20009097
0.08702998 -0.07218003 -0.28365985
0.29151595 0.12771894 0.19128257
0.22562459 -0.06582464 0.32965794
-0.16665174 -0.06970932 -0.12510000
0.18771477 -0.08155961 0.19131340
0.16551851 -0.08319032 0.22801487
0.04702464 0.16989930 0.34555462
0.10540440 0.12091886 -0.17162503
-0.29122147 0.12266869 -0.08883046
0.09881546 -0.08385795 -0.11755347
-0.04794633 0.13159478 0.26347426
-0.08263864 -0.07088275 0.31193012
0.18731605 0.17932592 0.30971065
-0.17235295 -0.04813977 -0.33780497
-0.24212089 -0.09925087 0.16420756
-0.12216812 -0.06992036 -0.11120437
0.19694737 0.17368037 0.32599112
0.24622101 0.15391599 -0.24866422
-0.01761666 0.16131985 -0.10212076
-0.24324225 0.20509002 -0.12130399
0.12948793 -0.08585383 -0.12192626
-0.13204269 0.18287656 -0.25771585
-0.17136563 -0.19197814 -0.29087403
0.29748189 0.11207922 -0.33460021
-0.23672327 0.12128766 0.21097274
-0.26952422 -0.11008482 0.31672859
0.28658661 0.14317566 -0.19283395
0.16517052 -0.08831680 -0.17181492
-0.10251577 -0.03303117 0.16383725
0.27942812 -0.04578735 0.27420104
0.24572581 0.14319526 0.09485243
0.28394181 0.13123935 0.09069293
-0.26759812 -0.02377495 0.18187830
-0.24933851 -0.06154337 -0.14790784
0.25721478 0.13367434 0.25840604
-0.03823243 -0.09294396 -0.30000669
-0.08091244 -0.08408745 -0.28647369
-0.08217901 -0.08122168 -0.08373324
0.16236019 -0.03080022 -0.33700088
-0.15767726 0.16943058 0.07245062
-0.12749191 0.14784317 -0.33927640
-0.26794145 0.19786444 0.21224818
-0.25886279 0.07227658 0.30726522
0.04479652 -0.05224681 0.29275379
0.07920682 -0.06378211 -0.20529862
-0.21068601 0.21202078 -0.31595793
0.03894843 -0.07259884 -0.33106828
0.25327846 0.13268083 0.30496258
-0.11686557 0.19269410 -0.34134868
-0.04189679 0.04169150 0.33788505
0.25086609 -0.19296226 -0.28701651
0.09543939 0.10611760 -0.10103047
0.28980446 -0.00105760 0.01720903
-0.28044081 -0.04783876 0.02222392
-0.02453951 -0.08290131 0.17174695
-0.02524028 -0.07992465 0.01759813
0.29607752 0.07480172 0.29902759
0.20050779 -0.07295047 -0.12303072
0.21586688 0.15572904 0.12173498
0.22272681 0.14419927 0.27218592
0.27459821 -0.04852848 -0.32401061
-0.29335639 0.08943719 0.17144600
-0.25199312 -0.00695915 0.28098142
0.26323831 0.12835819 -0.22814362
0.06775071 -0.08826537 0.13427445
0.24359913 -0.09061624 -0.08886395
-0.00864978 -0.06196067 0.19387099
0.24487172 0.11361749 0.31900004
-0.22145870 -0.07098413 -0.24832267
0.10899450 0.13650398 0.23446001
0.13143089 -0.07275322 0.00108139
-0.26765910 -0.09620838 -0.09834841
-0.06041493 0.01241094 0.31174463
-0.12737076 -0.00050618 0.11397602
0.29630470 -0.01421903 -0.19734098
-0.20414180 -0.01879378 0.33546495
0.20991881 -0.06622474 -0.00563120
0.06479277 0.17402317 0.34968817
-0.05603079 0.04863035 0.33778265
0.20948459 0.14506735 -0.17401250
0.27619711 0.10750972 0.34490305
0.27047008 0.13188729 0.19660148
0.10334210 0.11000121 -0.04393066
-0.16151311 0.04105752 0.34712401
-0.20648123 0.21173668 -0.24811159
0.12954481 -0.08661190 0.13136518
0.27509761 -0.09164324 0.28032333
-0.04637121 0.11379753 0.13684666
-0.04730025 -0.07657340 -0.20094474
-0.21179435 -0.06492277 0.02723407
0.26639417 -0.09361248 0.09471105
0.28716728 0.08714367 -0.18886998
-0.07541982 0.14618535 -0.13001196
0.25423285 -0.05749898 0.05017223
-0.23306623 -0.14440393 -0.27479652
0.07221071 0.17069949 0.24946727
-0.15753962 -0.09145426 0.31008819
-0.11228658 0.00352493 0.17844087
-0.29590285 0.03651160 0.31966552
-0.01518781 -0.07663660 -0.26555020
0.27991217 -0.01795468 -0.33441991
-0.23921663 -0.07172798 -0.04893278
0.02322031 0.17564048 0.05252755
0.05136063 -0.09083126 -0.16620368
0.28760082 0.14347331 -0.22696427
-0.23189519 0.18544866 0.34455970
0.24132270 -0.01471417 -0.06125461
0.24759406 0.09759027 0.29289365
0.04746716 0.14521150 -0.11836840
-0.29209363 0.10433159 0.21671945
0.12187245 0.13596867 -0.34469840
0.23091954 -0.06617354 0.31946707
0.21543632 0.10936917 0.15224156
-0.02772736 0.11364678 0.05474466
-0.26808938 -0.01908379 -0.25440219
0.28309786 0.10236163 0.17876671
0.04609406 -0.06995153 -0.28674138
-0.20668513 0.20418154 0.20427334
-0.26048601 0.21157117 0.28742060
0.11849868 0.15628916 0.34781408
-0.29218590 0.05935566 0.25272986
0.26124862 0.15240632 0.00078447
0.04971080 0.15704748 -0.28661698
-0.09564867 -0.07827404 0.32634631
0.01436084 0.12291997 0.07166704
0.15404372 -0.05781921 0.09065294
-0.16675833 -0.03735419 0.30885726
0.25641835 0.09058936 -0.20180732
0.23120464 0.13067538 0.32392111
0.28754514 -0.03864338 0.08474731
-0.24919590 0.16888019 0.32405916
0.10364695 -0.07842209 -0.22591572
0.24715470 0.14303039 0.27864993
0.28840932 -0.03273264 0.23222160
-0.17053494 0.17646278 -0.16830613
-0.18453553 -0.00928967 0.34222740
-0.26267591 -0.05837569 -0.29684085
-0.06386223 -0.06106176 -0.26661304
0.06442288 0.16848888 0.21519770
-0.00562666 0.17750677 0.16168270
-0.29618099 0.10182721 0.09025213
0.18315759 -0.05070411 -0.34495622
0.28965887 -0.02871803 -0.17048199
0.15191388 0.10808280 0.25686845
0.28143170 -0.06832387 -0.06247747
0.13985926 0.14816670 -0.20214470
-0.26319677 0.12355298 -0.34158012
-0.20453015 -0.05457739 0.05008664
-0.14824827 0.14737174 -0.19237903
0.23675971 0.14977284 0.10785674
-0.11818684 -0.07786791 0.06347939
-0.02667590 -0.07591398 0.28996474
-0.19976307 0.15827781 -0.22651333
-0.26727086 -0.08614457 -0.32833856
-0.14281216 0.12688857 0.18990135
-0.02066029 0.18581778 0.07869545
0.20213720 -0.09049560 0.07576244
-0.27905846 0.00858019 0.28373659
0.20761223 0.07731605 0.32942498
0.26019225 -0.07367914 -0.04437986
-0.29877400 0.18811725 -0.09887873
-0.10319786 0.14935417 -0.22329453
-0.25531626 0.13769382 -0.34323353
-0.22194231 0.10537702 -0.34075201
0.17971072 -0.07152992 0.23469056
-0.12388253 -0.07887383 -0.09196148
0.02949533 0.12874517 -0.28985915
0.24724479 -0.10324289 0.29120132
-0.06969599 0.20067543 -0.10256426
-0.21211708 0.18609168 -0.30787566
-0.26755455 0.13194598 0.17912915
-0.06319427 -0.07536211 -0.16452619
-0.28005120 0.14432679 0.16645011
0.11599666 0.17778356 -0.29836187
0.27671903 0.17064089 -0.24738009
0.15747558 -0.04038058 -0.06471057
-0.28944698 -0.06861471 -0.17786488
0.25265485 0.07420463 -0.19988808
-0.18179622 0.20982963 0.26045895
0.21975447 -0.06272814 0.05582408
0.02475191 -0.08540432 -0.32861212
-0.00900171 -0.05710578 0.21186620
0.25798821 -0.00723370 -0.34713688
-0.03759658 0.19870505 0.02121971
-0.17612976 0.21029383 -0.14462578
-0.22569227 -0.11144222 -0.33283433
-0.29591122 0.00030633 0.14722069
-0.27793306 0.18075903 -0.19897106
0.27521583 -0.07105266 0.11147964
-0.25928685 0.21219726 0.03692255
0.14663255 0.13918531 0.17632079
-0.03352743 0.15700623 0.14635043
0.25886104 -0.05165733 0.00872318
-0.21108900 0.21099237 0.27142057
0.25815010 0.15058354 -0.10304104
0.26032758 -0.12170485 0.31084296
0.16849841 0.14210758 -0.11610287
-0.22981584 -0.16342266 0.30737442
0.12046535 -0.08145215 -0.22974500
-0.05858330 0.17061262 -0.05872779
-0.26736549 0.17202839 0.30515173
0.19589609 -0.04462468 0.13568534
0.28248376 -0.01962217 -0.11762890
-0.18972391 -0.08438884 0.05519795
0.24813806 0.02668970 0.33388942
-0.11898404 0.10912179 -0.32973343
0.15928529 -0.08084691 -0.00222243
-0.22001922 -0.09450613 0.18150808
0.09931461 0.16294928 0.26509416
0.06712155 -0.06574361 0.22898421
0.27315316 0.07556358 0.28567365
0.20815283 -0.08808862 0.04507629
-0.20317116 0.21310927 -0.21353579
-0.27319098 0.16292125 -0.34308916
0.27786207 -0.02743254 -0.31320548
0.02313502 0.12051836 -0.35221404
-0.04201351 -0.01371352 0.02359248
-0.06737889 0.13568932 -0.25682092
0.18696265 0.12296883 0.17182560
-0.23984288 -0.07102408 -0.17250733
0.27025148 -0.10530171 -0.31147346
0.25312924 0.13265350 -0.24114202
0.18677488 0.17988133 0.20739754
0.29215205 0.07753222 0.20323423
0.01199297 0.16771956 -0.33393568
0.21230637 -0.06283947 -0.26795790
0.18852708 0.17249376 -0.24956653
0.16025278 -0.07384662 0.21518336
-0.15490988 -0.08475896 -0.28264201
0.24737985 -0.09001480 -0.19603305
-0.12309723 0.20949693 0.21513957
0.15565385 0.14756335 -0.15938576
0.24055961 -0.08353818 0.15603916
-0.23503216 -0.09613995 -0.07764877
-0.24063076 -0.00702711 -0.33995712
0.17375559 -0.07538758 -0.06435268
0.28882855 -0.01387336 -0.02553397
0.10516994 0.14731474 -0.26100224
0.25110495 0.02877939 -0.29692647
-0.03108040 -0.07839838 -0.01668753
0.12900251 -0.08421932 0.18007936
-0.22278616 0.21365513 0.33283436
0.23904999 0.14391387 0.08077808
-0.18352802 -0.09421890 -0.14919066
-0.27961910 0.13128586 -0.29653281
0.27044821 0.00513149 -0.25454545
-0.27782694 0.17321973 -0.34461030
0.24421231 -0.05855827 0.08872121
-0.13430738 0.20899884 -0.11519826
0.25223726 -0.12076771 -0.33267775
-0.01145914 -0.07993751 0.33121219
0.08515947 -0.04079435 0.32972965
-0.29284489 -0.01458165 0.13380317
-0.29147106 0.16618328 -0.03913245
-0.16803414 0.12356559 -0.33477402
0.04772139 -0.07606199 0.01087255
0.22978893 -0.08756212 0.05462495
0.08938960 0.17687318 -0.35080236
-0.06559662 0.14937316 0.32897311
0.26159513 -0.01927790 0.04267767
0.29608330 0.10664164 0.03909355
0.25980765 0.12912653 0.29322687
-0.28552687 0.09458157 0.33134925
0.21077047 0.04311976 0.31067544
-0.27423713 0.14996609 0.21054795
-0.04620874 -0.08114836 0.21532314
0.06302619 -0.08132738 -0.03480556
0.29289785 0.12600155 0.13734925
0.26915705 0.14953470 0.02232218
0.21939871 -0.13850351 0.28845957
-0.28065225 -0.03747032 0.02047041
-0.24702112 -0.08424641 0.15284750
0.14445224 0.00547236 0.26009858
-0.03026460 -0.07569002 -0.32144669
-0.07143105 0.15479703 0.29778147
0.27342340 -0.06627551 0.30748570
-0.07524277 0.14792015 -0.28974435
-0.02327474 -0.04040352 -0.29255164
-0.29324108 0.05734442 -0.09117334
0.05235254 0.08411656 0.34645367
0.02253840 0.14954953 0.34513223
0.23002338 0.11807582 0.32202908
-0.05715041 0.21368825 -0.27661973
-0.01148707 0.04736040 0.34197691
0.11424585 0.15669926 0.07071461
0.10633449 0.18993306 -0.20857622
-0.08198202 0.14990883 0.33972126
-0.05837001 -0.02879345 -0.08860616
0.06502032 0.12941799 -0.34622627
-0.29283285 0.03431796 -0.26450551
0.27579647 -0.02531079 -0.33360407
-0.14985004 -0.05027510 0.06136843
0.15224032 -0.08350410 0.06780353
-0.19973315 0.18593951 -0.24865960
0.28914088 0.10805528 0.26229149
-0.13470918 0.16025677 -0.21443394
0.06425245 0.12714258 0.34854078
0.25318921 0.09747037 0.24315782
0.26841566 0.15508533 -0.24668717
-0.23980890 0.21510556 -0.10417642
0.08013459 0.13279465 -0.20864716
-0.29099032 0.05376555 0.16072674
-0.11591135 0.06200087 0.32405528
-0.02815098 -0.08693218 -0.16489542
-0.16875350 0.20933542 0.31133994
-0.16721892 0.20119014 -0.29737723
-0.11072738 0.14214030 0.27822939
-0.11867008 -0.04724352 -0.24831310
0.29202241 0.13600393 -0.23276196
0.10109707 0.01201795 0.26212102
0.13374926 0.09951200 0.33983499
0.28910822 -0.02659742 -0.21757813
-0.21334222 -0.06449398 0.29046762
0.00981809 -0.09511325 0.27676350
-0.24122833 -0.00955401 0.10724766
0.29403117 0.09675269 -0.29812494
-0.14806986 -0.03666997 0.10109232
0.14004844 -0.09573790 0.05916250
-0.25659356 0.20766589 -0.02547038
0.00852131 0.17222263 -0.14151849
-0.28376716 0.19423945 -0.34828362
0.29497269 0.08647747 0.19642605
0.26563281 -0.13902673 -0.31338564
0.16630906 0.16941363 0.16213542
-0.25699937 -0.08245467 0.00988063
0.28656325 -0.04130661 0.11001789
0.27036440 -0.03356305 -0.01867293
0.17338067 -0.05655320 0.18071577
-0.20444986 0.01685069 -0.04862897
-0.02405332 0.15160435 0.14332601
-0.25560635 -0.07504971 0.12082809
-0.09790601 0.14182822 0.26082981
0.15686402 0.15100653 -0.29711145
0.28354061 -0.02828375 0.05218448
0.29764155 0.09729525 -0.05705098
-0.02612779 0.17785509 -0.10801981
-0.29189461 0.07745590 -0.18394943
-0.27048239 0.17119080 -0.20378514
-0.01722094 0.08304274 0.03134168
-0.26415649 0.19338119 0.27896264
0.25736719 -0.01809635 0.01472616
0.27859995 -0.01869917 -0.00456516
-0.03522150 0.15339324 0.04807985
-0.06057733 -0.02030630 -0.33590558
-0.17068909 0.15296420 0.14947371
-0.27725142 -0.07967760 -0.24505475
-0.08533182 0.00080470 0.32077613
-0.10791851 0.17495325 -0.30238694
-0.10164323 -0.07509444 -0.14372784
-0.28733343 -0.03889916 0.06379578
0.26258788 0.06373881 -0.32277846
0.28906578 -0.03232679 0.09522769
-0.00265589 0.05770409 0.34401849
0.00426450 -0.07595216 -0.11324068
