-0.04854175 0.13389897 0.10222575
-0.21860240 -0.00201168 -0.05417965
-0.40311870 -0.06137453 0.13597216
0.08207412 -0.10507604 -0.02709745
-0.21811883 0.00099256 0.17998990
-0.06123512 0.12103580 -0.12565421
-0.23753724 0.03784761 -0.16608039
-0.36993948 0.06521943 0.09738750
-0.28254652 -0.05502512 -0.15505038
-0.06040006 0.05879978 0.15392894
0.01024504 0.05223000 0.15302141
0.35989571 0.02692797 0.03059362
0.41885802 -0.07636932 0.04529336
-0.14689735 -0.06061105 0.10418386
-0.14391696 0.14232153 -0.04399084
-0.22310357 0.03428955 -0.08062306
0.24483326 -0.12610272 0.16996844
0.16612087 0.04823902 0.13630985
-0.12137450 0.02513663 0.16986914
0.34850454 0.02486529 -0.05924031
-0.37188452 0.06145525 0.07506903
-0.01841082 0.10515630 0.13438183
0.30304575 -0.11899190 0.15176508
-0.32265791 -0.01446914 0.16579308
-0.04644630 0.13718534 -0.01146258
0.23541243 0.04968391 -0.03579868
0.24393985 -0.07975624 0.16470625
-0.05700109 -0.08727007 -0.17225491
0.33235842 -0.10598566 0.01375614
-0.24537955 0.12762469 -0.02459620
0.27342793 0.04237400 0.02267838
0.32597366 0.02132778 0.15462327
0.24735850 -0.02690845 -0.12654191
-0.07448635 0.13142796 0.11654140
-0.30483159 -0.03293213 0.14923488
-0.34770337 -0.02869783 -0.17169483
0.31251356 -0.06570291 -0.16295919
-0.10167869 -0.09356005 0.02635431
0.22807777 -0.10342842 0.16230607
-0.42730582 -0.03985205 0.05757486
-0.27048585 -0.14486375 0.15554537
-0.26015714 -0.11673802 0.17059192
-0.17710611 -0.10208889 0.13027479
-0.40538156 0.01345474 -0.05634397
-0.21247834 -0.10027837 0.16702966
-0.06427631 -0.09737895 -0.11696669
-0.03702914 -0.05788000 -0.15261838
0.30914375 -0.10283773 -0.14768538
-0.08405044 0.13765800 -0.07995827
0.07179116 -0.10513962 -0.16301674
-0.03607374 0.11923518 -0.12568338
-0.30408806 -0.02192426 0.13119899
-0.25937766 -0.01240624 0.17589194
-0.24782790 -0.10413980 -0.04909395
-0.05780412 -0.00173919 0.17470625
-0.02041069 -0.09470125 0.16950768
0.32023761 -0.10597189 0.11045942
-0.11116571 -0.06023640 0.09991353
0.19802015 0.03080932 -0.16360147
0.21227117 -0.05398544 -0.12677428
-0.41418359 -0.08697523 -0.03289970
0.18677218 -0.10417362 0.17868187
-0.11976290 0.00793964 0.16990121
-0.30459175 -0.05375101 -0.11415657
-0.35489029 0.07016164 -0.07582726
0.10952765 0.04004115 0.07325874
-0.09830586 0.05221903 0.15650983
0.21919051 -0.07916106 0.14225215
-0.36809653 0.06663971 0.07299888
-0.41391554 -0.02318373 0.04176172
-0.30663180 0.05925022 0.13948403
0.07474633 0.10983913 0.12393405
0.22400668 -0.09624024 -0.17564429
-0.38680145 0.02825345 -0.11258850
0.09757841 -0.09786227 0.07787654
0.05450397 -0.09884889 0.01251313
0.25759840 -0.05674582 0.17141867
-0.20776366 -0.03122659 0.14165130
0.36064580 0.01297465 -0.11929113
0.08127862 0.05516617 0.17319721
0.30676109 -0.08763408 0.14596322
0.00966060 -0.10091642 -0.15170847
0.39414945 -0.10492602 0.13569161
-0.11979750 -0.10688455 0.08732904
-0.07055780 0.13806269 0.10044232
0.00900284 -0.09049600 -0.17478685
0.13423985 0.04050788 0.15104116
0.24121882 0.02850594 -0.17008021
-0.03310265 0.08950294 0.14184010
0.18765172 0.05399094 0.04326808
-0.22715487 0.13437735 -0.04789691
0.41193718 -0.08238297 -0.06956172
0.21793310 -0.11914205 -0.15853156
0.13128892 -0.09966126 0.17274746
-0.06106552 -0.07734992 -0.16939010
0.21853194 -0.10792080 0.02973489
-0.29115179 0.04724108 0.16081193
-0.31617856 0.08244596 0.12687302
0.29234424 -0.04632332 0.17610002
0.15001349 0.05584311 -0.14878806
-0.27674553 -0.14308786 -0.16241793
0.23014411 0.04434105 -0.03512074
0.22019099 -0.08346896 0.16878916
0.04129029 0.12633340 -0.05315104
0.25420082 0.04213336 -0.05794223
-0.30659169 -0.13967787 -0.14384705
-0.33294353 -0.10311654 -0.09389075
-0.00304434 0.11308432 -0.12408795
-0.04703257 0.05338486 -0.15436059
-0.12817499 -0.05330623 -0.04997548
-0.04514148 0.13393126 -0.08501189
-0.31071657 -0.12505601 0.14160354
0.29260212 0.03873873 0.02213536
-0.34274086 -0.07909466 -0.15964904
-0.17965204 0.14154153 0.03405591
0.19994931 -0.05309761 0.14081165
-0.11340077 0.04125887 -0.15834035
0.35181335 -0.06235904 -0.10585605
0.16430299 0.05879637 -0.13086417
-0.35525432 -0.09681346 -0.13058949
0.34500873 0.00928356 -0.15064450
0.02733171 -0.07146552 -0.17014176
0.28186959 0.03836695 0.07184104
-0.34831589 -0.07890998 -0.17012590
0.14439447 0.04870879 0.17598884
-0.08953776 0.06595738 -0.14049110
-0.42603129 -0.06073852 -0.02508836
-0.15426001 -0.04310913 -0.01204796
0.28064832 -0.03337375 -0.13881387
-0.28123412 0.06373889 -0.14402418
-0.42466739 -0.07469335 -0.04571224
-0.20445096 0.07194303 -0.14322366
-0.27307373 0.12363467 0.00799624
0.23661786 -0.13530424 -0.16397111
-0.35485134 -0.01660957 -0.17296098
-0.19231485 0.14130275 -0.00878999
-0.15522107 0.14065556 0.04087191
-0.16795260 -0.10442589 0.08965881
-0.23571022 0.04053250 -0.09574509
-0.01867783 -0.10617040 0.16830339
0.42228389 -0.09489797 -0.00137316
-0.35499442 0.08488187 -0.01338813
-0.37924355 -0.03503399 0.16802017
-0.07802333 0.06528894 -0.13161266
0.06604080 -0.09898912 -0.14480665
0.03928620 -0.10351125 -0.08061890
0.21428397 -0.09292502 -0.17511009
-0.11726786 -0.10347029 0.01241403
-0.23253402 -0.12887816 -0.13424785
-0.22375385 -0.03328639 -0.12140332
-0.28539181 -0.05273271 0.16819896
-0.16168247 -0.01982194 0.16534579
-0.23448671 0.10371079 0.12519993
-0.22434734 0.06767030 0.14916897
0.18067725 -0.10747450 0.08020320
-0.01145540 0.13219684 -0.05789467
-0.29260853 -0.05491689 -0.10518616
-0.25559932 0.12862813 0.01601284
-0.05618989 0.12816481 0.12201849
-0.20693833 0.11063380 0.12851842
0.24618636 -0.10205760 -0.06755814
-0.26146165 -0.02714389 0.16546841
-0.23957893 0.11823283 -0.09842646
-0.16266121 0.13705015 0.10389698
-0.06244379 0.13961676 -0.01061037
-0.21115644 0.03463707 -0.08722932
-0.23189926 -0.02124811 0.15269995
-0.05407675 0.14060134 -0.04770176
0.11947410 0.09741238 -0.00176876
-0.30582124 -0.12607586 0.17566954
-0.22428659 0.05300810 -0.15943561
0.42117536 -0.03800824 -0.05500893
-0.27219963 -0.00904599 -0.12530366
0.00983528 0.12048520 0.12361989
-0.21792300 0.13702953 -0.03905425
-0.20063809 -0.04145071 0.14319593
-0.38795394 -0.05390750 0.16375327
0.11917651 0.07723157 0.12197949
-0.29978651 -0.13328053 0.13316834
0.20288406 -0.08849340 0.17023414
-0.20220424 0.07883529 -0.14528608
-0.25917634 0.11490332 -0.10480433
0.04053704 0.06317078 -0.14982872
-0.32316795 0.04772584 -0.15440920
0.40487611 0.00120502 0.05075778
0.27452782 0.01911929 0.05975497
-0.07273251 0.13992830 -0.03201765
0.41601166 -0.09375270 0.08439966
0.16930749 -0.07732429 -0.15948175
-0.42368722 -0.07711580 -0.05722484
-0.08244985 -0.09390433 0.15413275
-0.24303691 -0.08891590 -0.17211078
-0.05152969 0.02421161 -0.15412381
-0.41224346 -0.08998167 -0.04253988
0.18307428 0.01064631 -0.17039178
-0.38570258 0.00825224 0.14541051
-0.38161898 0.04074267 -0.08366231
-0.33330321 -0.07112283 -0.15054317
0.24006896 -0.01475239 -0.14252228
0.32524821 0.03233313 -0.00460599
-0.26760170 0.10283303 -0.06645057
0.34615478 0.01768061 0.14934006
0.22904854 -0.06027119 0.17600986
-0.12877205 -0.02465352 0.17257087
0.39475244 -0.09838725 -0.01292227
-0.22332034 -0.10127699 -0.16852072
-0.06672004 0.13669778 0.01384462
-0.10195425 -0.10912557 0.11858931
-0.36157182 -0.09341146 -0.15699737
0.31467023 -0.01980799 -0.16045120
0.34439987 -0.00267261 0.14388663
0.02874175 0.09918621 0.13551167
-0.32070044 0.06787407 0.10892478
0.17369860 -0.10636835 -0.17000027
0.17380452 -0.05195392 -0.04046880
0.35533804 0.00821461 -0.14219971
0.01623942 -0.06704498 0.04284513
-0.28664383 -0.05367685 -0.11880513
-0.09935105 0.03584085 -0.16963322
-0.28882575 -0.05633346 -0.16946672
0.32783481 -0.07769400 -0.16664608
0.32626954 -0.10847496 -0.17068636
-0.36506927 0.06374517 -0.11385155
-0.30528086 -0.01202493 0.11523108
-0.32846117 0.09982269 0.03954342
0.21031041 -0.00877363 -0.14418226
-0.41500518 -0.08211516 0.09617242
0.32931256 -0.02143434 -0.13440253
-0.06876907 -0.04816420 0.16767165
-0.24634390 0.06219910 0.03201241
0.09841360 0.05320969 -0.15965462
-0.15857337 -0.05255307 0.03922458
-0.26252654 0.12444461 -0.03143308
0.35949856 -0.10677913 -0.05853247
-0.04744620 0.13763221 -0.07932153
0.32018444 -0.10376388 0.11723308
-0.04394548 0.03349654 -0.16558982
-0.14851891 -0.02515714 -0.17984729
0.13831311 0.08601220 0.06009064
0.22797336 -0.00667373 0.11324278
0.06182324 -0.02390317 -0.17393661
0.09375769 0.04341183 0.17651084
-0.30059513 0.06486173 -0.12431777
0.38097703 0.00162966 -0.08517541
0.19913420 -0.10267718 -0.09363688
0.41391876 -0.09189996 0.07232475
0.28576624 -0.00074967 0.12949403
0.42276484 -0.05993038 -0.03167731
0.27524984 0.03810066 -0.10111319
-0.11838973 -0.10042334 0.04952659
-0.22729789 -0.12834300 0.15363815
-0.03627705 0.09130601 -0.13994491
0.21729901 -0.04945321 -0.11015388
-0.22230110 -0.09593653 -0.16865477
-0.31831664 0.02566983 0.16547839
0.16114858 -0.02697938 0.14294150
0.19234377 0.05723524 -0.07897616
-0.19673215 0.13020235 0.11325902
-0.19056977 -0.09791531 0.13831632
0.27512059 0.01775461 0.16288693
0.27582127 -0.01171108 -0.14594626
-0.07921948 0.09958820 -0.13327900
0.19890842 -0.10778782 0.02578603
-0.00609144 -0.08690538 0.04051817
0.18882611 -0.06625184 0.16907814
0.41015586 -0.03878798 -0.00852225
-0.26437223 -0.01337021 -0.15914871
-0.25441352 -0.05583036 -0.12001006
0.41283759 -0.05479500 0.07696321
-0.22608228 0.02128344 0.16915600
-0.00281508 0.13012025 0.07430554
-0.41591123 -0.02669503 -0.09226611
-0.29367605 -0.14503036 -0.16288924
0.18508285 0.05265036 0.07829213
-0.37737608 -0.01279682 0.15724075
-0.35690448 0.05598424 -0.12523647
0.13418713 -0.10325218 0.04614662
0.12362459 -0.01706152 -0.04548087
0.17667031 -0.08451577 -0.14547141
-0.17397255 -0.04467705 0.02130821
0.42867070 -0.04713118 0.05343998
0.27336043 0.03889702 0.12701416
-0.27216670 -0.13020964 -0.17311963
-0.16916457 0.13276640 0.09464850
0.28628281 0.04625167 -0.01573930
-0.19946428 -0.01218282 0.10894869
0.28696981 -0.06519245 0.17044070
-0.19159448 -0.10339639 -0.14696522
-0.17520818 -0.06165531 -0.14597873
0.30912602 -0.07561423 -0.17229632
-0.31207928 -0.05605583 -0.16033190
0.11613998 -0.00957437 -0.17021747
0.03996295 0.10724057 -0.12952894
-0.08449446 0.01072067 -0.17797905
-0.03870827 -0.07076974 0.16570328
0.20100327 -0.03889808 -0.15150489
-0.41972530 -0.06546740 0.08310464
0.34100831 -0.08176277 -0.16885303
0.18770619 -0.05571557 -0.17298755
0.39179879 -0.00031744 -0.07484111
0.33913258 -0.09257868 0.14965060
-0.12285084 -0.10089938 -0.16944368
-0.33848399 -0.09366477 -0.17282324
0.19268204 -0.10386160 0.14134453
-0.04544740 -0.09641233 -0.02357906
0.36488339 -0.01607372 0.15358111
-0.01699573 -0.08959824 0.10668474
0.25247973 0.04256163 0.13811859
0.12397525 -0.10482021 0.07843319
-0.26665094 -0.04293302 -0.12954991
0.01633599 -0.00531119 -0.17922139
-0.08949590 0.14000045 0.09104889
0.05033256 -0.11169506 0.08495076
0.39399254 0.00035442 0.11156982
-0.17945588 0.14332607 0.01441650
0.19030234 0.05062253 -0.15001115
0.17994881 -0.10210183 0.06801065
0.25989407 -0.10130373 0.16169193
-0.36991799 0.06176186 -0.06604806
-0.29662144 -0.11271451 0.16486219
-0.40886587 -0.06370589 -0.12703772
-0.19345990 -0.10363201 0.01910455
0.24700823 0.04451810 -0.11165690
-0.39838418 0.02026042 0.03483275
0.00820139 0.13482957 0.01102587
0.17445756 0.01627952 -0.16644025
0.25950813 -0.10065376 -0.11384246
-0.15176035 -0.01998654 0.16100253
-0.26370776 -0.02047181 0.14806518
-0.34086803 -0.02963854 -0.09392392
0.29868972 -0.05459291 0.16932113
-0.36433238 -0.07411308 -0.16803050
0.26891416 -0.04439269 0.16927075
0.18659948 0.05289870 -0.02332159
-0.05448245 0.14207059 -0.00572297
-0.06907038 0.02009526 0.17288740
0.30795071 0.02169651 -0.15271053
0.22399920 -0.05339321 -0.03608982
0.06661149 -0.03164912 0.12443376
-0.26299205 -0.05141489 0.15721574
-0.17397472 0.02128889 0.17471720
-0.37958795 -0.07803673 0.11903343
0.25757039 -0.08863583 0.17234421
-0.02719801 0.14285280 -0.03111265
-0.31800678 0.10890762 -0.02332723
-0.07270087 0.01922554 0.15541324
-0.38909289 0.05821648 -0.01242678
-0.32856441 -0.08976793 -0.17259057
0.28321135 -0.12008498 0.17853211
0.18960814 -0.03619932 0.12586531
0.35288662 0.01301309 -0.13842574
-0.35020712 -0.06730577 -0.12567709
0.01967417 -0.10887788 0.09170914
0.14115164 -0.10811234 -0.07239320
-0.30268243 0.11375447 -0.05922972
0.00932492 -0.04607888 0.17641133
-0.22320278 -0.05414417 0.14508151
-0.22997963 -0.00400092 -0.04629665
0.24144547 -0.10704238 0.16345428
-0.23950373 -0.09725793 0.15671003
0.27473184 -0.08189772 -0.15071073
0.29644752 -0.03358776 0.13134281
-0.30993512 -0.11839158 0.17056645
0.15250140 0.05739321 -0.10420868
-0.26497152 -0.02047905 -0.12024126
0.24796836 0.03979595 -0.14697048
0.23418185 -0.11474186 0.16290487
-0.29165733 -0.12552662 0.14977524
-0.18746135 0.13755104 -0.04408491
-0.41098109 -0.08496024 -0.07554693
-0.40937269 -0.00479690 0.08706970
0.42120990 -0.07844732 0.01103818
0.33530688 0.02822102 0.11085916
0.35238156 -0.05196914 0.16955459
0.12890105 -0.11040723 -0.14702690
0.09119876 0.06422201 -0.14827685
0.32716885 -0.10335510 -0.10745380
-0.20452394 -0.02520492 0.17291953
-0.27546000 -0.13720365 -0.13421011
0.41204157 -0.06548125 -0.06488068
0.38195664 0.01563133 -0.03026616
0.30565435 -0.07634598 0.16647093
-0.28742090 -0.07001211 0.16951734
0.39133611 0.00785936 -0.03835130
-0.00835602 -0.10317551 -0.16738068
-0.10768897 0.05633177 0.15231405
0.37104806 -0.02738864 -0.13954197
0.08179244 0.10861177 -0.03450695
-0.26736262 0.11175731 0.11235271
-0.26455468 -0.00186398 0.10951053
0.33532929 -0.10438234 -0.09560716
0.28458396 0.03895263 -0.00070457
0.40912399 -0.09809486 0.10342679
0.33297256 0.01285293 -0.15655369
-0.16048007 0.14379941 0.03883353
-0.13521343 0.01372318 0.15423746
-0.07254817 -0.09097382 -0.11815301
0.31562728 -0.09180524 0.15026081
-0.23785813 0.05134373 0.11827680
-0.26994401 0.00560185 0.13397387
-0.30946252 0.03039370 -0.16880633
0.39860174 -0.05200143 -0.10755071
-0.02570208 -0.10390718 -0.12908463
0.10786557 0.04875383 -0.14443398
-0.29499304 -0.02179841 0.13951905
0.23232919 -0.13592771 0.17019756
-0.38032106 0.05850348 -0.04007591
-0.34554705 -0.10055120 0.09304450
-0.18345052 -0.06163153 -0.15299284
-0.33042678 -0.05045969 0.17502357
-0.33988222 -0.09599987 0.11428106
-0.27906257 0.12759881 -0.02070893
-0.23140824 -0.05582150 -0.15594622
0.01963060 -0.09708010 -0.03820436
-0.10507306 -0.08720021 0.17352559
-0.09462074 -0.10656897 0.00222673
0.19388814 -0.02563694 -0.14071865
0.30044940 -0.08865720 0.15987080
0.03886002 -0.08708417 -0.16283302
0.37637165 0.00627892 0.04830886
-0.25737908 -0.07833122 -0.14399922
-0.37770644 0.04467532 0.11301412
-0.14525501 -0.06081070 -0.09044572
0.42579085 -0.05923037 -0.01742498
-0.31279153 -0.05940357 0.16794114
-0.19417126 -0.03550333 0.17473669
-0.01275842 -0.10554389 -0.06413177
-0.04801472 -0.07360085 0.11523803
-0.19777857 0.12832394 -0.11305627
0.29996541 -0.10699026 0.03611676
-0.31675857 0.08075882 -0.12121023
-0.14178358 0.13797002 0.10657113
0.24133223 -0.00501928 0.17313182
0.05895368 -0.09479895 0.02202157
-0.16872327 -0.10216570 -0.06951005
0.04438367 0.02830838 -0.16882248
-0.41846558 -0.08053657 0.03118740
-0.28176072 0.11559853 -0.05973229
-0.23957574 -0.11122530 0.17364196
0.01850357 0.13151431 -0.03972140
-0.10988578 -0.02425850 0.17671834
0.08204643 -0.05276841 0.02753255
0.24771005 -0.12024145 0.17495154
-0.23154357 -0.12448591 -0.16292991
-0.25286058 0.12493234 -0.03161978
-0.31725451 -0.11770056 0.16837934
0.05871375 -0.10937376 -0.12484043
-0.11563623 -0.01835693 0.17795286
0.04319286 0.10385423 -0.13386931
-0.18872966 -0.04858014 0.10437715
0.41931325 -0.01476148 -0.03251258
-0.04645879 -0.10261502 0.01072595
0.14590327 0.08142275 0.01472083
0.10453648 -0.08762987 -0.14339145
0.21229216 -0.02733903 -0.17252743
-0.16414165 0.03933699 -0.16242729
0.28785339 0.03655079 0.12010528
-0.09397504 -0.09838350 0.09182847
-0.18574604 -0.03445271 0.16872895
-0.32538497 -0.08425662 0.16996141
0.05745314 -0.10906278 -0.16589569
0.06171773 -0.09529559 0.14622061
0.24471557 -0.03750960 0.15469506
-0.26104102 -0.10152340 -0.10261476
-0.41695836 -0.02766461 0.07972060
0.33094984 -0.09991547 -0.07639572
-0.03938724 0.04971233 0.15537196
0.06362267 -0.08563357 -0.11370733
0.01478196 0.12541674 0.09104538
-0.36831325 -0.09569456 -0.10737927
-0.25673237 0.12853320 0.06146857
-0.36132023 -0.10213200 0.14482740
0.40521595 -0.00103861 -0.02061898
-0.10278881 -0.10838025 -0.14896858
0.31729829 0.03615875 0.02061892
0.29530656 -0.06089649 0.10335057
0.26040965 -0.10463392 -0.05732059
-0.22632563 0.10324760 -0.12056451
-0.09688848 0.14256793 0.07155792
0.11135204 -0.11010946 -0.05547060
-0.29862347 -0.13943243 -0.16195309
-0.28332406 0.03224640 -0.15962063
0.41788423 -0.07793521 -0.00002981
0.08751883 -0.10559785 0.08296222
0.29601270 -0.07104239 0.16857685
-0.17795651 -0.01346407 0.17393430
0.11961702 -0.07356587 0.17121260
-0.29470408 -0.14183122 -0.11111908
-0.23577379 -0.11320804 -0.15660028
0.10707355 0.05457258 -0.16937862
-0.20738944 -0.07128914 0.12864305
0.26520306 -0.02277562 -0.17541127
-0.09923857 -0.05918150 -0.17181927
-0.28949186 -0.13910292 -0.15981196
-0.02325037 0.05856634 0.15452440
0.17499015 0.05843437 0.03087942
-0.37533936 -0.02072007 -0.16828762
0.28942096 0.03593904 -0.07577132
0.22461699 -0.01513548 -0.13443656
0.09428152 -0.00991930 0.15671599
0.29657334 0.03284967 -0.11519090
0.31752467 0.03483732 -0.04250308
0.12619722 0.08255418 -0.12989452
0.39907920 -0.10564473 -0.01254163
-0.11571010 -0.10210691 0.10659970
-0.31297609 0.10955592 0.06097930
-0.33550745 -0.06661223 -0.15505129
0.07049120 -0.10357279 0.16952188
-0.21146818 -0.05140684 0.13305938
0.37726313 0.01201295 -0.07814404
-0.03440448 0.01790331 -0.17325142
0.22764589 0.04298310 -0.12329239
-0.25400957 0.12711672 -0.05325465
0.37606663 -0.10273009 -0.08633526
-0.40036827 -0.07494581 0.14547317
0.23499511 -0.00753953 0.17467453
0.40458348 -0.08141188 0.10433906
-0.08478675 0.06761483 0.15085654
0.27755541 -0.09537113 0.15723291
0.36357814 -0.10446116 0.09224428
-0.22199036 0.04903451 -0.16586486
0.32989177 -0.10974775 0.07361391
-0.40808821 -0.01016260 -0.05063799
-0.32718092 -0.09311487 0.17414050
0.40834448 -0.01420368 0.08262697
-0.16834611 0.14222600 0.01606097
-0.06046648 0.09837770 0.13835758
0.21043599 0.04934067 0.12937604
-0.35987014 -0.05951021 0.17373401
-0.25266439 0.00050815 -0.15858464
0.22937718 -0.10592665 0.07160406
0.35962796 -0.09860720 -0.12246149
-0.18575606 -0.09830012 0.12251562
0.27791524 -0.08260019 0.17012672
-0.01774656 -0.10448955 -0.06643002
0.19514251 -0.07202478 0.12479649
-0.23263581 -0.05168348 -0.12589400
0.17526942 -0.09253642 0.13859071
-0.39681762 0.03694959 0.08272859
-0.41974759 -0.08666536 0.03925394
0.08523341 -0.05083111 -0.15363115
-0.19117671 0.12470694 -0.11471758
-0.01300799 -0.09456883 -0.16540566
0.23924907 -0.01521373 -0.17584771
-0.04351586 -0.09100967 0.09097028
0.41604936 -0.07787467 0.08507118
-0.08912991 0.13245094 -0.11463577
0.04512628 -0.09723024 -0.16440605
0.27919745 -0.04737904 0.10059564
0.02440986 -0.03627410 -0.14514230
-0.19717352 -0.03973032 -0.05807244
0.40242642 -0.01618364 0.08454826
0.04935323 0.07837491 0.14565642
-0.36482450 0.06911889 -0.03824430
-0.37959200 -0.06259061 -0.15430084
-0.24513574 -0.07609205 -0.15032299
0.13529265 0.08387341 -0.06329053
0.25277352 -0.07604821 -0.17152373
-0.35469604 -0.09019845 0.16409884
0.05204579 -0.05839545 -0.16816285
0.20729250 -0.02886555 0.17300712
0.16897142 -0.08787653 0.14649892
0.19721195 -0.10569578 -0.13047123
0.09472898 0.06571990 -0.14829439
-0.16532421 -0.04484174 0.14579840
-0.40579560 0.01613643 0.06710508
-0.37649384 0.00528258 -0.14787811
-0.30910814 0.09399260 0.11893123
0.17041050 0.02230797 0.17098841
0.14335260 -0.10340923 -0.08715512
-0.16290948 -0.02594884 -0.17428660
-0.35978809 -0.04302515 -0.16117099
-0.27135313 -0.13883157 0.13767809
0.18660401 -0.12087638 -0.15220991
-0.29861507 -0.12698042 0.17782721
0.25155506 -0.09921651 -0.16233771
0.16454543 0.00275358 0.08023365
-0.36121249 -0.04495869 0.17468187
-0.18771203 -0.01004384 -0.17974506
0.16213450 0.07333824 0.01157124
0.00762108 0.01950519 0.13413663
0.14152962 0.08005739 -0.05340867
0.26517531 0.04141324 0.03346207
-0.33497691 0.06120979 -0.13956890
-0.26912203 -0.05585486 -0.11983411
0.05033286 0.00814456 -0.16842557
0.00832847 -0.10437415 0.04327492
-0.03725452 -0.10256019 -0.07584075
0.17512496 0.04936954 0.14426973
-0.36994421 -0.09355452 -0.15518510
0.28747210 -0.13064374 0.12391063
-0.20204604 0.07521123 0.14425677
0.34948272 0.01931835 -0.07490321
-0.04580849 -0.09333382 -0.16830602
-0.24756177 -0.06547902 -0.16800065
0.24306372 -0.04217562 0.16841671
-0.17226455 0.12421409 -0.11546335
-0.15752394 -0.04868866 -0.13254327
-0.38978156 0.04430244 -0.07386613
0.03034220 -0.09269778 -0.17405857
0.34943059 -0.06038700 0.15727806
-0.39400929 -0.09293006 0.07732958
0.25447336 -0.13846746 -0.13754900
-0.39878342 -0.08654847 -0.14522870
-0.25243485 0.02934166 -0.17304337
0.27833638 0.03427979 -0.13857986
-0.30855834 -0.12131680 0.16583888
0.25747508 -0.06287046 0.14839321
0.27159345 -0.05186335 0.17068003
-0.14716211 -0.10516736 0.11224179
0.24800742 0.05137695 -0.02056096
-0.34596983 -0.06549431 -0.14162827
-0.40928894 -0.02140400 0.07646447
-0.41257554 -0.04331318 0.10137898
-0.13394138 -0.01972311 -0.17255507
-0.08242463 -0.10257133 0.05299352
-0.19443080 0.11311930 0.12115642
-0.00778881 0.13321479 0.03434119
0.08043653 0.04405408 0.07821339
-0.29785496 0.09689889 -0.09689777
-0.24056089 0.12075448 0.10473297
-0.27356973 -0.07336806 -0.17243434
-0.01540057 0.03809197 0.15966831
-0.07762568 0.13606396 0.09933553
-0.22319558 -0.07839098 0.15153584
0.25782970 -0.07605699 0.16099377
0.06783503 0.12061698 -0.01260751
0.38645858 -0.09332854 -0.13668589
0.32141620 0.02218112 0.13208690
-0.07204901 0.13410032 -0.08990199
-0.23538426 -0.06700216 0.15592897
-0.19935501 0.13756667 0.05048008
-0.37595665 -0.09172432 -0.13332419
-0.31732896 -0.05317257 -0.15038018
0.18510742 -0.09493982 -0.01450255
0.29343402 -0.08832269 -0.17198749
-0.24314128 0.08347465 0.13723493
-0.41820619 -0.02081460 0.06343500
-0.32498577 -0.03919978 0.15226272
0.14909744 -0.09329736 0.17018263
-0.19516388 0.13701263 -0.00117734
0.35669270 0.02336680 -0.09511413
0.00993894 0.10734924 0.12188590
-0.20162280 -0.09434462 -0.17790234
-0.27792823 0.03244787 0.14583524
0.05631890 0.03981890 0.16687444
0.16653410 0.07053775 -0.10196021
0.37422758 -0.00913602 0.09770846
-0.22538373 -0.07138298 0.15843375
-0.14701277 -0.10624578 -0.10264985
0.26985270 -0.01179774 0.11207019
-0.38613048 0.00202605 -0.12390304
-0.00977375 0.13478173 -0.09112036
-0.17407981 -0.04973237 0.10642713
0.10004018 -0.10581226 0.10578410
0.42434892 -0.06683968 0.02997428
0.18211427 0.06055799 -0.05935089
0.42754489 -0.06125342 -0.00047984
0.39520505 -0.01020346 -0.05930872
-0.15566346 0.03837968 0.16956007
0.30053967 -0.08617294 0.16450742
0.12231116 -0.03436346 0.17478667
-0.18029819 -0.09711283 0.17380536
0.24247730 -0.09325004 -0.17136745
-0.21731110 0.04959493 0.15386291
-0.18564153 0.09976396 0.13408646
-0.28531635 -0.12541911 0.17532472
0.05668104 0.12634721 -0.05318786
-0.01213056 -0.00400968 0.15572858
-0.20563035 -0.03317333 0.17611636
0.18540758 -0.10288309 0.01654185
-0.40523013 0.02858629 0.00256218
-0.27744102 -0.12306238 0.17145745
0.18416454 -0.03188211 -0.11811664
-0.40637556 -0.01111197 0.02428008
-0.29096389 -0.02305674 -0.17819206
0.09391885 -0.09748446 0.03573611
0.07050206 0.04887008 0.14750956
-0.30898020 -0.00279784 -0.13435337
0.29865432 -0.11187939 0.17017138
0.12252250 0.03708939 0.15989073
-0.36917424 0.02340475 -0.15036088
0.16372716 -0.06322295 -0.15661284
-0.25371245 -0.04868291 -0.12653539
-0.22768056 -0.11550434 0.17289124
-0.07527351 -0.02457009 -0.15259700
-0.34979066 -0.10407266 0.14956555
0.28228974 -0.06432021 0.15472504
0.12674467 -0.10563835 0.04538215
0.27505809 -0.01225971 0.14106837
-0.32717884 0.05213462 -0.14801913
-0.26100692 -0.00853500 -0.12559402
0.25385055 0.03792028 -0.13485451
0.19381265 -0.02286912 0.17814465
-0.08758424 -0.08709025 -0.01616025
-0.26127720 -0.00976539 -0.13329093
-0.13406353 0.13441411 -0.10885265
-0.33315399 -0.12144431 -0.17222671
-0.22658339 0.13651060 0.05872061
-0.32487938 -0.00129053 -0.13343547
0.24413009 -0.00209734 0.13944842
0.00093441 -0.10739207 -0.01029785
-0.14650661 0.14276735 0.01806631
0.24530502 -0.11184799 -0.14964356
-0.32747236 0.04940220 -0.15146612
0.41279644 -0.01809854 0.05509295
-0.28770983 -0.09144523 -0.11087237
0.34345356 -0.10455981 0.12761311
0.12643145 0.09157701 0.00711733
-0.42281100 -0.07003433 -0.04739998
-0.01939103 -0.10187259 0.14272512
0.14434962 0.04107595 -0.16234910
-0.11120503 -0.09598932 0.08371113
-0.05492691 0.06556556 -0.14811242
0.18163744 -0.10505328 0.16842440
0.13344859 0.06964491 0.14259905
-0.34280738 0.07494261 0.10156837
-0.22240573 0.13643220 0.03789077
0.08393453 0.03672226 0.15065964
-0.31249431 0.01813251 -0.16287349
0.41922390 -0.07083681 -0.04904098
0.31207269 -0.10350821 0.09236414
0.00950320 -0.05577037 0.14552543
-0.27348050 0.11603766 -0.09823079
-0.08266594 -0.07582394 -0.16138497
0.24540575 -0.11545493 -0.16219728
-0.32024604 -0.02568971 -0.14016178
-0.18317612 -0.03559182 -0.18021604
0.23881744 0.05303257 -0.01095662
0.17756893 -0.10871428 0.02409826
-0.00647529 -0.09717187 0.14278735
-0.17222822 -0.05219324 0.04631010
-0.22221471 -0.12852727 0.17420639
0.20370981 0.05047697 -0.13701096
-0.34284759 0.04579641 0.15420295
-0.03709177 -0.09401200 0.11812928
-0.24957514 -0.09329609 -0.11023574
-0.38963869 -0.01227301 -0.14810678
-0.33643728 0.08862297 -0.05595011
-0.41957960 -0.08650169 0.07922857
-0.37320957 -0.09364495 -0.16310105
-0.23221295 0.12797999 -0.01811462
0.12301486 -0.10975827 -0.15498288
0.31341127 -0.09480174 -0.16835517
-0.02076446 -0.10475273 -0.16672345
-0.40238976 -0.01133616 -0.11422870
0.17834142 -0.02618324 0.10122821
-0.10763878 -0.06223908 -0.08939964
0.00665577 0.00944662 -0.16941527
0.20638597 -0.10404342 0.01635395
0.19217436 0.05460735 0.10904279
0.06500878 0.07059526 -0.14047530
-0.18041815 0.13638143 0.08155533
0.20913200 -0.11263965 0.08963107
-0.22739382 -0.10272089 0.13002834
-0.07953308 -0.09421648 -0.16112033
0.22919855 -0.09657222 -0.16185260
-0.34059834 -0.03570445 0.15025710
-0.14008832 -0.10429531 -0.16116437
-0.33995464 -0.08123903 0.15272358
-0.07893804 0.06229798 0.06341136
0.32595205 -0.00394599 0.17053004
0.12384100 -0.00301591 0.17382027
-0.26239607 -0.03918501 -0.17340168
-0.21647456 -0.02609687 0.00619227
-0.18398269 -0.03837042 0.13941164
0.19973899 0.05552039 0.05861707
0.00588118 0.12556377 0.08157255
0.27524000 0.04315333 0.03656334
0.30789798 -0.03632371 0.17503506
-0.21802831 -0.00665023 0.06323681
-0.34304425 0.08667851 -0.02374209
0.29955837 -0.10426650 -0.04305486
-0.40804234 -0.02070050 0.13128892
-0.07553814 -0.04329716 0.15674178
-0.34857157 0.07117469 0.10318904
-0.11293669 0.13407645 0.09713189
-0.34362173 0.06547043 -0.04855684
0.25258633 0.04051177 0.14928028
-0.22936058 -0.04280439 0.16142376
0.42108363 -0.06038446 -0.03681769
0.18661529 -0.06210620 0.13019478
-0.32401949 -0.04629071 0.14914754
0.09168211 -0.09891050 0.13488421
-0.08853957 -0.10638893 -0.12126555
-0.12609388 0.00433969 0.15606983
0.07426181 0.11351883 0.04729128
-0.35327446 -0.06506350 -0.10686543
0.27401429 -0.12240026 0.13543552
-0.10305321 0.03844789 0.16393112
0.34371802 0.01433364 -0.14252755
-0.28399187 0.07174405 -0.04524729
0.42220545 -0.05931405 -0.00862129
0.22457071 0.05010542 -0.02924978
-0.27964064 -0.15202379 0.15470748
-0.34408599 0.07132483 -0.10260145
-0.11657475 0.13809474 -0.05086628
0.09053314 -0.10137788 0.06475712
0.31819370 0.03263887 0.01486344
-0.22759551 -0.10367531 -0.09070772
-0.31292394 -0.03679420 -0.13377096
0.33692840 -0.02376484 0.16668354
-0.03116755 0.00704256 0.15983963
-0.19924578 -0.09667697 0.02925324
0.22860269 -0.10205264 0.11519264
0.04646886 0.12088666 -0.10892702
0.38649121 -0.09047610 0.13818409
0.10732844 0.04482871 0.17579199
-0.18830959 -0.03685263 -0.14117377
-0.22364637 -0.03141726 -0.14307438
-0.16334510 -0.10595223 0.00908187
-0.20881544 -0.05561104 0.14697136
0.28413853 -0.14924441 0.15835036
0.19892952 -0.05261283 -0.11573712
0.16883281 -0.03065239 0.14510047
0.33660153 0.02967921 0.08079263
-0.38408247 -0.07882148 -0.12245810
0.25532347 0.04862102 0.08118577
0.32231075 -0.03374747 -0.17034683
-0.30445018 -0.02580126 0.16484335
-0.30069336 -0.02358689 0.13086246
-0.05075499 -0.10568310 -0.13327798
-0.08878179 -0.10285245 -0.06742893
-0.35768241 -0.06258257 -0.14245285
0.12023292 0.04917133 -0.00381505
0.36343208 -0.08362335 0.16175701
-0.20971854 -0.06219272 0.16269442
-0.33368909 -0.03141366 0.11582111
-0.38547251 -0.08240241 -0.16091749
-0.01661330 0.13317156 -0.10783333
0.16063812 0.03050629 0.16265592
0.03153629 -0.00184916 -0.17274004
-0.19696799 0.13753574 -0.04276565
-0.08632964 -0.10088662 0.01021809
-0.18584338 -0.06416629 0.17507750
-0.18463464 -0.10950876 0.15877667
0.36156064 0.02527000 0.00903520
-0.38095212 0.03504260 0.08935929
-0.25591010 -0.07133749 0.16226904
-0.39828539 0.00329228 0.12185014
0.12397137 0.06150206 0.06198175
-0.24244380 0.12849008 0.06383441
0.12903951 -0.10161380 -0.08752521
0.30488572 -0.09932300 -0.09523071
-0.06722683 0.06446443 0.15141313
0.14984988 0.07420996 0.05983786
-0.17661692 -0.01312000 0.17726520
-0.38322121 0.05936089 -0.03927153
-0.32962412 -0.05380833 -0.17568541
-0.07098758 -0.10649069 0.07099657
-0.29332587 0.00198149 0.16413695
-0.37452307 -0.02855316 -0.15927052
-0.09854306 0.01835335 0.15445599
-0.03631136 -0.08380117 0.02868209
-0.38521248 -0.07606712 0.14538196
0.33657527 -0.00021089 -0.16126461
-0.35155731 -0.10000981 0.11353299
0.13214955 -0.00568407 -0.14642359
0.26807830 0.03907457 0.14405188
0.36457768 0.01746279 0.10006389
0.14394148 0.08692756 -0.02919456
-0.05947680 0.13151659 0.10579330
-0.15818302 0.09423734 -0.12797523
-0.11821915 0.13720007 0.11244186
0.15402739 -0.02295797 -0.03644770
-0.41281012 -0.02337671 -0.10355901
-0.33021656 -0.09708101 -0.15473934
-0.32692903 -0.07532613 0.14228144
0.04913713 -0.09050675 -0.08942819
0.10481260 0.05239911 -0.00447883
-0.02365025 -0.09853523 -0.04549369
-0.06408365 -0.10427953 -0.09615329
-0.21070828 -0.10997957 -0.12199253
0.18667772 0.05831922 0.10357177
0.03047420 0.12651198 -0.09450772
0.31000596 -0.11528844 0.16790685
0.31361464 -0.04104691 0.14687043
-0.37214929 0.00281774 0.16202557
-0.22100466 -0.02095839 -0.15622176
-0.10827789 -0.04937477 -0.14604896
0.32351461 -0.10683080 -0.12764402
-0.42288882 -0.06330705 0.04642615
-0.27901217 -0.08666079 0.17105125
0.28675532 -0.09809915 0.12036532
-0.39784616 0.04418572 0.03695640
0.32856885 -0.00187322 -0.16157910
-0.31322837 -0.10093529 0.04468123
-0.34668678 0.06651203 0.13080604
-0.35633236 -0.02461646 -0.14629759
0.26055434 -0.10160840 -0.00669054
0.03451483 0.13391030 -0.03112550
0.40799609 -0.01386193 -0.05564153
0.41613102 -0.01544558 0.03333047
-0.20504530 -0.05509970 0.11652733
0.15645161 -0.10347950 -0.11716785
0.32489291 0.01594992 -0.15630451
-0.01750077 0.13399929 -0.06798346
-0.23093803 0.08077776 -0.14034489
-0.01594561 -0.10405780 -0.10497542
-0.29639876 -0.01338107 -0.13429441
0.30166939 0.04205097 -0.06472580
-0.35573640 0.06960294 0.02959555
-0.32930493 -0.10981125 0.15576354
-0.05235424 -0.10323279 -0.10371020
0.02442603 -0.03533459 0.17383051
-0.17754309 -0.10028753 -0.12822154
-0.28488949 0.12303021 0.02572639
-0.11108752 0.02378923 -0.15095265
0.29403415 -0.11974571 -0.12266221
0.16651990 -0.03435005 -0.11312003
0.37365878 -0.05394440 0.13619441
-0.18273905 0.05272009 -0.15618798
-0.01006457 -0.10570843 -0.09695730
-0.32943192 -0.04707940 -0.14776331
0.28673267 -0.13619572 -0.14133574
0.18053453 -0.10698056 -0.16141817
-0.34646669 0.01869037 0.16383459
-0.23484723 -0.10440379 0.03646024
0.24804746 -0.00688253 -0.13552018
-0.21777818 0.01169296 -0.17493232
0.12187711 0.06111017 0.14235230
0.04106334 -0.10179392 0.14289738
0.41337299 -0.00281123 0.00374913
-0.00496976 -0.10600562 0.05268533
0.25737917 0.03769122 -0.12604155
0.16712321 -0.04744443 -0.14027461
-0.02443170 0.03357863 -0.17002769
0.18087295 -0.05309930 0.10443937
0.20421226 -0.10042227 -0.10485309
0.21161073 0.04343552 -0.14859930
0.41004241 -0.06560277 0.11243098
0.03853767 0.04837966 0.15972881
-0.37067553 -0.06140701 0.16783603
-0.16890164 -0.09957372 -0.09265642
0.17714614 -0.08747263 -0.12780240
0.38978019 -0.00971717 0.08493546
-0.26367506 0.00714929 0.15989453
-0.26109797 -0.14439458 0.15063150
0.18152523 -0.09920411 0.13376941
-0.14522274 0.13047585 -0.11528474
0.24206854 -0.13983659 0.15298343
-0.29118380 0.10013585 -0.11738866
-0.23025948 0.12829915 0.01901609
-0.37522283 -0.09728501 -0.01689650
-0.30256334 -0.09826101 0.08811626
-0.27718866 0.12114604 0.00016745
-0.29267481 -0.01854700 0.13003428
-0.18367524 0.02947477 0.16720442
0.24785477 -0.08217104 -0.13553010
-0.29257327 -0.03990005 0.15473346
0.40429562 -0.03526276 -0.11876632
-0.22412960 -0.09917551 0.17051071
0.22409463 -0.10454034 0.09823855
-0.25526044 0.10640382 -0.05121489
0.05054996 0.10442927 0.13129328
0.43102178 -0.04796403 -0.00809898
0.14825833 -0.05112287 -0.17623502
0.37369365 -0.05564642 -0.15138620
0.18781151 -0.06897039 -0.12300490
-0.18809611 -0.05939378 -0.02390582
-0.08060659 0.03741447 0.16269955
0.41425931 -0.01976522 0.05054934
0.25485978 -0.02768507 -0.11721915
-0.28417915 0.11667279 0.07118461
-0.32885376 0.09523008 -0.08774865
0.11601111 0.04818739 0.15914224
-0.31826025 -0.11550144 0.16974013
-0.09051707 -0.07524845 0.16284236
-0.24083316 0.06677274 0.01532915
0.30310556 -0.03274736 0.12138017
0.24077295 -0.04691461 0.10871224
-0.23934022 0.12822092 0.02152016
0.21288320 -0.10838705 -0.04149111
-0.25425047 -0.00569229 -0.17750953
-0.39188728 0.04256585 0.00945952
-0.13540909 -0.06367679 -0.08198987
0.34045428 -0.07281095 -0.13713913
-0.08483656 -0.08419891 0.17400496
0.39765248 0.00788933 -0.00391037
-0.09338311 0.11832479 0.11804844
0.26865295 0.00035365 0.17242394
0.10879290 -0.00302364 -0.14596559
0.35169908 -0.05443455 -0.16568410
0.16637102 0.05363561 -0.09182017
0.31819910 -0.10599695 0.01457870
0.39448407 0.00304780 0.08090816
-0.33362520 0.09059532 0.09493156
-0.42222461 -0.07345709 0.01084371
0.08203570 0.10960384 0.12148115
0.27132061 -0.06488983 0.11846612
-0.35726920 -0.08817386 -0.07408477
-0.28496575 0.11010917 -0.09783750
0.33859780 0.02619419 0.10457481
-0.31858122 -0.04872432 0.03039763
0.00382097 -0.10372134 0.09476624
-0.35416293 0.04206968 0.15108807
0.12657832 0.02857389 -0.15465471
-0.32214007 -0.09719829 0.09322706
-0.20860149 -0.07581802 0.15243229
-0.28283158 0.11811323 0.02446475
0.11366375 -0.10664254 -0.07477005
0.03988022 -0.04857045 -0.16754426
0.31135461 -0.10514272 -0.08913931
-0.37360516 -0.09086791 -0.10860214
0.34540418 0.01955337 0.07101852
-0.13577133 0.12244458 0.11443812
-0.31845203 -0.04596059 -0.09055319
0.34132364 -0.10669392 0.04354944
-0.41785905 -0.03459661 -0.10215238
-0.34975740 -0.06099635 0.14200725
0.02690413 0.01612049 0.17459035
-0.41032228 -0.01075104 0.05149289
0.17142569 -0.07005224 -0.10817534
0.42404014 -0.02245764 -0.02024022
-0.32415056 -0.01254505 0.12621652
-0.39499772 -0.04597273 -0.15636118
0.20599599 -0.03364803 -0.17166524
-0.23255299 -0.01076502 -0.16211082
0.29736272 -0.01236990 0.17460287
-0.31009594 -0.12318870 -0.14738040
-0.31141734 -0.12343735 0.12938772
-0.40897855 -0.01690522 -0.11782011
0.03678504 0.07419449 0.15007958
0.10901657 0.05421541 0.13915500
