-0.40472823 -0.08299679 0.03380010
0.29499713 0.03235265 -0.11682454
0.25318924 0.04015974 -0.05564099
-0.21953902 0.09593223 0.03120845
0.39510497 -0.00487247 -0.01926215
0.25462908 0.03797916 0.12022159
0.22556542 0.04444331 -0.00736149
-0.40254641 0.05437207 -0.05764994
-0.26757050 -0.03826272 0.17023736
0.05564471 0.03024348 0.17659073
0.20113266 -0.00221522 0.17601392
0.27974758 0.02100408 -0.04478654
0.07410234 0.00698859 -0.18539634
-0.04375041 -0.09558377 -0.15919679
-0.08913811 0.09691968 0.11048834
-0.35576239 0.03890656 -0.16078474
-0.24088573 -0.03096792 0.16947560
-0.20114844 0.09078075 -0.09703556
0.37535346 -0.01206795 -0.13422534
-0.14306325 -0.09624773 0.17415962
0.35185936 0.01922534 -0.04678927
-0.33257118 0.05855901 -0.14187978
0.28956780 0.02240505 -0.15356268
-0.19361122 0.06164207 0.14940369
0.24932191 0.03814663 0.15819970
0.03361437 -0.09599133 0.06053928
-0.03884085 -0.09224712 0.14195140
-0.39169130 0.04787402 0.06009102
0.17110968 -0.04954756 0.14777160
0.36524463 0.01258223 -0.02183288
0.26890263 -0.00466300 0.17290859
-0.13515383 -0.06764523 -0.17808567
-0.28167927 0.07599662 -0.07011227
0.14209589 0.07460189 -0.04836334
0.35694396 -0.10243683 -0.03368894
-0.03091004 -0.09250260 0.05955923
-0.22846361 0.00446635 0.12876831
0.40104535 -0.02378517 -0.06611982
0.40691644 -0.09487489 -0.11071243
-0.38328424 0.02467984 0.11315142
-0.12356831 -0.09679043 -0.11006305
-0.14467782 0.05101068 0.15406929
-0.19166699 -0.04336534 -0.13450520
0.41538531 -0.04185846 -0.06029037
-0.24082963 -0.11185907 0.18238276
-0.16729829 -0.09365978 -0.05778123
-0.21833971 0.08551797 -0.12332717
0.16921504 -0.09708872 0.10614507
-0.10326369 -0.09458110 0.18124633
0.15264989 -0.09900509 -0.16769899
-0.30355677 0.00879599 0.18420622
-0.00166640 -0.01958249 0.18011637
-0.41720408 0.02760917 0.00716251
-0.30925480 -0.00856190 0.15495059
-0.30664331 -0.03091591 -0.18681389
-0.33434293 -0.04149151 0.18055457
0.05224584 0.04484056 -0.16587180
-0.33429626 0.02283860 0.17715503
-0.10990742 -0.09698173 -0.04925369
-0.27602637 -0.01507141 0.11691804
-0.17603762 -0.07422118 -0.12807719
-0.05906560 0.11699979 -0.07102142
0.19468641 0.04852844 -0.07524066
0.22948439 -0.04595519 -0.11241732
-0.34814730 -0.05022992 -0.14649080
-0.21434432 -0.07934611 0.17754065
0.11115125 0.08367963 0.02658134
0.24359435 -0.01753518 0.16498142
-0.40149423 0.06373022 -0.09030047
-0.35604033 0.06736273 0.00414610
0.20872091 -0.05413742 0.14939457
-0.01530087 0.11190091 -0.09388199
0.41087031 -0.09399983 -0.00259865
-0.14695549 -0.03086902 -0.17830080
0.19576389 -0.09685101 0.11018176
-0.26050910 -0.07438789 -0.17946175
-0.17121702 -0.09423382 0.02244677
-0.09534192 -0.09306658 0.15049925
0.38223109 -0.08278552 -0.13719909
0.23140867 -0.11230069 -0.16617174
0.11763549 0.06970929 0.07584905
0.41035384 -0.07915981 0.07558795
-0.33871993 -0.04914443 -0.16015363
-0.25576222 -0.10393390 -0.16710259
0.16792424 -0.09806781 -0.05803492
-0.13365655 0.09283970 0.13619894
0.00063678 0.11890836 -0.00852517
0.32435626 -0.05293277 -0.17756198
-0.05317073 0.00579171 -0.14659449
-0.19918936 -0.09378473 -0.15074480
-0.18938237 -0.04452769 0.19235678
0.28294826 -0.05847917 0.11178772
0.07599124 -0.03704838 -0.18704526
0.14899428 0.05977781 0.09865464
-0.06567816 0.11074756 -0.08732569
0.01460104 -0.07620636 0.18589319
0.18155283 -0.04941006 0.13645659
-0.16870914 0.10915531 -0.04241744
-0.39448467 -0.03427063 0.12282014
-0.16311789 -0.02699269 -0.18973987
-0.21181084 -0.07145841 -0.18571794
-0.00613439 0.00024509 -0.14884165
0.29641205 -0.09797721 0.03421914
0.01303366 0.04704061 -0.16498303
0.36912826 -0.02123237 -0.12502773
0.28113255 -0.00477519 -0.14886665
0.32330516 0.02692783 -0.12741001
0.21914072 -0.08282749 -0.11448158
0.24679850 -0.09366868 -0.13158932
0.26688513 -0.07097368 0.18568181
0.22151645 -0.01379332 0.14802328
-0.37619507 -0.07681338 -0.16472395
-0.00663733 0.11802044 -0.04325632
0.37693134 -0.06529559 0.12537169
0.19223173 -0.09793005 0.00304870
0.03898232 -0.09515831 -0.08020157
0.05172590 -0.09638350 -0.05440495
0.29695523 -0.04919920 -0.17127189
-0.01180552 -0.09464487 0.10167086
-0.06631640 0.04790795 0.17054185
-0.22950280 0.05229106 -0.17565712
0.31362876 -0.00257106 0.16096322
-0.00510864 -0.09807539 -0.09220684
0.17970757 0.05313560 -0.10017633
-0.25729564 0.08281367 0.06326341
0.29889110 -0.06993107 -0.09093548
0.31384191 -0.09867801 0.06759816
-0.13393718 0.11361516 0.04566165
-0.20253396 0.00762207 -0.02604197
0.14618301 0.05124036 0.14921302
0.24336886 -0.10027397 -0.02975527
0.17101079 0.04737671 -0.07815240
0.41681680 -0.02033084 -0.03202145
0.41706365 -0.04041860 -0.04935087
-0.29086891 -0.05327217 0.13067785
-0.09914551 0.02188541 -0.06585111
0.35337561 -0.02095990 -0.13450000
0.40301919 -0.08947008 -0.09775833
0.02801859 -0.09240923 0.16315627
0.30224767 -0.04382006 0.16971536
0.18893220 -0.00893412 -0.18078488
0.36083004 -0.06049125 -0.17140149
-0.26683816 -0.09870823 -0.01164452
0.01243100 -0.03604420 0.18407312
0.41335246 -0.09679499 0.01016598
-0.13973899 0.11100173 0.00399223
-0.07734075 -0.06142416 -0.08584996
0.12869775 0.04762514 0.06815567
0.25168252 -0.11911149 0.15632221
-0.22313946 -0.04607506 -0.12988336
0.09049375 -0.09741522 0.10824732
-0.21563262 0.08616490 0.08445215
-0.05389947 0.09728338 -0.11419915
0.25476944 0.00083400 0.13107915
-0.07047661 0.08526888 -0.14200252
-0.29040694 -0.11156122 0.18011135
-0.39248577 -0.05424650 -0.13168676
0.15727308 -0.09816822 0.03281898
-0.27390963 -0.09083679 -0.01649563
-0.24622689 0.02317127 0.18814538
-0.07531377 0.05582314 0.15200110
0.02933887 -0.08693878 -0.07945684
-0.38809806 -0.07853057 -0.10224187
-0.29295245 -0.03361710 0.10722698
0.29037011 -0.03554466 0.18593407
0.22144116 -0.01353831 -0.17261918
-0.10567337 -0.01823335 0.15081851
-0.21938199 -0.06868079 -0.16736636
-0.15340674 0.06018735 0.14037046
0.34294754 -0.09551982 0.14558451
-0.06004689 0.10843308 0.08348627
-0.03561236 0.02512379 -0.18012020
0.25982895 -0.03855845 0.17633164
-0.32014549 0.05021030 0.03671287
-0.23307332 -0.03205451 -0.16372152
0.05448480 0.10460903 -0.01174265
-0.11274191 -0.05362507 0.00099055
0.07762370 -0.09352666 -0.01955570
0.24427497 -0.09901981 0.05239855
-0.05230124 -0.02118828 -0.14395064
-0.33619013 -0.08369803 -0.14256130
0.36745757 0.01239520 0.04146129
0.30003878 0.02554540 0.16672996
0.01710384 -0.07167676 0.16400227
0.27845231 0.01139511 -0.15556276
-0.20704561 0.09888197 -0.01502663
-0.19994450 -0.07922742 -0.15455279
-0.20469007 -0.06943162 -0.18130429
0.16109708 0.03287959 -0.17451981
-0.40139544 -0.02413701 -0.09938963
-0.02354251 0.02792223 0.17523643
0.21422449 -0.03418173 -0.13757709
0.12339482 -0.00798882 0.13690701
-0.02086922 0.05281290 -0.16285048
-0.21167541 0.00280877 -0.10410254
0.21553949 -0.01632288 -0.15416157
-0.38268635 0.02656972 0.13455597
-0.28013179 -0.03277588 0.03161728
0.27219713 0.03362692 -0.11754530
0.27832967 -0.07521257 0.15766227
-0.04626418 0.01345428 -0.05320308
0.18028483 -0.09714030 -0.08732009
0.42212126 -0.08555248 0.04709415
0.23267543 -0.03944273 0.12126250
-0.03251554 0.06038851 0.10846793
0.29717603 0.02046510 -0.14310053
-0.06274454 -0.09213004 0.13711792
0.33452854 0.01544749 0.11383075
0.31110898 -0.06289846 -0.18585697
0.31912366 -0.09911996 -0.09960973
-0.24918403 0.06454845 0.12500137
0.20985988 -0.09698657 -0.17070484
0.20230539 -0.06320068 0.13438424
0.25834587 -0.11513160 0.15738966
0.26508147 0.03692516 0.10839688
-0.20873289 -0.07909779 -0.17901857
-0.12131395 0.04943083 -0.15211934
-0.27765656 0.05531840 0.14142410
-0.21261324 -0.00516909 -0.13906622
-0.22608881 -0.07402866 -0.18652079
-0.19625163 -0.01532004 -0.14140883
0.42875138 -0.04872026 -0.01097267
0.18265532 0.01234774 -0.18502949
0.12556346 0.02491371 -0.16332322
0.35159141 -0.09895062 0.10808708
-0.01524654 0.10411929 -0.12109847
-0.23157744 0.00620574 -0.10665572
-0.29030222 -0.01401088 -0.18268178
-0.22844042 0.01680458 0.18929683
-0.38236395 -0.08360863 0.01925421
0.27087289 -0.09796742 0.06845830
0.20120576 0.05227998 -0.04823414
0.17049447 -0.02269772 -0.18698223
-0.21112773 -0.10531560 0.17864993
0.33126447 0.02608132 0.12053636
-0.17450890 0.10523188 -0.00262725
-0.12485057 -0.07077134 0.17809297
0.03891950 -0.07364818 -0.18620044
-0.11570202 0.03995186 0.17815197
-0.16818878 -0.03746868 -0.07614887
-0.15371448 -0.05456790 -0.18364064
-0.33677989 -0.07965285 -0.04848966
-0.39270386 0.05865616 -0.03647396
-0.23600581 -0.04029023 -0.16892444
-0.24683109 -0.11332846 0.09108154
0.22050145 -0.09919780 -0.12956072
-0.25937915 -0.03277324 0.13132647
0.28475598 -0.01420651 -0.17108333
-0.00134371 -0.09782556 -0.17194770
-0.28484541 -0.01427917 0.13163985
0.39124459 -0.02131577 -0.09721199
0.10542337 0.05264765 0.04884930
-0.06912796 0.11911226 -0.07703045
-0.21351181 -0.05677647 -0.13768628
0.39290759 -0.03811135 0.10742334
0.09024858 -0.09485038 -0.10953522
-0.04645908 0.11269627 -0.10712877
0.16175151 0.03055249 -0.16499311
-0.24182388 -0.02157928 -0.11618143
0.06360756 0.04256046 0.14339939
-0.20777385 -0.03108037 -0.12360181
0.33730552 -0.01895630 0.15481827
0.28956461 0.03916025 0.02269769
-0.19372152 -0.09661153 -0.14158319
0.23765804 -0.01538466 -0.13241069
-0.04652339 -0.09756756 -0.12992428
-0.25489509 -0.08442244 -0.11883393
-0.36658040 -0.02229253 0.12030036
0.30156982 -0.00570916 -0.14648902
-0.40966535 -0.07103794 -0.07853509
0.03713981 -0.01513687 -0.18013276
-0.32622737 -0.08583155 0.06813356
0.18864223 0.02948332 -0.17420581
-0.33804277 -0.03033896 0.15223992
-0.10406168 -0.01965513 0.18821749
0.22942114 -0.09478052 0.12032355
0.33750185 0.01431826 0.09762719
0.25972340 -0.03839136 -0.18220975
0.04637446 -0.02107557 0.17242593
0.10022865 0.08762385 0.02240890
0.29751325 -0.03752132 0.11004362
0.34294099 -0.09724554 0.02651086
-0.23998179 -0.05159921 0.11299049
-0.35087937 0.05650730 0.08618830
0.28610450 -0.02969408 -0.12713045
0.21008757 -0.07261950 0.18078643
-0.23941025 0.08022606 -0.07317576
0.12264308 -0.01575186 -0.04618844
-0.00594438 -0.05095989 0.14677288
0.35832211 -0.09863430 -0.17053381
-0.31883782 -0.08794032 0.02565046
0.04724409 -0.00441501 0.18131238
0.18373466 -0.08106196 -0.17687650
0.20784447 0.03964355 -0.14880948
-0.10763180 0.10951257 0.11831357
-0.20482059 -0.04623055 0.14688911
-0.18562704 -0.09641352 -0.02286414
-0.10021153 -0.09548922 -0.06804776
-0.33933231 -0.08679923 0.10771479
0.16723309 0.05209583 0.07310683
0.14168471 -0.07939679 0.17063591
0.35610765 0.01940323 0.04028478
-0.01873453 0.05632608 -0.13498060
0.26846349 0.03900241 0.03531719
0.37706122 -0.10151362 -0.09950221
-0.15791291 -0.09683516 0.14427263
0.00362249 0.10827979 0.10131620
0.07052028 -0.03499563 -0.15440254
0.22052036 -0.05930736 0.16993409
-0.32283294 0.06492789 0.09241214
0.27998975 -0.09622653 0.07306919
-0.26660997 -0.10375810 0.16206242
0.18810540 -0.09578548 -0.07140683
0.35786879 0.00806611 0.09037634
-0.19462305 0.05802875 0.16157939
-0.19318289 -0.09662286 0.10512184
-0.30344737 -0.07653470 0.17488833
-0.28941110 -0.01991855 0.15419115
0.33477592 -0.04860404 0.17900890
0.34401679 -0.01483259 -0.14468494
0.14041221 0.04831779 0.06236954
-0.01036080 -0.09420613 0.14377463
0.04275413 0.07952669 0.14416449
0.24335341 0.00370195 -0.09149216
-0.29774624 -0.04855646 -0.17020598
-0.33748087 0.05129376 -0.11883378
-0.35696158 -0.08131043 -0.07914273
-0.25343168 0.00911236 0.17880534
0.25486127 -0.11412421 -0.09951063
-0.23438223 0.09245859 -0.03596654
0.06489792 -0.09679712 0.14392582
0.31507513 0.02128036 -0.13099752
-0.16869041 0.10811320 0.08419652
-0.32420954 -0.01523176 0.09500808
-0.32710433 -0.08275869 0.16193651
-0.15224800 -0.03284914 0.01751376
0.40803844 -0.09807966 -0.02422548
-0.08562896 -0.09777153 -0.00186566
0.30878425 -0.05696348 0.13995983
0.39791235 -0.06138544 0.12272197
-0.24127606 -0.10651783 -0.16320390
-0.26320863 -0.11387703 0.16167000
-0.07271966 -0.01745848 -0.13962111
-0.10775099 -0.05782205 -0.18856688
-0.19219995 0.10645542 0.03308402
-0.24943480 -0.01573509 0.17811534
0.39149106 -0.06045835 0.08291624
-0.09278355 -0.05305774 0.01025654
0.38849398 -0.05659980 -0.12988710
-0.17744765 -0.03963096 0.17082025
0.12578779 -0.00300047 0.08625422
-0.27209592 -0.09086878 0.07869165
-0.40424034 -0.00651468 -0.06578781
0.02601060 0.04080295 0.16048302
-0.17840184 0.10565148 0.07480533
0.27917063 -0.07672705 0.16726483
-0.00989875 0.11662579 0.04509993
-0.38899150 0.02932133 -0.12342596
-0.18317807 -0.09514754 0.15126112
-0.40610346 -0.07666310 0.08604446
-0.24965215 0.01863634 -0.18196514
-0.15363196 0.09955377 0.12484379
-0.13532442 -0.09760967 0.16318205
0.25784796 -0.10018043 -0.01116685
0.13237974 -0.02607150 0.17169127
0.17583205 -0.02851556 0.13571671
-0.29914811 -0.08838325 0.06381376
0.10701258 -0.09620980 -0.09461462
0.13374975 -0.08091302 -0.16526552
0.32537475 -0.03655409 -0.17800055
0.19920811 -0.02457950 0.17321900
0.24697582 0.00553622 0.13016182
-0.16328841 0.10392789 0.00537196
-0.02589665 -0.09331207 -0.01432881
0.19782875 -0.09575567 0.00055904
-0.31149706 -0.08866543 0.04101390
0.26853207 -0.10036516 -0.00658442
-0.26702169 -0.11728941 0.12341189
-0.29361421 0.07675040 -0.07024543
-0.35410875 0.05033653 -0.15745153
0.30199090 0.03073164 -0.13353783
-0.03718997 -0.05285369 0.15929949
0.30964035 -0.10129725 -0.17588583
0.41473842 -0.06624470 0.03610813
0.21956217 -0.00834202 0.11164982
-0.02022073 -0.09325429 0.01297106
0.21861687 -0.10255211 -0.18009833
0.16496928 -0.00675871 0.18721814
-0.26229841 -0.08762851 0.10951720
-0.07029527 0.01134758 -0.18317804
0.26491448 0.04328889 -0.01202237
0.28369623 0.03084090 0.07413629
-0.05454099 0.11684002 -0.09542014
-0.21461849 -0.03854435 0.17913586
-0.11903871 -0.08350863 0.13516983
0.25287038 0.00492826 -0.13405284
-0.04956203 -0.09409720 0.15570469
-0.31453061 0.05879874 0.15223372
0.18288912 -0.03178628 0.10109546
0.27932552 0.03880409 0.00727913
-0.23505799 0.08405149 0.01490144
0.07944972 0.09699354 -0.06627750
0.06983920 -0.02317699 0.17287078
0.30748391 -0.04738890 -0.17954612
-0.06549433 0.00850731 0.17345148
0.26278514 0.00436849 -0.15624857
-0.09979326 0.04937610 -0.15103632
-0.30940878 -0.08688387 -0.04318021
0.37665394 -0.09707783 0.15888552
0.34939882 -0.09831723 0.16819458
-0.41670001 0.03204216 0.03099470
0.28024673 0.03082920 -0.13581528
-0.13459381 -0.04445977 -0.02284749
-0.08620015 0.03710303 -0.17666769
-0.19192342 -0.05201724 -0.12311834
-0.19624954 -0.05213929 -0.18303306
-0.36795908 -0.07970405 0.11375856
-0.24738610 -0.05311412 0.17250514
-0.23354234 -0.10182445 -0.14713277
0.18714409 0.04761922 0.03583500
-0.13153379 -0.06036868 -0.18402904
0.35019255 -0.08229516 -0.16983122
-0.00377053 -0.09666908 0.05411882
-0.04155423 -0.09310895 -0.02008014
-0.30917749 -0.00202584 0.18926877
-0.40648022 0.02716618 -0.07242812
-0.34750262 -0.08175626 -0.09212402
-0.10137235 -0.05861301 -0.10199374
-0.22544566 -0.08219483 0.18290173
-0.11849883 -0.09793305 -0.14158985
-0.10896579 -0.09653894 -0.10113747
-0.30124828 -0.06268796 -0.13004944
-0.12322768 0.11634945 0.07153124
0.11446486 -0.09785209 0.01933113
0.30670121 -0.09623736 -0.07601508
-0.24875036 -0.08211551 0.18585786
0.25264990 0.04316984 -0.04135315
-0.29521519 -0.09928896 0.17941447
0.27460629 -0.10086401 0.17941982
-0.02075508 -0.04868956 0.13997863
0.25756651 -0.01421552 -0.18166044
0.30028540 -0.01610754 0.12408821
-0.22878408 -0.09551771 0.00276853
0.32918432 -0.02957323 0.18053971
0.10061447 -0.09474050 -0.02774587
-0.14532390 0.11455865 0.04756389
-0.34445214 0.06648046 -0.03575339
0.32524076 0.01788075 0.12790976
-0.25606275 -0.08188736 -0.13410807
-0.24606253 -0.09678141 0.02870339
0.15025018 0.04274813 0.14181010
-0.24995388 -0.10288860 -0.14684398
0.02989506 -0.03699340 0.18653791
0.26229534 0.03982031 -0.02978297
-0.22061926 -0.10710791 -0.16406548
0.22693376 0.02577410 -0.17463064
0.41519970 -0.01095799 0.03971225
-0.30004343 -0.05113866 -0.18471865
-0.32062253 -0.02042463 0.11752097
0.16674341 -0.10021912 0.16214828
0.03528681 0.00820894 -0.16709770
0.13667028 -0.09859447 0.07716005
-0.38037139 0.06443871 0.02224638
-0.28168634 0.05528501 0.04839269
-0.07723130 -0.09009846 -0.00277410
-0.24110861 0.05883424 -0.03267860
0.26205525 0.01268635 -0.17270678
-0.34105742 -0.01976908 -0.14398882
-0.23353475 -0.04072226 0.16785207
0.41254720 -0.09358913 0.08418235
-0.30102748 -0.00692627 0.09981074
-0.40907732 -0.07866728 0.01596060
0.09939177 -0.09758228 -0.03723625
-0.23811629 -0.07654867 0.17346902
-0.00612775 0.02669854 -0.17826580
-0.18039814 -0.10146627 0.14967309
-0.19914177 -0.07967848 -0.12030446
0.08409243 0.09531864 0.06024239
-0.35088226 -0.03726308 -0.12420018
0.17925039 -0.05240391 -0.13924283
-0.06522970 -0.09598711 -0.16634634
-0.31691113 -0.08719213 0.07733721
0.24557362 0.03964869 -0.09970159
0.27534217 -0.07720391 0.17236090
-0.33883011 0.07057451 0.00885365
0.10451803 -0.09508622 -0.11074644
-0.15105027 0.11255924 0.01307266
-0.40316883 -0.01953653 -0.13989234
-0.25317892 -0.11210356 0.15361959
-0.23965104 -0.05505117 -0.15410650
0.37314942 -0.09620193 0.15073638
0.14236563 0.07408337 0.06128092
0.19783996 -0.09818809 0.06775673
-0.41763216 -0.01677785 -0.09758656
-0.21717051 0.09340389 0.08983590
-0.29329395 0.07062050 0.08265924
0.30849582 -0.09610892 -0.11105130
-0.41693157 -0.03975186 0.10521369
-0.32540610 0.05880059 -0.14327981
-0.30113927 0.00669866 0.16232122
-0.21602064 0.00658140 -0.12595043
0.14343578 -0.09640010 0.12807728
0.22124857 -0.09831101 -0.08302295
-0.09856588 -0.07017818 0.17250766
0.31634167 -0.06018132 0.16489492
0.06550243 -0.09791198 -0.13137132
-0.19830370 0.04478527 -0.04707427
-0.08946685 -0.07202598 -0.18843940
-0.29362789 0.05648633 -0.12861747
-0.29259828 -0.00886593 -0.12607624
-0.20791116 0.04792069 0.17206436
0.16874920 -0.03864180 0.18418503
0.23319462 -0.10097085 -0.03977553
-0.38785809 -0.06924014 0.12702218
0.31223252 -0.05980168 -0.16438773
0.22035348 -0.09569046 -0.10765584
-0.03742244 -0.06587914 0.17088912
0.14736906 -0.01031212 0.13686664
0.16285013 0.05261801 -0.10639835
0.23103102 0.00207887 0.13215588
0.19415136 -0.09202664 -0.18508059
0.39811110 -0.00948339 0.09147993
-0.05995386 -0.01731463 -0.15778427
0.21887244 -0.05552421 -0.03278441
-0.20925260 -0.06781709 -0.11499663
0.23466104 -0.08260769 -0.17072581
0.27196395 0.01799918 -0.17921734
0.39562422 -0.00690853 -0.04438850
0.03095987 -0.02706806 0.18701400
-0.31295663 -0.03694612 0.16009343
-0.11074281 -0.09147813 -0.18181998
0.39616895 -0.02704560 0.08414520
0.27095696 0.03581165 0.03445095
-0.11699364 0.10813979 -0.06918874
-0.27588230 -0.01481276 0.11342052
0.00755997 -0.05508040 -0.04030230
-0.06137606 -0.09414740 -0.12557514
-0.25746909 0.00267212 -0.14754884
-0.37225634 -0.02065021 0.17220357
0.00719106 -0.05080780 -0.16652367
0.33213091 0.02074844 0.11045101
-0.07783091 0.02207362 -0.11479338
-0.36795658 0.06049256 0.03062340
-0.21981120 -0.03585407 0.17857198
-0.15613368 -0.07401365 -0.12224144
-0.03603581 0.12146025 -0.01095102
-0.20180431 -0.08099321 -0.17619509
-0.21093722 -0.09455363 0.09127061
0.14861706 0.06010566 -0.12103482
-0.26362228 0.05646452 -0.10982611
-0.15358612 -0.09447242 -0.14716816
-0.19980638 -0.09164657 0.05402513
-0.40023041 0.01504120 0.10050588
0.21803646 -0.06721687 0.14703432
-0.36983284 -0.08077259 -0.13723978
-0.41629937 -0.06702755 -0.02930420
-0.36921388 0.05446296 0.10432777
-0.35625893 -0.06457338 -0.11000512
-0.40022027 0.03283342 0.10707060
-0.35096833 -0.08807584 0.09188899
0.14639290 0.01243329 -0.17880809
0.33360943 0.01056835 0.16934463
-0.37846684 -0.08130832 0.09380314
-0.29376963 0.07134026 -0.01014879
-0.19698349 0.06263135 0.12466250
0.13850226 -0.09788694 -0.10859572
0.18013792 -0.05540344 0.16678144
0.13386862 -0.09686045 -0.00655447
0.33225003 -0.09698687 -0.03479356
0.11160467 -0.09781571 -0.08274818
-0.26146218 -0.09279199 -0.17766485
0.23935243 -0.01722286 -0.15547253
-0.11901813 -0.09671263 -0.03558867
0.23848645 -0.02714201 0.16433062
0.12645693 -0.06148015 -0.16545691
-0.39522862 0.04737215 0.10219529
-0.29168612 -0.00652568 -0.14434943
0.15955904 0.05376127 0.00227954
-0.11000904 0.11698645 0.04414858
-0.11712361 -0.03887033 0.00527747
-0.22510827 0.00042370 0.15353496
-0.23240241 -0.05311199 0.18064737
0.13315299 -0.02867221 -0.18629332
-0.15156662 -0.06638446 0.18033628
-0.11969879 0.09944862 -0.11918119
-0.28507602 -0.09131777 0.02835950
-0.19285586 -0.08094491 0.10004005
0.38224813 -0.00976893 0.12718326
-0.31223100 -0.07055791 -0.17715861
0.29331237 -0.06237366 -0.14662021
0.12806171 -0.04782342 0.18602227
0.07229639 -0.06810556 -0.13758366
-0.28561622 0.00281304 -0.14012678
0.18701722 -0.09041487 -0.13442387
-0.10753507 0.11847603 -0.00613842
0.25011683 -0.00474344 -0.15311046
0.14018714 -0.05735887 -0.17876014
0.39611030 -0.03812512 0.11060297
-0.14275731 0.11323201 0.00713799
-0.17821962 0.01289316 0.18749601
0.27848139 -0.04464652 -0.18883917
-0.04249383 0.03857154 -0.17468697
-0.03195587 -0.09659557 -0.14254595
0.20209454 0.04744306 -0.08333520
-0.35230416 0.05667403 -0.11257739
-0.17027919 0.04237505 -0.07644293
0.21009317 -0.05612893 -0.12816867
-0.27814925 -0.07911578 0.18069035
0.24670213 -0.09918521 0.17133406
-0.30906713 -0.03324067 -0.12449173
0.13400699 -0.09453857 0.16810651
-0.41353667 0.04540436 -0.00942649
0.40153888 -0.02518434 -0.07734787
0.27790329 -0.09786348 -0.11607645
0.40935192 -0.01081034 0.03657139
0.11619422 0.07743678 -0.07627905
-0.09917686 0.05871708 0.13837728
-0.29899094 0.01211433 0.14903407
-0.07203550 0.10858053 0.12985335
-0.37840712 -0.02549328 -0.15317720
-0.24928692 0.00187976 0.10740165
-0.05788728 -0.05344572 -0.16527759
-0.01208485 0.11909331 -0.01181468
0.03011873 0.06129776 0.15702790
0.26450041 -0.04289991 0.14852388
-0.13232908 -0.09534755 0.02420771
-0.00244103 0.10474230 0.09893579
-0.39582160 -0.04612515 0.11373511
0.25865635 -0.06573980 -0.16877137
0.03516403 0.10902235 -0.01455914
0.12431027 0.02704919 0.17663947
-0.33201513 0.07124718 0.06355344
0.22356941 -0.02744919 0.14544667
-0.28738314 0.06006963 0.13186085
0.30890992 -0.00249998 -0.15844439
-0.04370107 -0.09451763 0.16236819
0.14499497 -0.09542646 0.11229339
0.12408453 -0.09809337 0.09151126
-0.31208131 0.06446479 0.09404698
0.05476177 0.08583399 -0.13874909
0.41360146 -0.05448182 0.00152563
-0.08494665 0.10062907 -0.10610705
0.35455832 -0.10088122 -0.02114506
0.10594680 -0.06755199 0.18560237
0.30052030 -0.10796635 0.18516058
-0.37353465 0.05611003 -0.10127048
-0.24487011 -0.03650158 0.15099755
-0.22214328 0.04897014 -0.07329261
0.36049074 0.01411427 -0.04659091
0.24703735 -0.09827577 0.14691567
-0.23167083 0.06356630 0.13150996
0.23293839 -0.00877593 0.10439008
-0.43045396 -0.02160600 0.00975679
-0.13465504 0.04493528 0.06560329
-0.30824932 -0.10387351 0.18945710
0.10912797 -0.00512601 0.18175533
0.08963338 0.04499546 -0.13079728
0.37559637 -0.06528468 0.10048421
-0.17854212 -0.03594990 -0.15471327
0.34593466 0.01184790 0.13407815
-0.14781432 -0.05316505 -0.16813834
-0.24176982 -0.10260004 -0.12750776
-0.41738302 -0.00998799 -0.06046240
-0.27031946 -0.04714310 0.09992959
-0.05036505 -0.07923537 -0.18438123
0.31129923 0.02927910 0.04905046
0.25497204 -0.08402094 -0.15190254
-0.10371187 0.08897001 0.14025798
0.25310653 -0.11428257 -0.13669160
0.34825900 -0.09576374 -0.15964793
-0.00087603 0.11655164 0.04368202
-0.23263647 -0.04175535 0.15503161
-0.41078335 -0.04405615 0.10951687
0.35573053 0.01551847 -0.10043891
-0.18588778 -0.09496064 0.13503948
-0.27188089 -0.10952891 0.17909543
-0.40107286 -0.02613743 0.15075094
0.21669413 -0.03305702 -0.15626961
-0.41619131 -0.01213104 -0.11093441
-0.27651536 0.07630266 -0.05883451
0.28422487 -0.02046795 -0.13617751
-0.37145749 -0.08226936 -0.11924025
0.29292569 -0.11576738 0.14947900
-0.41801214 0.03463918 0.00419648
-0.23690815 -0.05433098 0.14226049
0.06631337 -0.02615603 0.18779483
0.01462248 -0.09091025 0.17074861
-0.37411687 0.01467649 0.15739761
-0.21493535 -0.07783201 -0.14840105
-0.17963257 -0.06945042 0.17864069
0.35219166 0.01026425 0.14517228
0.34012061 0.01917902 0.08884957
0.15063369 -0.01425422 -0.15708518
-0.23457865 -0.11134685 0.14165844
-0.09961356 0.05552272 0.15208645
-0.09371044 -0.04303967 0.11987546
0.25788963 -0.00272092 -0.15398805
-0.16595879 0.03366020 0.14314845
0.11380457 -0.04220480 0.18203670
0.14946882 -0.09959781 -0.08022215
-0.16202918 -0.05208046 -0.08958420
0.09744149 -0.09636150 0.14238285
-0.30345762 -0.11473370 0.18384960
0.39036930 -0.09741497 -0.12499654
-0.19080114 0.10132666 0.09378833
0.12407378 0.07737915 0.07789920
-0.21560532 0.00995975 0.09342389
0.29283488 -0.02425046 0.17243862
0.32534739 -0.09843641 -0.01429402
0.13307413 -0.09682138 0.14673039
0.39899278 -0.07989816 0.06327727
-0.20529939 -0.02487159 -0.16259192
-0.01243023 -0.02828455 -0.18612577
0.35340130 -0.00226979 0.14180969
0.16852696 0.05357020 0.05892960
-0.03609759 -0.09721871 -0.11428656
0.00245153 0.11700222 -0.05206508
-0.03420797 -0.02501371 0.14351746
0.23525238 0.04184276 -0.07118891
0.00877073 -0.03016675 0.14059475
0.17444541 0.04195788 -0.15223917
0.30124095 -0.04753570 0.16809660
0.32634008 -0.05644159 0.14105642
-0.37162161 -0.06106996 -0.13189834
-0.00297213 -0.04596786 -0.18488340
0.17820360 -0.09800538 0.16220385
-0.05124614 -0.09368925 -0.07339662
-0.38268653 -0.07652308 -0.03230274
-0.22180927 -0.09158978 -0.11755102
-0.06218217 0.10265497 0.13331872
0.20457490 -0.09253753 -0.16704766
-0.34746736 -0.06621554 0.12461374
0.21790184 -0.09775171 0.19157600
0.05413854 -0.03581488 -0.14402160
0.21695629 -0.03984093 -0.18159097
0.39912090 -0.04956126 -0.02247965
-0.33921403 -0.05766265 0.08910191
-0.29540530 0.02345191 -0.18085814
0.38004467 -0.00657068 0.10341235
-0.24406476 0.06831630 -0.15493253
0.29074466 0.00701819 0.14016829
0.33683839 0.00249568 0.15946217
0.25179672 -0.05154559 -0.18112157
0.20730786 0.03532519 0.16823268
-0.41224048 0.03173682 -0.05773343
-0.09336242 -0.09636687 -0.00529577
-0.42645678 -0.02212173 -0.00697291
0.19914818 -0.03222304 0.15993440
0.11495766 -0.09547775 -0.08391551
0.00153859 -0.09238507 0.05172728
-0.13880751 0.08941678 -0.10648730
0.26067933 0.00205020 -0.11640745
-0.34597400 -0.06771611 0.08339921
0.37417135 0.00457190 0.07772225
0.11438518 0.05327833 0.10489181
-0.20929042 -0.09290948 -0.09514709
-0.23919405 -0.09365049 -0.02318286
0.42576978 -0.06514222 0.05005726
0.23216003 0.04405282 0.09983120
0.38889024 -0.09642181 -0.06198066
0.22805880 -0.02032107 0.16729671
0.18161246 0.05276593 0.10299089
0.41606799 -0.02276579 -0.03999638
-0.19215333 0.01118252 0.02896262
0.31263381 -0.01401865 -0.15250622
-0.36242753 -0.08176430 -0.09046966
-0.08155242 0.02331041 -0.14891528
-0.07723988 -0.09775148 0.06301844
-0.18041614 -0.03745563 -0.02741699
0.31401244 -0.01318384 -0.18503551
-0.22676943 0.02838147 0.17710708
0.12527099 -0.00092960 0.06107625
0.25328675 -0.00085607 0.15392686
-0.35074115 -0.08311119 -0.10327512
0.19968972 -0.09377342 0.18471201
0.00693171 0.06621809 -0.10337898
0.33063051 -0.09922255 -0.02425797
-0.03460987 -0.09438108 0.13743763
0.24168545 -0.03344310 -0.13614166
-0.24557583 0.00629995 -0.13329491
-0.39169607 -0.02440679 -0.10408047
0.27773833 -0.08386460 -0.17355222
0.37615311 -0.09711643 0.00927881
-0.13691804 0.07179404 0.12951140
-0.37890619 0.05765390 -0.08989559
0.32597697 -0.01567027 -0.16204984
0.34280881 -0.01649642 -0.15915310
-0.33678874 -0.03507223 -0.18468507
-0.38218096 -0.08145213 -0.01092764
0.21788339 -0.09296947 -0.17528901
0.27229863 0.03093132 0.16471978
0.27988183 0.03947572 0.03000396
0.05159947 0.05407020 0.16553186
0.18855979 -0.07610115 -0.10207282
-0.41428837 0.03098970 -0.08600214
-0.28931656 -0.08959238 0.02331002
-0.33049586 -0.08691162 0.15784380
0.03802275 -0.09532910 -0.00061784
0.20106280 -0.00778101 -0.12049328
0.15711872 -0.09715174 0.15889634
-0.30787963 -0.00611053 0.12829702
-0.28747576 -0.03420644 -0.12152813
-0.35925478 -0.05887952 -0.17436968
0.18902570 -0.06309737 -0.16550305
0.38318452 -0.01531542 0.13090241
0.12274436 0.08012275 -0.01332706
-0.02050663 -0.08930276 -0.03713040
0.40384433 -0.09673382 -0.01194698
-0.04859208 0.07745380 0.13747062
0.24412498 0.04366883 -0.01575347
-0.23574635 -0.02159042 -0.15593976
-0.26983136 -0.09055059 0.05995650
-0.02970144 0.09387005 0.11935945
0.11596043 0.05424395 0.01907131
0.29638162 -0.11018190 -0.16011302
-0.34191033 -0.05150694 0.16993621
-0.25488034 -0.05294513 0.13634545
0.26490802 0.00073495 0.15711646
0.38058707 -0.10085445 0.07777186
0.18500207 -0.10425107 -0.00112459
-0.21816090 -0.06226917 0.16449617
0.24242242 0.02413221 -0.02594347
0.35368291 -0.01987386 0.16212521
0.01245894 -0.09381682 0.13091996
0.37670025 -0.09532400 0.01768740
-0.23230545 -0.10901434 0.15842359
-0.09989936 -0.09940209 0.08324007
-0.39083949 0.05872892 -0.07503131
0.17935406 -0.02188939 0.13901584
0.38738769 -0.00682970 0.02160030
-0.41291094 0.03188329 0.05548405
0.38182232 -0.09780901 0.13341857
-0.27323481 0.05329824 0.06293996
0.22469927 -0.09877599 0.12802304
-0.16814972 -0.01891896 0.17181805
0.27897701 -0.10799780 -0.13662837
0.19874048 -0.07241734 0.17138149
0.33681047 0.02697341 0.04556992
-0.38083854 0.03255474 0.09689020
0.03878216 -0.09841026 0.15622583
-0.23823062 -0.10986891 0.15207766
-0.30866385 0.06538993 -0.02162405
-0.38873619 -0.07965998 -0.09931132
0.00784270 -0.09592156 -0.06309523
-0.36057246 0.05356994 -0.07528035
-0.05678932 -0.09676096 0.03934322
-0.01916894 0.11307514 0.00798236
-0.12436610 -0.05511267 0.04952442
0.41060036 -0.03694162 -0.01665736
0.25078937 -0.05150593 -0.17978834
-0.19239843 0.04473772 -0.07843171
-0.32459176 -0.02209201 0.16711564
-0.05153723 0.04686299 -0.17008075
-0.18125185 -0.04523857 0.12925409
0.32406881 -0.09656650 0.01520685
-0.15690060 0.01734079 0.18032192
0.32613161 -0.09655736 0.04152862
0.34289521 -0.09967209 -0.06480315
-0.10611612 0.07613754 0.08178019
-0.21635954 -0.09546319 -0.08458989
0.18559964 -0.09714224 0.09010065
-0.27815536 -0.09095681 0.14683662
0.09468796 -0.00738992 -0.18186656
-0.27441594 -0.01164288 0.19214261
-0.16301060 -0.03912630 0.01093148
-0.04532414 0.11779135 0.06953427
-0.24967560 0.00573223 0.13968639
0.00548944 0.11079264 -0.09249266
-0.02624697 -0.01843964 0.18519811
0.32859638 0.01552617 0.12249913
0.33974549 0.01632922 -0.09666933
-0.31129968 -0.00379038 0.12938571
0.36237916 -0.05050000 0.17607152
0.28809384 0.01337937 0.18297546
-0.27238303 -0.04780622 -0.16286451
0.33980709 -0.06145379 0.13926250
-0.27783722 0.05129115 0.08817084
-0.41791561 -0.05892809 -0.03167967
0.33816862 0.01904644 0.11826833
0.21199410 -0.09771999 0.11819579
-0.18373844 -0.09341379 -0.01576121
-0.33813635 -0.09055401 0.17233862
0.18665712 -0.07075479 -0.18522242
0.30406392 -0.08049329 -0.18844232
-0.31618983 -0.06228353 -0.11345796
0.28963467 -0.00325258 0.14559089
-0.22745542 -0.05656160 0.09450702
0.27868348 -0.00691524 0.18322358
0.05776065 -0.09282856 0.15123330
0.27167743 -0.07579591 0.16582367
0.25112170 -0.11723684 0.18755122
-0.00998478 -0.06587891 0.17680611
-0.34189895 0.05423099 0.12431268
-0.33416492 -0.01533446 0.17729636
-0.06722143 -0.03696574 0.18479471
-0.31376398 -0.10144049 0.18939286
-0.22245602 -0.01076732 -0.12137723
-0.37483826 -0.07299351 -0.02808219
-0.19588535 -0.09512670 -0.02835634
-0.12688392 -0.09352153 -0.03701314
-0.27745551 0.00493886 -0.17114788
0.40388212 -0.06872141 -0.07744390
0.25540626 -0.00584596 0.18370336
0.33684555 0.01283931 0.13119869
-0.28355676 -0.04415267 0.16998304
-0.02847267 -0.06604470 0.16493529
0.26226884 0.00519861 -0.13890593
-0.38368979 -0.08200358 -0.03977650
-0.20148939 0.06683186 0.10087574
0.06336877 -0.08188385 0.11692870
-0.02227010 -0.06782211 0.17428923
-0.14251161 -0.09827850 -0.10426955
-0.29705349 0.06407767 0.10386492
-0.38196281 0.01498761 -0.16523534
0.21510094 0.04809398 -0.00535548
0.19724602 -0.05451911 -0.15492615
0.31622532 -0.03129721 0.16781078
-0.02722999 -0.09159067 0.09670398
-0.18308240 -0.06873889 -0.14028536
-0.19103628 0.09872510 -0.05915339
0.06163666 -0.09115476 -0.12892666
0.10786376 -0.09641030 0.06870964
-0.03791566 0.07562225 0.14877470
-0.14463744 -0.09761651 0.05218391
0.32045117 -0.06418592 -0.12514178
-0.29087803 0.05418280 -0.00354260
0.04085813 -0.09599084 -0.10289589
0.07513918 0.05227875 -0.00883865
0.05909618 0.10156639 -0.11510731
-0.25685680 0.00265093 -0.18594484
-0.20004754 -0.09123857 -0.01944010
-0.20564324 -0.07252885 -0.15773824
0.13985533 0.00421242 -0.17960177
0.07724184 0.10021789 0.07138753
-0.25111040 0.04962909 0.17151754
0.27352247 -0.01463728 0.16105369
0.28418171 -0.00228396 0.16621396
0.27915394 -0.06489152 -0.14279482
-0.17013384 -0.06285906 0.13668491
-0.27152035 -0.09188584 0.05942458
0.12462324 0.06691154 0.08214241
0.11581299 -0.09628313 -0.14442553
-0.30466411 0.05026978 -0.15993311
0.41040096 -0.09461431 -0.01613563
-0.24670145 -0.09172477 -0.00943305
0.30844325 -0.05897603 0.10323402
-0.24073254 -0.00477202 -0.18597016
-0.15952677 -0.03974152 -0.02534416
0.01356010 0.11475264 -0.03922093
0.18807915 -0.09289780 -0.16233285
0.25192767 0.00492913 -0.12605532
-0.06908279 0.11881351 -0.06106781
0.36180946 -0.00091541 0.15197101
0.29433602 -0.03163013 0.16788067
-0.25381178 -0.00231635 -0.13175084
-0.16236053 0.04474683 -0.10705886
-0.07584850 -0.09534089 -0.15355265
0.40040663 -0.02793014 0.10288049
-0.03585471 -0.10112134 0.09280162
-0.33021179 -0.04869835 -0.13992988
-0.20072164 -0.09545758 -0.04841855
0.04091957 0.10919769 -0.08489111
0.17661242 -0.03275502 0.17415102
-0.29838729 -0.05292616 0.12239318
-0.20482443 0.10096650 0.04356695
-0.14507170 -0.09482976 -0.13248266
-0.41972747 0.01567134 -0.03317220
0.19533935 0.04602349 0.14887941
-0.09667543 0.07300824 0.11534427
-0.19280577 -0.04545964 -0.06335468
0.23332475 0.03668595 0.16380718
-0.17622295 -0.05176218 0.12189168
-0.30356410 0.00951092 0.16040090
0.34236267 0.02108000 -0.07098299
-0.03315051 -0.09342385 -0.03129389
-0.08482077 0.04564890 0.16173229
-0.00492994 -0.09230597 -0.14513789
-0.08145662 0.05277989 0.15460961
0.18765408 -0.01893045 0.18302640
-0.13419369 0.11429827 -0.03679778
0.17235136 -0.00153904 -0.15275946
-0.39807677 -0.05280111 -0.11368436
0.23399983 -0.11276339 0.15496181
0.41978514 -0.02560854 0.04674277
-0.04638544 -0.09273474 -0.06462700
-0.35278407 0.05663936 -0.09830716
-0.15141207 0.11228868 -0.06999913
0.09075068 -0.00737971 -0.16561994
-0.08862242 -0.04495901 0.15041602
-0.22598565 -0.05990677 0.15809269
0.09984191 0.03232241 -0.12154275
-0.15566406 0.10555113 0.05832123
-0.03486981 0.12037398 0.05518948
0.09053148 0.06620561 -0.14600176
0.35246223 0.01906240 0.01254018
0.33741245 -0.06499627 -0.12218396
0.19965100 -0.09873848 -0.16597560
0.23038647 -0.06196718 -0.15760931
-0.40925297 0.05383888 0.04505725
0.28731430 0.03163765 0.07933605
0.19239502 -0.07975594 0.18759634
0.35278949 0.02033285 -0.02299557
-0.06792352 -0.07486743 -0.17911044
-0.27791446 0.00211749 -0.13341981
-0.03347525 0.00869158 0.18170868
0.26430383 0.03366541 -0.08580786
0.37142196 0.01180324 -0.00353540
0.01828240 0.11314326 -0.03319056
0.16892509 0.05041220 -0.03402987
0.37975034 -0.01322264 0.11567608
-0.31418812 -0.06979470 -0.16430674
-0.41872251 -0.06521227 -0.01999207
0.14304149 -0.08791631 0.17961162
-0.26917234 -0.08427669 -0.17551498
-0.37668335 -0.03577446 0.14971331
0.01554395 -0.08806287 0.17601788
0.28493905 -0.09786611 -0.02640338
0.22230767 0.01377863 0.18183754
0.23336345 -0.09803744 0.12213345
-0.26561150 0.08486617 -0.00562552
-0.18894738 -0.06520277 -0.15556879
0.04391131 -0.08697107 -0.09908442
-0.24933033 0.05913366 -0.02332968
0.35170665 0.01229937 0.12168531
