0.29062203 0.01036291 0.16600719
0.39089733 -0.01647373 0.10712457
0.30566224 0.03223121 -0.03228889
-0.29535437 0.06549668 -0.08346634
0.25955251 -0.08444614 0.07870434
-0.15266097 -0.06297240 -0.17388406
0.17801940 0.04906782 0.04520523
0.34433660 -0.05347692 0.12080755
0.22837240 -0.03802125 0.17151897
-0.42252424 0.02570577 0.05636300
-0.24817961 0.01139626 -0.18250456
0.27038091 -0.00322502 -0.13746539
0.22192176 -0.06123249 0.17429991
0.18739903 -0.01938391 0.13781209
-0.01348766 -0.01088174 -0.13237755
0.24178255 0.04098818 0.00255621
0.23210391 -0.05219783 -0.11109504
0.31784591 -0.04783325 -0.16032436
0.13844514 0.01663796 0.16891544
-0.19530784 -0.03342132 0.14565982
0.11082099 -0.08747068 0.07453647
-0.09308859 0.11323517 -0.10121571
-0.31201130 -0.09585992 -0.15377003
0.20729001 -0.01244831 0.15310578
-0.43189254 -0.03716141 0.02162817
-0.08041786 -0.06146643 -0.08871473
-0.32375449 -0.03364360 -0.17628737
0.21429047 0.01088949 0.15081656
0.41510919 -0.08233336 -0.09220780
0.24267364 0.03697022 0.13676684
0.20751825 0.04097153 -0.08129865
-0.03311080 -0.06032621 -0.11020710
-0.25621989 -0.00243514 0.17885509
0.03451984 0.03335515 0.08777409
0.15308577 0.05786494 0.08452328
-0.27290696 0.08178021 0.07204653
-0.16758367 0.00710896 0.13103573
-0.24007320 -0.00632449 -0.15839615
-0.40617514 0.06718804 -0.05421574
-0.10692828 0.03967196 -0.16109364
-0.21323380 0.09018545 0.10163042
-0.29798439 0.06373838 -0.07284184
0.12067854 -0.07231078 0.11924392
-0.11974770 -0.03748143 -0.16537863
0.37016532 0.01288693 -0.07383933
0.42552924 -0.05643039 0.01511549
0.26491350 0.00490260 -0.13823637
0.34082738 -0.02669441 0.15098220
0.27200910 -0.11694950 -0.14310117
0.25639808 0.02326001 -0.16619024
0.11495109 0.05272298 -0.00817430
0.32900181 0.01891303 0.12173040
-0.34165707 -0.07639448 -0.06277929
-0.29971838 0.07154123 -0.03976905
0.21386087 0.02789921 0.15470704
0.43080968 -0.04166259 -0.01254429
-0.40260276 0.00155965 -0.10411507
-0.33454442 0.05507845 -0.13869962
-0.19102629 -0.08376065 -0.12720320
-0.13696772 0.09450601 0.12379050
-0.23114276 -0.10580661 -0.17595394
0.24174143 0.04172793 -0.02853872
0.41419843 -0.00780425 -0.06330346
0.40321365 -0.04968337 0.06860122
-0.28397813 -0.08649520 0.05615355
0.21144404 -0.02417285 -0.08647808
0.19234377 0.04449706 0.09203898
-0.06831850 -0.03112271 0.16491228
0.11126991 -0.01112689 -0.17368087
0.20355743 -0.03295530 -0.11000194
0.21842536 -0.09779074 0.14233750
0.42432737 -0.08010180 -0.02460925
0.09815853 0.07799665 0.04606833
-0.21877441 -0.05397170 0.17428552
0.15061654 0.05010638 -0.01500559
0.19424093 -0.04457945 -0.13129556
-0.25442752 -0.08684835 -0.01641003
0.27623856 0.02457108 -0.15315491
-0.32328001 0.03129386 -0.17498122
0.20071103 -0.06150372 0.12515669
-0.21795048 0.05009195 0.00608628
-0.05210087 0.10072027 0.11660554
0.28080958 -0.09878363 0.15022297
-0.31631276 -0.04852894 -0.18242715
-0.03347404 -0.08450381 0.06125133
-0.30666196 -0.02122862 0.16686505
0.33302900 -0.01366829 -0.16226339
-0.14635506 0.05096526 0.14964153
-0.20018360 -0.02350885 -0.14753735
-0.31094012 -0.01265173 0.18036069
0.30212048 0.02451949 -0.13007091
0.40323499 -0.07795089 0.12578946
-0.35040560 -0.08096387 -0.06364938
-0.23675887 -0.09349871 -0.14990705
-0.03073251 -0.04979748 -0.15253291
0.01624274 -0.08244611 -0.02886213
0.33773085 -0.08308164 0.01407368
0.38011727 -0.08592387 -0.08322248
-0.31079569 -0.10279576 -0.18526894
-0.18339807 0.05891597 0.12969811
-0.18328309 0.09810906 0.08711784
0.27468157 -0.06091684 -0.15933421
0.20760238 -0.08922267 0.01429770
-0.33252913 0.06868456 -0.07409683
-0.14883102 -0.04592403 -0.18025799
-0.34158048 0.05624603 0.09938425
0.12936154 0.04686797 0.14067732
0.29959095 -0.10280748 -0.12230117
0.21971899 0.03842055 -0.10784916
-0.28769249 -0.06143815 0.15628926
-0.07912315 0.06216073 0.14117095
0.16074185 -0.02664630 0.10535392
0.35838383 -0.08601629 -0.11108296
-0.18125714 -0.01604353 0.12653330
0.20336424 0.00896504 -0.17387189
-0.25297692 -0.10099642 0.14523329
0.37885794 -0.00045712 0.13036579
-0.01524260 -0.04685952 -0.14489527
0.38239136 0.01237619 -0.02841326
0.30654520 -0.03280130 -0.16154103
-0.40286040 0.01192384 0.12916061
0.23159628 -0.03237734 0.12382669
0.12168851 0.05362185 -0.02255631
0.35347837 0.01251161 -0.09641169
0.00260372 -0.08812980 -0.06448083
-0.21428204 -0.02635449 -0.14195853
-0.11543869 -0.03433529 0.17325382
0.00163293 -0.08671456 -0.09543625
0.29430121 -0.03203332 0.17937349
0.26105466 -0.10221776 -0.12994093
-0.23595838 -0.07123899 -0.17705679
0.27153093 0.02344226 0.06614392
0.39713910 0.00360429 -0.05196774
-0.30200478 -0.09944661 0.14437456
-0.14164771 0.04755287 0.02337044
0.27246213 -0.10908487 0.12640461
0.02271233 -0.01698845 0.16641931
-0.13858585 0.11019669 0.01369957
-0.28734455 0.00110518 -0.14722270
-0.40768680 0.04606645 0.08108060
-0.36264023 -0.08301056 0.09752084
0.09174946 -0.04203315 -0.03336170
-0.37662634 -0.01835025 0.15390389
-0.30479142 -0.09207723 -0.14898045
-0.35713151 -0.07665405 -0.02767541
0.30026358 0.02920009 -0.08064105
-0.14074364 0.09420741 -0.12061751
-0.28020307 -0.08996780 0.03410852
0.05338821 0.09984858 0.07354924
-0.07514287 0.11366335 -0.03299235
-0.42447647 -0.05583622 0.06251097
-0.39235976 -0.07319955 0.05636457
-0.42346743 -0.03822693 -0.10377378
0.38376778 0.00882558 0.00837680
-0.22953808 0.09233362 -0.10468405
0.29928640 -0.00826419 -0.14197981
-0.23500615 -0.09975164 -0.13651992
-0.15383354 -0.08381548 -0.12290854
-0.13209642 0.06594773 0.08871867
0.23611179 0.03800689 -0.13868240
0.21928370 -0.09645846 0.14786789
-0.36967430 -0.07984741 -0.11491175
0.11088258 0.04861232 0.09388601
0.25663245 0.00341347 0.12524830
-0.10237688 -0.08559419 0.07618722
-0.19218519 -0.04372057 0.06511576
-0.21436331 -0.08909930 -0.03862204
0.36135796 -0.08506693 0.04002506
-0.37392771 0.06240922 0.06416002
0.01425809 -0.07051732 -0.03665840
-0.18436681 0.04360238 -0.16055872
0.19480257 0.04828087 -0.02749926
0.08696390 -0.08762502 -0.10714437
0.25183457 0.00119900 -0.16881554
-0.08297729 -0.08537005 0.05077149
-0.04765397 0.06596534 0.13891833
-0.18797851 0.10304686 0.10369718
0.40839082 -0.00480977 -0.08226775
-0.30983216 -0.08471906 0.09049445
-0.41785237 0.01818996 -0.01265588
0.40857005 -0.01980135 0.06211807
0.04057999 0.09604226 -0.10915876
0.04976264 0.04511531 -0.15549701
-0.19581756 -0.07839496 0.10111440
-0.25444126 0.05385999 0.08762152
0.17636544 0.04331302 -0.11514047
-0.28073126 -0.02360716 0.14282209
0.28025660 0.03497094 0.05867483
0.03809701 0.10360426 -0.02369690
0.31819335 -0.05549648 -0.08686387
0.34174371 -0.06755446 -0.14397132
0.26213014 -0.04352387 -0.11177450
-0.41331795 -0.04779436 -0.08896281
0.07706245 0.02844891 -0.16018729
0.41586018 -0.08337363 -0.08436588
0.32586071 0.01276641 0.15745214
0.08385164 -0.00740054 0.14589339
-0.30384925 -0.03057783 -0.10618241
-0.12182444 -0.06971063 0.17513059
0.34750971 -0.07186786 -0.16771020
-0.30504721 -0.01461650 -0.12204409
-0.35981128 0.04826721 -0.13212790
0.19262871 -0.01089758 -0.13428782
0.03817513 0.04458489 -0.15454210
-0.26296678 -0.09634651 0.13776077
0.19341345 -0.00453819 -0.15853818
0.29999706 -0.02866496 0.14787936
-0.28575832 -0.08570985 -0.03856402
-0.29278788 -0.01525085 0.17288648
0.28353715 -0.05331105 0.13890035
0.41093975 0.00059499 -0.02990165
-0.25280464 -0.10511940 -0.16165143
-0.23101562 0.07275940 -0.11872461
0.29950410 -0.10052223 0.16452354
0.16426660 0.05611247 0.07555965
-0.32408282 0.04743932 0.08739097
-0.31458423 -0.05100650 -0.16495697
0.03594037 -0.03422659 -0.17500313
0.31011346 -0.01593721 0.11639257
-0.21352135 -0.03442235 0.16825587
0.18381548 0.04366959 0.01218223
-0.37829646 0.02618767 -0.15559943
-0.24798121 -0.01321253 -0.15986741
0.16545105 -0.09151326 -0.15283166
0.21528669 -0.06217260 -0.11953343
-0.41626617 -0.05741962 -0.01830421
-0.29385722 0.00512066 -0.13104604
0.35421255 -0.02442551 -0.15314764
-0.26014355 -0.07391424 -0.16778055
0.07289378 0.07463562 -0.11538843
0.13442230 0.06421775 0.10268220
-0.05850613 0.10475627 -0.11376400
-0.32823017 -0.08139588 0.05832168
0.06999061 0.04787204 0.15555286
-0.20795731 -0.00131022 -0.18171282
-0.40225169 -0.06716442 0.10378729
0.00626520 0.11259811 0.05830239
0.28186199 -0.04646995 0.15812367
-0.19280927 -0.01976689 -0.03681874
0.35236567 -0.08504268 0.02015078
-0.03201628 0.11425509 -0.03093377
-0.38923866 0.05296787 -0.11891566
0.02640999 0.04167595 0.15667249
-0.08476971 -0.07453688 0.04260835
-0.25553861 -0.03532797 -0.11196658
0.07090774 0.09512124 0.02491337
0.30192214 -0.06131133 -0.12369719
0.31279534 0.02610052 -0.03566652
0.25451952 -0.10833799 0.14361528
0.17040686 -0.09188108 0.17108312
0.37949803 -0.01651521 0.11525393
0.00710675 0.00216230 0.17248432
0.27976885 0.01295619 -0.02958642
0.34346053 -0.08658784 -0.15270552
-0.23011558 -0.06750675 -0.17615937
0.37867689 -0.08256045 -0.04800094
-0.20588966 -0.06282613 0.10725861
-0.25317794 0.04036411 -0.17016651
-0.32352358 -0.07402958 -0.13556704
0.09897564 0.08242346 -0.07105987
-0.07042869 0.04244862 0.14197990
0.17881119 -0.00827603 -0.17074984
-0.37997273 0.00034877 -0.17023396
-0.22041608 0.06007226 -0.15180516
0.23192495 -0.08942684 0.08940517
0.06377226 0.08385143 0.10935606
0.40809512 -0.05249421 0.06142243
-0.34099573 -0.08547954 -0.16166350
-0.42566153 0.00545482 0.04600575
-0.41156560 0.05929843 -0.02262788
0.32220823 -0.08368891 -0.14263251
0.22134246 0.04279340 -0.04577819
-0.27514520 0.00240394 -0.16609776
-0.26762584 -0.07436191 -0.17453693
0.29956079 -0.00039528 -0.17207889
0.12493715 0.03952702 -0.16367644
0.16300149 -0.02716432 0.16680512
-0.01041526 0.09768103 -0.12050446
0.24689482 -0.00079518 -0.17595744
-0.17277831 -0.08721604 0.06534179
-0.38150695 -0.08076899 -0.15574697
0.26607636 0.03583853 -0.07706890
0.15829740 -0.08840901 0.13514592
0.30298641 -0.06318128 0.17164025
-0.42077976 -0.06619683 0.00417074
-0.35132059 -0.08442702 -0.03299804
-0.05358813 0.04755635 0.15470709
0.24192365 -0.01397623 0.17583710
0.38727763 -0.08464416 0.06663685
0.29353279 -0.08360696 0.06156990
-0.41501126 0.02066467 -0.06737281
0.18791516 -0.08386933 -0.17302105
0.10831987 0.06850559 -0.05868280
-0.11866332 0.11345384 0.06553131
-0.28435457 -0.07880048 -0.09865624
-0.05470294 0.11963085 0.05318077
-0.12302926 0.06783526 0.12957212
0.34328112 -0.04955521 0.16117138
-0.14080113 -0.08635351 -0.11425477
0.31783104 -0.07673858 0.15871862
-0.21351595 -0.03879108 -0.12753151
-0.06427713 0.03862161 -0.14289296
0.03571543 0.00767626 -0.15671557
0.17460546 -0.08223138 -0.13622357
0.07453701 0.08883321 -0.03579767
0.28466144 -0.08197029 0.14153987
-0.03937287 0.09747056 0.12305915
0.22939746 0.03351536 0.15936957
0.33332109 -0.08724228 -0.16733740
-0.18789729 -0.08613952 -0.01676850
0.16447306 -0.09006046 -0.14037824
-0.06975964 -0.04732739 -0.17507361
-0.13295943 0.10822921 0.07009646
0.08285329 -0.04903125 -0.03569747
0.00776272 -0.08285300 -0.03764995
0.21746957 -0.03073278 -0.13637736
-0.31637576 0.03651972 0.16529743
-0.19258162 -0.08474194 0.06543458
-0.12132128 0.06608554 -0.13838501
-0.27867565 0.00749618 -0.10173176
-0.23494445 -0.00292852 0.15961780
-0.22783895 -0.10367861 -0.16300347
-0.23342350 -0.01980344 0.03102632
0.33564675 -0.00934432 0.14564106
0.01356333 0.09215760 0.12388273
0.22771926 0.04246186 0.00168494
0.34451601 0.02657943 -0.00528810
0.22714001 -0.02978036 0.09977526
0.26712382 -0.08628039 -0.03561425
0.39894965 -0.06752124 -0.12690811
0.21329904 -0.09984377 0.16371697
-0.27533826 -0.10257301 -0.17747487
0.40803382 -0.03941273 -0.00619309
-0.42513618 -0.00577434 0.01778494
0.28573743 0.03656263 0.02541112
-0.02747459 -0.05838577 0.14846525
-0.25130817 -0.04418671 -0.15375318
-0.39224830 0.06261674 0.12253398
-0.40589949 0.06378511 -0.03958216
0.28293708 -0.08810057 -0.13796502
-0.16488113 -0.08865662 0.07786578
-0.31709835 -0.00039076 0.17633042
0.06409046 0.07760194 -0.10946474
0.34039104 -0.02649147 -0.16977914
-0.21876046 0.05501361 -0.10484033
-0.37583616 -0.06360238 0.09316952
0.29989633 0.02447009 -0.13475168
-0.31001973 -0.01907020 -0.16666347
-0.12084876 -0.08559851 0.09588458
-0.25287583 -0.02918738 0.15617745
-0.24977711 -0.00840976 -0.13238701
-0.17368241 -0.01718766 -0.17630993
-0.26827845 0.02970515 0.16990161
0.13319631 -0.06320275 -0.17386563
-0.11567988 -0.08992689 -0.15561785
-0.12746979 -0.08557351 -0.03150052
-0.14980492 0.01786654 -0.15298454
-0.31362113 0.06965990 -0.01714306
0.14221963 0.02307147 0.12496637
0.32413626 -0.09677365 0.13417700
-0.40991271 -0.06666357 -0.05741354
0.23837326 -0.10807446 0.14584363
-0.23066527 -0.02487898 -0.11094389
-0.26311800 0.05490211 0.02749615
-0.03559432 -0.08518771 0.08228005
0.11952412 -0.07646533 -0.16042025
-0.36306044 -0.07992994 -0.01874170
-0.12071492 -0.01442666 0.17380489
-0.26247400 0.08142847 0.06311873
0.15409797 -0.08499712 0.06566059
-0.42429537 -0.04676465 -0.07386783
0.41755718 -0.01881067 0.08505849
0.29911834 -0.07008824 0.18018080
0.05876428 0.10369904 0.03124525
0.30407190 -0.04057943 0.14148009
0.11202370 -0.08425485 0.17076470
-0.01542664 -0.08523298 -0.13472886
-0.30600524 -0.00103210 -0.18115541
-0.29190037 0.07543524 0.03733877
-0.31625691 -0.09470656 0.17465553
-0.10167324 0.09569086 -0.11716996
-0.21588725 0.05571024 0.15081833
0.20516823 -0.01598846 0.17127001
0.16583990 -0.04411174 -0.06055751
0.27162087 -0.03316708 0.11740153
0.15937567 0.04462496 0.14827687
0.36745083 -0.01828277 -0.13021173
-0.40640005 0.05277966 -0.08187290
0.24702238 0.00928971 0.10312821
-0.24432398 -0.08684339 0.00555690
0.22680487 -0.10184745 -0.12127180
0.09910618 0.05251271 0.14450501
-0.40807346 -0.02555190 -0.13484809
0.00148665 -0.08422033 0.16722479
-0.05858455 -0.01386159 0.17445296
0.07582214 0.01848774 0.16861485
0.23174560 -0.10739675 -0.17340046
0.18400353 -0.00132207 0.11474046
0.03720365 0.06781243 0.13765520
0.16490905 0.05086741 -0.01336371
-0.12305574 0.08368560 0.13012807
0.36218891 0.00762018 -0.12332172
-0.38283971 -0.07868972 -0.01391903
-0.07141687 -0.02053557 -0.13253900
-0.31111443 -0.00146553 -0.10352715
-0.14378077 0.11480928 -0.06714274
0.39570388 -0.08232120 -0.09923495
-0.31285727 -0.00001118 0.06726233
-0.21835397 0.05971943 -0.14144459
0.17869596 0.04469978 -0.05264658
0.19341971 -0.08916030 0.15437494
0.04615853 0.10351466 0.00868095
0.24976651 -0.08818952 -0.13394088
-0.13525555 -0.04642178 -0.07087866
-0.02838242 0.11831974 -0.00784284
-0.40134138 0.04636607 0.07918453
0.27290767 -0.05871546 -0.16912539
-0.36975962 -0.07944664 0.13147761
-0.11413253 -0.08450089 0.02832121
0.04060071 0.10771178 0.05186033
-0.13879122 -0.09019128 -0.11245675
-0.32902998 -0.04577968 -0.18009849
-0.08167967 -0.08424459 -0.03800181
-0.38112244 -0.08021380 0.14738940
0.33105513 -0.08457679 0.05213583
0.15773256 -0.08088882 0.11863017
0.39828798 -0.04175401 -0.08117167
0.17965472 -0.04405415 -0.07649373
0.27971292 0.00315802 -0.14353237
0.13796423 0.07314890 0.00570423
0.12664320 0.06084839 0.08231129
0.01232099 0.10528477 -0.07360302
-0.30838224 -0.07812694 0.17747077
0.32476139 -0.02197552 -0.10717825
0.39506704 -0.00863227 -0.11706456
-0.19786412 0.01109379 0.17199208
0.24128482 -0.09085044 0.14874886
0.32385537 -0.01066969 -0.15900467
-0.34529787 -0.04325641 -0.17820986
0.23978423 0.04229844 -0.03011634
-0.32044554 -0.08009265 -0.07315682
0.07164146 -0.08557218 0.16941383
0.24850804 -0.01633820 -0.17078318
-0.40773344 -0.06799666 -0.09519769
0.14822273 -0.08844486 0.05547390
0.22294834 0.00703481 0.10336335
0.24544206 -0.07884794 -0.14592953
0.39504787 -0.08645729 -0.12598336
-0.35484990 -0.03926692 0.13688168
-0.02726582 0.08220624 0.12629247
0.43748248 -0.02843778 -0.00644230
0.35373354 -0.07215212 -0.16227955
-0.18699351 0.04521079 -0.07105647
0.31345460 -0.08552885 -0.06450245
-0.16527800 -0.03556315 0.03441968
0.31238800 -0.00033590 -0.17025611
-0.15210898 0.08055332 0.12020525
0.31437907 0.03139854 0.04584420
-0.25450075 0.00187148 -0.13192190
-0.07284515 0.04413654 0.11527854
-0.25117683 0.08088041 -0.11216588
-0.27271804 -0.06968603 -0.17671771
0.19617309 -0.00168719 0.17096438
0.03122484 -0.01429218 -0.17351310
0.23819475 -0.09848873 0.13144553
0.02605792 -0.06578929 0.10507020
0.14770374 0.04910445 -0.09028843
0.02864001 0.10652862 -0.01722177
-0.10845676 -0.08440795 0.16469638
0.14468768 -0.08797310 0.02996971
0.08350836 -0.02411299 -0.13068648
-0.29426911 -0.07874790 -0.17380667
-0.07315169 0.11782318 -0.03634775
-0.05298626 0.08054657 0.13469429
-0.31398192 -0.03309850 -0.15058662
0.22807935 -0.06820463 0.12879729
-0.33046600 0.05956203 0.04158784
0.21003444 -0.04784100 -0.16931757
0.03988134 -0.03340655 -0.15118775
-0.20513572 -0.05206968 -0.12951511
-0.42232525 0.04253398 0.03443040
-0.22017428 -0.06048198 0.17205098
-0.01477657 0.10775483 -0.10426542
-0.38966531 -0.07399039 0.00489049
-0.25733218 -0.04909953 -0.16507792
-0.04045796 0.06395927 -0.14055714
-0.42783883 -0.05086410 0.04298292
0.16655174 -0.06782245 -0.15206759
-0.30434835 0.00307718 0.11183442
-0.25713640 -0.08780070 0.06777232
-0.26230204 -0.03362019 -0.12138804
-0.10707784 0.03280426 -0.16788670
-0.28865477 0.00633346 0.12336947
-0.28285754 0.00885533 -0.17762405
-0.29134732 -0.00507524 -0.16387357
0.01473310 0.09792402 0.08654553
0.28842849 0.00274608 -0.12489832
-0.29368830 -0.09438043 -0.16991800
-0.27188119 0.00505941 -0.08278856
0.06374438 -0.04592134 0.17105782
-0.02911352 0.00064163 0.15040378
-0.16713919 -0.03591366 -0.13975896
0.34291881 -0.02410627 -0.12471236
0.01147233 -0.08713378 0.03471209
-0.06649706 -0.07075803 0.17299868
-0.29993266 0.05553991 -0.10966577
0.18675876 0.02771547 -0.16469613
-0.40839332 0.06021649 0.03999067
0.18079695 -0.02490151 0.17892309
0.01597422 -0.08444213 0.17203934
-0.29258940 0.05680580 -0.14212443
0.34787720 -0.07076258 0.16533278
-0.29272434 -0.05470239 -0.17538509
-0.11712557 0.01572747 0.16687877
0.03530644 -0.08567905 0.07727859
0.21561071 0.04549990 -0.04320138
0.31738156 0.02985908 -0.03670328
-0.13710004 -0.07010009 -0.17296965
0.36525610 -0.00351691 0.09810355
0.31742197 -0.00843417 -0.15328594
-0.29766148 0.06646263 -0.01987875
-0.01995227 -0.04259007 -0.02987844
0.20184401 -0.09428366 -0.17758004
-0.02878447 0.11482169 -0.06814427
-0.39968339 0.02527754 -0.12340576
0.19327170 -0.06655665 0.17554998
-0.40915111 -0.07267881 -0.05894033
-0.02260710 -0.04757635 0.02168350
0.05104376 -0.08950643 0.14301115
-0.29316133 -0.01113601 0.15947984
-0.23842461 0.08949334 -0.03501330
-0.03442457 -0.08535737 -0.00148142
-0.07214309 -0.08739281 -0.13337539
-0.36043787 0.05905646 -0.06259084
0.24560660 0.01442938 -0.17003371
0.15922493 0.02023778 -0.16374685
-0.18786883 0.04596877 -0.14623779
-0.04202996 0.11436777 0.08363172
0.31773812 -0.03430202 0.17734048
-0.34761581 -0.01786355 0.15640278
0.34840760 -0.00843351 -0.15142414
0.22390756 -0.03369708 -0.16795604
-0.42643183 0.00136464 0.07977010
0.19091555 -0.06772032 -0.15069018
0.03263167 0.10321520 -0.07308427
0.25147623 0.04064298 -0.04434353
-0.36305106 0.05171769 -0.12769428
0.04081815 0.05410621 -0.14707786
-0.19707693 0.10081140 -0.09837871
-0.17954539 -0.08232515 0.13601017
-0.07639615 0.05398277 -0.13840425
0.19436617 0.04741840 0.05668930
0.08261847 -0.08791477 -0.00647005
-0.38870239 -0.07370845 0.10868156
0.18981473 0.04155282 -0.09894092
0.27845162 0.03637815 -0.03284249
-0.27693483 0.00336123 -0.15840840
0.17706989 0.05639722 0.01779089
-0.12017024 0.11011854 0.08085553
0.08780809 -0.08959438 -0.12334881
0.16731352 0.04892207 -0.04262049
-0.35345885 -0.08086478 -0.11802518
0.21731526 0.02012197 -0.03459079
0.36285356 0.01331415 -0.04449749
-0.27137819 -0.01946606 0.17481598
0.32417858 -0.05002699 0.16151404
-0.14513761 -0.08833657 0.12023445
-0.14639649 0.11164807 0.00277841
-0.07727094 0.04661638 -0.13953203
0.23345169 -0.09510088 0.17718594
-0.26993054 -0.04326093 -0.15478992
-0.04857840 0.11771770 0.03596199
-0.32803133 -0.01168823 0.18009163
0.15474924 0.02725289 -0.16541794
-0.23287827 -0.10465499 0.14753303
0.21740720 0.04281021 -0.06902197
-0.31927705 -0.07525603 -0.14583984
-0.21572514 -0.04334923 0.17875980
0.10630544 -0.08582999 -0.01630069
-0.41791493 -0.00778545 0.06142538
-0.31959575 -0.07910573 0.18127497
0.22217679 0.00669913 -0.17056078
-0.21015495 0.00936931 0.17863719
0.06660961 -0.03480608 -0.17405830
0.23057243 -0.11548017 0.17871033
-0.13753694 -0.04541097 0.14324011
-0.26594746 -0.07661052 0.15542410
-0.08219260 0.11670843 0.06858411
-0.12980841 0.05576267 -0.05475089
0.42602417 -0.07245476 -0.03733878
-0.21643843 0.05257143 0.06616926
-0.16559362 -0.09104121 -0.14435464
0.31290898 -0.03763903 0.12516956
-0.41494012 0.05161906 0.02101581
-0.20830491 0.09467254 -0.04175571
0.11536469 -0.08706966 0.02679316
0.13296235 -0.08679137 0.01601109
0.10475833 0.04243212 -0.15476915
0.26276720 -0.10824678 -0.13888678
0.41372439 -0.08076476 0.09414024
-0.22915810 0.01620684 -0.17963886
0.24429469 -0.01819583 -0.16671610
-0.16049050 -0.08066440 0.17156021
0.36153138 0.01490563 0.09065780
-0.40288773 0.06940242 -0.06362493
0.25824919 0.02159178 0.15895744
0.10497412 0.06909728 -0.08174886
-0.29272580 0.05238495 0.14764906
0.06146710 0.07666118 0.12268082
-0.25776410 -0.07906886 0.16162562
0.17661715 -0.04301661 0.11111080
-0.38051710 -0.02737828 -0.16809367
-0.29210001 0.05719795 0.03807162
0.29973269 -0.01940588 -0.08800547
0.39887765 -0.08226518 -0.04506757
0.36930496 0.01794615 0.05836759
0.26267490 -0.04246449 0.16793202
-0.19104087 -0.09148066 -0.16659938
-0.03916705 0.05282537 -0.14474256
0.17272973 -0.04374088 -0.01722298
0.20232448 -0.02435013 0.13883942
0.17344895 -0.05800167 -0.17634703
0.21939182 -0.10828655 -0.15426978
0.28495008 0.00393796 0.16505323
-0.16780525 -0.08765405 0.13174184
-0.29855731 -0.05998465 0.14848806
0.27951744 -0.08509223 0.05411468
0.28370473 -0.00949166 0.11824440
0.13212478 -0.00749308 0.16620201
-0.35105971 -0.03819327 -0.12342437
-0.21584487 0.01195654 0.17136291
-0.38187164 -0.05622696 -0.12057709
0.11802821 0.02747424 -0.13655692
0.00195341 0.10916436 -0.09343945
-0.12724809 0.09755797 -0.11436167
0.32398319 0.02312961 0.02420486
-0.37351614 -0.02535402 0.16793318
0.17753287 -0.08882205 0.11121100
0.20459189 0.04399449 -0.00047014
0.15315749 0.05029753 -0.03150477
-0.27941033 -0.10895973 0.11252739
0.17789021 -0.04237331 0.11298360
-0.32063562 -0.04495003 0.18066634
0.11005952 0.04737393 0.15232973
-0.42720059 -0.05722172 -0.00689056
0.30794317 0.01059904 -0.15874085
-0.11271157 -0.07546547 0.03910023
-0.30097118 -0.10071861 -0.14473665
0.28031629 -0.00896680 0.16121498
-0.29220039 -0.11233906 0.14123592
-0.31677020 -0.08273579 0.08138639
-0.01489301 -0.08547363 0.08518196
0.27308083 -0.09976258 -0.09557634
-0.09086724 0.02211409 -0.10251776
0.16494069 -0.04359009 0.16688062
-0.27519405 0.06213393 -0.05103422
-0.17101723 0.00382488 0.16752529
-0.30841407 0.00744259 0.17870632
-0.35219666 -0.06581958 0.17877561
0.14483275 0.02284115 -0.16150701
0.22324432 -0.08415227 -0.04636396
0.12588033 0.07540728 0.01515023
-0.22813620 0.00383360 0.16074353
0.22379650 -0.01343014 0.17626651
-0.42579785 0.00316596 0.05875381
-0.00423947 0.03168198 0.16338679
-0.37541482 -0.06796908 -0.05521421
-0.13468345 0.11541875 0.04161161
0.00221804 -0.08888165 -0.16655654
-0.10287227 -0.08523727 -0.13385862
-0.30370849 -0.08593493 0.00440550
0.24465892 -0.07593988 -0.16288435
-0.27880865 -0.01390347 0.16493212
-0.32910162 -0.07144307 0.15047069
0.42293370 -0.07478126 -0.05936873
-0.19897602 0.07060423 -0.12523305
0.05949680 0.10186678 0.03061930
0.32010478 -0.08453048 0.16884121
-0.37148708 -0.07207584 -0.06733467
0.21906407 0.03250841 0.14647140
-0.09489486 0.11785874 0.05952736
0.20171101 0.04297177 0.11635381
-0.22255519 0.09760087 0.04943782
0.27846220 0.02897727 -0.14081681
0.17987594 0.04918887 0.02647492
0.23381348 -0.09976382 0.15580687
0.08994945 0.05100048 0.09138614
-0.19221030 0.04443239 0.16171893
-0.26759046 -0.09779248 -0.17974643
0.05130770 -0.04414835 0.16431645
-0.32065412 -0.04278746 -0.17977615
-0.26918691 0.07977901 -0.07045154
-0.15871373 -0.08845077 -0.14143294
-0.43067104 -0.02821073 0.02176722
0.00996095 -0.08768536 -0.04548487
-0.41423813 0.00769543 -0.10689681
-0.26575980 -0.10588202 -0.16666442
0.07100803 0.09227761 -0.06229561
0.35657808 -0.04945550 -0.16382198
-0.00414320 0.09625021 -0.12118273
0.42458361 -0.08077618 -0.03816528
0.43744171 -0.07169230 -0.02725064
-0.20651096 0.09022968 -0.08436920
0.28851297 -0.03433198 -0.13305683
0.13859747 0.04913680 -0.10253541
0.01338923 0.11416987 -0.03067745
-0.18539609 0.11087388 0.02314533
-0.28990114 0.05383869 0.15737930
0.36199266 0.02348171 0.02228127
-0.18633786 0.04421986 0.16416386
0.05607858 -0.05404295 -0.15587890
0.22900085 0.04139467 0.07187785
0.25616047 0.00728278 0.11506100
-0.00726321 0.11136669 0.06702893
-0.30415553 0.07615477 0.00614607
-0.04037050 -0.04801975 -0.17194584
0.30113560 -0.05737527 -0.15010965
-0.30662313 0.00267309 -0.17849080
0.26688170 -0.01585947 -0.17448457
0.20071296 -0.08428417 0.07317179
-0.17517160 -0.08709525 -0.15504541
0.39700630 0.00116325 -0.07642376
-0.07756882 -0.08956417 -0.13735090
0.08913851 0.04592953 0.14369090
-0.39161375 0.03878022 0.13192755
0.16110235 -0.05866150 -0.17559218
-0.28210339 -0.00409444 -0.15006210
0.36216673 -0.08728924 -0.14582583
0.25764737 -0.08584353 -0.03189896
0.00885961 0.03090669 -0.16308548
0.13086790 0.04691231 -0.12106625
-0.31745267 0.00179615 -0.18022408
0.23853461 -0.10361892 -0.14541689
0.33825964 -0.03902400 -0.13234797
-0.24336059 -0.08813924 0.05770433
-0.07748406 -0.08482872 0.06995837
0.16554116 -0.02357283 0.12582274
-0.19171512 0.03784499 -0.17172456
-0.35505915 -0.08154009 -0.02340716
-0.38486651 -0.05177127 0.13127548
-0.33016682 0.05533540 -0.00840524
0.30346316 -0.08512980 0.01661342
0.08442492 0.04442021 -0.01902910
0.05504997 -0.08870913 0.10927563
-0.00493862 -0.04644750 0.12177095
-0.12743324 -0.08655471 -0.06117944
0.02777971 -0.04464753 0.16582152
-0.37876561 0.06755257 0.04783098
-0.31187835 -0.10964973 0.13339369
-0.12932216 0.01405597 0.13249144
0.26780686 -0.10517123 0.16449267
0.14510196 -0.02645953 -0.10084888
0.12012576 -0.08653785 -0.10043208
-0.02793459 0.02758810 -0.16506509
-0.33136505 -0.06337584 0.15453461
0.07544830 -0.07382117 0.16240013
0.27496180 0.03917315 0.01948599
-0.07092307 0.06813070 0.13887021
-0.25739408 -0.08578651 0.01337628
-0.04438089 -0.08877307 -0.13241680
0.21304920 0.04437401 0.03732454
-0.24455212 -0.03326675 0.13080770
0.18579097 -0.08352670 0.16032840
0.25867724 -0.06117085 -0.15088329
-0.08378001 -0.04973843 0.17222236
0.35746634 0.01906572 -0.05220125
0.14893326 -0.07425466 0.16207062
0.25047019 0.03437566 -0.13758989
-0.28355795 -0.02053645 -0.18173589
-0.24991664 -0.06252663 0.14625429
-0.09206557 -0.04062303 0.13626905
-0.40519911 -0.00637906 -0.04189279
-0.39898962 0.05454949 -0.12490305
0.22927870 -0.03527699 -0.17003636
0.01795031 0.11033207 0.00075574
0.39261532 0.00052140 0.06803310
0.26031670 0.03167014 -0.13386461
0.31351981 -0.00538575 0.17367983
-0.29475364 -0.00301612 0.17989475
-0.35955012 0.06191181 -0.13804586
-0.21845324 -0.02180410 0.04787621
-0.24177031 0.01011839 0.05985760
0.12061644 -0.01974303 0.17562792
-0.31384876 -0.01080647 -0.15059297
-0.08213800 0.11270901 -0.05300141
0.42421752 -0.05385497 -0.07703348
-0.40735051 -0.06476459 -0.11759151
0.14239463 0.06439832 -0.06181954
-0.23033345 -0.08856351 -0.05891993
0.27252918 -0.02452282 0.15844053
-0.24841954 -0.09589044 0.15615158
0.14312871 -0.08745449 -0.10168549
0.01046410 -0.08014631 -0.09081063
0.38934344 -0.00725570 0.12381704
0.24082372 0.00137648 0.12832247
-0.23105219 0.03378395 0.16827129
-0.07431325 -0.00225563 0.17374234
0.26630425 0.03680452 0.03536129
0.38045517 0.01382379 -0.02787885
0.43015134 -0.05492891 -0.06268292
-0.28117609 -0.05548629 -0.16984577
-0.10909007 0.11085893 -0.05614010
-0.29057279 -0.03117136 -0.12777951
-0.24840219 -0.03244997 -0.17985134
-0.01710883 0.11256631 0.05160514
0.19838701 0.02523588 -0.16286865
-0.04969782 -0.07823310 0.03314536
-0.38002813 0.02029029 0.14702395
0.24133319 -0.00999958 0.14576465
-0.28106353 0.04727723 0.16465996
0.42812571 -0.02631123 -0.02171908
0.11423723 -0.00136502 0.03909447
0.20074740 0.04053036 -0.10530536
-0.26062959 0.05586043 -0.11975549
-0.34438315 -0.08312497 -0.00844402
-0.24612497 0.01287885 0.12154478
-0.31465250 0.00572370 0.13637277
-0.23503847 -0.03605817 0.16921429
-0.24183658 0.05558393 0.14070924
-0.21783046 -0.09783689 0.14349884
-0.35421491 -0.08591098 -0.16773099
0.23140977 -0.10656578 0.17700094
0.36994869 -0.00140958 -0.14142364
-0.35718006 -0.08229967 -0.14105085
-0.28511637 -0.03317571 0.14575388
-0.24115992 0.05799174 -0.07264057
0.27117604 -0.10734927 -0.12964237
-0.40516537 0.05622210 -0.11360762
-0.30162650 -0.09191797 0.15853482
-0.17895180 0.04688310 -0.15767832
0.13499519 0.00042992 -0.17355514
-0.18318148 -0.03017339 -0.04740217
0.39940822 -0.08738445 0.11668682
-0.14879864 0.05013347 -0.15465318
0.42195362 -0.08290847 -0.03506066
0.25807914 0.03939227 0.06940366
0.15895937 -0.08548938 -0.16864058
0.23590034 0.02820285 0.16113701
-0.26394060 -0.07700954 0.15806876
0.36491707 -0.01201490 -0.12055490
0.03137092 0.05415123 -0.14551055
-0.24542767 -0.06046254 0.16433418
0.20800395 -0.02282054 -0.12953486
0.07335979 -0.01099002 -0.17259772
-0.04272919 0.11548983 -0.01506336
0.42791545 -0.02658995 0.03217807
0.27922884 -0.01743091 -0.11377975
0.16708943 0.04165059 -0.12846419
0.06893653 -0.02549834 -0.16005227
0.38736853 -0.08399713 -0.14110652
0.23448999 -0.03250336 -0.15950741
0.16796948 0.04742413 0.09713662
0.41205859 -0.00487459 -0.03527772
-0.34760571 -0.08473561 -0.02097226
-0.03470474 -0.06549003 -0.17317370
0.06828589 -0.08457994 0.10441549
-0.37321889 0.03751751 0.15599655
0.03915238 -0.06258125 -0.12238955
-0.40621483 -0.00898807 -0.14877786
-0.30474779 -0.05255140 0.16321172
0.27251512 0.01064807 0.16956289
0.32188681 -0.09491666 -0.16006036
-0.01174032 0.11046455 0.03495377
-0.00643154 -0.08118372 -0.17165485
-0.25474513 0.08869386 -0.07069534
0.04136508 0.09056417 0.11342506
0.31448480 -0.05940126 0.14553067
0.33972961 -0.08478767 -0.09340718
-0.32665044 -0.00321873 0.13092238
0.31513277 -0.04069670 0.16104549
-0.07167538 0.11628128 0.06230921
-0.38907039 0.06815615 0.01173174
-0.17948873 -0.05314724 -0.16575506
-0.34447277 -0.07821199 0.07562063
0.10018867 0.01166904 -0.15832727
0.14825064 0.05086709 -0.07092104
0.37281457 0.00116735 -0.08992562
0.08514205 0.06712082 -0.10313044
0.22334878 -0.11153352 0.14846641
0.20521520 0.01300853 0.16902143
-0.36081207 0.05640338 0.00770528
-0.13477486 0.04551036 0.05812464
-0.34320822 -0.05279586 -0.13355987
0.41029501 -0.00983681 -0.06843003
0.27550954 0.03720785 -0.00439602
-0.33570826 -0.05967124 0.13247743
-0.29586738 0.01438249 0.12785360
-0.19402601 0.09611425 0.10391076
-0.08774181 0.03820870 -0.16197410
-0.40350971 -0.06563134 0.13410383
-0.32683301 -0.03612648 0.16958167
-0.24426153 0.01988860 0.17673174
-0.41686556 -0.00106638 -0.00552456
0.31404147 -0.08430504 -0.11913198
0.23225479 -0.00311086 0.16679837
-0.39087826 -0.05992192 0.02922982
0.17085555 -0.08666728 -0.07950229
-0.06557958 -0.05680513 -0.12999511
-0.33710757 -0.05247954 0.17717475
0.38885453 -0.08252044 0.06361150
-0.36698991 0.05376986 -0.13873105
0.21016093 -0.05821376 -0.16029860
-0.07277285 -0.06565518 -0.16559449
0.18631864 -0.07217892 0.17323197
-0.11377340 0.06540485 -0.13448615
-0.11452172 -0.07734239 -0.02807599
0.12424094 -0.08691303 0.03098365
-0.27350652 0.06949401 0.00021888
0.26227355 -0.07373121 -0.15513757
-0.35519272 -0.07522338 0.12056795
0.31971782 0.02347307 -0.00327303
-0.34771213 0.05240692 -0.06917181
0.26517352 -0.04869852 0.16168217
-0.24787512 -0.08885956 -0.05069292
0.14462556 -0.04362401 -0.17255150
-0.21167162 -0.08799075 0.06401622
-0.15743415 -0.08899076 -0.11165152
-0.07094946 -0.08195864 0.13026221
-0.31675425 -0.08523317 0.09910420
0.34785390 -0.06009458 -0.12423348
-0.32755080 0.03807111 0.15470818
-0.29541066 -0.02053760 -0.17548846
-0.20441936 0.10484380 -0.07534101
-0.23281877 0.09911854 0.03761424
0.03690255 -0.06822839 0.11121503
0.29813251 -0.03231353 -0.17594670
-0.27446672 -0.03171011 0.13022782
0.20641527 0.04418662 -0.01501168
-0.32388559 0.00050519 0.10715640
0.23422471 0.04313755 0.01336243
-0.05987560 0.02932206 0.14770138
-0.13098915 0.05885593 -0.01639016
0.34654489 -0.03790519 0.16820124
-0.27685082 0.00817642 0.10926725
-0.28701985 -0.07552362 0.15759981
-0.11875685 -0.01948716 -0.13449126
0.20562802 0.04426434 0.07045130
-0.14984751 -0.08755695 0.05580346
0.01760804 0.03509403 0.07134552
0.19456901 -0.08266442 0.00994598
0.02755818 -0.08602868 -0.15793541
0.01081528 -0.03679272 0.14245871
-0.36035615 -0.07707291 -0.09383494
-0.42721015 -0.05719538 -0.01238502
0.23669325 -0.05744357 -0.10820308
-0.03071457 -0.08209665 0.03288819
-0.08722188 -0.06178610 -0.09850040
-0.31244355 -0.04388222 0.18033370
-0.39116094 0.01850569 -0.12138604
0.00928602 -0.08702782 -0.01181159
0.10883664 0.06680636 0.09809543
0.40622234 -0.00074170 0.03459041
-0.09682034 -0.08397228 -0.04035907
-0.00729642 -0.08650220 -0.10719673
0.40981564 -0.07286599 -0.08333816
-0.11166539 0.04996562 -0.13384128
-0.25460994 0.05981395 -0.05813705
0.30212107 0.03407249 0.00187389
-0.30898821 -0.07495253 -0.12713020
-0.35557333 -0.06197472 -0.17426804
0.30804628 -0.08272555 -0.12411261
0.20388739 -0.08743458 0.08879269
-0.37048906 -0.08153988 -0.10764511
0.27783701 0.03602365 -0.00607855
0.14268179 0.07058960 0.04964107
0.13484254 0.03250087 0.16209437
0.07162772 -0.08520667 0.03696309
-0.25867027 0.07466543 -0.06365682
-0.07532064 -0.08687612 -0.04896137
-0.37636521 -0.06577119 -0.07777492
0.00654517 -0.04715740 0.13554305
0.07581237 -0.08333416 -0.06668674
-0.07824238 -0.08798336 0.00947187
0.21998899 -0.05567319 0.07195622
-0.00484015 -0.00422594 -0.14660469
0.20218424 -0.10094226 0.14480795
0.26954326 -0.00918655 0.13413548
-0.41415623 -0.01134980 0.13500684
0.22295627 0.04526034 -0.01123976
-0.07821845 -0.08561587 0.11430462
-0.35088819 -0.06197969 -0.17100345
-0.38239703 0.03147933 -0.10342701
0.38453785 -0.08312458 -0.04581529
0.04621078 0.10498573 0.04762560
-0.40604928 0.03563388 0.10899765
-0.00281716 0.10908457 -0.07100357
-0.29861379 0.01074045 -0.13772261
-0.26908877 0.00371465 0.07617965
0.36479306 0.00607027 0.13461505
-0.30188620 0.00380047 -0.13256916
0.30864421 -0.02006575 -0.11677935
0.29565763 0.03263958 0.08474615
0.00573222 -0.08649014 -0.11015987
-0.34735835 0.03007368 0.16622609
-0.18173666 -0.08701706 0.05058783
-0.38009205 0.02887949 -0.12224446
-0.34277990 0.06871184 0.06729306
-0.25046590 -0.07749318 0.15310486
-0.30475688 -0.00568049 -0.13868764
0.08057599 -0.08773930 -0.05111618
-0.41291517 0.03620811 0.07221686
-0.03738415 0.00121307 0.14752740
-0.03578455 0.03562991 -0.16301507
0.31736165 -0.03025955 0.14480501
0.23325329 -0.04877081 0.15817919
-0.04563271 0.10411105 0.11456773
-0.38978869 0.06702925 0.02394824
0.32808375 0.02199903 -0.01574123
-0.04210969 -0.05928660 -0.11654400
0.04243781 -0.06998001 -0.17155196
-0.37206483 -0.08051758 0.15103914
0.37913954 -0.01796399 0.10756653
-0.41234639 0.01333676 -0.11877657
-0.34490022 -0.00853787 -0.11429800
0.22471441 0.03825814 -0.11841489
-0.03228659 -0.00140057 0.17496110
-0.30252707 -0.00637663 0.17926097
0.25405926 0.00911308 -0.10224800
-0.26744184 0.07747470 -0.01607355
-0.17273474 -0.08600224 -0.02435139
-0.18628564 0.00537313 0.17929599
0.38688299 -0.00136500 0.05991252
-0.26165718 -0.10638219 0.13776523
-0.31875670 -0.08221316 -0.05699901
