-0.01970805 -0.04110940 -0.08547089
-0.17407165 -0.09695893 -0.10393190
0.35121697 -0.06960855 -0.04163352
-0.38211152 0.04949470 0.12414186
0.19779158 0.06522338 -0.08615696
-0.20093167 -0.05892281 -0.03517123
-0.33979267 -0.01206497 0.02379479
-0.19273034 -0.07382324 -0.09607074
-0.40713471 -0.02210857 0.08575210
0.26280165 0.03459424 0.12049131
-0.21235257 0.08275077 -0.12201689
-0.04670763 0.04104339 0.08098662
0.22315826 -0.08851909 0.12427450
-0.01037882 0.00941252 -0.01676676
0.01209903 0.16054708 0.07087777
-0.22126900 -0.12150112 -0.13706043
0.30093366 -0.10546706 0.11875199
-0.40583673 0.04074880 0.01819998
-0.17989556 -0.13178381 0.12994242
-0.24164487 -0.00128437 0.06229878
0.20876004 -0.10504844 0.14417386
-0.18182713 -0.06059232 -0.12292872
0.09481673 0.07254504 0.13530421
-0.01216785 -0.07144868 -0.06496731
-0.02777836 0.01737718 -0.06897712
-0.39641833 0.05415739 0.11872821
0.33588687 0.03893205 -0.06061016
0.30778617 -0.11603584 0.00372955
-0.22640698 -0.05008849 -0.09033587
-0.01803989 0.06265868 -0.12355866
0.13653293 -0.02941789 -0.02923895
-0.16463988 -0.01581735 0.00913023
-0.37431046 0.04952019 0.11900245
0.29297864 0.05958270 -0.10553558
0.16292958 0.00312983 -0.13730824
-0.40185449 -0.01841203 -0.05141981
0.00142615 0.03457295 0.01992733
-0.01564540 0.00354519 -0.00421131
-0.16656721 -0.07204831 -0.02090852
0.02570282 -0.05420448 -0.01390234
-0.08338971 -0.07464126 0.06991445
-0.40047702 0.03039179 -0.12908880
0.32773679 0.04615822 0.01081445
0.06130259 -0.01732428 -0.13623136
0.38001671 -0.06603602 -0.07209874
0.05521907 -0.06890880 0.04586098
0.22624446 -0.02886355 0.10666081
-0.40073290 0.04273726 0.11365298
0.09212968 0.15076210 -0.10658229
0.30834174 0.04821496 -0.06416561
-0.40538213 -0.02047369 -0.13632140
0.13942203 -0.05130688 -0.09693436
-0.25407621 -0.14431930 0.14106093
0.13616897 -0.08348633 0.06445426
0.04834754 -0.01225793 0.02544048
-0.21629098 -0.14848836 -0.14822954
0.11148420 -0.07846271 -0.02815882
0.18886733 -0.04830934 -0.05989267
0.37811431 0.01867636 0.08761449
0.25649035 0.05735263 -0.02625423
-0.22770861 -0.05397426 0.10975475
0.02381516 -0.00583484 0.04366397
0.28707591 -0.10996941 -0.14281943
-0.41740206 -0.03219037 -0.06155858
-0.27771720 -0.05693631 -0.15291445
0.15737630 -0.01605898 0.00394242
0.16362371 -0.01955887 -0.14161143
-0.02022178 0.01179627 -0.14228074
-0.00521079 0.16032480 -0.07628637
0.01280296 0.00721975 -0.11894045
0.40856507 -0.06843378 -0.05372325
0.19382413 0.07785079 -0.06339408
0.32140094 0.05416764 0.02325189
0.14895874 0.10198690 0.13302891
0.13802315 0.13726416 0.02991242
-0.00414056 -0.03680166 -0.10097812
-0.22150633 -0.09882190 0.00423427
0.11327346 -0.00623145 -0.11405255
0.40028074 0.00272320 -0.01360617
-0.05882350 0.00273964 -0.02584788
-0.03929739 0.09533485 0.12354366
-0.32424104 -0.05291481 0.11592304
0.06441468 0.15734011 0.06875445
-0.15981105 -0.08341660 0.07388218
-0.22228405 -0.16459712 -0.15642571
-0.19143936 -0.10595251 0.08415858
-0.27000517 -0.05805413 -0.10789647
-0.09986384 -0.06955523 0.05667918
0.10669243 0.03156099 0.14432035
0.17162341 0.11852689 0.01847859
0.41662648 -0.03804825 -0.07481019
0.00841277 0.05486312 0.03794280
-0.37271479 0.06511689 -0.13813634
-0.01225353 0.05877715 0.12672772
-0.04035703 0.05116144 0.14090757
-0.02190426 0.15825102 0.06448051
0.17818855 -0.06688167 -0.06656484
-0.04533775 0.02379580 -0.07489119
0.10655518 -0.01279451 0.07327659
-0.31851274 -0.01910060 -0.11014919
0.37187809 -0.15226285 0.14766587
0.02179705 0.03620795 0.13204728
0.28379303 0.05245264 0.10499913
0.11328758 -0.04804773 0.13853458
-0.41426939 0.03296396 -0.07070589
-0.40547571 0.07453088 -0.01867885
-0.31639940 -0.04872754 0.15133151
-0.04454726 0.14607064 -0.00872033
0.09542401 -0.07274216 0.02660398
0.08678599 0.14420882 0.03556829
-0.41296965 -0.06150185 -0.04335171
0.11542370 0.16180204 -0.01665299
-0.22971554 0.04122389 -0.12805331
-0.39782032 0.03070363 0.10963919
-0.01930612 -0.05479737 0.07479241
-0.03424431 0.05509335 -0.01616137
-0.28653437 -0.01024805 0.12052310
0.28870535 -0.09090746 -0.14702246
0.10778975 0.14570066 -0.10559851
0.26985255 -0.17881109 0.14981219
-0.25620425 -0.15160933 0.11915620
0.26304427 -0.17615692 0.14435957
-0.16643646 -0.11064430 -0.09091445
-0.29066250 0.04239193 0.07950236
-0.03919509 0.06293835 0.04582786
0.35271001 0.04674037 0.03036918
0.05699139 -0.03097697 0.14887071
0.21642785 -0.08439396 0.14312045
0.22799656 -0.11286552 0.14236343
0.09945357 -0.06812052 0.00398576
-0.22608328 -0.09933119 0.04822742
0.28770506 0.00720517 -0.13248430
0.00195524 0.02117550 0.13337252
0.04760879 0.15060328 -0.05776146
0.30389553 -0.06085529 -0.09245901
0.10123129 0.05329553 0.09702936
-0.39415494 0.06493609 -0.12101534
0.27319929 -0.04158167 -0.03921883
0.22298804 0.00437435 -0.06611300
0.22238851 0.07232893 0.07198922
0.31185064 -0.08472092 0.08792375
0.02505668 -0.03716098 0.03258875
-0.29287389 -0.08126844 -0.10349353
0.25297320 0.00894633 -0.02978579
0.14813301 -0.06448412 0.07123031
-0.02109797 0.03704674 0.06372429
0.05485348 -0.06372009 -0.08497897
0.22590961 -0.00524466 -0.08935994
-0.41328153 -0.06704592 0.01691215
0.06035761 0.09527747 0.10329653
-0.23128226 -0.07479007 -0.14011407
-0.21704508 -0.10953597 0.10778526
-0.30449432 -0.14101201 0.12699544
0.01226536 -0.07043682 -0.06657444
0.00187332 0.07589666 0.01290021
0.21729916 0.05592647 -0.00809604
-0.31386709 -0.04652558 -0.06940154
0.26945817 -0.09226485 -0.11285872
-0.20384017 -0.07936644 -0.08261918
0.27905515 -0.05762886 0.02397298
0.17562732 -0.07591736 0.11294633
-0.09989803 0.09721812 0.03345856
-0.03597992 0.01007069 -0.09185298
-0.02308807 -0.04327471 0.05214996
-0.26994511 -0.04547738 -0.11643379
0.38993785 -0.06859919 0.12776434
0.26299325 -0.04302037 0.13413824
0.20219220 0.08589765 -0.02735828
0.31249923 -0.09527434 0.05006434
0.36370409 -0.00563777 0.05569414
-0.10607440 -0.07076716 -0.02355904
0.31581825 -0.08614629 0.09498058
-0.33055526 -0.07644302 -0.10275280
0.20132263 0.07613476 -0.06213856
0.30262890 -0.02830028 0.13097894
0.10875029 -0.04150703 0.09875357
-0.40581721 -0.03534631 -0.13121414
-0.13902591 -0.01769800 0.05560331
-0.25447959 -0.10518476 0.15430947
-0.19834878 0.06689759 -0.14140546
0.28300592 -0.02364270 -0.06285472
0.00094365 0.06865323 0.13691668
-0.39375964 -0.03209867 0.07648777
-0.25114322 -0.04033310 0.07432266
-0.16077596 -0.00246285 -0.07973145
-0.17625964 -0.12691689 -0.13157763
0.29226995 -0.15735626 -0.11337066
0.29950371 -0.14873275 0.14401118
-0.00329385 -0.01878168 0.01276264
-0.36954474 -0.06138922 0.06424378
-0.21702009 -0.17429315 0.11970824
-0.21937610 -0.07821710 -0.07549752
-0.12193835 -0.05180199 -0.05012006
-0.23064852 -0.14401713 -0.11314376
-0.35939929 0.02593405 -0.12212677
-0.41028470 -0.05563422 0.03886376
0.23629329 -0.01569750 0.05143988
0.33367127 -0.12517166 0.13067733
0.38866302 0.02966162 -0.01375708
0.26295760 -0.03919714 0.08555265
-0.30042666 -0.14742349 0.15399359
-0.25232750 0.00475157 0.06885996
-0.22831140 -0.01024099 0.08049650
-0.35056749 0.08294398 -0.14799473
0.22623658 -0.15801394 -0.11475333
0.16582806 0.05633113 0.10341220
0.14599554 0.12887484 0.04237361
-0.23761685 -0.10468130 0.11543363
-0.03017952 0.15558635 0.11012707
-0.03135323 0.00311681 0.02057324
-0.27261919 -0.05676806 0.15433209
0.40327013 -0.07897414 -0.12338974
0.14197178 -0.04654523 0.09703399
-0.23274623 0.02435561 -0.09163395
0.02373029 0.01940901 -0.06712344
-0.04012867 0.06809064 0.04530632
0.17259935 -0.07583240 -0.02654319
-0.21403731 0.02198439 0.14830472
0.00187330 0.03771084 -0.12696122
-0.26519927 0.05556703 -0.12542735
0.40098178 -0.07517499 -0.00323063
0.03013742 0.13342093 0.12583643
0.27989528 -0.10995869 0.09654599
0.24438518 -0.09811153 0.06994347
-0.34803927 -0.06016631 0.10775977
-0.14216110 0.00206006 0.08742461
0.07699909 -0.03408126 -0.04311002
-0.27672288 0.01244458 -0.15370733
0.00428906 0.14710438 -0.11364659
-0.08464972 0.06007862 -0.05104117
-0.39149982 -0.00002059 -0.07603955
-0.30493712 -0.13851303 0.11514833
0.31539327 -0.02144621 0.03173842
-0.21656375 -0.17417832 0.09601250
-0.08774602 0.08102623 -0.13436481
0.02800479 0.15483150 -0.04459371
-0.23308951 -0.04789151 0.15488866
0.19612150 0.08789468 -0.09236403
-0.37054157 0.04955053 -0.14887851
-0.28966868 -0.14496692 -0.15701355
-0.21621189 -0.01543393 0.08920772
-0.34488159 0.00582909 0.02184608
0.35421735 0.00084049 -0.02515369
0.21282415 0.01544044 0.14324240
0.36202663 0.03920072 0.00349027
0.09370973 -0.07467563 -0.10440095
0.30751050 -0.14232700 0.14114492
0.00175891 0.00413845 -0.09476745
0.05815852 -0.04590639 -0.12831628
0.07322673 -0.07355344 -0.00119992
-0.40857118 0.06571440 -0.05891782
-0.00276802 0.05631898 0.09732294
-0.19441682 -0.11592417 0.15336974
0.02267630 -0.04212172 0.14892556
-0.08590134 -0.06701735 -0.05133013
0.32355875 -0.06861500 0.00169957
0.24238858 -0.06530509 -0.10931382
-0.01827936 -0.01621972 -0.11136983
-0.21325396 -0.07611901 0.14074092
0.24584326 -0.12045345 -0.13873559
-0.06651466 0.01369003 -0.09499162
0.38711554 0.03231229 -0.01573573
-0.30541432 -0.01461612 -0.09953690
0.19076306 -0.04222188 -0.07666191
-0.11829200 -0.02975899 0.08865430
0.38887373 0.02511049 -0.08332743
0.39856833 -0.08892311 0.06187709
0.42292273 -0.06271979 -0.00052764
-0.21694280 -0.15089852 0.12857503
-0.29885533 0.00029119 0.10786062
0.27900237 0.03738582 0.07180829
0.28855193 -0.14046106 -0.11322033
-0.18524186 -0.01603949 -0.09705304
-0.16123150 -0.01651765 -0.06699563
-0.21922165 -0.00325984 -0.03483029
-0.00940323 -0.05588111 0.07331335
0.13102944 -0.07343719 0.02259085
0.26673383 -0.06528714 -0.05862970
0.28883168 -0.13263264 -0.12840910
0.07728259 0.16102295 0.10958399
0.12285048 0.13438000 0.08562550
-0.20864175 0.04157957 0.09630083
0.26289397 -0.08305159 0.11855803
-0.32790315 -0.05612284 0.04335956
-0.09673908 0.02650020 -0.00579933
-0.25254363 0.01943645 -0.09342690
-0.39927745 0.01157745 0.12897199
-0.12070175 -0.05517796 -0.14052550
0.24806425 -0.11513665 -0.12549074
-0.37007567 -0.05837950 -0.13036446
-0.17645280 -0.02930965 0.15006757
-0.39925516 -0.00166506 0.13727169
0.24478704 -0.14905405 -0.16077122
-0.27257288 -0.04576923 -0.04720151
0.27023500 0.05623752 0.11264775
-0.17059407 -0.04952931 -0.05434945
-0.22661373 -0.01621356 0.10438590
0.40424341 0.00617156 -0.09888829
-0.18673056 -0.08789591 -0.12078413
0.31411335 -0.09046225 -0.12884936
-0.23566324 -0.12558654 -0.10802089
-0.00294182 0.06986792 0.03292319
0.27457380 -0.15781710 0.15058886
-0.27726930 0.02783423 0.15108112
-0.00823883 -0.02617303 0.03905263
0.12971248 0.14358792 0.09293064
0.30494040 -0.13395941 0.12264153
0.28920534 -0.05413410 0.10069723
-0.13818628 -0.07192159 0.03788031
0.37165856 -0.07057399 -0.11762864
0.40926421 -0.05832608 0.10666762
0.23115720 0.06489556 0.08399590
-0.24877757 -0.16392304 -0.15422991
-0.05438450 -0.00100178 -0.14361717
-0.09668008 0.09370165 0.04582605
0.08421279 -0.06501491 -0.01669274
0.15675241 -0.06795543 -0.02268699
0.04263422 0.08890250 -0.12989314
-0.28238648 -0.06604744 -0.08684388
-0.18550755 -0.12712309 -0.10316060
-0.03735182 -0.07236882 -0.06114492
0.35928372 -0.02938531 -0.10033553
-0.36553681 0.04304709 -0.15088557
-0.03299714 -0.05355011 0.00947633
-0.25364697 -0.16631477 0.16337150
0.39614159 -0.02430267 0.00452125
-0.29959577 -0.09697384 -0.11185494
0.29870641 -0.09053499 -0.06078450
-0.14884889 -0.08557288 0.01258136
0.40609771 -0.00762248 0.03070232
0.41089734 -0.01041793 -0.05041083
0.28738171 -0.10643464 0.04488529
0.37223777 -0.08159868 -0.09095024
-0.15096772 -0.00489627 0.12881403
-0.00858347 0.15344262 0.03764103
-0.02760788 0.07757811 0.13405468
0.40469328 -0.02943283 -0.05954164
-0.28741324 0.00653906 -0.09066361
0.41880506 -0.04229885 -0.01505066
0.25439149 -0.11908664 -0.14603825
-0.20229557 0.00736189 0.12005974
0.11789308 -0.01839500 0.04417992
-0.20373164 -0.05987151 0.14117727
-0.09276076 0.02145403 0.00896318
-0.02733351 -0.06987735 0.01631296
0.36195111 -0.07156705 -0.04822300
0.25350064 -0.07635110 -0.12094796
0.30549407 -0.11871460 -0.10569678
0.24088170 -0.03596195 -0.07002930
-0.03737753 0.06833284 0.12326004
-0.20506942 -0.12178774 -0.14731562
0.29057038 -0.07642110 -0.03745306
0.17949851 0.06315122 0.11393785
0.31890479 -0.05628433 -0.05634937
0.37822929 -0.05876497 0.06784128
-0.25014049 -0.14030446 -0.12147084
-0.00661081 0.09218684 0.11962898
-0.32307157 0.01522776 0.10347484
-0.05218641 -0.03343234 0.15286511
-0.38006622 -0.01779515 0.05838504
0.38422254 0.02560073 0.07707813
0.00121831 0.12217519 -0.11901349
0.40551689 0.02586504 -0.01408835
0.22933416 0.06856506 0.02312084
-0.22649357 0.01639321 -0.08423555
-0.20482142 -0.07644126 -0.11519814
0.26526371 0.06775701 0.00666766
0.29212436 -0.05480168 0.14221111
0.31615707 -0.01095033 0.04599299
-0.32035142 -0.06143656 0.15381424
-0.10164910 0.06429735 -0.13836056
0.20425105 -0.08654612 -0.05714787
0.30842346 -0.05382178 -0.11712515
0.01565684 -0.05443158 -0.00173719
0.37153912 -0.05308584 -0.07959252
-0.24605577 -0.09598647 0.08982012
0.29342780 -0.12343436 0.05653890
0.36060348 -0.06912770 -0.07937158
-0.08752007 0.00978134 0.08883990
0.12362403 0.15141919 0.04594167
-0.23918188 -0.06200327 0.12013125
-0.05501964 0.05365669 0.13192491
0.34188539 0.01368397 0.13047135
-0.31915548 0.00436400 0.08123817
-0.20859650 0.03569906 0.14152709
-0.13019246 -0.01273719 0.12775302
0.31818366 -0.09887825 0.07352399
0.40983468 -0.02798484 0.10331011
0.04694602 -0.05836669 -0.13795620
-0.35490623 0.00276960 -0.09841976
0.32753983 0.04898301 0.06902223
0.33505833 -0.13522612 -0.14225473
-0.21555321 -0.11092221 0.08657435
-0.26250973 -0.14316927 0.08577264
-0.19066539 -0.00851955 -0.06479470
-0.09547549 0.00853289 0.01367188
-0.00964242 0.01382714 0.00315911
-0.00265552 -0.06498527 0.11367329
-0.21702966 -0.18757388 -0.14175422
-0.33313695 0.02941729 -0.14921750
0.08420790 -0.07030790 -0.06609305
-0.15755861 -0.01786290 0.11369967
-0.27864397 -0.05056597 0.15036020
0.22472872 -0.07500364 -0.12413871
0.27112672 -0.13917944 -0.15147945
0.39020848 -0.05103263 -0.13050930
-0.01929586 0.06096568 0.01319735
-0.20795956 -0.01036359 -0.14126182
0.35510290 0.03290993 -0.09063731
0.27815908 0.00223197 0.04369558
0.16965860 -0.06100901 -0.11152873
-0.02003332 0.02922298 -0.11423840
0.26583692 0.01542919 -0.14072584
-0.07874360 -0.01509858 -0.11303982
-0.00699827 0.09402194 0.13228457
0.24768212 -0.16509789 -0.12583221
-0.07279214 0.06701101 0.12394239
0.03592750 0.13483942 -0.10064542
-0.41014865 -0.03309607 -0.00650353
-0.33667320 0.04062155 -0.10479070
0.26603642 -0.01489301 -0.10218969
0.25615835 -0.00720336 -0.14305839
-0.15433344 -0.06003741 -0.04006720
0.16596052 0.09686105 0.08419675
-0.21227926 -0.16996704 -0.15502940
-0.08925947 -0.00842830 0.03383894
-0.01855255 -0.06077820 0.03159058
0.09505666 0.09897566 -0.11978810
0.29459348 -0.15555279 0.15176627
0.25256017 -0.06036984 0.09759022
0.03430501 0.13705918 0.11263164
-0.17072856 -0.09608741 -0.00050762
0.32926291 -0.04432130 0.10935842
-0.41124433 0.01755751 0.12395221
-0.11100805 0.00719248 0.09516531
0.00363361 0.06558816 0.04878638
0.37816730 -0.06180255 -0.04126442
-0.26885110 0.07819963 -0.14663348
0.41953033 -0.03056632 -0.00651520
-0.22197700 -0.13787878 0.10629744
0.07270104 -0.07249869 0.04930475
-0.20142850 0.05009313 0.14201361
0.29784483 -0.18464990 -0.14042301
-0.38802215 0.05057989 -0.13799253
-0.07845358 -0.07325311 0.02404874
-0.02777877 -0.06026968 0.14030395
0.30430779 0.03764691 0.02508188
0.40638965 -0.07239597 -0.03267587
0.20224726 -0.06766161 -0.06052065
-0.22144108 -0.11514622 -0.08238614
0.25593188 0.05229358 -0.05800094
0.34671679 -0.11720732 0.16041350
-0.18482447 -0.15076335 -0.11062468
-0.25185770 -0.09277980 0.06348445
0.08743746 0.15605159 0.10118363
-0.11650411 -0.07344530 0.14094594
0.07328333 0.03686363 -0.14555509
-0.31065339 -0.04907293 0.11511140
-0.41308740 -0.03372112 -0.12249403
0.23675624 -0.08950513 0.11639451
0.00420750 0.09841190 -0.04580569
-0.23711111 -0.15048417 0.12001126
0.40446422 0.01170999 0.06308930
0.19650477 0.00200729 -0.14121529
-0.41461110 -0.04143475 -0.10901403
0.29597515 -0.11088125 0.10059846
0.26652327 -0.18344463 -0.11338298
0.08502283 0.15458532 0.11279065
-0.19956125 -0.04714658 0.07801066
-0.20168708 0.02504545 0.12243840
-0.30266738 0.02842275 -0.13881513
-0.01215854 -0.00572158 0.07759845
-0.03842032 -0.02944534 0.03618122
0.25384787 -0.03404955 -0.10400896
0.38635495 0.04863502 0.00267760
-0.33894235 -0.05972642 -0.07821244
-0.03757881 0.01315087 -0.12268606
-0.41002351 0.00478122 0.05937865
0.23996715 -0.06671665 0.04247357
0.16655971 0.10802057 -0.10036442
0.25312850 -0.07414268 -0.14054659
0.16569649 -0.00063772 -0.02069132
0.31896058 -0.11686213 -0.14270082
0.41115403 -0.00705974 0.02386133
-0.03486162 0.13546973 -0.06816594
0.32982060 -0.17253301 -0.11231247
-0.38252312 -0.01598232 0.14920169
0.12660328 0.09402658 -0.12684777
0.42520744 -0.04659123 -0.00799403
-0.31786600 -0.03578620 -0.10465334
-0.40494230 0.04328298 0.01629762
0.26815483 -0.10212329 -0.05393868
-0.31706530 -0.06154142 0.12168638
-0.03036041 0.03669311 0.04645734
0.07173372 0.15122847 0.08137497
0.40565324 0.03403508 0.01739065
-0.39736366 0.03336246 0.12294061
-0.23626663 -0.06432005 -0.08296582
-0.02732367 0.03147302 -0.06515030
0.31119895 -0.11120555 0.08080068
0.40621918 -0.01531060 -0.06190883
0.15432017 0.12706730 0.02378576
0.31477195 -0.09989720 -0.11678290
-0.09132959 0.00793864 0.06703288
0.28366807 -0.05628179 0.04843996
-0.39050579 0.04945255 0.13887998
-0.13077213 0.00292245 0.06376160
0.26253992 -0.13722742 -0.10507117
0.24319197 -0.00669578 0.06762668
0.30800653 -0.15387458 -0.14772017
-0.07294516 -0.06391305 -0.06697305
0.16322532 0.11849663 -0.11115534
-0.20219538 -0.14429894 -0.11240054
0.39445606 -0.06608530 -0.10334495
-0.29166192 -0.00828047 -0.07630271
-0.21319638 -0.04443839 0.10767484
0.01207429 -0.01261216 -0.04070985
-0.23780583 -0.06990039 0.13450427
-0.32059810 0.02176492 0.13405015
0.30193138 -0.15966083 0.06033265
-0.08873589 -0.06258913 0.09683606
-0.00307734 -0.04948712 0.01716154
-0.24580859 -0.03092610 -0.10344304
-0.04452765 -0.05626905 0.05280180
0.40166634 0.02187420 -0.01448345
0.00312696 -0.06728989 -0.07124130
-0.00700697 0.00128253 0.03197853
0.23666367 -0.07044735 0.07499634
-0.25152412 -0.06186187 -0.14901496
-0.30593732 -0.07319888 -0.14891630
-0.20794024 -0.00773933 0.01491679
0.19174629 0.06859703 0.06730317
-0.28977203 -0.02539252 0.10109419
0.39743635 -0.03022759 0.06245900
0.01828462 -0.06836346 -0.13897927
0.18206321 0.04250561 -0.12309055
0.28190085 -0.02523759 0.06867554
-0.18930140 -0.06540766 0.14117481
-0.37019330 -0.04378857 -0.14274710
-0.11969808 -0.01664556 -0.07340842
-0.02791812 -0.07977472 0.02818353
-0.21299978 -0.01904889 -0.01810906
0.00107339 -0.06603048 -0.05051091
0.24614640 -0.14285848 0.13753554
0.26181278 0.05570029 0.11521249
-0.17155495 -0.09002776 -0.12970777
0.23478274 -0.03145575 -0.06074502
-0.25388604 -0.18801478 0.11813148
0.05495763 0.14297809 -0.03411931
0.41142440 0.00536190 0.06211779
0.29739726 -0.18360183 0.14463748
0.29060340 -0.15771002 -0.15648681
0.27708822 0.05787644 0.00736262
0.30301204 -0.18886787 0.15334958
0.22459289 -0.00578429 0.11882319
0.11149981 0.15179385 0.05483438
0.03041015 -0.00636439 -0.07798452
0.24376890 -0.04810075 0.06023547
-0.07348919 0.01202822 0.02272522
-0.04198664 -0.04424263 -0.06833106
-0.40109116 0.03742324 0.06589709
-0.41699305 -0.06124715 0.07484946
0.29930955 -0.07560104 -0.12871416
0.32318950 -0.06927926 0.14682485
-0.03566847 0.06827344 0.14159660
0.33340162 -0.13795750 0.14114752
0.05019055 0.13532472 -0.09561004
-0.40731657 -0.02215625 0.14541414
0.15750238 0.13017255 -0.03731666
0.06360470 0.02480162 -0.14012919
0.33778453 -0.06327006 -0.07470860
0.02139142 0.01216636 -0.10932407
-0.03085894 0.13560238 -0.08980031
-0.31630471 -0.06436589 -0.01990016
-0.33034316 0.06246207 0.14424030
0.30409092 -0.11689328 -0.13057183
0.02704244 -0.07970432 0.14385036
-0.08413178 -0.02884617 -0.08249110
0.13854405 0.09159918 0.12734626
-0.29408488 -0.14270756 0.11601120
-0.17012514 0.02623918 -0.11270615
0.11694452 -0.08084112 0.14187914
0.19949968 -0.07693130 -0.01671945
0.29438180 -0.06840774 0.10674286
-0.38707489 0.04784343 -0.11769083
-0.33125889 -0.01567542 0.06376827
-0.40684244 -0.00340265 -0.00876768
0.18226621 -0.03434040 0.05191751
-0.23049524 -0.03639439 0.10354723
0.29803994 0.04375958 0.01103675
-0.18825816 -0.05324929 -0.01737408
-0.25348026 -0.04293208 -0.09357000
-0.25947180 -0.04623105 -0.14530820
0.28975427 -0.18176052 0.13840459
0.28234124 0.01405604 0.12974516
0.27192086 -0.10830591 -0.14807989
0.03820837 -0.07452150 0.04667109
-0.17829238 -0.08559812 0.12735452
0.36196935 -0.06532282 0.11408641
0.24791402 -0.13980673 -0.12854646
0.08729240 0.07129094 -0.13103142
0.30638424 -0.06525277 -0.09793520
-0.39891854 -0.00472762 -0.03088709
0.04146417 -0.06964293 -0.11983417
-0.03083408 0.01422700 -0.03559531
0.27179700 -0.03584381 0.09694317
-0.34249783 -0.04404297 -0.14700285
0.05942812 -0.05727108 0.11720722
-0.16891402 -0.16275686 0.12396334
-0.09009252 0.02458204 0.08660761
0.10710409 0.14862484 0.09674748
0.10430890 0.01215694 -0.13397087
-0.18181095 -0.04885466 0.10217323
-0.31016633 -0.09374489 0.11775096
-0.41371524 -0.05700865 -0.08093396
-0.25668985 -0.07598812 0.13034324
-0.06522905 0.07549885 0.09574156
-0.24398066 -0.14096445 -0.11452612
-0.21870226 -0.09512197 0.01721414
0.18778589 -0.05781860 0.10878444
0.02990186 0.16286172 0.06052596
0.40569100 -0.02726136 0.05116312
0.13345517 -0.07505088 -0.07060883
-0.20743357 -0.12748758 0.12748194
-0.08956490 0.01324365 0.06034480
-0.22554539 -0.15364511 0.12183509
-0.24036723 -0.05450532 0.04476956
0.03603398 0.02439293 0.13991751
-0.20472462 -0.08480398 0.14975601
-0.23474009 -0.07900053 -0.14624642
0.23618934 -0.11114214 0.10321241
-0.38581526 -0.01209856 -0.12555082
0.27788547 0.02967953 -0.13275582
0.22779849 -0.06466970 -0.09948192
0.02485964 0.15881245 -0.08359668
-0.24409829 -0.03357875 0.10925069
-0.14731118 0.06900243 0.11946803
0.39701527 0.04232733 0.01532251
0.03817270 0.15563937 -0.03545202
-0.08603759 -0.01084288 0.15024303
-0.22256151 -0.18374987 -0.15321244
-0.24261327 -0.10325611 0.01823376
-0.12869763 0.05058762 0.14588250
-0.24806720 -0.10760052 0.14508647
-0.33899790 0.01698689 -0.11156651
-0.04141103 0.04262210 0.03509865
-0.38286495 0.00650731 -0.00383637
-0.20196086 -0.05559985 0.06614945
0.24293974 -0.06611532 0.14489551
0.02634954 0.08918720 -0.07551060
-0.03917027 0.13069762 -0.04070851
-0.14162657 0.01112128 -0.06413793
0.25413603 0.05994727 0.11043881
-0.21238811 0.05282703 -0.08896273
0.23256227 -0.00262947 -0.04305396
0.36833075 -0.09133660 -0.02360573
-0.01411072 0.06644537 -0.09841506
0.21083447 -0.08378049 -0.08409055
0.28508887 -0.03085587 -0.13687859
-0.27694261 -0.05621674 -0.00684086
0.00258007 0.04033905 -0.05803201
-0.27686477 -0.18191631 0.11346225
-0.16713504 -0.00037437 -0.12996408
-0.01139494 -0.05819403 0.08614273
0.25332922 -0.06517173 0.02330223
0.14759806 -0.02795095 0.14441559
-0.29274052 0.00479619 -0.08488501
0.23278095 -0.06204144 0.13837606
0.04905178 -0.03050514 -0.04326062
0.19035976 -0.05915640 0.09975301
0.29373738 -0.10152288 0.07399567
-0.04005262 -0.07164922 0.14756817
0.32302925 -0.07608917 -0.15123291
-0.02132974 -0.00556409 -0.14613931
-0.18642765 0.03517592 -0.14280660
0.01601471 -0.00916298 0.00921557
0.33140498 -0.17173320 -0.07613236
0.13318940 -0.07773478 -0.03301804
0.34995782 0.01619315 0.13049731
0.34411564 -0.16560984 0.13403699
-0.11923168 0.07295455 0.10114480
0.13674675 -0.04722764 -0.12655440
-0.04658931 -0.06403855 0.13465251
-0.22043224 -0.06905124 0.11074221
0.29980177 -0.09242125 -0.12962243
0.12347810 -0.07153698 0.00400203
-0.21894974 -0.16894178 -0.11625230
-0.38823473 0.04078276 -0.12091045
0.28986484 -0.05844440 -0.04720105
0.21099319 0.06863670 -0.03302991
-0.02047527 0.08428679 -0.12047728
0.39845034 -0.06052255 -0.03487555
0.23213744 -0.04326117 0.11377624
0.27201921 -0.06838080 0.10213281
-0.19303986 -0.15515725 0.12096167
0.11497390 0.02933373 0.14113715
-0.41028097 -0.00513626 0.13131559
-0.11208262 -0.06237188 0.03313513
-0.25327033 -0.17687477 0.13758758
-0.21900165 -0.10742083 -0.14609769
0.04086111 -0.07913362 -0.13958478
-0.39473599 -0.01840612 -0.09599099
-0.03811781 -0.06440762 0.13300142
0.10417653 -0.00113339 0.01351749
0.12448287 -0.01822845 0.00822896
0.05427247 0.16525830 0.02998207
0.03403788 0.09056241 0.09534086
0.09109912 0.15154848 -0.09386514
-0.08950257 -0.08184979 0.07137136
-0.16634107 -0.06614500 0.00567663
-0.20726015 0.05870847 -0.13894907
-0.17696896 -0.16741814 -0.14622076
-0.31596881 -0.04202372 0.06022568
-0.39350155 -0.04494087 -0.10955989
0.39428920 -0.05653299 0.13344857
-0.41938198 -0.08541270 -0.05887417
0.24057436 0.07069162 -0.09989423
0.15228313 0.05353312 0.06154278
-0.40434992 0.02885853 -0.01490938
-0.37820971 -0.04253547 -0.08180359
0.37069818 0.01527203 0.13746111
0.11549945 -0.01438176 -0.01974032
0.20025648 0.07556147 -0.03383224
0.29283348 -0.15670767 -0.12731086
0.01868200 -0.05151135 0.14384268
-0.37193030 -0.01245615 0.10219774
0.41409010 -0.04654870 -0.00509821
0.35284057 -0.08761072 0.13262326
0.33067176 -0.13532147 -0.11977964
0.09087120 0.01289404 -0.11606967
-0.37516823 0.05468540 0.07377361
0.32197055 -0.09805560 -0.12675433
0.04298378 0.01372305 -0.14391680
-0.32159150 -0.06711762 0.07847255
-0.01453270 0.11384994 0.08895604
-0.28943136 -0.09830488 -0.10940146
-0.04089430 0.12376425 -0.09938742
0.01734842 0.10554813 0.12847826
0.08388653 0.02711503 -0.13508269
0.01743093 0.04496412 0.14404310
0.34682950 0.05073341 0.00777196
0.30257812 -0.15775475 -0.11226193
-0.15540218 0.00951304 -0.04123075
0.18220225 -0.07958334 0.00547791
-0.10144861 -0.09021558 0.00856784
-0.20702057 -0.04526287 0.11806090
0.26390004 -0.11735765 -0.13363482
-0.20105916 -0.09168740 -0.00650926
-0.13517147 -0.02015929 -0.02698068
0.03148245 -0.02500311 -0.09830417
0.36167088 0.02499570 -0.13804424
0.24160911 -0.14260232 0.11405133
-0.40391216 0.01195741 -0.00315253
-0.02644776 0.11013781 -0.12252671
0.02923222 -0.05997985 -0.14323765
-0.19966847 -0.06148102 0.14810677
0.31284153 -0.10638643 0.10266781
0.01105735 0.09780120 -0.11812738
0.33631912 -0.02949008 -0.03544905
-0.41776189 0.03864177 -0.05592179
-0.21580377 0.02157342 0.11490522
0.27780658 -0.09929265 -0.11451563
-0.36851546 -0.03805492 -0.14925888
-0.05282735 -0.05840722 -0.08617632
0.25357386 0.04272052 0.13362727
0.30135694 -0.10500365 0.15031442
-0.28348279 -0.15517811 -0.09736674
0.33840272 0.04399627 0.03405343
-0.10274875 -0.06820957 -0.10954339
-0.07231125 0.00150824 0.12776242
0.00405492 -0.00122437 -0.00479013
-0.16784188 -0.01723117 -0.05593889
0.21344559 0.07167593 -0.06325702
0.14438042 0.13667539 0.06387334
0.30004874 -0.18622401 -0.14274435
0.28421202 -0.04729191 0.09560627
-0.07694106 -0.04798393 0.10131009
0.21585634 0.00780577 -0.13832362
0.40349767 -0.00831018 -0.04628965
-0.05887435 -0.02006636 -0.02084625
0.33736041 -0.14974998 0.14542693
0.06026123 0.05146384 0.13961734
0.12937158 -0.06843319 0.05967812
0.32456967 -0.17104766 -0.11568804
0.02955841 0.15965705 0.08922507
-0.10131812 0.00223912 -0.13766588
-0.18825135 0.01674356 -0.13561232
-0.27420995 -0.17965581 -0.12233773
-0.20303641 -0.11639913 0.15379807
0.24228494 -0.07868297 -0.14533077
-0.37047374 0.00510887 -0.13317268
0.24378321 0.05656547 -0.08188206
0.36264169 -0.01353819 -0.13734375
-0.18433248 0.03731864 0.13891870
0.28065416 -0.07858717 0.10860968
0.13743885 0.14449431 0.00423005
0.08797540 0.05516075 0.12358275
0.25789943 -0.07627892 -0.03606280
0.20598534 0.06024884 -0.08914942
0.23405088 -0.12336510 -0.14710771
0.16097099 -0.06611181 -0.05602372
0.30070311 -0.07939094 -0.03122811
0.37642074 0.01625856 -0.13725124
0.01229975 0.13177346 0.10930655
-0.23166090 -0.07563222 0.14356516
-0.40187103 -0.02457423 0.00618771
0.08289535 -0.07273736 0.01240921
0.18964264 0.08836585 -0.08465952
-0.39594856 0.02434972 -0.12355445
0.36876073 -0.06338457 -0.05171832
-0.03002829 0.05138971 0.03739509
-0.28395644 0.03670271 0.15004456
0.16482480 0.11982433 0.08150488
0.22309139 0.06457556 0.09143361
0.31381574 -0.00956653 0.08802152
-0.28811628 -0.05853251 0.10153464
-0.32330289 -0.03939094 -0.13051230
0.40659687 -0.07172099 -0.07834265
0.23215899 -0.08019702 -0.11708575
-0.15976670 -0.01991263 0.00131389
0.13462014 0.00206231 -0.14272211
0.02504602 -0.05662308 0.07063743
0.20685479 0.05370966 0.13762295
-0.23451866 -0.08156891 -0.03239967
0.29214883 -0.06135262 -0.06911612
0.38493371 0.03185137 0.08255282
0.27321976 -0.04674077 -0.13700148
-0.06415787 -0.07189981 0.14064535
0.07040071 0.15649675 -0.03719842
-0.22455615 -0.11522289 0.07606374
0.31486928 -0.16038838 0.10372534
-0.21100429 -0.16915970 -0.11604633
-0.03738811 0.02181008 -0.03824561
0.22115305 -0.07036449 -0.05819421
-0.02808141 0.10239589 0.03060277
0.27254489 -0.10095388 0.13833138
0.35789302 -0.05519672 0.09370912
-0.06612821 0.00193542 0.00484527
0.30766860 -0.07999234 -0.06624999
-0.25994590 -0.10992043 -0.11386202
0.13390930 0.14525743 0.04555854
-0.19456348 -0.04652920 -0.05540971
-0.19049214 -0.08177650 -0.09207244
-0.41427234 0.01481652 0.10597216
0.20922373 -0.04060476 0.08089400
-0.10675955 -0.02866345 -0.11834051
0.35899180 -0.04800972 -0.08497325
-0.23135886 -0.16211614 0.15003435
0.27157992 -0.14409558 0.09337963
0.27280560 0.04426621 0.05755807
0.18002187 -0.04335349 0.00903021
0.07157984 -0.05248163 0.07541475
-0.34183660 -0.01170049 0.02151306
-0.03251994 -0.05818981 -0.00082607
0.38579357 0.03197877 -0.12164503
0.06882085 0.16354513 0.09890024
0.27183872 -0.07646119 -0.04840892
0.36520886 -0.07476327 -0.07391087
0.30063400 -0.09338933 0.14135067
-0.25553927 -0.00244633 -0.05206106
0.12792389 0.14757723 0.05533479
0.35467353 -0.02357422 -0.10675928
0.25944549 -0.01354866 0.02747956
0.33394885 -0.11748566 0.11757225
-0.23814754 -0.06016460 0.11476093
0.35957351 0.03516115 -0.02057033
0.19316594 0.04610333 0.13811997
-0.03704222 0.05445353 0.01236525
0.21795605 -0.05278112 0.13699803
0.02196647 0.00279431 0.14907780
0.15611988 0.00801653 -0.09360696
-0.36499506 -0.01724742 -0.00900728
-0.30786720 -0.05339117 -0.03883906
-0.40149483 -0.02942759 -0.03203960
-0.21236548 -0.06248333 0.02732259
0.23930024 -0.10565150 -0.14182448
-0.21379063 -0.09812281 0.02866729
-0.25023150 -0.18184765 0.15687841
-0.21357924 0.03920805 0.08551754
-0.10690147 -0.03387164 -0.14902002
-0.17277837 -0.01934623 0.13327107
0.39623809 0.04449539 0.05657719
-0.03868788 0.15508068 -0.03382400
-0.01934336 -0.00327881 0.08088946
-0.26424736 -0.18668906 -0.15198620
-0.09510817 -0.00750052 -0.00827700
-0.30470806 -0.08032042 0.13335183
-0.03614125 -0.01104093 0.14114507
0.26036289 -0.09935319 -0.06668575
0.02408852 0.05713091 0.14112262
0.34153664 -0.05543625 -0.10642380
0.16360013 -0.08149335 0.04211541
0.34766245 -0.13711804 -0.14909571
0.38098100 -0.00327767 -0.03940273
-0.14680138 -0.03681560 -0.14062276
0.33512789 -0.14082886 0.15829057
0.23372951 -0.00388882 0.14282855
0.35456404 -0.04344658 0.14165844
-0.11983931 0.00106489 -0.00746243
0.24005072 0.01500348 0.10784173
-0.11686124 0.06636238 -0.12569219
0.26354247 -0.15239313 0.11557348
-0.26358926 -0.05548477 0.13268292
0.35070166 -0.15327755 -0.14156286
0.00065014 -0.04792592 -0.07725470
-0.06180644 -0.02537842 0.14655252
-0.04709153 -0.06972995 0.06492747
-0.26152462 -0.06061195 -0.03900870
-0.02266003 0.02939930 0.11616831
-0.00942042 0.01656527 -0.00745516
0.04702976 0.09188905 0.07163765
-0.04412448 -0.05535020 0.12663640
0.33921775 0.00058626 0.14416708
0.14800665 0.11529555 -0.11282685
0.30416882 -0.08559467 0.10816254
0.03232910 -0.06771926 -0.08624636
-0.05927715 0.15349966 0.04742033
-0.00912012 0.02497091 -0.06161868
-0.03781626 -0.01850552 -0.04276600
-0.02824837 0.06130005 0.03471594
-0.32480353 -0.06181725 0.06696899
0.31448016 -0.10972019 -0.08193906
0.31514344 -0.15528980 -0.14951830
-0.23977280 0.02685190 0.14820877
0.00257956 -0.07708036 -0.13889980
0.12507579 0.15046681 -0.02957251
0.39986137 -0.03537010 -0.04931745
0.19115160 -0.07408425 0.12828150
-0.40934420 0.07885171 0.01644553
0.35672924 -0.04556729 -0.14138635
0.00809085 0.14979856 0.03057579
-0.20067328 -0.01926102 -0.02701310
-0.22789463 -0.14282608 0.14065132
-0.04681443 0.03404567 -0.11604287
-0.02377640 0.01636780 0.01648127
-0.05113338 -0.04997655 0.05759852
0.01022732 -0.01923009 0.15029074
0.22575326 -0.09119643 0.10874452
0.06561786 -0.06740523 -0.01289878
0.42480713 -0.05961853 0.03867854
0.26641393 -0.01951019 0.13983664
-0.29593599 -0.09411913 -0.15675120
0.32763663 -0.10892674 -0.00794337
-0.21721090 -0.09111544 0.15681684
0.32003677 -0.08011070 -0.08086188
0.23857048 -0.07329249 -0.11966119
-0.39722338 -0.00609744 -0.07657183
0.05714820 0.08411609 0.08435884
-0.39594990 -0.08083548 -0.08527835
0.16089694 0.00577628 -0.03329191
0.22660220 -0.10464140 -0.12139268
0.27646086 -0.16724901 -0.14123026
0.22481534 0.02943212 0.14492194
0.29756305 -0.05812584 -0.12617172
0.31142411 -0.05704352 0.12462117
-0.15325008 -0.05583265 -0.10175672
-0.03197082 -0.00507559 0.06234275
0.24262238 -0.09012441 -0.09845500
0.02634373 0.03514701 -0.09959487
-0.22455925 -0.03550464 0.09034368
-0.13792142 0.06020029 0.13505819
-0.36059353 -0.02016212 -0.09170090
-0.22860733 -0.10528537 0.01275544
0.20355061 0.07156359 -0.05572682
0.22085194 -0.09272426 0.02203980
0.05866811 -0.04582581 -0.12051006
-0.01765525 0.16053024 0.07583835
-0.24088638 -0.10099494 0.04137948
-0.19744276 -0.00695049 -0.09073906
0.40200743 0.02038332 -0.09883459
-0.36557055 -0.00386007 0.07423642
0.16281793 0.12076046 0.02874079
-0.32681403 -0.06858522 -0.14202267
0.05139729 -0.05154910 -0.05608223
0.18881837 -0.06766137 0.01618747
0.05601870 -0.05526431 0.14457411
0.01888140 -0.04241194 -0.12663302
-0.41509664 0.00872879 0.09568339
0.09563547 -0.02980170 -0.14111973
-0.41083887 -0.04200893 -0.13231175
0.01117358 0.01796401 0.10250913
0.35864645 -0.07401183 0.12290623
-0.04362285 -0.07344259 0.07283369
0.26204139 0.04974151 0.06921486
-0.26791093 0.02053890 0.13852505
-0.18375078 0.04657733 0.13899089
-0.29390472 -0.08525704 -0.14652944
-0.40690884 0.07989988 -0.03113774
-0.02823280 0.06604438 0.06716451
0.41150209 -0.00559455 -0.07282209
-0.04911771 0.14453830 -0.02929283
-0.25746652 -0.03401389 0.01470835
0.23416561 -0.05970595 -0.12287669
0.18364856 0.07014246 -0.16969544
0.40079468 0.03395935 -0.01450124
-0.41397402 -0.00913175 0.03384459
0.22795132 -0.07277218 -0.11185913
-0.21018212 0.01162440 -0.14859661
0.29010952 -0.10098521 0.09292787
0.16478911 0.07351422 -0.15393120
-0.12432751 0.07811050 0.09161787
0.41415057 -0.02961900 0.00465727
0.08708952 0.16235392 0.02177965
0.02243029 0.14121898 -0.11337483
0.17205061 -0.01140987 0.03027241
-0.14393562 -0.02827116 0.06880260
-0.25621015 -0.13856685 -0.07071729
0.29371434 -0.10054182 0.09433168
-0.10796548 -0.02023399 0.06389058
0.11087561 -0.07673757 -0.02351005
0.20097385 -0.08097866 0.06566932
0.31953412 -0.02592017 0.14156598
-0.18269873 0.01369843 -0.10962890
-0.03814080 -0.02448863 0.11890396
0.29980138 -0.18581635 -0.14004485
-0.07241841 0.05318914 -0.13424671
0.35084501 -0.11175267 0.15355523
-0.13808827 0.00423775 -0.04186221
0.38949457 0.04712922 0.06364366
-0.23305981 -0.08944073 0.05804117
0.09226499 0.06469849 -0.12770672
-0.22511347 -0.03816555 0.08189352
-0.27368480 -0.17137513 0.11135402
0.34709650 0.03916496 -0.09604325
