0.14388672 -0.14810033 -0.14429010
-0.10475406 -0.09746680 0.02381376
-0.04428934 -0.11912195 -0.18540633
-0.22187077 0.29773200 -0.11248450
-0.24051979 0.09322178 0.03803311
-0.03706716 -0.07845452 0.02718420
-0.16698332 0.26508719 0.14352432
-0.13951255 -0.30220082 -0.01495746
-0.20361894 0.16310002 0.00501146
-0.18942381 -0.15939094 -0.04512309
0.26118100 -0.20434561 -0.15426914
-0.19843909 0.16822979 0.14448546
0.23656198 -0.13736740 -0.17610849
0.20588613 -0.32759964 -0.12319385
-0.10541036 -0.04057411 -0.17112760
0.09588119 -0.12909526 -0.09814651
-0.19809476 0.04060269 0.17866835
-0.24974975 -0.02609653 -0.01967566
-0.10298983 -0.32268107 0.06138347
-0.18543532 -0.03814637 -0.16104245
-0.04139841 -0.06296481 0.04675982
-0.10369198 -0.06025556 -0.16651769
0.09292293 -0.15721238 0.12246343
-0.14310813 0.05270155 -0.04867094
-0.07701319 -0.30885938 -0.03034431
-0.24537534 0.27914801 -0.10203919
-0.18189844 0.20694438 -0.14716065
-0.20477651 -0.06651329 0.08319491
-0.13101593 -0.18180248 -0.16268176
-0.23372938 0.17348218 0.14016014
0.15095463 -0.12850951 0.06777142
0.25269318 -0.27350587 0.11226828
0.08501061 -0.11355814 -0.11824894
-0.07953125 -0.30556872 0.12938774
-0.04793423 -0.23748620 -0.18751186
0.24355812 -0.17958437 0.13466810
0.13156663 -0.31835011 0.10424241
-0.13330413 0.00598191 -0.10699500
0.27329120 -0.21954513 0.14853047
0.28044641 -0.23477373 -0.11562198
-0.00228303 -0.30579105 0.17361824
0.23581567 -0.19070010 -0.14711547
0.21375214 -0.08378777 0.17885846
0.11294110 -0.12574810 -0.01131955
0.27975196 -0.23107192 -0.13568594
0.24237323 -0.19707336 0.01657019
0.18136534 -0.21455345 -0.14524987
-0.21794993 0.06783586 -0.04519150
-0.16384406 0.16459730 0.15451060
0.24971256 -0.20959103 0.18233396
-0.21723476 0.09936087 0.17883158
-0.23526007 0.23942938 -0.11336931
0.08878985 -0.20880550 0.17592883
-0.21213850 0.00347573 0.02247286
0.24561672 -0.25777182 0.14600307
-0.16975534 -0.15188825 0.01348705
-0.00376740 -0.23979506 -0.17470221
-0.22117703 -0.04245442 0.18577328
0.26493925 -0.19854450 -0.01392335
-0.10606835 -0.06308532 0.17539111
-0.19358866 0.25566238 -0.12405865
-0.04201413 -0.09881036 0.16121423
0.24311444 -0.21475211 0.17310667
-0.21920176 0.31058365 0.04099442
-0.02583339 -0.14297995 -0.00684843
-0.25278494 0.04619893 -0.06670754
-0.16906995 0.10233600 -0.18757007
-0.04910329 -0.04389268 0.08709875
-0.19445814 0.08974674 -0.14743271
0.17303182 -0.10417660 -0.06213988
-0.25169915 0.06275751 0.01089368
-0.23773022 0.13776515 -0.03734671
0.26386675 -0.27553359 0.00395436
-0.13487664 0.12561551 0.15892504
0.12748942 -0.30000263 0.02303368
0.15873089 -0.13856238 -0.00318032
0.02617795 -0.31667265 -0.01073555
0.23436883 -0.29163042 -0.00766416
0.09539099 -0.24362995 0.17262134
-0.03512464 -0.16145374 -0.18602636
-0.17018628 -0.07222208 -0.14227268
-0.25727129 0.09474830 0.02802441
0.23920634 -0.16529976 0.07320473
0.15907155 -0.33606827 0.07096664
0.15638708 -0.33673579 0.14044780
-0.27149877 0.22072151 0.07149681
0.25827962 -0.24137798 -0.05690961
0.24536407 -0.23341995 0.11300941
-0.21851768 -0.11738929 0.00300367
-0.24798593 0.30846837 0.05257683
-0.19484930 0.19643229 0.17839320
-0.20518254 0.32957304 -0.04349560
-0.04805543 -0.09817708 0.17723154
-0.06351617 -0.32297099 0.09831309
-0.21984793 0.03415857 -0.16597483
-0.16025268 -0.04866873 0.19793920
0.09817518 -0.16524146 -0.13033998
0.12534636 -0.07464665 -0.16732942
0.13070448 -0.13723664 0.01861701
-0.15831807 -0.04454667 -0.16708724
-0.25810993 0.20998800 0.01208956
0.18693130 -0.19307126 -0.11611474
0.08555244 -0.27250275 -0.19159420
0.05788419 -0.14937237 0.06900960
0.18397780 -0.15870599 -0.01215417
0.25826693 -0.20372535 -0.15298200
0.24560511 -0.11497090 -0.03470926
-0.16224414 0.10545263 -0.06929557
-0.14238451 -0.17079677 0.07148793
-0.22416401 0.02207882 0.16396095
0.03948089 -0.31853285 -0.03586343
-0.11110887 -0.00470561 -0.09435636
0.03305960 -0.17309956 -0.11126230
0.26816756 -0.17579933 -0.09629655
-0.13086003 0.04782129 -0.02659662
-0.22484222 -0.04651934 0.11299239
-0.13360243 0.13582961 0.08554816
-0.08503316 -0.02872776 0.08982392
-0.12830371 0.08651404 -0.05707347
0.21769372 -0.29330897 -0.11474987
-0.18552679 0.31185290 0.15854059
0.15006708 -0.13156086 -0.04005591
-0.09641249 -0.04515928 -0.12291065
-0.18388399 -0.12365919 -0.17660302
-0.06960567 -0.24997702 0.17515522
-0.25027499 0.07477047 0.04097471
-0.03056468 -0.01771828 0.16141610
0.07683192 -0.30504853 -0.15861353
0.21972941 -0.18091363 0.10121642
0.22086373 -0.25427493 -0.17449808
0.22228104 -0.32929331 0.13038768
0.11673664 -0.31466621 -0.12078066
-0.20279779 -0.01579478 -0.03975976
-0.21905175 0.32424524 0.11036340
-0.09074751 -0.30019355 0.14219204
-0.19197740 0.07188785 -0.14744532
-0.16296464 0.06649999 0.12325315
-0.21772471 0.02196080 0.04236366
-0.14963448 0.27555114 -0.11638062
-0.12547685 -0.05742331 -0.17030832
-0.18748175 -0.19676732 0.00021429
-0.11456393 -0.25931337 0.04175720
0.19255073 -0.32881671 -0.08050243
0.21022256 -0.19045243 0.00719453
0.04335713 -0.15115461 0.19813514
-0.13022014 -0.26021445 -0.15395595
-0.18682282 0.03505990 -0.16920617
-0.16495870 -0.03392484 0.18567096
-0.08061094 -0.19010216 -0.17861556
0.22006491 -0.18159029 -0.16158305
-0.18112975 -0.14553811 0.15367502
-0.13374078 0.06177940 -0.14098787
0.21252899 -0.32006952 -0.02704792
-0.19382374 0.10577156 -0.15800230
-0.10344593 0.00527509 -0.10226968
-0.15849403 0.11309461 -0.01793248
0.19092244 -0.33496097 0.13654992
-0.14524908 -0.11380994 -0.04710157
-0.11696711 0.02378375 -0.14331046
-0.08767958 -0.24627757 -0.18806197
0.16762725 -0.10294469 0.15968955
-0.20149173 0.26508769 -0.11298031
0.21309850 -0.21990658 0.06626160
0.12496535 -0.20980406 0.19842520
-0.20971629 0.06185058 -0.14639606
-0.21735448 0.29334405 0.12448345
-0.05228737 -0.08850467 0.17248027
-0.16987409 0.25852647 0.18106118
-0.11713345 -0.29916894 -0.06794968
0.08623429 -0.12088686 -0.02804311
-0.14638750 -0.26310933 0.03224257
-0.18292338 -0.13367133 0.00611929
-0.21090831 0.07432517 0.03467455
-0.17678121 -0.00529285 0.17445046
0.01833251 -0.25820893 -0.17216010
0.14677174 -0.22410624 0.18866444
0.24921393 -0.14968255 0.13605627
-0.08914934 0.05358413 -0.14845692
-0.10879526 -0.31234524 0.02047219
-0.07480083 -0.07842046 0.06643644
-0.16199926 0.11468672 0.01013578
0.10502783 -0.12161387 0.02382971
-0.20757115 0.22734031 -0.11873394
-0.17189431 -0.29181725 -0.02098532
0.26112130 -0.27915275 0.02627316
-0.21392941 0.01182186 0.13874736
0.24974650 -0.21761540 -0.11867072
0.26131895 -0.19014134 -0.03442828
-0.21401756 -0.01585981 0.08777906
-0.22842652 -0.02007392 0.02614339
-0.10683990 0.01248020 -0.16633607
0.03089775 -0.11668839 0.01687719
-0.25422552 0.24526836 0.08118348
0.25456524 -0.20119469 0.08611832
0.14603998 -0.14645958 0.11861700
0.11905393 -0.32901660 -0.01804275
-0.11498877 0.01255834 0.13019305
0.04125309 -0.10122222 -0.02901153
-0.07377277 -0.32268369 -0.12894185
0.28732160 -0.21317816 -0.03008701
-0.00228480 -0.16481014 -0.14625120
0.22189541 -0.27254659 0.15809268
-0.14293756 0.15760894 -0.14506924
-0.00179127 -0.01030048 0.14683187
-0.03683184 -0.20953406 -0.14705218
-0.02185047 -0.30516949 0.16116063
0.22324516 -0.11132772 0.15834090
-0.01309048 -0.28688708 -0.17018566
0.06272678 -0.18906529 0.18313590
0.01162612 -0.15017527 0.15468462
-0.02921981 -0.10360718 0.17301898
0.14549583 -0.24367926 -0.18048623
0.27454567 -0.26572374 -0.01246105
0.03928293 -0.34702092 -0.15277125
0.15003361 -0.12814243 0.18816030
0.06025861 -0.15090866 -0.06171847
-0.14023411 0.00698422 0.14005235
-0.12466654 -0.02751566 -0.04937104
-0.14553913 0.00216037 0.19728810
0.16196120 -0.18452018 0.16834091
-0.16761033 -0.14060608 -0.04575436
-0.19621992 -0.12606978 -0.05457984
0.26281273 -0.20215601 0.01000019
-0.04595345 -0.25829506 0.13103087
0.06911156 -0.28311867 0.05819296
-0.15927352 0.11219344 0.07902387
0.26232296 -0.15397170 0.14025673
0.05603931 -0.23506281 0.19430941
-0.18540442 0.02331901 0.19098607
-0.09245646 -0.13944606 -0.19200243
0.01268001 -0.12568800 -0.18697895
-0.14187507 -0.02408512 0.02622500
-0.04614531 -0.23401983 0.05511219
0.23416689 -0.17848416 0.14480257
-0.25442910 0.28964168 -0.03528126
-0.20041822 0.00732531 -0.11402996
-0.15025762 0.06860933 -0.13179338
0.26627696 -0.26096490 0.01080881
-0.09803969 -0.30755976 0.13307035
-0.00838149 -0.28054246 -0.03918957
-0.25373054 0.13379239 0.11666448
-0.02314425 -0.07675242 -0.03723317
-0.22960111 0.23781985 0.15818386
0.14392616 -0.14498782 -0.12006510
0.19781734 -0.30272323 -0.14675331
0.07693871 -0.33724058 0.13593198
-0.20994642 0.08342019 0.15665749
0.09768125 -0.29996687 0.02032231
-0.13516423 -0.20357929 0.17560537
0.22760034 -0.09043101 -0.16700861
-0.21443394 0.31127375 -0.01621931
-0.12876150 -0.03857300 -0.02851132
-0.20118304 0.28743628 -0.06713408
0.26352522 -0.26233646 -0.03834439
0.14252448 -0.17795776 -0.19617783
-0.08236048 -0.32019007 -0.04259529
-0.14798008 0.27017316 -0.07943374
-0.08578308 -0.33594814 -0.09138559
-0.18020557 0.11413090 0.14809930
0.13329391 -0.25307596 -0.18850856
-0.21297029 0.06111993 -0.16174838
-0.11875686 -0.01805978 0.07346766
-0.11416188 0.03994474 -0.16462246
-0.20841651 -0.05307458 0.11398873
-0.00147877 -0.29761469 0.10111375
-0.24599274 0.17210186 -0.11405639
-0.05794095 -0.12817733 0.03320020
-0.17148599 0.03999463 -0.17260298
-0.15860264 0.11332917 -0.04425789
-0.22948222 0.00337653 -0.12213410
0.25525075 -0.14996719 0.15952420
0.16698037 -0.13861135 0.14494662
-0.14501300 0.27685094 -0.12335089
-0.13063675 -0.07447448 -0.06105531
0.01816531 -0.09742890 -0.05544366
0.25056458 -0.11863582 0.15035875
-0.02575658 -0.20462218 0.19906558
0.00122924 -0.14933020 0.18319933
-0.24078009 0.31296515 0.05650963
-0.23694265 0.31343028 0.03572279
-0.17444849 -0.12918702 -0.15042782
-0.22532219 -0.00065950 -0.14694984
0.19636694 -0.14838280 -0.15695924
0.22565819 -0.31633982 0.16814736
0.02717426 -0.13366683 -0.09480266
-0.12998870 -0.21751052 0.17948794
-0.16366172 0.22627023 0.05457700
-0.21916188 0.28730100 -0.12798610
-0.09478982 -0.03259738 -0.16547891
0.10331515 -0.19198348 0.14825299
0.15427461 -0.25051725 -0.16859733
0.23263545 -0.20370869 0.03253602
-0.14652802 -0.04455458 0.01662924
-0.23076384 0.29540783 -0.01619258
-0.16499504 -0.03199793 -0.10351124
-0.01638052 -0.13414517 -0.18907487
0.08832744 -0.17023791 0.16686386
-0.22798733 0.24405779 -0.16070622
0.13816205 -0.16152488 -0.06868760
0.03866300 -0.33100435 0.17101175
0.14990550 -0.14030035 0.18571140
0.06589729 -0.17064145 0.18283492
0.22120968 -0.30467489 0.09538265
0.08663441 -0.33232623 -0.14045133
0.11894448 -0.31677249 0.04318459
-0.17507769 0.21012068 -0.13883288
-0.15037623 0.04292374 0.18788676
-0.21665289 0.04202278 -0.09952480
0.07552005 -0.20547555 -0.17870596
-0.03255748 -0.03338056 -0.12496793
-0.18329412 -0.13159664 -0.10572097
-0.21224427 0.32495272 0.08370645
0.02580706 -0.31436366 -0.06957253
-0.17238888 -0.20968661 0.08677364
0.23878196 -0.20426501 0.14733732
-0.10104541 0.01884602 -0.13562922
-0.24983703 0.21061227 -0.11372606
-0.01876102 -0.08873763 0.05081354
0.13167043 -0.34521699 -0.13069238
0.24434632 -0.19394138 -0.07971689
0.21689622 -0.19093944 -0.14056945
-0.07270397 -0.06390421 -0.18288773
0.12962003 -0.13991603 0.14631052
-0.22008136 0.05746981 0.04330255
-0.20773393 0.12638442 0.16230446
-0.23361714 0.16524713 0.02352718
0.07488006 -0.29357240 0.09341085
-0.13338222 -0.02799721 -0.17161834
-0.25693691 0.09282589 -0.04124140
-0.14943658 -0.30449331 0.14768249
0.25586939 -0.20494887 0.09982823
-0.22453640 0.22895521 0.15306288
-0.19386812 0.12336116 0.05981991
0.00901028 -0.08094653 0.17842521
-0.20237674 0.21107161 -0.15150875
-0.22007230 0.05218422 -0.00475224
0.28675720 -0.22142701 -0.11404891
-0.21396181 0.24157596 0.04415973
0.21453120 -0.24721326 0.17748089
0.25160953 -0.28758022 0.04707360
0.12430543 -0.14402752 0.18892655
0.23193328 -0.25685382 0.00356515
-0.17702371 0.16733897 -0.12067675
-0.18378302 0.08869239 0.02194663
0.13567998 -0.19325587 0.19252329
-0.19050674 0.21931493 -0.07989860
-0.01746690 -0.17460760 0.19781287
-0.02482028 -0.30093303 -0.06299443
0.25498649 -0.18773232 -0.01573193
-0.06035075 -0.26406687 -0.17710374
0.00084991 -0.28568056 -0.16912556
-0.24523924 0.17330013 0.11571634
0.23756433 -0.19551556 0.06284839
-0.06109157 -0.30953637 -0.12968238
0.28198984 -0.21122856 0.01990578
-0.08393583 -0.28705794 0.08766011
-0.01716542 -0.26477543 0.17822611
-0.03188122 -0.17267737 -0.17684595
0.16220120 -0.32741672 -0.06459677
0.09280937 -0.15387505 0.19006453
-0.13227290 -0.16537517 0.16742006
-0.24181376 0.06011589 -0.03036575
-0.18126637 0.22748916 0.01196534
-0.14050940 -0.17579497 0.17681445
-0.21235734 -0.16169323 0.03161310
0.20016170 -0.16377164 0.18136288
-0.10727980 0.02605283 -0.10952067
-0.05727840 -0.04045032 0.09646544
-0.00667245 -0.30871546 0.08023885
0.24052292 -0.16881792 0.12715280
-0.00959644 -0.19143793 0.19079173
0.09379327 -0.17037492 0.03271383
0.14466627 -0.06974337 0.07616069
0.00853806 -0.31640828 -0.08727007
-0.21092504 0.28830296 -0.03988817
-0.17201719 0.13181807 -0.17207421
0.04614666 -0.31486136 0.00879393
0.25286746 -0.25807163 -0.06611410
-0.24472156 0.14402884 0.15522365
-0.03099621 -0.21869627 -0.18771900
-0.18736216 -0.19541927 0.02548017
0.28707036 -0.22070134 -0.05420397
0.11554181 -0.33188272 0.06977195
-0.16080312 -0.08463158 0.16314137
0.21247488 -0.17934702 0.17971417
-0.24565883 0.09257999 -0.07565776
-0.11345685 -0.13915612 0.19633187
0.20203623 -0.33119264 0.11347836
0.20655015 -0.26660323 0.10456102
-0.11480439 -0.27770784 0.15652418
-0.17833179 0.04785258 0.02163079
-0.24224840 0.06062672 0.10945626
0.08504821 -0.30815363 -0.14922960
0.14237754 -0.20833954 -0.17209046
0.08171763 -0.25652587 -0.17229898
0.01832277 -0.07842824 -0.03695633
-0.22043300 0.20121174 -0.15817717
0.15020372 -0.31386125 -0.12001564
0.20755799 -0.31264791 -0.12035810
0.27722567 -0.21006316 -0.05174809
0.23056872 -0.18510361 0.15760326
-0.22371705 0.22133446 0.02948397
0.25628895 -0.19665901 -0.15447162
0.01046744 -0.27988485 0.07699794
0.09163532 -0.09577116 -0.14269389
-0.14440902 -0.11505307 0.09659200
0.20417759 -0.09885994 0.19078045
-0.11461309 -0.01151582 0.00065678
-0.23569262 -0.07070047 0.08880396
-0.25627580 0.08492967 0.04506922
0.15846980 -0.10820994 -0.16709852
0.21268542 -0.13636394 0.01593846
-0.20431454 0.15643398 0.01862796
0.27685377 -0.18336357 -0.07872732
0.11134452 -0.09006424 -0.16092820
-0.00195871 -0.27044809 0.18375556
-0.13230400 -0.20631391 -0.15654859
0.14247416 -0.15685019 0.08282827
-0.07514565 -0.08622205 0.13816337
-0.23458128 -0.01786601 0.11747870
-0.10690568 -0.27162024 -0.09726839
0.16802827 -0.16174264 0.17401259
-0.01286212 -0.14055574 -0.02796128
0.24631658 -0.30685708 -0.10221869
0.09009548 -0.12640488 -0.10721631
0.12752573 -0.19212182 -0.13403395
0.22421470 -0.09097929 0.17298746
0.02853561 -0.29515967 -0.11270489
0.05207670 -0.33450380 0.03266894
-0.07779440 -0.06201981 0.14917322
0.22642264 -0.21988466 -0.15654989
0.03293106 -0.29732963 -0.11046943
-0.17274980 -0.14651343 -0.09345440
-0.19627632 0.10061185 0.04977500
-0.11432891 -0.32967281 0.08110346
-0.22263372 0.10099065 -0.16613318
0.09537894 -0.30302340 -0.06972194
-0.15886825 0.13016972 -0.13650824
-0.18718380 -0.08017690 -0.17984344
-0.14310876 0.09543586 -0.15638144
-0.13716899 -0.05913170 0.17008609
0.00337918 -0.29801071 -0.17521296
-0.26222190 0.22211316 -0.00800207
0.25262922 -0.12310516 -0.17438243
0.16267754 -0.16085920 -0.08305034
0.13771175 -0.12710960 0.16129908
0.19002065 -0.16165055 -0.01381804
-0.14994137 0.04242683 -0.13701643
-0.22419667 0.03803671 -0.15334845
0.07311219 -0.10480865 -0.13240311
0.23769076 -0.30730402 0.10879733
0.17855984 -0.09629177 0.18440706
-0.20136920 0.28833893 0.01913081
-0.20403850 -0.10230330 -0.02239824
-0.20090792 0.32835379 -0.02012285
-0.16788304 0.19227441 0.08888841
-0.02358375 -0.33793893 0.07635131
0.23481317 -0.29640195 0.04477448
-0.19284759 -0.12937222 -0.04924607
0.10684657 -0.32942882 -0.06612150
-0.23026308 -0.06028504 0.09252974
0.00770032 -0.09656797 0.18241736
-0.09806906 -0.25313780 -0.01608934
-0.11112434 -0.12926927 0.13651137
0.14251810 -0.08066911 0.12155400
-0.13878965 -0.20626543 0.14235358
-0.18096474 -0.16186041 0.03958513
-0.07062972 -0.00796071 0.07995500
-0.20122619 0.26235676 0.17991570
0.14666417 -0.31582084 0.02920792
0.04488783 -0.16989456 0.18641859
0.00774325 -0.16255078 -0.12018365
0.01290089 -0.09357573 -0.18336327
0.23716639 -0.13294470 -0.16339098
-0.14207390 0.01485395 0.10381000
0.21163858 -0.33636197 0.14424758
0.02361013 -0.27963650 -0.17405003
0.19312927 -0.19414617 -0.17858011
0.08474441 -0.13580249 0.16682999
0.08395612 -0.15682119 -0.16849834
-0.21916935 0.04943357 -0.17830448
-0.19622396 0.08501813 -0.15456507
-0.12451365 -0.09458413 0.16048135
-0.12188141 -0.07393236 0.18757503
-0.05643102 -0.07851812 0.16643716
-0.17627445 0.21841960 0.17205900
-0.17818847 0.21428449 0.02828828
0.12218129 -0.08418743 -0.17461956
0.27346179 -0.16101761 -0.00136022
0.18815000 -0.20198058 -0.07176016
-0.20901008 -0.05540659 0.13427046
0.03766327 -0.17192017 0.11863519
-0.23786430 0.26069129 0.17437384
-0.18637270 0.28605855 0.14103121
-0.19743146 0.02699706 -0.18157473
0.12240231 -0.26324451 -0.15044931
-0.23799467 0.01826090 0.15839808
0.17772011 -0.27640569 0.02501556
0.13992111 -0.11132570 0.14341214
0.04399870 -0.22804123 0.14333333
-0.24858724 0.28151721 -0.10718589
-0.24126230 0.29010856 0.14467891
-0.05067191 -0.18747948 -0.15604657
-0.24189521 0.07483348 0.14406972
-0.22508667 0.23111519 0.03838353
-0.21929061 0.13439970 -0.03578296
0.03903212 -0.24871218 -0.15478091
0.25473520 -0.17849225 -0.16828780
0.07067449 -0.14659183 -0.08707279
-0.20072156 0.15167035 -0.00719910
0.16888264 -0.24669807 0.19190100
-0.11319496 -0.32449672 0.08628631
-0.21766043 0.21978170 0.12584825
-0.27802241 0.27735215 0.11067946
-0.12246951 -0.11828651 0.07201345
-0.04857656 -0.31034702 0.14440337
0.05719935 -0.30367649 -0.06477723
0.11146139 -0.11568026 -0.06565097
0.24541265 -0.28081587 -0.15800998
-0.17454918 0.08624674 0.05493203
0.12496351 -0.21569595 0.18403831
-0.17413956 -0.22188452 0.09349558
0.04074015 -0.15200253 0.01603564
-0.19697963 -0.00879752 -0.13129231
0.11301291 -0.17028084 0.20346920
0.21884431 -0.21915638 -0.19157723
0.07639796 -0.12446178 -0.04471163
0.22561891 -0.26625928 -0.17466860
-0.20688152 0.01425862 -0.02928256
-0.17609875 -0.03760379 0.15684570
-0.14675422 0.15901804 -0.15299191
-0.20326711 0.16096003 -0.01729460
0.03653995 -0.31007665 -0.15023950
0.22755286 -0.33021137 -0.15457831
-0.00742144 -0.21167767 0.15712599
0.20462982 -0.16756886 -0.13408503
0.10884348 -0.12421353 0.11061793
0.13462451 -0.26353538 -0.17710535
-0.04295110 -0.28235498 0.05020295
-0.10883962 -0.30872467 -0.03185647
0.04192042 -0.34375399 0.08179703
0.20603241 -0.09416267 0.15515453
0.02291816 -0.34378895 0.06147947
0.03140935 -0.28953093 -0.08472536
-0.10822336 -0.11086494 0.19510886
-0.01084264 -0.32238698 0.09479018
-0.00154144 -0.33668953 0.09990303
0.19543874 -0.14433607 0.20309350
-0.24178690 0.27870387 -0.03036100
-0.22492582 -0.09932273 0.00927848
-0.17140445 0.03745324 -0.05509911
-0.23709840 0.01768906 0.05137704
-0.05286287 -0.18147427 0.20642512
0.15855855 -0.08839046 0.17572944
-0.08372105 -0.14635822 -0.13751845
-0.04043853 -0.19156057 0.01241829
0.05193029 -0.12403447 0.13671498
0.15435675 -0.15424527 0.00446796
-0.06576729 -0.09012005 0.12530300
-0.22105257 0.03217914 -0.14978465
-0.12735268 -0.24723159 0.13887633
-0.16356784 -0.16077524 0.02586826
-0.14959671 0.06847938 0.14177200
-0.20712760 -0.04001936 0.01418937
0.08255960 -0.06627511 -0.17152247
-0.19976231 0.08928769 0.02176421
0.05871289 -0.16926463 0.17086767
0.25551540 -0.10622546 -0.17822696
0.08959281 -0.10933633 0.09106395
-0.19887775 -0.10327232 -0.08429024
0.24435267 -0.28795734 0.02471679
-0.09373213 -0.15057717 -0.08376483
0.08311821 -0.27519935 0.16121252
-0.20048799 -0.09194154 0.06391291
-0.22567973 0.04863133 0.11694335
-0.06646170 -0.09730894 0.14472587
-0.17795518 -0.17655431 0.11542360
-0.13278659 -0.11400944 -0.08173982
-0.22911829 -0.00792130 0.14702955
0.23888199 -0.18726468 -0.01113097
0.25915754 -0.18486929 0.06442156
-0.05920100 -0.33878750 0.13369887
-0.03200300 -0.00107402 0.15957344
0.08199386 -0.10778218 -0.04750416
0.13648997 -0.12830062 0.00292156
-0.20215701 -0.02887825 -0.03277702
0.26458326 -0.22671734 -0.05320870
0.14612794 -0.18894929 0.14603812
0.01349694 -0.24588069 -0.16898866
-0.04887156 -0.12534043 -0.18448725
-0.02717125 -0.18834206 -0.18698341
0.20510145 -0.18561614 -0.19005175
0.04912008 -0.29068848 -0.08412682
-0.14701734 0.12012441 0.14683191
-0.22693765 0.08712833 -0.06039057
0.10258202 -0.13078944 0.01481399
-0.01637251 -0.27752054 0.17381439
-0.04555989 -0.12020236 -0.10331758
-0.14928369 0.05578425 -0.14019816
0.15852778 -0.18944487 0.07750757
0.21240658 -0.14960489 0.03924036
0.08964889 -0.14401963 0.04219772
0.24607256 -0.24250658 0.08899122
-0.22231029 0.02820031 0.11107652
-0.08564545 -0.32233715 -0.12626958
-0.15910840 -0.12571099 -0.15819819
-0.17210487 0.11257999 0.18734880
0.12551053 -0.13038802 0.12432223
-0.13267955 -0.00260245 0.10931892
0.07529502 -0.16329733 -0.14878064
-0.13303228 -0.09775925 -0.11181777
-0.11149314 0.01392599 0.14507647
-0.13678147 -0.23690698 -0.16037050
-0.17262624 -0.04451706 0.14778532
0.04350908 -0.31170601 -0.15329961
0.19355017 -0.28864795 0.02772084
0.13620418 -0.12090021 0.13139282
-0.19348484 -0.16147314 0.02193106
0.07431172 -0.19862595 0.17657383
-0.09065538 -0.01305428 -0.16900621
0.16163585 -0.32749370 -0.06681239
-0.20950785 -0.17723823 0.06387723
0.05596657 -0.30512494 -0.13428330
0.12865348 -0.33244947 -0.11594801
-0.04096163 -0.28935367 0.18744861
-0.00259576 -0.19490197 0.04115858
-0.16200878 -0.22078131 -0.06470245
0.04616030 -0.30149442 0.17978723
-0.15402350 0.01614481 -0.13130690
0.01438423 -0.33455181 0.08324593
0.10190399 -0.09737068 0.14827806
0.12446243 -0.31200525 0.02229975
-0.05900251 -0.06264599 -0.08350518
-0.13126227 -0.32629409 -0.07135154
-0.08258764 -0.32643217 0.11760138
-0.04426430 -0.28946528 -0.15247869
0.23935942 -0.13058987 -0.16004683
-0.18698286 0.06398035 -0.14811356
-0.13195483 -0.18578334 -0.09321390
-0.12775393 -0.02248070 -0.08148919
0.20550397 -0.27419785 0.17020552
-0.15337913 0.27543369 -0.09968615
-0.23633683 0.20270002 0.16274525
-0.21738504 -0.04808457 -0.01917365
0.12833931 -0.29578823 -0.14375713
0.22922957 -0.17102331 -0.17197558
0.01772336 -0.29345369 -0.17689358
0.25251326 -0.20505551 0.11162027
0.17487566 -0.18957759 -0.16130131
0.23688035 -0.25848114 0.13641548
-0.17764054 0.07940412 -0.00854382
-0.18812600 -0.16877303 -0.05200576
0.25279975 -0.26756945 -0.17185165
-0.05846947 -0.09515539 0.07441239
-0.15643491 0.07077401 0.09319918
0.23194897 -0.29427189 0.06046472
-0.06393170 -0.27424163 0.08932846
-0.17282210 -0.00664847 0.15404759
-0.09903710 -0.03106415 0.09816062
-0.22185567 -0.10560966 -0.06091629
0.08488476 -0.12774269 -0.00226114
-0.14633526 0.20668720 0.07959756
0.07988749 -0.30674422 0.15553255
-0.04705720 -0.03503076 -0.11867101
0.21567538 -0.13953486 -0.14747076
0.22009820 -0.13480192 0.15403932
-0.23416090 0.15678990 0.08843762
-0.23424877 0.18322970 0.16057029
-0.19478042 0.31144100 -0.03954345
-0.24572878 0.25617072 -0.07046209
-0.16859640 0.12752171 -0.03357999
-0.23560804 -0.04722882 0.03172277
-0.12088243 -0.23383436 0.15745516
0.01242533 -0.27186602 0.19255048
0.16814178 -0.33264381 -0.14045933
0.08167082 -0.31903532 -0.01465776
-0.20502150 0.21554106 0.18229403
-0.16692699 0.13033022 0.16811927
-0.25281113 0.28296813 -0.05029844
-0.19906202 0.32022846 0.11473271
0.23246218 -0.16817707 0.18379828
0.08331216 -0.28517950 0.18496670
0.19937497 -0.04707474 -0.13823330
-0.02503446 -0.08659524 0.15324932
0.08697478 -0.25256938 -0.18256633
0.01314699 -0.30008370 0.10675080
-0.08601402 -0.31399921 0.02709243
0.20852709 -0.28862545 -0.04619386
0.21211225 -0.26942214 0.17455168
0.14135475 -0.14167990 0.04949922
-0.14683419 -0.01480251 -0.01888974
-0.07063925 -0.04841930 0.09487333
-0.17471030 -0.32021993 0.10470073
-0.21613988 -0.04908189 -0.04996720
0.20019813 -0.15271950 0.06891000
0.11287088 -0.14433248 0.13752680
0.05001605 -0.10424082 0.18479058
-0.10692853 -0.27600485 -0.15313819
-0.15916440 -0.18988959 0.04386380
0.21428546 -0.28045082 -0.14401823
-0.23614271 0.29127222 -0.01500897
0.01862551 -0.31553376 0.14675410
-0.21797527 0.10708942 -0.14541350
-0.14911364 -0.21550393 0.12410574
0.17983635 -0.10753114 -0.15478472
0.17707209 -0.29544157 0.01895683
-0.00796366 -0.31556639 0.06938705
-0.17073034 -0.14742172 0.17124392
-0.23486394 -0.05242826 0.12408464
0.16580531 -0.33311731 0.11240819
-0.19942667 -0.11700260 0.05447397
0.26369262 -0.19080488 -0.02799224
0.05223154 -0.10310183 -0.03844364
-0.11425123 -0.22768164 0.18074819
0.12572655 -0.23811598 -0.18042165
0.03030149 -0.18933836 0.19231705
-0.24128093 0.08941979 0.16097564
-0.14183755 -0.32284668 0.13802552
0.08170515 -0.31157532 -0.01162412
0.23992832 -0.26875246 0.16088666
-0.04312843 -0.15205818 0.00572116
0.00973608 -0.27042910 0.16095626
-0.23391321 -0.03407107 0.06704707
-0.15562439 -0.03325083 0.18024114
-0.09691525 -0.33138251 0.12090565
0.20258737 -0.18987978 0.06081374
-0.24848002 0.20462285 0.02157502
0.10191413 -0.26287183 0.17679125
0.11049086 -0.22505043 0.18695097
-0.16325824 0.07021737 0.13847406
0.26206693 -0.20427048 0.04458912
0.22809914 -0.28737402 -0.09598391
-0.09626058 -0.25558046 -0.10680551
-0.00610937 -0.13639174 0.08088062
-0.20028222 0.18628311 0.18776023
-0.05036282 -0.05081280 0.15757790
0.17668137 -0.31527439 -0.17705752
-0.22814101 -0.06539720 -0.09475547
-0.04604526 -0.32962951 0.10953654
0.15890008 -0.24159026 -0.12339001
-0.23831452 0.11074372 0.08509364
-0.14449124 -0.00041364 0.15129894
-0.01480215 -0.05174855 0.17879292
0.26162317 -0.27389169 0.01537799
0.21928698 -0.19379938 -0.11550514
0.27693558 -0.16658865 0.04694209
0.20185120 -0.13273054 -0.07091399
-0.13089487 -0.30473989 0.05067815
-0.15283097 -0.19973129 0.16762637
-0.24763216 0.07810421 0.08428147
0.27789047 -0.23780930 0.04102466
-0.05973091 -0.25845671 0.18526581
0.12288451 -0.29554823 -0.09485211
-0.23612095 0.21883233 0.05079079
-0.24049656 0.15620479 0.00216487
-0.11942351 -0.25306529 0.11141276
-0.05355610 -0.24723491 -0.19199017
-0.17853166 0.11417390 0.13629469
-0.10369010 -0.18786205 -0.17767870
0.22254476 -0.26838136 -0.17457670
-0.04575255 -0.23882635 0.19127348
-0.23221979 0.04451022 0.15182666
-0.02717527 -0.28030068 0.15616174
0.07853772 -0.24217008 -0.18972576
-0.23307195 0.28356555 -0.01575684
-0.18506384 -0.13665985 -0.04259005
-0.08666799 -0.03622167 -0.10260812
-0.07130390 -0.02764255 0.08244536
-0.03387500 -0.18375498 0.20948648
-0.18537267 0.05956326 0.03015017
0.14906012 -0.14261532 0.17811814
0.08455952 -0.12040376 -0.11401130
-0.25814977 0.25917491 -0.12711039
-0.20810516 -0.06393883 0.15755299
-0.04261427 -0.13357811 0.08855955
0.18128644 -0.09369978 0.10258108
0.04840294 -0.28436011 0.18588282
0.10959282 -0.14568484 -0.06402192
-0.10624876 -0.15768805 -0.10464826
-0.24773154 0.11750643 -0.09807856
-0.09323093 -0.17535017 -0.08562044
-0.15960886 0.27137506 0.17322001
-0.24450877 0.26862124 0.11799037
-0.12339573 -0.27749482 0.18288632
0.29122499 -0.25886667 -0.10128666
-0.20951681 0.05850390 0.16168778
0.10200809 -0.12048275 -0.11438930
-0.07508258 -0.17606105 0.09448007
0.24484608 -0.12822309 -0.15395997
-0.21198423 -0.09046922 -0.13374308
0.18918481 -0.29285827 0.07839458
0.01518482 -0.10732402 0.12067591
-0.18058033 0.11538003 0.12357228
-0.15266980 0.05310948 0.13202995
0.25550011 -0.14002006 -0.08561236
0.15276808 -0.29879850 0.17546126
-0.07819171 -0.26788083 0.09257434
0.03391785 -0.16514815 0.17871508
-0.24531296 0.22472639 -0.14389691
-0.01313968 -0.26552373 0.19177596
-0.00447750 -0.28409252 0.01992747
0.13312067 -0.10331683 0.14330390
-0.12314028 -0.32184961 -0.15207554
-0.14183526 -0.00937891 0.10407917
0.01900660 -0.23830189 -0.18344294
-0.21558425 -0.02872010 0.07689111
-0.21960729 -0.10599479 -0.05373202
-0.10649811 -0.26678774 -0.08872145
0.20275787 -0.17586781 0.13488847
-0.03906699 -0.31436512 0.15498485
-0.03331072 -0.29849577 0.10190497
-0.03005962 -0.30746669 -0.13151538
-0.16043819 0.03782447 -0.17032811
-0.26117921 0.24550892 -0.06642415
0.10685113 -0.28082398 0.16457519
-0.03975946 -0.17676905 0.17056443
-0.14765449 0.11110876 -0.14389206
-0.16813487 0.06124355 0.13490638
-0.24990913 0.20848697 -0.07457985
-0.21075897 0.22349229 0.04523799
0.03908912 -0.19289437 0.18246119
0.22548141 -0.10927553 0.17348777
0.05496808 -0.13855067 0.17954771
-0.20676136 0.07931477 -0.17439736
-0.12406868 -0.00697602 0.15229011
-0.22820695 0.02563887 0.15148731
0.13477772 -0.11771964 -0.08388561
-0.10153967 -0.21193388 -0.18813372
-0.03709880 -0.11066338 0.17752382
-0.13922793 -0.32269999 -0.15153183
0.25529367 -0.21393603 -0.06163193
0.25773883 -0.21379946 -0.14007318
-0.10181245 -0.01868786 0.11603516
-0.21120612 -0.05493286 -0.06366462
-0.23584153 0.00446815 0.05362913
0.01348189 -0.13153695 -0.05152687
-0.22673814 0.04508331 0.16973510
-0.15051112 0.05014218 0.08463601
-0.12994768 -0.14815615 -0.09329000
0.02325108 -0.15713821 -0.15888508
-0.06566270 -0.07022219 -0.12802060
-0.20981520 -0.01191365 0.04798281
0.16286391 -0.32969216 0.10261703
-0.16395043 -0.05505135 0.15663280
0.19667956 -0.30878848 0.00450289
-0.14896250 0.17237006 0.12283476
0.17531207 -0.14370647 0.03604853
-0.11663734 -0.29724807 0.12718597
0.05267241 -0.31743744 -0.07213081
0.02417619 -0.11819062 -0.17846884
-0.19685149 0.32027197 0.08802085
-0.09091016 -0.24467081 -0.00883381
0.20605393 -0.20232379 -0.11415729
0.22368598 -0.18997535 -0.03248670
0.18218359 -0.18357429 0.19204728
-0.11897762 -0.06226464 -0.10243620
0.24640740 -0.13807556 -0.16396181
0.13100109 -0.31529173 -0.02404968
0.09746785 -0.28324261 -0.14870919
-0.09139064 -0.01883952 -0.09808458
-0.19139026 -0.03670947 0.01066370
-0.17140348 -0.16289166 -0.10424070
-0.06185763 -0.09358867 0.05552979
0.10636120 -0.08437069 0.13297871
0.15370801 -0.33247834 -0.13283846
-0.25776750 0.21770556 -0.04192952
0.10413603 -0.22313717 -0.15895316
-0.16503739 -0.21194905 0.16455388
-0.10311154 -0.18261161 -0.00534759
-0.21593952 0.27405939 -0.04976384
-0.13427183 -0.04082628 -0.15599103
0.09299422 -0.15363185 -0.18030977
-0.06853364 -0.01935084 0.13785480
-0.13481399 0.01890860 -0.16024849
0.00372610 -0.28016436 -0.17656395
-0.22056015 0.11951875 0.03834298
-0.05190183 -0.18457574 0.02759027
0.17190239 -0.26821181 -0.05223924
-0.10922936 -0.30225915 0.14657657
-0.14827278 -0.22530080 -0.13273378
-0.20751368 -0.00397740 -0.12530598
-0.12489684 -0.01085017 -0.15566933
0.17487474 -0.30390313 -0.13102549
-0.03397349 -0.06752865 0.00760980
-0.00845820 -0.29262319 -0.05312252
-0.01386232 -0.04186266 -0.10406841
-0.18695492 0.10408539 0.01207614
-0.12426554 -0.31112149 -0.00863066
-0.23731878 0.30398071 0.10095546
0.05400671 -0.25055456 -0.16557810
-0.14178489 0.16262528 0.05963432
-0.17148764 -0.16151947 0.13507491
0.00722914 -0.13035989 -0.17703867
-0.24875517 0.29806823 0.08798335
0.27984041 -0.17933747 0.11731547
0.07112154 -0.17311397 -0.17229187
-0.01825452 -0.31264773 0.01513936
0.11428136 -0.07431318 0.10714509
-0.15288790 -0.07442482 0.18856415
0.11835599 -0.22753449 -0.15830703
-0.09057524 0.06610627 0.15933597
0.06251137 -0.30497789 0.07946859
-0.10070199 -0.29316622 0.12637648
-0.18628094 0.17012258 0.07265173
-0.24898055 0.26657879 0.13025229
-0.10706422 -0.29508153 0.13235827
0.23188248 -0.30031636 0.06255925
-0.16485091 -0.18472555 -0.06980123
-0.25465065 0.05887556 -0.05738227
-0.22237279 -0.09843278 -0.02683103
-0.19590680 -0.13724418 0.05173334
-0.24625802 0.14792262 -0.09967792
0.17017418 -0.21214622 -0.18496495
0.06495630 -0.19684725 0.14195044
-0.23792686 0.18050984 -0.07024289
-0.22705802 0.04882777 0.13502918
-0.16317321 0.10217214 0.18701756
0.18088929 -0.33216587 0.09141678
0.02547438 -0.08571501 0.19014008
-0.24709624 0.18112329 -0.10697648
-0.15733567 -0.18580779 -0.18059683
-0.21135437 0.32486501 0.11286972
-0.00121450 -0.31592694 -0.16915439
-0.14811216 -0.28760532 -0.06971362
-0.15748720 0.10659451 -0.10301279
-0.14554046 -0.01321038 -0.04466109
-0.14483675 0.01632077 0.02935074
0.20489444 -0.14031601 0.02541877
-0.09572266 -0.11164287 -0.01403943
0.25209996 -0.16261019 0.05671445
-0.20768967 0.01991838 -0.16225193
-0.20883071 0.12906644 0.05752666
0.22178268 -0.11801926 0.17648348
-0.24653584 0.13985901 0.05976450
-0.25216201 0.27850965 -0.08958411
-0.22342476 0.00231986 -0.17801298
-0.14854005 -0.09310253 0.18771359
-0.00654381 -0.11153771 -0.03499012
0.05328457 -0.14037865 -0.19079444
-0.12748340 -0.20733419 -0.16618437
0.23745403 -0.13579684 0.15460263
-0.11993685 -0.32669890 -0.15346450
0.11578903 -0.34028041 0.15056424
-0.17020904 -0.13053608 0.07454646
-0.18299891 -0.12330504 -0.14395222
-0.21150956 0.02107544 -0.00489220
-0.16114686 0.07057170 -0.13157384
-0.25494409 0.11622456 -0.00428556
-0.24867766 0.26332015 0.14224412
-0.24928686 0.15679793 0.15863359
-0.24164388 0.13141966 -0.07682038
-0.14677849 -0.01430374 0.01477137
-0.19898905 -0.12098856 0.03047340
-0.08551498 -0.08514640 -0.06750147
-0.25041392 0.24801987 -0.03060101
0.10840770 -0.28536996 0.13640255
0.17841327 -0.15124436 -0.03818683
-0.14552243 0.07526334 -0.09758137
-0.20615786 0.06013674 -0.17611121
-0.01364991 -0.33112982 0.05079666
-0.04873386 -0.26935598 0.14887054
-0.01431856 -0.00319313 0.15469803
-0.04158106 -0.32211462 -0.15483443
0.22592099 -0.28376070 0.02749418
-0.03264067 -0.31808010 -0.09470550
0.24580957 -0.16964018 -0.12577416
0.01382057 -0.04811412 -0.07355465
0.23553741 -0.30155528 0.16486417
0.26921928 -0.14515063 -0.11768432
-0.03925717 -0.13635457 0.16443537
0.07757220 -0.30797425 0.09641062
-0.22006735 0.09210711 -0.11970055
-0.11630180 -0.26850399 -0.07722777
-0.19944385 0.03481178 -0.12337482
-0.20062771 -0.12375323 -0.13519213
-0.22957122 0.15328747 0.17580998
0.16514568 -0.14687140 -0.19082247
-0.17516854 0.25422382 -0.11795895
0.24450780 -0.20532131 -0.14774361
0.08248027 -0.14385015 -0.17624064
0.27513531 -0.23562251 0.15608302
0.19700469 -0.32395262 0.15226944
0.24697439 -0.29677665 0.12442783
-0.20518094 -0.12078029 0.14330813
-0.16377962 -0.11239679 -0.19004421
-0.10023704 -0.26032260 -0.11983296
0.28680474 -0.20979831 -0.06434855
0.00842203 -0.13845584 0.15810232
-0.02838086 -0.13598734 -0.18202290
-0.23309025 0.10922747 -0.04226710
-0.07025312 -0.33918244 -0.12054276
-0.22455443 0.24677192 0.12909414
-0.08489499 -0.06320260 0.01308253
-0.04074422 -0.29680830 -0.17689924
0.01628085 -0.14834805 -0.17663209
-0.27213481 0.20957172 0.09175120
-0.14599539 0.10459255 0.17004153
-0.09186114 -0.27541190 0.18674424
-0.16178209 -0.00505752 0.17083126
-0.02109315 -0.07110233 -0.13845566
-0.23577984 0.16440125 0.03830196
0.24070084 -0.22692648 0.18905853
-0.09831692 -0.06276191 -0.18399060
-0.07624041 -0.28065142 0.00264532
0.19786760 -0.27644446 0.18263492
-0.13987821 -0.20772678 0.17716388
-0.15922692 -0.06620705 -0.19148710
-0.05868094 -0.33643106 0.17096838
0.26804876 -0.23608628 0.07541632
-0.03879824 -0.27718964 -0.03748513
-0.16077812 0.10936170 0.17775668
-0.24809912 0.10391235 -0.11430562
-0.24058947 0.22839230 0.11372101
0.18536815 -0.32756642 -0.04629223
-0.16829073 0.11130330 0.06421790
-0.05486714 -0.19072543 -0.12439321
-0.25952405 0.26122391 0.03724424
0.22326557 -0.20880845 -0.19002260
-0.01930500 -0.19670756 -0.17097259
-0.13011986 0.01249317 -0.07964794
0.22031352 -0.26089606 0.16715813
-0.07689639 -0.20132902 0.01377011
-0.02898317 -0.02765966 0.12486395
0.12921205 -0.30650043 0.06700322
