0.22861631 -0.13258013 0.13717431
-0.16890590 0.10717333 -0.14632276
-0.01620397 -0.04682050 -0.02615545
0.10387930 -0.04135875 -0.01089911
0.19278441 -0.05626452 0.08407786
0.23009205 -0.10888407 0.07656659
0.11201465 -0.09824428 -0.15263124
0.08211258 -0.10325632 0.04957858
0.20798239 -0.10431711 0.14078072
0.03429311 -0.09010315 0.14381845
-0.22552679 0.34389129 -0.03602580
-0.13443120 0.11155759 -0.00106693
0.01085593 -0.08187068 0.00391541
0.20706657 -0.28782132 0.15424208
-0.21166864 0.28926265 -0.03089047
-0.21153747 0.28165641 0.13765955
-0.00549160 -0.06220479 0.07200074
0.19889618 -0.08518150 -0.05952964
0.17378895 -0.08572957 0.15014081
-0.21143018 0.28118360 -0.12050655
0.02483364 -0.06549768 0.13541941
-0.11950436 -0.20301563 -0.13341466
-0.11427376 -0.06801207 0.05958857
-0.22694859 0.32430485 -0.11937308
0.14847526 -0.07878344 0.16552930
-0.12700266 -0.12134302 -0.02364974
0.15994623 -0.10031469 -0.15939896
0.22609285 -0.10882647 0.14798515
0.14336455 -0.09420856 -0.05256362
0.12611963 -0.05166163 -0.05599307
-0.12981787 -0.20233999 -0.14817910
-0.19982654 0.25817424 -0.13633180
0.22501865 -0.24271017 -0.14669552
-0.00589588 -0.08663166 0.00031854
-0.21458954 0.29074034 -0.07870679
-0.12758346 -0.34494680 0.14385422
-0.18424287 0.24173394 -0.10917287
-0.12408097 -0.08730767 0.15375394
-0.04890284 -0.05734377 0.06690398
0.11323791 -0.12827821 0.14875987
-0.19178812 0.28700340 0.15070322
0.22871226 -0.37523505 0.14299740
-0.13780436 -0.03748216 -0.04829697
-0.21888952 0.39600194 -0.01180887
0.10635591 -0.09363641 -0.14908981
-0.15173681 -0.03329494 0.13890697
0.05790429 -0.09918761 0.02032209
0.18342142 -0.05035129 0.08147527
-0.15409650 -0.05341211 -0.04793628
-0.14250445 -0.06856878 0.09964028
0.05115653 -0.06289217 -0.09174799
-0.11987388 -0.17772937 -0.12783885
-0.17051601 0.24857046 -0.11226206
0.20174557 -0.12208425 -0.13594572
0.09991802 -0.09207325 0.07030220
0.10805517 -0.10513504 0.15801927
0.21882898 -0.22123370 0.15417583
-0.05486393 -0.10085416 -0.14663735
0.20816365 -0.32157767 0.15603870
-0.09387922 -0.07327207 -0.14486177
-0.00471139 -0.08022995 0.15062830
-0.14367794 0.10504527 -0.00903110
-0.19693321 0.20466419 0.02505500
-0.14450118 -0.07778255 -0.01689794
-0.20214212 0.39420128 0.03441326
-0.01975064 -0.04912988 -0.05991037
-0.10778531 -0.05122533 0.14309524
0.18975693 -0.10968147 0.13987723
0.11178301 -0.05651136 0.11354168
-0.12350327 0.00607705 0.15507510
-0.13850425 -0.14500850 -0.12762575
-0.19572407 0.20322204 -0.04476366
-0.11303290 -0.05510037 -0.09836864
-0.13941191 -0.05637891 -0.14021575
-0.09467449 -0.05824707 -0.07608580
-0.17003332 0.26991135 -0.06671484
0.03133088 -0.07752399 0.03660648
-0.14996348 -0.05600268 -0.04072650
-0.13454771 0.12622732 0.06562398
-0.14756399 0.15764746 -0.11001900
-0.18589325 0.17024495 -0.04837900
0.06191997 -0.09652417 -0.03747024
-0.17243081 0.13002901 0.01309249
-0.15996186 0.05181240 -0.08053012
-0.12576655 -0.09980509 0.04758660
-0.16055238 -0.02946257 0.14757256
-0.17310013 0.29008815 0.12783644
0.22084609 -0.19399370 0.14793271
-0.09719253 -0.05735469 0.09812375
-0.21316200 0.29616994 0.10546744
-0.17656209 0.13375905 -0.01285887
0.07615805 -0.09781965 -0.13407804
-0.12387694 -0.13302240 0.15381971
-0.01167178 -0.06979770 -0.15409568
-0.03495906 -0.08427241 -0.15629978
0.20950440 -0.37949935 0.14497240
0.19725080 -0.09881660 0.07544494
0.22310729 -0.20883900 0.15553246
0.04471960 -0.10432413 0.15630664
0.13659397 -0.04748608 0.10821803
-0.10798163 -0.23885812 -0.12850028
-0.22799540 0.36654869 -0.11551984
0.21342203 -0.10449991 -0.04559120
-0.23557806 0.37386787 0.02490622
0.22516711 -0.05790707 -0.04661570
-0.21579410 0.35890239 0.11218202
0.18158205 -0.09545156 0.01258723
-0.20823891 0.26931483 -0.09006586
0.04861876 -0.07874017 -0.15602981
-0.19882435 0.23240227 0.13504182
0.09533398 -0.07425334 -0.06476866
0.16519994 -0.09374934 -0.00352870
-0.18338102 0.22698767 -0.12653190
-0.03700294 -0.06291603 -0.11012254
-0.12738323 -0.04674575 -0.15118620
0.10888889 -0.07072526 -0.16002293
-0.11204586 -0.05573813 -0.08076304
-0.18037286 0.14124921 0.12361415
-0.19339091 0.33486262 -0.06628413
0.23594980 -0.08292779 0.06838632
0.16396934 -0.08945338 -0.07877959
-0.14190835 -0.18806247 -0.14515634
-0.16915096 0.26594248 -0.13083608
-0.17348856 0.14017424 0.11397852
-0.15080136 -0.00668466 -0.11672510
0.12664796 -0.05449210 -0.13841546
0.02407787 -0.04538222 0.05546684
-0.22275960 0.33652103 0.01747854
-0.19250014 0.17183632 0.08260581
-0.17340407 0.26367959 -0.11345170
-0.18134151 0.32010460 0.12591790
0.10843251 -0.03952491 0.01558862
-0.12546027 -0.02645046 0.04307350
0.08525822 -0.09217089 -0.01129598
0.02081144 -0.11695170 0.15077227
0.08692365 -0.07047656 -0.14728539
-0.18588778 0.15695514 -0.08171986
0.06305818 -0.10208017 -0.13447349
-0.14946027 0.07145901 -0.11522950
0.18786336 -0.13977826 -0.12135598
-0.14087372 -0.36117753 -0.14336985
-0.22155155 0.35307500 -0.08467481
-0.18099964 0.32735929 0.06222713
-0.11788736 -0.00007752 0.14516406
0.07073332 -0.07044207 -0.15564199
-0.16171066 0.23657861 0.06897934
-0.11997259 -0.21120946 -0.14772856
-0.13797255 -0.01974830 0.15053126
-0.17389065 0.28978136 -0.05979204
-0.17239302 0.08539078 -0.04586510
0.07208761 -0.08487713 0.08407577
-0.18086298 0.31638813 0.06437472
-0.17447637 0.29791623 0.11955804
-0.18672675 0.33493763 0.10681885
0.21143973 -0.10670569 -0.07798691
-0.00947227 -0.04972409 -0.02485704
-0.00685968 -0.09665953 0.02087077
0.09593657 -0.10168400 0.12379576
0.18340902 -0.09775462 0.13394910
-0.15405458 -0.03024429 -0.06717832
0.20705579 -0.10099953 -0.12219082
-0.18420286 0.33346477 -0.11297716
-0.05353580 -0.11658186 0.15155236
-0.04671748 -0.06001038 0.09768934
0.08301107 -0.07101145 -0.15726876
0.21979871 -0.21525779 -0.15538004
-0.08059637 -0.08220174 0.14848283
-0.17666650 0.34010318 0.01855641
-0.14096090 0.05584413 -0.15445918
-0.10585063 -0.15297654 0.14835522
-0.11574337 -0.12482107 -0.08958095
0.23283663 -0.25589475 -0.14313199
0.20204888 -0.05302502 -0.07073388
0.20862815 -0.05243189 0.03551460
-0.14011122 0.16224217 0.03086909
-0.13994564 -0.02325432 0.12450355
-0.17023122 0.10696234 0.12508279
0.22334927 -0.08712089 0.07583864
-0.13114637 0.12457708 0.03377506
-0.16127947 0.10454570 -0.07007661
-0.19946808 0.23674227 -0.03162975
-0.22363192 0.35191375 -0.06234186
0.23871092 -0.08361516 0.03077838
-0.20453331 0.39233160 -0.02919192
-0.13200945 -0.18167575 -0.14622034
-0.16236161 0.25405446 -0.02137695
-0.13430585 -0.05218089 0.07351422
0.07822952 -0.09719299 0.15848567
0.14019744 -0.09956511 -0.10429695
0.08409275 -0.05373320 -0.03496838
-0.19000301 0.18877250 -0.02001889
0.10475397 -0.07410140 0.15568326
-0.19678859 0.21600434 -0.10953996
-0.13606267 -0.38063619 -0.14452590
0.22213973 -0.34084690 0.13453779
-0.12685873 -0.05658836 0.11565057
0.21710888 -0.20551263 -0.14863767
0.22824584 -0.17482525 0.14219317
0.06281018 -0.04737616 -0.12737456
-0.15395191 0.01108223 0.01511288
-0.17702144 0.30873320 -0.12168832
-0.11262802 -0.02672031 0.00884835
0.02231645 -0.10618685 0.09725209
-0.20152959 0.38224491 -0.12687898
0.04872618 -0.09372257 0.00565654
-0.11264000 -0.04257601 -0.00219678
0.08291902 -0.07877016 0.16098553
0.22260825 -0.21458192 -0.15709104
0.00650972 -0.04544263 -0.00141458
-0.12909736 -0.20727925 -0.12448998
0.01194158 -0.05638076 -0.07714392
0.19991472 -0.06527130 0.13529816
-0.17071088 0.10052127 -0.12183478
-0.19148050 0.33865610 0.12587430
-0.16265531 0.02502380 0.03391479
-0.11663420 -0.36088020 0.13937432
-0.23165242 0.36015058 -0.02386042
0.22032978 -0.16430847 -0.15686601
0.11973973 -0.09172380 -0.07415207
0.01267259 -0.08354032 0.11531361
0.10217402 -0.09748340 -0.11018109
-0.20501597 0.38117975 0.13892809
0.17069413 -0.09212109 -0.15731826
-0.13099314 -0.12065311 -0.02228251
0.02488716 -0.05462794 0.09485628
-0.11596579 -0.08546086 -0.05680642
-0.12261407 -0.23775873 -0.14821950
-0.12811911 -0.11130261 0.01344353
-0.19230804 0.22514561 0.10427038
-0.00791123 -0.09461798 -0.15966615
0.16306649 -0.08958544 0.05139236
0.21463911 -0.23627675 -0.14538884
-0.03759304 -0.10468169 -0.15436892
0.01669161 -0.05442972 0.14628063
-0.04275281 -0.10860849 -0.06803006
0.05260102 -0.06320547 0.12873222
-0.18042471 0.12150251 -0.14623024
0.11720765 -0.06903487 0.13145231
-0.05479828 -0.08469170 0.06872503
-0.12728590 -0.03260199 0.01844058
0.21552961 -0.16489397 0.15243842
-0.15199742 -0.05431398 -0.08273666
-0.22176419 0.34321940 -0.10180140
-0.13071845 -0.36725551 0.14047500
0.16573541 -0.08846438 0.09661242
0.14010850 -0.05194322 0.10678365
0.09227757 -0.09802549 -0.11604617
-0.19497947 0.19288872 0.09858947
0.11571575 -0.04135476 -0.00348550
-0.21083686 0.38369879 0.00387526
-0.14931263 -0.06025218 -0.02880381
0.13252975 -0.04347733 0.00546507
-0.13656038 -0.16687630 -0.14486180
0.22276758 -0.37417454 -0.14964415
-0.14139590 0.11123600 0.09577579
-0.14769709 -0.05334387 0.04331882
0.01564667 -0.11081532 0.12630804
0.20033425 -0.33370218 -0.15094176
-0.15009251 0.00604822 -0.09192534
0.14426941 -0.05503643 0.11195220
-0.02202973 -0.09340521 -0.10931569
-0.15250315 -0.04189937 0.14350142
-0.13619779 -0.05325260 -0.09824970
0.23435555 -0.13968392 -0.15468295
-0.15217930 -0.05919372 0.01473205
-0.15386409 0.04628681 -0.14972037
-0.13535868 0.10544325 0.12031931
-0.12118085 -0.06850356 -0.13474724
-0.13801858 -0.30659372 0.13833839
-0.08377235 -0.09565735 0.05254091
-0.12351557 -0.15207884 0.13021481
-0.19196469 0.18704307 -0.00346006
-0.19854097 0.21689850 -0.09637651
-0.14202321 -0.09911127 0.13738543
0.14332984 -0.10088269 0.13539307
0.14371721 -0.10716502 -0.15708624
-0.18391480 0.14511378 0.08916631
0.15632851 -0.05375397 -0.09074678
-0.17873825 0.12567338 -0.04607431
-0.19937570 0.22983956 -0.05043867
0.00538665 -0.07182106 0.15634683
-0.23328234 0.38377813 0.02156045
0.11133660 -0.04526008 -0.02721959
-0.12037769 -0.06963520 0.14462988
-0.00333633 -0.10068650 -0.15780425
-0.14655179 -0.38104796 -0.14321908
0.06747302 -0.04855502 0.01063652
-0.07057472 -0.09890520 0.02435378
-0.21365689 0.29625154 0.02966139
-0.15803243 0.02698481 -0.14797550
0.11891263 -0.05208884 0.09652972
-0.08760589 -0.06702761 -0.15799242
-0.16033816 0.16075744 0.13640910
-0.18016765 0.18798016 0.05122509
0.15038209 -0.10931721 -0.11742566
0.06786525 -0.08613119 -0.00690784
0.17779958 -0.08837325 -0.07116387
-0.20378050 0.35362905 0.08731231
-0.14457890 -0.06007468 -0.04418186
-0.12731062 -0.09833150 0.08180440
0.19970256 -0.26185289 0.15487078
0.13534100 -0.05700283 -0.03349612
-0.10366549 -0.17161685 -0.13344596
0.16725104 -0.09282387 0.16329333
0.05551086 -0.05958519 -0.11969866
-0.22396377 0.35408610 -0.13523631
0.20184700 -0.31419781 -0.15522476
-0.13665685 -0.12703615 0.12140109
-0.13004719 0.06739901 0.11691233
-0.17269987 0.06768847 -0.12057745
0.14553002 -0.05381483 0.04041917
-0.18523955 0.15992370 -0.14239787
-0.05323308 -0.09932431 0.13696471
-0.01918999 -0.05846191 0.12653640
-0.10707793 -0.21564066 -0.13463645
-0.15754949 0.21039352 -0.06716223
-0.19046094 0.35090134 -0.01127529
-0.15837632 0.02337632 0.11401877
-0.22744606 0.33690423 0.13353416
-0.04009192 -0.04786265 -0.00418783
-0.12822872 -0.10762680 -0.09841302
-0.12835352 -0.18159027 -0.15241183
-0.07813033 -0.09392386 0.13036530
0.19701152 -0.17417589 0.14694965
0.16048692 -0.09851645 0.12076963
-0.18536504 0.14641987 -0.12682655
-0.19626495 0.36364561 -0.05220748
-0.15981700 0.19183095 0.06641280
0.11155078 -0.08884773 -0.15432490
-0.05871372 -0.05517734 0.15353008
0.21525130 -0.21216279 -0.15523334
0.19058560 -0.14256679 -0.15081456
0.20776248 -0.29687086 0.13956134
-0.14341614 0.14015587 -0.02388807
0.23443373 -0.09193765 -0.08436285
0.13260862 -0.08100763 -0.15515463
0.21506087 -0.39309195 -0.13850570
-0.17544937 0.29140419 0.12116173
-0.05751161 -0.05241628 -0.02631822
0.07340407 -0.09093815 0.10666843
-0.13837728 0.12636673 -0.02050419
-0.12470070 -0.05722557 0.00990581
0.20064166 -0.28618577 -0.15416726
0.21927281 -0.20951457 -0.13657777
-0.13799074 -0.17469938 -0.15219975
-0.03926571 -0.06960554 -0.15376668
0.08137868 -0.08896724 -0.15094629
0.04480509 -0.05837208 -0.04193006
-0.19482839 0.23418280 -0.14872098
0.23450184 -0.08507154 -0.02248633
0.23400858 -0.06212271 -0.00296562
0.21214758 -0.34600908 0.15714860
0.09502876 -0.07115387 0.16039537
-0.19901264 0.30702779 0.15043579
-0.13046902 -0.23137057 0.13329937
-0.18877225 0.17545335 -0.00746960
-0.00935741 -0.10180163 -0.09179803
-0.00725997 -0.05700181 -0.15940535
-0.16081955 0.02353340 0.08671854
-0.21541174 0.32093969 0.11450208
-0.14399718 0.03009574 0.15345685
0.17418693 -0.10859077 0.10750096
-0.21701555 0.39596906 -0.02179365
-0.17983605 0.18258342 0.02354826
-0.18040101 0.15466952 0.14044490
-0.12217443 -0.38501647 -0.12981671
-0.13326295 0.02808458 0.13985273
-0.19622394 0.20317240 -0.00568084
0.19944543 -0.09666747 -0.13008964
-0.19040459 0.34821999 0.01424698
-0.00568504 -0.08654077 -0.14983696
-0.23750544 0.38139650 0.04788861
0.22415312 -0.09220888 -0.01566253
-0.23063807 0.37839502 0.10887660
-0.12897423 -0.06485225 -0.13559502
0.07427805 -0.09241107 0.06613808
-0.22703634 0.38736022 -0.08863626
-0.09846406 -0.05034317 0.11689381
-0.15008882 0.18247205 0.08872057
-0.12226564 -0.29703689 -0.12764958
0.21212476 -0.24356169 -0.14086254
0.21885078 -0.32662916 -0.14809154
-0.10086523 -0.05197792 -0.00815154
-0.15171561 0.01685843 0.02275709
0.08641829 -0.04595876 -0.07600833
0.22961213 -0.12754662 -0.15776694
0.20671903 -0.35545534 0.15562573
0.03788272 -0.09031711 0.15913743
-0.17367192 0.30236492 0.05296506
0.23070276 -0.32663071 -0.14221124
0.21013874 -0.26691660 0.14231130
-0.13235709 -0.22210743 0.14183021
0.03058803 -0.09285562 -0.05086295
0.11741589 -0.09622903 -0.09783560
0.00488989 -0.06332409 -0.12974784
-0.22856015 0.37580582 0.11650880
0.10724363 -0.10724417 -0.15245461
-0.09956700 -0.12623855 -0.13179822
-0.18424889 0.14143661 0.06764253
-0.13444631 0.06724617 -0.00383009
-0.17022847 0.27355668 0.11566110
-0.18672989 0.32620388 -0.00642249
-0.14806622 -0.06047047 -0.05914746
-0.11861432 -0.16312577 0.14975941
0.13147229 -0.10070673 -0.15199031
0.18653610 -0.14000028 -0.14010164
0.01565558 -0.04931415 0.07398091
-0.23025668 0.36610010 0.11871488
-0.13382795 0.02699481 0.15444551
-0.21980023 0.40669766 -0.05496069
0.22023410 -0.08931451 0.10312093
-0.22823757 0.39698431 0.00644765
0.08694045 -0.04196848 0.04371849
-0.12435726 -0.33192730 -0.13041750
0.16127490 -0.10517935 0.15734692
-0.12016018 -0.21177039 -0.13898820
-0.21134453 0.39482638 0.09891275
0.04905691 -0.09587515 -0.04474530
0.20931694 -0.10421011 0.09490097
-0.12906729 -0.09793817 -0.15070389
0.06178019 -0.07532443 0.15419489
-0.11752860 0.02235524 0.01268055
-0.14474203 -0.38970295 0.14315297
-0.10468759 -0.11280427 -0.05041766
-0.01565152 -0.11320786 -0.13470079
-0.22640240 0.32849589 -0.14041030
0.12746021 -0.10302537 -0.09575343
0.11456117 -0.05782291 -0.11549956
-0.13302234 0.00483469 -0.09412999
-0.10133900 -0.34615260 -0.13875891
-0.09753636 -0.11136966 -0.09132073
-0.13604589 0.08661378 0.07413562
0.00177972 -0.04946148 -0.00940973
-0.16954693 0.26686540 -0.00573352
-0.12911996 -0.13626458 0.14928022
-0.13764672 0.10356621 0.14979020
0.21887250 -0.20951122 0.15761024
-0.14002356 0.13454837 -0.08630564
0.21195146 -0.32438296 0.14942774
0.18109933 -0.08580782 -0.15807776
0.22084391 -0.23152876 -0.15697894
0.14626439 -0.05532880 -0.08887449
-0.16558543 0.02166259 -0.15121217
0.06416337 -0.09645275 -0.12364697
-0.14687815 -0.06548238 0.05555053
0.04320517 -0.05717983 0.00350744
-0.14909096 -0.04547613 -0.02384892
-0.05270796 -0.05151142 -0.05847073
0.15955226 -0.06735004 0.13728470
-0.19808988 0.28885990 0.12160247
0.19138183 -0.15171501 0.15323883
0.12347388 -0.08844713 -0.03901208
-0.04778728 -0.07727833 -0.15446121
-0.20736675 0.32185167 0.14381991
0.18730831 -0.09659062 -0.16034348
0.20696180 -0.34539258 -0.14351551
0.04687890 -0.05707365 -0.14733943
-0.04290496 -0.08017047 0.09579360
0.16106638 -0.04268845 -0.01674320
0.18533736 -0.05713787 0.06476045
0.18877730 -0.05312593 0.02186457
-0.18354854 0.16734189 -0.08719203
0.02833648 -0.10241201 -0.00508705
-0.17920019 0.31420496 0.13323709
-0.13477193 -0.04808899 0.10024908
-0.12805317 -0.09790189 -0.08065823
-0.06285437 -0.12303735 0.13658488
0.11374288 -0.08821361 0.06007934
0.23233652 -0.06810837 0.08210534
-0.00478883 -0.09766757 -0.04621211
-0.18029769 0.34658340 -0.00161426
0.03227307 -0.05203643 -0.03222260
-0.13680276 -0.11423276 -0.08637484
-0.14104867 0.15143919 0.03840404
0.15431464 -0.08988518 0.06474372
-0.15938170 0.01893230 -0.07895017
0.19757034 -0.09378726 0.15775558
0.10607685 -0.05946423 0.12531766
-0.11879559 -0.11925314 -0.06510939
-0.19105677 0.35345569 0.09379064
-0.14770578 0.08746752 0.15060949
0.03811276 -0.06505588 0.02344583
-0.00193576 -0.08868759 -0.09394042
-0.13185230 -0.22281000 0.14233086
0.12626907 -0.07865766 0.13273670
-0.22322281 0.33386037 -0.04182088
-0.10059457 -0.07808775 0.13099962
0.13341451 -0.10589031 0.13696451
-0.13743301 -0.31690812 0.14091581
-0.02508504 -0.05146976 0.09639397
0.14560072 -0.09898797 0.13407293
-0.10324856 -0.00923637 0.06062901
0.10071683 -0.09388903 -0.16314045
0.20654957 -0.05448554 0.04179147
-0.17111093 0.07022833 0.10224903
-0.12567839 -0.14083518 -0.13579030
0.09436662 -0.05408031 -0.07164718
-0.11507738 -0.18661183 0.14807528
0.22154933 -0.36211449 0.14874966
0.06818204 -0.09769250 -0.15389277
0.01939247 -0.06623536 0.12507835
-0.10454725 -0.04930863 -0.06476923
-0.14058396 0.18271598 -0.01552495
-0.13339436 -0.15541479 -0.15045212
-0.10214546 -0.04801998 -0.11818010
-0.13032767 -0.26448852 -0.12796265
0.09351662 -0.10250287 0.13495095
0.00016178 -0.05789844 0.06119727
-0.12536521 0.07873581 0.01313655
-0.14377242 0.03321173 -0.08806722
-0.11525142 -0.15608762 -0.14482215
-0.13893676 -0.05565724 -0.12219755
-0.15370980 -0.05337662 0.01794142
0.03421922 -0.04932168 -0.04524434
0.19533680 -0.11403963 -0.15788631
-0.13298628 -0.08208925 0.11252641
-0.07484566 -0.06704725 -0.12183936
-0.13763037 -0.37319922 -0.12465046
-0.11532799 0.01786547 -0.04682401
0.18404207 -0.08715770 0.07763785
0.22662550 -0.07800777 -0.14943661
0.22533602 -0.12196106 0.14236078
-0.22127946 0.32357767 0.08012080
-0.08073417 -0.09189480 -0.15391815
-0.18796557 0.33676416 0.05338424
-0.23166904 0.36740452 -0.07496434
0.20124093 -0.25670901 -0.14180708
0.08434613 -0.06956991 0.15684864
-0.13641210 -0.39832902 -0.14458688
-0.18791538 0.20418377 0.13366148
-0.19081691 0.18124738 -0.04363749
0.07887860 -0.05345891 -0.07358521
-0.02557630 -0.05857668 -0.10612883
-0.12767687 -0.29628128 -0.14841898
0.06663656 -0.05190415 -0.04469082
0.12347563 -0.07088311 0.07289664
-0.13441141 -0.11267486 0.08903855
0.00940097 -0.07061876 -0.07178612
-0.03373821 -0.08701615 0.15061557
-0.15168302 -0.02024072 0.09917119
-0.17027257 0.07738807 -0.09026808
-0.18287651 0.16841921 -0.13902159
-0.13582689 0.00189841 -0.00255433
0.07793074 -0.09470927 0.15297578
-0.21569152 0.31772929 -0.14523329
-0.14023602 -0.15452525 0.11638369
-0.21113585 0.38876146 -0.13258950
-0.01353441 -0.10440356 -0.14346792
0.22621979 -0.06552609 0.06953894
-0.12342272 -0.33974254 -0.14922746
-0.13657914 -0.11333787 -0.12476512
-0.18783839 0.33487442 -0.12596567
0.17868878 -0.23323083 0.14155446
0.20932899 -0.05965729 -0.14134318
0.12435475 -0.08661690 -0.15624014
-0.12093798 -0.24162573 0.13008964
0.07060692 -0.05281335 -0.03051070
0.21794988 -0.10115401 -0.04207572
-0.10364252 -0.08132043 0.01474041
0.21216103 -0.25109166 -0.13889711
0.16964006 -0.08245185 0.16276304
-0.06369454 -0.05362375 -0.00514993
0.18368699 -0.10217363 0.11091868
-0.09524562 -0.18173246 0.14658849
0.20755133 -0.10930754 0.15440604
-0.15154456 0.07140352 0.11296079
0.10009146 -0.05823034 0.05281857
-0.10959319 -0.09644647 -0.04759597
-0.15577036 0.18842302 -0.02521700
-0.19402727 0.36123964 -0.12771127
0.06312547 -0.10546888 -0.07788542
-0.12146271 -0.35302031 0.14078866
-0.08056267 -0.07258841 -0.16132094
0.20827387 -0.09701759 -0.08580081
-0.13362500 -0.10401144 0.07958808
-0.20084538 0.35089448 0.11008348
0.05550573 -0.06538787 0.15196806
0.09126926 -0.09702307 -0.01287431
0.08539028 -0.04812200 -0.03600031
-0.12091252 -0.09396283 -0.05753946
-0.21374138 0.28452644 -0.14140604
-0.02553973 -0.04604496 0.03663466
-0.03390884 -0.05266909 0.07075676
0.20923090 -0.08924019 0.03549035
-0.14271294 0.13017583 -0.10299290
-0.13023707 -0.24954350 -0.14335807
-0.16740373 0.05583951 0.13947958
0.17780870 -0.05164117 -0.02710174
-0.17259978 0.30460083 -0.01904259
-0.19996266 0.21989855 0.12195113
-0.14424519 0.15182362 -0.04009370
-0.12350468 -0.11855078 -0.01223657
-0.11438414 -0.04397118 0.01562108
-0.13076214 0.04206002 -0.08738561
-0.13261470 -0.08230812 0.15271440
-0.01358553 -0.04878695 -0.09722783
-0.18887794 0.34907311 -0.08457156
-0.15895854 0.00776699 0.08397813
0.11689240 -0.10941651 0.15572938
-0.18515028 0.27289432 -0.13981009
-0.13997078 0.08701908 -0.07942206
0.05480725 -0.06920194 -0.15611921
0.23134224 -0.12239198 -0.16254030
0.04751249 -0.04962385 0.10600996
-0.15386608 0.13476923 0.14102589
0.04906190 -0.06995679 -0.12562220
-0.18003166 0.18975954 0.14958096
0.22639151 -0.07224363 0.03360775
-0.07286993 -0.08255953 0.15860435
0.03358352 -0.06984104 -0.13320123
-0.18756370 0.30328986 -0.11766040
-0.17333187 0.09118828 0.03948610
0.08755614 -0.07123236 0.12174116
-0.22388791 0.34357247 -0.14297597
-0.13555238 -0.40482610 -0.12630151
-0.10644504 -0.05290544 0.06322165
-0.14131451 -0.38483948 -0.14495085
-0.07510454 -0.05374218 -0.03367335
-0.11065916 -0.09531642 -0.11565168
-0.18733533 0.32556063 0.04586750
-0.15383302 0.08707904 0.15828691
0.07160348 -0.09653347 -0.14609899
-0.12819882 -0.08429226 -0.15519509
0.00189574 -0.09717946 -0.07021951
-0.14407586 0.13448077 0.05567600
-0.18065587 0.13809524 0.11078990
-0.20907155 0.26759097 0.11784326
0.02935799 -0.07262915 -0.14888418
-0.15546155 0.10323025 -0.15489687
0.20405261 -0.14914350 0.15541859
0.10767227 -0.06635226 -0.15655205
-0.14986379 -0.03036785 -0.07074869
0.01242575 -0.05938860 -0.09824988
0.15836145 -0.07588298 0.09846739
0.15613475 -0.04922503 0.02371529
-0.14767319 -0.07396940 -0.07929292
-0.07931325 -0.06770710 0.00328141
-0.15817110 0.22592643 -0.01907200
-0.23001248 0.38630396 0.09287114
-0.12507585 -0.21000426 0.15129080
0.11232044 -0.05618845 0.07304689
0.20700637 -0.17575122 -0.13979357
0.10297355 -0.07137977 0.10248213
-0.03884730 -0.09716870 -0.12229459
-0.17847426 0.26439515 -0.13683249
0.07730825 -0.08921099 -0.00518766
0.06968997 -0.06251410 0.03186335
0.22606409 -0.24356177 0.14394647
-0.05705467 -0.10155220 -0.15268639
-0.11168052 -0.08577659 -0.10679504
-0.17612623 0.29157987 -0.02523623
0.22723979 -0.14448552 0.12974827
-0.13404888 0.10879524 0.04085941
0.11458094 -0.06823704 -0.14340706
0.00737615 -0.05053489 0.05599054
-0.12600140 -0.14731523 0.12161580
-0.15938026 -0.01961550 0.14405359
-0.22322254 0.34711865 0.10500929
0.17907768 -0.06716947 -0.05778537
-0.13717806 0.13074289 0.11683228
-0.18084486 0.31461269 -0.12081435
0.20144054 -0.05693974 0.14864114
-0.12745832 -0.26262617 0.13635474
-0.21914561 0.31726453 0.04097242
-0.19499205 0.34085995 0.02286785
0.22259331 -0.32334659 0.14773311
-0.14118782 -0.09156322 -0.00549095
0.21600001 -0.09570730 -0.09791430
0.18899491 -0.17321102 -0.14627954
0.05923163 -0.05063980 -0.02977450
-0.16744597 0.05201393 -0.01917765
-0.17692408 0.13765973 -0.11490490
0.12964761 -0.09107901 0.01562753
-0.19392033 0.29816478 -0.15230431
-0.19162063 0.36395830 0.00333525
0.05854353 -0.04845722 0.14211260
-0.23782796 0.38162273 -0.00130814
0.18905351 -0.13259628 0.13784258
-0.12039469 -0.14668310 -0.14271401
-0.22894466 0.35076964 -0.12062139
-0.19317791 0.29029325 0.11982626
0.22048888 -0.24323571 0.14575727
0.21547100 -0.11876664 0.15637521
0.22238809 -0.10638304 -0.06913129
-0.13793963 -0.15002817 -0.12588841
0.01180271 -0.06112405 -0.13313396
-0.20874628 0.25979137 -0.10092459
-0.19794621 0.22292946 0.10954589
-0.17568102 0.10307382 0.14479721
-0.21392202 0.28177586 0.12611356
-0.14692283 0.06222390 0.14191687
0.07588284 -0.04793186 0.02410621
0.21595898 -0.10551075 0.02137835
0.22037750 -0.06373969 -0.10877843
0.21927254 -0.35944158 -0.15575609
-0.22152326 0.36638299 -0.11638915
-0.13197872 -0.12496482 0.10783122
-0.19418128 0.19289401 0.00786211
-0.22867440 0.39939240 0.04558496
-0.05490919 -0.09267563 -0.06035237
-0.16854984 0.26236212 0.11357766
-0.23303491 0.35789183 -0.13335016
0.21390495 -0.15716836 0.15420613
0.01880429 -0.09356004 -0.05348065
-0.12182397 -0.05881678 -0.15970649
0.17672911 -0.13538478 -0.12692776
-0.12747455 -0.09620922 0.06789286
-0.19333789 0.19743735 0.03011875
0.23342389 -0.07683489 -0.04108615
-0.06523199 -0.09092961 -0.04745027
0.04460877 -0.06793772 0.13835129
-0.20039684 0.23444042 -0.02961860
-0.20566715 0.24442792 -0.03657198
0.22238795 -0.34825921 -0.16245367
0.10304599 -0.05158668 -0.04961915
-0.16760036 0.24863125 0.03097236
-0.15285875 0.20629142 0.13013442
-0.22213116 0.36978763 -0.08270367
-0.13884310 0.06933028 0.06627671
-0.22807243 0.34085956 0.04564645
-0.13337040 0.10281172 0.02211377
-0.13842569 -0.09596499 -0.08988709
0.22333191 -0.22220118 0.14401349
0.23385672 -0.10527790 -0.09340569
-0.06787789 -0.10895795 -0.13403039
-0.12694173 -0.06973007 0.15713209
-0.15332802 0.00298191 -0.11659970
0.04739093 -0.09899252 -0.10440449
0.15966474 -0.07442127 -0.04100628
-0.13046038 -0.20094644 -0.14341244
-0.13263614 -0.09696225 0.05789022
-0.22794181 0.38857090 -0.04118968
0.16211510 -0.04282474 -0.01051146
-0.10428095 -0.09779298 -0.14304069
0.15825994 -0.09568186 -0.12452243
-0.12451763 0.01730008 0.05568511
-0.02262657 -0.09605640 0.15595183
-0.12544034 0.06764401 -0.06924406
0.17143390 -0.05441390 0.07154031
-0.12538064 -0.13920221 0.12442521
0.06467662 -0.09509311 0.13509259
0.20230272 -0.26569065 -0.13772108
0.03886857 -0.09193321 -0.12548564
-0.12493240 -0.23936586 -0.13997263
-0.11624353 -0.08218341 0.15001492
-0.22086880 0.39056435 0.01055968
-0.12991443 0.06151040 0.03311222
-0.14682534 -0.01098627 0.13429189
-0.12583582 -0.28388572 0.14123745
0.17225188 -0.09991559 -0.15390259
-0.14067657 -0.07468124 0.11146943
-0.16136459 0.09230245 0.12562798
-0.11953755 0.02386571 0.06090774
-0.17910279 0.25900313 -0.12861069
0.12755294 -0.05728536 -0.10018184
-0.15346807 0.20272696 -0.04540558
-0.21609135 0.35181087 0.14581819
-0.23412390 0.36214778 0.00834711
0.11102711 -0.09211957 -0.04416765
-0.15331534 -0.03595774 -0.00543109
-0.22465850 0.35165945 0.11184502
-0.11888172 -0.07449679 -0.13088837
-0.15737863 0.22513673 -0.06322716
0.22945683 -0.11123478 -0.12463328
-0.12399574 -0.18157990 -0.10609627
-0.22718832 0.40634957 0.05363022
0.21948464 -0.18591875 -0.15642467
-0.11361207 -0.09806199 0.04092925
-0.17162468 0.06056813 0.06507642
-0.15034702 0.21242204 -0.12779327
0.10234364 -0.09177020 -0.06435049
-0.11728792 -0.12330751 0.13083255
0.17799789 -0.08725259 -0.16319086
0.22204453 -0.24846271 0.14735095
-0.17861256 0.30174258 0.13133793
0.01139229 -0.08918514 -0.13732788
-0.12168832 -0.26944050 -0.12941958
-0.20176879 0.37839159 -0.11052310
0.22738521 -0.12480241 -0.15748823
-0.21719410 0.32167202 0.14250895
-0.04585777 -0.10411789 0.15871005
-0.16347405 0.03074504 0.05544995
0.19225176 -0.06396495 -0.11930369
-0.23004977 0.36915672 -0.10306476
-0.18955874 0.28049111 -0.15256274
0.17940977 -0.11097570 0.15014125
0.09988140 -0.05926980 -0.05583842
-0.17801419 0.11834793 0.13099433
-0.12655002 -0.14925209 0.08005553
0.05332740 -0.05642444 0.13202596
-0.13222784 0.05034745 0.12833431
0.06449611 -0.04241610 -0.07426135
0.19512045 -0.09143049 0.03295295
-0.00073330 -0.05155433 0.00639349
0.17149270 -0.08951283 0.01626846
-0.13735028 0.02079397 0.12792648
-0.14552084 0.21446094 0.05418590
0.04736013 -0.04852108 0.10858861
-0.16050074 0.04796515 0.14456998
0.09219614 -0.06520341 -0.15575618
0.20145173 -0.05975153 0.00314979
0.21196868 -0.08199928 -0.12723292
-0.16297635 0.00875018 -0.12684730
0.09320080 -0.10948133 -0.14671652
-0.08550464 -0.07118271 -0.02409878
-0.20535706 0.39404804 0.00158075
0.19437657 -0.05385779 0.06442381
-0.10061622 -0.11149715 -0.10852471
-0.19178694 0.34180474 -0.06442861
0.18546259 -0.05377168 0.07901069
-0.20835084 0.40391704 0.03484360
-0.14433706 0.12274482 0.06273833
0.21695003 -0.22007607 0.14398974
-0.12772569 -0.14044927 -0.12711892
-0.15162028 0.19812281 -0.10354643
-0.16005668 0.19476205 -0.10382078
0.18615110 -0.05718258 0.04299101
0.21636887 -0.09413596 -0.09057515
0.10541606 -0.09093624 -0.16077864
-0.14612971 -0.05012615 0.07721084
0.03236181 -0.04586018 0.05824868
0.22553478 -0.39968255 0.13754278
-0.12846065 -0.12362194 -0.05889241
-0.17410824 0.09985588 -0.00276083
0.23009881 -0.08505859 0.09771573
-0.17086156 0.12132575 -0.14948225
0.10820438 -0.04750681 -0.04556477
-0.06833051 -0.10439131 -0.15249231
-0.18109721 0.31785205 0.02642193
-0.22527242 0.36228788 0.10573305
-0.17048790 0.08589126 -0.01854967
-0.17422870 0.13812621 -0.09296120
-0.12474257 -0.32243988 0.13894111
-0.13439412 -0.16078027 0.13353123
-0.12782475 -0.18085468 -0.14249223
0.20807132 -0.09723187 -0.10924378
-0.16895384 0.27787787 0.01054385
0.18866268 -0.27123332 -0.14277045
0.05613786 -0.06229360 -0.10535014
0.09698242 -0.04832453 0.03381862
-0.15198272 -0.05149677 -0.00062772
0.13120203 -0.06082777 -0.09086385
0.23038641 -0.07443711 -0.13223739
0.15814100 -0.05217033 -0.02280675
-0.13047379 0.03430164 -0.08260502
-0.13341360 -0.07796522 -0.12480467
-0.11467525 -0.03412753 -0.02014780
0.11816342 -0.09338021 0.01455215
-0.15741181 0.20422803 -0.05953175
-0.15168346 0.06741557 0.14626580
-0.16836645 0.06300747 0.02930599
0.14659120 -0.09028633 0.16279536
-0.07393306 -0.08552538 0.15300904
-0.11389099 -0.23069896 -0.14664708
-0.14755715 -0.05502041 -0.11559463
-0.13914984 0.10111699 -0.01004754
0.17819288 -0.07805189 -0.15093671
0.19298653 -0.06274367 -0.15046534
-0.06164778 -0.05257726 0.04368040
-0.11168203 -0.08513018 -0.03953452
-0.10692912 -0.33640924 -0.14148931
-0.17150709 0.24288830 0.07511151
-0.23159355 0.38246569 -0.01007445
-0.10672379 -0.05804707 0.08538807
-0.05721511 -0.10089359 -0.05594991
0.20951106 -0.10484248 0.12894586
0.01611234 -0.05453371 0.07999866
-0.16031761 0.22341833 -0.07071567
-0.17304917 0.15493090 0.15641212
-0.18619381 0.34879094 0.12275941
-0.14965141 0.02925885 0.10043786
0.11918842 -0.06041978 0.13610503
0.21298945 -0.17694685 -0.13935852
-0.22418612 0.38833371 -0.05146021
-0.00160004 -0.10439390 -0.14467579
-0.15858245 0.09123152 -0.15837182
-0.17248411 0.12609370 -0.09036315
-0.18349686 0.30423236 -0.13040020
0.18565896 -0.10085098 0.16119982
-0.12157849 -0.02826364 -0.08856773
-0.16730484 0.11294085 0.15097636
0.19225709 -0.09322265 0.08524416
-0.20494902 0.40590316 -0.02315699
-0.20682542 0.29442707 -0.01000009
0.13497423 -0.10186426 -0.12322050
0.21936545 -0.32675660 -0.13824493
0.21007681 -0.11048184 0.07206247
0.21145512 -0.22333916 0.14124675
-0.22619316 0.36614877 -0.13406196
-0.10048963 -0.11316259 0.13753258
-0.16168034 0.07821714 0.15773340
-0.12224396 -0.03026343 0.03767979
-0.14703786 -0.07146902 0.15630034
0.11854476 -0.08488213 -0.15408337
0.21067411 -0.20384212 0.14105676
-0.17029236 0.13308746 0.15408356
-0.21319194 0.29005352 -0.11185238
-0.15763448 0.15915568 -0.14370686
-0.20009750 0.23920789 -0.05826376
-0.13795662 -0.09834656 -0.12892842
0.06993672 -0.09883971 -0.13587017
-0.12561676 -0.10512722 0.08018906
-0.12810442 -0.32350475 -0.14515257
-0.16287401 0.09789969 -0.11388969
0.04558507 -0.10196505 0.09284141
-0.19631661 0.37342051 -0.02914832
-0.13902174 -0.08953200 0.11412990
0.08002639 -0.06752942 0.16387953
0.20781074 -0.30052590 0.14944661
-0.14596996 0.14015727 -0.11857190
0.23420790 -0.10495552 0.12014455
0.04296773 -0.06347606 0.10778031
0.19205232 -0.11299954 0.04715215
-0.16778432 0.11960125 0.14637558
-0.19699091 0.20946771 0.11360240
-0.07606094 -0.06216080 -0.05383234
-0.04811778 -0.11156972 -0.14664839
-0.11038402 -0.22516827 0.14510949
0.22767681 -0.07487186 -0.09392757
-0.20208289 0.25733313 0.07096271
-0.15058057 -0.04553016 -0.12957701
-0.13475116 -0.04203903 0.14313337
-0.18939708 0.17516690 0.01712365
-0.16833992 0.09143414 -0.03191660
0.05500469 -0.05004341 -0.04474777
-0.15719357 0.14553460 0.12108029
-0.17459545 0.08100937 -0.02710874
-0.23251969 0.37623498 -0.03849923
-0.15074007 -0.05048336 -0.08943471
0.16624968 -0.04833334 -0.03795628
-0.19474801 0.37562415 -0.05300292
-0.20100361 0.23958892 0.08977727
0.01470013 -0.08450010 -0.12031895
-0.05473537 -0.05894363 0.01229773
-0.00359742 -0.06997585 0.15653187
0.18959856 -0.06120714 -0.10773245
0.02872935 -0.09330375 -0.01306292
-0.12208240 -0.14972019 -0.14926124
0.14928582 -0.07845106 0.10362972
-0.15612309 0.10874252 -0.13008255
0.21604580 -0.10183716 0.01240930
0.19584130 -0.08398258 -0.01677643
-0.06279210 -0.06504869 0.13221623
-0.14442688 0.02088910 -0.09216764
-0.08538009 -0.05178640 -0.07138309
-0.16182970 0.23510167 0.10892788
-0.06595050 -0.09306671 -0.10331246
-0.13606513 -0.09026390 -0.03599956
-0.13976848 -0.09820349 0.05163995
-0.13434994 -0.02130843 0.06089465
0.19390881 -0.13228698 0.13585113
0.14710692 -0.08960195 0.04504062
0.10485473 -0.04350896 0.04218630
-0.13262536 -0.09966508 -0.01262265
-0.11682346 -0.10612774 0.02293972
-0.10014775 -0.16058193 0.15096076
0.21749833 -0.08998455 -0.03614712
0.12088746 -0.04912487 -0.08867747
0.15976989 -0.11181436 0.15168084
0.22531354 -0.08801811 -0.16538380
0.21254173 -0.36192662 0.13190870
-0.21878763 0.28534180 -0.14340945
-0.18499236 0.16004774 0.04908364
0.16833374 -0.05994320 0.11327209
-0.14011228 0.07551302 0.14811954
-0.13541459 0.08254755 0.14295508
0.22303456 -0.09631110 -0.07842228
0.19144090 -0.06088787 -0.06776607
-0.21038830 0.27584761 -0.12965390
0.03203347 -0.04348360 -0.04188477
-0.16658582 0.09467296 0.10794744
0.21358207 -0.21281151 0.15718251
0.22283143 -0.10561275 0.16065866
-0.12404761 0.01922571 0.00461504
-0.22524908 0.39155763 -0.11068416
-0.11128478 -0.08089052 0.14651127
-0.21821165 0.30731001 -0.14057407
-0.16613838 0.06808974 0.03322864
0.19704293 -0.12325683 -0.15061976
-0.14528005 0.03841690 -0.15334265
-0.17112111 0.08467025 0.06827421
-0.12826164 0.02434044 0.04584440
-0.14599133 -0.08405863 0.03362273
0.21393842 -0.08846416 -0.11192252
-0.15550835 0.06556303 -0.14743617
0.08660630 -0.10664447 0.11202493
-0.14718512 0.13238445 0.10426806
-0.19589727 0.30498242 0.14942229
0.11825842 -0.07497456 0.10854872
-0.12571454 -0.16814093 -0.14993054
-0.09311938 -0.11877598 0.13931301
-0.21076806 0.30246961 -0.12511140
-0.07421800 -0.08285059 -0.03305943
-0.13276994 -0.20241666 -0.14842395
0.04006202 -0.05992085 -0.13064970
-0.11873133 -0.21195368 0.13104577
0.22859704 -0.07224449 -0.02818359
0.06688982 -0.09119396 0.03889300
0.17056334 -0.09506792 -0.11942852
0.00545085 -0.09642247 0.09663337
0.22171721 -0.38933307 -0.14660771
-0.20988359 0.27545491 -0.05951482
-0.21378782 0.27636236 -0.03010596
-0.22670719 0.37672910 0.06192927
-0.14827058 -0.03387505 -0.14948559
0.22545867 -0.33292219 -0.13821705
-0.14771874 0.18494311 -0.09431320
-0.19053586 0.33118325 0.01088238
-0.11040788 -0.27134925 0.13025799
-0.11668796 -0.20560329 0.14803226
0.21367224 -0.16756810 -0.15229994
-0.20086232 0.36068761 -0.08266906
-0.07023544 -0.12816082 0.14121498
-0.22064789 0.34006491 -0.04644119
-0.14877352 0.06618027 0.15986001
-0.16061540 0.07653762 -0.11053897
0.20040567 -0.05954338 -0.12884124
0.09820011 -0.06370996 0.12211900
-0.14251933 -0.07419473 -0.10582943
-0.19823933 0.22931856 -0.10946828
-0.13407367 -0.29590708 0.14886099
-0.09560791 -0.07049219 0.13890985
-0.13462724 -0.37445480 0.14716835
0.22972271 -0.09613144 -0.14073175
