-0.09143910 -0.06879048 0.21831052
0.20365039 -0.22560874 -0.04823583
0.07124412 -0.05676679 0.33321893
-0.22839521 0.20286658 -0.07134069
0.09984331 -0.09738811 -0.22774972
-0.22908981 -0.11223108 -0.17648426
-0.09327561 0.10628687 -0.27402866
-0.23256941 0.26085362 -0.29808360
-0.22749850 -0.02829310 -0.19555569
-0.14448211 0.24529904 0.31806380
0.19631803 -0.04052949 -0.22521393
0.01563660 -0.02143410 0.33409253
-0.20010522 0.29480511 -0.06328097
0.21067350 -0.26543179 0.26841041
-0.20367357 0.18549435 -0.32517937
0.19563149 -0.24213742 0.06340286
-0.22750416 0.04134920 0.05732296
0.09466741 -0.23656923 0.08953443
-0.22668202 -0.16948374 -0.17909926
-0.18352123 0.28478470 -0.02537943
0.21768922 -0.19442555 0.02171068
-0.21344124 -0.12310099 0.23999561
0.20822276 -0.20752183 -0.23106329
-0.07331356 -0.09221528 0.11253425
0.07809719 -0.21029809 0.26258063
-0.22404268 -0.02513516 0.27066052
-0.01843281 0.03937532 0.32631281
0.21418646 -0.16457175 0.21637663
0.18949379 -0.25281137 -0.34145695
0.05861478 -0.07929807 -0.23555207
0.03716106 -0.26123309 -0.17423917
0.04231693 -0.09447195 0.33245796
0.21571821 -0.07127424 -0.27492616
-0.21354905 -0.26664519 0.23545395
-0.08253463 0.02233338 0.27898601
0.12659064 0.16623211 -0.32449323
-0.15289128 0.19594535 -0.10967554
-0.22177324 0.02043379 -0.13623172
-0.05459959 -0.05017217 -0.01942391
-0.22343627 0.05336208 -0.18494253
-0.11148545 -0.15342289 -0.09451357
0.18517019 -0.29968378 -0.32758006
-0.10776819 -0.04281547 -0.01575807
0.21258438 -0.03832631 0.31834769
0.17372246 0.19189727 -0.32152057
0.11426169 0.11139756 -0.26912785
-0.15841104 0.05717037 0.24559587
-0.07836629 0.05256128 0.26723593
0.08814813 -0.09008376 0.25157881
-0.23249418 0.16603884 -0.12240195
0.01429843 -0.00122443 0.25475955
-0.16130570 0.25557035 -0.21805015
0.12929927 -0.07995574 -0.18996716
-0.19332650 -0.11735234 -0.24653481
0.08509778 0.07930990 -0.26762199
-0.04579863 -0.23231556 -0.09365021
0.20780078 -0.14900641 -0.17856643
-0.24128418 0.24358794 0.08297263
-0.22770840 -0.09595293 0.05413780
-0.21247776 0.19561464 -0.24531819
-0.16816705 0.04101858 -0.23879381
0.18842316 -0.27889502 0.32904735
0.18716675 -0.11971967 -0.11774538
-0.18568777 -0.28283101 -0.25410855
-0.13178557 -0.01029698 0.19799121
-0.22301047 -0.01339727 0.11430697
-0.23044169 -0.10667324 0.16291770
0.02623140 0.01677025 -0.26331595
0.22136749 -0.20342594 -0.22147040
0.16126317 -0.23491548 -0.07169674
0.17430818 0.04249135 -0.30417565
0.02983763 -0.22619574 -0.07003148
-0.14270823 -0.10764731 0.14841686
-0.00479763 -0.22293280 -0.14273340
-0.22663671 0.17279981 -0.05808082
0.09752121 -0.07592364 -0.23735031
0.01111967 -0.09370945 0.21466808
0.17148465 -0.09374638 0.18299170
-0.18453777 -0.07603551 0.33591205
-0.15656188 0.12423191 -0.15004657
-0.22903897 0.23259953 -0.21475965
0.10663874 0.00249009 -0.26209921
-0.13681147 0.25344655 0.26952860
-0.10014477 -0.23503827 0.30425295
-0.14798418 0.12398950 -0.32232624
0.06124688 -0.13904093 0.32547289
-0.22276749 -0.00661909 0.26515272
-0.04583692 -0.17295459 0.00491886
-0.11724740 -0.02611671 0.33842176
-0.05960620 0.15724726 0.30886215
0.17747957 0.15676396 0.29167196
-0.12427258 0.19570841 -0.27742735
-0.16169873 -0.27373716 -0.27206707
-0.05351593 0.05585335 -0.32972351
-0.15312211 0.22519103 -0.15706873
-0.10709643 0.22519307 -0.31617358
-0.15945201 0.11901772 -0.17957142
-0.21534929 -0.24788588 0.33278200
0.04505782 -0.03812305 -0.33250487
-0.11660270 0.10712406 0.33205786
0.10112989 -0.24599370 -0.34316638
-0.15325727 0.19485624 0.07843086
0.14369063 -0.03223521 -0.33098882
-0.16567102 0.27685511 -0.24602142
-0.22757274 0.26372334 -0.02820950
0.10849239 0.03743789 -0.24257818
-0.17636281 0.13331389 -0.32463446
-0.19435555 0.27184418 0.30071941
0.12658301 0.03332065 -0.31786650
0.06371035 -0.02545623 -0.24645071
-0.07052876 -0.07999330 0.20990358
0.11208691 -0.24178150 0.14588578
-0.23556766 -0.22600862 0.22777675
-0.23618354 0.28006086 -0.23310894
-0.10022476 -0.22019324 0.25933701
-0.22900355 -0.17954344 -0.27223766
0.03632164 0.03062164 -0.32858971
0.21655199 -0.16801348 -0.27549028
0.15013373 0.00008031 0.34007379
0.21710964 -0.03822699 -0.26846808
-0.17256321 0.26919031 -0.02786877
-0.22397330 0.10442580 -0.11210495
0.21599114 -0.07983798 0.32208979
-0.15094920 0.04516399 0.17679319
-0.24025263 0.26282135 -0.01998127
-0.21534880 0.22137254 -0.26299766
0.21606903 -0.23596454 -0.33462363
0.13096671 -0.04813838 -0.02222798
0.11213160 -0.03474670 -0.23305498
-0.23416641 0.27595642 0.09844386
0.00560081 -0.25033697 0.22559094
-0.10755768 0.23034075 -0.31233820
-0.15807098 -0.22423689 0.34183148
0.21650283 -0.12508191 -0.17967138
0.11726532 -0.02915127 -0.25846753
0.18028304 -0.27142099 -0.27022415
-0.22650214 -0.08939741 0.10958047
0.00704815 0.15606414 0.29224434
0.02506808 -0.27179065 -0.34319419
-0.22621503 0.27401179 -0.26147601
-0.10283110 -0.28028834 0.33423755
0.00804798 -0.19649398 0.21048915
-0.21376954 -0.13433099 0.32358876
-0.17084280 0.08217624 -0.30937889
-0.22464938 0.02835541 0.10429312
-0.07658741 -0.16506401 -0.23960935
0.06679566 0.15785064 0.33255911
-0.21141616 -0.07459895 0.30722135
0.21381016 -0.06989832 -0.11356731
0.21854542 0.04382644 -0.30587980
-0.00970004 -0.04542547 -0.25035712
0.01540368 0.00617437 0.27372906
-0.11613821 -0.26687714 0.01665679
-0.22091722 0.22177950 0.28555593
-0.13849236 0.13782412 -0.16859338
-0.12561013 0.21022604 0.27789286
0.19973628 -0.29420882 -0.33015534
-0.03248439 -0.03101745 -0.20557752
-0.08728536 -0.03253772 -0.04435309
-0.22264352 0.09065026 0.03779726
0.01813004 0.12889799 0.26043555
-0.19270323 0.28528363 0.01818436
0.10844957 0.00301644 0.33913350
-0.22923496 0.02754680 0.22582939
-0.23125973 -0.22967301 -0.24368352
-0.08538342 -0.01981711 -0.19405192
-0.22390762 0.07625586 -0.09232676
-0.17021571 0.24059200 0.08380467
-0.05206508 0.00515993 0.33654055
0.21736978 -0.12978715 -0.29632738
-0.22474678 -0.00424575 0.33069873
0.21043059 -0.23349319 0.13543864
-0.15304466 0.14967522 0.13958623
0.22069532 -0.10844643 0.03595702
-0.10408415 -0.24262556 0.33618557
0.21092542 -0.05867455 -0.22379199
-0.23761857 0.28012866 -0.22197799
0.02385418 -0.22775745 -0.19200197
-0.22955650 -0.21874429 -0.05791001
-0.20891720 -0.27064136 0.09280936
0.19423836 -0.24696726 -0.09156898
0.18565261 -0.22217891 0.32878456
0.22183792 0.10469333 0.32037583
-0.00768283 -0.07747529 -0.34063092
-0.15816094 -0.27224588 0.21282016
0.08883327 -0.25646725 0.30132881
0.16627702 -0.22537301 0.33535200
-0.05140888 -0.25151587 0.01251523
-0.22385462 0.08252110 0.09016806
0.21449232 -0.07635864 -0.08849297
-0.22424099 -0.16095783 0.31138328
-0.22580363 0.07557355 -0.19787978
-0.00671624 -0.25652459 -0.24114969
-0.03521952 0.06403776 -0.23850121
-0.13088942 -0.26081154 0.27223232
-0.22491631 0.16516910 0.26894775
-0.13946286 0.09440055 -0.22711465
0.11807191 -0.03445209 0.23446852
0.21364534 -0.11843381 0.29416171
-0.13771288 -0.04107277 0.33487076
0.10467714 -0.25697079 0.20781776
-0.22426169 0.21908265 0.26357427
-0.12043871 -0.05839191 0.00059054
0.13953438 -0.05714889 0.16463487
-0.14039838 -0.27151331 0.27608836
0.21023244 -0.00000617 0.30627680
0.20947024 0.14429443 -0.32837781
-0.14088039 -0.26098138 0.14866683
0.13097838 0.01887253 -0.32683918
0.20040718 -0.25482813 0.18601906
0.21448587 -0.06544960 -0.26978409
0.20742325 -0.22912601 -0.14418939
-0.02631388 -0.26461044 0.32348883
0.07217377 0.00997067 0.33458567
-0.11004354 -0.14631480 -0.07912279
-0.02617797 -0.24974498 0.28961787
-0.16141568 0.00550889 -0.22678660
-0.04292785 0.02139007 0.26594526
0.11356756 -0.01186472 0.26499653
-0.07561851 -0.04088056 -0.25379300
0.18843843 -0.26436430 0.32899493
-0.04802986 0.16062266 -0.33222213
0.05363724 0.02849683 0.33373138
-0.02102739 0.09265488 -0.32939500
0.05731393 0.15188426 0.31399289
-0.13249111 0.01640136 -0.06650867
-0.22763792 -0.17028844 0.20132557
-0.11100885 -0.07869630 0.15697968
0.18534741 -0.23479788 0.05818880
-0.20066372 0.15935878 0.29771236
-0.13074808 0.08210460 0.16523662
0.21946241 -0.13207045 0.17309546
-0.07541972 -0.07232670 -0.05202584
0.08563605 -0.26527718 0.31328383
-0.20883694 -0.24568066 -0.22386569
0.07315655 -0.09594047 -0.33896762
-0.15175416 0.10306921 0.05814478
0.04875001 -0.04028072 -0.32790127
-0.14933838 0.16605139 0.03013773
-0.14514828 0.07344972 -0.00384256
-0.13834706 0.05020530 0.04598253
-0.16629741 0.01398752 0.21951373
-0.21971640 -0.03856454 -0.22625902
-0.15061891 0.20108005 0.23732376
-0.08879587 -0.04735469 0.09352376
-0.14866360 -0.26496783 -0.33661970
-0.17085293 0.21979816 0.16845576
-0.16455394 -0.26386273 0.33473897
-0.02738314 -0.24427509 -0.03214309
0.05597233 -0.24213612 -0.07981513
-0.23190042 -0.08063751 0.14498886
-0.22665027 0.05567648 -0.21029073
0.14165896 -0.26874661 0.33065644
0.13922003 0.15078281 0.29684955
-0.22707747 0.00320648 -0.23526891
0.19399212 -0.28218246 -0.25434443
-0.20002002 -0.28969008 -0.33251879
-0.14427598 0.11592472 0.05557785
0.18497469 0.14647497 0.31755832
-0.10637413 -0.05995744 -0.21837872
0.21466722 0.00725359 -0.30410075
-0.22664574 0.09899738 0.27428338
-0.14543325 0.19075081 0.32906747
0.21687865 -0.08729413 0.14092913
0.18879817 0.02189109 -0.33167472
0.22812733 0.16043778 0.32634014
-0.21905836 0.06015931 -0.17481817
-0.10769679 -0.09451273 0.01162271
-0.05247658 0.08486801 -0.23210801
-0.23409018 0.20575845 -0.30496502
0.16764101 -0.06919676 -0.31373823
-0.22281481 0.14895019 0.20948388
-0.23402530 0.27386159 0.23525435
-0.22782715 0.22755274 -0.24093138
-0.22804572 0.10470182 -0.26529938
-0.15175138 0.10760076 -0.21672849
0.13813347 -0.22975323 0.01514883
0.21877351 0.12097861 -0.32726109
-0.10997270 -0.03997669 -0.07700308
0.16692030 -0.23819034 0.04745172
-0.18261859 0.01440723 -0.33536184
0.17625807 -0.07128445 0.22705950
-0.14676221 0.22102189 -0.24318889
0.10129450 -0.23945084 -0.01504588
-0.00234154 -0.13053930 0.32642633
-0.22818698 0.20550182 0.20801228
-0.12626383 0.17450674 0.23477113
-0.07450215 -0.10095322 -0.05192113
-0.14903051 0.16877925 0.19847840
0.19627716 -0.28211513 0.32693571
-0.22919625 0.07581443 -0.26175731
0.22015159 -0.18748137 -0.02604984
0.01106778 -0.05182272 0.12578598
-0.09298973 -0.22820733 0.27266613
0.20288956 -0.23726951 0.03369261
0.07801352 -0.05184791 0.21354449
0.01983232 -0.08912836 0.20894442
-0.21813217 0.03415272 0.14139682
-0.23057301 0.04159355 0.25291690
-0.22884195 0.20552780 -0.11542460
0.00665793 -0.18192847 0.33849895
-0.20544693 0.20252602 -0.32101786
0.13015172 0.15002123 0.29968870
0.17230070 -0.05803205 -0.06159753
-0.08770686 -0.24808860 0.30626899
0.07864658 -0.05424330 0.27485225
-0.14958243 0.09065069 -0.06675541
-0.00956931 -0.05105105 0.24967337
-0.11279476 -0.06385314 -0.21943523
-0.18863502 -0.23899531 0.33738905
0.19054975 -0.14903003 -0.33647898
0.16565326 -0.23182419 0.20016778
-0.14676380 0.10713354 0.30235076
-0.15923117 -0.22855826 -0.34444550
0.03234385 -0.08565964 0.14081836
0.11728162 -0.05960547 -0.34234825
-0.12156316 -0.20401885 0.11488003
0.22152336 -0.14872892 0.03851537
0.10963976 -0.09283489 0.25153133
-0.01296184 -0.26683453 0.31747597
0.09797730 0.06407286 0.33024752
0.16201442 -0.19661824 -0.34176978
-0.19984494 -0.13325220 -0.33810681
-0.22563307 0.00201779 0.17741525
-0.16637880 0.26669723 -0.20268461
-0.06381178 -0.04302086 0.01768956
0.09529851 0.00890091 0.25059760
0.19483548 -0.08097256 0.26608771
-0.22823778 0.05455832 -0.27416128
-0.16019344 0.00519426 -0.33191326
0.07687568 -0.05310811 0.00714439
0.21668029 -0.09094017 -0.21256624
-0.10341466 -0.00661662 0.24155572
-0.07645929 0.09721449 -0.32708374
0.00438609 -0.05324508 0.21453625
0.11847977 -0.04941559 0.02268280
-0.17058127 0.25752327 -0.00495157
-0.09909530 -0.05178675 0.07639125
-0.20305631 -0.13283622 0.09151383
-0.18650554 -0.05828981 -0.28323311
0.15507591 -0.02854279 0.29413000
-0.11328790 0.15156554 -0.27434042
-0.13910201 0.09283642 0.23387389
0.04923540 0.11308374 -0.27823618
-0.04827639 -0.23222554 0.07972495
-0.09245256 -0.19698481 -0.18854024
-0.11849585 -0.07162029 0.16788881
-0.22629389 0.22074462 0.13869163
-0.21851647 -0.05162003 0.28635925
-0.16631454 0.02877337 0.34045917
0.21780226 -0.07812071 -0.28061259
0.21344019 -0.03614015 0.30369154
-0.02451436 -0.20916077 0.33517760
-0.06335528 -0.23631778 0.06447504
0.18412822 -0.08975539 -0.21732059
-0.23367582 0.14234699 0.30876982
0.17844208 -0.25998014 0.10923205
-0.22728734 -0.23653589 -0.08680100
0.18510813 -0.26253790 -0.27929553
0.19657296 0.06380767 0.33882239
0.08298752 0.02465706 0.33176112
0.09538849 0.10235852 0.33493310
0.20558789 -0.18329871 -0.13151909
0.14271203 -0.05608708 0.08182582
-0.21944086 -0.25889763 -0.21686746
0.06576440 0.02899828 0.31554872
-0.14226612 0.03667474 -0.12748645
-0.05158411 0.02507354 -0.26906204
-0.03942533 -0.25029591 -0.23429456
-0.22669570 -0.23247522 0.28211787
-0.16181441 0.11775446 0.33559492
-0.20807844 0.01386989 -0.30616271
0.22086135 0.07631274 0.26358953
-0.10759410 -0.11803600 0.34063503
-0.01919487 -0.13941047 -0.34072533
0.22045992 0.00703399 -0.27928627
0.09907127 0.17055640 -0.33189043
0.02890562 -0.24203199 0.13332549
-0.12510285 -0.19408141 -0.34219447
-0.23421982 0.05737337 -0.07958981
-0.14733849 0.06056539 -0.05983106
-0.22569565 0.10485386 0.02059628
0.19272810 -0.11952905 -0.01617660
-0.20545100 0.29276797 -0.01123854
-0.01461315 0.04021087 -0.33004072
0.03165190 -0.09992827 0.23102322
-0.22236623 -0.22401078 -0.09483004
0.08429598 -0.23469217 -0.10431388
0.18269628 -0.05367987 0.12196820
0.21936236 -0.10951729 0.24764936
-0.22969456 0.22920609 -0.10660136
-0.01982479 0.03810212 0.33406007
-0.22311744 -0.24624223 0.05984877
-0.06559326 0.08067685 -0.33732539
0.08993002 -0.24888988 0.33233973
0.01757120 0.15558720 0.32766432
-0.22590689 -0.01848098 0.02679568
-0.23865364 0.27062938 -0.15779665
-0.20114988 -0.26429692 0.11543930
-0.20942034 -0.25195599 0.19803458
-0.22357175 -0.09880950 0.33483076
-0.02347793 -0.26099417 0.25913629
-0.07637509 0.11795954 -0.27745840
-0.15989657 0.25442696 -0.18611194
-0.08688253 -0.25529641 0.02593950
-0.16212593 0.15613228 -0.15976167
-0.09522297 0.05199066 -0.21225139
-0.22284421 -0.22950892 0.20814991
-0.20174275 0.24494669 -0.31132329
0.07466902 -0.03455865 -0.31311989
-0.23682103 0.27430132 0.04410600
-0.10685670 0.18471064 0.31173337
-0.22088166 -0.25852650 -0.33271608
-0.12203885 -0.26045892 0.32094952
0.05404225 -0.03374511 0.32359710
-0.12355715 -0.13913493 0.32908145
0.19994299 -0.25391439 0.17068529
-0.22300011 0.04917192 0.27001682
-0.22970539 -0.02467604 -0.23517343
0.03384883 -0.23436484 0.02916089
0.05421694 -0.16540068 0.18276307
0.22902572 0.15793945 -0.29749838
-0.18288544 0.26999152 0.22281162
-0.02421113 -0.02212200 0.20797618
-0.09363921 0.16714767 0.27754447
0.09139216 -0.04778560 -0.26728654
0.21849401 -0.19535804 0.24523795
0.15251508 -0.25273359 0.30900237
-0.21444848 0.00868468 -0.28498182
-0.11421820 0.01989069 0.11852521
0.13919477 0.14603743 -0.33789471
-0.13239840 0.01312268 0.16781431
0.19215985 -0.25372985 -0.09616458
-0.07564940 -0.00684829 -0.32461160
-0.23306316 -0.09292522 -0.27314207
-0.23192166 -0.08499226 0.29076061
0.15908562 -0.27052069 0.33281633
0.20773628 -0.03813979 -0.21497998
-0.21894935 0.14954954 0.26172796
-0.14161529 -0.07691901 0.24313588
0.21632937 -0.13133119 0.24200484
-0.22819069 0.01716322 -0.03906296
-0.22318980 0.12939772 0.24784845
-0.22698182 -0.13703197 0.19536822
-0.11958019 -0.22473344 -0.21208036
0.17396773 -0.18854868 0.33324489
0.04029618 -0.22919969 0.33844677
-0.09235600 -0.06749325 -0.03049716
0.11946696 -0.23616949 0.02854583
-0.02480342 0.17859054 0.28959915
0.21991754 -0.15002087 -0.04969475
0.19532338 -0.25559074 0.09929352
0.20554464 -0.14661424 -0.15096028
0.21848683 0.13415289 -0.32236248
0.19177543 -0.17729346 -0.08238190
-0.08197555 -0.24416132 -0.09736791
-0.21468134 -0.21149918 -0.15454923
-0.16568309 0.02689928 -0.32994133
-0.16546488 -0.19861704 -0.34146887
-0.12112373 0.01080022 -0.17866410
-0.13896653 0.08976766 0.04922749
-0.15911956 -0.05798370 -0.17168872
-0.07509842 -0.09898461 0.18396613
-0.22682531 0.27996695 -0.11852016
-0.23112752 -0.00846954 0.25195903
0.18588027 -0.15817215 -0.33392543
-0.23148516 -0.20530975 0.00289130
-0.17220315 -0.27208909 -0.24061774
-0.15387124 0.16264573 -0.32623723
-0.22762948 0.03412311 -0.15488558
-0.15779948 -0.25439060 0.32011297
0.21610199 -0.20323735 0.07274149
-0.06935328 0.18703228 0.27945167
-0.19631982 0.27668592 -0.29932994
0.09083445 -0.25547868 0.33363628
0.21195857 0.11756628 0.28817415
0.04601508 -0.10103631 0.01725661
-0.21633273 -0.07922433 -0.22598794
0.11265209 0.13382699 -0.32522616
-0.14991400 0.02507668 0.15922916
-0.22776261 -0.16469836 0.04913662
-0.16608410 0.24146512 0.24362879
-0.10199413 -0.18775187 -0.20831023
0.20278834 -0.20680347 -0.05739809
-0.06455298 -0.25746825 -0.28996977
-0.16343802 0.04522237 -0.32667425
-0.22622171 0.02135466 0.24485777
-0.23194571 -0.16144268 -0.16729096
0.21478544 -0.22871634 0.29910091
-0.20149310 -0.10875984 -0.15302005
-0.07359073 -0.24551934 -0.15843600
-0.05786358 0.00893163 0.20952186
-0.23419286 0.25579405 -0.09196284
-0.12044169 -0.22669041 0.10328935
0.01590856 -0.23312578 0.23984991
-0.08055709 -0.09943623 -0.11780498
-0.07246491 -0.07783388 0.16392004
0.20282607 0.01040026 -0.25481075
-0.23287332 -0.14601330 0.03417639
-0.16010745 0.24670035 -0.14258482
-0.17194027 -0.24939282 -0.26763308
-0.00979658 -0.24335068 0.13127697
-0.06962515 -0.03467277 -0.25842887
0.03568957 -0.16936512 0.21287450
0.12074676 -0.24450520 0.00021343
0.00991576 -0.20072493 0.33516985
0.20405573 -0.22228122 0.15081611
-0.03714626 0.13394180 0.25446799
-0.22362471 -0.08706153 -0.08168700
-0.11550777 -0.20847696 0.01926226
-0.00290612 0.17828001 0.28303465
0.12202308 0.16049170 -0.28550369
-0.02905858 0.15499215 0.30680236
0.21320526 -0.11728530 0.31181416
-0.02465693 -0.01468117 0.32916626
-0.11387783 -0.01787832 -0.22430579
-0.09478539 -0.25063708 -0.21864657
0.21161677 -0.16707410 -0.30110779
-0.00292114 0.19450293 -0.32182333
0.11759104 -0.09466808 0.33173832
-0.06940164 -0.08183904 -0.10437287
-0.23074029 0.06742615 0.13696767
-0.12207407 -0.02591313 -0.12753874
0.18539070 -0.04908813 -0.02853936
-0.00608136 0.06566072 -0.24653922
-0.11241165 -0.24684340 -0.33339265
-0.20502481 -0.14351769 0.28779402
0.13235763 -0.12260485 0.33306774
-0.10473166 0.06289461 0.24883774
-0.07791843 0.13263655 -0.33189571
0.12471761 0.15964577 0.33131033
-0.10297839 0.13891074 -0.32660830
-0.23284221 0.28920877 -0.03963053
0.13226163 0.09010807 0.33037964
-0.22773758 0.11081368 0.01950804
-0.23681277 0.26291022 -0.04719886
0.19688860 -0.16812098 0.02593902
0.11257184 -0.08225184 0.21305896
0.10205644 -0.26013169 0.33176905
-0.03567628 -0.22856791 0.10256223
0.20160574 0.07033406 -0.31333256
-0.12555017 -0.17386539 -0.33597699
-0.19492380 -0.25687858 0.15168542
-0.18522002 0.14189982 0.32373551
0.21989025 -0.20022036 -0.08836517
-0.21931043 -0.24820684 -0.26550198
-0.14530942 0.21771906 0.03551427
-0.15957184 0.24288754 0.13948143
0.14097051 -0.04476366 -0.25394595
-0.22712906 -0.21810620 0.27117050
-0.05721159 0.14459886 0.30763552
0.12196901 -0.09623037 -0.33303899
0.00118881 -0.11748377 -0.32347253
0.13987915 -0.23168786 -0.07787149
0.20833834 -0.13180733 -0.08972088
-0.22974214 -0.15485805 -0.16367877
-0.23112109 0.21916939 -0.31686109
0.07188138 -0.01724206 -0.23198868
-0.09775676 -0.06315108 -0.01576774
0.17854795 0.15254022 -0.32594457
0.15313630 -0.08010291 -0.00755797
0.11735241 -0.21981835 0.23733976
0.20451693 -0.05872587 -0.21302298
0.00015328 0.16332671 -0.28738329
0.10907421 0.02662714 -0.32943428
0.09284852 -0.24616188 -0.13547763
-0.09683825 -0.03262281 0.09553347
0.21535578 -0.11429933 -0.06173819
-0.23649174 0.19602680 -0.07348077
-0.19514932 0.27168205 -0.31329453
-0.13374597 -0.06768136 0.27658695
-0.04000132 -0.24543753 -0.05747662
-0.07528357 -0.18946303 0.28777462
0.16402480 -0.01360633 0.33534205
-0.15019570 0.13544518 -0.02407099
-0.22378623 0.28906867 0.06639861
0.19710620 -0.15210500 0.33456111
-0.17495458 0.16313910 0.33157659
0.03684034 -0.01732904 -0.24218053
-0.22394390 -0.20043613 0.13590463
0.17124851 0.15387227 0.32045329
-0.22392671 0.05686507 -0.00790177
-0.14338838 0.24151401 0.22170025
-0.15197237 -0.00098880 -0.09030248
-0.14681071 0.08657801 0.01809829
0.21808702 -0.17178626 0.23072131
0.12406844 -0.13045615 0.32083055
0.13845868 -0.23141238 0.13086918
-0.06981609 -0.23696053 0.23053350
0.16812800 0.13212706 0.33225325
0.12617299 -0.06214195 -0.10945684
-0.15925948 -0.01979511 0.33147493
-0.04753488 -0.25041324 -0.25903836
0.20426527 -0.14946912 -0.00736418
-0.13652378 -0.27658096 0.30702680
0.18569498 -0.13381107 -0.33324334
0.22149456 -0.05631702 0.20993136
0.09904259 -0.02296125 -0.27663651
-0.21219185 -0.04186827 -0.31723371
-0.13215603 -0.16344033 0.06672956
-0.23109099 0.20705833 -0.21537071
-0.19656758 -0.25242323 -0.23647469
-0.12720171 -0.25459942 -0.34569132
-0.22992961 -0.13152090 -0.06995815
0.07984819 -0.25157276 -0.20105308
0.03025556 -0.12208654 0.33998075
-0.19325292 0.02169221 -0.32764477
0.01751999 -0.04952930 0.24463370
-0.15026985 0.18045273 -0.03640769
0.21387631 0.02296540 -0.33277708
-0.07798596 -0.08436635 -0.05486261
0.20905335 -0.20677453 -0.10260103
0.21615867 0.07448737 -0.32629409
0.15518317 0.06417039 0.22761713
-0.22569436 -0.18888207 -0.19766998
0.16622190 -0.23768911 -0.19873199
-0.02592608 0.06524443 0.23238908
-0.06421486 -0.09829291 -0.32838190
-0.12642840 0.01811929 -0.32699475
0.15007661 -0.16532706 -0.33848929
-0.22201729 0.00907171 0.22022845
-0.22226577 -0.06670397 0.17904934
-0.20327529 0.15751660 0.31377020
0.18112640 -0.09773510 0.14227034
-0.04396545 -0.08371688 0.08913787
-0.14543626 -0.12259560 -0.33854374
0.19623967 0.13880302 -0.32725373
-0.10510330 -0.00734131 -0.33236748
-0.19712518 -0.09009603 -0.31390479
-0.20579474 -0.22130236 0.12532178
-0.22385196 -0.15798619 -0.04774503
-0.14073005 0.17561446 -0.21011193
-0.22462887 0.01060497 -0.07112496
-0.02134399 -0.15008253 0.32676774
-0.22883375 0.09448941 0.16036312
0.18788385 -0.17564861 -0.19502763
-0.22922622 -0.14826523 0.23371629
-0.23470202 0.27853143 0.17083552
0.07408338 -0.06133085 -0.11991531
-0.23632486 0.27460292 -0.20109946
0.09549662 0.18586539 -0.28823569
-0.22397895 0.07791408 0.22549736
0.16574138 0.05283898 -0.30787578
-0.07197155 0.19988212 -0.33775115
0.09149671 0.19980159 -0.31205019
-0.23657334 0.28655070 -0.07214094
0.11998406 -0.24035698 -0.08727679
0.00514237 0.17260769 0.32768577
0.08130991 -0.04016025 0.32180268
-0.23839921 0.23764539 0.08879054
0.07333094 -0.26577836 0.33270293
-0.23163195 0.04078685 0.29628485
-0.23993988 0.18628258 0.06537705
-0.15319408 0.13942514 -0.17170960
-0.14290951 0.01099242 -0.05897509
-0.23775594 0.23942070 0.01721429
-0.08662637 -0.04605710 -0.25374743
-0.22441538 0.20117998 0.30123460
-0.13430363 0.13312915 0.14258613
-0.11337270 -0.05771782 0.06937400
0.10293071 -0.08069601 -0.07525105
0.02052441 -0.21788284 -0.25824532
-0.22422627 -0.07607070 -0.25220117
0.12461036 -0.24300086 0.23460543
0.14260848 -0.12133418 0.33709121
0.02824836 -0.23244329 0.26135734
0.21195585 -0.14740548 0.32099932
-0.22167359 0.18304643 0.10790761
-0.22417432 0.29597893 -0.30152392
0.06919120 -0.08878247 -0.17308074
-0.17255053 0.27256972 0.03663365
0.23619494 -0.05290298 -0.30383155
-0.08411750 -0.13417836 0.34380209
-0.12749374 -0.22650169 -0.14000992
-0.13319336 -0.06846236 0.33551630
0.21314457 -0.05822772 -0.10956410
-0.22380611 -0.18697757 0.00230580
-0.15837781 0.25646046 -0.25936419
-0.21913520 -0.11561174 0.21093866
0.02851955 0.00802532 0.33329764
-0.11857232 0.00910174 -0.26326326
0.22481237 0.13981520 -0.32077029
0.01800795 -0.23242384 -0.15615663
-0.15719016 0.19804506 0.06078221
0.19307975 -0.26582748 0.20032479
-0.06657219 -0.01180206 0.22640631
-0.11291540 -0.18721133 -0.16087058
-0.09442110 -0.23350424 0.13680688
-0.11653486 -0.18277968 -0.09242190
-0.10321249 -0.28179738 -0.27835596
-0.22331241 0.08712181 0.08040476
-0.03408420 -0.18855159 0.22093093
0.09826434 -0.05818668 0.33824119
-0.23523687 0.25408825 0.24890895
-0.12911567 -0.05623844 0.08997508
-0.20951869 -0.01803206 0.15171014
0.09531959 -0.09826403 0.26772979
0.19961627 -0.14741965 0.21915510
-0.15647471 0.12150194 0.18255506
-0.11921861 -0.03751267 -0.33339188
0.18458785 -0.24614447 -0.05225289
0.07575383 -0.22938423 0.16859992
-0.19014105 -0.20116733 0.32871708
0.08527076 -0.23304522 0.33648065
-0.05051680 -0.04417958 0.18669111
-0.15366821 0.22847371 0.19135627
0.13899881 -0.10371001 0.32603624
-0.23481894 0.28910324 -0.11608553
-0.08464651 0.20599857 -0.27576411
-0.20819284 -0.24915692 -0.09970202
-0.23421928 -0.02086261 -0.23618799
0.01963671 -0.00354236 -0.21285523
0.01661429 -0.18550315 -0.04335735
0.04981353 -0.22636916 -0.15879482
-0.22930199 -0.07189566 0.26073119
0.11172318 -0.21600933 -0.26332378
-0.12107885 -0.26049891 0.32168698
0.09889930 -0.00954878 0.25937954
-0.15006764 0.07366895 0.19201669
0.06344321 -0.21180516 -0.25307047
-0.05137771 -0.04959979 -0.05397307
0.15109298 0.15353188 0.32955045
0.03127230 0.01444546 -0.25935107
-0.19084443 0.28328508 0.19749691
-0.01708549 -0.04826925 0.18406487
-0.22685248 0.20293072 0.12798703
0.21288176 -0.19413164 0.04782840
0.12236343 0.13582930 -0.28073743
-0.22635905 -0.19243897 -0.12336605
-0.14155002 0.01232867 -0.11886459
-0.22890534 -0.24786541 -0.33143541
-0.03347592 0.03923720 0.33201590
-0.01143010 0.04237355 0.25907025
-0.13858907 -0.06292158 0.18955080
-0.01667169 -0.08259758 -0.32334620
-0.15931389 0.23961581 -0.10827702
0.21875760 -0.15657248 -0.29258317
0.21499032 -0.07941526 -0.15080690
-0.17563264 -0.07593102 -0.33512259
0.15785319 -0.04854341 -0.16270496
-0.22817697 0.17979576 -0.13827318
0.15913561 -0.08372564 -0.15561973
-0.00390527 -0.26946822 0.29692179
0.03750060 -0.04780889 0.15988158
-0.04154820 0.14294943 0.26785699
-0.14926304 0.01228773 0.06865490
-0.04650529 -0.17230022 -0.01843152
0.10830736 0.02538421 0.26450813
-0.14659886 -0.18371940 0.23185261
-0.17447180 -0.23854013 0.27894816
0.09152584 -0.05350087 0.32052264
-0.22601517 0.03738263 -0.16181430
-0.22582382 0.12722138 0.08028737
0.02131027 -0.25665367 0.18462276
-0.03914000 -0.05659373 0.22895455
-0.14367811 -0.03588226 -0.13181299
-0.09658893 -0.04048910 -0.04449086
-0.22256300 0.03692708 -0.22140889
0.06651402 0.15439989 0.33277839
0.21207775 -0.06021232 -0.13899593
-0.00919662 -0.22652352 -0.12888984
0.22673826 0.13158190 0.32078236
0.19797654 -0.02614707 -0.34346583
-0.05848366 -0.21569832 0.33557817
-0.22667475 -0.21349829 0.23515376
0.21050136 -0.09552364 0.22412367
0.21537688 -0.18554762 0.09523532
-0.18484679 -0.25852215 0.33375877
0.16426027 -0.25423846 -0.04795723
0.13473974 -0.05079409 -0.24516380
0.02921168 -0.22748125 -0.01271638
0.01497986 0.05971654 -0.33843249
-0.18846397 -0.03305364 0.33127883
-0.07609743 0.07001245 0.28108770
0.20152290 -0.25985938 -0.22666213
0.11358660 -0.22759616 -0.05905080
0.16765007 -0.23998299 -0.10068627
-0.22750193 -0.22648373 0.22309998
0.13021775 0.08334924 0.27358815
0.18790668 -0.26374963 0.32982546
0.08581180 -0.09414776 0.14057094
-0.22641049 -0.02472164 0.21313225
0.15172289 0.06570856 -0.32756758
-0.09522282 0.12633190 -0.30454549
-0.23024970 0.28525499 -0.14551945
-0.22482780 0.09564577 -0.21422204
-0.22468260 0.19879068 -0.23861864
-0.15201552 0.05597748 0.03344658
-0.22438191 -0.23792908 0.28624457
-0.16043811 0.23345816 0.07616453
-0.14540915 0.12756032 -0.00392551
-0.16488212 0.00517669 0.31241152
0.20942406 -0.20863137 -0.26061338
-0.23858735 -0.15972993 0.31064025
0.04636421 -0.22533016 0.07501391
0.21826178 -0.14317141 0.12330227
-0.21112522 -0.24647211 0.24902673
0.08847918 0.08553511 0.33020294
0.14781624 -0.10420223 -0.07244085
-0.23105609 0.22607563 -0.08591773
0.21491247 0.16534723 -0.32545292
-0.19787833 0.29078388 0.06957127
0.07876076 -0.24173516 -0.00810566
0.07824171 -0.02585557 0.31514198
0.09781074 -0.12727268 0.33364391
-0.11108753 -0.05964156 0.23885773
-0.13508859 0.07302839 0.24212915
-0.23638676 0.28714859 -0.14261743
-0.22592258 0.09197555 -0.18568739
0.21799026 0.02712925 0.26535627
-0.01075729 -0.17534384 0.32482937
0.24123400 0.09744522 -0.32389167
0.21949513 -0.16370830 -0.25573719
-0.22670890 -0.05248697 -0.17563576
-0.22937781 -0.09619036 -0.32274809
-0.07769553 -0.00745756 -0.33015847
-0.00808396 0.15532279 -0.32007650
-0.22069731 -0.08838186 -0.33766481
-0.18029435 0.28356609 -0.12103274
-0.22680184 -0.04627031 0.09595292
0.15316595 -0.08268306 -0.16851084
-0.19246036 -0.25079754 -0.26437292
-0.07838407 -0.04930627 0.11545672
-0.00811003 -0.02190543 -0.27260703
0.01994511 -0.10136111 0.25427940
-0.22961217 0.16182126 -0.14790317
-0.09106231 -0.26264471 -0.03373996
0.22762868 -0.12719980 -0.32527328
0.22248659 0.00977402 -0.32670951
-0.13155921 -0.14416742 0.15111604
-0.05509595 0.11193900 -0.27750406
0.20198207 -0.13623583 -0.16261835
-0.20179017 0.14163449 -0.31020021
-0.22313040 0.13815719 -0.28945079
-0.07378964 0.19452843 0.31545153
0.07015069 0.15915325 0.27461147
-0.22862363 -0.20507760 0.21400771
0.04565290 -0.25629932 0.10571197
-0.22681391 -0.03437528 0.10150373
-0.19967388 -0.24685588 -0.25315595
-0.17176136 -0.26223576 0.28076813
0.19190668 -0.05377278 0.02627270
-0.12458040 0.20903802 0.30918840
-0.15894474 -0.21164775 -0.07815069
-0.11374210 0.13285182 0.23653813
-0.22821411 0.17447637 0.13505659
-0.15332617 0.04597715 -0.16114518
0.03021014 -0.02007522 -0.22601940
0.21865995 -0.18599522 0.12156358
-0.22264473 0.11426961 0.21591158
-0.14643186 0.01611069 -0.23089588
-0.23982140 0.17292589 -0.11388222
0.21028930 -0.12448478 -0.03502997
-0.02598251 0.07177146 -0.32961866
0.10338231 -0.07104307 -0.33828172
-0.09760946 0.17141142 -0.32474414
0.05311508 -0.16888700 0.16120246
-0.15481146 0.20311607 -0.03089260
0.04722722 0.01170348 -0.16642602
-0.04729016 -0.23326072 0.11268158
-0.22677435 0.09407555 0.30392751
0.11986762 -0.12126625 0.33833247
-0.21465269 -0.11766531 -0.31708202
0.04567380 -0.10162339 -0.17097247
0.02383566 -0.06900254 -0.25411785
-0.07082152 -0.23885728 0.11264718
0.06973936 -0.17476936 0.16512769
0.19295330 -0.06126227 0.04634235
-0.23347928 0.28564560 -0.08349907
-0.22706808 0.03505934 0.14403448
-0.06916966 -0.25006372 0.08679518
-0.12668577 0.10596058 -0.32417008
-0.24311765 0.11318804 -0.06156687
-0.14044073 -0.23650825 -0.34199056
-0.03725364 -0.02428202 0.23428383
-0.23086247 -0.17892870 -0.10020216
-0.16652462 0.06093780 0.30870017
0.21987128 0.08560053 -0.33140048
0.16535918 -0.25160497 -0.34063327
0.08454855 0.18325277 -0.32709005
-0.21970692 -0.16650994 -0.17069867
-0.22803442 -0.13213018 -0.04479544
0.16453634 -0.06213865 0.15091354
-0.22777387 -0.14422634 -0.02111238
-0.22436388 0.16500682 0.27153635
-0.04359714 -0.05927961 -0.32812655
-0.08973313 -0.24938658 -0.09409218
0.18637864 -0.17479569 -0.15081596
-0.10083663 0.16526158 -0.32597780
0.00429414 0.19479814 0.31277862
0.15090445 -0.06711692 0.06243739
-0.09253368 -0.04891891 0.23216410
-0.22732784 0.03732958 -0.31375411
0.13954903 0.06117050 0.24098797
0.21396810 -0.19993547 -0.27643228
-0.22881824 0.21393424 0.20925061
0.18656951 -0.24531747 -0.14062721
0.19625649 -0.04511370 0.32823545
-0.11971989 0.13177602 -0.22769120
0.09436987 -0.27368814 -0.33733869
-0.19395007 0.29311982 -0.01109920
-0.23100102 0.26255405 -0.03207025
0.15417953 -0.24245153 0.30817765
-0.22598428 -0.21027467 0.22730398
-0.22814940 0.05748424 0.12267669
-0.06837215 -0.05398091 -0.17174587
0.14009625 -0.03659701 -0.32882947
-0.03218868 -0.07054921 0.26251009
-0.01505006 -0.12139054 -0.32755417
0.14272025 -0.06248986 -0.34059078
0.13665366 -0.00387186 -0.21168241
-0.14711992 0.02906427 -0.00728687
0.18277204 -0.24828601 0.04145957
0.12140059 0.07283250 -0.33083588
-0.17816514 -0.26616293 0.32523093
-0.10872658 -0.27042484 0.33699757
0.21503577 -0.08895250 0.15582997
0.21638401 -0.16783066 -0.14784408
-0.22451076 0.10925436 -0.21100980
0.19405742 -0.16111651 0.32697403
0.18174507 -0.02158651 0.33632505
-0.13313146 -0.21728063 0.17207968
0.11386076 -0.09879094 -0.20151354
-0.09615027 0.03964338 -0.33691412
0.01705388 -0.24972399 -0.24126148
-0.08065146 0.00893320 0.26112875
0.10410386 0.11543447 -0.31148940
0.09245151 -0.24059263 0.08470217
0.14104289 0.16604531 -0.27707025
0.01799509 0.09644418 0.33685276
-0.00508077 0.12529269 0.27433792
0.12112735 -0.04680792 0.23341657
-0.03866436 0.06961371 0.31968704
0.16029830 -0.05309495 0.18192469
-0.14308994 -0.18884826 0.33903235
-0.21221548 0.29300016 -0.26654366
-0.19401802 -0.17148888 -0.24684688
0.22003610 0.14999370 -0.32982221
-0.15087143 0.16697949 0.04625045
0.10119934 0.08206194 -0.27477521
0.21804172 -0.21992782 -0.15548286
0.05803458 -0.05789937 0.32818478
-0.22546738 -0.22567660 -0.14886555
0.02962065 -0.20399272 -0.26235673
-0.15229468 0.21670827 -0.22814742
-0.00905803 -0.05137101 0.09990957
-0.05294664 -0.02030931 0.24430339
-0.17520884 0.24663329 0.30892849
-0.22423215 0.20750892 -0.06797010
-0.21513698 0.04410144 0.21559417
-0.15812992 0.21626723 0.04056084
0.21577419 -0.12689289 0.03674786
0.20507732 -0.05929874 0.15511630
0.06748103 -0.14414836 -0.33409852
-0.14843164 0.13953064 0.32876286
-0.16937603 0.21308611 -0.29374686
-0.13353421 -0.02023966 0.12434786
-0.14977463 0.10795663 0.07190914
-0.12883729 0.00704871 0.00662454
-0.16107857 0.20794646 0.00749536
0.15739787 -0.13408318 0.33264023
-0.14655179 -0.02513541 0.33314788
0.12515581 -0.10690537 -0.16281602
-0.05143966 -0.27182186 -0.32873577
-0.13982421 0.01677569 -0.10871638
0.17764048 -0.20149028 -0.01133144
0.19019271 0.15211925 -0.33346558
-0.20892328 -0.00123398 -0.06359009
-0.23748800 0.27745953 -0.14190225
-0.10550854 0.01984222 0.24815145
-0.17532106 -0.17853890 0.29529914
0.21123458 -0.22490185 -0.23300129
0.12949003 0.16761252 -0.32865718
-0.22063377 0.13263834 0.19165559
0.21733595 0.03027276 -0.27964875
-0.13013579 0.01183189 -0.17271970
0.20201162 -0.23562786 0.32086930
0.20350078 0.16790046 -0.32285672
-0.16831438 -0.02839516 -0.30676633
-0.23050074 -0.08870774 0.28852305
-0.13109300 -0.26854101 -0.20277677
-0.08365828 0.09856731 -0.33025429
-0.02088601 -0.18428548 -0.33935699
0.14087719 -0.24489701 -0.27555394
-0.10408863 0.16166952 0.28511673
0.01738045 -0.00914587 0.33834609
-0.23877458 0.20415320 0.13563401
0.08797578 -0.03890940 -0.17870826
-0.10104572 -0.08195069 0.33485526
0.05920259 -0.22601634 -0.02351339
-0.02753824 0.04654746 0.31857964
0.16707917 -0.26173902 0.21181807
0.06996634 -0.04903370 0.13705596
-0.22006097 -0.23526581 0.25770456
0.06361911 -0.04977942 0.33485419
-0.22508471 0.10855262 0.23583981
0.22237340 0.03369582 0.30689526
-0.22775798 -0.10926653 -0.29458219
-0.23247822 -0.12455596 0.11162730
-0.15983154 0.25045228 0.15042153
0.04324211 0.00387925 -0.32881585
-0.21982396 -0.10724768 -0.32409841
-0.18564761 -0.25434604 0.04876311
0.20120361 -0.05504857 -0.08245203
0.17878985 -0.23454487 0.09284784
0.00368080 -0.16865428 0.33625603
-0.15604338 0.19895650 -0.18112561
0.23053469 -0.08671989 -0.33436319
0.18365189 0.01383313 0.34211525
-0.14594114 0.14869393 0.01344322
0.20654187 -0.06354848 -0.32442391
-0.23599859 0.23366247 0.07312872
-0.10690981 0.15106335 0.33325592
0.12212725 -0.02278427 -0.25144666
-0.22717761 -0.17228478 0.25320649
-0.10218066 0.16863742 0.26019254
-0.13432327 0.03086972 -0.17716363
-0.14927292 0.23772196 0.28296712
0.03003317 -0.08738495 0.00639499
0.19536480 0.20842656 -0.29801497
0.17013884 0.06890193 0.26703215
0.15723126 -0.08969943 0.09445369
0.22038428 0.01938063 -0.26394346
0.21451248 -0.02184797 0.30496362
