-0.25313231 0.35763174 -0.09469426
0.22279435 0.00010432 0.02436531
-0.16800603 0.12452003 0.09565078
-0.14762528 0.00600854 -0.09589854
-0.17423861 0.17045212 0.01045248
0.08997182 0.01128966 -0.14740020
0.25177437 -0.38327655 -0.14736366
0.18016052 -0.03412278 0.15348169
0.14424098 -0.00740308 0.12497948
0.24766442 -0.04575924 0.02836401
-0.02925249 -0.02841117 -0.04177364
0.14650655 -0.00299877 -0.12883939
-0.08735040 -0.00271198 -0.03020739
-0.11012430 -0.05446608 -0.00312396
0.24600625 -0.25441718 0.13877304
-0.16533007 -0.26982248 0.10927513
-0.12450556 -0.18173386 -0.11711573
0.02488318 -0.06509437 0.15558149
0.27285761 -0.01727086 0.06950857
-0.19187628 0.25380194 -0.09042680
-0.16166560 0.14666463 -0.12865534
-0.23842818 0.31575572 -0.04193635
0.14124551 0.00079591 0.11733046
-0.13153757 -0.02716962 -0.09416381
-0.15465818 -0.36434782 -0.14494629
-0.22532555 0.35283166 0.03800488
0.18463854 -0.02043468 -0.00471180
0.21809655 -0.00443356 0.15757625
-0.13126801 -0.26549917 0.14095651
-0.12553410 -0.01670194 -0.08347706
-0.19151758 0.22475736 -0.13411176
0.25282091 -0.00525444 0.01594759
0.02870062 -0.01861186 -0.12923697
0.18169531 -0.27655929 -0.13040775
-0.22500899 0.31147587 0.06986533
-0.10918839 -0.07517866 0.10322958
-0.01722098 -0.01820841 0.01568006
-0.14371806 -0.17712471 -0.11694928
0.09951616 -0.04228614 -0.12845466
-0.15319744 -0.36558130 -0.13069746
-0.18649241 0.30026630 0.15526626
-0.21728832 0.34857842 -0.00940855
-0.22668363 0.36171994 -0.00095064
0.05382712 -0.01037798 -0.07723740
0.15442707 0.00514400 -0.12683795
-0.19110493 0.20498317 -0.00785135
-0.25312695 0.38381064 -0.00187698
-0.25309813 0.38137758 -0.05151245
0.11256522 -0.11422347 -0.14356244
0.13800387 -0.02980426 0.13681409
-0.19325717 0.27312893 0.05914972
0.26016042 -0.12712282 -0.14519274
-0.14568833 0.13190633 -0.03123695
-0.10877459 0.00300389 0.15683611
-0.15967804 -0.37248710 0.13587436
-0.19587730 0.24319471 -0.06147875
-0.13060288 -0.02152005 0.09884024
-0.24974495 0.33935305 -0.06971148
0.11702933 -0.00146511 0.05731593
0.27418125 -0.03459472 0.04406464
0.19914056 -0.01280387 0.16262121
-0.20293382 0.34326243 -0.14218102
-0.24852638 0.35927063 0.09623410
-0.23579700 0.33552387 -0.12375670
0.24758595 -0.25958282 -0.12621398
-0.14340918 -0.18107933 0.12556049
-0.13456254 -0.22063969 0.10930982
-0.16412170 0.13719550 -0.06104951
0.09850631 -0.03136501 -0.08660921
-0.21290368 0.29537979 0.07507248
0.25685713 0.00509336 -0.03288049
0.24829602 -0.19758607 0.11997772
0.21091244 -0.01607616 0.16555631
-0.21314381 0.33754918 -0.00753925
-0.23755521 0.36352140 0.13960284
0.19885719 0.00945287 -0.01877855
-0.14044468 0.10193169 0.00936017
-0.14978535 -0.26253739 0.11870977
-0.05298564 -0.03928235 -0.13969027
0.06961562 -0.00051705 0.00739951
-0.16804942 0.21023619 -0.01142389
0.22668716 0.00063240 0.02269248
-0.09135897 -0.09674300 -0.13176098
-0.16163151 -0.36717275 0.13435838
-0.02576267 -0.02133228 -0.07195394
0.17386876 -0.05109973 0.13976975
0.22905935 -0.01812591 -0.03798445
0.20908572 0.00656123 0.15309650
0.09068976 -0.02043771 0.02887080
-0.13364848 0.03753816 -0.13916364
-0.01845256 -0.01545053 0.07499322
0.02545691 -0.02351043 -0.07559572
-0.02986329 -0.01140460 0.01128928
0.25117609 -0.38351449 0.13390373
0.23726140 -0.37867081 -0.15651970
-0.00809734 -0.01039802 0.07607532
0.04166058 -0.01755152 0.07574734
-0.05310930 -0.04360543 0.15148868
0.07577368 -0.00791539 -0.06660532
-0.13060942 -0.07911266 0.02770275
-0.06894695 -0.09048624 -0.10995285
0.09507027 -0.00313582 0.06325744
0.25318414 -0.14237835 0.11354569
-0.14431605 -0.25937384 -0.13412808
0.10850994 -0.00512469 0.10416883
0.04975778 -0.02369165 -0.04108423
-0.22694919 0.29511082 0.00519658
-0.11103673 -0.14261237 -0.13431969
0.04005172 -0.00060829 -0.08002741
0.07446474 -0.00599381 -0.00128727
0.16519076 0.00007599 0.07679746
-0.13833645 -0.00984306 -0.10286084
-0.15964971 -0.33375844 0.13973044
0.26344734 -0.36862096 0.13278000
-0.11923144 -0.02374484 0.10581289
-0.15085559 0.01384396 -0.09970873
-0.11497182 -0.13997388 0.09421313
-0.12678544 0.01071678 0.06213118
0.04842270 -0.01575608 0.12542352
-0.12756673 -0.23747841 -0.13909134
-0.15732783 0.18968628 -0.12134913
-0.20137511 0.24887945 -0.11455169
-0.16264682 0.09702627 -0.09277514
0.23563242 -0.03075242 -0.13672452
0.22348362 -0.00394329 -0.00689597
0.04361435 -0.02255826 -0.02217383
0.12603877 -0.02438615 0.05788077
0.11784466 0.00947054 -0.12391029
0.15372214 -0.01790596 0.00441098
0.18573634 -0.03357226 0.11602136
0.07625636 -0.01770378 0.00912687
-0.15443254 -0.29154798 0.13176019
-0.19310114 0.20430288 0.04914735
0.24984702 -0.24304803 -0.15334933
0.25106320 -0.01315125 -0.00094376
0.10411482 -0.01137980 -0.13726227
0.13995060 -0.02548840 0.12409781
0.11218129 -0.02612255 0.15360214
-0.24360548 0.33242074 0.02454483
-0.15176407 0.05766438 -0.08249764
-0.15084198 -0.34473208 -0.12317089
-0.13092571 0.08257845 0.11263698
0.25374073 -0.00688274 0.05141055
-0.01082274 -0.01303945 0.01433585
-0.16026077 0.21324663 0.06088829
0.11822663 -0.03695194 -0.08470026
0.25298443 -0.13009253 0.15323772
-0.18971689 0.27106991 0.06617595
-0.04760857 -0.03977137 0.13761136
-0.13105477 -0.06405350 -0.05219768
-0.11787896 -0.05756312 -0.02767567
-0.16019902 0.18189332 0.13465685
-0.13932170 0.08266717 0.15199068
-0.13533154 -0.00631957 0.02958518
-0.20387468 0.28412113 -0.02839611
-0.02705015 -0.03287213 0.11667427
0.25021750 -0.00839331 0.00810632
0.07681237 -0.02966933 -0.14892551
-0.11208939 0.06713666 -0.11815265
-0.16386142 0.16205761 0.10404701
-0.13141465 -0.19732796 0.11198717
-0.19196545 0.32210296 -0.09956891
-0.02354269 -0.02836618 0.12176095
0.23496959 -0.26270726 -0.12241235
0.25102511 -0.24624448 0.15815282
0.21277268 -0.00037585 -0.02971407
0.21317625 -0.01149694 -0.06202185
0.25221828 -0.22841568 0.15168005
-0.14969191 0.01964948 0.02819989
-0.21934651 0.34389201 -0.08746371
-0.15302649 0.14015803 -0.07842271
-0.07575714 -0.00942853 0.03951792
0.22732978 -0.33051118 -0.12711826
0.21898615 -0.01458995 -0.02685078
0.24025165 -0.04866588 0.11123949
0.22208178 0.00232225 0.00392375
-0.19622809 0.28426340 -0.08391878
-0.11003785 -0.04277387 0.12622078
0.23427615 -0.35868749 -0.13569005
0.24942350 -0.10134000 0.15472184
-0.17980833 0.18374684 0.11294951
0.18527287 -0.01287517 -0.12008138
-0.15043955 -0.24967310 0.11799709
-0.15652600 -0.33418864 -0.13878387
-0.16078489 0.09245709 -0.04294268
-0.13515900 -0.00104144 0.11192046
-0.12366550 0.01017766 -0.12935945
-0.13194869 -0.15463918 0.06931404
0.21683627 -0.23088577 -0.12814870
-0.15279591 0.04069771 0.09935735
0.00950790 -0.07043287 -0.13156560
-0.12622257 -0.08676682 -0.04397694
-0.15714547 0.15547660 -0.12627983
0.07792661 -0.02426322 0.16129756
-0.21339074 0.28619501 0.07942325
-0.23801439 0.34302038 0.09470237
-0.16972576 0.09196229 -0.03221369
0.24125564 -0.22134933 0.11600125
-0.13378143 -0.17803562 0.07200757
-0.23277473 0.33065271 0.06419171
-0.08111674 -0.03862105 -0.14558262
0.19889158 -0.02014734 0.04835597
-0.16884075 0.06590813 0.00545620
0.07454125 -0.03219422 -0.06952579
-0.07252467 -0.03544740 0.07037881
0.04878678 -0.02289834 0.07963516
0.06642368 -0.01818382 -0.11999819
0.25487217 0.00706011 -0.05309749
-0.06684823 -0.03874530 0.03414754
0.26064891 -0.02980207 -0.01774539
-0.07675773 -0.09625202 0.13235849
0.24387063 -0.30981115 -0.15009034
-0.12362105 -0.12843813 -0.11199004
0.27355614 -0.04476080 0.01038178
0.17126319 -0.01074475 -0.10706098
-0.12134191 0.00267227 -0.10308228
-0.12225184 -0.19008648 -0.09794217
-0.19479972 0.26177236 -0.11436611
0.20747384 -0.06850852 -0.07918116
-0.19943964 0.23183012 0.06156640
0.15104605 0.00360936 0.03415524
-0.12060081 0.02427066 0.13761432
-0.16436340 0.16652542 -0.14017600
-0.11626123 -0.14405940 0.09221130
-0.10977817 -0.06441545 -0.01520881
0.11084101 -0.06134438 0.15156955
0.00592879 -0.02804866 -0.04548758
-0.07046157 -0.00954485 0.02767912
-0.19590543 0.30089891 0.06922328
0.26674908 -0.07120339 0.05622378
-0.07236809 -0.02576612 -0.13156681
-0.15741320 0.08120266 0.08115488
0.17741796 -0.00152665 -0.02732156
-0.14092107 -0.03722594 0.09271833
-0.15396620 0.19922221 -0.12924160
-0.16081665 0.16692597 0.10377216
0.02810573 -0.00974145 -0.04910889
-0.12615691 -0.08487305 0.11719199
-0.20740968 0.25353855 0.03307586
-0.13687080 -0.22806713 -0.09630762
0.03275480 0.00532693 -0.12969080
0.25473726 -0.22951263 0.13380609
-0.25537181 0.35804763 -0.02300335
-0.20208462 0.25580305 -0.07078316
-0.15720658 0.12731192 0.04629073
0.13602847 0.00142291 0.04174834
-0.05712327 -0.03685585 -0.10134415
0.23265982 -0.06370024 0.05065759
-0.16554087 0.18066664 0.01735613
0.04482511 -0.02465555 0.00771281
0.23963575 -0.04257038 0.00765822
-0.05238959 -0.00452003 0.04665187
0.25308627 -0.00944439 -0.13605204
-0.13102041 -0.15717778 -0.09936619
-0.10898998 -0.06187457 0.14556409
-0.20598704 0.34952497 0.13505355
-0.14088565 -0.03431974 0.14376673
0.24922623 -0.01912887 0.07658085
0.04313598 -0.00592090 0.01301030
-0.18622184 0.26000142 0.04661579
0.06468621 -0.00017540 -0.00996149
0.24221377 -0.03892866 0.08363769
0.16334631 -0.00833541 0.10342801
-0.19325423 0.23359700 -0.03515595
-0.15065958 -0.35748011 0.14286627
-0.23588926 0.37331012 0.00124099
-0.23360258 0.38870388 -0.12623179
-0.08451386 -0.00641680 -0.09045181
-0.17239049 0.11257232 -0.09785445
0.15321204 -0.01947057 0.10040918
-0.14392513 0.13753755 -0.01377580
0.10752505 -0.02388249 -0.12052845
0.22606584 -0.00298374 -0.14848454
0.21333328 -0.17496756 -0.13513717
-0.21950684 0.29587498 -0.10474317
-0.00146584 -0.00976461 0.11789892
0.15428373 -0.03044880 -0.11676455
-0.07566712 -0.06276256 -0.13432284
0.07864659 -0.00013409 0.11671430
0.23780102 -0.03326051 -0.04038103
-0.19681238 0.28814104 0.03445647
-0.13382101 -0.28991032 0.12459569
-0.16919108 0.18971279 -0.06335854
0.25556383 -0.05286984 -0.12746324
-0.23854184 0.32859632 -0.09031109
-0.17888321 0.25747031 0.13732184
-0.11820953 0.00497167 0.10599625
0.04899948 -0.00680247 0.01393595
-0.15949894 0.08865007 0.05381205
0.01556557 -0.01195627 -0.11305320
-0.15870468 0.18751822 -0.04578148
-0.17683016 0.25205839 0.07448494
-0.10503788 0.01563751 0.10910512
0.10121796 -0.00013762 0.13573971
-0.18092816 0.23773254 0.05745941
0.23857741 -0.03050585 -0.06000734
-0.15222093 0.02917870 0.11310008
-0.14662616 0.00275938 -0.04005842
0.25922352 0.00023142 -0.00029240
0.21826218 0.00259497 -0.01465351
-0.17700437 -0.32181630 0.13467401
0.21747208 0.00040513 -0.14794621
-0.19714931 0.27193695 0.01373337
-0.18364374 0.18592583 0.07466969
-0.11849989 0.02069477 -0.00784931
-0.02190259 -0.03263432 -0.10945626
-0.04623283 -0.04251376 0.08697779
-0.12516581 -0.13709727 0.14258851
0.23158437 -0.22702503 -0.12709659
-0.17346767 0.28897473 -0.12412351
-0.12519279 -0.02135791 -0.06408916
0.23346882 -0.03741313 -0.14869903
-0.02907415 -0.00685479 0.13165215
-0.10097113 -0.04271917 0.11535973
0.08708373 -0.00603772 0.07012159
-0.01703193 -0.03437484 -0.11652058
-0.20823860 0.27726674 0.00605018
0.10060515 -0.00505554 -0.03950984
0.25392032 -0.00230981 0.08690082
0.16392010 -0.01738555 0.04513059
0.25642860 0.00522703 -0.07024627
-0.08823943 -0.00012260 -0.06986207
0.13034329 -0.02180501 -0.05938736
-0.13698693 -0.08863939 -0.09768772
0.23308702 -0.20234817 -0.15071262
0.15083091 -0.00763612 -0.09929411
-0.12714449 -0.03425123 -0.05731549
0.07782657 -0.03845336 0.15656430
0.02906026 -0.03002696 -0.14971502
-0.13554294 -0.25985610 0.14123204
-0.17138909 0.17974879 0.12695234
-0.17664525 0.16698468 0.09214947
0.09593868 -0.03172067 0.03881028
-0.14567290 0.01360153 0.14201270
-0.17596136 0.15036593 0.06990608
-0.15449101 0.08104724 -0.07062721
-0.11649384 -0.26165935 0.13721661
-0.17973639 0.18058707 -0.05625754
0.02256368 -0.01057199 0.06045673
-0.09351626 -0.01188397 0.03574878
0.24650848 -0.14349414 -0.10975571
0.23448841 -0.27067479 0.12466662
-0.06376144 -0.00945222 -0.10479246
0.11723703 -0.09465154 0.15095642
-0.05319641 -0.05159523 -0.03235765
0.24833927 -0.03571660 -0.11866543
-0.24095482 0.38612884 0.09777396
0.20600718 0.00901289 0.15274577
-0.14661784 0.04727110 0.11650140
-0.17576918 0.15028049 -0.01545023
0.21829912 -0.17980677 -0.12709677
-0.10466719 -0.09059912 0.10256549
0.19632541 0.00337107 0.11566746
0.17743638 -0.02015995 0.13410830
-0.15683651 0.18269323 -0.09766039
0.26640901 -0.07382030 0.03826988
0.24193040 -0.14394292 -0.14336945
0.11962113 -0.01921780 0.13655506
0.22944073 -0.35612068 0.14346667
-0.18373923 0.20928545 0.14083424
0.09835838 -0.04329369 0.13954753
-0.09962530 0.01084919 -0.10632662
0.21125700 0.00542516 -0.12843877
0.24670647 -0.05808571 0.06254637
-0.14120266 -0.01583193 -0.00022429
-0.18866745 0.23795412 0.04390375
0.24501602 -0.05039917 -0.11522872
-0.25943735 0.38628346 0.08148677
0.11369018 0.00230193 -0.03681117
-0.19299421 0.21350349 -0.04820561
0.09563836 0.00163304 -0.15447970
0.08555284 -0.02409537 -0.00653353
-0.15672305 0.04957085 0.14028019
-0.15652876 -0.29386890 -0.12447542
0.23905692 -0.32041204 0.14534949
-0.23048674 0.37502652 0.08735880
0.11731762 -0.01128495 0.10462787
0.25730830 -0.03192768 -0.15292935
-0.15350041 0.22525850 -0.09823619
-0.16784213 0.12071362 -0.03960444
-0.11566855 -0.03315256 -0.03948321
0.12462921 -0.03633414 -0.01465603
-0.19085313 0.20380525 0.04108337
-0.12262149 -0.15033679 0.12178990
0.22943667 -0.19582342 -0.14992882
0.16494742 -0.00703266 0.02347055
-0.24299712 0.34622231 0.06564628
-0.12070511 -0.01435061 0.07516991
-0.12898326 -0.05937583 -0.00251341
-0.09434287 -0.03166987 0.00184618
0.21672846 -0.05228970 -0.14445138
-0.23402646 0.32350188 -0.09089138
-0.13176624 0.03796633 -0.14322349
0.19515726 -0.02052574 0.07606518
-0.18306769 0.29829583 0.11113097
-0.19858448 0.25932583 0.14153625
-0.13259847 -0.27260968 0.09982789
-0.15166225 0.02946955 0.09534811
-0.12773249 -0.04778654 0.00160028
-0.01885978 -0.01052674 -0.10510812
0.06247883 -0.02149602 0.00385204
-0.12972711 -0.00734989 0.07505364
0.26819664 -0.04416461 -0.09268618
-0.16634402 0.13623565 0.08425657
0.12106002 -0.00232184 0.04114093
0.22586645 -0.14912476 0.14747626
0.02038139 -0.04524947 0.12722908
0.24903479 -0.01158117 -0.06441100
-0.19826043 0.24617928 0.10211321
-0.22761054 0.30829880 0.03505180
-0.13221115 -0.16943946 -0.12227920
0.22573386 -0.13879527 -0.12250174
-0.12913319 -0.08785234 0.10404027
-0.05790558 -0.03020015 -0.05266029
-0.07946976 -0.06144867 -0.12027697
0.25794214 -0.25076199 0.15213294
0.03083715 -0.05477238 0.14456753
0.19609824 -0.03110391 -0.14436395
-0.07244097 -0.07318428 -0.13326044
0.04285295 -0.03016527 0.01663064
-0.02331587 -0.02170078 -0.03306209
-0.12490340 -0.16145609 -0.12265071
-0.13106306 0.08882353 0.09577648
0.24452664 -0.34583700 0.14096279
0.01501066 -0.02436443 -0.07026840
-0.13174835 0.08058521 0.14068297
-0.18845350 0.30434299 0.09202173
-0.15868564 0.03660559 -0.06004158
-0.24645321 0.36782432 0.12074560
-0.17198804 -0.33523950 0.13642499
-0.15508273 0.15806481 -0.14783467
-0.15753868 0.17343341 0.03157849
0.05918543 -0.00544812 0.15601298
0.01396327 -0.03359374 0.07993738
-0.12281048 -0.14197774 0.13754579
-0.11584486 -0.12033709 0.07035692
-0.19874156 0.25751850 -0.14630644
-0.14682096 0.15441531 0.06683128
0.18604271 0.00366502 -0.09946709
0.24531451 -0.31383723 -0.14437161
-0.22440933 0.27616188 -0.02273432
-0.15882504 0.16467905 0.14099121
-0.17466302 0.15167181 0.04832167
0.24675640 -0.23704779 0.11679446
-0.04875999 -0.02483066 0.10807560
0.21175046 -0.10107225 -0.13936076
-0.11888443 -0.00992769 0.13552310
-0.19029322 0.25319970 0.08665660
0.25809130 -0.01016628 -0.01162603
-0.12075838 -0.11423698 -0.11910861
0.23772840 -0.10576105 -0.14110033
-0.13626869 -0.02632125 -0.12160046
0.12649500 -0.00549008 0.04664401
0.24629062 -0.13005275 0.12365450
-0.03612532 -0.00554786 0.08662392
-0.14819160 -0.33217430 -0.14817846
0.17820296 -0.04229711 -0.13804220
0.07831939 0.00647023 0.10212753
-0.20076424 0.33506000 0.13620505
0.24838120 -0.23614684 0.12661874
-0.11944379 -0.06109702 -0.13483003
-0.14763442 0.01506684 0.09214421
0.19845347 -0.02343416 -0.12774411
-0.17605691 -0.38255566 0.13072209
-0.12354475 -0.06682652 -0.09600239
0.03160198 -0.03490457 0.08169845
0.10720981 -0.03890397 -0.11097992
-0.11940809 -0.22025082 -0.11574544
0.25536281 -0.35482001 -0.15349422
-0.12424728 -0.21536003 -0.13898937
0.13065276 -0.00338181 0.13765915
-0.14446962 -0.24621153 0.13912329
-0.16411905 -0.37934402 0.13171406
-0.21843743 0.30302599 0.03141309
0.14648008 -0.02262592 0.10016287
-0.14936751 0.13636252 -0.05839504
-0.12226909 0.00958299 0.02530264
0.25611317 -0.09414861 0.08548506
-0.09424783 -0.06674323 -0.03115626
-0.15997101 0.04086009 0.03321800
-0.17526211 0.14933433 0.02186699
-0.13196407 -0.00580275 0.13534531
-0.12469939 0.05582924 0.01810844
-0.12797253 0.07001488 0.10697345
-0.12541348 -0.15729050 -0.13313645
0.24378163 -0.05142885 0.04192241
-0.10148519 -0.06430848 0.07593248
-0.14621224 -0.03735738 -0.11626200
-0.15752910 -0.32383415 0.14097747
-0.16788833 -0.28839117 0.11039457
-0.12530816 -0.02368968 0.05140007
-0.14635985 0.04408699 -0.07368483
0.20894867 -0.04781064 0.16020899
-0.20768264 0.23523442 0.02229990
-0.11680298 -0.00646575 0.05696275
-0.20494002 0.34453383 0.12788692
-0.24692094 0.35548812 0.05327995
-0.14498846 -0.03591090 0.00983250
0.24279872 -0.00756408 0.12554353
-0.21995606 0.37181765 0.10781965
-0.16643240 0.18869485 0.14935324
-0.15797104 0.08729338 0.11925265
0.01869678 -0.01949063 -0.10333258
-0.13159303 0.04984935 0.05044555
0.27507460 -0.03312975 0.00622007
0.24422370 -0.02062911 0.16046663
0.13978183 -0.01658320 -0.00672375
-0.05778685 -0.06234238 -0.13480936
0.27023643 0.00211236 0.00653453
0.12339443 -0.03051289 0.09324895
-0.11928944 -0.06483687 0.13816753
-0.17292108 0.16296807 0.05711876
-0.14273034 0.02532664 0.13936318
-0.22996995 0.35906515 0.05410654
-0.12407649 -0.00787665 -0.07825300
0.22518779 -0.01053447 0.15630488
-0.24605075 0.34253690 -0.01541949
-0.19379005 0.21049124 -0.03282902
0.13857609 -0.03070610 0.15263101
0.07823763 -0.00281606 0.00085395
-0.12704936 -0.06936073 0.14515635
-0.20841973 0.28789970 0.08401918
-0.18949804 0.18334617 0.05730610
0.15584041 -0.02172847 -0.00027980
-0.15619214 0.19675249 -0.06700084
-0.14629851 0.01112960 0.02622881
-0.23922035 0.34838802 0.07016617
0.22017650 -0.00055290 -0.02445409
-0.16222624 0.16881728 -0.09617433
-0.14218681 -0.06646861 -0.12310366
-0.13389243 -0.03327642 -0.03659783
-0.11732386 -0.02663469 0.04328616
-0.14413966 0.12076254 -0.11843026
-0.13188872 0.02310359 0.12341882
-0.12871392 -0.08084682 -0.14219604
-0.14128542 0.08056667 0.12406684
-0.14490609 -0.30053967 -0.13946937
-0.14477126 -0.34016877 0.12889589
0.00316620 -0.01734923 -0.15060866
-0.23304124 0.38113117 -0.04735158
0.25355986 -0.11725630 0.13045476
-0.17475842 0.17941138 0.13458768
0.26995334 -0.01300965 -0.00041138
0.22173728 -0.35584128 0.12824801
0.26284617 -0.06549875 -0.13859168
-0.21350235 0.29433334 -0.12491772
-0.12648304 -0.07483868 -0.11181557
-0.21104997 0.26467374 -0.02390299
0.19539128 -0.02161815 0.15840256
-0.13857497 0.01315772 0.12097665
-0.03700639 -0.04493997 -0.08736049
0.09605748 -0.02598962 -0.13624284
0.22380136 -0.11944579 0.14807874
0.03035512 -0.03379417 -0.04994851
-0.13013786 0.07106780 0.08262078
-0.16328599 0.15043823 -0.13404769
-0.18886232 0.20862770 0.07664780
0.25129890 0.00651394 0.00714507
0.22015145 -0.02735638 -0.14317793
-0.04634843 -0.03232262 0.11263663
-0.14920461 0.16943491 -0.12080460
-0.11215593 -0.00405100 0.06760396
-0.21303438 0.35969973 0.13481422
-0.13100675 -0.25653240 -0.14021350
-0.25670704 0.39079157 -0.02885598
-0.15358119 -0.32020167 0.12431537
-0.13001081 -0.02454220 -0.05006166
0.04290200 -0.01681205 0.10537059
-0.16004568 0.18688586 0.04170559
-0.12820944 0.01460699 -0.11300644
-0.24534692 0.38542110 -0.10619383
0.23564093 -0.17069565 -0.11065759
0.11208989 0.00227272 0.01785871
-0.13696624 0.10070875 -0.13073358
-0.13320874 -0.20052791 -0.13936114
-0.20616172 0.28121918 0.10700291
-0.10799809 -0.01885821 0.05787721
0.12705696 -0.00400325 0.13608381
-0.14512929 0.13115095 -0.06448143
-0.12966630 -0.02157004 0.13894178
-0.18107304 0.25429845 -0.14249396
-0.14998305 0.09605708 -0.13797067
-0.00947790 -0.00452589 0.05986671
0.23811977 -0.02026640 0.15435603
0.16501255 -0.03947483 -0.02519541
-0.12362988 0.00679785 -0.03835243
-0.24930541 0.38635767 -0.07839757
-0.07675552 -0.01241739 0.01845592
0.24334449 -0.21508516 -0.12233973
0.25479490 -0.05222198 0.10617839
-0.13613902 -0.06369116 0.09901088
-0.15100309 0.06433111 0.00641206
0.02373475 -0.00330630 0.00696848
-0.14037727 -0.27614945 0.11934152
0.24041416 -0.18882909 -0.11668609
0.02852474 -0.01553253 -0.01379522
0.19558725 -0.04660662 -0.15504146
-0.19992815 0.29769963 0.00827280
-0.18880190 0.17955998 -0.05097758
-0.17591783 0.24197318 0.14317425
-0.10670306 0.01560945 0.05137485
-0.15388076 0.14417608 -0.13745815
-0.14636441 0.08936801 -0.07971974
-0.12838197 0.00338301 0.07333371
0.23544669 -0.34931678 0.15786959
0.25986534 -0.00673047 0.11648752
-0.15965743 0.02875351 -0.01328399
0.07512006 -0.02440552 0.06528858
0.22504427 -0.00031597 -0.03827770
0.19566198 -0.00718323 -0.12310927
0.22963600 -0.03535205 -0.07520134
-0.09449959 -0.03163417 -0.01398873
-0.02567307 -0.03807156 0.12090170
-0.24656710 0.35172457 -0.08948528
0.17745799 -0.02819737 -0.08791696
-0.09765214 -0.05773156 -0.12651171
-0.11338392 -0.20205587 0.13017163
-0.11640316 -0.04771854 0.12923890
-0.06624770 -0.01518890 -0.07820837
0.05100916 -0.02629032 -0.02158149
0.23449565 -0.19013913 0.11747494
0.15234776 0.01172437 -0.13197336
-0.12624441 -0.03502817 0.11606304
-0.12192082 -0.05207014 0.09373350
0.18613335 -0.00291338 -0.06333418
-0.03768744 -0.01572471 0.15361264
-0.14795819 -0.06775224 0.10374935
-0.09831525 -0.03338757 0.01860419
0.17823187 -0.01600272 -0.02209442
-0.16210540 0.14877084 0.10804821
0.25830665 -0.20393287 0.14945699
0.01139574 -0.01523600 0.02113196
-0.12754914 -0.21797989 -0.13480243
-0.13081574 -0.06344220 0.11492999
-0.13911189 -0.03684228 -0.12891483
-0.14630699 -0.31804770 0.12245037
-0.00656912 -0.01512735 -0.15259258
-0.17100719 0.10702918 0.00944341
0.21957719 -0.33256036 0.13172650
0.11087596 -0.00822174 -0.09033553
-0.21112110 0.35828575 0.13091996
0.05289189 0.00029534 -0.10937869
0.21812126 -0.07744402 -0.13233553
-0.20358752 0.23585270 -0.01951364
0.24282116 -0.22032687 -0.13829362
0.23991022 -0.04873718 -0.05613408
-0.24805208 0.38391557 0.09035397
-0.17614256 0.13912530 0.07281596
0.19118962 -0.00650200 -0.14034751
-0.12942058 0.00330707 0.10325897
0.24455202 -0.37885851 -0.15530375
-0.17139204 0.26546770 -0.08509687
0.18164699 -0.00150580 -0.05710097
0.20986883 -0.00109238 -0.13633859
-0.13055038 -0.04476639 -0.05487688
-0.11924423 -0.20493451 0.13554931
0.11797914 -0.02302599 -0.15653437
0.24284421 -0.22940624 -0.13543950
-0.04682217 -0.03299349 0.09810434
-0.19141588 0.21091166 -0.09302891
0.20654553 0.00544819 0.00178040
-0.12272471 -0.08075069 -0.11445956
-0.12381937 -0.03210225 -0.05513486
-0.22255194 0.31587541 0.13729599
0.20260274 -0.01643276 0.15871775
0.26987019 -0.06932631 -0.06624627
-0.22084913 0.37346432 -0.10234189
-0.15156668 0.10843585 -0.08984215
0.25448352 -0.26190579 0.12999602
-0.15997437 0.19537027 -0.13696627
0.06668139 0.00414085 -0.05063947
0.23941346 -0.37427065 -0.14047198
-0.20999277 0.24621370 -0.08312398
0.15779912 0.00543464 -0.15002935
0.25504312 -0.21532057 0.15925647
0.03674568 -0.00199690 0.06651228
0.19861048 0.00487558 -0.00260513
0.22538356 -0.21492885 -0.11315761
0.03868999 -0.03669178 0.12181136
-0.23217312 0.34647644 0.10025845
-0.14947036 0.05048834 -0.06909639
-0.00666454 -0.03129661 -0.10071576
0.25480521 -0.34556100 -0.14484982
-0.10780835 0.00773962 0.06854528
-0.06490061 -0.02798873 0.15119842
0.22371396 0.00120602 -0.07285561
0.24803846 -0.06102128 -0.12258991
-0.15921035 0.09106998 0.09207275
-0.14786819 0.03869122 0.10529626
-0.14168301 0.14717136 -0.14026850
-0.17484955 0.15525308 0.12360216
0.13600376 -0.01980630 -0.15163600
0.08462982 0.00283348 -0.01413741
0.02799029 -0.05203793 -0.14421956
0.21687196 -0.02303190 -0.14169776
-0.13047391 -0.04761232 -0.12057637
0.25462633 -0.25581750 0.15142509
-0.13594322 0.00314422 0.12865189
0.24968424 -0.31049740 -0.13049677
-0.14553814 0.17804387 -0.14081475
-0.16440062 0.06629181 -0.05770244
0.25462607 -0.16140908 0.13169442
-0.19631934 0.20324662 -0.02071937
-0.10538092 -0.11383314 -0.09732786
-0.22666079 0.31783402 0.10141092
-0.06396153 -0.04003217 0.14057609
0.01090279 -0.04275368 -0.09401111
-0.07401094 -0.02426928 -0.02249746
-0.08222940 -0.07128901 0.05601703
0.06194140 -0.00996637 -0.15527174
-0.10647391 -0.13715960 0.13933949
0.07674503 -0.00345951 0.05072308
-0.12679337 -0.25919443 0.09733366
-0.17921257 0.25294217 -0.00257997
-0.11691897 -0.15368736 -0.12988459
-0.13750009 0.10681691 -0.01006162
-0.08044559 -0.07620944 -0.12532234
0.23909238 0.00546090 0.12810823
-0.11930609 -0.12428235 0.10480347
0.13294747 0.00627725 0.05586374
-0.10289466 -0.05486216 0.06217516
0.14232241 -0.10858145 -0.14518788
0.00802717 -0.00889847 -0.08274920
0.24251640 -0.30334455 -0.15595709
0.10392130 -0.04420811 -0.12220127
-0.04501859 -0.03177829 -0.05978617
0.24149849 -0.18703106 0.13211919
-0.19091171 0.24438755 -0.14199431
0.23602048 -0.32551384 -0.14637205
-0.16553994 -0.35142225 0.12354310
-0.16092464 0.10843097 0.04932014
-0.11943655 -0.11179565 0.12751934
0.23489936 -0.32015365 -0.14690591
0.22011128 -0.00387389 -0.09079981
0.03811353 -0.00219815 0.07331876
-0.21821973 0.25406751 0.00558578
-0.22991908 0.32604820 -0.12019102
0.26395318 -0.00978405 0.11916562
-0.14046004 -0.01540554 -0.12688647
-0.15932104 0.24264625 -0.13842516
-0.16952823 0.20037547 -0.14032657
-0.10486413 -0.07887327 -0.08898058
-0.22578844 0.31507146 0.04370287
-0.20597677 0.31195614 0.03373834
-0.13133225 -0.08846258 -0.00624195
-0.05457697 -0.01142562 0.03752481
-0.12204925 -0.05417866 0.04586006
-0.02538042 -0.00224510 0.03739304
-0.10753708 -0.06495313 0.10935801
-0.09508552 -0.07259837 0.10436045
-0.18024759 0.24803190 -0.11089028
-0.16288415 0.20229992 -0.10913150
0.09536707 -0.00198186 -0.01123659
-0.12517701 -0.02987152 0.03696815
-0.09791131 -0.07666344 -0.11045668
-0.04352288 -0.01296977 0.11797376
-0.09151086 0.00652788 -0.01676044
-0.18775767 0.28612757 -0.14508189
-0.20380931 0.25459474 -0.00271842
-0.12959923 0.02912014 -0.00156432
-0.13141459 0.06982071 0.06699192
0.16291153 -0.03740460 0.03482373
-0.10706215 0.02871975 0.10940083
-0.25596839 0.36362669 -0.10928120
0.25042212 0.01126764 -0.15393682
-0.15190220 0.15592839 -0.14664148
0.24351184 -0.00452439 0.07657775
0.26402447 -0.00011175 0.01316505
-0.14786033 -0.02050622 0.01353822
-0.25761017 0.37141132 0.07441207
0.20669426 -0.00347207 0.03001973
-0.14718111 0.05946293 0.13108425
-0.11864765 0.00732230 -0.11975576
-0.21237051 0.34230793 -0.06771187
-0.11353546 0.01913057 0.10374182
-0.13662189 -0.02508650 -0.04639798
-0.12570947 -0.11625138 -0.11532784
-0.13126312 -0.02252796 -0.07983608
0.16778755 -0.01792504 0.15285155
-0.15923268 0.03127303 -0.03508015
0.13284867 -0.01153287 0.15420727
-0.13918740 0.11707477 -0.09180430
-0.13803148 -0.21202570 0.08959080
0.01641511 0.00264638 0.13632382
-0.15006018 0.05988231 -0.03053240
0.00222732 -0.01445826 0.00056815
-0.23352449 0.38243929 0.04055477
-0.19937794 0.24156418 0.07567437
0.27391997 -0.03315508 0.03635110
0.11862566 -0.00786103 0.09928454
-0.22559524 0.30134806 -0.09103927
-0.20363714 0.33026811 0.12016059
-0.13685049 -0.24590239 0.14031120
0.09105388 -0.02688452 0.15357342
0.22660463 -0.11055256 -0.15252472
0.24306558 -0.02962273 -0.09553275
-0.16350302 -0.36184537 0.14953017
0.25272062 -0.08395129 -0.11855640
0.02748527 -0.01881254 -0.12747167
-0.18093319 0.17789216 -0.03452552
-0.12406964 -0.01518101 0.08504324
0.23103382 -0.23666552 -0.14390494
0.14357728 0.00289023 0.00180752
-0.14659116 0.16262646 0.08435719
-0.21771468 0.29668552 0.13220337
-0.15816841 -0.26684123 -0.09625145
-0.12637791 -0.01960608 -0.09765466
-0.06090489 -0.01118462 -0.04995323
-0.15554973 -0.25334808 -0.12117194
0.20773894 0.00151463 -0.04991896
0.25143752 -0.33163872 -0.14260967
-0.12779543 -0.05770575 -0.03139958
0.24522473 -0.22106595 0.13828325
-0.12600422 -0.26365486 -0.13712279
0.18917349 -0.08506449 0.13643247
0.01161275 -0.00330461 0.08887371
-0.15451296 0.08032534 -0.11395263
0.09893799 0.00609277 0.05966223
-0.18470836 0.17747097 0.07969208
0.16972452 -0.00524243 0.15807751
-0.10382552 -0.01039395 -0.07287102
0.10259457 -0.01152296 0.12120293
-0.25183013 0.37139684 0.10068603
0.21461700 -0.04065241 0.12177788
-0.13157029 0.10302774 -0.13371459
-0.01045209 -0.00850892 0.10770853
-0.13030295 -0.10743064 -0.10950784
-0.18826382 0.23352048 0.13825773
-0.14608240 -0.30951518 -0.13891721
0.22055037 -0.08188281 0.15096708
-0.20947793 0.33692971 -0.10235770
-0.15912873 -0.38960651 -0.14884968
0.25520369 -0.02607005 -0.02527217
-0.21380520 0.25357100 -0.00450394
-0.20717242 0.26160622 0.03119211
-0.10131320 -0.04550656 -0.09530997
-0.15524244 0.21024141 0.13608947
0.18575476 -0.01726633 -0.14448488
0.23240724 -0.10998998 -0.14618152
-0.13864823 -0.32004440 -0.12181824
0.26006693 -0.02731893 0.15988970
0.15733635 -0.00848626 0.15853657
-0.11530804 -0.18552056 0.11612949
-0.12491091 -0.08944452 0.13330941
-0.13889624 -0.17135565 -0.13163331
0.25129423 0.00196801 -0.02380121
-0.14742443 -0.22264816 0.14065316
0.21269746 -0.01305372 -0.10803694
0.22791111 -0.04273582 -0.10986584
0.08384344 -0.03739977 0.00168066
-0.09482155 -0.02835425 -0.12595718
-0.13540491 -0.13571714 0.12495558
0.24104364 -0.24951914 -0.11745638
0.21921158 -0.06524687 0.16061527
-0.16966653 -0.36973190 0.13672039
-0.18039849 0.23737186 -0.12672952
-0.10374796 -0.07503323 -0.07763633
-0.24292663 0.33622089 0.03171398
-0.13945115 0.04466858 -0.09758890
-0.14091757 -0.20032099 -0.12609513
0.25986451 -0.00828905 0.06231431
0.23642766 -0.12818412 -0.12871207
0.16272971 0.00221621 -0.05807196
-0.26704797 0.38030350 -0.00187809
-0.14429048 -0.00555517 0.06907338
-0.17414266 0.11578559 0.02477722
-0.19233595 0.20039964 -0.13723557
0.15020975 0.00934647 -0.15266761
0.24169162 -0.18961219 0.14613652
-0.24750328 0.38541591 -0.09627144
-0.25853249 0.37292591 -0.00999214
-0.12816398 -0.26967657 -0.11654598
0.03536252 -0.03216241 -0.10299778
-0.20274441 0.30705479 0.08153262
-0.10959905 -0.01310046 -0.00679558
-0.11741745 0.03104683 0.03119126
0.05657300 -0.03435576 0.07019055
-0.13532545 -0.28317976 0.14204440
-0.15436874 0.01125638 -0.10834330
0.13023260 -0.00006762 0.07066675
-0.26311305 0.38391384 -0.03252213
-0.22481437 0.34650606 -0.00569487
0.01338061 -0.04098560 -0.09325150
0.05479001 -0.00413049 -0.01239080
-0.18233636 0.24869685 -0.12930083
-0.20121138 0.22512527 0.02756486
-0.15998311 0.15336777 -0.14674413
0.03147176 -0.03733272 -0.13125557
0.05644799 0.00095725 0.11223237
-0.21172009 0.25953951 -0.06886527
-0.09843790 -0.00958429 0.13427146
-0.13202335 -0.00142748 -0.10114241
-0.15560693 -0.36244264 0.14145114
0.22434014 0.01606777 -0.07228686
-0.15658049 0.12526850 -0.13862912
0.21893169 -0.01689733 -0.15233546
-0.11236690 -0.04818027 -0.08631927
-0.04998511 -0.03799530 0.06933644
0.25801438 -0.03416059 0.15870506
0.25753072 -0.00567791 -0.03657164
0.10645673 -0.00750853 -0.01779174
0.27178380 -0.03778277 -0.00702082
-0.21582226 0.30263287 -0.01718232
-0.21530548 0.31456000 0.02460653
-0.16074836 0.14982979 -0.14123201
-0.12636794 -0.04981866 0.14673801
0.24287516 -0.03814664 -0.04934759
-0.13970196 -0.37431645 -0.13486964
0.25668409 -0.03240961 0.10842645
-0.12790793 0.06877138 -0.09158030
-0.11010844 0.00372408 -0.05758183
0.23441140 -0.25479779 -0.12580265
-0.12460289 0.05879383 -0.12773386
-0.11171705 -0.00102695 -0.00820246
0.08925329 -0.03158492 0.03213265
0.24884009 -0.23757529 0.12824430
-0.09529307 0.00453412 0.12600523
0.14458197 -0.03589145 -0.02553480
0.01563801 -0.01649579 -0.04430804
0.15566428 -0.01351884 0.02553305
-0.11428331 -0.04929166 -0.07801282
-0.17225721 0.11505650 -0.01357843
-0.21555141 0.29986006 -0.05577449
-0.26686394 0.37691125 -0.01607473
-0.16736393 0.14669649 -0.05699856
-0.04386857 -0.02400137 -0.08160335
-0.24254313 0.38348362 -0.00167675
0.23618107 -0.33492437 0.14333324
-0.14854667 0.04176924 -0.04210812
0.26245788 -0.02279838 0.06081903
0.11894467 -0.02421403 -0.05080229
-0.18484595 0.25110060 -0.00950856
-0.13315353 -0.07250869 0.12531959
0.17876215 0.01010407 0.15232050
-0.22518054 0.31705344 0.02460813
-0.24619898 0.38180026 -0.06639570
0.02961866 0.00234366 -0.09488787
-0.13666405 -0.14733656 0.12590294
0.26571596 -0.03826861 -0.06091879
0.16066149 -0.03362597 0.13838345
0.03719851 -0.03195893 0.00471234
-0.18149547 0.29416603 0.15091854
-0.10286336 -0.07637630 0.14707468
0.24306242 -0.24995321 -0.13646561
-0.17794248 0.17377432 0.08510730
-0.12705761 -0.02823265 0.11706551
-0.19848222 0.26015943 -0.11690741
0.20285650 -0.09291588 0.13588488
0.24759424 -0.33371010 0.15293714
0.24254705 -0.24302915 -0.11340453
-0.14055398 0.10052455 0.12072486
-0.13917845 0.00545469 0.12942143
0.12044424 -0.03388543 -0.15453824
-0.19183935 0.30860925 0.07263315
0.24127789 -0.14768025 0.14860147
-0.15083657 -0.20447391 -0.11227065
-0.17875676 0.27155685 0.13367267
0.19181187 -0.03892018 0.14273795
0.11847316 -0.00110096 0.12011235
0.25861844 -0.01785209 -0.09378199
-0.20363285 0.25301793 0.14314292
0.20531280 -0.04050822 -0.08597930
-0.14391996 0.12591134 0.03580835
-0.00544849 -0.03566788 -0.15351059
-0.13236555 -0.04844015 -0.06107026
0.15187283 -0.01569174 -0.09063528
0.20851389 -0.08094156 0.14227468
-0.14687254 -0.18972680 -0.11704537
-0.21956787 0.24910669 -0.03091978
-0.23936112 0.38463554 0.02057270
0.02553285 -0.02840897 -0.13045281
0.27265275 -0.00550310 -0.03799638
-0.14605837 0.14388981 -0.04030718
0.21906804 -0.05579111 0.14719348
0.26769081 -0.02060110 -0.03125545
-0.13253587 0.06564841 -0.02879706
-0.15546729 0.06309976 -0.12825786
-0.24932992 0.38201401 -0.03103261
-0.09328991 -0.03172943 0.12815367
-0.01777554 -0.01285054 -0.00944211
0.12088042 0.00098461 0.10837090
-0.14887731 0.12229332 -0.02878309
-0.18582292 0.27554139 0.15091360
-0.20148569 0.21912453 -0.07861488
-0.13438885 -0.05567345 -0.00475771
0.24845657 -0.24539918 -0.15111428
0.25359097 -0.12941131 0.15036258
-0.14260443 0.01166455 -0.03691822
0.05400587 -0.02719523 0.14621691
-0.21513842 0.36362639 -0.13013662
0.15577918 -0.00647468 -0.01502390
0.03991316 -0.00548816 -0.13889161
0.24052167 -0.13981937 -0.14163831
0.02911149 -0.02429069 0.07087736
-0.13025962 0.09246597 0.02272147
-0.01869694 -0.01176840 0.14710528
0.22671854 -0.19396970 -0.12161127
-0.11869957 0.00044498 0.03567821
0.03108351 -0.03896487 -0.12561312
0.10876366 -0.00484191 0.14235771
0.23104076 -0.29310662 0.13554966
-0.15842541 0.14304671 0.09514411
-0.15410252 0.16957764 -0.10835008
-0.10191450 -0.01287992 -0.14338040
-0.11633835 -0.03239816 -0.01749476
0.10108640 -0.00273785 0.11062603
0.20198190 0.00967875 -0.15443344
-0.13999158 0.00067406 0.14217712
0.04005416 -0.01587395 -0.12052550
-0.16814536 -0.29119796 0.13938144
0.25403726 -0.22445835 -0.12969476
0.00835131 0.00972409 -0.05792934
-0.02895784 -0.01885197 -0.04419205
-0.13861337 0.11361566 0.12090770
-0.18131496 0.27057263 -0.14889996
0.24541864 -0.24678266 0.14398187
-0.01073838 -0.05545069 -0.13331087
-0.06622878 -0.00381026 0.03461780
0.01056368 -0.00537616 0.00558237
0.07768419 -0.03445389 -0.05294299
0.21851614 -0.02560950 -0.13099845
-0.01289717 -0.04094847 -0.03298057
0.21127683 0.00552542 0.11848367
-0.14828737 0.06669091 0.10551609
