0.14398302 -0.08767197 0.17878690
-0.07039750 -0.01562727 0.30233043
0.09813242 -0.06260554 -0.42662433
-0.08848975 0.09935467 -0.12176204
-0.06868549 -0.03889807 -0.30559278
-0.14871341 -0.01854495 -0.04806901
-0.13005054 -0.12469758 -0.06861097
0.01845307 -0.05739127 -0.38392007
0.11133831 -0.05946524 -0.37024724
-0.00894774 -0.15861501 -0.16668478
0.08751974 -0.00656082 -0.27970454
0.09769754 0.08687406 0.37300897
-0.14504378 -0.15854219 -0.36961514
-0.15991586 0.01566600 0.35767311
0.12594813 0.01083425 -0.16230842
-0.11574782 -0.05801593 0.12508029
-0.12793328 0.19648655 -0.19387278
0.12708783 -0.07452939 -0.32346302
-0.08818456 0.13362707 -0.25061658
0.12077314 -0.16537508 -0.10298902
0.07899967 0.07353009 -0.41831303
0.12040354 -0.16853526 0.21309470
-0.15719973 -0.16687696 0.35494474
0.13642319 0.03482962 0.42234203
0.01689814 -0.17108412 0.34572282
-0.15542604 -0.09960808 0.02375708
0.02888383 0.08991248 0.42210495
-0.09452833 0.09248058 -0.07282198
0.04117830 0.00451361 0.03536361
0.05944265 -0.16639766 -0.10681064
-0.13739440 -0.12354313 -0.10169977
0.00000647 -0.03739320 -0.06134171
0.08495490 -0.04558714 -0.18337043
0.14667892 -0.09987874 -0.38414842
-0.15587124 0.00012600 -0.16982639
-0.07843883 0.06079295 0.19451557
-0.13688311 -0.01806829 -0.01904140
0.10689412 -0.09719561 -0.42294493
0.14933531 -0.00401661 0.16702962
-0.09834320 -0.01046326 -0.19090122
-0.03792272 -0.16842005 0.21454288
-0.15620141 0.19821024 -0.24621637
0.14996241 -0.10015656 -0.31889963
0.12906280 0.00646341 -0.32107702
-0.07673335 -0.16542251 0.34407821
-0.05456728 -0.03169917 0.28354719
-0.15755609 -0.05559874 -0.16860145
0.11938040 -0.00880772 0.40600562
0.01800799 0.00364280 -0.42678091
-0.02443871 -0.05984084 -0.42889893
-0.05196780 -0.16005903 0.16131735
-0.07865946 -0.05876553 -0.42575818
-0.12163378 -0.16263188 0.12915255
0.03071730 -0.00678835 -0.03745480
-0.07061590 0.10945539 -0.37382701
-0.06533597 -0.16791405 -0.18796369
-0.05450436 -0.15900725 -0.08544672
-0.15685551 -0.10793866 -0.23971307
0.09854796 -0.00128126 0.40267658
-0.08139388 -0.00687716 0.31017652
0.14719878 -0.01721202 -0.41416049
-0.02035983 -0.16748513 -0.18140177
-0.09261106 0.11609811 0.16850033
-0.15890230 0.19186023 -0.36386365
0.02335962 0.00901062 0.20411976
-0.00009777 -0.16692378 0.31546479
-0.07515351 0.12447583 0.41781104
0.12430372 -0.12982671 0.03081818
-0.15906650 0.01002840 0.13191436
-0.13632873 -0.11307889 0.28730100
0.05646753 -0.03550135 0.11975654
0.14612460 -0.06896092 -0.41894847
-0.03650225 -0.05218513 -0.26479846
0.15064479 -0.00161696 0.12959501
0.14925666 -0.16200128 0.28188539
-0.09164099 0.15373960 0.05827630
-0.12478861 0.18729657 0.35020638
-0.15716647 -0.13694726 -0.34372789
-0.15570602 -0.12449703 -0.34319040
-0.11016499 0.05894040 -0.39753377
0.13055784 0.02520661 0.17291890
0.14849304 -0.02957097 0.27904555
0.03293470 -0.12944464 -0.42683804
0.12314156 -0.15858607 -0.42339382
-0.11514818 -0.14798072 0.01905344
-0.05299264 -0.03050293 0.23946190
-0.07969008 0.00983214 0.15077130
0.01865614 0.04175717 0.42172089
0.10293244 -0.16380328 -0.02348702
0.11373682 -0.16735807 0.02188952
-0.01032885 -0.16712500 0.11360629
-0.15549777 -0.12692478 0.18893945
-0.09743259 -0.13051137 -0.38838622
-0.15303296 0.05090149 -0.42106730
-0.15090579 -0.04144358 0.42233247
-0.09824339 0.09995814 -0.37111017
0.13358194 -0.03059970 0.30029148
0.05817645 0.09032175 0.42419785
-0.05667997 -0.16857420 0.18841615
-0.15661059 0.08055294 -0.16811043
-0.08670722 -0.06881885 -0.05398886
-0.02172994 0.02852147 -0.35299367
-0.12952940 -0.16382746 0.23138815
-0.16044854 0.12463479 0.13983598
-0.15573500 0.11732780 -0.26760593
0.14117272 -0.07246645 0.08062454
-0.04070262 0.07381254 0.37330857
-0.14953466 0.09828210 -0.34973618
-0.11560090 -0.15925965 0.35435218
-0.14988835 -0.16607235 -0.27971232
-0.11670952 -0.17019746 -0.38179123
0.14661126 -0.15507172 -0.29223028
-0.00382675 0.00176906 -0.01380175
0.10362854 0.02412237 -0.08103691
0.14148435 -0.16038510 -0.30427709
-0.06265642 0.14820603 -0.34520584
-0.04346919 -0.03293063 -0.42866591
-0.11209442 0.05022899 0.36232013
-0.04120878 -0.16741672 -0.07178257
-0.15920338 -0.09587808 -0.33139849
0.12542738 -0.07251684 -0.26025781
-0.15803483 0.05161098 -0.36191863
-0.13874517 0.05164534 -0.35161427
-0.11284627 0.18985479 0.13057062
0.05720117 -0.16101716 0.21871468
0.14072570 -0.16258597 0.27774760
-0.06897345 0.09252602 0.41682032
0.11526711 -0.09026825 -0.38568857
-0.15695597 -0.15627581 0.18197568
-0.06962079 0.05138724 -0.22283867
0.14642212 -0.02195560 -0.41783613
-0.01612101 -0.06436290 0.20290379
0.14832465 -0.14474183 -0.26300967
-0.13133207 0.17103942 0.25383124
-0.15541063 -0.14672416 -0.27148172
-0.06095617 -0.16169827 -0.26413238
-0.12062151 -0.09791066 0.41795766
0.01342380 0.02406211 -0.30130482
-0.09987089 0.03117185 -0.19790593
-0.15917143 0.07828811 -0.20502695
0.12029434 -0.00820312 0.29040739
-0.08922182 0.15628684 0.26812193
-0.15597840 -0.12026513 0.28081799
0.13734770 0.06587323 0.38278288
-0.14300887 -0.17149583 0.34575814
-0.05080193 0.01523884 0.03123543
0.14991246 -0.08357038 0.35505623
0.04640888 -0.15992740 0.30069178
-0.12836722 -0.13282648 -0.38175786
0.08695618 -0.14999655 -0.42421117
0.09067438 -0.15766057 -0.42388809
-0.14047536 -0.15633377 -0.38169852
-0.08238137 0.09713814 -0.08543418
-0.03010554 -0.16714379 -0.20311311
0.11755617 0.01544545 0.25407809
0.01481015 -0.07443681 -0.10953975
0.11764284 -0.11489077 -0.23588116
0.06006831 -0.17026138 0.15771151
0.06504811 -0.04860118 0.15892304
0.02631246 -0.15704660 -0.01054527
-0.08315742 0.02621083 -0.28930092
0.06710033 -0.06883130 0.42159206
-0.15914769 0.07758383 0.29374197
-0.11307903 0.19279557 0.26632661
-0.01640762 0.11319830 -0.41841537
0.08469062 0.01262055 0.31637663
-0.09818672 0.12819235 0.27712852
0.14013720 0.00746114 -0.11439250
0.10444181 -0.02908362 0.11309260
0.14348409 -0.01150942 0.28354958
0.15350841 -0.02813720 -0.39458114
0.12066062 -0.06112146 0.13266072
-0.10494039 -0.16593583 0.18232539
-0.12938572 0.17130497 0.27171606
-0.15502048 -0.10158721 0.18336892
0.14643523 -0.15861544 -0.35029978
-0.15990534 0.09839909 -0.08512266
0.02657256 -0.12460335 -0.02270472
-0.13238294 -0.17985815 0.41101184
0.13883656 -0.10330005 0.24128030
0.13088234 -0.16759950 -0.00982730
-0.15407008 -0.10996956 -0.31502938
0.14765628 -0.06914398 0.10556794
0.15381123 -0.04997604 -0.16334552
-0.14104682 -0.14853516 0.42002606
-0.13512309 -0.04893146 0.07372995
0.14222744 -0.10731158 0.09415369
0.03365245 0.03905581 -0.42104933
0.13332716 -0.15182641 -0.26647133
-0.15337159 0.03937902 -0.00778861
-0.16008754 0.13679276 0.02759292
-0.06826137 -0.16485450 -0.24226460
-0.15737025 0.00696179 0.32150042
0.09857275 0.12241507 -0.39441329
0.11864337 0.04517211 -0.42113608
-0.15830447 0.03859824 0.19083498
0.12107702 -0.14968903 -0.41093618
-0.10156389 -0.05597555 0.19262201
-0.14735404 -0.16646442 -0.25249112
-0.10254160 0.01536533 0.00910091
0.11727402 -0.00309518 0.17707896
-0.03249289 0.03193428 -0.21845685
-0.15791953 0.09612245 0.22609073
0.04115045 -0.07150055 -0.11513889
-0.15281820 0.04856677 -0.42348164
0.03383616 -0.17010634 0.14865942
-0.15589458 -0.10100978 0.14970320
-0.15612917 -0.10491422 -0.36489341
0.05265226 -0.16918452 0.18427479
-0.15334104 0.02313768 0.21281895
0.14757982 -0.16158912 0.33919677
-0.08074678 0.03749361 0.20334685
0.14350770 -0.14586511 0.37724644
-0.15197533 -0.14370926 -0.08842889
-0.12904200 0.19606268 0.06780228
-0.04083693 0.01063122 0.42219833
-0.13441364 -0.14568852 -0.11608504
-0.03744021 -0.00702643 0.17264725
0.03537916 0.03026910 0.42147598
-0.10203230 -0.16003157 0.08942658
0.13333187 -0.03726353 -0.10849231
-0.16401032 0.18655717 -0.18930884
0.01676341 -0.00399059 -0.09619785
-0.14133047 -0.16790305 0.12710838
-0.13916533 0.19634615 0.25924438
-0.14306718 0.19660982 -0.15173565
-0.12960635 0.01776170 0.42296267
-0.03295657 -0.16658495 -0.08535801
-0.14829268 -0.01211971 -0.26067480
-0.14416139 -0.16394085 -0.06376440
-0.13934566 -0.16657804 0.05132657
0.14180000 -0.11470672 0.39951068
0.03603421 -0.17241967 -0.30135795
-0.04753325 -0.08772236 0.42291942
-0.12050227 -0.14738648 0.06826814
-0.05873659 -0.16078605 0.42273989
0.10186400 -0.05983046 0.31889775
-0.06980643 0.03560273 0.30110982
0.01897622 -0.15235272 -0.42555362
-0.15600045 0.02885325 0.26090562
0.14716500 -0.15210855 -0.30148521
0.09837307 0.00164730 0.23901346
-0.07403880 -0.15742475 -0.10073814
0.10047400 -0.02010098 0.27963176
-0.15355383 -0.15954116 0.13870023
-0.15808934 -0.03145419 -0.20235041
-0.09659921 0.12392195 -0.27236587
-0.11978959 0.10910378 0.41921684
0.02668880 -0.01948850 -0.16612805
-0.15838346 0.00779419 -0.28890163
-0.04961590 -0.16901061 0.10330634
-0.11744220 -0.14295152 0.39730918
0.01777492 -0.04712540 0.05395088
-0.15687443 -0.00983495 0.13675542
-0.02266870 -0.00466953 0.42039615
-0.15881225 0.09010438 0.11035217
0.08389176 -0.00294488 -0.03266250
-0.00813021 0.01775092 0.26326632
0.15325375 -0.11422974 0.22452661
-0.04614541 -0.09581000 0.32771620
0.14705648 -0.05550325 0.18598729
0.14085813 -0.14677578 -0.28851455
-0.10728934 -0.01186646 -0.16696668
0.04894512 0.03475376 0.37093508
-0.16227278 -0.05354159 0.10305440
0.01570648 0.00949223 0.28881955
-0.15833624 -0.05099867 -0.02008655
-0.13524492 -0.05196253 -0.01593127
0.05314758 -0.01711950 0.42743322
-0.01224170 -0.04879687 -0.11032176
0.12492549 -0.01382589 -0.42034644
-0.05690396 0.00095223 -0.25520110
0.01431687 -0.15580627 -0.42624459
-0.12615249 0.09954261 -0.42365348
-0.13071825 -0.12004339 0.20205727
0.10809663 -0.05377412 0.18975437
0.11854696 0.00722298 -0.12391725
-0.08287901 -0.14399238 -0.03223393
-0.08047633 0.16361947 -0.26109448
0.13780911 -0.16495302 0.26122251
-0.15985502 -0.12320155 0.27112544
-0.03849867 -0.16381082 0.41957518
-0.15582164 -0.01932165 -0.34913346
0.12252834 -0.16270870 -0.00103662
0.11152203 -0.16950309 -0.12802592
-0.14136374 -0.16777229 0.23029554
-0.02218209 -0.02107941 0.41063669
-0.16485438 0.17513886 -0.31143031
0.10303177 -0.04783377 -0.42172650
0.12780572 -0.15580557 0.07069394
0.07857300 0.12389329 -0.39290106
-0.06155682 0.00158088 -0.17639166
-0.16436398 0.16296326 0.32910845
-0.10735470 0.03905842 0.31742373
0.04547887 -0.04450841 0.42141008
-0.08481919 0.13072920 -0.07677443
0.06332388 -0.16829509 0.40360025
0.15076083 -0.05617569 0.01070321
0.14245176 -0.16444913 0.34282926
0.01160168 -0.04235920 -0.31868446
-0.11997550 -0.11196240 0.42275813
-0.05866058 0.01486305 0.06332741
-0.15198979 0.04194211 0.42193225
0.14690323 -0.13475735 -0.33675349
-0.09966215 -0.15761070 0.41200882
-0.15817766 -0.01779170 0.32477024
-0.10399709 0.09738643 -0.02251788
-0.07061511 0.03248876 0.31209299
-0.10251798 0.16125417 -0.41217792
0.04516145 -0.06810495 -0.42018789
-0.10857230 -0.11809901 0.37489134
-0.10570529 -0.03327130 0.33258945
-0.06769087 -0.16703351 -0.30734286
0.14263879 -0.14385925 0.38564146
0.14675859 -0.07178605 0.40752065
-0.02827813 -0.16753429 -0.19221756
0.15107325 -0.04439726 0.09231601
0.14941630 -0.04576395 0.16968322
0.06184806 0.02436029 0.42560136
0.03543690 0.01155769 -0.41431043
-0.11085682 0.00284615 0.42047116
-0.15412381 0.06600372 -0.14652714
0.13746437 -0.13044986 -0.03216722
0.11795789 -0.09953605 0.05501942
0.10102541 -0.15152882 0.21822649
-0.14959095 -0.15433076 -0.14534654
-0.03667116 -0.15076265 -0.30387738
-0.01231534 -0.02355229 0.34990999
-0.16159859 0.11410485 -0.19475009
0.14805672 0.00348505 0.03928420
-0.08400756 0.02032813 0.08034334
0.08564612 -0.16877280 -0.36097997
-0.03373608 -0.05806648 -0.39840874
-0.06482633 -0.03899363 0.17574653
0.05959235 -0.14988920 -0.42579442
0.05600359 -0.00657280 0.18996294
-0.15672152 0.19453533 -0.27023366
0.01953783 0.00139622 0.04186896
-0.16065186 -0.04946854 0.35408443
-0.11482842 0.19284235 0.22671455
-0.11285554 0.04991949 0.38791212
0.10928275 -0.16682413 -0.10580523
-0.07986654 0.05747545 -0.30079341
0.04564006 -0.14632043 0.41695771
0.07207564 -0.16571975 -0.38345668
-0.01964004 0.01240147 -0.02831866
0.14747220 -0.06927498 0.28933567
0.13953376 -0.16140242 -0.02187888
-0.15871938 0.00104853 -0.18742447
0.04158569 -0.13660944 -0.03754257
0.07501976 -0.00076897 0.09060344
0.09334151 -0.06223235 -0.42316508
-0.11637321 -0.16161159 0.24452490
-0.09799681 0.12401628 0.16705601
-0.13849592 0.18905531 -0.32456994
-0.03606083 0.01710600 0.37833235
-0.01372795 -0.15264811 -0.39912781
-0.03521868 -0.16420579 -0.38354412
0.07990140 0.01025662 -0.41694742
-0.13280144 -0.16285348 -0.42304140
-0.06890300 -0.16693825 -0.06151273
-0.05245402 -0.17148307 -0.03695770
-0.05308619 -0.15251392 0.36833125
0.12135400 -0.10673147 0.07162058
-0.11352096 -0.11628276 -0.42425767
0.05906519 -0.16904017 -0.03967235
-0.10625180 -0.01125259 0.23104499
-0.16046146 -0.05658241 0.30279768
0.05999939 -0.17186220 0.16857597
-0.13490656 -0.08020680 0.26157317
-0.08252344 0.03726354 0.28214562
-0.16720223 0.17516206 0.00426109
-0.15968156 -0.04811232 -0.10719414
0.14581649 -0.15465260 0.18984744
0.07040510 -0.17033045 0.17813706
-0.14616555 -0.15978044 -0.32523939
0.03574559 -0.15643102 0.18755643
-0.16345401 0.14217511 -0.25488198
-0.08955090 -0.11139517 0.42194945
-0.09756412 0.14111312 -0.00225682
-0.16369241 0.09745759 -0.11563361
-0.14261119 -0.03950792 -0.42117566
-0.15717660 0.08733992 0.16645756
-0.15545450 -0.03352721 0.04649746
-0.16022687 -0.11255249 0.15612617
0.13938396 0.01750296 0.35803324
0.13982117 -0.11957090 0.32250822
-0.14353086 -0.17105398 0.28639102
-0.06995461 0.03557743 -0.08989502
-0.02603499 -0.14555833 -0.41434997
-0.01483914 -0.15831333 0.17722511
0.05719421 0.07236940 0.36822844
-0.13555519 -0.14397566 0.14063092
-0.02752986 0.08052182 -0.41189331
0.15016609 -0.01323282 -0.01214237
-0.09992276 0.16778803 -0.06760688
-0.14465906 -0.00048590 0.14956848
-0.14999512 -0.15684772 -0.16672237
-0.15085238 -0.16518374 -0.20321155
-0.07462471 0.02336159 -0.17036684
0.14234859 -0.09247568 0.21339795
-0.16408093 0.13169660 0.11937077
-0.15799738 0.07286061 -0.40191007
-0.15626103 0.19535640 0.10731800
-0.05533741 -0.16319783 -0.32465899
-0.07887904 -0.06848313 0.23540401
-0.15570992 -0.01736126 -0.17504245
0.10116762 0.02622160 -0.41769832
-0.11920287 -0.16275124 0.16696973
-0.12352622 0.18646573 -0.20026082
0.08405562 -0.16299725 -0.15684232
-0.12373953 -0.00592247 -0.02537747
0.11037423 0.02112385 0.02626672
-0.05540657 0.05573864 0.42140192
-0.15866706 0.06797250 -0.20121218
0.15310760 -0.09019651 -0.13242480
-0.06275970 -0.15833078 0.32829165
0.15230292 -0.11649203 -0.12120838
0.12304220 0.09040222 -0.37242633
-0.13005686 -0.15543069 0.32763284
0.14912492 -0.07968512 0.05686595
-0.13033065 -0.16230170 0.39807442
-0.10891193 0.03489278 -0.29991308
-0.15555829 -0.15435804 0.29078594
-0.02206943 -0.16741793 -0.04429045
-0.00420168 -0.02655049 0.37800553
-0.03725395 -0.16448860 0.06831272
-0.15015152 0.18970752 -0.40810785
-0.09358513 0.11363433 -0.28513595
0.08500808 0.09964084 -0.41690373
0.07527371 0.09796143 0.36207882
-0.10563494 0.17433287 0.14704551
0.15078340 -0.02814741 0.25027141
0.11390709 -0.16030075 0.42484996
-0.16002348 0.03186952 0.02378607
-0.05514868 0.10079005 0.35560623
-0.01412320 -0.03074681 0.42490259
-0.09468863 0.16254450 -0.35025784
-0.15635797 -0.12405899 0.09078858
-0.15831427 -0.06983984 0.25857478
0.12718832 -0.14160654 0.01899008
0.13839969 -0.16455244 -0.32442093
-0.11862963 0.06974030 -0.33457196
0.05504595 -0.00851061 -0.23372397
-0.10458522 -0.16811907 0.41856804
-0.15651107 0.09595003 -0.11596124
-0.06831517 0.02805490 -0.25434503
-0.16008572 0.08451170 0.06502955
-0.16085260 -0.11364882 0.35761341
-0.10158768 0.10317518 -0.09869502
-0.07689107 0.16188204 0.06876674
0.02783030 -0.17112906 0.25642875
-0.10286719 0.10397859 0.39085847
-0.12302577 -0.17164537 -0.15080982
0.05097122 -0.15567598 0.42000285
-0.08293542 -0.12812944 -0.35839283
-0.15930000 0.14107095 -0.15848437
0.08571272 -0.16277950 0.33552307
0.14235230 -0.01466730 0.42007163
-0.15961671 0.17992237 -0.04682712
-0.11083720 -0.18512155 -0.37453115
-0.16446701 0.07166527 0.41862875
-0.15729934 0.08430405 -0.03787365
0.06546434 -0.00505939 0.15700346
-0.05990888 -0.05262939 0.12454559
-0.12364028 -0.17486939 0.41764975
-0.07899380 -0.15887034 -0.28824773
0.10303783 -0.09573752 0.40466332
0.02917966 -0.16111049 0.38029888
-0.07352055 0.05446090 0.00550005
-0.02267021 -0.15469113 -0.35773352
-0.06334601 0.00183697 -0.31529796
-0.08703320 0.03188092 0.03516569
-0.15920578 -0.02743992 0.20828862
0.13469541 -0.10568111 0.20120877
-0.08577624 0.17078376 -0.28112674
-0.16648194 0.17187136 0.23760976
0.11658475 0.01655000 0.15030816
-0.08696137 0.00079011 0.20524706
0.00741100 -0.17415145 -0.31374756
0.09544772 0.06545928 -0.38821986
0.03090836 0.11652327 0.41171500
-0.09249756 -0.01750844 0.41831341
-0.09040774 -0.04157081 -0.00455942
-0.08895260 0.08038240 0.35665765
0.04016195 0.04476063 -0.42059261
-0.08507288 0.13127278 0.22530469
-0.13041580 -0.15699366 -0.22543290
0.06251145 -0.01278175 0.19337472
0.07582217 0.01578888 0.23285092
-0.16125898 0.10641497 0.33548266
-0.15859787 0.10236077 0.16815831
-0.08689883 0.09381273 0.19609089
-0.07069631 -0.05105279 -0.01266723
-0.06085253 -0.16026358 -0.39622122
-0.11719655 -0.17009409 -0.23419644
-0.07871740 0.06318752 -0.02641262
-0.14823014 0.00391569 -0.17054710
-0.06013891 0.01019223 -0.12049166
0.04775715 -0.05962645 0.13305786
0.14188646 -0.16474353 -0.32627288
0.09243488 -0.11827617 -0.42665559
0.14715959 -0.09595591 -0.21458831
0.09800386 -0.17539679 -0.40873188
0.12231694 -0.16874476 0.18439811
0.14970234 0.01973911 -0.41077909
0.04328857 -0.16647525 0.37043196
0.15414560 -0.01293750 0.31947246
-0.12974808 -0.16404042 -0.27138931
-0.08503085 0.10390669 -0.06655723
-0.14024866 0.00843227 0.32352105
-0.15549345 -0.03610358 0.36506242
-0.07843480 -0.15703218 0.28695798
-0.11546367 -0.14786053 -0.03238969
-0.14920610 0.00908428 -0.05992649
-0.05573438 -0.16871046 -0.28849906
-0.09981791 0.13036312 -0.18511939
-0.02387504 0.10335894 0.36498967
-0.12445205 -0.16090213 0.34134960
0.13985579 -0.16495106 0.23628408
0.09042399 -0.16692637 -0.11843522
0.14634478 -0.14512432 -0.24702671
-0.15777236 0.06111077 0.41563630
-0.15441887 -0.13593782 -0.05250632
-0.12735800 -0.16811149 -0.02541540
-0.15874900 0.15992072 -0.11522414
-0.09467123 0.09747986 0.27862096
0.11819582 -0.14820294 -0.42299038
-0.15575999 0.11633144 -0.41875076
-0.14840996 0.18204431 -0.28673896
-0.00777279 -0.16620518 0.35872453
0.12575291 -0.06268188 0.09711339
-0.12735766 -0.13489911 -0.42518139
0.06586377 0.00262150 -0.10806450
0.14300545 0.01175347 -0.11879297
0.11207402 0.05265614 -0.00196388
-0.10990829 -0.11874437 0.11044706
-0.13257195 -0.11201607 0.42301467
0.14895059 -0.02403455 -0.36654034
0.10138582 -0.12733912 0.37035882
0.15111707 -0.00011525 -0.28854889
-0.15474263 0.19344674 -0.23898070
-0.15288992 -0.00531230 0.02910215
-0.11181520 -0.17065684 -0.29718789
-0.10934919 0.00403354 0.06425796
-0.07491005 0.01347126 -0.15920156
-0.13945203 0.19846767 -0.32372466
-0.15475497 -0.00971870 0.00361896
-0.12240599 0.05442649 -0.42187795
-0.04156037 0.14191434 0.38131443
-0.06847697 0.02173498 -0.35292855
-0.15264337 -0.08151516 -0.12185484
0.02049515 0.03471445 0.34434026
-0.13011774 0.01340607 -0.42343333
-0.07413790 0.01934799 0.16154365
-0.11251522 -0.15826607 -0.09571433
-0.06356006 0.09626957 -0.41954806
-0.09517120 0.10193998 -0.00248421
0.09696706 -0.11829799 -0.03249395
0.11205474 -0.12941147 0.07674512
0.04408496 0.00284755 0.19371772
-0.12844026 0.04701677 0.09275409
-0.09486724 -0.00629085 0.41943213
-0.10784390 -0.02161963 -0.41639003
-0.15516067 0.12797152 -0.05382786
-0.09732620 0.01280421 -0.18365642
0.03619280 -0.15466957 0.35098350
-0.03887931 -0.16721749 0.37185773
-0.07667342 0.15254618 -0.21384163
-0.14357975 0.12933926 -0.42195421
-0.12463913 0.19563627 0.14532280
-0.04446559 0.01041859 0.08768025
-0.13458002 0.08870038 0.38597026
-0.15568870 0.00154935 0.13091469
0.01896857 -0.16733515 -0.04082922
0.15345891 -0.00094576 -0.37515292
-0.03601760 -0.09943546 -0.42758128
0.06270497 -0.09843992 -0.34840998
-0.08570869 0.09852860 -0.19512878
-0.14091821 0.04274419 0.32136557
-0.11184182 0.17204097 -0.21467347
0.15077417 -0.04559448 -0.32734540
0.10181409 0.00550780 -0.37032598
0.03825589 -0.14005949 -0.41475168
-0.08734982 0.13788280 0.08488208
0.07839649 -0.06843024 -0.42320818
-0.15789165 -0.01206328 -0.21120074
-0.15237765 0.19549520 0.27723420
-0.14304972 -0.16692188 -0.23082165
0.14945558 -0.08359902 0.08791236
0.14989093 -0.02859269 0.39866826
0.15026243 -0.05447409 0.30445877
-0.11485928 0.05637755 -0.30809635
0.05139899 -0.00471937 0.41915148
0.12730646 -0.04866011 0.24658480
-0.08719368 0.04904842 -0.42314246
0.11925249 -0.00133434 -0.04733556
-0.03702459 -0.17041421 0.29633430
0.12037131 0.02423779 -0.22129999
-0.07906579 -0.02925231 0.16303034
0.10109668 0.00015629 0.10754396
-0.16350348 0.18693055 -0.17472455
-0.09439984 -0.02244115 0.05777146
0.12439933 0.04970794 0.36336836
0.01067225 0.00137792 0.07553510
-0.15364113 0.03330203 0.38883018
-0.13063811 0.19694637 0.04680821
-0.07942823 0.09528563 -0.10580690
-0.08046430 -0.03171684 0.31385922
-0.15574165 0.14394474 0.33055106
0.14866380 -0.06310729 -0.39011404
-0.15315513 -0.09222606 -0.17709960
-0.15584967 0.12264568 -0.03321548
0.13238148 -0.16740616 -0.05265247
-0.08389815 -0.08919278 -0.40346414
-0.13802257 -0.17966075 -0.36447269
-0.15304750 -0.15127493 -0.29020539
0.06135534 -0.12524976 0.42725298
-0.03055835 -0.01160980 0.38018692
-0.04357489 -0.09571317 -0.16524927
0.15192713 -0.03154584 0.18389204
0.13501905 0.02799180 -0.36517718
0.00592019 0.01486270 -0.34982157
-0.10833614 -0.16237581 -0.09757994
-0.16270363 0.09132573 0.32632679
0.14301944 0.07675843 0.35209933
-0.16096638 0.15944399 0.20131567
0.13312672 -0.02821783 -0.33396643
-0.15514348 0.13626848 0.39246270
0.06253420 -0.16651067 -0.33836612
-0.14732450 0.01296213 0.09746416
-0.12820438 -0.06057973 -0.16020188
-0.10437512 0.01098145 0.13773364
-0.16411453 0.19099149 -0.09748788
-0.14899667 0.14933164 0.36651206
0.07173418 -0.16413085 -0.25200808
-0.08925999 0.08732887 0.13341585
-0.16463180 0.12044951 0.41981488
-0.03930429 -0.07082930 0.30088067
-0.15957434 0.18935448 -0.29591161
-0.10204164 -0.18459970 -0.38874519
-0.07007582 0.03542229 0.10655451
-0.09641396 0.00970593 -0.14086407
-0.03952279 0.00410536 -0.03523094
-0.09355749 0.07598689 0.13178146
0.14545685 -0.05482965 -0.25161430
-0.12882356 -0.17058574 -0.35908139
-0.16296770 0.14979112 -0.16939771
-0.06981085 -0.16811268 -0.05356817
0.02275967 -0.02750591 -0.20722890
-0.11099619 0.03551069 0.15212284
-0.07740469 0.04184502 -0.07547600
-0.04473181 -0.14937378 0.13947195
0.01287927 0.01863029 -0.04379638
-0.09181333 -0.16871935 -0.36786255
-0.14324340 -0.17036013 -0.41318834
0.14134620 -0.08198871 0.27625132
-0.10669091 -0.09283881 -0.37824991
-0.02336995 0.00443708 0.18930663
-0.02703770 -0.04891143 -0.12865488
0.01263775 -0.04784562 -0.38285431
-0.10751759 0.15345818 0.08338393
-0.07162672 -0.16520229 0.25103527
0.04958679 0.02007735 -0.35594848
0.11901636 -0.16806372 0.23361671
-0.14906920 -0.06705178 -0.23057896
0.11349233 -0.04245235 -0.41560468
0.14472282 -0.10500389 -0.36000893
-0.06193198 0.00563664 0.14282440
0.12484159 0.01792973 0.09743464
-0.02461716 -0.16800098 0.21212025
0.14386189 -0.16414258 -0.31137380
-0.13679942 -0.06723417 -0.11317168
-0.15697563 0.00271923 -0.36789742
-0.15966731 0.03891179 -0.33979791
0.01874685 0.00135625 -0.18432969
-0.07002962 0.08543755 -0.40934625
0.03950298 0.01570194 0.21541007
-0.15232340 0.19287027 0.14320698
0.08292414 -0.06201197 0.11256356
0.06993036 -0.07015066 -0.41528061
-0.09571304 0.03324229 0.30241671
-0.09094495 -0.15692471 0.11374224
-0.15735182 0.08660600 0.13005310
-0.06384285 -0.05281521 0.20956270
-0.14406577 -0.16263469 0.02004787
0.01175867 -0.00450078 0.22704093
0.07030216 -0.16374733 -0.21865112
-0.08322106 0.08241616 0.32622749
0.07121346 -0.16772529 0.13802588
-0.04228590 0.01009915 -0.25737688
-0.16697562 0.17095348 0.14010766
-0.16060609 0.10064760 0.06004575
0.02508040 -0.16309556 -0.24412492
-0.11974666 -0.16824080 -0.28143254
0.09515349 -0.17928064 0.38914394
-0.14431693 -0.03692773 0.00909402
-0.06433007 -0.11724703 0.39606979
-0.06721370 -0.07543891 0.20876086
0.07886641 -0.15312497 0.42524293
0.13537012 -0.02594225 0.14741580
0.13681787 -0.08937304 -0.31841487
0.04801193 -0.15728445 0.37328973
-0.03395588 -0.01491465 -0.18958129
0.15133764 -0.12281080 -0.04067838
-0.07573461 -0.01577021 -0.07811622
0.04241187 -0.08343549 -0.20395049
-0.09895238 0.02431123 -0.12750390
-0.15523449 0.07710572 -0.10770460
0.14600587 -0.05844411 -0.42008135
-0.05259250 -0.05198926 -0.00514026
-0.09239252 0.11296098 -0.23237850
0.12540330 -0.16373131 0.21053270
-0.02151206 0.02122926 0.36256367
0.01725087 -0.16419934 -0.15916814
-0.15694541 0.00498293 -0.01400484
-0.07015515 0.14984837 -0.41448236
0.08574595 -0.16414292 0.33393678
-0.08463532 -0.02615366 -0.32330120
0.15005067 -0.15254061 -0.18939315
-0.08165620 0.08726801 0.08103833
-0.16158465 -0.05341145 0.24112782
-0.08752231 0.09851150 -0.42394188
0.06544501 -0.16647483 0.42109662
-0.16000998 -0.03718511 0.28148627
0.07810060 -0.06062385 0.08729228
-0.01567264 0.04933664 -0.42393729
-0.14457873 -0.17496443 0.36598885
0.02733788 -0.16768438 -0.28483784
-0.10317215 -0.05480281 0.23675901
-0.12385107 0.17909816 0.41776472
-0.13750578 -0.16925505 -0.06387183
0.14571816 -0.07368049 -0.20899644
0.05715043 0.00011246 0.17438918
0.14451085 -0.15320423 0.34730834
-0.01404121 -0.15839636 0.09184845
-0.07179467 0.03106811 0.22332954
-0.12686065 0.19564250 0.00352307
-0.16038632 0.15299833 -0.00896397
-0.12560607 -0.16940953 -0.18172953
-0.13875611 0.19579549 0.02067151
-0.10141475 -0.16889890 0.35539332
0.13275266 0.08957531 0.41581029
-0.13398993 0.13339779 0.23470461
0.00487625 -0.17003366 0.23601222
0.12179413 -0.05152575 0.07596801
-0.15583146 0.04711568 -0.22213334
-0.03712796 0.00456846 0.37066951
-0.13054949 -0.16865759 -0.18734771
0.15033995 -0.03156795 -0.23124288
0.12284541 -0.02185724 -0.14068630
-0.09158461 0.00605693 -0.03497413
-0.13925390 0.07134102 0.37943509
-0.01845316 -0.17277110 0.39415526
-0.15641278 0.12795222 0.21403950
-0.13891293 0.14099126 -0.01535180
-0.10365897 0.06267618 0.19480987
0.15199442 -0.04246523 -0.41702172
-0.12229158 -0.13667640 -0.35145831
-0.15426578 -0.13976005 -0.04611522
-0.14190020 0.04184496 0.37506458
-0.15873590 0.01129714 0.13024938
0.11418347 0.09022575 -0.35597140
-0.06622551 0.00429365 0.19411232
-0.03564516 0.07242189 -0.38271776
-0.09064014 0.03152783 -0.32104510
0.05419431 0.02004884 0.26725826
0.13215956 -0.17177519 0.14007550
-0.04876373 -0.16951488 0.12207813
0.14703265 -0.09623274 -0.28063351
-0.07904366 0.06111508 0.06069293
0.14399919 -0.14492588 -0.39907390
-0.00528361 0.00028076 -0.42255029
0.09997101 -0.16791382 -0.30240437
-0.07173862 -0.04025627 -0.13451488
-0.15003140 -0.00606772 -0.22909047
0.06027476 -0.06398993 0.15664741
-0.05206712 -0.08093786 0.42114305
-0.15562259 0.03657832 -0.07582849
0.07542590 -0.15381575 0.17090498
-0.04750859 -0.02580163 0.42074972
-0.15725985 -0.04431935 0.07222937
-0.09828198 -0.17065711 0.09496137
-0.12518369 0.08033268 0.42271250
0.05474816 -0.16805525 0.26494187
-0.15743351 -0.09883082 -0.10822994
0.01375206 -0.12624516 -0.01519996
-0.01394131 -0.03989428 -0.30829877
-0.14424238 -0.14012206 0.21674709
0.07894638 -0.02323736 -0.04041604
0.07197966 -0.16578227 -0.20116568
-0.03041924 0.03292488 -0.30953765
-0.12555674 0.13208580 0.16921544
-0.15969184 0.11939144 0.21231681
0.03265907 -0.13577382 0.35477009
-0.12261171 -0.06042783 -0.42378348
-0.15275805 0.16538250 -0.06122160
0.01426506 0.06814750 0.42324159
-0.12811473 -0.04989376 -0.42385262
-0.07649142 0.11469971 0.23265782
0.08782274 0.00229879 0.12172131
-0.15564284 -0.13484444 0.06036716
0.13576736 0.00183059 -0.17781374
0.12101141 -0.06255759 -0.12883003
-0.07582431 -0.14453813 0.42485425
0.08732647 -0.16310088 0.03120729
-0.11174840 -0.16628103 0.30241644
0.03007433 -0.16725352 0.15927085
-0.15700415 0.06131714 0.01265630
-0.15891241 -0.03919160 0.31585044
-0.15199846 -0.05503085 0.03579713
0.03442265 0.00006460 -0.16976258
-0.08457878 -0.07751401 0.14507410
-0.01658788 -0.02517823 0.42163068
-0.12231261 -0.16947515 0.16855639
-0.15546687 0.12456511 -0.40123627
-0.15883730 0.03466329 0.16561414
0.02650448 -0.04155168 -0.03743178
0.11886978 -0.16399606 -0.29352924
-0.13574407 0.01520993 -0.00814803
0.13814528 0.00757740 0.00255185
-0.13173231 0.19824374 0.01397430
-0.13462745 -0.18291302 0.40590006
-0.10411374 -0.05573387 -0.16625932
-0.01245498 -0.01123296 -0.42630318
-0.10007242 0.11169998 0.31142825
-0.01233466 -0.02305533 -0.24484865
0.02475410 0.00843363 0.37649602
-0.15647699 0.12945195 -0.28971106
-0.08522266 -0.16451357 0.03964810
-0.15549827 0.04993001 -0.18812068
-0.14444290 -0.16426314 -0.42218912
-0.04880619 -0.03418669 0.23978251
-0.12952586 0.19874230 -0.28615838
0.14666514 -0.07680783 -0.04285834
0.14892329 -0.11147650 -0.31245506
-0.07443517 0.01255153 0.10058728
0.14937949 -0.06511746 -0.33208525
0.14049165 -0.03049925 0.06287903
-0.14000584 -0.11599581 -0.02059516
-0.16010346 0.08863620 0.15303440
-0.15776351 -0.04641705 -0.26092243
-0.04219200 -0.03819872 -0.41461220
-0.12715089 -0.12455039 -0.28175619
-0.14626876 -0.00188269 0.15852264
-0.08637268 0.08694338 0.10177375
0.15006544 0.00447013 0.42126584
-0.15285775 -0.00318225 0.35313988
-0.15520296 -0.01322849 -0.41392457
-0.13972609 0.00647161 -0.41052932
-0.05611123 -0.14171319 0.27261603
0.06776437 0.00485111 -0.37275106
-0.15300560 0.08948512 0.30483752
0.10225075 -0.04228400 -0.25123286
-0.14170286 0.03291062 -0.42152211
0.13718426 -0.16245432 0.34882945
-0.08726336 0.07972800 0.14789352
-0.14079179 -0.09445560 -0.00229914
0.02235786 -0.14385578 0.42534345
0.14443339 0.09405499 0.40348104
-0.15105717 0.12495726 -0.38705829
-0.08604849 -0.15927422 -0.32086843
0.13761008 -0.15686150 -0.42280293
0.14842725 0.01377333 0.41078234
0.06893779 -0.13355815 0.41996554
-0.15858766 0.10464004 -0.09588279
0.13563508 0.01145536 -0.31475803
-0.01947948 -0.04566482 0.06859672
-0.16207674 0.12630357 -0.22614896
0.10136694 -0.17188767 0.39103153
0.14621213 0.06249464 0.40834120
0.09818337 -0.01946776 0.16066256
0.06807567 -0.03777556 0.42549297
0.13310432 -0.02758242 0.36828002
0.14124829 -0.12900566 -0.06855303
0.01810914 0.04806730 0.42291901
-0.15574130 0.19385573 -0.28738508
-0.16133611 0.15486397 0.36473161
0.07650632 -0.16614565 -0.36529174
0.14753987 -0.16087870 -0.35882613
-0.09312648 0.01100980 0.17366250
0.05561046 -0.11307070 0.42484203
-0.15458721 0.03608546 -0.04763171
-0.07464513 0.04787431 0.28590530
-0.09929055 0.11529236 0.41052216
-0.15760705 -0.08648197 0.35951364
-0.13196988 -0.15614161 0.05631880
-0.07391199 -0.00030145 0.38041487
-0.07274369 0.00929741 -0.24275604
-0.10580035 0.04772338 0.37593803
-0.14353237 -0.13718972 -0.07524592
0.03492404 -0.16690700 -0.10351022
0.14203152 -0.08340019 0.09200548
0.05187971 -0.16146225 -0.27628127
-0.10784797 0.06445290 -0.42417765
-0.08314639 -0.01900189 0.32069549
0.14425798 0.02112405 -0.26016617
-0.15680516 0.11287528 -0.27660221
-0.16182061 0.18537107 -0.05733882
-0.08663217 0.03239813 -0.27745643
0.03146101 -0.15372561 0.12159822
-0.15932137 0.03633903 0.26034391
-0.02026457 0.07935409 0.34607410
-0.14904694 -0.16769616 -0.07385191
0.08447920 -0.16712782 0.02596770
-0.16232927 0.16756397 0.29974058
-0.16079842 0.19285470 0.24989316
-0.15808219 0.13745685 0.02133477
-0.01653154 -0.16716033 -0.24693342
0.12099336 -0.18165094 -0.36390424
-0.09262702 -0.04225045 -0.34915492
-0.13316308 0.19603969 0.26789773
-0.13584645 0.02886182 -0.03631561
-0.10585498 0.12828374 0.00149729
-0.11104269 0.05505008 0.36444527
-0.16011691 0.11488316 0.16379507
-0.09121881 0.04420857 0.15829247
0.04403837 -0.06607218 -0.42589390
-0.16197611 0.18817082 0.00192105
0.04117516 -0.17049277 0.17642997
-0.02874397 0.03250334 -0.25068304
-0.15682872 -0.10897280 0.05645707
0.09348726 -0.01469096 0.03911851
-0.14727376 0.02904555 0.25599799
-0.15163562 0.14718120 -0.34301105
0.03357477 -0.06261829 -0.42646322
-0.12351988 -0.02589573 -0.04571154
-0.07931311 0.00853967 -0.21075398
-0.11874098 -0.17254984 -0.30922556
0.04255296 0.07044321 0.39274392
0.14837389 -0.04016285 0.12323784
0.13720232 -0.00254548 -0.00310931
0.14220040 -0.16967177 0.38823017
0.00656086 -0.16674532 -0.21601099
0.06815208 -0.01673413 -0.12982889
-0.15996148 0.10240570 -0.41039392
-0.01266712 -0.03517683 -0.28314829
-0.14410278 -0.02906670 -0.16930620
0.04098361 0.00378508 -0.29902548
-0.00544505 0.01841819 0.30923527
-0.15000080 0.06250409 0.36144808
-0.06785639 -0.06287690 0.30990827
0.04083906 -0.04867528 -0.10339128
-0.08965597 0.10994593 0.38002855
0.14555296 -0.04103977 0.36443242
-0.15185350 0.10204621 0.23699212
0.08485778 -0.04891830 -0.23253399
0.14775231 -0.03697883 -0.33784777
0.14669950 -0.06840967 0.07167423
-0.11117386 -0.04137884 -0.02410919
0.15663594 0.02885337 0.39796793
0.08017236 -0.15370667 0.32766476
-0.04967421 0.02206710 0.42131546
-0.15424326 -0.10548069 -0.27415472
0.07165953 -0.05878629 0.06406043
0.14026776 -0.09021563 -0.22455712
-0.02519792 -0.03000206 0.22796316
-0.09124635 -0.03711922 -0.19872695
-0.15725873 0.14150786 -0.41332608
-0.01205448 0.01114821 -0.16381423
0.14052837 -0.15475921 0.05443496
-0.15402170 -0.05208404 0.12724350
-0.00417894 -0.05595719 0.12975602
-0.03457357 -0.07995187 -0.36551511
0.13125497 0.09425803 0.35383201
-0.15802488 0.05956462 0.32386056
-0.04796945 0.05157768 -0.34617501
0.01331711 -0.16978134 0.41432020
-0.13559313 -0.16542587 -0.15917936
-0.15827921 -0.09393032 0.23250048
0.13866930 0.07205813 -0.41089568
0.13573706 -0.10756642 -0.05562525
-0.15498485 -0.00425610 -0.08286880
0.14621399 -0.04240509 -0.23741132
-0.15029572 -0.14301188 0.38571405
-0.13439655 0.19505459 0.14484845
-0.13535362 0.19606425 0.12356132
-0.08683614 -0.01016265 -0.40114975
0.13055837 -0.03185463 0.36201978
0.15161961 -0.05666289 -0.21902385
-0.16291882 0.14317639 0.33269632
-0.15479936 -0.01519626 -0.37896228
-0.09016370 0.05959289 0.14556885
0.15085183 -0.02610180 -0.26475582
-0.10781098 0.01276075 0.20502996
-0.15608121 0.06991303 0.15979299
-0.03253407 -0.00446735 0.13770191
-0.06080408 0.13257489 -0.35206383
0.12674107 -0.07611742 -0.33477554
-0.08242155 0.03098227 -0.39732227
-0.08598854 0.12334509 0.05990027
0.06303569 -0.04402637 0.41999015
-0.12877096 0.19549362 -0.17109504
-0.09188755 0.17344378 -0.04563396
-0.14564614 -0.09200504 0.13048971
-0.15998118 0.11956348 0.27278474
-0.04277713 -0.16927095 -0.34146252
-0.15482266 0.05493135 -0.42097831
-0.11416910 -0.08019969 0.41204971
0.00585011 -0.16704684 -0.17614970
-0.07183777 -0.15600358 0.35460946
-0.06795651 0.04767726 -0.42501122
0.07216296 -0.00162814 0.06180331
0.14497332 -0.13620649 0.35533592
0.07308945 -0.16638678 0.15594888
-0.16049024 0.00761532 0.05192562
-0.09962834 0.12620275 -0.23903808
0.11160945 0.02272950 -0.41977331
0.11485666 -0.06781706 0.41994664
0.14459744 -0.00757049 0.31908420
-0.06711101 0.08141334 -0.30799434
-0.15696323 -0.02694859 0.00575388
-0.15109813 -0.16149828 -0.02764860
-0.11663698 0.19173290 -0.18053587
-0.15983823 0.15493500 0.14230745
0.14682868 -0.02952555 0.28290728
-0.09695902 -0.00725093 -0.33455575
0.06959625 -0.16845709 -0.09099269
-0.08962020 -0.00696321 -0.37849826
-0.15432048 -0.13033183 -0.18871655
-0.11711070 -0.08279125 -0.02749106
-0.15906617 -0.10728957 0.08901131
0.14840381 -0.00464272 -0.08717930
-0.11228570 0.00955879 0.41908643
