0.20968238 -0.03957255 -0.32072929
0.23011997 -0.08175975 -0.25659040
0.23062298 -0.19397171 -0.13552028
-0.22078417 0.10295802 0.00446190
-0.01941032 0.18736765 -0.32151878
-0.09077903 0.17810495 0.31484264
-0.13493165 -0.05036017 0.02178136
0.07594812 -0.03145351 0.32272294
-0.17790672 -0.16742791 -0.23437665
-0.21330076 -0.05189398 -0.20715603
-0.23344144 -0.11232481 -0.21298674
0.00232601 -0.23854077 0.15246381
0.14405324 0.03462256 0.06036246
-0.08656099 0.03850381 0.04550392
-0.22956760 -0.23675042 0.17045407
0.11517641 0.01670163 0.32864136
-0.07414021 -0.23803173 -0.09907448
-0.09276345 -0.24821569 -0.12831490
-0.22796735 -0.09475347 -0.27802891
0.03196178 0.07222322 0.32789204
0.00905445 0.08499209 -0.20660383
-0.00177009 0.04059389 -0.19242881
-0.23306787 -0.01518582 0.30454931
0.19516826 0.00378875 -0.23822825
-0.22018759 0.03103695 -0.31638855
0.22822976 -0.23289795 0.18280712
0.17826822 -0.21982090 0.28113154
0.06695123 -0.24202342 -0.10996775
0.23918238 0.00885464 -0.13004762
-0.22028564 0.27033535 -0.32778063
0.10811507 -0.04422748 0.32275149
-0.14101727 -0.04768724 -0.33024722
-0.23080365 -0.09591356 -0.09604113
0.19492461 0.07915851 -0.31343213
-0.19856626 0.26775444 0.10391090
-0.20980538 -0.13328521 0.03067837
-0.14578292 0.07299162 -0.09982701
-0.02860662 -0.24767837 0.25941202
-0.04261207 -0.04867656 -0.17773204
0.21921647 0.06444243 -0.29983905
0.11702643 -0.25364226 -0.21711341
0.13561079 -0.16490273 0.30446628
0.01587247 -0.07034642 -0.32433408
-0.12141244 0.18191361 0.32210436
-0.00555961 -0.22198363 0.23422983
-0.15444350 -0.24998830 -0.15479748
0.13489485 -0.05127155 0.32612777
0.02661994 0.04105055 -0.13387358
-0.08676018 0.07434385 -0.32177055
0.22932763 -0.14778997 0.16298988
-0.05395015 -0.21962477 0.20437217
-0.09791891 -0.24832189 0.30212694
-0.11555606 0.10607678 0.23094983
-0.08314319 0.15170114 0.24818651
-0.11898683 0.20142366 0.19551255
-0.22852221 0.04645300 -0.22522621
-0.15650338 0.06091499 -0.33331740
0.22152844 -0.00330374 0.14074841
0.13576838 0.04478236 -0.33384696
0.00396974 -0.04528380 -0.27687219
0.11742096 -0.25048751 0.00342028
0.16733146 -0.00650242 -0.15498993
0.08293997 -0.02126654 -0.08775672
-0.11943281 0.20412001 0.24399844
-0.00808091 0.10035787 0.33127612
0.03533404 -0.23232836 -0.31548181
-0.19169679 0.25763321 -0.00967669
-0.06409577 -0.24899918 -0.01841228
0.12746494 -0.04955941 0.10748880
-0.13283874 -0.21610230 -0.21051982
-0.17717098 0.27117079 -0.09536405
-0.07869631 0.16104345 0.33136544
0.11279625 -0.04830898 0.31656328
0.20878971 -0.05137978 0.16202915
0.21429682 -0.24234527 0.27955800
-0.07821768 -0.03093395 -0.17714000
0.10897376 0.17057671 0.27238807
-0.02363609 0.02904366 0.27002496
0.22376883 -0.25599533 -0.20305766
-0.23650162 -0.05978085 0.27312031
-0.17156492 -0.23893653 -0.00617751
0.04626660 -0.22307585 0.27223650
-0.01192116 0.01372680 0.22911832
-0.07643990 0.09798773 -0.01184749
0.21942915 -0.11538018 0.25069553
-0.15070318 -0.17616653 -0.11383498
-0.21487825 -0.23890533 0.05500724
-0.07223722 0.13679641 -0.27485666
-0.22932902 0.12612288 0.09723800
0.17005463 -0.01553057 -0.11474445
-0.04984962 -0.22934148 -0.33117488
-0.23899271 -0.14188047 0.06699385
-0.09282579 0.01439773 -0.32578346
-0.23000446 0.16951135 0.27071601
0.23185807 -0.17790785 -0.07143908
-0.23222099 0.16134857 -0.01247350
0.21183029 -0.06343218 -0.16395065
-0.18521018 -0.22358301 0.27367693
-0.17093907 0.26265463 -0.00435671
0.09092409 -0.23695228 -0.25940278
-0.09949141 0.12542808 -0.33816051
0.16207629 0.02183423 0.33201694
-0.15778516 0.02193585 -0.25189510
0.03145279 0.09515028 0.33454701
-0.08603209 -0.21587546 0.32454255
0.21223651 -0.16867748 -0.05544434
0.13441831 0.01027763 -0.33549088
0.21639185 -0.23152378 0.23906894
-0.11187429 -0.01142733 -0.33022505
0.23246446 -0.16457690 -0.14327036
0.00463278 -0.21718206 0.26380533
-0.22967422 -0.06909031 -0.05729996
0.23413959 -0.18943125 -0.21987595
-0.22363147 -0.25748068 -0.08673607
-0.14596824 0.02805322 -0.02422527
-0.22024903 -0.14855695 0.31597477
0.13146204 0.18977763 -0.32529873
-0.13503101 -0.25681314 0.26141694
-0.11051264 0.16968720 0.24099243
-0.23556645 0.13937223 -0.11453547
-0.21151978 -0.14557615 0.09688075
0.22446324 -0.04493561 -0.27728397
-0.09290339 -0.23727593 0.17289427
-0.02493570 -0.25458395 -0.24652095
0.20037456 -0.11520687 0.14375488
-0.23043081 0.15849309 -0.26138708
-0.21466805 -0.14066909 0.13395289
0.14039752 -0.03127279 0.32642525
-0.23336020 -0.07780248 -0.22131641
-0.22404832 0.00572405 0.13265476
0.19997214 -0.24781725 0.21614987
0.05925317 -0.18601187 -0.33470333
0.20324996 0.09895939 0.08894210
0.02162544 -0.09548595 -0.32253504
-0.14672720 -0.09925093 0.32329065
-0.21566156 0.23326229 0.16231604
-0.07619365 0.22147550 0.33236724
-0.22772641 0.05323147 0.30277342
-0.22413455 -0.25584540 0.05302259
0.21114700 0.11940435 0.26573610
0.22252086 -0.24533127 -0.26161501
0.10700972 0.01882138 -0.16508228
-0.08029406 -0.25474334 0.13825886
-0.23591541 0.11827034 0.10294681
0.21995565 -0.03807304 0.31274027
-0.13937825 0.23511347 -0.16953397
-0.22889191 0.03308541 0.23203750
0.19100073 -0.21217184 -0.02994869
0.11429452 0.01382065 -0.00844951
-0.12389310 0.17797709 -0.03204577
-0.10307987 -0.02717633 0.18694729
-0.23265171 -0.05132324 -0.20806473
0.07627357 -0.25260872 -0.26709843
-0.05362406 -0.24565534 0.20278701
-0.12796316 0.23523080 -0.03915367
-0.00426967 0.00731186 -0.33151832
-0.13537522 0.14501029 0.00334180
-0.16193871 -0.25353792 -0.00268872
-0.02266130 -0.24496599 -0.05809321
-0.07131348 -0.21615995 -0.32013363
-0.08986623 0.00033410 0.32660937
-0.23193938 0.03942970 0.28248376
-0.13650659 0.22146089 -0.11273630
0.18255511 0.08165804 -0.17336079
-0.14819592 0.04187629 -0.00845707
0.19151495 0.11330342 -0.33414260
-0.23151420 0.27170661 0.02732048
-0.03840695 -0.25189441 0.12550850
-0.22454426 0.14983782 -0.27292031
-0.15192439 -0.08953872 0.32336196
-0.04663989 0.03849147 0.00743750
-0.10925119 0.08205232 -0.04876962
0.20636274 -0.19183215 -0.29602969
-0.05208347 -0.21966398 -0.24370913
0.17084146 -0.25122601 -0.18419418
-0.02084749 0.18212169 0.21141982
0.18532021 -0.25366268 -0.13586171
0.06903020 -0.24837121 -0.07268346
-0.03123491 -0.24475344 -0.05908386
-0.10165726 -0.09842117 0.31704053
-0.22917919 -0.01757764 0.09516358
0.12119167 0.13056694 -0.33352423
0.21176289 0.01567340 0.32653967
0.23193090 -0.13384902 -0.30129296
-0.13360651 0.06326672 -0.18382084
0.08558169 0.00078524 0.25902873
0.18834880 -0.25382185 -0.27630490
-0.23163573 0.01761932 -0.05829459
-0.05986982 0.19954997 0.29999366
0.22100292 -0.24026738 0.10261173
-0.20325777 -0.07694997 -0.32923752
0.14919208 -0.23330690 0.03016878
0.22503588 -0.10218026 0.19239669
-0.13797675 -0.08403583 0.11393437
-0.20641893 0.11350150 0.31448987
-0.08959876 -0.07304826 -0.06173094
0.04310705 -0.06738120 0.07118353
-0.17433143 -0.24359962 0.23012446
0.06609047 -0.20068432 0.04421078
-0.12443390 -0.25469878 0.11905364
0.22484881 -0.04858118 -0.00912319
0.10486454 0.08824704 -0.26859233
-0.18663864 -0.25835234 -0.28388730
0.11286773 0.15280600 -0.33267912
0.06861563 0.01718659 -0.24912116
-0.20775281 0.23127274 -0.30209172
-0.15705977 0.25924531 -0.16638507
0.21617079 -0.07728139 -0.30962840
-0.08375331 -0.05886199 0.20953055
-0.09915519 -0.07281224 -0.17510693
-0.11715113 -0.25073981 -0.16719019
-0.08768786 -0.01823992 -0.25828782
-0.11510333 -0.07470618 0.21328071
-0.22884977 0.10851969 0.15996036
-0.19971767 0.27048004 -0.21392843
-0.08117545 -0.05484574 -0.19743322
0.03333200 -0.21977532 0.26587778
0.22862089 -0.14006022 0.11912341
0.23040496 0.01994102 -0.16443291
-0.23037034 -0.18283693 -0.25542009
-0.23158363 -0.10136765 -0.12212034
-0.20081422 -0.16309687 -0.24685453
0.10682261 -0.00861723 -0.33430627
0.18732205 -0.26415297 0.04096390
-0.23120683 -0.08275619 -0.03477729
-0.08169924 0.14800690 -0.27762607
-0.22094177 -0.16135287 0.02117649
-0.16267188 -0.20394981 -0.18525209
-0.23045661 0.08326255 0.06247687
-0.18631487 0.22150749 0.32352054
-0.07130595 -0.07778561 -0.31942782
-0.14803310 0.27159885 -0.26745006
0.09666411 -0.25358963 -0.22656503
0.22183166 -0.06103437 0.21065184
0.05092384 0.05864172 0.23703122
-0.16866477 0.26012999 -0.13451947
0.13515317 -0.25431412 0.11420398
-0.10078244 -0.06552795 0.12101798
0.01215861 -0.25091082 -0.10507341
0.14978692 -0.25008675 0.06045776
-0.22239511 -0.11934266 0.31767574
-0.23182967 0.05654556 -0.28570777
0.16128783 -0.21033004 -0.32335109
-0.12136868 0.09878931 0.27407724
-0.22784066 0.26735362 0.27649176
0.21626945 0.18304838 0.26076147
-0.23631893 0.23442474 0.08366989
0.22283968 -0.25623491 0.02080980
0.17901275 -0.26046762 -0.21212283
0.00088076 -0.20054597 -0.33091825
0.05864341 -0.08996975 -0.27776617
0.12611596 -0.24456677 -0.32769856
-0.15064617 -0.00267272 0.32317543
-0.03353550 0.13659370 0.31323475
-0.04157975 -0.24782246 -0.03613041
-0.12840977 0.26136410 0.21928553
-0.11523422 0.25758865 0.30889297
-0.06975161 -0.23498641 -0.10147208
-0.16532530 -0.17244677 0.13760398
-0.10732073 0.22336772 0.12302096
0.21885136 -0.24023493 -0.11095993
-0.01618502 0.21567430 -0.32722592
-0.03511612 -0.19277276 -0.20166335
0.12859119 -0.00131307 -0.13275447
0.17719117 0.16413331 -0.28197199
0.19360220 0.12148394 0.20706277
-0.11261003 0.09207242 -0.07449572
-0.23127091 -0.19115105 -0.30823532
-0.14548580 -0.25218630 -0.13892515
-0.11464866 -0.25990212 0.10769790
-0.13496982 0.09526931 0.12412149
-0.02951897 0.01973266 0.32935283
-0.24217272 0.25236961 -0.10047273
0.02599366 -0.25368971 -0.13759448
-0.10917881 0.02890293 0.07318503
0.21461126 -0.14955531 -0.05516116
0.05080660 -0.03884263 0.24174818
-0.18885013 -0.08145654 -0.33226332
-0.18490778 -0.08897693 -0.25396147
-0.23219252 -0.08511721 0.04611576
-0.23163913 0.07490889 0.13700791
0.09103249 -0.16070223 0.33033448
-0.08953847 0.23773807 0.24998704
0.03721363 -0.24269626 0.17565262
-0.17764303 0.26624161 -0.12946814
0.23241737 -0.19050793 -0.29533991
0.00696625 -0.25444508 0.16098073
-0.02615859 -0.08386058 0.24923792
0.21897750 -0.24322487 -0.18810864
-0.18927501 0.24650173 -0.09658383
-0.23406909 -0.01866978 -0.24069907
-0.20880054 -0.02077858 -0.13984545
-0.06940550 -0.03713337 0.22375017
0.08801138 -0.00117221 0.27800697
0.03752638 0.00186471 0.25849161
0.20231961 0.04350350 0.31932372
0.05317130 0.00284228 0.03037427
-0.23954487 0.23691049 0.00842102
0.22516415 -0.06393605 0.03423163
-0.05880022 -0.08939300 0.32840037
0.22791386 -0.04803538 0.17493869
0.23208897 -0.02804240 0.14368671
-0.13810900 -0.13958026 0.32314077
0.12578890 -0.04853702 -0.22933523
0.21602757 -0.12090702 -0.18660545
0.08409377 -0.24886970 0.31281629
0.04071230 -0.23702183 0.04638316
-0.20857133 0.26995414 0.27699959
0.22445658 -0.12723760 0.30492416
-0.07344637 0.10418157 -0.33767045
-0.17950566 -0.04140277 -0.33101967
-0.16385366 0.20021449 -0.02955977
0.21286285 -0.07201274 -0.19419478
-0.12042896 -0.10935042 -0.33059460
-0.22985171 0.27188191 -0.01926769
-0.15313266 -0.03364677 0.09739683
-0.21490860 -0.22004959 -0.11792830
-0.11467337 0.01843810 -0.09268713
-0.23258032 0.08535949 -0.26853535
-0.14763635 0.13255642 0.15492943
-0.11273564 0.20144480 -0.29196113
0.08889543 0.02404984 -0.01618413
0.22305381 -0.01805527 -0.22411257
0.08881746 0.05859557 0.33234498
-0.02967290 0.07837147 -0.33608231
-0.22871453 0.01838986 0.15860447
-0.14218722 0.26225910 -0.27866352
-0.23246771 0.18777589 -0.15146446
-0.07800695 -0.08732624 0.32682818
0.17907745 0.02729722 0.23556472
-0.22896716 -0.03178225 -0.28703406
-0.03455485 -0.18561089 0.32360676
-0.21417569 -0.20366874 -0.29498762
-0.17608830 -0.13416503 -0.32963324
-0.23233052 -0.07940488 -0.24433348
-0.23129439 0.20424730 0.17105114
0.23340710 -0.20994027 -0.31642535
-0.18043102 -0.24940088 0.30237690
-0.04660112 -0.23840405 -0.15522945
-0.19839394 0.10819416 0.25750408
-0.06508006 0.08809128 -0.17695822
0.06443822 0.06556357 -0.20319127
-0.11138527 0.02765886 0.22437717
-0.23333178 0.14247508 0.14366859
-0.20776123 0.00526104 0.32129472
0.12753756 -0.16985841 -0.07673273
0.22829354 -0.05440417 -0.24729533
-0.18836787 -0.00978652 -0.32945520
-0.07366792 0.00433876 -0.26372591
0.07949889 0.02309664 0.11668157
-0.22552715 0.23859411 0.32374963
0.12578180 -0.24504071 0.30519840
-0.17105171 -0.15966640 0.10242850
-0.11013500 0.16513486 -0.20626752
-0.18836927 0.26622942 0.20748641
-0.22106290 -0.02812962 -0.22525451
0.23053962 -0.17374051 -0.07793822
-0.22468370 0.03899153 -0.20756808
0.20807415 -0.08779106 -0.27065817
0.22688422 -0.08032411 -0.32649770
0.06361712 -0.25414193 -0.25853026
-0.07438119 0.02188905 0.09517515
-0.20665272 -0.07867336 -0.32045466
-0.24272336 0.23832694 0.08131817
0.00793714 -0.24567197 -0.08925824
-0.11877777 0.25470629 -0.26942885
0.13699253 0.00933064 0.30875021
-0.08566433 -0.07724641 0.03352527
-0.13454281 0.22786477 0.22562675
0.10991307 0.19339101 0.26576522
-0.14217182 0.15710871 0.02203785
-0.22822556 -0.00749895 0.25335351
0.23305644 -0.17188711 0.12754366
0.21971072 -0.23637125 0.08859926
-0.03415360 -0.19650085 -0.33143115
-0.14176831 0.22895136 0.02115325
-0.12285823 0.21012093 -0.29931152
-0.19096586 0.24633056 -0.05250266
0.13245821 -0.02132198 0.20265138
0.06984508 -0.24291942 -0.33134449
-0.08770512 0.04089092 -0.32509375
-0.11737812 -0.19679819 -0.19256118
0.19052999 0.05353656 0.02841386
-0.10426218 0.19738995 0.33106035
-0.01460321 0.01672496 -0.24859899
-0.00878228 -0.04577375 -0.01204458
-0.00241735 -0.24761882 -0.18194100
0.11067075 0.11898714 0.26564109
0.08978741 0.02302149 0.33148289
-0.20398271 -0.04513468 0.07410485
-0.23618314 -0.23638415 0.04551034
0.04567422 0.06226376 0.30821395
-0.03055503 -0.03999324 -0.18133807
-0.22752345 -0.09709448 0.31900659
-0.23277216 -0.06299333 0.30295023
-0.12483849 0.13915707 -0.18378384
-0.13003147 -0.01355081 -0.33210221
-0.17418309 -0.25030383 -0.18415864
-0.21024750 -0.05226977 0.32025582
0.22757420 0.05609405 0.27486154
0.21737914 -0.12671509 -0.18829860
0.19268045 0.09940696 -0.31587070
0.20065320 -0.22628783 -0.32149124
-0.21532355 -0.12161409 0.06656134
-0.19873884 0.01682607 -0.32919919
0.11481073 -0.24089719 -0.22064209
-0.21052459 0.21562529 -0.30993891
0.21343172 -0.05705870 -0.27722019
0.05390267 -0.09196664 0.27726659
0.14944658 0.00937285 -0.31625459
-0.22427949 0.27299920 -0.19946162
-0.23217802 0.04293989 0.05845895
0.01145612 -0.24735261 -0.02609937
-0.20482966 -0.23804708 0.24364188
-0.20529278 -0.24406657 0.09976323
-0.14221945 0.14410223 -0.06465904
0.15070827 0.13012464 0.33668932
-0.10605598 0.09453057 -0.30159703
-0.19282435 0.10147847 -0.33151302
-0.13934940 -0.26031563 -0.11596006
0.12838905 -0.06753632 0.15601155
-0.21910842 0.16470584 0.31391606
0.17091456 0.03565685 0.21679117
0.09909905 0.14820886 0.33467859
-0.23147622 0.21418668 0.27110547
-0.05558616 -0.08115426 -0.32810906
0.07259466 0.08755507 -0.31948182
-0.19642776 0.00745911 0.32127810
0.19257693 -0.16705790 0.31981418
-0.10375097 -0.03477122 0.32901514
0.19967741 -0.22325020 0.31996334
-0.04452445 -0.25266895 0.23858647
-0.23032558 0.04759385 0.30466142
-0.06036772 0.03343524 -0.23443338
0.02395003 -0.23604462 -0.12103284
0.20443225 -0.19104028 0.00453941
0.19556916 -0.11957338 0.32071662
0.05712111 0.00101456 -0.24219339
-0.03322812 -0.00574638 -0.25193906
-0.23301879 -0.14705451 -0.24311978
0.22464143 -0.16354804 -0.07534210
-0.17324448 -0.25568420 0.22763973
-0.22817221 -0.00130911 -0.00690027
0.23262484 -0.07014953 -0.21350715
0.18537435 -0.25337318 0.24661419
-0.23477359 0.21138421 -0.12664604
-0.23153119 -0.07035217 -0.17342657
0.13059098 -0.04978628 0.25452906
-0.20541561 -0.24893151 0.05209896
0.23073909 -0.14871950 -0.31836677
-0.13561466 0.16014311 -0.13961309
0.22927052 -0.08425311 0.20680074
-0.06851167 0.17401633 -0.30543026
-0.11489020 0.14153361 0.33273274
0.22101575 0.18409391 0.23700567
-0.14061923 0.13848507 0.02855265
-0.17263605 -0.10576686 0.33069158
0.22602846 -0.13749151 0.13359113
-0.09278758 -0.21203925 0.25680962
-0.23180421 0.21881807 0.27904218
0.22397967 -0.15407008 -0.05887984
-0.22751893 -0.08065565 -0.06190109
-0.07330760 -0.25278398 0.02679125
0.11226310 -0.25438547 -0.24056491
-0.13087209 -0.06728651 0.23136063
-0.06591135 -0.02127314 -0.05593279
-0.18322343 -0.24294202 -0.28918543
0.11904021 -0.11545796 -0.32806709
0.21073981 0.11233510 -0.33325541
0.11962123 0.20066324 -0.32588822
-0.23154856 -0.14261362 0.22272938
-0.22957756 0.14491400 0.30394891
-0.20540754 -0.07117904 0.28632522
-0.20332597 0.08898588 0.28244779
-0.22985519 -0.05184067 -0.21384940
-0.11733366 -0.02697322 -0.26167741
-0.23380654 0.17460284 0.19633283
0.18993464 -0.04442525 -0.33503374
0.15478045 -0.25249320 -0.16417709
-0.12403227 0.02726817 0.20175520
0.04334267 -0.20503551 0.32854584
0.19687444 -0.06259519 -0.33258247
0.20097108 -0.15745336 -0.33323476
-0.12224704 -0.02379290 0.10343599
0.21362843 -0.12346391 -0.21694875
0.16489546 0.03619737 -0.13909310
0.19596612 0.07903023 -0.27567983
-0.16290791 -0.24894612 -0.00338228
0.09885960 -0.16242212 -0.29794383
0.16552170 0.04025394 -0.18618549
0.12491852 -0.17512247 0.32789469
-0.15390921 0.24468206 0.25681844
0.18921946 -0.25197381 -0.01191485
0.12198950 0.06084365 -0.31691256
-0.22747080 0.02041153 0.11567798
-0.23520420 -0.02518630 0.28707215
0.10311193 -0.25528833 0.21591213
-0.21967494 0.03435875 -0.32267609
0.15648356 -0.08708142 -0.32347411
0.11838727 -0.05797615 -0.32899281
-0.24045788 0.20812416 -0.14501986
-0.23010890 0.12470392 0.17684209
-0.23709342 0.19045602 -0.26419792
0.21633095 -0.14074470 -0.33228394
-0.18173519 -0.05039174 0.29853183
-0.24039301 0.24750490 0.19835643
-0.23488747 0.19453809 0.04428979
-0.23093219 -0.01951870 0.26536214
-0.05159071 -0.07070966 -0.25146237
-0.07349327 -0.25505939 -0.13111308
0.18891387 -0.24044369 0.09558837
0.02406369 -0.04760893 -0.26102310
0.22216842 0.02751150 0.24892935
-0.01045329 0.23334645 -0.29311177
-0.04019412 -0.11601511 -0.32712036
-0.22172205 0.00653899 -0.31746280
-0.12244612 -0.00715081 -0.20016038
-0.18950328 0.02617354 -0.33475190
-0.21492484 0.18532363 -0.01634615
-0.18263711 0.12028356 -0.32550833
0.01312318 -0.25216088 -0.00518557
0.17513146 -0.07800833 -0.31084436
0.16486299 -0.19151923 -0.32636568
-0.01782818 -0.24874946 0.31620967
-0.23338142 -0.04506553 0.17587164
0.14366713 0.17932403 0.30690137
0.19784309 -0.20797481 0.28210407
0.22502273 -0.19249761 0.23847814
-0.21881452 0.27191949 0.08624497
0.12728681 -0.15227221 -0.32681966
0.19214053 -0.00844484 -0.23333356
-0.10671899 0.00979031 -0.31100738
-0.06291416 -0.01231322 0.32623357
0.17583562 -0.13292819 0.32535082
0.00277529 -0.07721713 -0.32189029
0.03852156 -0.02312751 0.27456632
0.22227691 0.12481758 0.28327513
-0.00102110 0.17896946 -0.31269190
0.08213392 -0.23791823 -0.15924461
-0.23200843 0.06542083 0.08581513
0.16861528 -0.19243126 0.33006927
0.12869936 -0.25027168 -0.15143758
-0.05294496 -0.01446724 0.00438328
0.20593540 -0.20634681 0.32178923
0.22923417 -0.07771873 -0.17385729
-0.15854266 0.24100618 0.19750318
-0.06890375 0.14901103 0.23886852
0.12346746 -0.01380717 -0.28638285
0.21937034 -0.10543558 0.11308611
-0.20135006 -0.25934279 0.14591382
-0.12683719 -0.02127846 -0.23880257
0.19632412 0.06102531 -0.04822993
-0.17769173 0.27198261 0.21968170
0.17588286 -0.23461583 -0.32078594
0.15238215 -0.07230560 -0.31453007
0.04749969 0.00669600 -0.32840601
0.03525551 -0.09460122 0.02984590
-0.23841342 0.22816619 -0.20498878
-0.20188898 -0.24949369 -0.10010183
0.07017159 0.01737664 0.32487214
-0.22090304 -0.02030117 -0.31711605
0.21850558 -0.01086519 0.27054122
0.05220774 -0.19601382 0.06313705
0.22411108 0.09041993 -0.26865870
0.18912822 -0.02801263 -0.22358802
0.02048524 -0.23544735 0.03638952
-0.13367289 0.24379945 -0.03965534
0.05879612 0.19298053 0.27426118
0.06886556 -0.23748685 -0.31645843
-0.05764061 -0.25786412 0.15810661
0.17370775 -0.25291604 -0.31565219
-0.10608607 0.06666601 0.32886291
-0.23623063 -0.03797514 0.26571417
-0.13427861 -0.25051746 0.30164066
-0.08196399 0.15586677 0.28979900
-0.23258272 0.03831295 0.18015940
0.23411867 -0.16575910 0.02751104
0.15027715 -0.22453588 -0.22007667
-0.22871199 0.18512163 -0.07969202
-0.23470832 -0.10261591 -0.01437487
-0.22920549 0.05548837 0.01141858
0.20121580 -0.24506484 -0.27576196
-0.01659269 -0.23438090 -0.33406666
-0.22765200 0.03714155 0.08651730
-0.10444896 0.18364806 -0.27833182
0.23014227 -0.03533124 0.27356136
-0.21089645 0.08752392 -0.19749682
-0.20286284 -0.02520369 0.21760793
-0.19945234 -0.02119096 0.05863262
-0.23410916 -0.23782580 0.17795798
-0.23557483 -0.05428203 -0.10428821
-0.23164211 0.18701960 -0.27356905
0.00927777 -0.25452074 0.29900706
0.11450508 -0.14314455 0.32971263
0.09969731 -0.24644525 0.30459428
-0.10756943 -0.20131573 0.03939984
-0.10750343 0.09730761 -0.15067267
-0.23977505 0.20268874 0.27556795
0.05554691 -0.25069162 0.05579172
-0.02375546 -0.07790541 -0.03530711
0.14607313 -0.24244794 0.17302731
-0.11726235 -0.09427576 0.23559225
0.19502485 0.05692729 0.28539675
0.12400420 0.03795020 0.20789169
-0.10625252 -0.22488891 -0.05829589
0.10964689 -0.23654756 0.13247001
0.00125714 -0.25163785 0.21170051
0.10955115 -0.06752387 0.28417391
-0.07087722 0.03632541 -0.22620358
-0.23265262 0.17257242 0.23180132
0.21163809 -0.05637174 0.32706651
-0.01709756 -0.24267679 0.32591206
-0.23962905 0.21737424 0.07575098
-0.22858429 -0.08396815 -0.02605961
-0.10846480 -0.25323978 0.08128245
0.09319640 -0.20382215 -0.33244914
-0.08243549 -0.22297934 -0.32405680
0.01798277 0.09639093 0.24621210
0.14214669 0.02169224 -0.16289134
-0.17795694 0.18117882 0.33046877
0.15806562 -0.04084349 -0.25700745
-0.20094414 0.09137280 0.32166675
-0.24243881 0.24062635 0.12208506
-0.21265295 0.12616301 -0.33271712
0.05492984 -0.09655663 0.32761317
-0.16044369 -0.25715321 -0.24614623
-0.14127515 0.21653563 -0.07056534
0.11695418 -0.25266615 -0.30186468
-0.10866132 0.23904979 0.28318778
-0.19165625 0.09598441 -0.31978339
-0.14560863 0.25521424 -0.29412237
0.02936897 0.00186086 -0.27196217
-0.23026940 0.08339360 0.10246813
-0.22543435 -0.00964244 0.04123069
-0.22860512 0.11139708 -0.24295938
-0.17211394 0.25498712 -0.04111665
-0.20770928 -0.12538791 -0.23944864
0.18879274 -0.25165868 -0.11188730
-0.18343487 -0.04803329 0.32374549
-0.02249949 0.01059680 0.20091134
0.21103688 -0.16040170 -0.01108574
0.22021444 0.03726713 0.28290805
0.09007662 0.02587734 -0.07991955
-0.04628375 -0.08014940 0.26712009
0.17427470 -0.24772146 0.19093634
-0.22413570 0.02201986 -0.31539741
0.19882813 0.10349758 0.01732778
0.20500681 0.15417318 -0.33155316
0.10724679 -0.12370607 0.32334435
0.05779053 -0.23525147 0.32902071
-0.09400701 0.05587116 -0.06938194
0.04879251 0.21539457 -0.32669979
0.15755850 -0.18408082 0.33142549
0.11205947 -0.24397604 0.06979972
-0.11430974 -0.00788471 0.07325105
0.23008978 -0.07282826 -0.04403175
-0.22592248 -0.17510806 0.25732669
-0.12743926 0.12430318 0.33224395
0.14204714 -0.25817630 0.29434383
-0.19934957 -0.02157347 0.23191752
0.17053695 -0.00846941 0.09081806
0.01079123 0.20674281 -0.28693944
-0.09688179 0.16294529 0.28469905
-0.11160776 0.16406187 0.31231454
-0.10571352 -0.25269002 0.26626313
0.00621589 0.21671170 -0.28060797
-0.23128605 -0.15539061 0.19883664
0.23534256 0.05158477 -0.19170155
-0.16176561 -0.21286695 0.00387201
0.04607550 0.00800834 0.00443706
-0.23219354 0.10789765 -0.00668933
-0.02152979 -0.01871029 0.30775630
-0.23769143 0.20989685 0.13196032
0.19838436 0.02367584 -0.31745356
0.23081547 -0.17727916 0.03162778
-0.10707420 -0.24070628 -0.08694959
0.14311910 0.11432038 -0.33725333
-0.21715882 0.10833843 0.29339430
0.09287775 -0.25246066 0.10550596
-0.11058491 0.08648482 0.32530880
0.15624948 -0.25861099 0.15120344
0.15470469 -0.26246482 0.07760226
-0.12560704 -0.16764857 -0.05114879
-0.22988923 -0.13556057 0.05122942
0.00108522 -0.02074960 0.31065205
-0.11037932 -0.25487763 0.30160278
0.21536168 -0.24565916 0.12767908
-0.20564060 -0.20148456 0.22780873
-0.21269988 -0.25649291 -0.03417860
-0.22610590 -0.12361410 -0.06746926
0.04556362 0.00004300 0.22443989
-0.03163641 -0.08659939 -0.32604131
0.22515999 0.01320843 -0.20917726
0.21201317 -0.11963923 0.31412449
-0.22737835 -0.13649000 -0.08240191
-0.09838243 0.14971228 -0.30848959
-0.04138810 0.06163641 -0.33687341
0.13820089 -0.24890013 -0.32014647
-0.09841014 -0.25205684 -0.19272064
0.16298877 -0.00225823 -0.26808286
0.15174998 -0.25229383 -0.28762788
0.19016379 -0.22317226 0.08293245
-0.12060995 0.14051555 -0.21478188
0.17658265 -0.01779757 0.08850509
0.22379476 0.11350080 -0.28134915
0.08686115 0.04331638 -0.33734381
-0.21902148 0.03615719 -0.02000370
-0.07895980 -0.23164840 0.13295071
-0.20153055 -0.21153362 0.26132995
0.01558147 -0.25232875 0.20682846
-0.23304930 -0.08241542 0.27704921
0.19254349 0.00962489 0.28722137
-0.23084784 -0.03385788 0.21083383
-0.23060480 0.00471206 -0.05175450
-0.08096489 -0.01311113 0.02633451
0.18212965 -0.22150472 0.32592145
-0.22837876 -0.05863165 -0.30242303
0.07346360 -0.02173816 -0.16810462
-0.21262352 -0.01173923 0.32428196
0.23037237 -0.10565476 -0.13026434
-0.12196213 0.10353185 -0.08740014
-0.23085330 -0.13946110 -0.20492002
0.08683873 -0.24095283 -0.00417218
-0.21628048 -0.00326296 -0.00523371
-0.06228999 -0.24624217 0.22069332
-0.15890619 0.21262428 -0.31609899
-0.13622960 0.14037484 0.09526739
0.11893700 -0.06570511 0.31680253
-0.19791240 0.27265134 0.12141080
-0.21322022 -0.21919583 0.04338885
-0.22585917 0.00512880 -0.28689551
-0.07348880 0.19646566 -0.33470497
-0.23498659 0.17551038 0.15140679
-0.13594498 0.16111299 -0.17553549
0.09599799 0.21741876 0.30340874
-0.14905995 -0.05855903 0.04493554
0.06933013 0.13027172 0.33387217
0.22658677 -0.02093355 0.05934464
0.21565974 -0.12879242 -0.06092338
-0.06080907 -0.04627477 -0.18928616
0.22166859 -0.04788901 -0.22273563
0.04119936 -0.25508994 0.30958509
0.20719242 0.21005882 -0.31046632
-0.04414206 -0.23672791 0.25634077
-0.14383882 -0.00585607 -0.11517832
-0.14954898 0.24031048 -0.08574678
0.22601143 -0.05785285 -0.24368134
-0.11806916 0.03771892 0.03206822
-0.21073526 -0.17381957 -0.06018891
-0.01308337 0.04296383 0.25664389
0.02890822 -0.25231758 -0.04525021
-0.10726348 -0.25054327 0.03663291
0.22909011 -0.24968931 0.19361435
0.21672554 -0.11624575 0.28409183
0.11358636 -0.23653065 -0.31850094
-0.18938421 -0.13129413 -0.27187553
-0.23171756 0.14450186 0.25523090
-0.15420446 0.15657556 0.23595759
-0.12175245 -0.00460137 0.06550133
-0.22617218 -0.24741347 -0.14139396
-0.01743381 -0.04113636 0.06051164
-0.14388572 -0.23660359 0.09221026
0.19058330 -0.23392373 -0.32205656
0.21620277 -0.13827807 0.04305295
-0.05756404 0.06048186 0.33070713
0.15468615 -0.08170751 -0.20329022
-0.19295940 0.01110473 0.31125176
-0.08909144 0.09611642 0.10571755
-0.18753541 0.26310813 0.06454042
0.09604059 -0.03600858 -0.17447728
-0.23297098 -0.06503166 -0.10608554
-0.13269423 -0.24101579 0.10608083
0.21885054 0.07931758 0.27648523
-0.15171355 -0.23865372 0.03155798
0.22058418 -0.14475419 0.20245776
-0.04513603 -0.06798232 -0.05023830
0.07814052 -0.05499458 -0.32747468
-0.23136526 -0.04796473 0.23907731
-0.06299908 -0.16016747 -0.31395993
0.00260771 0.01365376 0.25931168
-0.19836731 0.05322935 -0.31815842
0.22518812 0.02560486 -0.23178664
0.20727113 -0.09526981 -0.22465748
-0.17366235 -0.24944216 -0.00860182
-0.08997825 0.04913206 -0.20154619
-0.08964879 0.07991537 -0.10149195
-0.21540004 -0.12932736 -0.15615596
-0.01422101 -0.25257683 0.27373502
0.19496565 -0.08833601 -0.04537020
0.01106621 -0.00503613 -0.32840720
-0.21854836 -0.23713510 0.08481596
-0.09975678 -0.18547797 0.05829573
-0.03657796 -0.24501114 -0.12391067
0.22715786 -0.14795968 0.25504571
-0.24156989 0.20373681 -0.09250019
-0.15586655 -0.09468226 -0.05362122
-0.06269036 -0.10557112 -0.32740119
0.16054432 -0.13161424 -0.32417139
-0.23812667 0.25576723 -0.16230530
0.22889581 -0.15304239 0.21321535
0.01539958 -0.14223130 0.32726303
-0.14614268 -0.18567835 -0.02789994
-0.03535235 -0.14950915 -0.32334974
0.22290540 -0.00521172 0.23243384
0.20426889 -0.25367302 -0.17871761
0.19443870 -0.25905517 -0.25934878
-0.23337714 0.04400504 0.20511481
0.02064746 -0.02929332 -0.32852203
0.22052580 -0.16916163 0.30363426
-0.16156273 0.26841873 0.11267918
-0.05844695 0.10938251 -0.31008270
-0.22895597 -0.14402741 0.30408573
-0.23199791 0.10255467 -0.27141762
-0.22790220 0.14413862 0.21903288
-0.15391284 -0.20126419 -0.32144207
0.02891997 -0.24733017 0.31702378
-0.23321755 -0.01934735 -0.04010234
-0.22033001 -0.11639757 0.30179256
-0.24040247 0.26536515 0.12630615
-0.23223391 0.03142488 -0.02721609
0.21499678 -0.11709173 0.14409381
-0.19358161 -0.25690615 0.17894526
-0.23253196 -0.13121948 0.17542811
0.17841539 -0.21464528 0.26656902
0.17888875 -0.02550075 0.21095666
-0.12662064 0.18294474 0.28969201
-0.22942796 -0.08041868 0.17764804
0.06440549 0.00919758 0.17597455
0.14741349 0.00678054 -0.23119844
0.10404431 -0.19669580 -0.32560375
-0.16378529 -0.25765485 0.08070791
-0.04922024 -0.25345501 -0.11830930
-0.08486211 -0.02461632 0.32587740
0.21500136 -0.10108665 0.32226780
0.10061599 -0.06007725 0.25473914
0.08984831 -0.24918975 -0.17784254
-0.11578839 -0.04520260 -0.23602214
-0.06647499 0.12212741 0.32547948
-0.22306482 0.20063378 -0.30875301
-0.22964329 0.15473145 -0.27980673
0.02309773 -0.24539565 0.18461120
0.03565303 -0.21199188 0.24555720
-0.23077098 -0.16505431 -0.31702149
-0.17479806 -0.25701812 0.31618080
-0.04173214 -0.02702219 0.27133629
-0.22582564 -0.00288767 -0.30690995
-0.15644281 -0.25670737 -0.24682337
0.15968072 0.16118304 -0.32384881
-0.13335133 0.23242025 -0.23387554
-0.16242294 0.03622814 0.13696064
0.00708375 -0.23816113 -0.21778797
0.13437900 0.00037334 0.03015790
0.15486239 0.03448899 0.17848226
-0.16312332 -0.09560095 0.32054710
-0.23937181 0.17736162 0.16892403
0.04404118 -0.25332764 0.30086327
-0.06233864 0.03733090 0.14893599
0.13550907 -0.12906772 0.33016261
0.05264787 0.04005232 0.25419420
-0.21795951 0.00360614 0.22654319
0.21340124 -0.25797737 0.31530622
-0.00413478 0.13979599 -0.30140138
0.15973194 -0.25713983 0.32262036
-0.16166803 0.18121497 -0.24931702
0.21300198 -0.15829620 0.15087661
0.19146486 -0.01008131 -0.33334172
-0.14923643 -0.00793368 -0.07479125
-0.13266346 0.06209879 0.29566717
0.21035844 -0.19299409 0.32563719
-0.15745947 -0.23686610 -0.17804903
-0.23268431 -0.10598303 0.14919773
-0.03458394 -0.24902257 0.21236324
0.21585731 -0.24420349 0.16590868
0.22762270 0.16485628 -0.30884895
0.03678986 -0.24524705 -0.22760631
-0.21571006 0.26838669 0.29593280
-0.19142616 -0.11772898 -0.22492813
-0.23533103 -0.15108384 -0.16174129
0.22977184 -0.00061525 0.25537962
0.19018899 -0.24898754 0.01503487
0.12529567 0.01137516 -0.02737781
-0.16985151 0.18952112 0.10652709
-0.16249448 0.25438738 -0.17148870
0.07358652 -0.25439635 0.26748753
0.00265196 -0.25401190 -0.15020764
-0.23479988 -0.25945362 -0.26382300
-0.13055620 0.09076324 0.17881754
0.12195118 -0.03290204 -0.27548742
-0.15014404 0.15775234 0.33220136
0.08386172 0.10638532 0.33270100
0.03297341 -0.23550782 0.15395148
0.18606560 -0.06193776 -0.10438975
-0.15881909 0.23308057 -0.06889831
-0.07577387 0.18646197 0.28342953
-0.22937466 0.07857361 -0.10688344
0.08050422 -0.24634850 0.26871228
0.16280259 0.08754803 -0.25145447
0.17403723 -0.11388427 -0.33033532
-0.23014188 -0.02379081 0.10464119
0.10683183 0.10974585 -0.33375999
-0.13822852 0.16799682 0.33170688
0.15452975 0.04059806 0.18234698
-0.18904892 -0.23635881 -0.20950641
-0.04812432 0.03956111 -0.24138008
0.13685648 -0.24898526 -0.00174347
0.13543911 -0.24319121 -0.30628207
-0.13612209 0.06900324 -0.29629928
0.10057948 0.01885416 0.25746641
-0.23434171 0.18583548 0.22802426
-0.12343241 -0.22757989 0.32854265
-0.08261783 -0.25518471 -0.24949634
0.05168938 -0.12587687 -0.33168763
0.07689362 0.10759141 0.33171898
-0.22700453 0.26588875 -0.29310971
0.02018297 -0.05553886 0.10881792
-0.11139588 0.10331929 -0.02966372
0.03088135 -0.24842763 0.04227224
-0.14301756 0.06824388 -0.16771115
0.04187322 -0.02706465 0.32621145
0.02293115 -0.24892247 -0.16242249
-0.22114736 -0.25061694 0.24032749
0.19029555 -0.10263179 -0.32863724
-0.12406790 -0.03503377 -0.20570469
-0.23334768 -0.13763177 0.21676621
0.16276252 -0.25317085 0.06579573
-0.22818631 -0.02809202 0.08250450
0.17332998 0.01035241 -0.20572993
0.11235006 -0.20670845 -0.32963771
-0.22890496 -0.05494282 -0.32171071
0.22874890 -0.23012893 0.15408358
-0.18556215 -0.23960739 -0.04330454
-0.22673409 -0.23842981 0.24361564
0.21099861 -0.15613647 -0.06874906
-0.23560183 0.26426193 0.04912483
-0.20696148 0.26960832 -0.04741675
-0.07074495 -0.25446180 0.04983520
0.14834516 -0.23956239 0.07282642
0.21211405 0.01593605 -0.06438540
0.12958790 -0.00421432 -0.08991275
-0.19879968 -0.20990616 -0.29455680
-0.23153223 -0.00717920 -0.28032556
-0.12482753 0.00542074 0.24575785
0.23189941 -0.23134603 0.07471655
0.23170280 -0.02294526 0.02983832
0.05040763 -0.21214445 -0.32749575
-0.17900649 -0.25180122 -0.08287403
-0.03364470 0.18865795 0.27926531
0.15745050 -0.08880579 0.08480322
-0.05355465 -0.19123946 -0.07727082
-0.07788706 0.09090737 0.17179833
0.08861961 0.03119727 0.10087956
-0.03662300 -0.25336739 -0.25948825
-0.12129167 -0.24981795 -0.05079350
-0.16399024 -0.26051387 0.28096509
-0.22707595 -0.08409390 -0.04506546
0.20453669 -0.24612360 0.22110039
-0.13310923 -0.09084506 -0.26236850
-0.17277652 -0.25822359 0.23520929
-0.23787481 0.19143754 0.14364064
-0.11896677 0.10752602 -0.29474232
-0.23664431 -0.22562726 -0.09019893
0.10762514 0.03189338 -0.09207650
-0.22802979 0.15299293 -0.30156633
0.00101591 -0.24148862 -0.07381682
-0.05051706 0.18655391 0.30145347
0.23496222 -0.05017574 -0.18002066
0.22852167 -0.18565431 0.01757962
-0.16196813 0.05966293 0.12737794
-0.06507850 0.12728226 -0.33521679
-0.14811872 -0.25517094 0.32683733
-0.17620528 0.23727815 -0.17672521
-0.19412908 -0.20280349 -0.01277793
0.22027569 -0.13864610 -0.22558159
-0.18165757 -0.02680433 0.32861006
-0.11065298 0.22222857 -0.17275241
-0.08053751 0.16391228 -0.29861602
0.22616884 -0.01225264 0.26436448
-0.15704243 0.14549007 -0.14970027
0.10334541 -0.25166723 -0.31602070
0.09178466 -0.24430706 0.09062806
0.15958884 0.12278758 0.27374548
0.19409007 0.19141395 -0.24702393
-0.15253098 0.15420628 0.08535711
0.12975061 -0.23532097 0.32531852
-0.06444980 0.05678408 0.17481092
-0.12993070 -0.12856641 -0.31880146
-0.23711258 0.20281620 -0.14582664
0.22187215 -0.18030348 -0.30767819
0.22702909 -0.11980531 0.19561546
-0.02543360 0.18247455 0.27852488
-0.12157635 -0.06296632 -0.29087189
0.22083321 -0.22874451 -0.25712505
-0.15846673 -0.02236921 -0.26721036
0.19708778 -0.04709122 -0.19768083
-0.23322806 0.01981048 -0.27601841
0.12166337 -0.24697144 0.16102439
-0.22753091 0.27305210 0.22777382
0.20985605 -0.25084114 0.32353577
0.07143823 -0.25271654 -0.19996163
-0.14534305 -0.25508073 0.06120826
0.16177967 0.11605594 -0.26173031
-0.23502816 -0.21144976 0.27031189
0.09739754 -0.24673359 0.26933399
0.21448262 -0.12448867 0.30492979
0.19954182 -0.10787624 0.33643889
0.08598108 0.00732345 0.17229839
0.21020123 -0.13661057 -0.32451358
0.20450278 -0.01707356 -0.12746435
0.22977203 0.01738461 -0.18922363
0.05207820 -0.06550916 0.33109993
0.04911363 -0.18704227 -0.05713043
-0.13941008 0.23128134 0.08695477
-0.19433729 -0.06971385 0.11800678
0.05746919 -0.03095402 0.32788759
-0.06281243 -0.02151141 -0.10633373
-0.01238041 -0.25222889 0.31878856
-0.22982304 0.13487904 0.20336622
-0.05703193 -0.21178891 -0.32674119
0.02553859 -0.06917538 -0.13851659
-0.04658140 0.03247077 0.22634147
0.20586124 -0.04108607 -0.08543869
0.21190077 -0.06590378 -0.01951086
-0.22913423 0.04300268 -0.04219124
-0.23561341 0.15264332 -0.07703479
