-0.01274268 -0.29541290 0.01053198
-0.01091528 -0.35641837 -0.02381661
-0.01938055 -0.34193420 0.02077123
-0.04337802 -0.47178143 0.03209317
-0.04989214 -0.48398167 -0.03004367
0.00210490 -0.06901625 -0.00674745
0.03683421 -0.40367791 -0.01349955
0.03196093 -0.42887861 0.01883956
-0.00399606 -0.43370113 0.04645584
-0.03907624 -0.43533006 0.04097535
0.03798138 -0.42035055 -0.02112905
0.01535155 -0.37697932 0.02082491
-0.02670763 -0.42693087 0.04263723
0.04176736 -0.46146461 0.03615505
0.03967217 -0.38437948 -0.01898636
0.03610549 -0.46367034 0.04368985
0.00846558 -0.30112040 0.02148151
-0.04709302 -0.44916260 -0.01108958
-0.00329266 -0.23888171 -0.00356527
-0.00875818 -0.47408777 -0.04731436
-0.03389567 -0.45856124 -0.04244828
-0.00144995 0.36997068 -0.00439100
-0.00482132 -0.16146246 -0.00435236
-0.06045989 -0.45103991 -0.00618972
-0.01540930 -0.45352355 -0.04473272
-0.01034126 -0.26149899 0.00016468
0.03364178 -0.41603202 0.02661565
-0.03944667 -0.47150818 0.03766305
-0.05120105 -0.44988167 -0.01215218
0.03541982 -0.42389372 0.02165445
-0.03356007 -0.34433430 0.00979187
-0.00601642 0.16126695 -0.00486026
-0.01196295 -0.44113290 -0.04960408
-0.03408077 -0.37781984 -0.01512644
-0.01149696 0.47750250 -0.00522206
-0.04126671 -0.40437222 -0.03487468
-0.01455253 -0.37052128 0.03923313
-0.00528562 0.16445707 -0.00411035
0.00280199 -0.34038842 -0.02640804
0.02158324 -0.34893936 0.00829847
0.00245993 -0.31710246 -0.02173657
0.00526310 -0.25742918 -0.01125897
0.01122239 0.43154401 -0.00527849
0.04113071 -0.48751551 0.03437792
-0.00560125 -0.40672669 -0.03885277
0.03858231 -0.43591744 -0.03905537
-0.00214751 -0.36140382 0.03001742
-0.02475891 -0.37837431 0.01338933
0.02137411 -0.44991720 0.04431479
0.00017412 0.17686200 -0.00064000
-0.05920124 -0.43675834 0.00663966
0.00013032 -0.35217154 -0.03728212
0.02539903 -0.31447276 -0.00289642
0.01560082 -0.31847861 -0.02095327
-0.00103127 -0.21812063 -0.01496020
0.02623563 -0.31841078 -0.00390964
0.02384143 -0.38998187 -0.03408936
-0.00414283 -0.24958070 -0.00436517
0.00944901 -0.25343490 -0.00230623
0.03646367 -0.48793384 -0.03710404
-0.00189492 0.37891105 -0.00614023
0.04486062 -0.46269387 -0.02922767
-0.02132941 -0.42714375 0.04310260
-0.04603656 -0.47171870 0.01418465
-0.01333044 -0.24060014 0.01434044
0.00851036 -0.27477771 -0.01148070
0.04715826 -0.45953301 0.03247226
-0.00671099 -0.45739937 0.04620463
-0.04026064 -0.43760857 0.02474733
0.04858362 -0.45635471 0.02826777
-0.04523434 -0.46547174 0.01234972
0.00339605 -0.29885629 -0.01819795
-0.00759916 -0.31038007 -0.02238046
0.05163684 -0.43267998 -0.00329143
-0.02214459 -0.46082270 0.04853757
-0.00251874 -0.20326249 -0.00842342
-0.03593883 -0.34957933 -0.00428784
0.00217280 -0.36486053 -0.03551652
0.05019772 -0.43369448 0.00549056
-0.03769686 -0.39664352 -0.03654058
0.01355676 -0.37579313 -0.03471857
0.04789640 -0.42005834 -0.00520118
0.00068703 0.17544141 -0.00419454
-0.01521160 -0.47233716 0.04644452
0.02623244 -0.33768180 -0.02055701
-0.04127239 -0.41065788 -0.01167230
-0.03323256 -0.48579851 -0.00402727
0.00607432 -0.05014871 0.00314955
0.04064937 -0.45604396 -0.02509739
0.04140446 -0.39852288 0.02171967
-0.00229106 0.29253441 -0.00445899
-0.00688918 0.02064086 -0.00586180
-0.03978493 -0.39035583 0.01958322
0.04202756 -0.46038103 -0.01933283
-0.02099926 -0.27178609 -0.01009336
0.00533749 -0.43011528 -0.04845212
0.00371534 -0.19995056 0.00176229
-0.03514201 -0.39243960 0.01508089
-0.00339238 -0.19300389 -0.01148369
-0.00363341 -0.27452868 -0.01491362
0.01280360 -0.40460673 -0.04784798
-0.03257162 -0.44998053 -0.04592042
-0.03444203 -0.37964973 -0.00735527
-0.03316713 -0.43646690 0.03595591
0.02928836 -0.39180654 -0.03785985
0.01529101 -0.48043358 -0.04195597
0.00357363 -0.20887715 0.00260334
-0.01150486 -0.43521911 0.04775617
0.00371961 0.09716658 -0.00436730
0.05031198 -0.47647652 -0.01463228
-0.00044067 0.29205120 -0.00346732
0.01064782 -0.24812706 -0.00544760
0.03889500 -0.42053032 0.02943816
-0.04105013 -0.39360911 0.01184366
0.01254055 -0.48508358 0.04383128
0.02622201 -0.31302938 0.01163682
-0.00614014 0.40326205 0.01204299
0.02750995 -0.28770161 0.00472481
0.03828080 -0.42965907 -0.01831410
-0.00161802 0.46426034 0.00091652
-0.04652768 -0.40560055 -0.02901629
0.02639515 -0.32039854 0.01479280
0.02101540 -0.36366045 -0.01057442
0.01992092 -0.31408688 -0.00491854
-0.04033042 -0.44676548 -0.02876706
-0.01391129 -0.33575112 -0.00706926
0.02153853 -0.27944502 0.01301369
-0.00033969 -0.17059880 -0.00905112
-0.04333124 -0.35822681 -0.00845832
0.04318817 -0.46065468 -0.02890510
0.05234580 -0.46780241 -0.00316719
-0.05539508 -0.45468777 0.00835503
0.03049021 -0.34662586 -0.00187016
0.02769498 -0.31350282 0.00890322
0.01074983 0.01646879 -0.01020427
-0.01767940 -0.48219556 -0.04944056
-0.03700304 -0.44623500 0.03422106
0.04631233 -0.49085468 -0.01334056
-0.03108867 -0.40794218 -0.03372339
0.02202398 -0.21421634 0.00356276
0.00387623 0.28867075 0.00414141
0.02312286 -0.38969493 -0.02715770
-0.00371253 -0.08086792 0.00328294
-0.02837760 -0.38885170 -0.02034966
-0.00489028 -0.28758126 0.01968806
-0.05226770 -0.41013688 -0.02994080
-0.02659251 -0.46383104 -0.04775163
-0.01785091 -0.27543420 0.02078491
0.02922314 -0.40787753 0.02947135
0.03567974 -0.36010998 0.00150503
0.02117180 -0.38920438 0.03696038
-0.00031056 -0.31578475 0.00304327
0.04813192 -0.41646999 -0.00167198
-0.03654215 -0.48188308 0.02731921
-0.00715790 -0.35766891 -0.01864382
0.00069414 0.08007968 -0.00514184
-0.00751230 0.40631044 0.00720920
-0.01952672 -0.32236931 -0.01510909
0.04310927 -0.44682485 -0.01507067
-0.03132452 -0.43533254 0.03855028
0.00922200 -0.35386586 0.01947548
0.00920206 -0.23675461 0.00572065
-0.00208830 -0.24971682 -0.01785636
-0.00311020 -0.20067641 -0.01889480
0.00177439 -0.19197416 -0.01664871
0.01320714 -0.47254685 0.03543449
-0.02175646 -0.31084177 -0.00345563
-0.03745492 -0.40723717 -0.01299067
-0.01174193 -0.43858641 -0.04487012
-0.01374948 -0.43377393 -0.02987536
-0.04133139 -0.36955255 0.00615535
0.03798964 -0.46956781 -0.04129617
0.00797728 -0.32825285 -0.01251232
-0.00632905 0.24993476 -0.00032489
-0.00205957 -0.39757487 -0.03876200
0.04469137 -0.34293729 -0.02192590
-0.01203502 -0.39405271 0.04110897
-0.01630468 -0.46747327 -0.03631566
0.02157418 -0.28905380 -0.01725067
-0.03047769 -0.49379227 0.04069815
-0.00262310 -0.38316008 -0.03357187
0.03671471 -0.38444075 -0.00098986
0.00621265 -0.48442912 0.04886181
0.01921135 -0.39586797 -0.03187831
-0.01696212 0.48536569 -0.01241703
-0.01084101 -0.45847723 -0.05031036
0.00111531 -0.38434952 -0.03378293
0.01118309 -0.35700428 -0.02818641
-0.00730700 -0.47276995 -0.04860774
-0.00025036 0.11347716 -0.00180171
0.00799093 -0.37439066 -0.02062408
-0.01892656 -0.22592320 -0.00775407
0.01854161 -0.33388460 -0.00141558
-0.02985262 -0.31959540 0.02999829
0.01222793 -0.41849947 0.04295575
-0.01787481 -0.46262339 0.04580040
0.02482381 -0.41493762 -0.03766869
-0.05538592 -0.43562374 -0.01230968
0.03175387 -0.45384586 -0.04108836
-0.00416689 -0.16663320 0.00950518
0.01248463 -0.48676607 -0.03927556
-0.00955635 -0.01764336 -0.00109110
0.01440207 -0.35852876 -0.02733971
-0.02576526 -0.35347110 0.01546814
-0.02139806 -0.27388355 -0.00341236
0.04078547 -0.47064963 -0.03146860
-0.00421992 -0.21734712 -0.00066692
-0.01520986 -0.47829777 0.03507592
-0.05291603 -0.47859186 -0.00259759
0.00499522 0.01025817 0.00647509
0.02085952 -0.33518711 -0.01965047
-0.01248580 -0.31196421 -0.00139498
0.02340054 -0.40789744 0.03998310
-0.01181928 -0.33550042 -0.02036227
0.00440277 -0.39092740 -0.04084597
0.01542727 -0.42566293 -0.04544431
0.02405667 -0.40218917 -0.04745685
0.04769389 -0.41233450 -0.02350719
0.04446070 -0.41782147 0.01491625
-0.01413162 -0.30357194 0.01528295
0.00479986 -0.23785338 0.01884381
0.03635269 -0.37984499 0.01291041
0.00227467 0.17132355 -0.00778983
-0.00316748 -0.03286798 0.00988834
-0.00594530 -0.23634148 0.02623078
-0.00934075 -0.34362507 -0.03544962
-0.00496718 0.49259856 -0.01690667
0.02827117 -0.44341391 0.04385152
0.03355854 -0.48426926 0.00058841
0.02898377 -0.40010625 -0.01556568
0.00651492 -0.38566282 -0.03420795
-0.04812320 -0.47962880 0.01640265
-0.01408132 -0.29778323 -0.00193516
0.03212015 -0.42193216 0.01801425
0.01934300 -0.48259252 -0.05130291
-0.01495120 -0.39904469 0.02451290
0.00516828 -0.27264372 -0.00846951
-0.03394603 -0.33945784 0.00693439
-0.01298108 -0.34351274 0.01124736
-0.00084841 -0.44428450 0.05569530
-0.03576718 -0.35088426 0.01313563
-0.00642759 -0.43132988 -0.03992809
0.00662157 0.02033412 -0.00750363
-0.04515148 -0.48583269 0.02350083
0.03177702 -0.38199848 -0.00970372
0.03838877 -0.37351257 -0.00449198
-0.01050097 -0.41515547 -0.03938691
0.00172442 0.01410336 -0.00746939
0.03576510 -0.44920489 0.04143420
-0.00073015 -0.41556489 0.04085200
-0.04785488 -0.48290572 -0.00160605
0.01938225 -0.42007628 0.04952871
0.05724315 -0.44244638 -0.00765874
-0.00422613 0.22332169 -0.00053194
-0.04543221 -0.46702963 -0.02893285
0.00341720 -0.37701979 -0.04247507
0.00338330 0.35819507 -0.00058078
0.00391654 -0.39457825 0.00443969
0.05390495 -0.47370675 0.01161858
0.04733368 -0.40865371 0.01104914
0.01772176 -0.32654613 -0.04099369
0.04283044 -0.47790289 0.01739364
-0.00642575 -0.17933115 -0.00297643
-0.00210316 -0.35776383 -0.02124171
0.00953834 -0.49905929 0.04826463
-0.03908683 -0.40071240 -0.02678475
0.01592053 -0.23862080 0.00061291
-0.00771173 -0.25019136 0.02747523
-0.01678345 -0.41651633 0.04940641
-0.00019520 -0.34718099 -0.03232425
0.02878203 -0.41138980 -0.02656049
0.03815743 -0.40457550 -0.02063345
0.00582763 -0.30742228 -0.00365368
-0.00296313 -0.34010148 -0.00696231
-0.03382346 -0.47370929 0.01188848
0.02355387 -0.48287657 0.03612176
-0.01720162 -0.41744733 0.04521172
0.04742635 -0.44943920 -0.02637092
-0.03793646 -0.48423731 -0.02424277
0.00208981 -0.40783358 -0.04213041
-0.03424869 -0.45578963 -0.03995706
0.00630043 -0.31262016 -0.00534491
-0.00112644 -0.36465064 -0.03814815
-0.00757503 -0.24214275 -0.00433903
-0.04298004 -0.41925347 0.00511142
0.01659131 -0.41669589 0.05107664
-0.01095272 -0.48562887 -0.05914320
0.00405069 -0.23207469 0.01313856
0.00569134 -0.11380882 0.01292516
-0.00909688 -0.25311565 -0.00384389
0.02101021 -0.41951206 -0.05023523
-0.04276060 -0.41254780 0.02601897
-0.01776388 -0.29476920 -0.00694400
0.04220721 -0.45017532 0.01806299
0.04320657 -0.44741419 -0.02060558
0.01580255 -0.47444513 -0.05079571
0.01994831 -0.41186786 0.02808270
-0.00786876 -0.40086928 -0.03997378
0.02119944 -0.43635076 -0.04413138
0.02170437 -0.37976208 0.03452869
-0.05265981 -0.47107691 -0.00374303
0.00259443 -0.48308167 -0.04298566
-0.01775631 -0.37534657 -0.03100544
-0.00654808 0.38459536 -0.00364988
0.01681020 -0.35100645 -0.02447795
0.02487470 -0.43290937 0.04055538
0.04070694 -0.48481560 -0.01913182
0.00458325 -0.12441725 -0.00100389
-0.03223193 -0.47819996 -0.01698409
0.03845154 -0.38559231 -0.00184094
0.02612749 -0.36505741 -0.02685698
0.04469167 -0.41027692 0.01460750
-0.00583891 -0.35827672 -0.03877653
0.04918989 -0.43839389 0.00008777
-0.01030155 -0.25148377 0.00995842
-0.00173148 -0.13406906 -0.00045979
-0.01748753 -0.30195805 -0.00566685
-0.05220781 -0.48258823 -0.00235253
-0.04595554 -0.46318048 -0.01755173
0.02325597 -0.36856395 -0.03301593
0.04050846 -0.40852061 0.02957782
0.04671045 -0.42963272 -0.00170232
0.02105150 -0.32505035 -0.02074485
0.03830086 -0.44375178 0.03687858
0.04890401 -0.48032442 -0.03204159
0.01532220 -0.48022476 0.04363480
-0.00322591 -0.35105580 -0.01971134
0.01079191 -0.22571570 -0.00994534
-0.01384777 -0.35701406 -0.02986672
-0.02078626 -0.31843671 0.01396595
-0.03613131 -0.46894467 0.03845046
-0.02199961 -0.46450618 -0.04220352
0.04737815 -0.45969954 -0.02622844
-0.05063967 -0.45107636 -0.01057849
-0.04440536 -0.38647169 -0.02766116
0.02524084 -0.48519477 -0.02761492
0.00542683 -0.36959878 -0.02927925
0.00261598 0.10159048 -0.00618524
-0.02192704 -0.38953051 -0.04118367
0.02023805 -0.46238872 0.05289714
0.00632530 -0.26228309 0.00211702
0.04553122 -0.45633253 0.01604472
0.00862916 -0.30659479 0.02772042
-0.01221531 0.48862109 -0.00364374
0.02166028 -0.42575455 0.04868625
-0.00046826 -0.08195285 -0.01333423
0.00975696 -0.18497862 -0.00052752
-0.03900022 -0.43390799 -0.01755711
0.03865555 -0.42269003 -0.01852838
-0.02250167 -0.42850417 0.04239543
-0.04856624 -0.40937600 -0.01206154
-0.02284999 -0.45201117 0.04293951
0.00848234 -0.34069639 -0.02165920
-0.04079924 -0.46813309 0.04104858
-0.02695581 -0.47279754 -0.03536789
-0.05234154 -0.40279168 -0.00450161
-0.00406598 -0.33336234 -0.02900436
0.01397696 -0.23628516 0.01527543
0.00674789 0.34407210 0.00111563
0.00142834 -0.17503579 -0.00013841
-0.00094020 -0.46820956 -0.05026472
-0.03933594 -0.47988561 0.03422739
-0.04398346 -0.43849677 0.01967627
0.00336781 0.19216028 -0.00421767
0.00674694 -0.34568951 0.01075105
-0.03736220 -0.41594443 -0.03719174
0.04878946 -0.40371874 -0.02373303
0.06267335 -0.43357810 0.01005709
-0.01494080 -0.36551470 0.02364042
-0.02950442 -0.46338418 -0.04229011
0.01768636 -0.43364957 0.04393447
-0.03981679 -0.42725700 -0.03361722
-0.00476735 -0.29939923 -0.01857973
0.00054064 -0.25883496 0.02393343
-0.03517049 -0.39328185 -0.01097731
-0.02510062 -0.38359189 -0.03977427
0.03315289 -0.38792875 -0.02992324
0.05003481 -0.47206128 -0.00595584
0.04192326 -0.47573161 -0.03114907
0.02785461 -0.39269486 -0.00025274
0.01697655 -0.39706346 -0.03819317
0.01616326 -0.36324769 0.01824855
-0.00174776 -0.45604733 0.04107344
0.00095361 -0.31131884 0.01840917
0.04242209 -0.49038780 0.01424788
-0.01198847 -0.34076664 0.01095964
0.04149277 -0.47719559 -0.02600876
0.03256886 -0.48848122 -0.02392508
-0.00849239 -0.05548349 0.00057345
-0.03427079 -0.45012757 0.04549659
-0.01216434 0.47638896 -0.00654660
0.04133108 -0.38806185 -0.03030479
0.01779912 -0.45042309 -0.04635869
-0.01015058 0.07118651 -0.00635434
0.02926643 -0.30668429 0.00326308
-0.04380291 -0.41580993 0.02721086
0.00219823 0.24709871 0.00095227
0.01327262 -0.22824904 -0.00719736
0.01876095 -0.44980574 -0.04233199
-0.03975025 -0.41538358 -0.01467955
0.01116574 -0.48890483 -0.04837155
-0.00193223 0.47586155 0.00330838
0.01039192 -0.33192229 0.00107938
0.03146128 -0.35767505 -0.01022181
0.04276899 -0.48203707 0.03066871
-0.02530031 -0.36726812 -0.03101635
0.00051956 -0.16437152 -0.00859571
-0.05429014 -0.44033426 0.02471116
0.04879446 -0.45463052 -0.02617377
0.05226050 -0.48453578 0.00376572
-0.00276690 -0.26333481 -0.00464357
0.00299844 -0.41370663 0.04049049
-0.03748208 -0.46800059 -0.02793335
-0.02345496 -0.38076216 -0.03057473
-0.03243539 -0.35822463 -0.00725267
-0.01201765 -0.46310768 0.05468469
0.00523093 -0.40530571 -0.04140053
0.01313889 -0.42440772 -0.03913255
0.01250690 -0.46624044 0.05070785
-0.02169329 -0.47374120 0.04518545
-0.02859710 -0.49865848 -0.03593034
0.04722514 -0.46955311 0.01420851
-0.00235560 -0.33775216 0.01815001
0.03276955 -0.45600998 -0.04054099
-0.00193496 0.18334132 -0.00122820
0.03181319 -0.40578100 -0.04048644
-0.04138749 -0.42933169 0.02742511
-0.01402711 -0.31457755 0.00873476
0.05029513 -0.47076613 -0.00259130
0.01000688 -0.46880817 -0.04374555
-0.00307731 -0.26241863 0.00454231
0.04676316 -0.30857626 -0.02628829
-0.05004800 -0.47007856 0.01372464
0.04079258 -0.41016579 -0.01056445
0.03606220 -0.49973363 -0.01781732
0.05238388 -0.46693543 -0.00812758
-0.01802985 -0.31851563 -0.00863970
0.01918090 -0.31909561 0.00392970
0.00340348 -0.41229758 -0.04706480
0.00799024 0.36747608 -0.00306519
-0.04567758 -0.39066982 -0.00660113
0.00075247 -0.31289050 -0.01387530
0.04351518 -0.42170870 0.01276418
-0.04651294 -0.47467571 0.01314835
0.00944926 -0.48055828 -0.04326435
0.00789061 0.50188184 -0.01302560
-0.03942425 -0.43525708 0.03446584
0.01066902 -0.47051784 -0.05262554
0.04924006 -0.48488989 -0.01345060
0.02229354 -0.42178977 -0.03801291
0.00496562 -0.09426174 -0.00555783
-0.01115299 -0.43529767 0.05166479
0.03547237 -0.39326167 -0.03892639
-0.05293822 -0.46644524 -0.02236516
-0.02068887 -0.36697963 0.02342026
0.00267097 -0.20248297 -0.00604854
0.01716267 -0.31529313 -0.00844915
0.03730809 -0.46085030 -0.03972880
0.00938805 -0.45304590 0.04791947
-0.00156679 0.32258284 0.00100156
-0.00054604 -0.07031883 -0.00957054
-0.05187367 -0.45077625 -0.02092292
-0.00105523 -0.34938619 0.03568502
-0.00130649 0.48586059 0.00130672
0.01079702 -0.47320795 0.05076291
0.03766593 -0.48775688 0.03645388
0.03427606 -0.46756583 0.04627684
-0.02151296 -0.46169752 0.04338451
-0.04671517 -0.45883635 -0.02754814
0.04439692 -0.46394372 0.02453820
-0.01084605 -0.47411114 0.05233733
0.00978703 -0.43750387 0.04465057
0.01134740 -0.22169077 0.02045058
0.00399337 0.28856224 -0.00323309
-0.03186185 -0.44899887 0.02965940
-0.00344847 -0.25426394 -0.00777682
0.02021619 -0.35381597 -0.02051203
-0.02656940 -0.46825203 0.04585442
-0.01379086 -0.44676465 -0.04721796
-0.03040821 -0.39962465 0.02275412
0.01823470 -0.36749455 0.02074261
0.02120009 -0.40323386 -0.02551345
0.02511687 -0.17758510 -0.01944674
-0.01736438 -0.32297391 0.00171161
0.03411366 -0.38707820 -0.03123182
0.01840563 -0.48981118 -0.04374934
0.04730212 -0.41984966 0.00809663
0.01988733 -0.47089678 0.04454927
0.00939152 -0.17609790 0.00536734
-0.00510002 -0.35755217 -0.03150185
0.02151266 -0.35055012 0.00679899
0.02127781 -0.28110421 -0.02251808
-0.00626494 -0.23987286 -0.00150979
0.00550841 -0.25658038 -0.01789637
-0.05409449 -0.41912922 0.00433469
-0.03004310 -0.49002472 0.01373778
-0.02833483 -0.35018525 -0.01064048
0.02984846 -0.33730191 -0.00713058
-0.00190021 -0.44250607 0.03946684
0.00937715 -0.23514028 -0.02235092
0.03468216 -0.43573144 -0.04161919
-0.04645413 -0.47088456 -0.01679020
0.00709296 -0.45902285 -0.04792370
0.03907035 -0.35912931 -0.00173121
0.03273933 -0.42155036 0.02824977
0.00627466 -0.28756076 -0.02315233
-0.00784456 -0.10756882 -0.00075626
0.02491107 -0.47422689 0.04931249
-0.00293021 -0.41364336 -0.02692722
0.04157668 -0.47061241 0.01677164
-0.01872151 -0.39528489 0.02192197
0.02982970 -0.40331391 0.03431795
-0.05254410 -0.47703570 -0.01609549
0.04156809 -0.47714356 0.00303613
-0.00260202 -0.16186003 -0.00727895
0.00547284 -0.21964821 0.00023165
-0.03740803 -0.36866176 0.01506749
0.04447895 -0.46784720 -0.03100815
0.02036503 -0.29778349 0.00537204
-0.03129185 -0.36026555 0.02227443
-0.02966457 -0.39569885 0.00891249
-0.00629991 -0.16156977 -0.00608660
0.04598005 -0.49621588 -0.03211605
-0.03957581 -0.42494532 0.02458728
0.03244102 -0.49374446 0.03060630
0.00066820 0.07873076 -0.00443608
0.00388291 -0.05484829 0.00270652
-0.05167011 -0.41801259 -0.02228350
-0.05818515 -0.45276994 -0.00332093
0.01049450 -0.45551527 0.04010581
-0.05092023 -0.44801235 0.01563426
0.05001164 -0.48666385 0.01943408
-0.00999735 0.46766797 -0.00260918
0.00976313 -0.35134619 -0.03308280
0.00660607 -0.17483151 0.00550117
0.00282436 -0.25843418 -0.01594408
0.05110254 -0.46578589 0.01953533
0.02646230 -0.43057868 -0.02787015
0.00382275 -0.45924893 -0.00280844
-0.00220755 -0.46903697 -0.05242724
0.04107482 -0.39240053 -0.00142911
-0.02445977 -0.47829002 -0.04107583
0.01324606 -0.26469430 -0.01283067
-0.03575885 -0.47188538 -0.04143727
-0.01451095 -0.33035290 0.01976177
-0.00086919 0.39636075 -0.00424854
0.02425520 -0.37149894 -0.02443140
0.00960721 -0.04404040 -0.01085314
-0.00256712 0.33248767 0.00037821
-0.03858068 -0.42609847 -0.01729987
0.04106404 -0.42291862 -0.03606896
0.03969893 -0.45655584 0.03673488
-0.00504281 0.09000425 -0.00281665
-0.03696466 -0.36425015 0.00110557
-0.02597279 -0.35327706 -0.01086844
-0.03892974 -0.48135507 -0.02935446
-0.01041971 0.50106609 -0.00091341
-0.05974422 -0.44765323 0.01086877
-0.01959728 -0.40737826 -0.04129976
-0.00613012 -0.24105828 0.00072741
-0.02097803 -0.48758018 0.04522035
-0.01447934 -0.31344825 0.00358904
-0.02371439 -0.46461442 -0.04848363
-0.00660341 -0.32892272 -0.03122306
-0.03115896 -0.41437662 -0.01574020
0.04734465 -0.38625696 0.00628789
-0.04814983 -0.43519849 -0.00733750
-0.02925192 -0.39899573 -0.01628850
-0.00456310 -0.42931175 0.03887382
0.02080377 -0.38428959 0.03288020
-0.02995071 -0.38497496 -0.01213579
0.03867259 -0.34847772 -0.00053877
0.05092874 -0.43805265 0.02801572
-0.01525011 -0.23531273 0.00360013
0.00848242 0.48885047 0.00770601
0.03232983 -0.41500551 0.05038051
0.01258215 -0.47176120 0.05155395
0.00117843 -0.32127798 -0.02158013
0.03441777 -0.39715061 0.03505911
0.00529837 -0.49591374 0.04677356
0.00333008 -0.16636300 -0.00031841
-0.00524545 -0.42741123 -0.04070117
-0.01817785 -0.29926452 0.01066651
-0.02220862 -0.39775088 -0.02905352
0.04157555 -0.38209721 0.00172068
-0.00777929 -0.40863025 -0.04151526
-0.01856953 -0.45645314 -0.04588611
-0.01007642 -0.27887473 -0.01282207
-0.00186597 -0.37462336 0.03937891
-0.02816330 -0.39076281 0.02018954
-0.01271845 -0.28230396 0.01470796
-0.00129643 -0.15926173 -0.01715136
-0.02099250 -0.35054752 -0.00777536
0.03309081 -0.39188993 -0.02153193
-0.03076769 -0.38498288 0.00873542
0.01594727 -0.41901475 0.04893041
-0.04767734 -0.46935162 0.02283213
0.00026538 -0.36607075 0.01861470
-0.02751898 -0.49069855 -0.03547341
-0.01127912 -0.30632862 -0.00301038
0.03850611 -0.46452025 -0.03192489
0.00497320 -0.21696153 -0.00677482
-0.05399299 -0.43306696 -0.02340221
-0.01629756 -0.31404391 0.01710180
-0.01236185 -0.47775733 0.04741259
-0.00089836 0.33593991 0.00038242
-0.05101758 -0.44029692 0.02267513
-0.04252509 -0.38144118 -0.01050063
-0.01529273 -0.41497397 -0.03319349
0.00168461 -0.35257232 -0.03412737
-0.04396609 -0.41333711 0.00496215
0.03351996 -0.36877126 0.00251987
0.03199770 -0.48052716 0.02712285
0.00904075 -0.35302925 0.02727577
-0.00804000 0.28315553 0.00060877
-0.02260547 -0.31709215 -0.01759396
0.00386635 -0.28235981 -0.01930864
0.03194273 -0.48920730 0.00133841
0.04303198 -0.46402031 0.01694516
-0.00089754 0.35654771 -0.00520549
-0.00036878 -0.33830193 -0.02852397
0.00129765 0.46843719 -0.00334626
-0.00662120 0.22046590 -0.00052753
0.05088972 -0.48290393 -0.01916130
-0.01297870 -0.33727938 0.00374856
-0.00228559 -0.17847641 -0.00284127
-0.02841719 -0.31061503 0.01250716
0.00124195 -0.29621333 0.01890654
-0.01472895 -0.28202108 0.01169964
0.04253653 -0.43137079 0.02255971
-0.00637055 -0.47091550 0.04783395
0.03439456 -0.40465438 0.02077634
-0.02114583 -0.43967661 0.04274073
-0.01695661 -0.45084631 -0.04944635
0.00606212 -0.29982078 -0.02224786
0.01393090 -0.25462729 -0.00221961
-0.00014243 -0.41618589 -0.04434790
-0.00301222 0.02178543 -0.00607330
-0.01981175 -0.36440316 0.02057915
0.02673747 -0.40938672 -0.01872184
-0.03416170 -0.42160913 0.00146651
-0.03516212 -0.44195783 0.03053559
0.01945831 -0.30867493 -0.00799579
0.04794512 -0.41765749 -0.03442867
-0.02782737 -0.40961233 0.03449438
0.01649167 -0.23883702 -0.01119368
-0.03382910 -0.35854429 0.00857728
-0.04861534 -0.45952088 -0.01028985
-0.00673299 -0.08124660 0.00369960
0.02929479 -0.36021277 -0.01103926
-0.04358795 -0.47456402 -0.00756456
0.05593106 -0.46506071 -0.01186131
0.03915491 -0.43346491 0.03611951
0.02731191 -0.48004812 -0.02857892
0.04966741 -0.43018448 0.00964346
0.03372959 -0.41476542 0.03616005
0.00527101 -0.22274047 -0.00581994
-0.00651908 0.01734383 0.00243939
-0.03310083 -0.39903095 -0.02139899
0.00352102 -0.18479793 -0.00868325
-0.01098388 0.49676198 -0.01000297
-0.03015056 -0.43382204 -0.03949402
-0.02730799 -0.39129177 -0.03294916
-0.01969355 -0.37875420 -0.02915699
-0.05796273 -0.44131380 -0.00014190
0.01888888 -0.38400075 0.02090608
-0.04926632 -0.47723174 0.00059998
-0.00242755 -0.34411207 0.02169639
-0.02533414 -0.42022547 -0.00408276
0.02327494 -0.38389868 -0.03100689
0.03141235 -0.38919643 -0.03979629
0.01073805 -0.16479400 -0.00142252
-0.03012441 -0.46971005 0.05088585
-0.02088215 -0.43036047 -0.04034971
-0.02591229 -0.46523443 -0.03298423
-0.03184289 -0.43788299 0.05046717
-0.02468014 -0.35007080 -0.00995196
-0.00492275 -0.46524948 0.04684856
-0.00940130 -0.27771756 -0.00611143
-0.01608790 -0.44836447 0.05360533
0.03230204 -0.40146780 0.03651934
0.04272280 -0.48110700 0.00279146
-0.00007584 0.10217424 0.00079497
0.00146456 -0.35557479 -0.02542480
-0.03979284 -0.49215919 -0.00856986
-0.00833671 0.05878191 -0.00195346
-0.01410548 -0.43039456 -0.03369121
0.01083912 -0.44407853 0.04453797
0.04980919 -0.46621019 -0.01879038
-0.01551005 -0.40070096 -0.03294616
-0.03866718 -0.38673618 -0.01852087
-0.04094906 -0.37865278 0.00547288
0.04067182 -0.47380674 -0.03904285
-0.05138815 -0.45367938 -0.00640233
-0.01093287 -0.34790948 0.01118858
0.02328676 -0.44975424 -0.04891061
0.01871303 -0.47756931 -0.04385312
0.03631415 -0.48008254 -0.02439672
0.01568037 -0.37123802 0.02848109
-0.01274185 -0.30998400 -0.02183822
-0.01399229 -0.32132185 0.01711526
0.03981126 -0.38891378 -0.00152017
0.01881726 -0.39933056 0.03353113
0.00870230 -0.27230754 0.01445760
-0.00211863 -0.39386711 -0.04184782
-0.05684052 -0.48971412 0.00323078
-0.05548544 -0.47772780 0.00411388
-0.01775217 -0.32795566 -0.01480099
0.00631599 -0.47752246 -0.04568342
0.00610905 0.25412416 -0.00353974
-0.00576088 -0.28114951 -0.00257991
-0.02961598 -0.46511409 0.03383608
-0.00342245 -0.16211915 -0.01121408
-0.02447714 -0.43504080 0.05315854
-0.00378080 -0.07988316 0.00411843
0.00532637 0.40564233 -0.00260153
0.03055332 -0.35522988 -0.00970314
0.05539705 -0.44533879 0.01039174
-0.00393932 -0.25627145 -0.01668883
-0.00471142 -0.40858716 -0.02733022
-0.00070738 -0.33628416 0.01175079
-0.01284758 -0.21221708 -0.00324857
-0.02884849 -0.47115570 0.04650643
-0.03264935 -0.34788236 -0.01542733
0.03589490 -0.36321381 -0.01491543
-0.04098742 -0.47654632 0.04205856
0.03750920 -0.48840961 0.03330710
-0.03159955 -0.45943779 0.03384960
0.01399245 -0.27024627 -0.02403614
0.00685837 -0.35380784 -0.03280129
-0.02672442 -0.46113774 0.04550526
0.01374516 -0.49612969 0.04532905
-0.00519504 0.50098646 -0.01375035
-0.00092648 0.34762377 0.00490044
-0.03268343 -0.39147532 -0.01473199
0.00234693 0.48626179 -0.00707715
-0.01887595 -0.42774194 0.04050649
0.00688710 -0.25597429 -0.03355197
0.00536792 0.03133909 -0.00078929
0.03981462 -0.43906665 0.00894445
-0.01289881 -0.40442839 0.02420567
0.02007863 -0.37242284 0.03655761
0.00462060 -0.43009800 0.04772665
-0.05088059 -0.46819288 -0.02919173
-0.01244690 -0.43793857 -0.04766621
-0.00515300 0.26342100 -0.00318311
-0.02987512 -0.44342658 0.03947271
0.04807939 -0.46510574 0.03027290
-0.00163451 -0.33960453 -0.00898348
-0.03623737 -0.46438944 -0.04020942
0.03860587 -0.36458611 0.00161865
-0.04246204 -0.45076892 -0.00692586
0.02241286 -0.46556178 0.05235599
0.02414303 -0.20766573 -0.00702133
0.04887232 -0.43383276 0.02200219
-0.05192637 -0.43783119 -0.01061003
0.01226409 -0.31762207 0.00191703
-0.03032924 -0.45145008 0.04420654
-0.04988602 -0.48479158 0.00015449
-0.04828626 -0.46803281 0.01546252
-0.01363282 -0.32533139 -0.00698953
-0.04098117 -0.40307322 0.00432203
-0.03130838 -0.43320635 0.03501919
0.00840559 -0.17263713 -0.00927597
0.01842997 -0.38942054 0.00253465
0.01033159 -0.43893737 -0.04855150
0.05676557 -0.42704540 -0.00977053
0.04289388 -0.47196820 -0.00442342
0.03431504 -0.33805805 -0.00109538
-0.00839416 -0.41146940 -0.04060182
0.00433408 -0.25304449 -0.00294523
-0.00056069 -0.08860031 -0.00842946
-0.00828477 -0.34401256 -0.01748172
-0.00396233 -0.36687723 -0.03254331
-0.03428634 -0.46183842 -0.03074782
-0.03664040 -0.48490795 -0.01847418
-0.03190603 -0.33985984 -0.00628487
0.04804121 -0.49645913 0.01085390
0.00873121 -0.48924378 0.04990936
-0.05426196 -0.46074429 -0.02144743
0.03850415 -0.43440774 0.03191899
0.05726406 -0.48406067 -0.01886581
0.03521702 -0.42044371 0.03584929
-0.00926450 -0.38420504 0.02430567
-0.03337498 -0.47521749 -0.04379406
-0.01757018 -0.47450125 -0.04935579
-0.01564779 -0.44415769 0.05255278
0.02764096 -0.29560554 -0.01143913
0.01648501 -0.08029674 0.00813625
0.02861380 -0.37929010 -0.00154937
0.03528550 -0.43868586 0.02821313
0.01184040 -0.48524123 -0.05068775
-0.00283875 -0.18294628 -0.00020624
0.03658463 -0.38741598 -0.03165511
0.03789523 -0.34476963 0.00579827
0.01606001 -0.48455513 -0.04406792
-0.00732002 -0.37598920 -0.03411080
0.02400685 -0.35167027 -0.01468620
-0.03481012 -0.44653106 0.03434947
0.04667152 -0.40878418 0.01282609
0.00876116 -0.08661658 -0.00589555
-0.01283831 -0.22349769 0.00012362
0.05203829 -0.46370021 -0.01852774
-0.04511122 -0.42276901 -0.02834264
0.02877357 -0.48187575 -0.02819190
0.03577381 -0.39681438 0.02871591
-0.00204494 -0.16123514 0.00415314
0.02158356 -0.40346047 0.01982933
0.00420067 0.23715764 -0.00435115
0.00048288 -0.17740668 0.01318118
0.00689438 -0.18350665 -0.00412014
-0.00045971 -0.44103608 -0.04669046
0.04507631 -0.48480439 0.01008273
-0.00455976 -0.41448355 -0.03999843
0.03350248 -0.41221803 -0.02781562
0.02007952 -0.42673522 -0.04014504
0.00934640 -0.08937356 -0.01172647
-0.01630390 -0.38191330 0.04194226
0.01812151 -0.30857128 0.00204928
-0.02995088 -0.40994805 -0.04392653
-0.04620304 -0.42573139 -0.02984957
0.00007374 -0.32068896 -0.00006631
-0.00188394 -0.36895210 -0.03329934
-0.02227777 -0.32860523 -0.00616547
0.01251841 -0.45645523 0.05609772
0.04419230 -0.39965823 -0.01528265
0.00351884 0.15031433 -0.00406210
0.01783487 -0.46515796 0.04460244
0.00769156 -0.15488976 0.00753272
-0.03911426 -0.39905617 -0.00810042
-0.00588340 0.31048363 -0.00361013
-0.03450980 -0.38323027 -0.01442135
-0.03193523 -0.44426131 -0.02930998
-0.01244456 -0.40282297 -0.02814377
-0.04901984 -0.47766256 0.01133690
0.01426215 -0.34886098 -0.04011251
-0.04451166 -0.43557978 -0.01462148
0.03867960 -0.41236195 0.02337611
0.00707037 0.25682792 0.00410528
-0.03822700 -0.44826257 -0.01644194
-0.05259829 -0.42950520 -0.01025426
-0.00325915 -0.17907774 -0.00718700
0.01708263 -0.46718171 -0.04667163
0.04060147 -0.48684287 -0.03063636
0.01168259 -0.29816556 -0.00852077
-0.00163537 -0.13305241 -0.00727363
0.01443432 -0.43757296 0.04597105
0.04762542 -0.43676901 -0.02329756
0.03122833 -0.47116524 -0.04313544
0.01191093 -0.18900822 -0.00195393
-0.00126180 -0.48261201 -0.04521045
-0.03450440 -0.47337210 0.03684923
0.01523109 -0.43982285 -0.04863102
0.03048968 -0.42694539 0.05180280
0.00096098 -0.30456147 0.00279307
0.03062270 -0.43086436 0.02994310
-0.00528505 -0.44286007 -0.05537139
-0.03710764 -0.45355514 -0.04181094
0.00324018 0.26399347 -0.00204752
-0.00290947 -0.21705359 -0.00184650
-0.00610354 -0.19327685 0.00594086
0.01909070 -0.41126209 -0.04333442
0.03715850 -0.45381281 0.04109482
-0.01538643 -0.30085588 0.01463102
0.01445425 -0.31268674 -0.01747363
0.04315107 -0.45125806 -0.02522836
0.02147101 -0.35579774 -0.01287758
0.02113375 -0.42280698 -0.04107120
0.00818901 -0.26527801 0.01336024
0.00270185 -0.19604243 -0.00895297
-0.00955033 -0.40747482 -0.03876258
0.00231607 -0.23441659 0.00531237
-0.02743410 -0.48549831 -0.04386271
0.04159384 -0.47326285 -0.01783275
0.04781625 -0.44144639 -0.02592275
-0.01638631 0.50295514 -0.01044602
-0.00929288 -0.43096423 0.04604520
0.00353393 -0.39130333 0.03712934
0.04180126 -0.37372205 0.00057105
0.00039054 0.15364297 -0.00523710
-0.00563253 -0.32503068 0.00850677
0.01628649 -0.28351671 -0.00282147
-0.03275527 -0.40216288 0.03397265
-0.00093827 -0.20119284 0.00549129
0.04158131 -0.44648948 0.01824259
-0.04514607 -0.46109635 0.03322140
0.03025781 -0.40060434 0.02603270
0.01770272 -0.24984589 0.00959384
-0.01490821 -0.37599188 0.02397940
0.02798513 -0.44327036 -0.04402638
-0.00675645 0.28539890 -0.00477202
-0.00428940 -0.37465444 -0.03341033
-0.00382331 0.41084772 -0.00330048
-0.04054389 -0.40773490 0.01492439
-0.02106736 -0.38450506 -0.03132442
0.01793176 -0.32440764 0.00550104
-0.00392132 -0.29860377 0.03286969
0.01126374 -0.42282265 -0.04040565
0.01293293 -0.38821447 0.02492588
-0.04233348 -0.45509398 0.03328019
0.01362630 -0.34150609 0.01559944
0.00595479 -0.27003059 -0.01507399
0.00523312 -0.23957935 -0.00044504
-0.04672198 -0.41395107 -0.01869675
-0.01503334 -0.47719052 0.04766166
0.00978631 -0.24110964 -0.00593582
0.04228606 -0.45857599 -0.02951680
0.04315452 -0.43870574 -0.01567863
-0.00116534 -0.44125727 0.04276618
0.04263990 -0.45062879 -0.00460075
0.03351578 -0.37002617 -0.01365022
0.04267296 -0.45555937 -0.02106382
0.00378706 0.36587560 0.00273859
0.02021823 -0.39338565 -0.03779590
-0.00600496 -0.43250379 0.04433685
0.00802735 -0.36636397 0.03448946
-0.01146958 -0.32783955 -0.00459535
-0.02834993 -0.44235963 -0.03988136
0.02556527 -0.30706432 0.01517094
-0.00530857 -0.37330109 0.03295599
0.00663849 -0.45391443 -0.00436128
-0.02897889 -0.45500767 0.05005445
-0.00987909 -0.47167993 -0.03472226
-0.00079405 -0.34340373 -0.02287584
0.01631161 -0.44034985 0.05547472
0.00002336 -0.34741387 -0.02124856
-0.05613616 -0.41839397 0.00796177
-0.01514599 -0.40508789 -0.02874103
-0.01584697 -0.34153435 -0.02931083
0.04705025 -0.45648304 -0.02605726
-0.03877722 -0.47019380 0.03443744
0.00093127 -0.28891727 0.01910423
0.03795226 -0.37479240 0.00120385
-0.00487902 0.39577439 0.00002434
-0.02925504 -0.39756453 0.03946253
-0.01950055 -0.43079349 0.05123229
0.03017199 -0.36816204 -0.00467877
-0.02406614 -0.47325930 0.04983879
-0.02301014 -0.40730706 -0.04295190
0.05586068 -0.45268509 0.02100164
0.01162474 -0.49411255 -0.04851832
0.00808952 -0.22773631 0.00852970
-0.00498667 -0.41509342 0.04208885
-0.01489597 -0.37246409 -0.03200575
0.00236042 -0.31930241 0.01659567
0.00674108 -0.38466409 0.03208429
-0.05056337 -0.49955007 -0.02384221
-0.00377852 -0.16687600 0.00638241
0.00800488 -0.34657162 0.00569373
0.00714003 -0.28160256 -0.03599668
0.00306576 -0.29630846 -0.02513341
-0.02595264 -0.30135468 0.00254101
0.03679245 -0.48266885 0.03367244
0.01862311 -0.30113572 -0.00538701
-0.04782971 -0.42121336 -0.01062005
0.04985515 -0.47124374 0.02864165
0.04933996 -0.39523134 0.01210729
-0.04687775 -0.43233967 -0.00264404
-0.00960321 -0.38263401 -0.05052131
0.00127731 -0.22882113 -0.01378335
0.00881467 -0.13729642 0.01933318
0.02779312 -0.41631767 0.03722869
0.01076984 0.49408856 0.00221996
-0.05404337 -0.46018851 -0.00388819
-0.03382668 -0.49594480 -0.01816849
-0.05398696 -0.42441747 -0.01227852
-0.02696680 -0.32772112 -0.00201226
0.01961446 -0.29446188 -0.01129524
-0.04319400 -0.45863062 0.01699078
-0.01175242 -0.26471084 0.00565888
0.02945811 -0.41885310 0.02635483
0.05100429 -0.48975208 0.01869435
0.04311725 -0.46689144 0.03612401
-0.05220551 -0.45809481 0.01850374
-0.01044146 -0.27001429 -0.01892378
-0.01648182 -0.44918379 -0.04884120
0.03333379 -0.41729504 0.01636974
-0.02698436 -0.39764637 -0.04172030
0.01139379 -0.15396592 -0.01058597
0.00868770 -0.45982373 -0.05088882
0.02296078 -0.37187728 0.00624403
-0.00778652 -0.34120852 -0.01353684
-0.03769615 -0.40494719 0.02049338
-0.00477626 -0.23524508 0.00102944
-0.05257853 -0.42478380 -0.00263016
0.03199485 -0.48725834 0.04773085
0.01981225 -0.36330259 0.03335053
-0.01243660 -0.45097792 0.05184323
-0.01656372 -0.43566367 -0.04211691
-0.04400677 -0.46763441 0.04013073
0.05123607 -0.46828663 0.00472169
-0.01193104 -0.27662539 0.01251131
0.04545892 -0.42779008 0.00558576
-0.04354453 -0.45574480 -0.01133846
-0.00072748 -0.03919977 -0.00173606
-0.00390984 -0.33619171 -0.01707355
-0.02308777 -0.37796780 -0.02310410
0.03888378 -0.35640824 0.00397317
0.02330117 -0.35082868 0.00469664
0.01362247 -0.40101168 0.03872617
-0.03316071 -0.40914437 -0.01561571
0.02394988 -0.46066514 0.05088123
0.01337455 -0.24537453 0.01937191
-0.00613799 -0.37451202 -0.03979437
-0.05404251 -0.40181097 -0.02166528
0.06064246 -0.46070081 -0.01828724
0.00243186 0.10157716 0.00180567
0.03093134 -0.49363670 -0.02309771
0.05755961 -0.45941028 -0.00661463
0.01139107 -0.22320335 -0.00254282
-0.04801485 -0.45911464 -0.03121849
-0.05303294 -0.48441318 0.00090917
0.05180116 -0.47225779 -0.01751263
0.01074017 -0.32636216 0.00881265
0.00325465 0.18243137 -0.00056860
-0.02691535 -0.41235867 0.02117555
0.00899531 -0.29927343 0.02537221
0.04618198 -0.48689020 -0.01934098
-0.00337656 0.47653791 -0.00793611
-0.03213362 -0.42412689 -0.03161842
-0.03500132 -0.43471411 -0.04148112
0.02330009 -0.42887047 0.02786927
0.05210969 -0.41674376 0.00424707
0.02050794 -0.31114930 0.00786581
