-0.20502105 -0.27351037 0.08484085
0.19652289 0.07479149 0.01664092
0.04606993 -0.22972783 -0.07830609
0.03948659 -0.28165519 -0.07824048
-0.28592381 -0.28589326 0.01400259
-0.17928246 -0.30353060 -0.07965603
-0.21850979 -0.18548626 0.05689507
0.22076944 -0.25020874 0.06738383
-0.03214542 -0.09140165 -0.00005764
0.03306749 -0.30294630 -0.08570369
0.05387308 -0.16515854 -0.08033806
0.03774815 -0.08194432 0.09423710
-0.22051316 -0.29740074 -0.07970350
-0.04704833 -0.24546282 -0.07589234
0.21012659 -0.25868848 0.05972652
0.18973772 -0.27801102 -0.07568279
-0.06925444 -0.32608479 0.00658260
0.17578548 -0.31423786 -0.02363811
0.14440481 0.07001002 0.01905175
0.05710873 0.10761589 0.06454451
0.27435842 -0.27208695 -0.03285540
0.05352541 -0.32161883 -0.04282807
0.29921973 -0.20104799 -0.02583580
-0.09785257 -0.33026576 -0.04705840
0.12665369 0.15678024 0.02444620
0.20091507 -0.03886715 -0.00708028
-0.14356360 -0.23136801 0.08358106
0.17324014 0.09269962 0.06653224
-0.24720246 -0.09517614 0.02470180
0.29551399 -0.22148073 0.01282034
-0.03083508 -0.25358629 0.06309549
0.29492673 -0.20493326 -0.03965801
-0.02843252 0.09485433 0.00047290
0.22443758 -0.09669400 -0.00633325
-0.04745308 -0.30308247 0.03041039
-0.10416190 -0.21483611 -0.10849056
0.21479155 -0.32257390 -0.03447462
0.01579596 -0.30553544 0.07260254
0.07814382 -0.32828888 0.02351682
0.16423742 0.03290294 -0.11743528
0.04187029 -0.23890623 0.09088790
0.12118058 -0.32310602 0.02660167
0.01927378 -0.21082790 -0.05819289
-0.04231773 -0.32053867 0.06406683
0.17209260 -0.23810343 0.07893417
0.27162886 -0.24057247 -0.03967600
-0.08172279 -0.26657623 -0.10286794
0.12902074 -0.21157442 0.09756353
0.03356830 -0.08376055 -0.03930980
-0.16607147 -0.22457606 -0.07623176
0.08947299 0.23995109 0.02014362
0.27613351 -0.21617723 -0.05755494
0.23420267 -0.30247390 -0.04399236
-0.01856682 -0.30561316 0.08792898
0.15142226 -0.28304371 -0.09501437
0.22758810 -0.17867112 -0.07366879
-0.22799416 -0.19481039 0.04810192
0.01066562 0.04163268 0.00801842
0.24287379 -0.22977978 -0.00458140
-0.10420636 -0.29575941 -0.01756548
0.21940486 -0.17098844 0.07244209
0.20666538 -0.19834538 0.07852381
-0.01822429 -0.27727878 0.02492807
-0.05665779 -0.07228611 0.00529112
-0.12486365 -0.19925788 -0.09822014
0.02567632 -0.30599859 0.05460146
0.01719821 -0.24905156 0.00564590
-0.11448200 -0.23049971 -0.08151241
0.01397231 -0.23851708 -0.00157969
-0.25398159 -0.13224252 -0.00976701
-0.31916109 -0.23526390 -0.03418842
0.05493160 0.02733642 0.00103631
-0.06152216 -0.08971417 0.03194358
-0.29318807 -0.27943414 -0.03952966
-0.12546669 -0.21117604 0.08639868
0.03240187 -0.32805735 0.00697358
0.16005884 -0.33140647 0.01352660
-0.20091876 -0.20396832 -0.08383880
-0.06735858 -0.28609347 -0.08344650
0.16531000 -0.03676986 0.00182875
0.00282686 0.03234250 0.05662680
-0.16418537 -0.21459433 -0.08910229
-0.01550805 -0.24026532 -0.07852557
0.20834126 -0.22566827 -0.00080122
0.10008928 -0.28891045 -0.09685623
-0.02062922 -0.27505276 -0.07775133
-0.20529693 -0.20022535 0.09305093
0.22176069 -0.19690436 -0.06577225
-0.09668317 -0.30116668 0.07823095
-0.15623234 -0.23882261 0.08985937
0.04856554 -0.32654229 0.06192016
0.02459896 -0.30630860 -0.08123688
0.16285941 -0.09359702 0.00606144
0.16072759 -0.32748994 -0.06217783
0.28082114 -0.22446714 0.05283054
-0.09186590 -0.26877072 0.06666520
0.19888243 -0.23622909 -0.08562605
0.04997210 -0.19276012 -0.05660874
-0.10696542 -0.16215095 -0.06873752
-0.24593467 -0.19212689 0.08002494
0.11052535 -0.17792146 -0.11236326
0.10615381 -0.29942814 -0.04120539
-0.32223073 -0.19446555 -0.05069816
0.10779306 -0.17537442 -0.06314782
0.05752820 0.13628004 0.04930768
0.03692780 -0.25991017 0.09286767
-0.12897424 -0.19135456 0.07640054
0.30840212 -0.15646897 -0.01558691
0.01582740 -0.21143666 0.10411050
-0.07051022 -0.31111071 -0.01771142
-0.32625395 -0.18999784 0.04724234
0.01313504 -0.20465724 -0.05479037
0.05212718 -0.26523536 -0.08125027
-0.14118087 0.15158400 -0.02148920
0.01456938 -0.22663425 -0.09106240
0.14577520 -0.25439402 0.02542542
-0.07036451 0.07467371 -0.01629122
0.04650848 -0.24537635 -0.09520034
0.19938903 -0.19009386 -0.04575592
-0.10067207 -0.08520053 -0.02355772
0.11623643 -0.20570062 -0.10693756
-0.15074025 -0.22338480 -0.09448628
-0.25335068 -0.12310112 -0.00248973
-0.04807485 -0.15284617 0.01011522
-0.07545313 0.11961244 -0.06903530
-0.26909223 -0.09772826 -0.05244145
0.22561684 -0.22753358 -0.08070691
0.22799639 -0.21070781 -0.05400053
-0.02633509 0.00808982 -0.09160335
-0.22877300 -0.26532343 0.06169710
0.31200564 -0.21739694 0.03479245
0.09532861 0.06846301 0.03677132
-0.19828101 -0.31769130 0.06605891
-0.13628100 -0.26053256 -0.08625878
-0.20456870 -0.25883150 -0.08776245
0.14291047 -0.28173858 -0.03239318
0.03603324 -0.23668070 -0.10312944
-0.09474100 -0.22137901 0.09730718
-0.27360922 -0.17160903 0.03927614
-0.23449849 -0.15734534 0.01851424
0.22465211 -0.24746765 0.04883597
0.03250854 0.04866947 -0.01661844
-0.19962290 -0.31822142 -0.02521973
0.12631480 -0.20474927 -0.11239682
-0.03457903 0.20843041 -0.07704461
0.15165380 -0.02425310 -0.00479404
0.14022745 -0.13712856 -0.01561336
0.20373094 -0.09333696 -0.03718874
-0.04526938 0.19330069 0.04382101
-0.04646862 -0.26339626 -0.07853503
-0.04449635 0.11765409 0.04091430
-0.00706223 -0.02665696 -0.02433114
-0.32779989 -0.17681248 0.03130702
-0.21554069 -0.26519284 -0.02006462
-0.26910320 -0.27351391 0.08894102
0.04675519 -0.20774026 -0.00678578
0.16349837 -0.27580950 0.08647538
-0.29946995 -0.20620815 -0.05355939
-0.05525885 -0.15402992 0.00237565
0.03823066 0.23770499 0.03171255
-0.28006810 -0.04690877 0.01773166
-0.18418166 -0.21618517 0.11914933
-0.05047874 -0.02518259 -0.02947903
-0.03369192 0.20775016 0.06637827
-0.01138858 -0.15241912 -0.01314021
0.03933882 -0.26841515 0.06353591
-0.26223254 -0.02265561 0.01293257
-0.01580314 -0.04959588 -0.14181970
-0.02051853 -0.31719878 -0.03701321
0.06858095 -0.24141069 0.00712961
-0.09666363 -0.21391729 0.08301491
0.23541732 -0.23130390 0.05334114
-0.04717718 0.23870419 -0.07350022
0.15183896 -0.22071752 -0.05188892
0.04425120 -0.18227454 0.08998720
0.20644967 -0.30064589 0.02412815
-0.02040108 -0.19538558 0.09032436
-0.09749468 0.07092523 -0.02521967
0.10252305 -0.26950273 0.09956454
0.13660091 0.12889010 -0.02406744
0.13342187 -0.32168230 -0.00944531
0.20805109 -0.12175284 -0.10268997
0.00803648 -0.30385533 0.06677143
0.15009910 -0.06727757 -0.01432859
0.22184744 -0.29333681 0.01033358
-0.04805060 0.30470264 0.02989485
-0.10135148 -0.25054860 0.06418098
-0.06265824 0.27613318 -0.00644986
0.24901666 -0.27939859 -0.00722908
-0.13220750 0.14792368 -0.02647237
-0.29000986 -0.17197482 0.05772884
-0.08806136 -0.22022736 -0.08767438
-0.32901269 -0.11428862 -0.04801048
-0.06028167 0.10718410 -0.03046872
-0.18251282 -0.23567493 0.10603122
0.12704736 -0.17883427 0.03427240
-0.01063652 -0.26167560 0.05276093
-0.17599341 -0.30814761 -0.06982002
-0.05061270 -0.04273648 -0.00382039
0.01197566 -0.19021022 0.09568196
-0.12680288 -0.27669403 0.05855834
-0.02623482 -0.29811969 0.08222144
-0.06577638 -0.29457039 -0.05795413
0.09146258 -0.14903095 -0.02743723
0.11178272 -0.33572981 -0.01048620
0.19293123 -0.26537856 0.04169122
-0.29633927 -0.21086256 0.04119292
-0.24237061 -0.22812487 -0.08521798
-0.18757567 -0.27445126 -0.09553315
0.00684141 -0.25560102 -0.08528557
-0.06238155 -0.24878614 -0.06260987
0.21096437 -0.31806785 -0.02653546
0.20385730 -0.28259936 -0.04778506
-0.21066794 -0.24197772 -0.08877856
0.17717503 -0.17503753 0.08893497
-0.14626518 -0.27744684 -0.08068828
0.12640055 0.16802484 0.01844601
-0.13492879 -0.24245328 -0.06458993
0.07873981 -0.23864830 0.09994292
0.15462722 -0.23823695 -0.09075118
0.12374215 0.20701429 0.01172349
0.16958742 -0.28444406 0.08266357
-0.06078251 -0.22674355 0.05021339
-0.32929593 -0.13325849 -0.00940296
0.18402469 -0.00718812 -0.01169690
0.26366091 -0.10989001 0.01645170
0.15062064 0.00175804 0.01855917
0.15850984 -0.21311715 -0.08301732
-0.08462909 -0.20151876 0.09059388
0.26169360 -0.14952551 0.03061273
-0.01460583 -0.31013456 -0.08447126
0.06449936 -0.30250537 0.05600539
0.00015270 -0.13938665 -0.02954042
-0.17959346 -0.24744743 -0.09059343
0.04858433 -0.20947760 -0.11407351
-0.09712154 -0.21151842 0.10072145
0.13520437 -0.19028538 0.10033968
-0.04227483 0.32237208 0.01805176
0.15615101 -0.20501764 0.01714032
0.23547678 -0.20900582 -0.05526596
-0.02183978 -0.28226748 -0.08794266
0.25565377 -0.25278747 -0.05561588
-0.15070871 -0.32292199 -0.01744226
-0.12023059 0.18665151 0.00271896
-0.06446365 0.03700097 -0.02306527
-0.00591894 -0.27960864 0.06609239
-0.12212567 -0.24943104 0.06857095
-0.20327368 -0.29451647 0.03378953
-0.28760889 -0.25714910 -0.01732037
-0.17568378 -0.26994216 -0.08629829
0.15570316 0.13454337 -0.10829553
-0.28466126 -0.23001838 0.10037731
-0.05589438 0.28165281 -0.01187833
-0.25450283 -0.12793469 -0.05543415
0.09246479 -0.17785630 -0.05812967
0.04170528 -0.15761368 -0.11023864
-0.27592766 -0.30576044 -0.00005815
0.12408078 -0.16698425 0.11012776
0.14785892 -0.19241914 -0.10595506
-0.18003541 -0.21658063 0.06236169
-0.07451373 0.23260030 0.00522760
0.22465575 -0.27154997 -0.09619593
-0.01144342 -0.27748665 0.06619208
-0.24642104 -0.17675276 0.02901566
-0.14641665 -0.24970688 -0.10126310
-0.07277360 -0.32697645 -0.00657161
-0.13721691 -0.31199324 -0.02167708
0.09359276 -0.30815232 0.04526251
0.14823101 -0.21060340 0.07686972
0.15310280 -0.33117467 -0.03732712
-0.11796125 -0.16673368 0.10082997
-0.02528401 0.19628739 -0.07712037
0.13913000 -0.31739458 0.05282946
-0.20245835 -0.29711884 0.06443251
-0.26449540 -0.08006538 -0.05813747
-0.16454306 -0.21125486 0.09929467
-0.04905079 0.09354144 -0.10909481
0.15541649 -0.28459734 0.08855721
0.04261536 -0.23402762 -0.08270736
0.24115387 -0.20981514 -0.05209788
-0.27516025 -0.03213145 0.00927932
-0.05139196 -0.06994884 0.13557978
-0.11849339 -0.30665201 0.02412978
0.05405647 -0.20254445 0.07995314
0.32099766 -0.20573713 -0.02166998
0.17813699 -0.24550225 0.06371876
0.10947172 -0.28621769 0.05260866
0.01192697 -0.23753835 -0.08623304
0.07136598 -0.25912365 0.07228449
-0.02156916 0.10950491 -0.08496203
0.17846367 -0.12266270 0.02561104
0.15891080 -0.12097746 -0.09664821
0.00389035 -0.23735857 -0.07994864
0.29482719 -0.15920454 -0.04274419
-0.07914326 0.25339746 0.00080697
0.21651813 -0.17150879 0.07408795
0.06346047 -0.17967907 0.08785024
0.01247296 -0.32793924 -0.02697041
0.29093799 -0.21958978 -0.06212762
0.21683612 -0.30407393 -0.00627098
-0.00436776 -0.19840598 -0.05493509
-0.31569153 -0.20950666 0.06479691
-0.32145014 -0.17975339 -0.04503267
-0.20498331 -0.24506783 0.10307036
0.30728781 -0.20610148 0.01586394
0.27287054 -0.26857042 -0.00643927
-0.04518811 0.14952049 0.00729781
0.18019871 -0.28551731 -0.03876188
-0.19861019 -0.21181257 0.09699848
0.30133447 -0.21095009 -0.00882586
-0.02900329 -0.28249851 -0.08746703
-0.13730717 -0.28420722 0.09936533
-0.16841878 -0.24013363 -0.09065934
-0.12316531 -0.23371601 0.08881184
-0.01709319 -0.12873477 -0.03605111
0.22351420 -0.24455148 -0.07292150
0.25952646 -0.27059832 0.00066565
0.02318974 -0.24335006 -0.08598253
-0.07101972 0.17328043 0.02672607
-0.04780131 -0.24486938 0.04949293
0.30712903 -0.22456788 0.02914877
0.12474198 -0.11599690 -0.03388527
-0.19643825 -0.22967771 0.09496142
-0.18557581 -0.29817092 -0.00723786
0.06540308 -0.23286390 -0.04755425
-0.29097533 -0.26032129 0.01338685
-0.16044028 -0.20605180 0.06944165
0.12668128 0.12886503 0.02739703
0.05280361 -0.15568621 0.05807371
-0.02531163 0.17303850 0.04905954
-0.12473332 -0.17209339 -0.08090154
-0.05034188 0.18299377 0.11568566
-0.06335999 0.29367262 0.03019236
0.11821313 -0.18184058 0.00293177
-0.11298580 -0.24774761 0.04684709
0.01298676 -0.32686055 0.02197086
-0.10915522 -0.20620978 -0.08813319
-0.28030005 -0.12457972 0.02364767
0.12851462 -0.21438627 0.04196495
0.01705505 -0.03274852 -0.02715718
0.29927307 -0.13627869 -0.06014818
-0.10851079 -0.26674417 -0.09209900
-0.04231357 -0.08071781 0.07916835
-0.18157628 -0.27631673 -0.09059031
-0.05446272 -0.29484653 -0.07571933
-0.03912567 -0.23554642 0.08566502
-0.16182424 -0.26412386 0.10047421
-0.28928277 -0.16398855 0.08117151
0.08743139 -0.25990546 -0.09644886
0.02793961 -0.24487413 0.02208375
-0.17647772 -0.18109916 0.09993267
-0.12018173 -0.23491316 0.07510673
0.10477212 -0.12416616 -0.03595992
0.11421598 -0.25774676 0.05685033
-0.29681295 -0.25796807 -0.02115434
-0.18950391 -0.31962609 0.02488671
0.12149813 0.13716578 0.00287162
-0.13694641 -0.14842972 -0.06611592
-0.06455480 -0.24132204 -0.01610145
-0.01048980 0.31235522 0.01197127
0.08239737 -0.32007125 -0.00200461
-0.03019898 -0.27471191 0.05236772
0.06769886 0.10609229 0.06259361
0.21580401 -0.07898588 0.06695753
-0.08375737 -0.24093132 -0.07972406
-0.16177596 -0.30821666 0.00661695
-0.00094329 -0.22164929 0.08052412
-0.04076637 0.28760955 0.01267747
-0.13925311 -0.20039853 0.09765150
-0.25866294 -0.29023242 -0.03978318
0.03134578 -0.27270260 0.08326874
-0.19853197 -0.16141029 0.08395989
0.22929519 -0.20686927 -0.04947266
0.07329203 -0.31105706 0.06637336
-0.14218989 0.14372799 -0.01510599
-0.04141925 -0.10563248 0.03906215
-0.06589252 -0.20511018 -0.10626252
-0.27228191 -0.14626008 -0.08097741
0.24613066 -0.20744269 0.08146988
0.02362321 0.28810954 -0.02276383
0.20494989 -0.28580597 -0.06300192
0.01761143 -0.17638601 -0.06705090
-0.04129352 -0.29244030 -0.07549988
-0.13101669 -0.32124171 -0.00841931
0.04812558 -0.30077603 0.08266991
0.15522110 -0.32610929 0.04034524
0.01266267 -0.28352758 0.05223618
0.08751605 -0.31384844 -0.05938950
-0.21102223 -0.25953829 0.07206959
-0.22414081 -0.32069406 -0.02208118
0.23162042 -0.16954827 0.07018976
-0.07464053 0.20061013 0.01329468
0.19069688 -0.30407065 -0.08597441
0.04918776 -0.27535945 0.06123578
0.04079378 -0.16581990 0.04208361
0.03351106 -0.10836557 -0.09662293
0.19045290 -0.12152994 0.12197668
0.21663336 -0.23014212 -0.08348936
-0.07690309 0.05652244 -0.00731109
0.20905715 -0.15859036 0.04931555
-0.01140145 -0.20582484 -0.07732291
-0.06747174 -0.14597629 0.06198310
0.28259045 -0.23171856 0.02349694
0.00617398 -0.03049986 -0.01553022
0.19447118 -0.31889826 0.01202771
-0.00755224 -0.33165756 0.00628314
0.29222134 -0.15013877 -0.00099866
0.11512269 -0.29253402 -0.07545237
0.13892475 0.16758208 0.00448450
0.02499373 -0.30801466 0.06033178
-0.02141962 -0.24029909 -0.09480629
-0.19163431 -0.28117111 -0.06758723
-0.04863790 -0.20837359 0.08904593
0.06293823 -0.26099101 -0.08443104
-0.03912925 0.24742275 0.02772193
-0.29416254 -0.15943685 0.05586204
-0.08060536 -0.24797888 0.05127540
-0.12138146 -0.20365427 0.04345297
-0.04950165 -0.19154793 0.07457720
0.02944453 -0.29662886 -0.09778187
-0.18045843 -0.18252601 -0.03044447
0.03582723 -0.28880382 0.08196634
0.00051736 -0.26572272 -0.02611934
0.29224056 -0.17304817 -0.02150453
0.26239395 -0.21537517 0.07824515
0.03537993 -0.06769140 -0.10044355
0.12455083 -0.32779157 -0.04224446
-0.30489320 -0.09709344 0.00183275
-0.26198894 -0.27255180 0.07141510
0.10368689 -0.27056450 0.06779633
-0.04525585 0.30004093 0.02935198
0.13181971 -0.27340877 0.06440255
0.24907407 -0.26199973 -0.08523732
-0.18743478 -0.26583251 -0.09566968
0.01629989 -0.09648415 0.04745422
-0.10660724 -0.23213486 -0.09056821
0.10824785 0.04548229 0.04120770
0.11090026 -0.08148238 -0.00605512
0.06842167 -0.07017577 -0.01632262
0.26791108 -0.27778184 -0.01302365
-0.25475356 -0.15374354 -0.01132018
0.08475444 -0.32177854 -0.01695946
-0.21220641 -0.30733415 -0.02245707
-0.12660444 -0.24163978 -0.09058484
0.15133743 0.01332671 -0.00072094
0.10132456 -0.31600809 0.04451027
0.10705242 -0.33036816 0.03191382
0.30199081 -0.11800855 -0.01082272
-0.01107033 0.08550689 -0.00864040
0.18534075 -0.29530984 0.03587447
-0.05460489 -0.32599798 -0.00044241
0.24517310 -0.19983368 -0.07872536
-0.05181167 -0.30518016 -0.01594645
0.16664332 -0.32943764 -0.01448280
-0.20684031 -0.28142953 -0.06943048
0.12308566 -0.22732404 0.08372655
-0.02077475 0.07741474 0.08525621
0.32270199 -0.23019831 -0.00930133
-0.08918609 -0.25440380 -0.04808006
-0.05643269 -0.19222336 0.00549584
-0.04494259 -0.18961066 -0.00886210
-0.09510817 -0.23813893 -0.08185646
-0.30462724 -0.26552823 0.00082554
0.23189121 -0.19103296 -0.06391405
0.21565062 -0.12286424 -0.08137131
-0.24591008 -0.25385302 -0.06541881
-0.02893058 -0.23075126 0.10992216
0.04091717 -0.17619801 -0.02265328
0.08692421 -0.29468068 0.08129290
-0.00281079 -0.33628023 0.04601964
0.13759625 0.09978730 -0.00368015
-0.03344207 0.29913956 0.02972697
0.21679522 -0.18089989 -0.08090682
0.15780891 -0.20426013 0.10126752
-0.22646157 -0.24622111 0.08979079
-0.16200551 -0.17874458 -0.09362023
-0.19921653 -0.26856929 0.07498695
0.18042144 -0.24702980 0.06105123
0.20409577 -0.08629830 -0.07662372
0.01661313 -0.28999147 -0.07434370
-0.09265253 -0.01555524 0.00430868
-0.20711444 -0.32373571 0.00768620
-0.12180779 -0.19570854 -0.03357647
-0.05003086 -0.01549668 -0.08015643
0.16460632 -0.19276530 0.09300627
-0.10243306 -0.32241389 -0.01975615
-0.00710383 -0.08572491 -0.00779551
0.20064488 -0.16490075 -0.05375839
-0.18536198 -0.20230344 0.10759529
0.00982167 -0.16326544 0.08072547
0.11049423 0.20233771 0.02915711
-0.06413587 -0.09039348 0.02947987
-0.22468640 -0.21103208 -0.06955855
0.11460079 -0.16272587 -0.08375363
-0.32314965 -0.18993209 0.02152890
-0.33268157 -0.22783566 -0.00068273
0.08281331 -0.27219048 -0.10491149
0.14796120 0.14863104 -0.10804040
-0.03755971 -0.11390543 0.04081011
-0.10496040 -0.23886834 0.00654621
-0.10123910 -0.27486524 -0.10129410
-0.01618272 -0.31784356 -0.04815575
-0.27005589 -0.28280118 0.05796031
0.04091331 -0.31677753 0.00697314
0.11970900 0.18986824 0.02531201
-0.23601404 -0.19153507 0.05246743
-0.16957733 -0.25691608 0.06350362
0.01104835 0.25189790 0.01149230
0.02842544 -0.21643163 -0.04063346
-0.16647640 -0.16674887 0.05064216
-0.07127482 -0.28429696 -0.10206982
-0.17240675 -0.16272286 0.00736870
-0.29834259 -0.28207463 0.00918877
-0.28803772 -0.22524071 0.02199188
0.00527677 0.23922917 0.02261892
-0.22757180 -0.15172474 0.09218586
0.12643854 -0.29165554 -0.09025721
-0.22355588 -0.28516471 0.05941913
0.17308773 -0.23718610 0.06378282
-0.10103605 -0.26755771 0.02948899
-0.03759341 -0.27052647 -0.09648272
0.19246003 -0.14934169 -0.01911047
-0.15144704 -0.18332501 0.07133048
0.04840424 -0.17578915 -0.03360646
-0.10191721 -0.17332794 0.09229410
-0.28008795 -0.25328577 -0.07343155
0.07477905 -0.25387037 0.08120625
0.29272881 -0.23727542 -0.05583348
-0.27111226 -0.11569852 -0.03303761
0.17896782 -0.21208568 0.08143988
0.16194341 -0.31526819 0.05698684
-0.19352479 -0.32287645 0.03232417
-0.25307843 -0.31417185 0.05769082
-0.30243176 -0.17840084 -0.04940355
-0.16591290 -0.21262659 0.04086611
-0.03323708 -0.22303271 -0.10344283
0.28375292 -0.08199424 -0.00921646
0.01250575 -0.16855378 -0.07428183
-0.14317259 -0.19614999 0.09014786
-0.17072411 -0.17633052 0.06609217
-0.16791160 -0.26800326 -0.04228580
0.04869601 -0.17592317 -0.07678127
-0.06208370 -0.30726236 0.01293091
-0.26923814 -0.20855196 -0.03966105
0.06239639 -0.22501706 -0.09452013
-0.12174071 -0.20645276 -0.09709894
0.16482121 -0.16518798 0.01283500
-0.19947758 -0.21334556 -0.07048647
0.14618409 0.13621511 -0.01502310
-0.30320051 -0.07878196 -0.00738593
-0.29310510 -0.21885335 0.03107598
-0.04596725 0.09792894 0.02925405
0.28751686 -0.28162560 -0.03142869
0.05612672 -0.27674985 0.04849089
-0.08872115 -0.24453455 0.03513992
0.31305221 -0.20445944 -0.00305294
0.19892956 -0.06800093 0.06992661
0.19881633 -0.06600325 -0.05098752
0.05642729 -0.25236732 0.09219620
0.09690562 -0.20920298 0.10545088
0.28026500 -0.15767175 -0.02997000
0.20832136 -0.25669950 0.06702249
-0.22824186 -0.28995472 -0.01420698
0.11897980 -0.32665378 -0.04091013
0.18386129 -0.16466488 0.06046356
0.16295791 -0.07823461 0.04600078
0.10260397 -0.32448772 -0.02585087
-0.15429956 -0.26857737 0.03876363
0.13739872 -0.28035837 0.08852747
0.00246111 -0.28110975 -0.01152591
-0.29232609 -0.17046529 0.06469297
0.19450948 -0.24437022 0.05497453
-0.15344754 -0.16987918 0.01048202
0.17715234 -0.27673593 0.06426431
-0.14975251 -0.01144326 -0.03938693
0.14612131 -0.23943779 -0.08651083
0.16472383 -0.19339181 -0.10707391
0.02197409 -0.33362818 -0.02224160
0.28869545 -0.23605052 0.01459476
0.07874724 -0.25062183 -0.05933251
0.04926074 -0.21421419 -0.08601582
0.00081953 -0.27843216 -0.03479479
-0.28882408 -0.25767967 0.08567035
-0.17532992 -0.22213131 0.05527104
-0.16430134 -0.14655945 -0.09071003
0.17468028 -0.21186405 0.02266793
0.01561626 -0.27980924 0.04100509
0.07775968 -0.18730879 -0.10561574
-0.28976041 -0.21801619 0.01880495
-0.26117551 -0.18310061 -0.07166541
-0.04037283 -0.00473236 -0.13716796
-0.14714205 -0.28341469 0.09004883
-0.08984625 -0.28554130 -0.09504063
-0.15587252 -0.31713957 0.01353470
-0.25960919 -0.31190214 -0.02280245
0.16734882 -0.22111510 0.06812925
-0.21928293 -0.30718002 -0.03342955
0.30119872 -0.19326407 0.05399954
0.09332214 0.11232734 0.00299609
-0.09385312 0.05116651 -0.01241028
0.19379395 -0.19336686 -0.06624533
0.01683361 -0.25811636 -0.06985765
-0.04544311 0.05678055 -0.01735405
-0.27722347 -0.28909385 0.00009396
-0.21945849 -0.10970392 -0.04545538
0.21232589 -0.19936812 -0.02285999
-0.03702266 -0.19351126 0.06147345
0.07328066 -0.25738177 0.01173010
-0.00270371 0.04812443 0.09659697
-0.22134337 -0.24635866 0.05698482
-0.13781899 -0.21747412 -0.06886208
-0.20021799 -0.15390694 0.07894789
-0.28752121 -0.14832073 -0.04052927
0.00664395 -0.20924594 -0.00676631
0.10479834 -0.22391629 -0.08026475
-0.00312233 -0.21255967 0.08114621
0.12671192 -0.29997060 -0.07812382
-0.04098800 0.03822019 -0.12218703
0.09193686 -0.17780240 0.01075383
-0.04036924 0.03585603 0.02232804
-0.04378561 -0.10691226 0.02114398
0.11973541 -0.25662246 0.06006330
0.32353061 -0.18371047 0.00191517
-0.27000916 -0.19680202 0.06142654
-0.29306081 -0.20258385 0.09581022
-0.16951500 -0.13761427 -0.05738744
-0.22032782 -0.23924565 0.04479495
-0.05101152 -0.12162147 -0.03038570
-0.02954686 -0.21284181 0.08924849
0.22905695 -0.19383293 -0.05471736
0.17365547 -0.27581078 0.06168380
0.12443786 -0.20617355 0.02892377
-0.28653896 -0.20552656 -0.03601957
0.13395926 -0.21654510 0.04031075
-0.25646624 -0.25990713 0.03764677
0.02781931 -0.10564838 -0.05970984
-0.17318709 -0.19168109 -0.07756866
-0.29688349 -0.23850161 -0.03867629
-0.21381679 -0.21623680 0.09142008
-0.07460696 0.01987203 -0.00408434
0.12410946 -0.24749899 -0.10275473
-0.04311793 0.13730182 -0.08137654
-0.19260560 -0.09537102 0.05479394
0.19368954 -0.20827046 -0.07587694
0.29747534 -0.12804680 0.00269216
0.04672122 -0.19592187 -0.06485027
-0.17334223 -0.28359213 0.06179644
-0.00837715 -0.27484715 -0.08233323
0.04199512 0.22908024 0.04026506
-0.09625326 -0.02091619 0.02337700
0.12313738 -0.27336109 0.06501196
0.06831310 -0.22086929 0.10388625
0.07717980 0.10124866 0.05897990
-0.11507514 -0.25816870 0.03331910
-0.28976366 -0.26718298 -0.02412657
0.03070830 -0.22351392 -0.08354793
0.22367243 -0.11981634 -0.08377203
-0.04590587 -0.06733529 0.06751775
0.05304204 -0.23462740 -0.10453097
-0.29418761 -0.29530007 -0.00094539
0.09750444 -0.21850084 0.02171431
-0.04606085 -0.04139164 -0.01532956
0.10489155 -0.27712002 -0.08880061
0.05490654 -0.22746441 -0.09526945
-0.17445013 -0.30428413 0.00263987
-0.04619198 -0.32299918 0.00070965
-0.20295101 -0.19035260 0.02798648
0.18706024 -0.00243177 -0.04106410
-0.05189786 -0.27156362 -0.01887633
-0.30085954 -0.26735985 0.01474738
-0.04501743 -0.24551272 0.06101003
0.05081352 -0.31617570 -0.05731143
0.03066434 -0.23391260 0.09117179
-0.09412318 0.20218849 -0.00733873
-0.28840873 -0.17546834 -0.07813739
0.09850206 -0.28394160 -0.01558771
0.02585087 -0.21028903 -0.05322573
0.00279838 -0.20123377 -0.11532018
-0.27276796 -0.27441311 0.06548778
-0.03627804 -0.28265077 -0.08305787
0.01981394 -0.26691830 -0.02178598
0.15558228 -0.18432346 0.04670957
-0.02947860 -0.31734392 -0.01405266
-0.18830079 -0.15887679 0.00268321
-0.01326757 -0.26665273 0.04321983
-0.00273063 -0.26317364 0.06754328
0.15918307 -0.07714447 -0.01107387
0.11451361 0.20119427 -0.03703333
0.30455479 -0.18376055 0.00828972
-0.08491342 -0.20483403 -0.09994221
0.03761043 -0.23155056 -0.08337066
-0.05035507 0.30810666 -0.00443397
0.13634351 0.13742378 -0.09070072
-0.17804578 -0.17724591 0.11968318
0.05204952 -0.28135100 0.01490380
-0.03503216 0.29104865 0.05898509
-0.12466665 -0.32067165 0.04804665
-0.02184041 -0.20450494 0.00389175
-0.01170245 -0.24186833 0.01088483
-0.10364998 -0.15810503 -0.10496430
-0.13668217 -0.21323243 0.06137815
-0.01037055 -0.17135838 -0.09826456
0.21603000 -0.30294701 0.02323686
0.21047398 -0.21411148 0.07910390
-0.03126962 -0.32195625 -0.02202075
0.03867874 -0.21956284 0.01564962
0.00397388 -0.23264122 0.10993670
-0.03533712 -0.22684290 -0.08505126
-0.01760476 0.25695854 0.01620595
0.06725233 -0.24709977 -0.10596472
-0.10635252 -0.32183307 0.01022328
0.02278051 -0.31017628 -0.02936452
-0.16218571 -0.21498016 0.06805964
0.03673100 -0.13284124 0.01358200
0.26404229 -0.18703003 0.01503895
-0.11728176 -0.26925358 -0.09646700
0.15795833 -0.23669221 0.05874497
0.29892763 -0.15956704 0.02588874
0.16807425 -0.25754988 -0.08365697
0.06259680 -0.20233594 0.10386027
0.15308699 -0.18056223 0.10529085
-0.04087422 -0.24727517 0.04186755
-0.06179103 -0.22886041 0.08528279
0.08947913 -0.19594836 -0.03715216
-0.30163997 -0.25943795 -0.00433969
-0.07418771 -0.28918147 0.08412199
0.13471946 -0.33482537 -0.01334971
-0.18168961 -0.25129992 0.10261687
-0.17561568 -0.32258984 -0.04409198
-0.03869102 0.07096776 -0.01960430
-0.20197946 -0.13954403 -0.01116608
0.30907762 -0.20852759 -0.03596540
0.24322706 -0.24311788 0.07082605
-0.15134227 -0.32050222 -0.02490420
-0.18792428 -0.26913008 -0.02815373
-0.05624725 0.13670938 0.12492315
0.21185161 -0.19119309 -0.05136904
-0.01665701 -0.23991835 -0.02919750
0.15241580 -0.26265818 -0.10140917
0.04935370 -0.23562098 0.03351934
0.01541447 -0.15541269 -0.02373872
-0.16185692 -0.31384790 0.00535603
0.03092977 -0.27550858 -0.04583644
0.16608959 0.10516901 0.05737423
0.26122007 -0.19784245 0.02756981
-0.04935057 -0.01693451 -0.01062585
0.25466132 -0.22030206 0.06311771
-0.20676315 -0.23648857 0.09836438
-0.15784344 -0.27924454 -0.08201138
0.20586886 -0.25336426 -0.05857156
-0.05446970 0.18622714 0.11457352
0.10202896 -0.18741052 -0.01620126
0.00925293 -0.19561905 0.09100907
0.05950342 -0.24989443 0.03079675
0.30447188 -0.13103558 -0.01910020
-0.32600218 -0.24696365 -0.03017982
-0.26645437 -0.19314040 -0.06980643
-0.04392862 -0.27202347 0.09677571
-0.04698417 -0.24622615 -0.06225305
0.01801735 -0.31430182 -0.02795400
-0.10677037 -0.25865364 -0.08782073
0.04889529 -0.15257517 -0.00973417
-0.26813281 -0.18010797 -0.07592527
0.08845615 -0.24183723 0.10019141
0.18537562 -0.20976415 -0.06177906
0.16183957 0.07937760 0.02030348
-0.28749645 -0.21126774 0.09614564
0.21021713 -0.27816188 0.03583950
0.01404639 -0.18030231 0.00795577
0.08301768 -0.24729387 0.02663045
0.03145828 -0.03310110 0.00900980
-0.18319926 -0.26349247 -0.09801695
-0.05339211 0.12744595 -0.05523298
-0.16483876 -0.13152277 -0.08367658
0.24910286 -0.23984551 -0.05979889
-0.31059635 -0.17526415 0.01526678
0.15110782 -0.16469467 0.05103460
0.03250026 -0.23343086 -0.09391610
0.06567910 -0.33587503 -0.02727981
-0.02837843 0.24868475 -0.07355548
0.11465082 -0.31085730 0.02978104
-0.04071406 0.09596791 0.01222443
-0.18705410 -0.26167920 -0.09966825
0.11448079 -0.25856179 0.03050650
0.04967586 -0.27011240 0.07401622
0.16981383 -0.11661684 0.03091392
0.10850237 -0.31336698 0.00066241
-0.16178055 -0.16942695 -0.02092957
0.17019022 0.09288747 -0.03079660
0.09078594 -0.23395009 -0.11577391
0.10347506 -0.23604742 0.09924239
0.03398068 0.04565957 0.06225181
-0.27464932 -0.07292516 -0.01533991
0.11955401 -0.20630689 -0.06404430
0.24964541 -0.17900409 0.07571044
-0.02843715 -0.20202343 0.00815875
0.08605742 -0.23064877 0.00765872
-0.20374696 -0.03231819 0.05636299
0.25611845 -0.26716045 -0.06400728
0.15065868 -0.29443413 -0.06916253
0.00403437 -0.23550288 -0.00522197
0.25271270 -0.15080759 0.05035834
0.13040848 0.15503949 -0.08519977
0.06770270 -0.23669818 0.01506390
-0.13056929 -0.30746174 0.07475140
0.28654835 -0.20978262 -0.06011938
-0.07832847 -0.07024895 0.08204868
-0.04909188 -0.13973977 0.00316400
-0.03031129 -0.24677995 -0.06581078
0.11340824 -0.25393242 0.00459161
0.00969650 -0.28722376 -0.04982470
-0.02989352 0.01264128 -0.12247115
-0.06750163 0.19365813 0.01257983
-0.09212398 -0.25437856 0.00505265
0.28844315 -0.08642157 -0.00173875
0.27901658 -0.26018721 -0.06178803
-0.00981128 -0.14855263 -0.05550152
0.03769261 -0.29206201 -0.09786773
-0.19747539 -0.00919583 0.03488500
0.15362993 -0.30915666 -0.02238215
0.24181409 -0.25572705 -0.01041606
-0.14750031 0.17454025 -0.02252138
-0.11264163 0.01371602 -0.00770090
0.08390488 -0.20267318 0.09553932
0.12795281 0.17507292 -0.02759416
0.02134703 0.02811030 0.01568242
0.11711720 0.06732106 0.02176683
-0.20727915 -0.15967721 0.06942000
0.11402184 -0.14397714 0.02985469
-0.15278748 -0.21240538 0.10153929
-0.29982731 -0.08955175 -0.01626055
0.21226229 -0.16934840 -0.00530384
-0.04043447 -0.23048422 0.08468670
-0.03590718 -0.02450367 -0.03505465
-0.21850473 -0.17377399 -0.01425300
-0.08416574 -0.29625407 0.08063187
-0.10428025 -0.29730064 0.00908054
0.07188830 -0.33256605 0.00081081
0.22953479 -0.32303041 0.03439217
-0.05299309 -0.25373757 0.07016350
-0.03890822 0.05257416 -0.00618992
-0.01706346 -0.26981056 0.07575479
-0.17755337 -0.31790650 0.00173585
0.20498246 -0.11949947 -0.03713650
-0.04397746 0.30646217 0.02848536
-0.14311278 0.04524258 -0.01131655
-0.19414218 -0.26795438 -0.06158514
-0.18620679 -0.26157296 0.01310271
0.03752617 -0.32288808 -0.05511994
-0.11181487 -0.19930068 0.08772375
0.14921772 0.11871374 0.03338401
-0.05089537 0.11031107 -0.10499129
0.00305859 -0.23419231 -0.01502693
0.20602740 -0.15686302 0.04737389
0.15952563 -0.25111055 -0.07756776
0.00012921 -0.21775933 -0.09333251
-0.21283871 -0.25791323 0.06551469
-0.15117496 -0.27187830 -0.02296786
0.16384898 -0.32161331 -0.01716212
-0.32877958 -0.25432667 0.00912471
-0.04873085 -0.01410657 0.02276808
-0.04822192 0.04680128 -0.00308495
0.09665620 0.21504200 0.03679749
-0.09250572 -0.25294179 -0.09109047
0.19228750 -0.20358455 -0.01209652
0.16305414 -0.23669450 -0.10481673
-0.19370459 -0.32525384 0.00201561
0.01755039 0.00159331 -0.01471088
0.22813569 -0.28549418 0.01687554
0.13618638 0.13404469 -0.08751696
-0.13337556 -0.26511168 -0.07540647
-0.19890369 -0.31883702 -0.02992844
0.15630162 0.13289475 -0.00897181
0.05647428 -0.32618204 -0.04446926
0.13933843 0.17429475 -0.03742545
0.11770004 -0.22497213 -0.01057229
0.13584885 0.17777450 -0.00689875
0.02178746 -0.26178017 0.03508570
0.10410783 -0.25252482 0.10212161
0.12724607 -0.01165787 -0.02491155
-0.02627721 -0.22275999 0.09298415
0.22120994 -0.18067828 0.07628749
-0.17676450 -0.00389274 -0.01726387
-0.02541227 -0.21090624 -0.09587785
-0.01753575 -0.24105744 -0.10851999
0.07848506 -0.33679551 -0.00293311
-0.01137936 0.32254577 0.00440429
-0.22586195 -0.25829798 -0.04666920
-0.21170147 -0.21208090 0.05851875
-0.13282613 -0.12982447 0.03832829
0.27503592 -0.15591028 0.03285896
0.03877126 -0.31058720 -0.02415179
0.12452544 0.12231427 -0.01396698
0.09061040 -0.23476925 0.09224205
0.05104373 -0.33189696 0.04912392
-0.13565184 -0.29853141 -0.01197967
0.18846333 -0.23041651 0.06761432
0.01471551 0.15689790 -0.01168676
0.09723869 -0.27533069 0.06228056
-0.15284191 -0.21563649 -0.09500738
-0.06911708 0.13314375 -0.04641417
-0.04206752 -0.31785589 -0.01192919
-0.05956554 0.24247175 -0.00617201
-0.21877480 -0.19757378 0.08462733
0.06384664 -0.21131603 -0.09440937
0.08268590 -0.29622903 -0.08522313
0.20872545 -0.14327474 -0.01683965
-0.09105027 -0.20801845 -0.10039653
0.19085298 -0.25693876 -0.04222050
0.00083290 -0.34459844 -0.00961258
-0.20661530 -0.24416696 0.10131855
-0.27370939 -0.27205023 0.08242784
-0.01295842 -0.32266054 -0.06211059
-0.04949009 0.19435471 0.00979629
-0.07021524 0.22049482 0.01773783
-0.09341295 -0.27481374 0.08720060
-0.08978584 -0.17321327 0.09438609
0.16668177 -0.27253714 -0.08377758
0.16772194 -0.32064387 0.03623645
0.14475976 -0.32368407 0.03688807
-0.26563236 -0.17265494 0.05369489
-0.12744242 -0.28317872 -0.09337948
-0.24420285 -0.14759427 0.09381862
-0.16818897 -0.15705267 0.07394242
-0.06991198 -0.22127433 -0.09255015
0.01531144 -0.31259072 -0.02021163
-0.15636832 -0.16179551 0.10712696
0.31012541 -0.21302824 0.01221008
0.12881899 -0.20610638 0.08216705
-0.03177713 -0.05401994 -0.02887604
0.12869613 -0.21563892 -0.06917758
-0.04074802 0.09923131 0.00037411
0.15992381 -0.17607248 0.00726384
0.12049466 -0.25439981 0.10020027
-0.14141117 -0.23883663 -0.06682156
0.02504845 -0.25316924 0.01893960
-0.14179541 -0.27597108 0.10051697
0.11519974 -0.21641554 -0.09758055
0.00434344 -0.10692865 0.06086257
-0.28139287 -0.22583443 -0.03756855
0.13697149 -0.20710938 0.06671628
-0.05948548 0.16252738 0.01357022
0.28819004 -0.23396625 0.00303050
0.10941026 0.00595313 -0.01604049
0.08460582 -0.32009092 -0.04072807
-0.23071145 -0.27261886 -0.03801493
-0.02580478 0.15301943 -0.07969407
0.03238384 -0.27299127 0.06243944
0.19876778 -0.23309858 -0.01896872
0.22900110 -0.23197898 0.01542197
0.16921176 -0.26879022 -0.08642541
0.05631468 -0.18937169 0.06434866
0.08930574 -0.31483716 -0.00678193
-0.05878604 -0.15070575 -0.03339919
0.27749345 -0.24307357 -0.03456749
0.00380502 -0.24175230 0.00373528
0.01248037 -0.08573133 0.03641807
0.32751507 -0.26010907 -0.01235275
-0.09326646 0.08630262 -0.04352803
-0.20701374 -0.19957866 -0.05868011
-0.32489729 -0.17495608 -0.02659847
0.16012895 -0.25493827 0.06693826
-0.23096381 -0.24351731 -0.02502929
0.32044762 -0.20215239 -0.01148585
0.00634539 -0.30907935 0.05392882
0.04231172 -0.28736454 -0.07513259
-0.04263227 0.11151910 0.00201372
0.17865950 -0.08905384 0.04244449
0.12186766 -0.30300307 0.02227297
-0.07431929 0.21639793 0.01390841
0.32381052 -0.20587036 0.03324318
0.03974549 -0.09845764 -0.01009667
0.08115658 -0.26656425 -0.09447101
0.21237999 -0.24149954 0.02986806
0.14915988 -0.26532012 0.08705428
-0.06768510 0.05302805 -0.04821665
-0.29023209 -0.25893894 -0.03235111
0.06747910 -0.24350396 -0.09567405
-0.09823751 -0.30229166 0.08772855
-0.20625119 -0.09922796 0.06356069
-0.25885427 -0.06878887 0.04935028
0.06106330 -0.28090161 0.08947297
-0.08448374 0.14329496 -0.02743443
-0.03957325 -0.21552764 0.09189367
0.21575424 -0.16158774 -0.07860951
0.26641694 -0.21379212 -0.08981580
0.05770116 -0.25020906 -0.08366490
0.17598417 -0.18227376 -0.00611716
0.11271016 -0.28136230 0.08955551
0.16612527 -0.22382012 0.07712167
-0.04705839 -0.32768387 0.01912091
0.15094298 -0.18075472 0.07582728
-0.14925975 -0.20183128 0.08532146
-0.00014315 -0.27590510 -0.09689840
0.23491964 -0.31477961 -0.02343853
0.03167915 -0.01774064 0.00775974
0.14838004 -0.12334615 -0.09853236
0.26311404 -0.23569888 -0.08493245
0.08642311 -0.27919686 -0.08471799
0.16717075 -0.21124576 -0.09062553
0.22547126 -0.31621504 -0.01798595
0.00077214 -0.29840416 0.08188652
-0.04763811 -0.32666206 -0.02698147
0.20442630 -0.32554600 0.02572412
-0.19780719 -0.17658150 0.09194323
-0.03737786 -0.29225174 -0.07747581
0.13194321 0.14111616 -0.07923692
-0.29335326 -0.25545666 -0.00528666
-0.17396937 -0.22327761 0.02377878
-0.27883247 -0.28600007 -0.03231019
-0.17256126 -0.12205550 0.07463042
0.22166771 -0.23233475 -0.02830586
-0.32347348 -0.16934794 0.04625718
-0.03565504 0.30706599 0.01771433
-0.05744281 -0.26785430 -0.02167735
-0.17699680 -0.26295224 0.08205042
-0.27245432 -0.26674241 0.06521307
-0.12574141 0.22440198 -0.00914750
0.03321465 -0.30053008 0.08294614
-0.11715342 -0.26410216 -0.08460926
0.08348496 -0.32392234 0.05651850
-0.29322529 -0.20926771 0.01784530
0.14477275 0.08825326 -0.01548818
0.12700705 0.14151798 -0.00979198
