0.00555332 0.04319342 0.00020841
0.02410160 -0.29997823 -0.00037685
-0.00710230 -0.44274202 0.05674161
-0.03081528 -0.43382576 0.03660616
-0.00296938 -0.28499660 0.01558229
-0.02756339 -0.33414450 -0.00957600
-0.01113799 -0.37882453 -0.03231665
0.00034401 -0.37838951 -0.03473400
0.04260027 -0.42471126 -0.02903611
-0.04508885 -0.49709588 -0.02422758
0.01706264 -0.45053011 0.04492021
-0.00838548 -0.25192204 0.02747240
-0.00520151 0.29804075 -0.00468094
0.00862581 -0.13355698 -0.00466879
0.01367452 -0.17891166 0.01706033
0.00023045 0.45026216 0.00510891
0.03567794 -0.42953902 -0.03088070
0.03994647 -0.37732673 -0.02055971
0.00904819 -0.26662663 0.00903021
-0.00256903 -0.19960694 -0.01150537
0.03097112 -0.37200418 -0.04036673
-0.00006068 -0.26067325 -0.02418759
0.02907011 -0.33945128 -0.01512556
-0.00270428 0.33840629 -0.00590163
0.01053057 0.17941719 -0.00194225
-0.01755179 -0.48115516 0.04919809
-0.00523811 -0.30517131 -0.02326835
0.01115348 -0.43258774 -0.04755206
0.00249637 0.27323514 0.00052326
0.01557121 -0.15296832 -0.01064534
0.03384642 -0.49285889 -0.04334844
0.05073260 -0.48808530 0.00065808
0.03357308 -0.24774183 -0.01313071
-0.00862334 -0.41647869 0.04585725
0.00498160 -0.38270268 -0.04685004
-0.04378819 -0.37964606 -0.04028436
0.00797146 0.19358575 0.00165996
0.01478480 -0.42420897 0.04212717
-0.03463905 -0.40957621 -0.01824385
0.00966591 -0.32251808 0.02789036
-0.03328254 -0.44525546 0.03109149
0.01361535 -0.46948013 -0.04767020
0.00218380 0.46789542 0.00273083
-0.01714924 -0.40128881 -0.03606181
-0.01292867 -0.32779723 -0.00737502
-0.00725417 -0.47938278 -0.03698822
0.00814069 -0.39853567 -0.04665228
-0.04262358 -0.35401186 0.00404245
-0.02710316 -0.37194359 -0.02006113
-0.01453852 -0.36815354 -0.03115965
-0.05302794 -0.45901701 0.03419282
-0.01532744 -0.41335475 0.04041193
-0.02100172 -0.34970218 -0.00004001
0.01198731 -0.40154067 -0.04474480
-0.04447501 -0.41470861 -0.02104957
-0.04491825 -0.39436167 -0.00897347
-0.01121481 -0.28470525 0.01674284
-0.00137884 -0.25912273 -0.02218292
0.00323898 0.33414930 0.00485268
0.04715911 -0.42715535 0.01715989
-0.02304970 -0.34178135 0.02781190
0.06051312 -0.43459845 -0.00149121
-0.00721383 -0.12353968 -0.00644882
-0.05971723 -0.42082232 0.00416495
0.04513500 -0.44692984 -0.04184848
-0.02079410 -0.32870594 0.02821125
-0.00729810 -0.46822318 -0.05338437
-0.05798582 -0.48290974 -0.02991292
0.00206139 0.45212489 -0.00478020
-0.05539444 -0.41059899 0.00756134
-0.00626054 0.46895939 0.00310580
-0.01890644 -0.30364448 0.02197181
0.03589976 -0.47411770 0.02494201
-0.00680986 -0.39405024 -0.04048068
-0.00399393 -0.38151902 0.04305527
0.02490167 -0.30835617 -0.01126924
0.01245374 -0.49386743 -0.05134073
0.01436998 -0.30401728 0.02990039
-0.02348015 -0.27906162 -0.01079173
-0.02012075 -0.45481148 -0.04646591
-0.02849821 -0.47958982 0.05313826
-0.04769516 -0.44261900 0.02381148
-0.02565143 -0.35891050 0.02750532
0.04738455 -0.39876756 0.00763126
0.03700609 -0.38548979 -0.01667701
-0.02754433 -0.36987481 -0.03352147
-0.05165404 -0.46704477 0.02199330
-0.03319301 -0.41903612 0.04159989
0.00861253 0.37731087 -0.00305551
-0.05119177 -0.44443902 0.02567234
-0.01127077 0.32473588 -0.00098528
0.01123551 -0.46552485 0.05763230
0.00667811 -0.30749136 -0.00110891
-0.00680446 -0.42199460 -0.04656116
-0.05357510 -0.37998757 -0.00060765
-0.03636834 -0.48044628 -0.04381685
0.03540200 -0.43352351 0.02887717
-0.02007114 -0.27865922 0.01438176
-0.02908725 -0.31497288 -0.01738948
0.02219072 -0.21150851 -0.01670844
-0.00965658 -0.20789178 -0.00487470
0.02766263 -0.42285946 -0.04463341
0.04034186 -0.35422871 -0.00744288
-0.01067104 -0.46243542 0.05523771
0.01597299 -0.34728336 0.00695275
-0.04529092 -0.45047888 0.01323094
0.01027823 -0.25959554 -0.00210565
0.03671496 -0.45836964 -0.02074836
-0.02772359 -0.40214702 -0.02840848
-0.04554285 -0.42724612 0.03135326
-0.00321737 -0.22323090 -0.02987330
0.00317491 -0.48133722 -0.04717174
0.00048210 -0.33607736 0.02921188
-0.00583294 -0.15497476 0.00084299
-0.00938054 -0.36986914 0.04536803
-0.00812600 -0.12544452 -0.00016175
-0.02445287 -0.49268743 -0.03500026
0.04131927 -0.48354447 -0.02679034
-0.02736987 -0.37891752 0.04141972
-0.05245525 -0.43539339 0.00328240
-0.00865057 -0.43405053 -0.05011692
0.01839949 -0.41160250 0.03731273
0.00761739 -0.30268592 0.01378196
0.01441075 -0.35967574 -0.03580176
-0.04613490 -0.40365055 0.02355627
0.04762894 -0.38307688 0.00778691
-0.01557306 -0.22940782 0.01501871
-0.00294946 -0.21834503 0.01927815
-0.00205492 -0.33569637 -0.02675852
0.02102550 -0.38371882 -0.03732547
-0.02181422 -0.37215018 0.02201344
0.02252357 -0.35296202 -0.02975320
-0.05334629 -0.47609848 0.01577452
0.02454141 -0.37719488 0.05878165
0.00977257 -0.03670170 0.00423469
-0.03988182 -0.44840026 -0.03244270
-0.02256064 -0.35470828 -0.03118747
0.01990730 -0.31650659 0.00755609
0.00032107 0.26691011 0.00052242
-0.00534634 -0.26278979 -0.01185207
0.04182436 -0.48654890 -0.03530429
0.01047759 -0.43777943 0.04676548
0.01490288 -0.24523722 -0.01041047
-0.00530956 -0.37588382 -0.04087523
0.01995446 -0.32518527 -0.00044198
0.03690459 -0.35452265 -0.02524694
0.00078543 -0.01413858 -0.00678161
-0.03478001 -0.40276101 -0.03045213
0.04264946 -0.43726590 0.03958363
0.02686084 -0.38897049 -0.03916246
-0.00902330 -0.31849155 0.02332240
-0.04690461 -0.43346050 -0.01340789
-0.00944593 -0.34335008 -0.02043714
0.01825788 -0.36688784 0.03459509
-0.03820508 -0.45071718 0.03943755
0.02245393 -0.46061069 0.04225414
0.00034849 -0.11414734 -0.00880035
-0.02375470 -0.34228671 0.02523951
0.04706857 -0.40406445 0.01774980
0.01869627 -0.39047685 -0.03792169
0.04172605 -0.38352513 -0.00918087
-0.02870957 -0.44868338 0.03674326
0.03497647 -0.40841031 -0.02515548
0.01524427 -0.42143360 -0.04392058
-0.02903906 -0.37899649 -0.04106085
-0.00393051 -0.30146927 0.01694109
-0.03797733 -0.47075537 0.05563655
0.03510012 -0.37271789 -0.01244442
-0.00997069 -0.25920299 0.01675612
-0.02378850 -0.45323876 0.03024606
0.03161155 -0.47495669 -0.02563486
0.03907584 -0.46282685 0.03699869
0.02015823 -0.33245584 0.02234495
0.00176992 0.22489308 -0.00357974
-0.05015707 -0.43674898 -0.02181525
0.01184491 0.23609582 0.00004777
-0.03559042 -0.36425006 -0.01602271
-0.01310461 -0.32810733 0.00629048
0.00083024 -0.43991423 0.05899087
0.03356092 -0.33386660 -0.02095737
-0.03066726 -0.39565864 -0.02021459
0.04030104 -0.39959833 0.02373088
-0.04494948 -0.47489536 -0.01888282
0.03955144 -0.36160982 -0.01439478
0.03237751 -0.33816990 -0.02108168
-0.02283741 -0.49146146 0.05073201
-0.06119392 -0.45054546 -0.01335834
0.00053378 -0.09719441 -0.01060677
0.03794408 -0.35926419 0.01717475
0.02145929 -0.29120588 0.01014499
-0.03927203 -0.48926136 -0.03965025
0.01457166 -0.48852143 0.04784587
0.04673987 -0.40599719 -0.01190739
0.01440232 -0.15560421 -0.00838702
0.00718798 -0.26771322 0.00720680
-0.01664358 -0.49255416 0.03068258
0.01113489 -0.39476693 -0.04638188
0.02242154 -0.21405099 0.00002084
0.04915867 -0.41790324 -0.02833482
-0.00546720 -0.33246657 0.03703805
-0.03865860 -0.42685026 -0.03078077
0.04246766 -0.26432443 -0.03052820
0.02282083 -0.37105680 0.03540913
0.00596403 -0.31742179 -0.00028578
-0.00023243 -0.00192491 0.00430950
-0.00025174 0.42814323 -0.00031020
-0.06045567 -0.43019053 0.00573223
-0.00061877 -0.47213033 -0.05471757
0.04817613 -0.39057365 0.00748266
0.01395162 -0.28484577 -0.02747809
0.02431508 -0.40222025 0.03138670
-0.03461440 -0.31414434 0.01671148
-0.02216686 -0.36040241 -0.03359922
0.02603446 -0.30705273 0.01943824
0.01040320 -0.32447484 -0.04496833
0.04050546 -0.39217481 0.00961477
-0.00855517 -0.32440522 0.02286740
0.03606615 -0.39630115 0.02208238
0.02557912 -0.34980142 -0.03982610
0.04417173 -0.48005089 0.02829877
0.04877825 -0.48698747 0.00668436
-0.00449023 -0.20215276 -0.00507449
0.00050648 0.39848322 -0.00085070
0.03815914 -0.49204528 -0.04165756
0.03760448 -0.36082175 0.00500602
0.04565119 -0.47265059 -0.02813195
-0.06715422 -0.44715032 -0.02619284
-0.01537167 -0.37007684 -0.04387442
-0.02156112 -0.35885501 0.00172692
0.03302846 -0.35474586 0.00161580
0.01012814 0.51018721 0.00216151
-0.04908095 -0.47827920 0.01893570
0.02056067 -0.41360113 0.03974863
0.04218127 -0.38366517 -0.02467647
-0.00301167 -0.29109064 -0.01967334
0.00727761 -0.45642716 -0.05378189
-0.05979607 -0.45750010 0.01688840
0.00728471 -0.31063420 -0.00376471
-0.00049015 0.33305418 -0.00343811
0.03736332 -0.39232385 -0.00700054
-0.03427178 -0.49691561 0.02156281
-0.04112642 -0.42181015 -0.03060538
-0.00945485 0.47788367 0.00401346
-0.02719145 -0.31926879 -0.00524468
-0.02329858 -0.36794546 0.04336400
0.01157620 -0.47787654 -0.04692498
-0.02107264 -0.26912230 -0.01565790
-0.01019487 -0.29617226 -0.02376750
0.00889342 -0.39215368 0.03180216
0.01850858 -0.32993087 0.00225397
0.02019442 -0.18753797 -0.02134871
0.02126951 -0.30601323 0.00742322
-0.06783427 -0.43015039 -0.02468072
0.01243607 -0.37767273 0.03581522
0.04844919 -0.44936562 0.01245765
-0.03210408 -0.23182924 0.03314931
0.04382792 -0.36214128 -0.02958323
-0.05117497 -0.41445479 0.02298983
-0.02386651 -0.39726821 0.03992959
-0.00580253 -0.30274761 -0.01928621
0.00714460 -0.37409630 -0.03962216
-0.00134487 0.06167543 -0.00404931
-0.04570945 -0.45826012 -0.02670990
-0.00959211 -0.16640505 0.00024506
-0.01351347 -0.41657242 0.04009034
-0.01737267 -0.48699126 0.02919600
0.00026055 -0.44102696 -0.05822879
-0.02854845 -0.39387432 -0.04173719
-0.00594836 -0.20661148 -0.02584135
-0.02164515 -0.35170865 0.02772621
-0.00941118 -0.45995966 -0.05104796
-0.01800317 -0.45680445 0.04550206
0.01871112 -0.26824772 0.00625361
0.02140227 -0.34809583 -0.00054514
0.01560002 -0.15836942 -0.00888212
0.01033244 -0.42143938 0.04598983
0.02363870 -0.38153672 -0.02921784
0.01890118 -0.20205493 -0.00928476
0.00425266 -0.32512617 -0.01706526
0.04229415 -0.48038256 -0.02581808
-0.00176754 0.41550174 -0.00249827
-0.00181029 -0.24809527 0.02623519
-0.01764311 -0.40140626 -0.03479218
-0.01051592 -0.17551863 -0.01226663
-0.04767585 -0.38957462 -0.01926952
-0.01953067 -0.29198018 -0.02199362
0.05014449 -0.48338687 0.02411303
0.03219189 -0.23752952 -0.01431089
-0.00505312 -0.30215260 -0.02735006
0.01141134 -0.32599616 0.01125375
-0.03603121 -0.34677824 -0.01474749
-0.00465282 -0.47820339 0.05561157
0.01351463 -0.49367684 -0.04493099
-0.04405198 -0.49624249 -0.01681526
-0.02645967 -0.38006255 -0.02677177
-0.01693768 -0.19498284 0.00204193
-0.04814672 -0.46253750 -0.00104251
0.00136589 -0.36419904 0.02923789
0.05085503 -0.44361067 -0.02922970
-0.04586838 -0.49852690 0.02343998
0.01971213 -0.43925560 -0.04324742
0.01273702 -0.19378150 0.00341363
0.02390080 -0.30387327 -0.00581578
-0.04956799 -0.42793673 -0.02487793
-0.00806348 -0.22021124 -0.01188025
0.04695926 -0.46030024 -0.00379077
-0.03937748 -0.38961172 -0.01075804
-0.01685552 -0.36177760 -0.02354870
-0.01052996 -0.34435159 -0.02536983
0.01653845 -0.45376077 0.04326502
0.03176710 -0.37944067 0.02243271
-0.01129043 -0.29706815 -0.01606699
0.00410448 -0.39058274 -0.04184059
-0.00905488 -0.26433811 -0.00370510
-0.03170658 -0.38184544 0.02581258
-0.04199381 -0.37292469 0.01330202
0.01172831 -0.22618397 0.00421759
0.04394127 -0.40235722 0.01550718
0.04415884 -0.48997468 -0.01312197
0.00935389 -0.22749805 0.01636467
0.04634101 -0.45632949 0.04596587
-0.02462992 -0.34105623 0.03164934
0.02136019 -0.31979567 0.00515531
0.03567322 -0.36768156 -0.00144165
-0.02030195 -0.27963361 -0.01609502
0.02688474 -0.30579373 -0.01380604
0.01462305 -0.34311274 0.01870770
-0.00876314 -0.24824400 -0.02517037
0.01416412 -0.29980186 0.03038148
-0.01011178 -0.25461036 0.01993083
0.04985190 -0.49352822 0.02734029
-0.02332349 -0.49820116 0.05226526
-0.00843436 -0.22232398 -0.00190240
-0.01141391 -0.34818524 -0.02732094
0.00721375 -0.31556797 -0.00225062
-0.04643983 -0.41806161 0.04285134
-0.00645698 0.49677080 0.01219850
0.02120490 -0.30931023 -0.00215420
0.03211619 -0.36928988 -0.00398019
0.03220242 -0.48121974 0.04910639
0.00382561 -0.27033347 0.01222202
0.02421647 -0.48185661 -0.01451342
0.00157872 -0.45650557 -0.05151514
0.00928046 -0.17649527 0.00680108
0.02881242 -0.34783560 0.03297592
0.03944073 -0.49157867 -0.04136643
-0.01915180 -0.47439098 0.05160568
-0.04433628 -0.48550925 -0.03310136
0.04452045 -0.38964561 0.02247707
0.00749491 -0.17298752 0.00646992
0.00024878 -0.34167311 -0.04124532
-0.01642291 -0.46046382 -0.05054148
0.01532513 -0.44630617 -0.05312609
-0.04999825 -0.47956267 0.00073750
0.00037490 -0.45875064 0.04506517
-0.03894131 -0.39981437 -0.01752239
0.02351755 -0.35162297 0.02035816
0.00387293 -0.32292628 -0.04549271
0.02143314 -0.42571792 0.04861528
0.00587788 -0.37456954 -0.02939468
0.02259948 -0.32382044 -0.00400432
-0.00051097 -0.17865130 0.00649154
-0.00143250 0.29139173 0.00427242
-0.03824243 -0.35653073 -0.00468984
-0.04980671 -0.48131964 0.02074653
-0.00611968 -0.46607247 -0.06500936
-0.02532906 -0.41902035 -0.04547247
0.02125582 -0.28944078 -0.01983255
0.04171874 -0.48739493 0.03904676
0.03048284 -0.45998654 -0.04400007
0.05780385 -0.43064067 0.01373550
0.04281804 -0.37740701 -0.01000718
0.06094040 -0.44341412 -0.01074041
-0.05957358 -0.49332753 0.00272568
0.03031014 -0.46478239 0.04875954
0.03970516 -0.30520836 -0.02788057
-0.00737419 -0.48991182 -0.03818235
-0.01239067 -0.28895718 -0.01595754
-0.03464643 -0.48471648 -0.03745091
-0.00031304 -0.15754129 0.00976896
0.01496719 -0.48761505 0.04716080
0.00895001 -0.24373165 -0.00194672
0.05739278 -0.47125843 0.01515689
0.04645117 -0.48752856 0.03443936
-0.00437324 0.50262564 0.00696964
-0.03006117 -0.35794428 -0.02476833
-0.02770003 -0.28747103 0.00131145
-0.03739177 -0.41971198 -0.01962730
0.00277014 0.22359961 -0.00202476
0.02710490 -0.37949613 -0.03220251
0.01873760 -0.37790439 0.03546594
-0.01402694 -0.28669089 0.00861018
-0.03359251 -0.38547930 0.01195191
-0.06087233 -0.47844177 -0.00554844
-0.00077940 0.12562005 -0.00500709
-0.04901552 -0.42907220 -0.02142489
-0.02072969 -0.27949545 -0.00973365
0.02758488 -0.36753517 0.00325400
0.01850124 -0.28148839 0.00534468
-0.03848780 -0.42264640 -0.01236887
0.03870718 -0.43267375 0.04335750
0.00693635 -0.35216433 -0.03370320
0.02608773 -0.20468917 -0.00591415
0.04279219 -0.41848853 -0.01216815
0.02323220 -0.33708826 0.01162586
0.02157729 -0.39682010 0.02808553
-0.00662099 -0.42322284 0.04621331
-0.01478270 -0.33251476 -0.01373530
0.01722357 -0.28763607 0.02121575
0.02651859 -0.44779161 0.04842424
-0.00504881 0.49309844 0.01086451
-0.01310001 -0.47883722 -0.03773556
0.01977753 -0.34091842 0.02209277
-0.04203298 -0.45953155 0.03419259
-0.00108521 -0.25159222 -0.00561494
0.02810238 -0.41496271 0.04458551
-0.01715702 -0.34218296 -0.02528242
0.00053319 -0.30254728 -0.02040660
-0.00304125 -0.28370604 -0.02937058
0.02845807 -0.30405042 -0.01386124
-0.00059120 0.42156914 0.00331105
0.04445778 -0.46782455 -0.03528708
0.04730514 -0.46266550 -0.03453770
0.00201085 -0.13528571 -0.01417282
0.00061850 -0.32141426 0.04032566
-0.00492640 -0.40518668 -0.05580819
0.05272227 -0.47862610 0.01955647
-0.00388448 -0.41880068 0.06060769
-0.05231219 -0.44656378 0.01592125
-0.06479604 -0.47075790 0.00186260
0.03661411 -0.34105566 -0.01657650
0.04343494 -0.44547814 0.04167260
0.02885420 -0.48050258 -0.02626329
-0.01269529 -0.44473347 -0.05002154
-0.04092286 -0.37304184 0.01876248
0.02183363 -0.33790866 0.00789914
-0.05645147 -0.47561842 -0.00830352
-0.02527402 -0.39475659 -0.04037869
0.04450426 -0.40678501 0.02977465
-0.02089573 -0.37265190 -0.03334927
-0.03165617 -0.48812369 0.00011803
-0.01558961 -0.46456173 0.05634809
-0.00707314 -0.24728173 -0.01151448
0.03284418 -0.34736550 -0.01143278
0.03568469 -0.41284996 -0.04146725
0.01242895 -0.40698266 -0.04864434
0.03871790 -0.44381461 0.02722597
-0.04274455 -0.42866954 -0.01419476
-0.01940938 -0.48652226 -0.04001379
-0.02232307 -0.44621140 -0.04733594
0.05389908 -0.42918006 -0.00223463
-0.02597515 -0.40964854 -0.02835020
-0.02735172 -0.42750621 0.04371542
-0.00484257 -0.47077107 -0.05300257
-0.05585084 -0.48079553 0.01556388
-0.05045680 -0.45346150 -0.01329893
0.04992293 -0.49193323 0.02031581
-0.02234287 -0.49767977 0.05348176
0.04368287 -0.39396071 -0.01164975
-0.00202350 -0.30596405 0.01532560
0.00973034 0.22205444 0.00303511
0.01553165 -0.36526647 0.03687171
0.04126101 -0.37889913 -0.01515627
0.03059148 -0.30527821 0.01484682
-0.02112037 -0.38472751 0.04034120
0.02062279 -0.37452301 -0.03139995
-0.05656317 -0.49059895 -0.00683361
-0.04379632 -0.42221823 -0.00975226
0.00552080 -0.25704163 -0.01162373
-0.02283995 -0.29447505 -0.00455255
0.02785959 -0.15496059 0.01621551
0.01626509 -0.44143769 0.05290210
0.02046114 -0.34481433 -0.01058497
0.01255345 -0.28239903 0.02181647
-0.03888124 -0.39659375 0.01444408
-0.02549786 -0.40150675 0.04119639
-0.04109820 -0.47541523 0.04241783
-0.00778807 -0.36316350 -0.03290550
-0.03928209 -0.46218163 -0.03492497
-0.02611118 -0.32263985 0.04383647
-0.03352449 -0.49140733 0.01867967
-0.04841759 -0.39441872 -0.00659888
0.03670724 -0.33899555 0.01935395
0.01587317 -0.40001577 0.03777359
0.01033607 -0.29854590 0.02322713
-0.00000228 -0.16293950 -0.00631944
0.01546703 -0.29629052 -0.01576906
-0.05270295 -0.44622415 0.02387602
0.00345653 -0.29653162 -0.01674775
-0.02261350 -0.38071695 0.04094535
-0.03480437 -0.35833117 -0.02158766
0.04012269 -0.41431287 0.02398668
0.04337746 -0.40807417 -0.02829855
-0.05426187 -0.46598503 0.02693263
0.00202369 0.50642931 0.00401101
0.04036481 -0.34375528 0.00251489
-0.04172447 -0.49766108 -0.01656361
0.00812355 -0.44171506 0.05137547
-0.04080004 -0.36686802 -0.00361402
-0.03711158 -0.46999404 0.03334466
-0.02015888 -0.48597062 0.05380584
-0.04000534 -0.42912415 0.03718748
-0.00144182 0.50476640 0.00300669
0.03329640 -0.36029494 -0.02147017
-0.02427232 -0.27729294 0.02840253
-0.06067426 -0.41394240 0.00422687
0.02076689 -0.33377022 -0.00687208
0.06086781 -0.46389356 -0.02051089
0.04884723 -0.43761718 0.00969044
-0.04571921 -0.49343565 -0.02395223
-0.00211154 0.50169015 -0.00435655
-0.02232537 -0.45111188 0.04765492
0.04479872 -0.40178791 -0.01158013
0.04317898 -0.40000874 0.00972417
-0.02043344 -0.31741315 -0.01430842
-0.04463367 -0.40545824 0.02333634
0.02076357 -0.42064840 0.04031034
-0.04665665 -0.42584610 0.00737858
-0.04176631 -0.46710366 -0.03143407
0.03623375 -0.32831150 0.02045202
-0.00306649 -0.38712317 -0.04178720
0.04627072 -0.37290502 -0.01293232
-0.03356238 -0.37366340 0.01414078
-0.02749526 -0.38953185 0.03291357
0.01080841 -0.23363693 -0.00985806
-0.02746114 -0.48226899 -0.04873280
-0.00776600 -0.20477164 0.01598574
0.00148878 0.49378133 0.00347001
0.01126074 -0.43281871 0.04381697
0.01697286 -0.31778398 -0.01923995
0.00077275 -0.36276901 0.04509804
-0.06201356 -0.44288993 -0.01116964
0.01931672 -0.20974736 0.01118824
0.03666398 -0.41130465 0.02477597
-0.01926640 -0.41667941 0.04011185
0.01518198 -0.44312748 0.05449641
0.01830334 -0.40977722 0.04861847
0.01172476 -0.44298798 0.04509355
0.00332732 -0.47133103 -0.04895480
-0.01292060 -0.37325227 -0.03146129
0.05465253 -0.49012879 -0.01280457
-0.05050430 -0.42689705 0.00098311
-0.03217167 -0.33796170 -0.02902468
-0.03968046 -0.44814962 -0.02989185
0.02919043 -0.48399040 0.03390547
0.04667219 -0.43482298 0.03547205
0.01448421 -0.39852831 0.04177851
0.04558485 -0.44932878 -0.03401041
0.01398413 -0.25775141 -0.01504677
0.00335448 -0.43594977 -0.04987572
0.01268082 -0.33057714 0.02562296
-0.00790922 -0.19302472 -0.00842084
-0.05200218 -0.33224705 0.02081452
0.02540334 -0.26625824 0.01148798
0.00494944 -0.32163292 -0.02970116
-0.00418756 -0.47846293 0.05098641
0.02137962 -0.33201945 0.02035556
-0.00261388 0.47983426 -0.00152429
-0.04826165 -0.48397055 0.02032984
-0.01151574 -0.36139187 -0.03979232
0.02933189 -0.24814260 -0.02330298
-0.03648681 -0.41971523 -0.02934998
-0.04903481 -0.46032259 0.00542991
0.02321381 -0.34025913 0.00580627
0.01881989 -0.41532195 0.04079417
-0.00454523 -0.22643720 -0.00429877
0.00159666 0.22748049 -0.00157987
-0.00343334 -0.28338239 0.01401611
0.03492663 -0.37980676 -0.01172167
-0.05134315 -0.49177697 0.02504253
-0.04040942 -0.46080267 0.03620469
0.02013740 -0.14997780 0.02076804
-0.03189421 -0.38889137 -0.03134684
-0.00268336 -0.44522893 0.04420876
-0.00389879 0.19587895 -0.00117652
-0.01354428 -0.33393130 -0.02600253
0.04604015 -0.49344948 0.00168763
-0.02468645 -0.34555128 0.02928551
-0.03069356 -0.36883861 -0.02985933
0.02437443 -0.43790564 -0.04759154
0.00172872 -0.29840142 0.02723660
-0.00073298 -0.48363778 0.05342856
0.01694073 -0.29827234 0.00195104
0.00329437 0.48318323 0.00304978
0.05636598 -0.43581495 -0.02700955
-0.00256087 0.36193776 -0.00279055
0.02103384 -0.41639596 0.04781782
-0.00931010 -0.21553406 0.01651692
-0.00233619 -0.16102664 0.00333499
0.00039656 -0.23257995 0.00235311
0.04386032 -0.45962709 0.02704069
-0.01378350 -0.37699479 0.03563557
0.03802438 -0.48760352 -0.03298845
0.02110988 -0.39057243 -0.03731909
-0.04621601 -0.49514627 0.01277765
-0.02084999 -0.25149688 -0.00351289
0.00246801 -0.48937306 0.04107310
-0.04227439 -0.46956360 -0.02162413
-0.00047617 -0.47648999 -0.04658008
0.01666240 -0.20939048 -0.00394194
-0.00407570 0.35250825 -0.00419955
-0.02032973 -0.33403549 0.02021319
-0.02038911 -0.36446357 -0.03731048
-0.04410307 -0.43475500 -0.00800231
0.00317494 -0.40149099 0.04357164
-0.04009787 -0.46200696 -0.03596698
-0.05570711 -0.40875104 0.02223135
-0.01537078 -0.34583414 -0.03732982
-0.00513645 -0.26212469 -0.00851639
0.00657449 -0.31448990 -0.03567615
-0.02028566 -0.24853308 -0.00593616
0.02060465 -0.40503156 0.03883455
-0.01083599 -0.10151047 0.00242063
0.01977379 -0.41044840 -0.04904419
-0.02943881 -0.41894877 -0.04259157
0.01127105 -0.21511102 -0.00911008
0.02748834 -0.15415302 0.02069244
0.02735947 -0.42999160 0.03400070
0.00900958 -0.46038884 0.05732985
-0.03635939 -0.45449024 0.03808623
-0.04837652 -0.49367508 0.02849367
-0.05104136 -0.44821227 -0.01705364
-0.02373666 -0.46324351 -0.04490145
-0.00503702 -0.46685803 -0.05182592
-0.03870742 -0.35320330 0.02514565
0.01030222 -0.36008796 -0.04696870
0.01143024 -0.14335471 -0.00040530
0.02474595 -0.49609959 0.03323571
0.00600699 -0.43046054 -0.04914629
-0.00415976 -0.32958040 0.01533150
0.03560674 -0.28555211 -0.00888108
-0.00382712 -0.22614345 -0.02048487
0.03939059 -0.36922994 -0.00401527
-0.00939011 -0.48467243 -0.05243248
0.05019019 -0.44061601 0.00804562
-0.02346322 -0.29085034 -0.02207816
-0.00822995 -0.22374374 0.01498638
-0.04163511 -0.38158190 0.01786700
-0.04151761 -0.39009744 0.01335637
0.02231455 -0.27363527 -0.00886509
0.02754771 -0.28501478 0.00302152
0.00236137 0.23072806 0.00646541
-0.02490890 -0.39609841 0.03451921
-0.03996778 -0.41038108 0.02575495
0.03117845 -0.15776196 -0.00554982
0.00256528 -0.28176934 -0.01461485
0.05032476 -0.45841545 -0.01171448
0.01844544 -0.20877989 -0.00372487
0.02420290 -0.36005446 -0.01370243
-0.00544109 0.42782775 0.00230834
0.04662279 -0.41777855 0.01637434
0.01547406 -0.48459339 -0.04943524
0.01957076 -0.26469287 -0.00816877
-0.01403343 -0.28720221 -0.00376953
0.03857202 -0.48902738 -0.02839211
0.00242232 -0.32513481 0.00718217
0.05219429 -0.42350882 -0.02831154
0.01531766 -0.37851879 0.03660732
0.03300352 -0.40050241 0.02597135
0.02879945 -0.32698637 0.00062945
-0.00468070 -0.26043352 -0.01693963
0.00038937 -0.42452821 -0.04623853
0.02442434 -0.29236054 -0.00848898
-0.00161322 0.41996256 0.00489832
-0.03677159 -0.38495088 0.01345038
0.00883139 -0.28340989 0.04246400
0.02259588 -0.36878383 0.03780349
0.05582780 -0.47350472 0.00187581
0.00516768 -0.27594498 -0.00506698
-0.04329497 -0.40517518 0.02694400
0.04677994 -0.45127058 0.04429500
-0.05430425 -0.49199504 -0.00719500
0.04283938 -0.45591983 -0.04330261
0.02489839 -0.44902465 0.05015377
-0.04486911 -0.37407154 0.02175235
0.00774754 -0.40941307 -0.04084911
0.02916806 -0.14779539 0.00040756
-0.00380956 -0.32102877 0.01301063
0.03053238 -0.44510606 -0.05363092
0.00284383 -0.46004194 0.06038367
0.01705440 -0.29329214 -0.01281867
0.02709080 -0.47357911 0.04762171
-0.02757820 -0.30205017 0.00112998
0.00186098 -0.29191306 0.00944002
-0.04020434 -0.44693664 0.03787851
0.01973908 -0.31646085 -0.01632817
-0.05681889 -0.40967709 0.00336280
0.00130510 -0.37928241 -0.03598032
0.01969032 -0.28790289 0.00411754
0.01058860 -0.27229315 0.01000188
-0.02686508 -0.40659803 -0.03651520
-0.02808781 -0.31327870 0.01367557
0.00756355 -0.17819904 -0.00802185
-0.03195180 -0.37811562 0.00825495
-0.04722799 -0.43087214 0.00567359
0.00723430 -0.31773290 0.02170558
0.04874918 -0.44390503 0.01977505
-0.04576219 -0.42064023 0.00344724
0.01276345 -0.31734759 0.00868335
-0.00750254 -0.25185627 0.00967289
0.02720267 -0.33933079 -0.01819558
0.05108431 -0.50153190 -0.01354821
-0.02004334 -0.41999632 -0.04170795
0.01081268 -0.38497213 -0.04380055
-0.01039518 -0.28904897 -0.02426849
-0.00760358 -0.29855159 -0.02598992
0.02988650 -0.37142909 -0.02191634
-0.04921540 -0.40942988 -0.00795071
0.00229985 -0.29004717 -0.02321221
-0.04773106 -0.44811359 -0.01868067
-0.06065332 -0.43535608 -0.01220415
0.01366872 -0.27816814 -0.00271299
0.02795288 -0.41004393 -0.04410841
0.01588162 -0.49193895 -0.04975145
-0.03793660 -0.46002033 0.04271825
-0.00115069 -0.15652856 0.00665564
-0.01224669 -0.46857095 0.03020938
-0.01721028 -0.29740435 0.02781261
-0.04274825 -0.45226187 -0.02301885
0.01911047 -0.20644236 0.02069861
-0.00664977 -0.40744084 0.04472602
0.01923445 -0.22593540 -0.00019383
0.03628948 -0.37445450 0.00978538
0.00450657 -0.29447669 -0.00576145
0.01950969 -0.43669927 0.05199861
-0.04449778 -0.42341292 0.05379495
-0.02362359 -0.47702277 -0.03404357
-0.00166078 -0.23069902 -0.01373134
-0.01948746 -0.37641609 0.02545184
-0.01159741 -0.22770703 0.01095235
0.03121314 -0.32150823 -0.00240941
-0.02593485 -0.49545252 -0.04732487
0.03186886 -0.32477254 -0.02055878
0.02721160 -0.28763446 -0.01311246
-0.00547485 -0.37170243 0.04349534
0.00244502 0.36860043 0.00429801
0.02693809 -0.48182210 0.04603274
0.00623933 -0.46087098 -0.05260105
0.00841188 -0.23440890 0.00465270
-0.00970086 -0.28108254 0.00885241
-0.01165689 -0.37773833 -0.04031010
0.02071726 -0.19615783 -0.01636204
0.00036840 -0.14516318 0.00699035
0.00887992 -0.43053296 -0.04524078
0.02916683 -0.37923440 -0.02295546
-0.00686858 -0.19335376 0.00975575
-0.01170415 -0.39128360 0.04594503
-0.01799489 -0.25170308 -0.00375004
-0.00972417 -0.47445828 -0.06585324
-0.00219101 0.05939292 -0.00204211
-0.02838287 -0.30551887 0.01783190
0.02235924 -0.22087170 0.01027314
-0.03934140 -0.46198589 0.05573505
-0.01276836 -0.15471908 0.01193390
0.05346372 -0.44444042 -0.02780172
0.02519092 -0.28058264 0.01941205
0.00812439 0.38685402 -0.00005976
0.01523914 -0.35430938 0.03320632
-0.01947545 -0.29268408 -0.01116205
0.00265823 -0.36484545 0.03587651
0.01025664 -0.17599620 0.00096225
-0.00876163 -0.31328329 0.02786263
0.04533871 -0.38370487 -0.03094484
0.00516165 0.06688890 0.00176102
-0.01036610 -0.31054738 -0.00492388
0.04295701 -0.48215628 -0.01415034
-0.01252448 -0.45836759 -0.05068603
0.04866847 -0.49346137 0.02562117
-0.02218694 -0.47102237 0.05006125
-0.00906187 -0.32690203 0.04085262
-0.05391265 -0.36537623 0.02042026
0.04303765 -0.44765934 0.03712156
0.04975546 -0.50259954 0.02065478
0.02608475 -0.45981321 -0.04895026
-0.02354860 -0.41619629 -0.04532301
0.01175310 -0.37279591 -0.03560502
0.01946390 -0.49212551 0.04501707
0.00650553 -0.25026092 -0.00718802
-0.00951691 0.29313931 -0.00583511
0.04317084 -0.47587350 -0.03483445
-0.00381596 -0.21688926 -0.01144460
0.04570420 -0.42237559 0.02430353
0.05990265 -0.45435044 -0.00989738
0.03803841 -0.43739331 0.04497179
-0.02191288 -0.32745847 0.01888435
0.04984857 -0.47927186 0.01946468
-0.03221419 -0.47338709 -0.04369071
-0.04910915 -0.42658743 -0.01290700
-0.04713220 -0.47209790 -0.01591827
-0.05345506 -0.45069697 0.01684905
-0.01465924 -0.22457665 -0.00334625
-0.05183846 -0.47101653 0.02778320
-0.00438647 0.50713694 -0.00460111
0.04992957 -0.46204853 0.01116110
-0.00383356 -0.17780012 -0.01501842
0.05535460 -0.42708349 -0.00620578
0.03308985 -0.47967175 -0.04500885
-0.01337243 0.44705278 0.00708027
0.00482595 -0.37600911 -0.04843725
-0.01197958 -0.48440567 0.03391797
0.00286798 -0.38259500 -0.03739063
-0.05551935 -0.45726353 -0.01890342
-0.01096846 0.47453022 0.00184515
0.02915304 -0.33795750 0.00316612
0.04901922 -0.49376020 -0.01423933
0.02691341 -0.30961728 -0.01253355
0.01746097 -0.40194184 0.04898258
-0.04438343 -0.44551486 -0.01427595
-0.00798812 -0.35386223 0.02212939
-0.04010972 -0.35647154 0.00170201
0.06524687 -0.42856947 0.03134947
-0.01412016 -0.41098744 -0.04518048
0.00981692 -0.44154224 -0.05003912
-0.05857964 -0.47832862 -0.00781698
-0.05014387 -0.49748749 -0.00219319
-0.00883680 -0.30254704 0.01608536
0.04332279 -0.47661901 0.02851149
0.01718066 -0.18673858 -0.00424380
-0.01908220 -0.45340765 0.04381498
0.03700221 -0.43129322 -0.03065637
-0.00423215 0.41119632 -0.00324107
-0.04443783 -0.42258042 -0.02773786
-0.03692485 -0.43267047 -0.03826097
-0.00118765 -0.44423711 0.05991028
-0.02304141 -0.37472364 -0.03219302
-0.01811240 -0.31776899 -0.02791271
-0.01435604 -0.48525581 -0.04620500
0.05952222 -0.46028817 0.00638669
-0.02438451 -0.28532171 -0.00938277
0.00689059 -0.43235713 0.05869842
-0.02214424 -0.31772235 0.02745300
0.03523400 -0.33125019 0.01791414
-0.02653712 -0.28986120 -0.00171967
-0.01216489 -0.17512888 0.00421053
-0.06020171 -0.48337802 0.00185394
-0.00638151 0.47137982 -0.00057234
-0.04070498 -0.41325960 0.03326823
0.04793680 -0.45662141 -0.02849950
0.03193910 -0.37887582 -0.02448947
-0.01091322 -0.40202871 -0.03485025
-0.02141084 -0.20686090 0.01999609
0.04164532 -0.31038398 -0.00399497
0.00709141 -0.30266938 0.03387370
0.00949693 -0.29112962 -0.01694698
-0.00438226 -0.48783427 -0.05197199
0.01104982 -0.23811270 0.00687613
-0.04963510 -0.44293785 0.01469683
0.04161841 -0.35492760 0.01294473
-0.03852948 -0.40869537 -0.01533884
0.03303440 -0.37181148 -0.02322188
0.02884189 -0.37261227 0.00285981
-0.02060089 -0.45337483 -0.04423875
-0.00650823 -0.25567135 0.01853538
0.00886337 -0.26292872 0.00348021
0.02932158 -0.28218547 0.00862781
0.04228681 -0.46633619 -0.03517751
0.03171898 -0.33526173 0.01070164
-0.02735090 -0.47167516 -0.04778375
0.04473929 -0.46716401 -0.02609306
-0.01666766 -0.37636861 0.03573894
-0.01425554 -0.45697692 -0.05069153
-0.02040708 -0.31124565 -0.01341532
-0.01491093 -0.46332243 0.04170856
-0.01092808 -0.31594920 0.02428740
0.00251360 0.33287466 0.00495688
-0.03021545 -0.38021168 0.02711271
0.05641603 -0.45243597 -0.01434465
-0.01945517 -0.28634641 -0.01211609
-0.04596633 -0.34423697 -0.00630047
0.00801334 -0.47449988 0.04910121
0.00153099 -0.36218685 0.03571491
-0.02495442 -0.30996060 0.00305902
0.05983545 -0.47311199 -0.02092494
0.00387260 -0.31120768 0.00114858
0.01608871 -0.34114227 -0.03318705
-0.04295532 -0.41417864 -0.02682495
0.03306214 -0.35385531 0.02225121
0.05520108 -0.43924841 0.01628202
-0.05005914 -0.40981764 -0.03067484
0.04473932 -0.45968324 -0.03459838
-0.01859896 -0.39092255 -0.03793962
0.00837719 -0.47871584 -0.05061100
0.01872018 -0.27781421 0.00495251
-0.00895909 -0.12043384 0.00929226
-0.04051746 -0.42181435 -0.01346992
-0.05019776 -0.43525711 -0.01316905
0.04720652 -0.42741120 -0.02810462
0.00014412 -0.44317651 -0.05550848
0.00469846 -0.18684839 -0.00099497
-0.02829602 -0.33540851 -0.01181808
0.02862040 -0.31348652 -0.00902013
-0.05707477 -0.46147126 0.02775812
-0.00722987 -0.47462836 -0.05193856
-0.02493325 -0.47468716 -0.04773819
0.04668684 -0.37368828 0.01588176
-0.02144396 -0.43089777 0.05056934
0.01028121 -0.30989367 0.02812740
0.05709139 -0.42398670 -0.00926100
-0.01023277 -0.30487835 -0.01684873
-0.00031840 -0.00982261 0.00514765
-0.00141261 -0.19553018 -0.03027981
0.00470424 -0.28331399 0.02103831
0.00668586 0.49659503 0.01020714
-0.01715741 -0.47151238 -0.04247353
-0.05849423 -0.47903654 0.00292057
-0.01024502 -0.41688034 -0.03591951
-0.02250568 -0.37631446 -0.02655457
0.01176522 -0.26471743 0.01479758
-0.05619439 -0.50036854 0.00297998
-0.00023257 -0.41856614 -0.04957621
-0.02525300 -0.37026319 0.02818771
0.02864931 -0.33586231 -0.00198105
0.04213567 -0.40746608 -0.02624887
0.04834134 -0.39057013 0.00495686
0.04366177 -0.40868381 -0.02025183
-0.04250273 -0.44995558 -0.04047509
0.04981131 -0.42883924 -0.00309756
-0.00338718 0.42606682 0.00801612
0.03799358 -0.45728126 0.02454729
-0.00881189 -0.03799469 -0.00433391
-0.03478923 -0.38662302 -0.00812291
0.00568132 0.48867881 0.00130962
0.04217838 -0.42025980 0.02607592
0.04667436 -0.38453874 0.01604978
-0.01072433 -0.29806238 0.02685686
0.00754126 -0.43916848 -0.04768616
0.03398851 -0.36161533 0.00071147
-0.01948340 -0.48047116 0.05395994
-0.00032266 -0.42485106 -0.04940547
-0.01401291 -0.35461074 -0.02822629
0.00419435 -0.47266293 -0.05093770
-0.03875028 -0.46729162 0.03363841
-0.05131949 -0.44070491 -0.00968756
-0.00016078 -0.33548325 -0.03913473
-0.01831042 -0.39112735 -0.04515120
-0.03784014 -0.46763170 -0.03721726
0.03589421 -0.45901477 0.03445014
-0.02652959 -0.40855178 0.04132023
0.02597156 -0.49326664 0.03729540
0.03447997 -0.37490201 -0.02194466
0.03750682 -0.46711344 -0.03555623
0.00248323 -0.12977883 -0.00238170
0.05974134 -0.45249099 0.00678735
-0.03934263 -0.39140427 -0.01656804
-0.00092476 -0.29235309 -0.01650931
0.02384937 -0.28594971 0.00386591
0.02502935 -0.22744930 0.00740442
-0.04616647 -0.43079138 0.00602764
0.00421541 -0.29766500 -0.02849471
-0.03237512 -0.37818578 0.02692801
0.01442689 -0.34957251 0.03462344
-0.01844365 -0.43499428 -0.05097003
-0.02103370 -0.38337693 -0.02690024
0.01767034 -0.21512698 -0.01115345
-0.05841433 -0.43370074 -0.02401929
-0.03462570 -0.48976731 0.00315250
0.03766997 -0.28745002 -0.01923104
-0.01092434 -0.39677289 -0.04078477
0.05755462 -0.43238339 0.00568179
0.00158431 -0.45695990 0.04344658
0.00549460 -0.46573433 0.04749526
0.01005020 -0.34123719 -0.00605555
-0.04150006 -0.48440212 -0.03052606
-0.05297690 -0.40515238 -0.00791330
-0.00149236 -0.06988440 -0.00486558
-0.00477348 -0.36273283 -0.03790324
0.05660067 -0.35938734 0.00273465
0.00817291 -0.41748205 0.05269615
0.00629744 0.02393953 -0.00708626
0.01552102 -0.33976015 -0.01346041
0.01499947 -0.17633379 -0.00866697
-0.05162714 -0.39459866 -0.00192536
0.04596115 -0.47027090 0.01718534
0.03784835 -0.36275429 0.01981648
0.01944152 -0.44608617 0.04918531
0.01018832 -0.36717057 -0.03867601
0.00497448 -0.29444763 0.00159102
0.01009561 -0.07686795 0.00171786
-0.02082106 -0.37711561 0.02665716
-0.01036559 -0.42250967 -0.04661514
-0.02375010 -0.40375489 0.04133803
0.00187660 0.10409574 -0.00475037
-0.04197340 -0.46601912 0.04154244
-0.02947954 -0.43360913 -0.04205028
0.00048192 -0.45150605 0.06044957
0.02319735 -0.34266776 0.03658511
0.01136591 -0.28376296 0.00241281
0.02193193 -0.29280311 -0.00053421
0.01664613 -0.18981928 -0.00748308
-0.02363353 -0.36561307 -0.02604332
-0.04243287 -0.33395568 0.01607190
-0.05844153 -0.40011710 0.00748813
0.02835229 -0.48928469 0.03614541
0.05098345 -0.37170199 0.00567643
0.00499139 -0.21245995 0.00584530
0.01637993 -0.32026881 0.01193367
-0.04708599 -0.44788224 -0.00900897
0.04124583 -0.45867813 0.04346424
0.05450330 -0.31752658 -0.02199041
0.04687897 -0.47022733 0.04428396
-0.02755987 -0.38670632 -0.03493879
0.02070200 -0.29150286 -0.00211056
0.04777254 -0.43177491 0.00389349
0.01030013 -0.46778944 -0.05368092
-0.03893640 -0.40792507 0.02001664
0.05987054 -0.44038263 0.02688753
-0.00097266 -0.30859575 0.03224234
-0.06147376 -0.46139213 -0.01417933
0.02404816 -0.46185312 0.04702369
-0.01092546 -0.38576746 -0.03341994
-0.01180596 -0.27519715 0.00216327
-0.03624772 -0.34513915 -0.01500587
-0.04836221 -0.38010877 -0.00574641
0.01407866 -0.18099600 0.01275424
-0.03125923 -0.38116542 -0.03154849
-0.02220085 -0.40940389 0.04936156
0.01734677 -0.34246749 0.00883453
-0.04794593 -0.45900714 0.02993649
0.04171319 -0.36831123 0.02094495
0.00797434 0.24316265 0.00407784
0.01900367 -0.29997140 0.02173405
0.00169430 0.09547649 0.00606004
0.02042105 -0.33810788 -0.00857946
0.03142177 -0.38366643 0.03226025
