0.00347752 0.15573505 0.00002208
0.00095953 0.40476748 -0.02615535
0.02322320 -0.47771046 -0.05479936
0.00464091 -0.16427225 0.00269964
0.00466731 0.11566675 0.00026476
0.00080776 -0.35737711 0.00615892
-0.03124166 -0.49291679 0.01979456
0.04525248 0.46030706 -0.03659670
0.01230431 -0.48995489 -0.05000158
-0.00482666 0.41727108 0.00045277
-0.00333689 -0.49098814 0.04746811
-0.03998768 0.47411928 0.02294591
-0.01786258 0.41813901 0.01068767
-0.03762501 0.43265080 -0.00949448
-0.01643895 -0.49124652 -0.05295699
0.01004631 0.06373999 -0.00676710
0.00680594 -0.12873524 0.00155658
-0.02267044 0.45612907 -0.01359907
-0.02733376 0.44221371 -0.03117204
-0.01975906 0.46509084 -0.02910457
-0.01453992 0.40301690 -0.00071826
-0.01692198 -0.48303857 -0.05096806
0.03198181 -0.47761685 -0.00531116
0.00660514 -0.38658252 0.00646855
-0.01080283 0.17288837 -0.00509673
0.01276162 -0.40357026 0.00538462
-0.03488993 0.46984312 0.03267997
0.00759717 -0.38227731 0.01076805
-0.00820203 0.47541147 0.01839926
0.01474989 -0.19502354 -0.00523479
0.02890910 -0.48701537 -0.01993768
0.01388440 0.38205966 0.01903373
0.03462207 0.42119285 0.02591626
0.00572732 0.21518654 -0.00642528
0.00730501 -0.41727415 0.00501839
0.02157646 0.46732649 -0.00770322
0.00889566 0.27526063 0.00074223
0.00612803 -0.49212629 0.04669244
-0.04157205 0.39446011 -0.00577026
0.01208825 0.07366059 -0.00002319
0.01015211 -0.46445346 0.00557600
0.02173966 0.48096234 0.03732484
-0.04110606 0.43808463 -0.00305425
0.00122517 0.26559970 -0.00042857
-0.03941844 0.44718745 -0.02573079
0.00107479 0.44826832 0.04080638
0.01664969 -0.46558598 0.00058015
-0.00169201 0.47227001 0.04804120
0.01522141 0.38061398 0.01372032
0.06799063 -0.48724085 0.01560238
-0.02776508 0.42154095 -0.01482414
0.01130846 -0.49313927 0.02430184
0.00587557 0.28879169 -0.00501990
0.05339709 0.43718964 0.00750232
0.00417076 -0.35475230 -0.00404203
-0.01253003 0.39541769 0.00299241
0.02423291 0.47582543 0.02488849
-0.05076252 -0.47256538 -0.01695772
-0.04878222 -0.49570879 -0.02323297
0.00718973 -0.29512468 -0.00137681
0.00507240 -0.04669717 -0.00949060
-0.04463088 -0.49149916 -0.00097580
-0.02020006 0.42146030 0.00513052
0.04656795 -0.49613330 -0.06278132
0.01655735 -0.40623069 -0.00029734
0.00171584 0.23759390 0.00151381
0.00239468 0.37892610 0.00433648
0.01334362 -0.48559505 -0.05451741
0.00452178 0.07519522 -0.00336299
0.03261042 -0.49437144 -0.05671895
0.00677739 0.28563914 0.00386176
0.04982742 -0.48375368 0.00870647
-0.01158531 -0.49511620 0.06112814
-0.00668036 0.35870337 0.00405021
0.00561184 -0.26616624 -0.00532559
0.00822672 -0.04414764 0.00007113
0.00942004 0.39368838 0.02867586
0.05740061 -0.49713898 0.01636781
0.02890138 0.42660376 -0.02497089
-0.00455343 0.13243857 -0.00379888
0.00352709 -0.35608852 0.00463303
0.00345747 -0.00500528 -0.00817358
-0.04016458 0.46367633 0.00539921
-0.02149893 -0.45195946 -0.02001704
-0.02668729 -0.47309306 0.01292161
0.00974780 -0.38502499 -0.00325708
0.01874278 0.40587938 0.00021196
-0.03536163 -0.49464163 -0.04744488
-0.04808836 -0.48262739 -0.03142386
-0.00281053 0.25016752 -0.00518693
-0.00141338 0.37938356 0.01189677
-0.01099514 0.47203660 -0.04248761
0.03082218 0.41775391 0.01426317
-0.03791768 0.46328816 -0.04037612
-0.00224182 0.36253333 0.00595148
0.00120543 -0.19357629 0.00408138
0.01823476 -0.44592971 -0.00081455
0.00705431 -0.49922451 0.06709968
-0.04490561 -0.48695520 0.03957944
-0.02150551 0.47050375 -0.02072597
-0.01133612 -0.49251184 -0.03758095
0.00193336 0.47285268 0.04474900
0.02129919 0.37001216 -0.00099968
0.00134986 0.27385405 -0.00211857
0.05565325 0.44765133 -0.01789745
-0.04149796 0.43883699 0.02461678
0.04303629 0.45844293 -0.02476705
0.01045862 0.13764617 -0.00446491
0.01996922 -0.47385418 -0.02770624
0.01160940 -0.47284037 0.00489027
0.06212955 -0.48983288 -0.01297155
0.05337396 0.44405058 -0.01590129
-0.00076771 -0.25086394 0.00518167
-0.01260125 0.41558149 0.01291614
-0.00475879 -0.44893444 0.00819790
0.04273315 0.45589942 0.01227886
0.00535711 0.26460615 -0.00259027
-0.00194255 0.03968164 0.00036122
0.03478873 0.42184135 -0.00377666
-0.00106500 0.10236750 -0.00339801
-0.03859555 0.44687599 -0.00346276
0.05085262 0.44088957 0.00909762
-0.02739215 0.46490300 0.03278599
-0.04058458 0.44892147 0.01399058
0.00014637 0.40458819 -0.01877425
-0.04795713 -0.48583478 0.04364951
0.05137794 0.44241658 0.01608579
0.01661441 0.01907369 0.00368444
0.00173921 0.24989419 -0.00020615
0.01783259 -0.45272869 -0.00695879
-0.01086606 0.36776769 0.00824765
-0.00072311 0.36621159 -0.00507544
-0.00866604 0.33930457 -0.00707651
0.05714557 -0.49104315 -0.01806491
0.04647111 0.46866688 0.02964960
0.03309625 0.43275130 0.02804681
0.00130469 0.33728230 0.00787703
0.03820650 0.45275295 -0.02528822
0.00021437 -0.44053534 -0.00466805
0.01565692 0.05144353 -0.00063546
0.00922093 -0.46736872 0.00501003
0.02084935 -0.47331822 0.00643442
0.00020792 0.10177395 -0.00739698
0.02965994 0.42430350 -0.02070787
-0.04185704 0.43217817 0.00872258
0.00746528 0.28485793 -0.00302907
-0.00440516 -0.44208217 -0.00444637
-0.02680875 0.41382217 -0.00418865
0.00317661 -0.39608216 -0.00086872
0.03179658 0.44842938 0.03490597
-0.02522372 -0.48719460 -0.04082515
0.00717641 0.38578534 0.01166236
-0.01095105 0.38460892 -0.01867996
0.01047757 -0.40803701 -0.00352124
-0.04205151 0.44818851 0.03906851
0.04674633 -0.47879204 -0.01711500
-0.00183962 -0.44369140 -0.00677766
0.00308179 0.01053920 -0.00282003
0.01548194 -0.15448026 0.00476337
0.01170524 0.36616001 -0.00542740
-0.02627240 -0.49287674 -0.06754687
0.02541467 -0.49226663 -0.05754294
-0.04918571 -0.48435986 -0.03224226
-0.00874303 0.42679235 0.00134217
-0.00111283 -0.48526111 -0.04477005
-0.01845301 0.42329112 0.04344051
0.03134305 -0.48996556 0.05472687
-0.00397697 0.34656903 0.01263232
-0.00760544 0.06247073 0.00277291
-0.02597987 -0.49018353 0.03484639
0.04873546 -0.48961759 0.04886883
0.00090122 0.36223972 0.00775588
-0.01052135 0.46554288 -0.04438346
0.00206127 0.30383858 0.00156289
0.03729988 0.44270104 -0.03655698
-0.01175392 0.40741208 0.01477661
-0.00070908 0.37481692 -0.01425075
0.06538866 -0.48977259 0.02875609
-0.05474372 -0.49224114 0.03412465
0.01787982 0.42332008 -0.03175456
-0.00310403 0.45206529 0.04663504
0.01043795 -0.03306905 0.00163931
0.02635433 0.41226399 0.00172769
0.02858741 0.44530782 -0.03075003
0.00833055 -0.14678852 -0.00089139
0.02103964 0.47649288 -0.02407103
-0.00300389 -0.49149418 0.06390837
0.00354134 0.18253778 0.00037810
0.01090515 0.38060269 -0.01876542
0.04356045 -0.48681033 -0.02085033
0.00989366 -0.09944065 0.00192192
-0.00370649 -0.48708674 0.00034042
0.00754974 0.19835109 -0.00850733
0.02838370 -0.47634432 0.03113455
-0.02826372 -0.49236202 -0.02022074
-0.00569441 0.33148476 -0.01203017
0.00354783 0.22149645 -0.00142499
0.01497922 -0.17445853 -0.00224886
-0.04301130 0.45230079 0.00631050
-0.02047904 0.43857360 0.04581287
0.01204607 0.05401773 -0.00534293
0.03601946 0.44586161 -0.03066423
0.01221483 -0.20094916 -0.00569372
0.00230862 -0.46989131 -0.00417206
-0.00033646 -0.35863835 0.00566186
-0.05385903 -0.49187392 -0.02043542
0.00856477 0.44567347 0.04127785
-0.00342863 0.39982289 -0.02441367
0.01143951 -0.15846011 -0.00390954
0.02788851 -0.49687469 -0.06376544
0.00927051 0.44248798 0.05690254
0.00018588 0.15900789 0.00588431
-0.05214320 -0.48428383 -0.02091352
0.00629215 -0.11524392 -0.00228753
-0.02747292 -0.49133161 -0.05818603
0.00111481 -0.12100624 -0.00066842
-0.03192746 -0.49227038 -0.04668017
-0.04738265 -0.48922867 0.03779648
0.07081342 -0.48996314 0.00171049
0.02334244 0.47364938 -0.03082687
0.04253474 -0.49090159 0.06529661
-0.00505868 0.04081907 -0.00616999
0.03907263 0.44575909 0.03601078
0.06632087 -0.48688641 0.01678868
0.00866577 0.40162879 -0.00436650
0.01810450 -0.48186457 -0.01875513
-0.00600660 0.32689098 0.00128546
0.00781525 0.33196843 -0.00036570
0.03290487 -0.49554464 0.05338137
0.00422018 0.02666467 -0.00526511
0.01257278 -0.16822474 -0.00182942
0.00173373 -0.39088538 -0.00442840
-0.00089641 -0.02918692 -0.00919976
-0.00547389 -0.34886998 0.00414034
0.00562221 -0.15328196 -0.00515711
-0.01697787 0.43399358 -0.01821299
0.00218876 -0.48807502 -0.03042414
0.00661432 0.46052670 0.05029852
-0.00554666 0.13538857 0.00291510
0.00087465 -0.03436089 0.00176832
-0.00256922 0.04531362 -0.00498283
0.00169339 0.41413182 0.00199765
-0.00216289 -0.01133396 -0.00648490
0.05122395 -0.48864380 0.02366016
0.00760297 0.38942990 0.01016478
0.01194963 0.21208116 0.00419102
-0.01824916 -0.40938476 0.01162690
0.00694421 -0.21354280 -0.00428950
0.06881648 -0.48687261 -0.00240448
-0.03640579 0.42961636 -0.00855911
0.00307518 0.00024487 -0.00045014
0.00911478 -0.48629814 -0.05498371
0.01811039 -0.47561863 0.02784031
-0.00695492 -0.47141084 -0.04047255
-0.00205270 0.39497977 0.02790490
-0.00583653 0.05749482 0.00433317
-0.00282014 0.48190010 -0.04045496
0.00618256 0.38355356 -0.02156656
0.04243696 -0.49445024 -0.04218660
0.01409242 -0.08698358 -0.01151201
0.00882743 0.27446342 -0.00494620
0.00187846 0.04891482 -0.00565254
0.03302281 0.43590477 -0.02390203
0.06135187 -0.49062234 0.04105788
0.00588944 -0.30324605 0.01108331
0.00279790 -0.24684337 0.00671578
-0.00474405 0.17777307 0.00021778
0.00867865 0.29528779 0.00226592
-0.00106053 -0.07087696 0.00038537
0.00044746 -0.48566309 0.01214140
-0.02251392 0.44219732 -0.03387487
0.01937315 0.38200414 -0.00407831
-0.00701350 0.15303680 0.00395159
0.00146917 0.45825112 -0.04641728
-0.03521517 -0.48567331 -0.03221317
0.04908748 0.45354947 -0.00371261
-0.01340033 0.39409253 0.00283181
-0.02577126 0.47370249 -0.02844669
-0.01825963 0.45313200 -0.04140971
-0.03020049 0.44663620 -0.03816391
0.00511339 -0.48153859 0.01139484
0.00072263 -0.47662613 -0.04896528
-0.00374059 -0.12862428 -0.01184790
-0.00089037 0.25612873 0.00175707
0.02319345 -0.46185252 0.00183922
-0.03244675 -0.48704407 -0.04994121
-0.03919842 0.46100268 -0.03565955
0.00830547 0.33912849 -0.00441461
0.01052993 -0.17009842 0.00408165
0.05024293 0.45314229 -0.02452874
-0.00318239 0.04102164 0.00042768
0.03677624 0.45600092 0.04224082
-0.01487467 0.42422932 -0.01444723
-0.02657170 0.44769126 0.04244401
-0.00334374 0.40286446 0.01383108
-0.00894280 0.35847545 0.00440774
-0.00275931 0.28645745 0.00185535
-0.01860366 -0.48744777 -0.01276017
-0.03289083 -0.49182311 0.02526183
0.00333662 -0.28850543 0.00139652
-0.00006659 0.29765797 0.00401189
0.01096737 -0.03250751 0.00378474
0.00099648 -0.30361664 -0.00314674
0.01097335 0.19828567 0.00365269
0.03574383 -0.47376993 -0.06125930
0.00411338 0.06463224 -0.00051083
-0.02274063 0.46150380 0.04242853
-0.00252844 0.40274888 0.02387592
-0.02771742 0.44953400 -0.02466002
-0.00237723 0.34529534 0.01577817
-0.00537941 -0.46072775 -0.00295630
0.00589096 -0.33835828 0.00637425
0.00872967 -0.47419357 -0.04659645
-0.03765938 -0.48868722 -0.04947960
-0.00488279 0.03618525 0.00096074
0.02407088 0.35917634 -0.00371819
-0.00984968 -0.25882915 0.00395751
0.00884294 0.04026482 -0.00346857
-0.01241282 0.44626224 -0.04316169
0.03972660 -0.48519063 -0.02114804
0.00875611 -0.16218625 -0.00748006
0.03518142 0.42633101 0.02366955
0.00244236 0.36079231 0.00522004
0.02839025 -0.49252158 -0.04735115
-0.04073926 -0.48212764 -0.01101752
0.00168458 -0.03376029 -0.00689505
-0.04435397 0.46174270 -0.04009454
0.00043086 -0.33853680 0.00069198
-0.03170229 0.44005817 0.02765858
0.01721859 0.07101667 0.00243899
-0.05243059 0.46567443 0.00286393
0.00157049 -0.26944071 -0.00268334
0.01770452 0.44832677 0.03995297
0.00660398 0.19289565 -0.00534273
0.02350984 0.46338567 0.04070951
0.05010616 0.45705038 0.01302548
0.04891461 -0.47822708 -0.00581332
0.01339475 -0.44268170 -0.00620412
-0.02516262 0.38624191 -0.02044939
0.00105847 -0.38181460 -0.00383119
0.00307711 -0.30915090 -0.00609078
0.01691940 -0.49339321 -0.04291780
0.05549567 0.44287920 -0.02926303
-0.00707943 0.30465132 -0.00034201
0.01216329 0.20510557 0.00587952
-0.03404462 0.45376042 -0.01407516
0.01634824 -0.39676583 0.00104296
0.04015953 -0.49419692 -0.05975782
0.00949913 -0.43808708 0.00232035
0.00495114 -0.48645598 -0.03897167
-0.02841417 -0.47117597 -0.04697918
0.03475573 -0.48449078 -0.01209093
0.06185234 -0.49526468 0.00868304
0.02004216 0.43033698 -0.03488354
0.04798348 -0.47208461 0.00251587
0.00000821 -0.49252358 0.02242886
0.02627178 -0.48522577 -0.05513716
0.05624066 -0.48870283 0.02401321
-0.04769368 0.48185107 -0.01332295
-0.00672992 0.43433738 0.04189644
0.00700632 -0.48561674 0.03931327
-0.00281461 0.37761334 0.00825509
-0.01635437 0.42769545 -0.02836020
0.00485711 -0.12059824 -0.00346888
0.06078193 -0.48901331 -0.01800684
-0.00191137 0.07546550 -0.01158118
-0.00570143 0.14232832 -0.00237083
0.04024234 -0.47614893 -0.04503332
0.00985034 0.22609268 0.00130754
0.00520015 -0.48723480 -0.04777360
-0.04140617 0.46635297 0.00914890
0.01079641 0.41924462 -0.03744310
0.01170927 -0.47530025 0.05030982
0.00101482 -0.16638626 -0.00380872
-0.04380346 0.45744598 0.03077239
0.00511957 0.25141332 0.00258148
-0.00812573 -0.48533389 -0.06272683
0.00374515 0.11356727 -0.00188347
0.01881697 0.38410392 0.00706291
0.00325408 0.35988975 -0.00143487
-0.00031209 0.05964940 -0.00503466
-0.00120113 -0.43132201 -0.00552570
0.01667877 0.39205456 0.00845489
-0.01173245 0.47541833 0.04492195
0.01282132 0.16914579 0.00277461
-0.01187433 0.37612194 -0.00215405
0.00478623 0.27497888 -0.00010441
0.00117887 0.36122882 -0.01057682
0.01213196 0.16956972 0.00334333
0.01720687 0.38988987 -0.00634334
-0.03997347 0.45497662 0.02304045
-0.02788921 0.46765280 -0.04910121
0.01518438 0.31992787 0.00488659
-0.03682377 0.45087865 -0.01674134
-0.03923775 0.43503699 0.02740177
0.00563267 0.30040702 -0.00163935
0.00182246 -0.09120050 -0.00204617
-0.04878815 0.47838163 0.02055101
0.05101112 0.43647379 -0.02227397
0.03882550 -0.48121735 0.02379291
0.00224077 0.26569197 -0.00353570
0.05741644 -0.49350020 0.00819088
-0.04843962 -0.45808536 0.01888409
-0.00029017 0.36528575 -0.00009987
-0.00109507 0.40103486 -0.02594179
0.00972006 -0.18536142 -0.00184839
0.01053625 -0.38359672 -0.00218105
0.00375639 -0.27626958 0.00267869
-0.02795765 0.43093565 -0.01339488
-0.03122863 0.43184486 0.02084540
0.00928627 -0.22507754 -0.00333490
-0.02977872 0.43751773 -0.03188067
-0.00443093 -0.49142209 -0.06384876
-0.00269292 0.45115656 0.03941907
0.04813533 0.45247576 0.00981644
-0.00027533 0.01020608 -0.00464558
0.00279868 0.12841505 -0.00152629
-0.03620336 -0.49040821 0.01959557
-0.00737200 -0.48629737 -0.03194763
-0.00261700 -0.03993641 -0.00985735
-0.03110820 -0.47524077 -0.04030239
0.03766721 0.42463332 0.01320889
0.04556505 -0.49021524 -0.05269573
0.00443814 0.15060686 -0.00670989
-0.00906877 0.40033227 -0.01728198
-0.05272169 -0.48408952 0.00347899
0.00465219 -0.30296519 -0.00496663
-0.00832929 0.27877402 -0.00150830
0.02848475 -0.46972126 -0.04152376
-0.00840527 0.45158550 -0.05166090
0.03682168 0.47468570 -0.00042822
0.00512187 -0.17682642 -0.00956392
-0.01272126 0.42778164 -0.03510173
0.02148206 -0.49058753 -0.00791670
-0.03881587 -0.48581693 -0.04663559
0.03125403 0.41975510 -0.02643326
-0.00307212 0.39045411 -0.01005409
-0.02615207 -0.49381742 0.02848547
0.02514037 0.42545557 -0.01316067
0.00214280 -0.07044016 0.01010003
0.00799974 -0.37771335 -0.00153371
0.03185210 -0.49318132 0.06629136
0.01139388 -0.47145486 -0.02240581
0.01345846 0.38039669 0.00145928
-0.04704360 0.46349868 0.00187526
0.02469419 -0.47476852 0.02453536
0.00878084 0.45868996 -0.04441580
-0.02709218 0.43509960 0.00616154
0.00043245 -0.46890673 0.00954889
-0.00248267 0.30802590 -0.00305967
0.00453733 -0.08920950 -0.00237477
0.01068274 -0.39141995 0.00049002
0.00062782 0.46986166 -0.01228563
0.05385841 -0.48525810 0.00068010
0.02953951 -0.47989866 0.04749053
0.00699582 -0.28435990 -0.00780490
0.06898444 -0.48874643 0.02460843
-0.05374086 -0.49146417 -0.03368251
0.05197942 0.45855033 -0.00294532
-0.00247231 -0.05022537 -0.00301490
-0.01718908 0.42902842 -0.01512969
-0.00231085 -0.23695348 0.00283612
0.03337181 -0.48235598 -0.05618207
-0.00608036 0.43573308 -0.02632564
-0.01987299 0.40913862 -0.00377856
0.00995800 -0.42763472 0.01019648
-0.01202250 -0.49044698 0.04989526
-0.01167772 0.43030521 -0.01781438
-0.00402587 0.07835573 -0.00420494
0.00514773 0.32398176 -0.00385825
0.00072926 -0.48723772 -0.05051092
0.04464223 0.43517429 -0.00244793
-0.04334548 0.43220493 -0.00728776
0.01308047 0.12779516 0.00253022
-0.03380765 0.44188479 0.02230482
-0.01293312 0.36293688 -0.00064745
0.04284135 0.43814343 0.02571355
0.01290914 -0.45989150 -0.00922327
0.04095280 0.46062353 -0.00160587
-0.02879283 0.43912116 0.01088658
-0.00199195 0.44892451 0.02347735
0.04408070 -0.49272984 0.02563986
0.01562472 0.40535995 -0.00875148
-0.03372474 -0.49390608 0.04575456
0.00473093 0.20969529 0.00207214
-0.03077174 0.46725208 -0.01753289
0.02300097 -0.48042309 -0.03719930
0.01690859 0.05422841 0.00515459
0.05413328 -0.48909545 0.02994689
-0.04281936 -0.49350169 0.04162875
0.01145977 0.27238336 -0.00255679
-0.03456869 -0.47856769 -0.02642607
0.01848951 0.42208850 -0.03462164
0.03649908 0.39707261 -0.01419567
-0.00860063 0.41681388 0.00591738
0.04491502 -0.49041480 -0.04446388
0.00776906 -0.18546511 -0.00091453
-0.03985830 0.46815956 -0.01167448
-0.02280244 0.48062295 0.03051664
0.04455854 0.46202180 -0.03262655
0.04077983 0.42331815 -0.04135744
0.00576717 -0.21370476 0.00301047
0.01556150 0.02341300 -0.00301190
-0.03671884 0.44655794 -0.03734912
-0.01246570 0.40449578 -0.00587187
0.03633448 0.47648120 -0.00341777
0.00373726 -0.15002826 -0.00339233
-0.03656752 0.44128284 0.01671705
0.02944276 0.43661666 0.03032550
-0.01933401 0.41069120 0.01682702
0.00157719 -0.12260766 -0.00383125
0.01290294 -0.44118413 0.00116804
0.01031331 0.31229874 -0.00308892
0.03534741 0.45233178 0.04341941
-0.02814692 -0.48959318 -0.04109732
0.00520441 -0.22548397 0.00124937
0.00629825 -0.26468056 -0.00342820
-0.02954460 0.42834374 -0.01664194
0.01569678 0.37920555 -0.00658096
0.00223447 0.41949618 0.04261165
0.00200050 0.39541030 0.01404820
-0.00003338 0.33581412 0.01139002
-0.01807969 0.43691486 -0.01584192
0.05021701 -0.49151978 -0.06360346
-0.02833987 0.45506704 -0.03835871
0.02457145 0.32970491 -0.00328094
0.01861230 0.38288644 0.00487241
0.00283251 0.47433034 0.04309166
-0.02063561 0.41468820 -0.02722386
-0.00005664 0.20234355 0.00070577
0.06483048 -0.49198952 0.00439073
-0.03502990 -0.48842260 -0.04547161
0.00318582 -0.14468385 0.00202922
0.05330982 0.45687523 -0.00897613
-0.00622569 0.08601199 0.00083186
0.04563400 -0.48706633 0.01903937
-0.00057390 0.36286506 0.00680054
-0.00220812 -0.02971337 -0.00128840
-0.01113757 -0.48618138 0.06167738
-0.01437203 -0.43122387 -0.00715181
0.00940537 0.03918244 -0.00055314
-0.01638786 0.41693419 -0.00303862
-0.04889691 -0.47884253 0.00925688
0.00108993 0.46657771 -0.03538867
-0.03942687 0.41336060 0.01378949
-0.02159538 0.44975147 -0.04458870
-0.05837411 0.44322190 0.00678952
0.05184699 0.45641366 0.00206066
0.00057930 -0.37603998 -0.00155579
0.04324825 0.45490089 -0.04232887
-0.00558773 0.38408458 0.00238005
0.00876582 -0.17119312 -0.00530616
0.02522273 -0.48432475 -0.05326560
-0.00116369 0.21368840 -0.00781428
-0.00019493 -0.37309065 0.00358763
0.03801508 -0.45230705 0.00627031
0.00014030 -0.48978624 0.06007737
-0.03619267 0.40674466 -0.01201157
-0.02100670 0.45336467 -0.04460905
-0.01888729 0.46310201 0.03166020
-0.04825211 -0.48736343 0.04792890
0.00603244 0.15030369 0.00234973
0.01292691 -0.33258772 -0.00673511
0.02725064 0.40402377 0.00315322
-0.00173657 -0.48850408 -0.03069928
0.01460349 0.39832515 0.01351173
-0.01150234 0.39517680 0.02200989
0.00674805 0.27643701 -0.00607818
0.00700877 -0.47129235 0.00543706
0.04992544 0.42105082 0.00205837
-0.00325480 0.09799431 -0.00589297
0.05918798 -0.48593229 -0.04409394
-0.01340043 0.36263677 -0.00166675
0.00345993 0.33225712 -0.00500513
0.00571607 -0.48774296 -0.02719132
0.00905475 0.34321773 -0.00960974
-0.02454979 0.46714440 -0.02595939
-0.00326931 -0.40610412 -0.00027006
-0.00311606 0.42065024 -0.00685655
0.03009430 0.40705478 -0.00835074
0.01818590 0.45379874 -0.05629618
0.00101620 -0.17722677 -0.00612163
-0.00215093 -0.28683537 -0.00485359
0.03869953 0.44071886 0.03412367
0.00782454 0.38014221 -0.00551143
-0.00776121 -0.48114890 -0.02948218
-0.04691418 0.44567314 -0.04170444
0.01413092 0.31391039 -0.00610279
0.01044448 0.10523131 0.00562390
0.02120429 0.41415328 -0.03895295
-0.01878594 -0.47891438 -0.02446590
0.00645955 -0.41438937 -0.00081488
0.01367469 -0.46961051 -0.03704369
0.00673114 0.20982529 -0.00595075
0.00389704 0.43675277 0.04320626
-0.00286967 0.32105154 0.00039473
0.00538098 0.23022196 -0.00278334
0.00665275 0.36764973 -0.00279519
-0.04831121 0.46116242 0.00862321
-0.04333901 0.44358465 -0.03733423
0.00197618 -0.09838565 -0.01165228
0.00738571 -0.19037679 0.00770802
0.00787112 0.26286322 0.00006485
0.00337862 -0.20737010 -0.00222493
-0.04592264 -0.49374825 -0.01910031
-0.00803877 -0.42803168 -0.01304393
0.00735409 -0.37840238 0.00515667
-0.00564508 0.43760315 -0.04129309
-0.03504231 -0.49245065 -0.03794380
0.03510462 0.44976267 0.03776835
0.00156722 0.24672951 0.00167178
-0.00329201 0.09643962 -0.00296292
0.00353666 0.22297227 0.00361276
0.04960135 -0.48838061 0.04570591
-0.05463937 0.44498330 -0.00154983
-0.04930592 -0.49370739 0.03883666
-0.02989263 0.43722013 0.01847838
0.03780892 -0.48180929 -0.03339367
-0.02648289 0.45159572 -0.06329423
0.06020203 -0.48948723 0.03007820
0.00705343 -0.09596683 -0.00291567
0.03785626 -0.49369511 0.03698521
0.03008235 0.43771529 0.03435779
0.00017735 0.42013317 0.01224525
0.01132304 0.40946811 -0.02218826
0.04633981 -0.48552066 -0.02768179
-0.03737926 -0.49387208 -0.04625345
-0.00012104 -0.41404590 -0.00782942
0.03627728 0.43893787 0.02785018
0.00944102 -0.45923862 0.00162246
0.01148085 -0.08602735 0.00351549
-0.00725279 -0.48611891 0.00103224
0.01223685 -0.32674778 0.00313055
0.00100779 -0.13102725 0.01094749
-0.00327740 -0.40967169 -0.00293416
-0.00224246 -0.02436766 -0.00354668
-0.02266564 -0.48439565 -0.05802762
0.00715237 -0.16330919 -0.00439289
0.01266447 0.23488578 0.00593427
0.00755767 0.19360739 -0.00280994
0.00000688 0.37435701 -0.01138713
0.00769571 0.28051966 -0.00159534
0.00081574 -0.12610240 0.00634990
0.00691924 0.38988528 0.03274739
0.04873345 0.45391172 0.00176812
-0.05604415 -0.49135044 -0.02850661
-0.00517321 0.33517975 0.00133684
0.00566221 0.06214762 -0.00586071
-0.04245313 0.46843371 0.02319569
-0.00644471 -0.22875471 0.00565128
-0.00676999 0.46693578 0.04351617
0.05984354 -0.48197752 -0.00678364
0.01003557 0.37959608 0.00655615
0.05173498 -0.49020243 0.05613255
0.01641237 -0.24550889 0.00815791
-0.01262933 0.32681015 -0.00297820
0.05495629 -0.48730475 -0.02780659
-0.03565984 0.42767861 -0.00111273
0.00701915 -0.03929165 0.00620969
0.00046023 0.46737024 0.03967884
-0.04645867 -0.49159357 -0.04048671
-0.03658766 -0.48008657 -0.04139107
-0.02247154 -0.48950231 -0.06330340
0.00186610 0.26750824 -0.00117662
0.01488658 -0.37741962 0.00023618
-0.00535149 0.26888376 -0.00302655
0.00145122 -0.49206674 -0.00826468
-0.00697890 -0.48744419 -0.04341978
-0.02589656 0.47932491 -0.02929123
0.02103939 0.45895299 0.05096707
0.05911116 -0.48111594 -0.01011527
-0.02485185 -0.49133575 0.02343216
0.01230206 0.00285378 0.01235438
0.01442586 0.33075282 0.00122011
-0.03915203 -0.49422824 -0.01998488
0.00064963 0.44830769 -0.05061195
0.04645727 0.43994439 0.00595724
0.03308586 -0.47878075 -0.04136475
-0.03925811 0.39397684 -0.00204744
-0.01741688 0.45405915 0.04868510
-0.00373811 0.38409775 0.01125511
0.02502315 -0.41746727 -0.00397902
0.03047355 -0.48720554 0.04009574
0.00439828 0.22196983 0.00048259
0.00977789 0.15458959 -0.00203758
0.00056969 -0.34333825 -0.00138493
0.00376621 0.04647854 0.00940111
-0.01794485 0.48778722 -0.03685779
0.01168025 0.44929081 -0.05347320
0.01748047 -0.44400904 -0.00020027
0.00172186 -0.44551241 -0.00559209
-0.02455274 0.40079346 0.00939940
-0.04124741 0.46946114 0.02502388
0.00162938 -0.01511722 0.00800998
-0.00374787 -0.45320997 0.00830005
-0.02317218 0.44821402 -0.04063040
0.00917733 0.26828751 0.00234400
-0.04060179 0.42903495 0.00959763
0.02301979 0.45100179 -0.05532887
0.03343917 -0.48353088 -0.01601984
0.05720203 -0.49181944 0.00231062
-0.02495907 0.45674112 0.00255580
-0.04206948 -0.49175343 0.00888797
-0.01930981 0.45464343 -0.04118431
0.02754283 0.45939103 -0.04631163
0.01542035 0.36964956 0.01266465
0.01070505 -0.04104364 0.00299315
-0.01101045 0.37274563 -0.01228251
-0.00139951 0.40850860 0.03861370
0.03152021 0.43495858 0.02721182
-0.00535795 0.27519876 0.00016435
-0.01953875 0.41861340 0.04336236
-0.00657998 0.36637956 0.00462309
0.04052190 0.44382277 -0.02403279
0.03544424 0.42924699 -0.00202655
0.00779863 0.46450746 0.04877821
0.00073058 0.03667513 -0.00130599
0.00004744 -0.24927603 0.00751788
0.00962642 0.28842902 -0.00289096
0.00104468 0.27020591 0.00412069
-0.02610829 0.47968200 0.01204641
0.00614823 0.12664819 0.00816223
0.02270125 0.44972551 0.03395754
0.00999752 0.22383250 -0.00201224
0.00737532 -0.39670914 0.00532945
0.01938590 0.46338564 -0.01179692
0.01179379 -0.48129457 -0.01751789
-0.06310781 -0.48777777 0.02033099
0.00782724 -0.44485199 -0.00322303
0.00620337 0.22137204 -0.00379969
-0.00074813 -0.44668570 -0.00834167
0.02663553 -0.47713551 0.03424452
0.00967164 0.37090144 -0.00892056
0.01853995 -0.49002832 0.06173053
0.01053160 -0.39237079 0.00076011
0.04722911 -0.48859999 0.04616196
0.04094940 0.45140094 0.02612273
0.02103890 -0.48356298 0.05123519
-0.02922638 0.45779049 -0.03198396
-0.01289105 -0.47362554 0.02618719
0.03143029 -0.49165702 -0.05391859
0.01559599 -0.46132234 0.00066285
0.02848475 0.41593733 -0.03220474
0.00717912 -0.03647819 -0.00122323
0.00366403 -0.30866656 -0.00068572
-0.04517967 -0.48503402 0.01740773
-0.03662463 -0.49135670 -0.02261681
0.01552024 0.42408901 0.02465015
0.02051593 0.46750817 0.04645491
-0.00191684 0.31871098 0.00335297
0.00089149 -0.09618063 0.00277335
-0.00282493 -0.33380303 0.00449542
-0.03700103 -0.49405611 -0.04026812
0.02172055 0.40278164 -0.01986541
0.00757094 0.32244939 0.00918389
-0.03050379 0.42783549 -0.00817021
-0.04816407 0.48019576 0.01513593
0.01160656 -0.01702508 -0.00170000
-0.01226326 -0.49124381 0.05538578
-0.02635401 -0.49360868 -0.03681021
0.00582545 -0.29828504 0.00636510
0.00381970 -0.38619247 0.00402944
0.00538240 0.44997650 -0.05741518
0.00667507 0.20828940 -0.00384094
0.04348377 -0.48910263 0.00589281
0.04409813 0.45422718 -0.00655185
0.00520720 -0.25466698 -0.00386377
0.00953946 0.27786484 0.00388865
-0.01186943 -0.47776720 -0.03422434
-0.02750335 -0.49185947 0.04327671
0.00552363 -0.17287913 0.00238477
-0.02574512 0.42886716 -0.02214697
0.01611967 -0.49335650 0.06164846
0.01307927 -0.48912627 0.04099193
-0.02455425 0.43668997 -0.03814455
0.00515290 -0.36937246 -0.00076361
-0.02379147 0.42274448 0.04496215
-0.00785720 0.42978588 0.02767526
0.01060284 -0.13590208 0.00313082
0.01208125 -0.45869178 -0.00209580
0.00321780 0.21510577 0.00952788
0.01900561 0.34929568 0.00669295
-0.01514302 0.46888402 0.03484405
-0.03038388 0.44290346 0.01903361
-0.04176071 -0.49335337 0.01152544
0.00321734 -0.48979321 -0.01082342
0.00603436 -0.01197734 0.00209991
-0.00783935 0.05037756 0.00488352
0.02936943 -0.49055576 -0.03767899
-0.03543952 -0.49214929 -0.02383835
0.00795543 0.38628882 -0.02212762
0.00083297 -0.04265610 -0.00332252
-0.01367159 0.39808124 -0.02920325
-0.00762318 0.47525483 0.04048017
-0.05655344 -0.48300380 0.01546120
-0.01082718 -0.49090993 -0.01111136
-0.00053108 -0.00880025 -0.00432670
-0.00320112 0.39613178 0.00584931
0.01726693 -0.47289151 0.00708850
0.00129435 -0.41485679 0.00001767
-0.00326351 -0.00866617 -0.00735866
0.05896553 -0.48801681 0.03679539
0.00010281 -0.01478380 0.00307221
-0.00326294 0.27993849 -0.00065373
-0.02339859 -0.49016973 -0.00293074
0.00326054 0.23577920 -0.00091153
-0.01678307 0.46749401 -0.05655764
-0.02721640 -0.49272159 0.05369402
0.03532023 0.43747166 -0.02855659
0.03697394 0.44007802 -0.03724202
0.01822642 0.40013266 -0.01601631
0.00699092 0.34035689 -0.00207412
0.01360932 -0.26829779 -0.00482635
0.00331887 0.34116122 -0.00126061
-0.02969109 -0.49447212 0.01041603
0.01037501 -0.35345477 0.00103323
0.05761413 -0.49219424 -0.01533783
-0.05644581 -0.49169278 0.01969052
0.03340768 0.47385588 -0.02921086
0.00517869 -0.17661963 0.00433670
-0.03882225 0.42909175 -0.00575045
-0.00006794 0.30986640 -0.00228944
0.00163538 0.06109576 -0.00341137
0.01058995 0.36658925 -0.00181059
0.01116087 -0.12831901 -0.00072144
0.00850124 -0.47058252 0.01296394
0.05125298 -0.49168727 -0.01847795
-0.00177146 -0.47267535 -0.05007898
-0.04523546 -0.49505195 -0.04610289
0.00921536 -0.49435943 -0.04195730
-0.01741697 0.43414491 0.03823677
0.00580133 -0.08957771 -0.00122077
-0.01488205 -0.47888628 0.03896899
-0.03645677 0.45979857 0.01919584
0.05405205 -0.49094683 -0.05485296
0.00092954 -0.27367830 -0.00675429
-0.05909896 -0.49520147 -0.02444783
0.00512424 -0.18620506 -0.00715179
0.00731162 -0.34556997 -0.00002574
0.00698335 -0.03087993 0.00592192
0.03940929 -0.49029768 0.00926797
-0.00071244 0.07959896 0.00204336
0.03462119 -0.49438038 0.05562614
-0.04043188 -0.49293074 0.03913959
-0.03810588 0.46074864 0.01586714
0.00232052 0.36323708 -0.00215754
-0.00377945 0.40896225 0.01119121
-0.00473089 0.21371147 0.00203577
-0.04540845 -0.48873615 -0.00105884
-0.00085620 0.10547420 0.00165596
0.02451496 0.41070896 0.00755931
0.00207385 -0.06688948 0.00348055
-0.02089120 0.39626861 -0.01005891
-0.02375804 0.44354528 0.04968975
0.06293922 -0.48182598 0.01140146
0.00022199 -0.31631199 -0.00502445
0.06469167 -0.49406901 0.01137974
0.01495689 0.45562014 -0.05341957
0.00259930 -0.05678908 -0.00061755
0.00022555 -0.49460238 0.05478479
-0.03034797 -0.47312036 -0.05053180
0.05017440 0.45408943 0.00231816
0.00397118 0.32661545 -0.00033789
0.00749728 0.33292502 0.00557230
-0.00524371 0.38634583 -0.02496772
-0.02768214 -0.49693853 0.05701198
0.00418483 -0.47022548 -0.00023096
-0.00073463 0.10928924 0.00042776
-0.02497195 0.43760383 0.04229026
0.01139385 0.36366495 -0.00173943
-0.02707588 -0.48484233 -0.01002199
0.01906053 0.44508505 0.04528583
-0.03284430 -0.47730601 0.02115398
0.00015715 -0.26617324 -0.00230922
0.03805290 0.45193636 0.03728232
0.01348770 0.43466267 -0.01101826
0.00521810 -0.20930828 0.00113116
-0.03241685 0.47753918 -0.02133808
-0.02045750 0.43457389 0.04033292
0.00729317 -0.42427444 0.00649258
-0.00449166 0.45218199 -0.05547148
0.00611645 0.03093553 0.00252725
0.00941669 0.21314478 -0.00350452
-0.00673305 0.46524101 0.04452797
0.06288391 -0.49039781 -0.01646130
-0.02090660 -0.47826028 0.01245851
0.01869391 0.41531560 -0.03343716
0.00782382 0.37393993 -0.01197434
0.00070492 -0.39137745 0.00578696
0.03411517 0.47084433 0.04334142
-0.00024032 0.02548093 -0.00227640
0.00406746 -0.29243264 -0.00011418
-0.01073890 0.36579522 0.02039917
0.04035317 -0.49337706 0.06724973
0.00365759 0.28429690 -0.00269166
-0.01911186 -0.47690737 -0.02909164
0.00930821 0.34153330 -0.00103252
-0.04285238 0.45214379 -0.01542139
-0.00393186 0.42945775 -0.03868579
0.01388853 -0.41876444 0.00561645
0.01675624 0.40231389 -0.01160819
-0.03593253 0.46982175 0.03245149
0.01664990 0.02472366 -0.00241249
-0.00500991 0.44919610 -0.04257196
0.04931514 -0.49116415 0.03968382
-0.04250352 0.45745498 0.03438497
0.05327880 -0.49221721 0.01700789
0.00855028 -0.18209168 -0.00784873
-0.00267234 -0.17471471 -0.00058078
0.02911867 0.39250600 -0.00333916
0.00341728 -0.02462814 -0.00295718
0.03362974 -0.46556753 -0.01944052
0.01422497 0.42725301 -0.03001568
0.00654648 0.38345456 -0.00405787
-0.02248182 0.40572327 -0.02120371
-0.04584048 -0.49385434 -0.04381732
0.00195888 -0.48666045 0.05477297
0.00279270 0.16036987 -0.00412969
-0.01456137 0.47705665 0.01355899
-0.01835181 0.45389512 0.04841013
0.01508693 0.47622046 0.04734467
0.03894736 -0.46819443 -0.01010374
0.00634583 0.38796723 0.01111670
-0.03230533 0.45858309 -0.03265789
0.00162473 0.23722440 -0.00229344
-0.02908620 0.41500467 0.00376625
0.01756086 -0.19820376 0.00254857
-0.02528277 -0.49069628 -0.01487155
0.05205623 0.43977875 0.00152261
0.00752858 -0.39642096 -0.00716923
-0.00848722 0.45128441 0.04950732
-0.00336628 0.45305201 -0.05630294
0.01269215 -0.25815701 0.00590707
0.00497489 -0.32375395 0.00641841
-0.02248316 0.38020900 0.00292111
0.03001360 -0.49405676 -0.05971302
-0.00199071 -0.14046244 0.00160244
0.00097401 0.42950734 -0.04270232
-0.03592560 0.43411276 0.02294960
-0.05013775 0.46490860 0.00339243
-0.00493302 -0.30522162 -0.00243842
-0.00156743 -0.47765070 -0.03673033
0.00264066 0.07462983 0.00125234
-0.00680215 -0.49122703 0.06272034
-0.00212843 0.45367223 -0.05135300
0.01092108 0.38729212 -0.00978692
-0.03194521 0.44020021 0.02335097
0.05532363 -0.49214309 0.03831801
-0.00839218 0.36480173 0.00526285
0.03633258 0.47827739 0.00633105
0.05201777 0.44636318 0.02457044
0.00145675 0.09953598 -0.00271002
0.03823028 -0.48203737 0.02217779
-0.01145679 -0.48632765 0.00182745
-0.00000096 0.01630829 -0.00068888
-0.01317617 0.39300460 -0.02124823
0.02255201 -0.47896811 -0.02971665
-0.03505360 0.45717663 -0.00803720
0.00840573 0.14711833 -0.00324672
-0.00944867 0.21222769 -0.00260984
0.00289623 -0.43066752 0.01135152
-0.01003130 0.39219806 -0.01118937
0.00787684 0.32218981 -0.00740778
0.02661429 -0.43810430 0.00882215
0.01370506 -0.36235943 -0.00526635
-0.00286191 0.18281634 0.00670444
-0.02672323 -0.49072292 0.02934867
0.00973095 -0.06938878 -0.00359175
0.03896996 0.41646323 0.00364543
-0.03898254 -0.49229532 0.02309356
0.03724740 0.43547642 0.02811472
-0.00649657 0.41692626 0.00284943
-0.01383597 0.40215987 -0.02002565
0.00996478 -0.39583933 0.00461507
0.04670150 -0.49061733 0.00535409
-0.05458388 -0.48473182 0.04536333
-0.03256586 -0.45997033 0.00437494
0.00839088 -0.15241969 -0.00377331
-0.00341903 -0.05707373 -0.00635688
-0.00402046 0.24167936 0.00223108
0.05183306 0.45677447 -0.02075695
0.01061604 0.42747283 0.02791045
0.06385313 -0.49139279 -0.03332754
0.00449322 -0.25208995 0.00421610
-0.01035005 -0.46812820 0.03252419
0.03666776 0.42183256 0.00711658
-0.02539927 -0.49099281 0.02067638
-0.00587991 -0.28720856 0.00604501
0.00588192 -0.32989699 -0.00166639
0.05708638 -0.49234092 0.01424464
-0.00484975 0.15802544 -0.00022142
-0.02292183 -0.49149847 -0.05508289
-0.03982723 -0.48849258 -0.02518079
-0.04027681 0.45656374 -0.02354464
-0.01079041 0.40868533 -0.02704376
0.00333707 0.24620542 -0.00004079
-0.00111588 -0.49180335 0.05123006
-0.02327019 0.44238758 0.01741764
-0.00213233 0.01447467 -0.00483779
0.04374671 0.45963916 -0.03415947
0.00878704 0.18948922 -0.00040599
-0.03453780 -0.48457825 -0.02666835
-0.01324080 0.35954529 -0.00288494
0.05475990 0.42944428 0.01404825
0.01446035 -0.24943902 0.00687841
-0.02607033 0.47516602 -0.03026462
0.02015775 0.40796623 0.02156508
0.00357678 -0.34254789 0.00278145
-0.01054181 -0.42128843 -0.01065771
-0.00232124 0.17393760 -0.00843906
0.04953233 0.45809838 -0.00380743
-0.01080761 0.46498546 -0.04331052
-0.00291896 -0.46373618 0.00312469
0.02093977 -0.49008292 -0.04809477
0.05434320 -0.49186555 0.03769796
-0.00151312 0.41369274 -0.01690097
0.00315846 -0.48820120 -0.00434864
-0.00350869 0.01808031 -0.00315646
-0.01919062 0.40040594 -0.00472206
0.01489236 -0.47035840 0.01929744
0.00016445 0.41416255 0.01292397
-0.00775085 0.25934395 -0.00143445
-0.00147211 0.14874215 -0.00746132
0.00055054 -0.47784686 0.04005203
