0.01467202 -0.36504975 -0.00892930
-0.00417300 -0.33554164 0.00489370
-0.03624658 -0.44009784 0.03578356
0.00589928 -0.41845706 0.02302751
-0.01126969 -0.42250779 0.01421235
0.02269847 -0.32514435 -0.00460180
-0.04201544 -0.49919856 -0.03609837
-0.00720093 -0.45842803 0.03410450
0.01350517 -0.43818662 -0.01002709
-0.02526884 -0.43339324 -0.01120833
0.05456599 -0.45253077 -0.01662988
-0.04394089 -0.48670313 0.00537906
0.00034197 -0.49852955 -0.04841548
-0.04407616 -0.49329716 0.02174115
0.00131106 0.31456548 -0.00868162
-0.00014282 -0.48141626 0.04196374
0.01063188 -0.19154090 0.01626720
0.01143207 -0.26787958 -0.01155913
0.01138748 -0.40463626 0.00368021
0.01569619 -0.38674843 -0.00176433
-0.01059306 -0.29904670 -0.00119355
0.06764718 -0.46484554 -0.01754585
0.04042748 -0.51015216 0.00756048
0.01518577 -0.29009661 -0.00347168
0.00928534 0.06320480 -0.00061137
-0.03275861 -0.49234954 0.02062505
-0.01405643 -0.45895293 -0.01967005
0.01425164 -0.30883056 -0.00996022
-0.02046173 -0.32627693 -0.00203110
-0.00843987 0.46675760 0.00677369
-0.00677861 -0.37500447 -0.00654080
0.01202418 -0.46166584 -0.03968773
-0.00429248 -0.29055896 0.02413534
-0.01558308 -0.38667342 0.00933931
0.01033054 0.23774186 0.01420197
-0.01382683 -0.27588171 0.00132946
-0.01097242 0.47983676 -0.00899924
-0.01706140 -0.29806820 0.00627569
-0.02103344 -0.45192891 0.03248293
-0.01854193 -0.47830370 0.02723412
0.00654851 0.18332510 -0.00949323
-0.00355071 0.50852406 0.00816866
0.00278409 -0.09397091 -0.00439370
-0.03680042 -0.46448156 0.02426750
0.00951468 -0.22755653 0.00412688
-0.02514677 -0.50701118 -0.03574163
0.02054813 -0.31779471 0.01369757
-0.01958326 -0.45951405 0.00103375
-0.01848357 -0.27830967 0.03345690
-0.03148487 -0.47447160 0.02934228
-0.00430281 0.42345265 -0.00399043
-0.01418245 -0.31261149 0.00242946
-0.01911797 -0.30417863 -0.00324095
0.00123692 -0.32707685 0.00977756
0.00188075 0.34540081 0.00064753
-0.04045666 -0.50270122 -0.01589619
0.00024321 -0.22674438 0.00601739
0.01628666 -0.41224360 -0.02825716
0.00307018 -0.49870107 0.03518990
0.02124074 -0.47290665 -0.02582151
-0.04605641 -0.45533904 0.02269392
-0.01232931 -0.31935415 0.00219930
0.00586471 -0.26725861 0.01539247
-0.00908883 -0.26181287 -0.00063486
0.02740539 -0.44443357 -0.01973047
0.01759036 -0.49599203 -0.04856865
0.04785031 -0.49195662 -0.00229808
0.00001907 -0.41287363 -0.01329297
-0.00634546 -0.37447217 -0.00586611
-0.00620803 -0.31044090 0.00518250
0.01226118 -0.29264393 -0.01707014
0.02240937 -0.43231300 0.03559400
-0.02724560 -0.45450377 0.03143375
-0.00617875 0.15843906 0.00005246
0.02838056 -0.41904327 -0.00892829
0.01371775 -0.49588770 0.03525790
-0.02543418 -0.50004756 0.04488773
0.07085676 -0.46522710 -0.01765376
0.01287490 0.51699454 -0.01526953
0.04794719 -0.50553644 -0.01910040
0.04129525 -0.50846106 0.00157834
-0.04042525 -0.45175806 0.00581077
0.00768863 -0.33683738 -0.00326487
-0.02666128 -0.41872257 -0.01257762
0.05077409 -0.48289567 0.00111008
0.00441852 -0.31990460 -0.00416322
-0.01084954 -0.32503647 0.00354380
0.00088946 -0.47077787 -0.02768963
-0.01389985 -0.35166827 -0.00090318
0.01620771 -0.48954839 0.04136037
-0.00103723 -0.33364949 -0.00375881
-0.00742870 -0.01989473 0.00244738
-0.01641235 -0.46901473 -0.03747950
-0.00316232 -0.44222295 -0.02542566
-0.02762935 -0.47944599 -0.00555523
-0.00078700 -0.30210358 -0.01303419
0.01827187 -0.45835945 -0.03128863
0.04887081 -0.49541733 0.03371520
-0.01127071 -0.26259598 0.02361631
-0.03415213 -0.50178397 -0.02330128
-0.01837745 -0.44481936 -0.02231432
0.01009149 -0.26874769 0.00668586
-0.01575510 -0.45522147 -0.03494151
-0.05874476 -0.49354187 -0.01222902
-0.01201096 -0.25859532 0.01201398
-0.01037705 0.46612298 0.00730078
-0.05884998 -0.47810733 -0.04110738
-0.04108695 -0.50244302 0.01104715
0.00129808 -0.48155227 -0.03482602
0.00190422 0.14287469 0.00256040
-0.00242049 0.11205910 -0.00062301
-0.06286521 -0.51367241 0.00000100
0.04077500 -0.49666685 0.01394999
0.01441951 -0.26020336 0.00305797
0.00871251 -0.27130964 0.00192347
-0.01312187 -0.48634171 0.02936262
-0.02778230 -0.40792429 0.01588548
0.00248977 -0.30104309 -0.00026941
0.03529552 -0.39485613 0.00535777
0.04403040 -0.50956732 0.00182768
0.05510050 -0.50980097 0.00233674
-0.01643804 -0.31442568 -0.01288982
-0.04039151 -0.46676368 -0.01236975
-0.00469472 -0.28673193 0.00661317
0.04349846 -0.46276569 -0.03330276
-0.00468566 0.28015563 0.01002144
-0.01555430 -0.51023304 0.04001417
-0.01127598 -0.24782033 -0.01575434
0.00991707 -0.38894480 0.03440006
0.02789663 -0.28647274 0.00097420
-0.00685221 -0.19569451 -0.00524670
0.00306146 -0.24805708 0.01659510
-0.00111248 -0.30414784 0.01243563
-0.04237867 -0.50868827 -0.01515924
-0.02472060 -0.50463122 -0.04560335
-0.00826132 -0.49737540 -0.03923437
0.03103736 -0.44963256 0.01895341
0.00347937 0.51625037 0.00692677
0.00839424 -0.30217540 0.01650831
0.03288043 -0.48987940 0.00674405
0.01924472 -0.27576149 -0.01880946
-0.00414564 -0.31626156 -0.00582598
0.00823225 0.34536135 -0.00087919
-0.01884978 -0.33700946 -0.00071291
0.01342561 -0.39344814 -0.01419192
0.00049182 -0.51250857 -0.05117007
0.00011051 0.46706247 0.00558020
0.02749347 -0.45474944 0.01817335
0.02231754 -0.35357028 0.01438006
0.00234843 -0.50436878 -0.03714376
0.02527099 -0.35408127 0.02801008
-0.00991319 0.42086858 -0.00475075
-0.03322283 -0.44533610 0.03480405
0.02997788 -0.49822336 0.02401392
0.01988534 -0.03746849 0.01332770
-0.00122362 0.35471952 -0.00057305
-0.02880614 -0.43151793 -0.00440560
-0.00302731 0.44074485 0.00238033
-0.02703258 -0.40959004 0.02140641
-0.01074648 -0.34370229 0.01645685
-0.01231445 -0.35554600 -0.01044623
0.02515391 -0.50709569 0.03482743
-0.00353507 -0.40714827 0.02427695
0.02769325 -0.39055169 0.02257450
-0.00491618 -0.34542760 0.01972660
0.01542871 -0.24069089 0.00199245
-0.03979274 -0.47012472 0.01519575
-0.01447183 -0.45960170 -0.02127546
0.02613580 -0.44663286 -0.01811712
0.01808727 0.51015770 0.00195651
0.00531034 -0.27256730 0.00056490
-0.00565363 0.25418517 0.00167402
0.00159466 -0.28345186 -0.00594937
0.01843324 -0.37491575 0.00450047
0.01609783 -0.51201844 0.04984075
0.02841810 -0.48419234 -0.01581447
-0.01047170 -0.40765032 -0.00309824
0.03774797 -0.47060290 -0.02972920
0.01287009 0.29222327 0.00462639
-0.03090805 -0.46751651 0.00903870
0.01149987 -0.45518431 0.02164925
-0.00840358 0.45828250 -0.00172608
-0.05686410 -0.49980772 0.01150713
0.01821018 -0.49789518 0.03536669
-0.03862715 -0.49548459 -0.03797419
0.01281172 -0.42764881 0.02226112
-0.00142158 -0.26030883 0.00596108
0.02190324 -0.26353925 0.00353949
0.00760205 -0.26635545 -0.00369336
-0.01513000 -0.50272274 -0.03535806
-0.00014753 0.48814932 0.01182898
-0.01233887 -0.37144491 0.01508788
-0.00662676 -0.37304026 0.00697289
0.01319558 -0.40647826 -0.02395863
-0.00765205 0.25102273 0.00285690
0.01412880 -0.47976181 -0.03562955
-0.05960985 -0.50101405 0.01408555
-0.01236001 -0.25131625 0.02021554
0.02278409 -0.44158503 0.00563467
-0.04063885 -0.50395191 -0.01116009
-0.00363645 -0.28728071 0.03093310
-0.02235522 0.50233638 -0.00022089
-0.01494952 -0.33140317 0.01858399
0.04612771 -0.49794236 0.03125471
-0.00377875 0.44152054 -0.00316296
0.01978303 -0.51335806 0.05240171
-0.00116493 -0.26189718 -0.00844352
-0.00109344 -0.49551079 -0.04263725
0.00289333 -0.25472948 -0.00641831
-0.03709038 -0.50345385 0.00874702
0.02944233 -0.44449911 0.00432877
-0.02263249 -0.39467317 0.02641476
0.04575765 -0.50339901 -0.00706859
-0.02591660 -0.35870457 0.01356363
0.05560094 -0.50957143 0.00920531
0.00413136 -0.25175241 -0.01104650
-0.03304893 -0.45765644 -0.00084474
-0.00460519 -0.26518661 0.01504171
-0.03215075 -0.47837418 -0.01089916
-0.01008459 -0.32517827 -0.00450378
-0.03071699 -0.48651490 0.01736985
0.00285396 -0.29575974 -0.00802583
0.01275316 -0.37716895 -0.01017926
-0.01041978 0.51539820 -0.01724355
0.00055252 -0.26309228 -0.00326930
0.03438608 -0.44627851 -0.00831971
-0.04575831 -0.48779479 -0.03290359
-0.03076345 -0.50542384 0.01928945
0.02432420 -0.41045693 0.00781873
0.02056123 -0.43593475 0.01123516
0.02548457 -0.49748722 0.03674386
0.01349103 -0.34675884 0.00205705
-0.03254830 -0.47346306 0.02675110
0.03674839 -0.38757613 0.00533944
-0.04956101 -0.48319495 0.01686259
0.00817140 -0.42387107 0.00598610
0.01666493 -0.24644808 0.00389352
0.00114750 -0.25954449 0.00502368
0.02531542 -0.49633020 -0.04328734
0.00300251 -0.31623942 -0.01129454
-0.00747984 -0.51298940 0.04699445
-0.03502028 -0.47590902 0.00724643
0.00983832 -0.43389857 -0.00255956
0.00778340 -0.10016010 0.02082029
0.00811361 -0.28259379 -0.00761847
0.01074237 -0.37531778 0.01402307
0.02509673 -0.25832391 0.01103712
0.00845464 -0.38764605 -0.01755878
-0.00411944 -0.50410825 -0.04443814
-0.02266220 -0.37671429 -0.02133947
-0.00362213 -0.50686568 -0.04850185
-0.00044015 -0.28795552 -0.00391107
-0.01305582 0.51163954 -0.01800835
0.01688368 -0.49072349 0.02876313
0.00312210 -0.46060911 -0.03948001
0.02977085 -0.51118088 0.02719954
-0.01172600 -0.32357836 0.00588352
0.02790687 -0.51022065 -0.04900806
-0.01432732 -0.49445310 -0.03398240
0.00304223 -0.39549428 0.02240747
0.01411449 -0.39515993 0.03356578
0.03429062 -0.44457304 0.00558876
-0.00746035 -0.48354778 0.02073272
0.01605739 -0.27205402 0.00722642
-0.00388284 -0.28736809 -0.01147346
-0.00929797 0.38158345 0.00080416
0.00475246 -0.30668202 0.00727142
-0.00431582 0.03388445 0.00376091
-0.01462396 -0.25150084 0.01668493
-0.00058207 -0.30864978 0.00347453
-0.02041101 -0.46399656 0.02167943
0.00036455 -0.00378960 -0.00402413
-0.01367368 0.49800965 -0.01135533
-0.02448897 -0.43863365 -0.00826263
-0.01510181 -0.27087322 0.00523437
0.01740101 -0.38659567 0.01039693
-0.01999711 -0.45469579 0.04270852
-0.02099008 -0.32217807 -0.00149895
0.05179700 -0.49876362 0.01608190
0.00667441 -0.37858403 -0.01462970
0.01540708 -0.42379186 0.02344672
0.00458946 -0.34984756 0.00426092
0.02203769 -0.49154571 -0.02145790
-0.01361073 -0.45216843 -0.02751997
0.02235898 -0.49959457 0.03881927
0.01337866 -0.40976444 0.02626681
0.01948690 -0.45913312 -0.02696135
-0.04907003 -0.50764084 -0.01128982
-0.00684999 -0.42734748 0.02862686
0.00724507 -0.35575634 0.00268985
0.01993632 -0.44738984 0.01061059
-0.00717802 -0.30805710 0.00712427
-0.01467673 -0.50066859 -0.03298641
0.02188219 -0.34816536 -0.02661865
0.05484794 -0.48295486 -0.01156588
0.00834446 -0.36506775 0.00247248
-0.02711201 -0.39989445 -0.02154861
0.03376240 -0.50476927 -0.02472540
-0.03487275 -0.47237819 0.01791227
-0.00064575 -0.29032326 0.00337556
-0.01061141 -0.27406025 0.01983568
-0.00949398 -0.28684658 -0.00036916
-0.00583486 -0.50013256 0.04086256
-0.00542387 -0.26808298 0.01092778
0.03197973 -0.49733770 0.02422332
0.01172988 -0.34519857 0.00538003
-0.02537277 -0.42128652 -0.00413586
0.01275395 -0.33060804 0.00026720
0.04341774 -0.48139459 0.02954264
0.01072039 -0.34030837 -0.00350767
-0.00697665 -0.30314624 0.00583775
0.01716616 -0.45380062 0.01035876
-0.03408557 -0.48952785 -0.04126911
-0.00030378 -0.47180966 0.04649450
-0.00697438 0.41919929 0.00673982
0.02533671 -0.49791744 -0.04470031
-0.04216386 -0.50458360 0.00735603
-0.02161053 -0.43243951 -0.02112550
0.04544294 -0.50973529 0.00178019
-0.00254680 -0.26030287 0.00425152
-0.01040576 -0.26610190 0.01524519
0.00711490 -0.35914347 0.00247863
-0.00972878 -0.38504767 0.02377986
0.00508741 0.25190756 -0.00484101
0.00407252 -0.32799020 -0.00191706
0.01561986 -0.20847674 0.00404821
-0.03279276 -0.46169662 0.01562949
-0.02367627 -0.50603712 0.03543540
-0.01126241 0.49307042 -0.01267782
-0.00683449 -0.47212106 0.03702372
-0.02175875 -0.45474285 0.03539739
-0.01851930 -0.44497323 0.01339806
-0.00669836 0.50303030 -0.01666539
0.02430040 -0.45591766 0.01173323
-0.01485687 -0.50152701 -0.02605678
0.01585271 -0.35651189 -0.00073432
0.04014328 -0.47176632 0.00552670
-0.01485197 -0.49481320 -0.03255457
0.01679317 -0.40774637 -0.00863637
-0.03281922 -0.46840349 0.00115472
0.01164875 0.29878771 0.00089237
0.02337559 -0.12746267 0.01873088
0.01386064 -0.25499523 0.00077964
0.02171971 -0.42896339 -0.03409411
-0.00338714 -0.24478446 -0.00572202
-0.00932251 -0.40796900 0.01732703
-0.02656623 -0.43563032 0.00980335
0.03193647 -0.51035154 0.01090860
0.01345254 -0.31094387 0.01044675
-0.01775405 -0.40695950 0.02173534
-0.02343464 -0.47181261 -0.00323594
-0.01050136 -0.49933970 -0.03562280
0.01803987 -0.49525622 0.03401070
-0.00359365 -0.24952446 -0.00781360
-0.01528998 -0.47217423 0.02982875
0.02607388 -0.25641114 -0.00271050
-0.01329308 -0.34227848 0.00584767
-0.00002465 -0.33081219 -0.00563050
0.03858039 -0.50355142 0.00626042
0.01036424 -0.42659760 0.01408767
0.03248788 -0.42103279 0.00621771
-0.00243932 -0.30055356 0.03102266
0.01490993 -0.40816563 -0.01003346
0.00504093 -0.06026047 -0.00080923
0.01757914 -0.38714883 0.01034448
0.02370130 -0.47109005 -0.00400199
0.01202061 0.23078324 0.01212777
0.00694805 -0.49607396 0.04504254
0.03276434 -0.49864855 0.01493449
0.01003510 -0.47588947 -0.03924560
0.00788709 -0.46646434 0.03608147
0.01368259 -0.48619843 -0.02233339
-0.03689283 -0.47740585 -0.01639790
-0.00985354 0.47841027 -0.00459627
-0.00913433 0.51692742 -0.00145543
-0.00538200 -0.39640558 -0.01221036
-0.01862050 -0.50989592 0.03920980
-0.06571435 -0.51348269 -0.01896349
0.00825561 0.11715378 -0.00192590
0.02569015 -0.30048478 -0.00482883
0.00107779 0.13181385 -0.00215702
0.03361615 -0.48326784 -0.03449898
0.00349769 -0.51901615 0.04408323
-0.03208534 -0.45816159 -0.01783213
0.00981371 -0.41839942 -0.00959136
0.00491520 -0.24858175 -0.01616081
0.03388114 -0.49831977 0.01404506
-0.01131155 -0.49789768 -0.03917970
0.00678503 0.16359107 -0.00348415
0.00597324 -0.50545716 -0.04046044
0.00580218 -0.49898678 -0.04046913
-0.04738301 -0.37605119 0.01850248
0.02524275 -0.50034422 0.03128455
-0.04769029 -0.39350539 0.01971326
-0.02329282 -0.39125255 -0.02059828
-0.00220939 0.50782263 0.01488065
-0.00061958 -0.37300727 -0.01191897
0.00647680 -0.49786931 -0.00890617
0.02322469 -0.41866079 -0.00951036
-0.04737714 -0.50293761 0.00396782
-0.02965439 -0.50297517 0.02352146
0.04168880 -0.50413239 -0.01866324
-0.03069999 -0.45018694 0.02131820
-0.00234501 -0.37987953 0.02255490
-0.01756752 0.48854393 0.00708742
-0.01367552 -0.28984007 0.00078859
-0.00216900 -0.38573691 0.01874243
-0.02049389 -0.43731940 -0.00995530
-0.03796612 -0.46873686 -0.01296955
0.01664417 -0.16352308 -0.02059516
-0.04503356 -0.49758422 0.01581622
-0.01233499 -0.28938076 0.00287487
0.01048451 -0.38591847 -0.00395560
0.02227450 -0.47638637 -0.02810021
-0.01203149 -0.48705924 0.02455194
-0.02069397 -0.48814723 0.03327078
0.01544027 -0.50346667 0.02742127
0.02090944 -0.47701603 -0.01296524
0.02844739 -0.14695403 0.01208853
-0.01041150 -0.27587479 0.00537327
0.02733095 -0.44424811 0.00439976
0.00732069 -0.28927448 0.01772779
-0.00407242 -0.30710062 0.01606910
-0.01531606 -0.28858703 0.00649026
-0.00721347 -0.31012934 0.00241427
-0.05632452 -0.47930855 -0.01290047
0.01270154 -0.50301129 -0.02393599
0.02309036 -0.15216295 -0.01370634
-0.01362748 -0.34277782 0.00560051
0.01924969 -0.29211998 -0.01638109
-0.04116669 -0.38293526 0.01858925
0.00685977 -0.26110214 0.00559508
0.01049297 -0.44636565 0.03233640
0.00562358 -0.25570232 0.00301279
-0.02461153 -0.43944818 -0.02818544
-0.00422238 -0.26820734 0.00618185
0.02984222 -0.49295649 0.04951951
-0.04072536 -0.36270800 0.01799886
-0.02606295 -0.47563636 0.02729125
-0.03548205 -0.46581781 0.01955565
0.04945914 -0.48509035 0.01192093
-0.02080918 0.37984785 -0.00271635
0.01406177 -0.26390189 -0.01479043
-0.01252881 -0.30264607 0.00621671
-0.00039749 0.24017204 -0.00317783
0.06805332 -0.49290600 0.00615639
0.00064809 -0.26602757 -0.00661556
-0.00711726 0.41629106 -0.01450597
0.01752437 -0.44190526 0.03144909
-0.01192073 -0.44415146 0.03360835
-0.01072269 -0.46619987 0.04008983
0.01697353 -0.50299037 -0.03598004
-0.01860490 -0.42105943 0.03268256
-0.00445819 0.47283435 -0.01032306
0.01114320 -0.24570212 -0.02787640
0.00601970 0.35224280 -0.00321248
-0.04187384 -0.50393456 -0.03403000
0.02383726 -0.38110143 0.01317661
0.03036698 -0.51215076 0.03761812
-0.00244975 -0.34012410 -0.00435725
-0.01020561 -0.47229743 0.03222278
0.01604475 -0.47490108 -0.04428856
-0.02893820 0.49373308 0.00292783
-0.00151175 -0.50620282 0.04571404
0.00621690 -0.30932644 -0.00746165
-0.01817197 -0.50008810 -0.05533413
0.00967426 0.04991231 0.00256921
0.03011401 -0.52016944 -0.00525663
-0.05101307 -0.48770940 0.00656116
0.00024867 -0.27051017 -0.01319905
-0.02681931 -0.37158453 -0.00231540
0.02192999 -0.47384813 0.03073480
0.03327144 -0.49087688 0.05459522
-0.03000316 -0.43289557 -0.01203557
-0.01909982 -0.39596039 -0.00816956
-0.03172965 -0.49593922 0.02005441
0.03500342 -0.50411958 -0.01329022
0.03706211 -0.42733201 0.00372258
-0.05026846 -0.49138489 -0.00787656
-0.00649784 -0.27807796 -0.00147167
-0.00895370 -0.39804462 -0.01068145
0.01481654 0.29108402 0.00318129
-0.04794072 -0.45650682 -0.00763996
0.00308102 -0.35900211 -0.03455088
0.01408769 -0.19738272 0.02047545
0.03693540 -0.49957654 0.00110838
0.03677019 -0.44761863 0.01548928
0.02515147 -0.28836608 -0.00592647
0.00131203 -0.20718770 0.00534884
0.02428705 -0.50181013 0.03365128
-0.02864164 -0.43727034 -0.02160600
0.00263688 -0.22691491 0.00203953
-0.00454582 0.08780827 0.00051614
-0.00197044 -0.32259625 -0.00516502
-0.01103685 -0.29459587 0.01105683
-0.04493966 -0.47993276 0.04993671
-0.00945995 -0.33399752 0.00777015
-0.00248553 0.25482211 -0.00359612
0.03059639 -0.50188273 -0.02637151
0.02929875 -0.51323414 -0.00312339
-0.01424099 -0.50013995 -0.02623712
0.00073038 -0.38740343 0.01768634
0.00987809 -0.39141273 0.01843284
-0.00029158 -0.39957002 -0.01947062
0.02421349 -0.50582296 0.03626396
0.01508292 -0.42155784 0.00580915
0.00101791 -0.51101053 0.05182983
-0.00330505 -0.46931866 0.03904703
0.01017169 -0.31536445 0.00062636
-0.04663012 -0.48848864 -0.03104398
0.01182511 -0.34242803 0.00456382
0.02285246 -0.43632722 0.03347166
0.03596864 -0.20976265 -0.01035134
0.01621624 -0.37590778 0.01097887
-0.02781486 -0.48980540 0.03710548
-0.01629571 -0.26990798 0.00495086
0.00163851 0.30429831 0.01102235
0.02032823 -0.46525663 0.05095974
0.03416183 -0.48775709 -0.02132311
0.04126974 -0.49702576 0.03391347
-0.03596620 -0.49552542 -0.01305451
0.02102232 -0.49617150 0.03520489
0.01666552 -0.45822889 -0.03457345
0.00467079 -0.28961816 -0.00738026
-0.00066562 -0.39316350 0.02314547
-0.02113333 -0.37959692 0.01522734
0.04004567 -0.48778221 -0.02513801
-0.02090304 -0.30980372 0.00916432
0.00821070 -0.35379046 -0.03189962
-0.02607375 -0.50134712 0.04798405
-0.01927869 -0.25848889 0.03056687
-0.04511074 -0.50501943 -0.00580314
0.01405170 -0.49402699 0.05047154
0.00286139 -0.24438295 -0.00033995
0.03445702 -0.29371807 0.01046560
0.00747943 -0.26983055 0.00176774
-0.00146942 -0.28087929 -0.00164577
-0.01312742 0.42988658 -0.00489601
-0.00708607 -0.24547875 0.00996584
0.00516952 0.21843658 -0.01099261
-0.00307103 -0.29194343 0.01006333
0.00410022 -0.42453119 0.02284494
0.00499685 -0.49997833 -0.04779763
-0.00768130 -0.34199110 -0.00784568
0.00419450 -0.22108757 -0.01419350
-0.02867454 -0.46013254 0.00297535
-0.02516579 -0.45375013 0.01120422
0.00591422 -0.39696428 0.01870321
0.02197957 -0.41237029 -0.01032007
-0.01429940 -0.44992471 -0.01937991
-0.00299704 -0.50915730 0.04714423
-0.00193289 -0.36924174 -0.01359569
-0.00333425 0.46301159 -0.00230117
-0.01486546 -0.34537911 0.00099651
-0.00145687 -0.46170354 0.03279293
0.02684399 -0.43072039 0.00597657
0.01975910 -0.32998383 -0.02732816
0.00301911 0.09593872 0.00237177
0.02297669 -0.38946724 0.00291342
-0.00087007 -0.13239643 -0.00582630
0.01270530 -0.27131951 -0.01589176
-0.03454699 -0.47370666 0.04216505
0.01456249 -0.28078574 -0.01109545
-0.01650899 -0.26987225 0.00593807
-0.02909174 -0.48036644 -0.00295633
0.00740183 -0.39328378 -0.01677339
0.01692500 -0.42389232 -0.00327942
0.01566936 -0.46453112 0.00408158
-0.01119941 0.51406300 -0.02523831
-0.01221630 -0.29424438 0.00837714
-0.03012788 -0.28671274 0.00472078
-0.01859234 -0.45737723 0.02284036
-0.01893423 -0.38536090 0.01528468
0.05062098 -0.45483366 -0.01318983
0.02111608 -0.47535318 0.01331339
0.01747418 -0.46381080 -0.02196489
0.01193897 -0.20248517 -0.00759042
0.01814129 -0.40591493 -0.00841258
0.02009101 -0.44740823 0.01060539
0.00517707 -0.26407784 0.00993677
0.00955649 -0.27509302 0.01138831
-0.02734710 -0.44194007 -0.02105757
0.00794446 -0.33208716 0.02534722
-0.00614482 -0.26079661 0.00324850
-0.04259705 -0.49842870 0.00445192
-0.04248336 -0.38382119 0.01923446
-0.00792584 0.45829532 -0.00875583
0.03698135 -0.44884333 -0.00386431
0.00819260 -0.34347904 -0.00197572
0.03774129 -0.47148079 0.00560746
-0.00348986 -0.24573594 -0.00118263
-0.00107474 -0.34707391 -0.00497583
0.00070548 -0.48543152 0.02738198
0.01032857 -0.47695386 0.03476015
0.03487338 -0.49230894 -0.04267142
0.03175119 -0.44937906 0.01560356
-0.00952432 -0.49396968 -0.03544066
0.02187002 -0.25386691 0.01442640
-0.01336690 -0.28091094 -0.01157959
0.00483348 -0.26102141 0.01385659
-0.01196512 -0.28485745 0.01487685
0.02369346 -0.34118840 -0.00525759
-0.01043967 -0.26038402 -0.00328287
-0.00144432 -0.49166837 -0.03641153
0.04471388 -0.46451402 -0.03523722
0.00884927 -0.27499944 0.00202905
-0.00117569 -0.34302148 -0.00702644
0.00113669 -0.28216153 -0.00733608
-0.00463261 -0.39446741 0.01910027
-0.00743700 -0.26398331 0.00129023
-0.00091963 -0.28771502 0.00438676
0.01601915 -0.48001361 0.00164578
0.00065163 -0.26420942 -0.02691154
-0.01390210 -0.45161968 0.02201231
0.00410642 -0.26949304 0.01397680
0.00441831 -0.48236236 0.03126221
0.03923741 -0.48803064 0.00305172
0.02125004 -0.42345721 -0.01916132
0.00361304 -0.46585512 -0.02830899
0.00119000 -0.45316568 -0.04216449
0.01031586 0.17993328 0.00206051
0.02056190 -0.43722308 0.03352167
-0.01976665 -0.50680822 -0.04234059
-0.00741762 -0.39652660 -0.01670131
-0.02334004 -0.48042309 0.02961604
0.01608868 -0.42440468 -0.00808167
-0.02350502 -0.47615850 0.02923916
0.01827894 -0.26067173 -0.00790964
-0.00370619 -0.49960318 -0.03801753
-0.02519079 -0.43604571 0.01130606
0.02974800 -0.44947928 0.01899677
0.02138023 -0.22624049 0.00881393
-0.01327360 -0.39239582 0.00917312
-0.00524655 -0.26961252 0.00979631
-0.02090546 -0.50294095 -0.03264038
-0.02307287 -0.37849030 -0.01044101
0.04553626 -0.49541014 -0.03147671
-0.02655714 -0.41383231 -0.00283517
0.04401610 -0.32723007 -0.01114667
0.00956457 -0.28452039 0.00531803
0.04561421 -0.49616089 -0.03235478
0.01266674 -0.33404183 0.00419376
-0.02327677 -0.48632550 0.04059153
0.02156031 -0.29641354 0.00128649
-0.02646828 -0.43742624 -0.02379687
0.01360459 -0.49117383 0.04029769
-0.01171801 -0.49491885 0.04487568
0.00283359 -0.51620620 -0.04025658
0.01309631 -0.02789214 0.00404598
-0.00396137 -0.36320817 0.01050723
-0.01884458 0.51540941 -0.01897459
-0.03580566 -0.39782405 0.01817369
0.01338403 -0.33198324 0.01916398
0.00041652 -0.31164747 -0.00499094
-0.01285145 0.43697852 0.00667774
0.02522150 -0.40144834 -0.01092594
0.00470726 -0.49699914 -0.04820862
0.01611477 -0.36662757 -0.00489780
0.01942276 0.51030308 0.00770174
0.05306303 -0.49317142 -0.00255155
-0.00866637 -0.46571589 0.03539598
0.02403452 -0.11961934 0.01484101
-0.01168012 0.51713884 -0.02399544
0.00679352 -0.12339974 0.01812002
-0.00420170 -0.31081212 0.00121283
-0.02338086 -0.49489874 0.03693116
0.00316614 -0.29421607 0.00576953
0.01565408 -0.41760808 -0.02774054
-0.01370013 -0.34738225 0.00236754
-0.01776230 -0.35630402 -0.01313097
-0.03995309 -0.50619531 0.01129880
-0.00213133 0.50938416 0.00616124
-0.01085008 -0.24759245 0.00223061
0.02862919 -0.51254785 0.03814075
0.03085175 -0.49683803 0.02687465
-0.04928362 -0.48880184 0.04396947
0.00899990 -0.47428507 -0.02961154
-0.03885290 -0.51009446 0.01554463
-0.02292557 -0.45572704 0.01554761
0.02784653 -0.41408673 0.02842405
0.06277232 -0.49930906 0.02450936
-0.03900395 -0.47476587 0.01593693
0.02246608 -0.23881280 0.00043757
0.00197118 -0.36842769 0.01869476
-0.00678976 -0.46983898 0.03408431
0.04199943 -0.47745988 0.00275565
0.00494102 -0.20170714 -0.00525770
0.00369630 -0.30015844 0.00901561
-0.01110527 -0.32040852 0.00079897
0.01655771 -0.39406562 0.01029181
-0.02191914 -0.47608706 -0.02705000
-0.00331266 -0.44167805 0.03835150
0.00588297 -0.32721630 0.00682067
-0.02281195 -0.50326896 0.03549484
0.00605806 -0.26806176 -0.00196557
0.01634516 -0.40523943 -0.03150083
-0.01382247 -0.34087619 0.01781528
-0.04511623 -0.52058750 0.03231403
-0.00826900 -0.33559126 -0.02710510
0.01718948 -0.24103288 -0.02159080
-0.05595315 -0.49491313 -0.01250200
0.01858538 -0.43575701 0.01123411
0.04733651 -0.46806288 -0.01141710
-0.01317367 -0.45236105 -0.03088478
0.00316198 -0.29107863 0.00531325
0.00956665 0.26819810 0.01032011
-0.01742928 -0.45004022 0.01180542
0.01568103 -0.21014163 -0.00492674
-0.04032157 -0.49280664 0.02410964
-0.00612447 -0.27977866 0.00725659
-0.03819184 -0.46186772 -0.00052725
0.00411568 -0.07771268 -0.00333573
-0.01853518 -0.26986900 0.00467950
-0.00852781 -0.50330418 0.04011489
-0.02098465 0.50354797 -0.01362751
0.00695388 -0.38802242 0.02190579
-0.00943679 -0.24933966 0.00579888
-0.00904895 -0.44610411 0.02530087
-0.00533986 -0.26449627 -0.01735584
-0.00813826 0.33378661 -0.01044589
0.00876988 -0.44232336 0.02817431
-0.01567593 -0.43970078 0.01336485
0.01181974 -0.27430022 -0.00414594
0.00628522 -0.35775393 0.02439622
0.00423190 -0.39488158 -0.00536518
0.01748688 -0.47122195 -0.03979084
-0.01255363 -0.32945469 0.00070050
0.00716162 -0.26760989 0.00368170
-0.04635042 -0.50156552 0.04666276
0.00623014 -0.47989166 -0.03063164
0.01884937 -0.49116668 -0.02135071
0.02603381 -0.45534647 -0.02570222
-0.00048943 -0.34144086 0.01057462
0.00236229 0.15393981 -0.01158188
0.01694609 -0.48982415 -0.03752855
-0.03867415 -0.49644014 0.01581402
-0.03306593 -0.45017180 -0.02314743
0.01257951 -0.21710017 -0.00733143
-0.00368358 -0.36317059 0.00970786
0.00683866 -0.28429762 0.01719718
-0.03900466 -0.37002268 0.01767290
0.02624711 -0.24962081 0.00111352
0.01480949 -0.48718265 -0.03854215
0.01468386 -0.50310975 0.02665166
0.01301532 -0.33211154 0.00428320
0.04836321 -0.40952370 -0.00143605
0.03112174 -0.48883319 0.01229924
-0.00432411 0.25323105 -0.00111619
-0.00828943 -0.29277170 -0.00460040
-0.02050584 -0.51777279 0.04647081
0.03643994 -0.49773580 -0.02126306
0.01598424 -0.48097900 -0.02497728
0.02874235 -0.42075497 0.00633978
-0.00367090 -0.48453799 0.03500828
0.01737564 -0.06231797 0.00533265
0.00880161 -0.34787646 -0.00307591
0.01457431 -0.41248429 0.01810589
-0.00423283 -0.07142694 0.00797684
-0.00109502 -0.45972878 0.02793329
-0.00584879 -0.25152200 0.00632575
-0.00303846 -0.26785409 0.00003575
-0.00269277 -0.26539466 -0.03198840
0.03843885 -0.50949591 -0.02299460
0.00707647 -0.25392273 0.01105251
-0.01594510 -0.22161420 0.03586783
-0.00473550 -0.29183444 0.00836984
0.00148467 0.26694804 -0.00078836
0.00277708 -0.24855319 -0.01716323
0.03819655 -0.48414209 -0.04340159
-0.04881166 -0.49656126 -0.02338828
-0.00075096 -0.32792586 0.02554930
-0.00851567 -0.26507697 -0.01356656
-0.02493824 -0.35009685 0.01157142
0.04463282 -0.31590930 -0.00813827
-0.00631293 0.46237794 -0.00452162
0.00928693 -0.23648909 -0.01836554
-0.01301566 -0.50495607 -0.03319671
-0.02334400 -0.44227821 -0.00287694
0.00707214 -0.28743532 -0.00720548
0.02006565 -0.29248405 0.00915585
-0.02275242 -0.44782773 -0.00432314
-0.02561520 -0.37154165 0.01676332
0.01638023 -0.36916530 -0.01069962
0.03856755 -0.49887690 0.01388750
0.03612588 -0.46892542 0.01980307
-0.02880362 -0.41498175 0.00184105
-0.03073904 -0.37888134 -0.00576271
0.02489440 -0.14544007 0.01724273
0.01291624 -0.24436489 -0.00202356
-0.04488119 -0.51143765 0.04731882
0.00733935 -0.23392421 -0.00727910
0.01333129 -0.14492273 0.00024243
-0.02078611 -0.38465604 0.01593634
0.02221545 -0.47142264 -0.00431759
0.04013150 -0.49713281 0.01230088
0.02046583 -0.49893308 -0.03529529
0.02502627 -0.49868494 0.02877548
-0.00474209 -0.51523167 0.04489328
-0.00806445 -0.48709255 0.06940520
-0.05485800 -0.50834239 -0.02393240
0.00366295 0.39614385 -0.00054174
-0.03394809 -0.43636355 0.02268833
-0.04776888 -0.50008863 0.01894329
0.02697129 -0.48138827 -0.03157356
0.01354678 -0.30485684 -0.01540890
0.00694230 -0.36733320 -0.01450558
0.00574300 -0.27053466 -0.01250983
0.01561428 -0.37535968 0.01162188
-0.01086047 -0.25759935 -0.00561089
-0.04336622 -0.47351474 0.01194761
-0.00403297 -0.26498508 0.00408870
0.03251172 -0.26133263 0.01306607
-0.02682805 -0.44102550 0.03234025
0.00464758 0.37411010 -0.01098266
-0.03867383 -0.47828770 -0.01195589
0.00329745 -0.41184354 -0.02340501
-0.00359117 -0.31295949 0.02390363
-0.00118778 -0.27887002 -0.03212418
0.03355850 -0.44993228 0.01886865
-0.00784235 -0.29957819 -0.00209676
0.02072238 -0.07648563 0.01471921
0.00277934 -0.38438505 -0.01606707
-0.03034704 -0.45656621 -0.03453512
-0.00167151 -0.26935911 -0.00351464
0.01198330 -0.43418795 -0.02552107
-0.01975451 -0.39657477 -0.00896483
-0.03592031 -0.50753301 -0.03328095
0.01491959 -0.03482889 0.01145006
-0.04503765 -0.48869187 0.05100702
0.00014243 -0.34535128 0.01194763
0.03735827 -0.51045775 0.00418074
-0.00525014 0.26442218 -0.00094870
0.00227830 -0.34328803 -0.03175150
0.01287031 -0.51321852 -0.04367307
0.01803400 -0.42368945 0.02294876
0.00353941 -0.11935204 0.00789797
0.00153898 -0.42721292 -0.02056045
-0.01013176 -0.34620038 -0.02841105
0.01609689 -0.48038083 0.04852189
0.02893498 -0.51198047 0.03766626
-0.03295303 -0.47773117 0.02464471
-0.00534097 -0.25216356 -0.01575715
0.00765608 -0.41277346 -0.02215412
0.01494586 -0.39675641 0.02867474
-0.03202030 -0.45811722 0.00012879
0.01199168 -0.41115868 0.01831718
-0.01426055 -0.49999830 -0.03395147
-0.00591919 -0.29155278 0.01136325
0.01085608 -0.50255424 -0.04121962
0.00830000 -0.49580592 -0.01406021
0.00067281 -0.28461331 0.00537763
0.01285576 -0.36042377 -0.00108442
-0.02786223 -0.39248469 -0.00771183
0.00658257 -0.51365662 -0.03272066
0.03639042 -0.49861807 0.01396070
0.04268680 -0.50834292 -0.01403468
-0.00079352 -0.36819628 -0.01200039
0.01914411 -0.24668215 -0.01410609
0.01664423 -0.44723305 -0.00135510
-0.00465525 -0.29693767 0.01192002
0.01033363 0.32447585 0.00272859
-0.01681593 -0.49614465 -0.02851756
0.00388884 -0.44836718 0.02534942
0.03593348 -0.43227664 -0.01103672
-0.00712323 -0.45548910 -0.04575669
0.01504410 -0.46262008 0.04031951
0.00715860 -0.41941893 -0.01582155
0.00083128 -0.24547374 -0.00220220
0.00642952 -0.24880342 -0.00100420
0.00010795 -0.47249472 0.04109713
-0.03993984 -0.47993562 -0.02413980
-0.00306676 -0.29935667 0.03341065
-0.00345474 -0.32234907 0.00536331
0.00811766 -0.41534349 0.02562019
0.01393950 -0.43350294 -0.01907019
0.01106407 -0.42352307 -0.02499038
-0.00289722 0.05671134 0.00239428
0.01828565 -0.47400308 0.03031458
0.01232613 -0.49230033 0.03890952
-0.00919760 -0.36659753 0.00926945
0.00545601 -0.30307251 0.01096911
0.01087940 -0.35322708 0.02398104
-0.00409207 -0.26199090 -0.00972608
-0.00201770 -0.29872230 0.01039009
0.00077476 -0.33911693 0.01186968
0.02401863 -0.49979189 0.03876347
0.02047493 -0.39494419 0.02484203
0.00006065 -0.51155299 -0.04232218
0.01243401 -0.27692431 -0.00227992
0.02079995 -0.32945055 0.01489209
0.01741975 -0.46626094 -0.02974230
0.01285975 -0.45148352 -0.00592891
0.02482310 -0.45317861 0.00476379
-0.04962300 -0.48683956 0.04613710
0.02080399 -0.29733258 0.00388641
-0.03199030 -0.46213198 0.01661485
-0.04341012 -0.48461556 -0.01959211
-0.00082746 -0.32494324 0.01208476
-0.02492821 -0.45712453 0.02026501
-0.01723011 -0.33119297 -0.00287747
-0.00768911 -0.36014771 0.01940461
0.01321467 -0.49073410 0.04100405
0.00229023 -0.26905775 0.01034391
0.00428121 -0.36008927 -0.02044234
-0.00090911 -0.27574176 -0.00753483
0.06156409 -0.49916545 0.02454998
-0.01886578 -0.47487259 -0.02864362
-0.02368257 -0.43531206 -0.02243188
0.03835116 -0.50390017 0.00025059
-0.02756186 -0.46921995 -0.00753207
-0.02651994 -0.35292113 -0.01344112
-0.01797461 -0.45951536 0.00075766
0.00650302 -0.45371714 0.02383842
0.00185423 0.51712513 0.00137471
0.01401161 -0.42700347 0.02287648
0.02096130 -0.36731255 -0.02251191
-0.03117649 -0.40256259 0.02011252
0.01743744 -0.36743447 -0.00124300
-0.03660652 -0.50332010 -0.02497190
0.03164730 -0.49656478 0.02655554
0.03169224 -0.46578985 -0.05012419
-0.02176858 -0.28480828 0.00920281
0.00271168 -0.25130150 0.00086075
-0.04771261 -0.51347280 0.01137383
0.00205331 -0.02079493 -0.00892341
-0.01725807 -0.34747404 -0.01299917
0.02997171 -0.49681845 0.03124383
0.00111052 -0.29128328 0.00068037
0.02405054 -0.47233978 0.01418718
0.00902907 0.00840033 -0.00349137
-0.04555625 -0.48024648 0.00632522
0.02903958 -0.41859302 -0.03177418
-0.02521128 -0.37027758 0.01639398
0.03121807 -0.48601937 -0.03733557
-0.01499613 -0.45115730 -0.03990912
-0.04576387 -0.49632871 -0.02104293
-0.04442080 -0.50365382 0.01169813
-0.01710060 -0.41457194 0.03339444
0.02093165 -0.45945188 -0.01473202
-0.02608042 -0.49290708 0.04399762
0.01146924 -0.34217384 -0.00756136
-0.01396488 -0.41917235 -0.02340293
-0.01258748 -0.40973896 -0.01801374
-0.00805495 -0.38201633 -0.00770924
-0.01277701 -0.27810514 0.01395628
0.06027135 -0.49270111 0.00637821
0.03513307 -0.49641210 0.02618049
-0.01570657 -0.25227529 0.01256375
0.00536080 -0.51140481 -0.04980699
-0.04171703 -0.49556008 0.00038079
-0.00578102 -0.35081050 -0.02731319
-0.01306270 -0.29277295 0.00545589
0.02813527 -0.28935847 -0.00324243
0.03797992 -0.48890802 0.05438097
0.02687623 -0.42163447 -0.03421465
0.01590514 -0.39996544 0.01863082
-0.03830411 -0.47801885 0.00927835
-0.04338623 -0.49684483 -0.03365456
0.00252316 -0.49542919 -0.03552146
-0.01119170 -0.46571687 -0.02527973
0.03268088 -0.44439077 -0.02986823
-0.05831962 -0.49356243 -0.01268423
0.00953532 -0.27870339 0.00984561
0.00768909 -0.34914136 -0.01492787
-0.03972869 -0.49920782 0.02677339
-0.02878238 -0.39531437 -0.01416454
0.05067772 -0.49848327 0.03110173
0.00610238 0.48768857 -0.00225275
-0.02981008 -0.35696921 -0.01369643
-0.00213410 -0.35233906 0.01819420
-0.02247683 -0.50158149 -0.04397961
-0.02224800 -0.50428218 -0.04624784
0.03184626 -0.12761751 0.02287948
-0.01315350 -0.35389978 0.00584113
0.00333282 0.17909399 0.00127021
-0.01184539 -0.26742387 0.00328008
0.05340540 -0.50959945 0.00239373
0.01513456 -0.20694889 -0.00364434
-0.03567811 -0.48641118 -0.00937079
0.00560439 -0.28368139 -0.01027559
0.01166767 -0.45073825 0.02586459
-0.01257165 -0.45143294 0.03619916
-0.01917858 0.50658035 -0.00664185
-0.02551218 -0.43068647 0.03064535
0.00137029 -0.30301902 0.00092105
-0.06976043 -0.51712108 -0.02040007
-0.03579780 -0.49787247 0.01810431
0.01697543 -0.38053897 0.01059843
-0.04611443 -0.49210674 0.00302474
-0.00328135 -0.28526384 0.00573365
-0.04375350 -0.48927590 0.01640385
0.01315914 -0.34144065 -0.00008531
0.02121255 -0.49248707 -0.03665421
0.04373677 -0.47372484 -0.03843550
-0.00245710 0.12345639 0.00586436
0.03464232 -0.50441194 -0.04888577
-0.03961952 -0.38413158 0.01797143
-0.03036385 -0.41341060 0.00189780
-0.01379694 -0.29399183 0.00342608
-0.01635513 -0.30582848 0.00578389
-0.01886470 -0.29903153 0.00962809
-0.00691433 -0.49974343 0.03841083
-0.02810922 -0.44580922 -0.00499545
0.01133711 0.02286244 0.00036276
0.03232997 -0.43738368 0.01294041
0.02383740 -0.41981956 0.02839356
-0.01157984 -0.49515927 -0.03942772
-0.05282289 -0.49796969 0.00492010
-0.03637680 -0.51607752 0.03650157
-0.01337512 -0.31831828 0.00506938
-0.00990898 -0.31145495 0.00879253
-0.01181887 -0.35018188 0.01697306
-0.01200436 -0.29865050 0.01354594
-0.01322285 -0.27672860 -0.00169953
0.00743399 -0.48885769 -0.03921621
-0.00229693 0.47167212 -0.00947179
0.00788852 -0.25623012 0.00047971
0.01272792 -0.42449403 -0.00534924
-0.00303893 -0.29400209 -0.01473932
0.03073231 -0.49316648 -0.01796138
0.04070681 -0.50200593 0.02280497
-0.00292255 -0.47050521 0.04362502
0.02242962 -0.42533913 -0.01059584
0.00480665 -0.27754435 0.01793404
