-0.13461877 -0.29467154 -0.00957202
-0.22250080 0.04443562 0.01866868
0.15966575 -0.21464318 0.03962855
-0.12790152 -0.21920939 -0.02273698
-0.15433288 -0.21715882 0.04649465
0.03521574 -0.28400418 -0.02622689
-0.27561721 -0.07502593 0.01140783
0.06133716 -0.22799143 -0.01473673
-0.13544206 -0.26001769 -0.02315112
0.00306300 -0.28362802 -0.01988121
-0.26620716 -0.28108501 -0.03091012
0.18464550 -0.26567429 0.00454551
0.25480491 -0.22235712 0.03911791
-0.31667164 -0.17627382 -0.01132309
-0.07901303 -0.23318313 0.02096023
-0.30209199 -0.19956213 -0.02489939
-0.11218432 -0.29147932 -0.00275211
-0.22482328 -0.05574562 -0.00229728
-0.08628343 -0.28150013 -0.01821441
-0.25879171 -0.22001749 -0.03236273
0.17784627 -0.08630894 -0.00852747
-0.16611557 -0.27822930 0.02913832
-0.03531144 -0.24533179 0.03110915
-0.01356110 -0.29056436 -0.02101218
-0.01198657 -0.23617968 0.02162021
0.16773485 -0.28527161 0.03913562
-0.02111395 -0.29894274 0.00629289
-0.13445838 -0.28364149 -0.01947608
-0.17909130 -0.17714992 -0.00354715
0.14716531 -0.19444263 -0.01475952
0.20954274 0.14680210 0.02060848
-0.29784662 -0.23851185 -0.03170779
-0.32728601 -0.23883379 -0.00083154
-0.12118705 -0.26218432 -0.00390912
-0.04856222 -0.21615392 -0.01722305
-0.05941676 -0.20335212 0.01359211
0.07758145 -0.27833781 -0.03406695
0.15389818 -0.22991240 0.03015079
0.11985306 -0.24106649 -0.02304561
0.29710853 -0.20937604 0.00554352
0.14680286 -0.15792093 0.01653671
0.19752631 -0.25683111 -0.01408012
-0.10849715 -0.28023052 -0.02500924
-0.22438756 -0.20464380 0.04182970
-0.30493590 -0.23309913 0.03524572
0.12668221 -0.25796297 0.02258908
-0.04686377 0.38435325 0.00350384
0.12527713 -0.30514234 0.00077266
0.30282480 -0.20285450 0.00783217
-0.01136845 -0.28322741 -0.00111566
-0.28144020 -0.23956431 -0.03521164
0.19935404 -0.28484604 0.03831950
0.14024144 -0.21917352 0.04603357
0.07021697 -0.21696831 -0.00399025
-0.29903087 -0.25420821 0.03221226
0.01296287 -0.29688793 0.03844357
-0.02342932 -0.30589873 0.00904482
-0.27304190 0.19376510 -0.00043166
-0.15148723 -0.22661655 -0.01865279
-0.13309410 -0.28838453 -0.00233114
0.05658657 -0.21882035 -0.01731064
-0.12014313 -0.21094330 -0.02655493
-0.16170105 -0.20745443 0.03933143
0.27551079 -0.20760918 -0.01102827
0.06730970 -0.24867475 0.02594352
-0.08397689 -0.27403119 -0.00382429
-0.03791331 -0.21647362 0.03679805
-0.11423873 -0.23595679 -0.00824280
0.28720206 -0.21672566 0.00756055
0.18627430 -0.23894906 -0.03945040
-0.12735924 -0.32891017 -0.01025311
0.12174954 -0.29145288 0.00359268
0.27964327 -0.23765993 -0.00542590
-0.07548119 -0.25706223 0.02485303
-0.23578061 -0.28624398 0.00065907
-0.16257216 0.21514574 -0.00195207
0.13917556 -0.21356843 0.03034809
0.23876509 -0.25871757 0.02695315
0.14712566 -0.28017306 0.00809304
-0.32862553 -0.21218696 0.01709893
0.28736717 -0.19991808 -0.00492095
0.28696445 -0.24725093 -0.01494859
-0.33270085 -0.22934508 0.03344438
-0.14833438 -0.25293148 0.00368818
0.06052402 -0.24457338 -0.01306634
0.30362076 -0.16349924 0.00305264
-0.19945815 -0.21252960 -0.00012789
0.10054591 -0.21935692 0.03093563
0.00201251 -0.21148299 -0.01801635
0.13480413 -0.22397162 -0.00924558
-0.26213491 0.34844789 0.00134395
-0.15868966 -0.18774465 -0.02191090
-0.31470543 -0.24508664 -0.00769365
-0.24843997 -0.24412563 0.02112864
0.03815078 -0.23077062 0.02550784
0.16064857 -0.23585953 0.03141569
0.08830976 -0.22175080 0.04537400
-0.19182187 0.34637353 0.00735751
-0.16068622 -0.29929474 0.00252764
0.23100078 -0.19822031 -0.00296811
-0.06907506 -0.27383274 -0.01029718
0.29648617 -0.19960164 -0.01409774
-0.27383626 -0.25022846 -0.01696163
0.09389506 -0.20639703 0.02168605
-0.08250066 -0.24757932 -0.00630545
-0.22598313 -0.25782928 0.02068758
0.16509934 -0.26073009 -0.00757256
0.12197714 -0.23549148 0.03628148
0.27206585 -0.22088055 0.02166738
0.24738438 -0.28333113 0.00825254
-0.20526408 -0.21741381 0.02802822
0.01999806 -0.22293919 0.03027032
-0.00225386 -0.28298718 0.01804665
-0.30453360 -0.23518552 -0.00752584
0.12362433 -0.31670120 0.00677855
0.31255916 -0.22082058 -0.01441943
-0.16545236 -0.26003096 0.03043791
0.13765517 -0.30118391 0.01036213
-0.06501821 -0.22346787 -0.03125474
-0.13019376 -0.21986887 -0.01756603
-0.08608142 -0.28479835 -0.01733690
-0.15482013 0.39216560 0.01143987
0.14028849 -0.23859888 -0.02535505
-0.17484188 -0.21702659 0.04053511
0.30627659 -0.18692939 -0.01335184
0.07298955 -0.20610388 0.02032039
-0.10680393 -0.23690349 0.00917531
-0.23526683 -0.22414163 0.01288249
0.28186539 -0.19804969 0.01840711
0.03839044 -0.25223342 -0.03486014
0.27454501 -0.17549968 0.03164782
0.12199877 -0.27502725 0.01660670
0.23486033 -0.26485929 0.01363592
-0.11289204 -0.26917398 -0.03254993
0.26915568 -0.26308542 0.01046271
-0.08763707 -0.22638777 0.03182928
-0.17370775 -0.23512401 -0.01722918
-0.18388101 -0.29551703 0.00622137
-0.15875696 -0.18634306 -0.00355776
0.14085852 -0.12842406 0.01241835
-0.27024207 -0.24982627 0.03865216
-0.03550180 -0.27127531 0.01698008
0.30233255 -0.22110343 0.01251199
-0.24298090 -0.23164757 0.02607999
0.19399929 0.17472069 0.00335496
-0.15571004 -0.31382623 -0.00001236
-0.28002402 -0.22331469 0.01620723
-0.21553388 -0.26201245 0.02085941
-0.14410138 -0.23655646 -0.02241023
-0.12097107 -0.27145207 0.00405895
-0.27310199 -0.26348406 0.04166036
-0.21560694 -0.24210969 0.04100970
0.26715109 -0.24948417 -0.01333924
0.23012787 -0.02332029 -0.02071753
-0.12868522 -0.26969004 0.00988683
-0.02551184 -0.22539367 0.01999468
-0.28662890 -0.18208221 -0.00807974
0.07917585 -0.25348163 0.01206544
-0.01331183 -0.20531580 0.01592235
0.11609879 -0.20763826 -0.00156054
0.18230237 -0.28241804 0.02787529
0.14460219 -0.28961563 -0.00666964
0.21462980 0.32057872 0.01626169
0.29235280 -0.20034844 -0.02760237
0.15808545 -0.22383507 0.04369887
-0.12095132 -0.27781004 -0.00873218
-0.32900161 -0.21737809 0.01558939
-0.17491351 -0.28157902 0.00656408
0.30383506 -0.21920103 0.01055856
0.01535257 -0.19022800 0.00037758
0.01178111 -0.29499361 -0.02388618
0.14449593 -0.31401441 -0.00762763
0.01210957 -0.21743138 -0.02695409
0.28699854 -0.20137690 -0.00276009
0.19265991 0.30859336 0.00179526
-0.17926095 -0.20630358 0.01748220
-0.05228914 -0.22261821 0.03994475
0.05397043 -0.23141499 0.02533805
-0.08410215 -0.29624611 0.03680088
0.26106444 -0.22802553 -0.03857750
0.03761738 -0.27611646 -0.00952841
-0.18670297 -0.26626071 0.00327224
-0.28866625 -0.23546028 0.04637098
-0.04732843 -0.22142039 0.01463649
0.14712861 -0.23270267 0.05379536
0.29426900 -0.20715003 0.02758164
0.10742018 -0.21896365 0.04253592
-0.06263654 -0.24175586 0.02959076
0.27507201 -0.23429325 0.04264599
0.01476981 -0.25173843 -0.04484747
-0.27157989 0.16637880 -0.00335635
-0.26686707 -0.22326019 0.01027204
0.25842148 -0.29083455 -0.01410858
-0.19618751 -0.32123178 -0.01227172
-0.14097661 -0.26200506 -0.03234485
0.20791170 -0.19713162 0.00294860
-0.15520878 -0.21204475 0.01029741
-0.30843270 -0.21886073 0.01593250
-0.07258467 -0.26858541 -0.01677503
-0.03837161 -0.28145248 0.02355521
-0.28229874 -0.23717389 0.01185491
-0.07539072 -0.26291779 -0.02789217
-0.22690009 -0.21242012 -0.01698321
0.08722477 -0.20959626 0.02011961
-0.31708854 -0.25266969 0.02292677
-0.14413525 -0.28172070 -0.02578255
-0.06007447 -0.31898010 -0.00468523
0.29748601 -0.22520834 -0.03205338
-0.14343302 -0.25246477 0.02960176
0.15322433 -0.21353970 -0.01177954
0.17332919 -0.26655284 -0.00112174
0.11082080 -0.22450866 0.03119899
0.06787534 -0.28662658 0.00921242
0.22000937 -0.21778363 -0.00813205
0.08672880 -0.28146172 -0.01756286
0.16980100 -0.27880523 -0.01680825
0.17145237 -0.24872465 0.01570987
-0.14294115 -0.24401844 0.01378122
0.10842541 -0.28775567 0.00219828
-0.24006735 0.03436988 0.01002761
0.19846985 -0.21680492 -0.02821610
-0.11496374 -0.24199086 -0.01849053
-0.24917884 -0.20170158 0.04283415
0.09284082 -0.12016253 0.00175419
0.07210442 -0.29062974 -0.02045611
-0.23920172 -0.27990976 0.03894724
-0.15662675 -0.29229259 -0.02525697
-0.03976691 -0.31378263 -0.02806683
0.24200875 -0.22964813 -0.02885811
0.24590245 -0.25045183 0.02864021
0.00356309 -0.22585650 -0.01931571
-0.12843084 -0.25304246 0.02560695
0.04373959 -0.23897818 0.01745951
0.03967335 -0.23717542 -0.02592608
0.24777143 -0.28544059 0.04595413
0.14771208 -0.18257847 0.01076170
0.20771748 0.35739362 0.01431386
0.15900521 -0.25089186 0.01419587
-0.09878655 -0.26348159 -0.02886289
0.02945721 -0.30258256 -0.00412177
-0.04331774 -0.22981788 0.03170137
-0.16546443 -0.23626855 -0.02836564
-0.01481638 -0.21162926 -0.01881060
-0.04626863 -0.26229808 0.02033663
0.10718194 -0.27328539 0.01390695
-0.19260764 -0.09509858 0.00863446
0.29654464 -0.24187048 -0.02086817
0.15383284 -0.23452865 -0.02667377
-0.18487811 -0.21698090 0.04785524
0.02804971 -0.29044548 0.00020905
0.09289463 -0.27296731 0.00973814
-0.14198238 -0.28859413 -0.02294578
-0.08006006 -0.28477028 0.00649986
-0.26521721 -0.21529314 0.02203555
0.09772876 -0.21676323 -0.00156963
0.15606053 -0.26033032 0.00557874
-0.04074515 -0.28807458 -0.00110321
0.28171414 -0.26325107 -0.00392091
0.28692669 -0.23122257 0.00157888
-0.13735358 -0.29014623 -0.01136992
-0.30362517 -0.19665542 -0.00206605
-0.30559272 -0.22004019 -0.02261399
-0.29169700 -0.26371044 -0.00810918
0.18309987 -0.23717134 -0.04100659
0.18236990 -0.11492147 -0.00583026
0.07500489 -0.28331292 -0.01780898
0.08418117 -0.28700376 0.00489452
-0.15091473 -0.24252693 0.02237081
-0.10760317 -0.30175287 -0.00239905
-0.07638266 -0.25723171 0.00337376
-0.12094066 -0.21439418 0.04356694
0.23009017 -0.26110658 0.01288551
-0.02126329 -0.25679925 0.01623242
-0.00492040 -0.22495177 0.02078171
-0.32432780 -0.24723174 -0.00108919
-0.02334581 -0.21044092 0.03009117
-0.07432831 -0.23000628 0.00698472
-0.19373721 -0.29710698 -0.00393555
-0.16921748 -0.25897872 -0.01671433
-0.15592162 -0.27620223 -0.02101975
0.20000161 0.19301930 0.01420424
-0.26435891 -0.30157200 0.03569065
0.02552390 -0.23516314 0.05381560
-0.11233965 -0.24404290 0.02262435
0.20852707 -0.24740599 0.04375999
-0.04932144 -0.28768259 -0.00481028
-0.15642884 -0.22247897 -0.01806138
0.13683040 -0.20467702 -0.00991543
-0.19933000 -0.28996238 0.01130679
-0.22551690 0.38466087 -0.00169293
-0.16115654 -0.27172282 0.01066141
0.09775709 -0.22564769 0.03057903
-0.17220977 -0.27760842 0.01531405
-0.17938146 -0.22285920 0.03068696
-0.10760238 -0.26353207 -0.00968280
-0.29689869 -0.24182215 -0.01260880
0.16009063 -0.20232831 0.03077970
-0.13857105 -0.28406912 0.01536095
-0.29772618 -0.28016773 -0.00735087
-0.02095020 -0.21203816 0.01929946
-0.10791459 -0.21417639 -0.03594399
-0.18756728 -0.27906859 -0.00078312
0.17783535 -0.29273134 0.00559377
-0.04867522 -0.19911748 0.02004228
0.20482796 0.29953200 0.00377498
0.20585908 -0.22037093 -0.03141659
0.11328104 -0.22413085 0.03137449
-0.24537982 -0.31036773 0.00581939
0.21115893 -0.27500972 0.01434163
-0.30581135 -0.26950473 0.01547534
0.08188689 -0.26510248 -0.04178333
-0.02170584 -0.20321925 -0.02070670
-0.26316270 -0.26643962 -0.02532023
-0.05799708 -0.28741544 -0.01065653
-0.16491786 -0.25930056 -0.02616522
0.27813211 -0.25318438 -0.00961079
-0.04243054 -0.23460741 -0.02699469
-0.00752109 -0.21455839 -0.00701808
0.05946594 -0.24411830 -0.01269998
-0.28330362 -0.28528365 -0.00227974
0.06511532 -0.23258194 0.00193498
-0.05164621 -0.23604654 -0.03704683
0.02041695 -0.25174814 0.01091704
0.10259822 -0.20808817 -0.02558341
-0.04548635 -0.22947103 0.00476025
0.13537450 -0.20912680 0.02113084
-0.12109911 -0.27026197 0.04274925
0.05322523 -0.23603126 0.03072269
-0.27399796 -0.23939206 0.02354028
0.25170922 -0.28640249 0.00893599
0.27735785 -0.24678233 0.00820750
0.09500849 -0.27304181 -0.01698823
0.12605706 -0.23291048 -0.01944420
-0.06100827 -0.21515693 0.03314368
0.04832314 -0.27371818 -0.00268777
-0.22006282 -0.26681259 0.01285261
0.08761792 -0.28462455 -0.01019662
-0.27448851 -0.24578093 0.01158288
-0.26403323 0.16382551 0.00463789
0.00877196 -0.25479198 -0.03946077
-0.26961949 -0.23627010 0.03534840
0.10996698 -0.19193016 -0.04103508
-0.14718956 -0.26355618 -0.02484207
-0.18090864 -0.22450684 0.03330199
-0.18230183 -0.26630279 0.00808982
0.04092623 -0.25184825 0.01358071
-0.03697235 -0.22810096 0.00482417
-0.27540585 -0.21740682 0.01023031
0.08833154 -0.29702437 0.03845242
-0.00186723 -0.23958327 0.02967795
-0.30269828 -0.22237445 -0.02939155
0.07265567 -0.25676459 0.00778665
-0.05977069 -0.22373302 -0.01474827
-0.07128219 -0.21039052 0.00343099
-0.30574226 -0.17824526 -0.00037266
-0.26046494 -0.30441269 -0.01984395
-0.12504280 -0.22999495 0.02304898
0.21069796 0.28813705 0.00784170
-0.31083277 -0.25588390 0.02471017
-0.29388720 -0.26083785 -0.01549175
-0.12580526 -0.23464869 0.02595909
-0.09010558 -0.23726642 0.02740194
0.16035222 -0.21604988 0.03811436
-0.15100922 0.32022738 0.01184173
0.12519845 -0.29828587 0.00783740
0.16877921 -0.23494433 -0.01175677
0.24089779 -0.20936151 -0.01729942
-0.31069210 -0.23126568 -0.00148008
0.07156812 -0.24828486 -0.01769213
-0.19923760 -0.14289863 0.01356739
0.11628648 -0.22422394 0.04115838
0.29697290 -0.20427774 0.03212187
0.25282779 -0.27180469 -0.04443730
-0.15669762 -0.23098110 -0.01989020
0.06605184 -0.22261709 0.04369873
-0.30530071 -0.23285939 0.02894319
0.23122837 -0.27750531 0.03593798
0.05775006 -0.23589337 -0.02251776
0.26968062 -0.24910769 -0.00702655
-0.28420568 -0.26229972 0.03007364
0.04546124 -0.26955029 0.05818057
-0.12235274 0.37916082 -0.00393358
0.17217951 -0.25379169 -0.02648666
-0.13187560 -0.22702383 -0.00017051
0.27530503 -0.22369844 -0.01154904
-0.23861405 -0.28871524 0.04028942
0.07883719 -0.25171548 0.02739212
-0.31563398 -0.15946597 -0.00936508
-0.12327144 -0.21931562 0.00068428
0.20556042 -0.20200044 0.03111568
-0.13954973 -0.26655030 -0.01714892
0.02266582 -0.22428492 -0.01311106
-0.23486766 -0.19831145 0.02466063
0.09531218 -0.27305719 0.00030756
0.12965168 -0.25386778 0.01798061
0.13219799 -0.23591039 0.03965987
0.05241428 -0.27061859 -0.02323413
0.18726139 0.29602545 0.01141400
-0.05870790 -0.24719019 -0.00677759
-0.04097452 -0.21552134 -0.02074269
0.08866986 -0.25281686 0.02757456
0.14000490 -0.25414371 0.04272319
-0.15648212 -0.22132535 -0.02861592
-0.22321466 -0.21500969 -0.00416167
-0.13363056 -0.22658047 -0.00697841
0.26131788 -0.21665148 -0.01105771
-0.32783735 -0.23792058 -0.00059256
-0.26638439 -0.21992254 -0.02736685
-0.18032311 -0.22762457 -0.01630415
-0.18701158 -0.29574770 -0.01144034
-0.08818938 -0.26906398 0.01644281
-0.12832941 -0.28246823 0.05458597
-0.19151068 -0.22686091 0.01219094
0.27821901 -0.16765065 0.02580721
0.30187127 -0.19692838 -0.02004042
-0.08613141 -0.27871263 -0.00811929
-0.22403230 -0.24760672 -0.00323839
0.17712002 -0.26378649 -0.00936531
-0.11860193 -0.28584763 -0.01252893
-0.13214624 -0.09812662 -0.00138914
-0.23820597 -0.17281145 0.00927127
-0.13277958 -0.30128506 0.00268803
0.09638623 -0.23864985 0.02969831
-0.25174725 -0.22123885 -0.01660429
-0.15413073 -0.23389922 -0.03306752
-0.23587981 0.37799931 0.01399427
-0.03097001 0.37900054 -0.00016385
0.13301259 -0.25414160 0.01808233
0.00020583 -0.22726633 0.02474293
-0.23589672 -0.24652416 -0.01709940
-0.06145605 -0.25613832 -0.03772645
0.01410202 -0.28994492 -0.01922961
-0.31513345 -0.22971164 0.00257690
0.12551264 -0.20307040 0.04144223
-0.12526186 -0.22557968 -0.01078140
-0.00374432 -0.27063715 -0.01495181
0.00678005 -0.22894806 -0.02013260
-0.02172638 -0.22675341 0.02507597
0.01296987 -0.25944945 -0.04357388
0.29634976 -0.22829787 0.02174021
-0.17755517 -0.18701738 0.00675694
-0.18023403 -0.00343147 0.01584781
-0.30495831 -0.17743672 -0.01523105
0.14857136 -0.23289338 0.04094372
-0.24957611 -0.28674227 -0.03100568
-0.09373900 -0.29641786 -0.02201262
-0.30550992 -0.17581469 -0.00158864
-0.27687773 -0.29633132 0.03418654
0.10935967 -0.19094945 0.00269567
-0.25579658 -0.30249536 0.03373330
0.14039496 -0.30127260 -0.00117471
-0.02076657 -0.20989576 -0.02620888
0.30023709 -0.18378595 0.00729200
0.17669360 -0.25748968 0.01207669
0.00321344 -0.26652497 -0.04219657
0.28769064 -0.24116066 -0.02368720
-0.18124977 -0.30530599 -0.01464950
0.16431662 -0.24238139 0.03229818
-0.04602122 -0.28945211 0.00053032
-0.30217841 0.35315338 0.01120642
-0.28302217 -0.23208633 -0.00883021
0.16016264 -0.28222883 0.03921212
0.16728950 -0.25344267 0.01409106
0.10129557 -0.22251609 -0.04138500
0.08723782 -0.26771298 -0.01117958
-0.15344541 -0.19549906 0.02431752
-0.16385621 -0.22383104 -0.02532820
0.16459037 -0.28968361 0.00584977
0.07274545 -0.25310796 0.01043076
-0.05162896 -0.31062275 -0.01149731
-0.29694214 -0.25305212 -0.01956714
0.06549448 -0.27742875 -0.01604313
0.21036839 -0.25030324 0.03207614
0.29668584 -0.22177590 0.01558849
-0.01344812 -0.24846496 -0.02543266
0.15959343 -0.26919815 -0.03299157
0.19296122 -0.22549109 0.01498912
-0.14131267 -0.29774475 0.02397886
0.23412731 -0.18664794 -0.04134559
-0.05748037 -0.21100277 0.03143058
0.25123885 -0.19857919 -0.01850782
-0.29539862 -0.25146955 0.00644459
0.27067807 -0.20425308 0.01128297
0.25361368 -0.27518204 -0.01102681
-0.28289434 -0.23446751 -0.03396830
0.11146080 -0.28396681 -0.01654499
0.23836525 -0.22505160 0.02404805
-0.20455599 -0.24140660 -0.03276299
0.23847651 -0.20729977 -0.02512478
-0.01217626 -0.29917097 0.01814453
-0.02200527 -0.21223961 0.00705749
-0.23406959 -0.30633464 0.00501349
0.24596122 -0.21464242 -0.03402354
-0.12938502 -0.24038605 0.04042947
0.25169644 -0.21800177 -0.01575488
-0.14120333 -0.24174447 -0.02605448
0.20694296 -0.21571703 0.03827002
-0.13648866 -0.25813171 -0.01744233
-0.23878093 -0.21792047 0.01310110
0.25599307 -0.22312507 0.02678517
0.16842769 -0.26913691 -0.03423856
0.00240205 -0.23364945 -0.00762776
-0.12407352 -0.22461845 -0.01621741
-0.26909083 -0.24101233 -0.00829999
0.07372824 -0.22999284 0.03205696
0.01495657 -0.23215884 -0.02306849
0.12389793 -0.24399108 -0.03695585
0.23634638 -0.26850080 -0.01080215
-0.30943242 -0.25574744 -0.02487086
0.11798361 -0.24521148 -0.01961737
0.21366626 -0.17513339 -0.00782031
0.28810176 -0.21068951 -0.01470714
0.05470729 -0.28705773 -0.01700056
-0.24529284 -0.20333055 0.04051855
-0.16278948 -0.32331786 0.00094949
0.13553099 -0.29948071 0.01051834
-0.30612922 -0.25661811 0.01652718
-0.12862180 -0.22995365 -0.01733474
0.16656898 -0.21835256 0.03084404
-0.16760619 -0.28669930 -0.00691360
0.29575446 -0.20693229 0.02645689
-0.28871214 -0.19829042 0.02331703
0.30342987 -0.19097683 0.02510594
0.21807532 -0.21100858 0.03206650
-0.14696936 -0.22976689 -0.00312145
0.12535562 -0.23053584 -0.01435666
0.07942016 -0.26390234 0.05457591
0.03761131 -0.30683506 -0.00700467
0.29588166 -0.17792307 -0.02333839
0.01703225 -0.25828281 -0.03366594
-0.30490208 -0.23132867 0.01838113
-0.22435041 -0.22864930 -0.02812347
-0.14367573 -0.23468518 -0.01605010
0.02207769 -0.22349621 0.03315874
0.20683685 -0.27453491 0.01452057
0.10327692 -0.27492267 0.00908702
0.03317167 -0.22177841 -0.00829821
0.23852158 -0.26306474 0.01317365
-0.22365746 -0.26117185 -0.01979802
-0.15775095 -0.20941189 -0.02749701
0.27787578 -0.24020769 -0.00931952
-0.31329054 -0.24447124 -0.01224891
-0.04398545 -0.17002517 -0.02771731
-0.31664842 -0.20902893 0.00809946
0.10162851 0.29244488 -0.00526395
-0.00103881 -0.21975134 0.01795442
0.03742800 -0.30467966 -0.00402386
0.26381576 -0.24486887 -0.02754899
-0.27089375 -0.21840848 0.01009636
0.14714944 -0.21650763 0.00269104
0.18979059 0.19016545 -0.00176338
-0.27579066 -0.23836677 -0.00629304
-0.09964669 -0.22501165 0.03318198
0.09900573 -0.28066635 -0.01605932
-0.11055601 -0.20724098 -0.02555878
0.20436710 -0.15584569 0.00008983
-0.00816954 -0.21257639 0.03026103
0.05967243 -0.24122795 -0.01328912
0.06213957 -0.29933450 0.01730115
-0.17919755 -0.12522197 -0.00035781
0.16299102 -0.21190542 0.01992237
0.09226473 -0.22667064 -0.01879433
-0.33136880 -0.25124103 -0.00506532
0.12754945 -0.27858421 0.01434959
0.04783026 -0.26721603 -0.03357481
0.18031538 -0.20009579 -0.04974812
-0.10897069 -0.28682330 -0.01281579
0.03533681 -0.27693057 -0.02308090
-0.13474001 -0.23263952 -0.00854335
0.10068175 -0.23193263 -0.03787742
0.04525315 -0.21574034 -0.00776152
0.30030516 -0.20970896 -0.00046203
-0.11864085 -0.27835330 -0.01631227
0.25340578 -0.21002246 0.00450477
0.20635644 0.17224628 0.01567718
0.06214829 -0.25464469 0.01383159
-0.25235292 -0.24271998 -0.01681168
-0.15484957 -0.24038072 -0.01689893
-0.16318421 -0.24257928 -0.01124224
-0.31297669 -0.22937971 -0.01911680
-0.28984401 -0.19567077 -0.02307933
0.10457298 -0.23986997 -0.03004789
0.11212781 -0.22246511 0.01405875
0.01255282 -0.23003420 0.01951128
-0.30861861 -0.18982992 -0.00160894
-0.24175762 -0.26435125 -0.01331160
0.26566067 -0.22003509 -0.00891744
0.29877549 -0.15741251 0.00604425
-0.13634945 -0.28418723 0.05295166
0.06455996 -0.28192738 -0.01813828
-0.13779758 -0.24479502 0.03938925
0.05354059 0.20745988 0.00176657
-0.19308686 0.39327329 0.01280545
0.18410207 -0.21292102 -0.00088008
-0.02976990 -0.29040992 -0.00033413
0.22569717 -0.19426984 -0.02667463
0.12651737 -0.23166251 -0.01793917
-0.29718876 -0.28924000 -0.01205025
0.05894334 -0.25748992 0.00926248
-0.00000376 -0.22676027 -0.00923234
-0.23257591 -0.24815437 0.02318579
0.09127346 -0.28590018 0.01917662
-0.27129564 -0.24865992 -0.00572833
-0.13463065 -0.28073758 -0.01017025
-0.21882033 0.33623981 -0.00052899
0.25784189 -0.27515700 0.02158207
-0.16131362 -0.23917405 -0.01080375
0.06169675 -0.23341966 0.05709846
-0.32242373 -0.20961536 -0.00437591
0.27145475 -0.23597938 -0.00429351
-0.14279979 -0.21848226 0.04342532
-0.31712419 -0.22800481 -0.01727843
-0.05152962 -0.23689257 -0.03399605
0.20526701 -0.23188326 0.02382566
0.12842201 -0.23433433 -0.04204828
0.32365161 -0.18902926 0.01134224
-0.19094744 -0.20928276 0.02848865
-0.26643953 0.37476271 0.00640054
0.17324075 -0.24228837 0.03183391
-0.29131240 -0.25482681 -0.01322955
-0.23690100 -0.27099767 -0.00205044
-0.21810807 -0.27324373 0.00462455
0.11404795 -0.28643417 -0.04030006
0.18406802 -0.08742435 0.00534267
0.18482548 0.33110419 0.00742727
0.25583944 -0.19063005 -0.00667803
0.25133130 -0.24467765 -0.01889591
0.16011919 -0.25332069 0.01528970
-0.14320581 -0.29933763 0.01256822
-0.25828922 -0.22531916 -0.01708374
-0.22991019 -0.19435543 0.01391864
-0.18144816 -0.22912359 -0.01348403
0.09723371 -0.23325542 -0.01657345
-0.11889209 -0.26808921 0.02501572
0.11544214 -0.31654257 0.01252813
-0.23612359 0.37096095 0.00598139
0.05354483 -0.28019738 0.00306072
0.28765154 -0.23452432 -0.00688830
0.27566051 -0.19944011 0.03115190
0.12626319 -0.27374616 -0.03325121
-0.03950027 -0.22687301 0.02881587
0.14971647 -0.23004432 0.05116754
0.12588574 -0.26400870 -0.03591162
0.15847959 -0.26143053 -0.01523473
0.30558077 -0.18884599 0.02155931
0.27352309 -0.25706783 -0.02900297
-0.07478116 -0.28589422 0.00622214
-0.24229428 -0.27508274 -0.02585664
0.05058237 -0.22926432 -0.01808379
-0.15468873 0.22620192 0.00385873
0.10824297 -0.20014843 0.02121742
-0.27712920 -0.19946218 -0.02190640
0.06081878 -0.30784017 -0.00220097
-0.20613864 -0.24230599 -0.04176266
-0.28366488 -0.21534269 0.01119860
0.28873175 -0.20501816 -0.01586222
0.24734530 -0.21046059 -0.02397518
0.04340089 0.35970348 0.01381623
-0.24364041 -0.18185925 0.02403504
-0.13632390 -0.26082578 -0.01210204
-0.30469427 -0.20646803 -0.00111945
-0.15083642 -0.25110155 -0.01758678
-0.19862288 0.17101189 0.00252561
-0.06997236 -0.28311425 -0.00466494
-0.31399265 -0.21075377 -0.00805113
-0.17483371 -0.30018514 -0.02261846
-0.03142186 -0.27334374 0.01680599
-0.29859567 -0.22008213 -0.02140052
0.08026867 -0.24393846 -0.04081347
-0.17728232 -0.27074122 0.01050523
-0.17311068 -0.29398271 -0.01143937
0.16572917 -0.26217040 0.02674311
-0.02535158 -0.24577881 0.03262674
0.18677986 -0.12286574 0.00188431
0.04309691 0.37310040 0.01247114
-0.10623099 -0.23493841 -0.00606364
-0.29316470 -0.23112604 0.00664268
0.30067909 -0.19295225 0.02980524
-0.18715236 -0.30565327 0.00501688
-0.28510264 -0.28210574 0.03228154
-0.31844553 -0.24548011 -0.01462065
-0.17557675 -0.25760928 -0.02581716
-0.26574910 -0.20399305 -0.02017059
-0.24901296 -0.27673218 0.03991424
-0.29628828 -0.22271898 -0.00785119
0.25648013 -0.22386800 0.00920298
0.28347382 -0.25501269 -0.02847475
0.00847261 -0.25674000 -0.03835158
-0.09063233 -0.21311936 -0.03401310
0.01500000 -0.23358566 0.03580500
0.28685531 -0.24208210 -0.02252131
-0.21025723 -0.23630336 0.02271092
0.26640195 -0.20742212 0.01584780
-0.02741422 -0.26261353 0.01090819
-0.02400363 -0.32140401 -0.00344365
0.13821325 -0.30180734 0.00820946
0.19461152 0.19527882 0.00006573
-0.00679749 -0.24681140 -0.02097241
-0.01684200 -0.21363997 0.00160421
-0.04989118 -0.23747082 -0.02741255
-0.14198585 -0.22985932 -0.03309661
-0.16292354 -0.23884255 -0.00752817
0.08238825 -0.21239667 0.01470984
0.14769633 -0.27735701 0.02844694
-0.16014728 -0.26362371 -0.03167319
-0.00989637 -0.20577000 0.00241797
-0.10747650 -0.24090737 0.01523757
0.27020562 -0.20511188 -0.04545568
0.22155172 -0.14384969 -0.00767160
0.02573205 -0.27081874 -0.00793873
0.03715397 -0.23091248 0.01570968
-0.25016686 0.37546057 0.00599297
0.22525185 0.00228957 0.04152955
0.06986070 -0.23788138 0.01250644
-0.25668290 -0.27761298 0.00249170
-0.19953465 -0.29440248 0.00642736
0.20882502 -0.22439156 0.02313855
0.14062512 -0.26616853 -0.01966539
0.13429393 -0.23711260 -0.02575164
0.22483385 -0.27372152 0.03382776
-0.25353169 -0.21089265 0.03004659
-0.03206606 -0.20856956 0.03360556
-0.17693430 -0.29395711 -0.00917081
-0.16100648 -0.29840225 0.01126410
-0.02460240 -0.23669206 0.01954405
0.08920800 -0.25531477 0.01147801
0.11686071 -0.24869852 0.02384662
0.15143692 -0.20550033 0.04590964
0.08057252 -0.25037855 0.01148682
0.24949402 -0.26096082 0.02759517
-0.19858079 0.34967273 0.01210520
-0.28602111 -0.28254539 -0.02175795
0.29830715 -0.18371482 -0.01198287
-0.12767547 -0.26256695 -0.01235454
-0.12220662 -0.23730376 -0.00757623
-0.14871225 0.20037277 0.00360999
-0.19395009 -0.12448089 0.01639485
-0.01027959 -0.27579743 -0.01778354
0.05298717 -0.21977146 0.00157995
-0.24916504 -0.27528715 0.00094844
-0.26931369 0.33050755 0.00057907
-0.15476885 -0.24321446 0.02682157
-0.01889352 -0.20221218 0.01481359
-0.20984305 -0.24282221 -0.04475288
0.17913952 -0.21434736 0.04746192
-0.32232505 -0.24691112 -0.00067858
0.25994638 -0.27562156 0.02179487
-0.29966244 -0.23625337 -0.01219147
0.04379765 -0.24553987 -0.01265049
-0.11996374 -0.27386889 0.02022035
-0.11015157 -0.27472442 0.01009008
-0.01576214 -0.27568460 -0.02412758
0.11249777 -0.25348857 -0.02919273
0.21042825 0.13207740 0.02136304
-0.00199715 -0.09285783 -0.00014857
-0.28293097 -0.26672947 0.02548034
-0.07546245 -0.13489752 -0.03005357
0.25967839 -0.21776517 0.02738453
-0.08777976 -0.30148014 0.00747925
-0.13853350 -0.23143077 -0.01832706
-0.13172117 -0.23715641 0.03425399
-0.30069414 -0.26404193 -0.02379084
0.16967019 -0.24725920 0.02460914
-0.23756377 -0.27017763 -0.00089199
0.02701144 -0.22014751 0.02816638
0.25509781 -0.20396797 -0.03869104
0.11607395 -0.22197624 0.00530475
0.00473100 -0.23795545 -0.03639342
-0.28811285 -0.28147686 0.00610743
-0.27271238 -0.20680128 0.02348392
-0.15606344 -0.25645095 -0.01993698
0.03544938 -0.22725944 -0.01237483
0.03516956 -0.21900243 -0.00276821
-0.02661623 -0.23995511 0.05005626
0.06751849 -0.24923469 -0.01242330
-0.15162195 -0.21907566 -0.02437858
0.12614813 -0.29793435 -0.01236937
0.19408879 -0.19641858 -0.00231190
0.29075116 -0.24682859 0.00102687
0.11034526 -0.25650942 0.01096193
0.18034473 -0.26244926 0.00228021
0.00742963 -0.24636082 0.02978717
-0.32344714 -0.17210387 0.00644778
-0.27325943 -0.23084921 0.03793725
-0.01962228 0.38324374 0.00193244
-0.25076681 -0.16584885 0.00825738
0.19972008 -0.19228467 -0.00777989
-0.12759587 -0.21843445 -0.01060204
0.19988392 -0.24240264 0.02353790
0.17056994 -0.21476854 0.02517898
-0.26137298 0.36975554 -0.00267197
-0.19869088 -0.24959554 -0.02256439
0.26411435 -0.26003310 0.02699633
0.26244888 -0.16768600 0.03111499
-0.25701800 -0.26913106 -0.00694716
-0.07225767 -0.25904337 0.02639417
-0.03901120 -0.28452805 -0.00152868
0.12881485 -0.29251003 0.00406417
-0.05952118 -0.23888166 -0.02958149
-0.18530756 -0.26907140 0.01039493
-0.15682538 -0.24588196 0.02907278
-0.31724331 -0.20473163 0.02115358
0.03997273 -0.23145495 0.05819762
-0.25627086 -0.28939161 -0.02265089
-0.31522977 -0.24326225 0.02424945
-0.18343163 -0.23775496 -0.01136164
0.08270570 -0.23077875 0.01192749
0.29787770 -0.19651432 0.00755209
0.20600164 -0.21918018 -0.03092678
-0.12298150 -0.23437183 -0.01584719
-0.27159560 0.18201916 -0.00181263
0.13899612 -0.28013167 0.03894766
-0.03431248 -0.26584071 0.00343684
0.23679602 -0.27721468 -0.00322209
-0.14311107 -0.27314889 0.02282339
0.28809807 -0.24533853 -0.01665527
0.10151671 -0.23512670 -0.01845397
-0.28790364 -0.19728437 -0.00887948
0.09607740 -0.21971831 0.04019080
-0.15280052 -0.28157070 -0.02964687
-0.16607752 -0.22913928 0.04287773
-0.03508535 -0.21393573 0.02320727
0.30980650 -0.18272427 -0.00264614
-0.12060349 -0.25888708 0.01029645
-0.04634144 -0.24303111 0.02878905
0.06395930 0.11865717 0.00098788
-0.12832797 -0.24418342 -0.00653899
0.13523370 -0.23406446 0.02784419
-0.18081918 -0.27868584 -0.00152601
-0.28432497 -0.22807056 -0.00832056
0.24308971 -0.26805601 -0.01170887
0.10870386 -0.27502406 0.03050206
-0.04050820 -0.24481136 0.03219188
0.18601631 -0.28192940 0.00972455
-0.04609271 -0.22240111 -0.02056983
-0.27011883 0.26370263 0.00123930
-0.14556204 -0.29118592 -0.02414082
-0.23851691 0.32497621 0.00595029
-0.30548993 -0.25475559 -0.02298439
-0.12038362 -0.27215743 0.01071819
0.24585855 -0.29167923 -0.01502990
0.20338386 -0.23418319 0.02621845
-0.12760347 -0.20934893 -0.03855271
0.11209219 -0.20388801 -0.00971223
0.26491284 -0.23696916 -0.00169373
0.20578118 0.35006484 0.01687994
0.06615494 -0.24031703 -0.01153867
-0.24681099 -0.27844939 -0.00522663
0.12869863 -0.21127316 -0.00276279
-0.21318036 0.00061682 0.00375463
-0.18803947 -0.27446556 0.02077177
-0.10784650 -0.15511450 0.00142393
-0.14152044 -0.22346248 0.01222196
-0.31518289 -0.28649715 0.00137513
0.25213709 -0.23123090 0.01874211
-0.10465817 -0.28850994 0.02779801
0.28844982 -0.19470479 0.02157571
0.23543939 -0.27361751 0.03325927
0.19939153 -0.20254615 0.03819228
0.16348976 -0.21573704 0.02070448
-0.16412041 -0.23364058 0.03354852
-0.05708783 -0.23659459 0.03678541
-0.03237549 -0.30676728 -0.00940587
0.07699671 -0.24568319 0.02781042
0.11394597 -0.21309225 0.04527706
-0.28789014 -0.23833893 0.00697372
-0.16629443 -0.23252934 -0.00899744
0.29031444 -0.26593769 -0.03183518
0.32763961 -0.18062243 0.00738025
0.28284010 -0.24331732 -0.00537509
0.28064507 -0.25952205 -0.00461738
0.27874163 -0.17343538 0.02853089
-0.10699116 -0.22587608 -0.03173223
0.15181774 -0.24773510 -0.01309278
0.13220099 -0.25442737 0.03836817
0.15240902 -0.21409893 0.01253048
-0.24710383 -0.24486227 0.02262027
-0.18949041 -0.21651666 0.04187795
-0.20630646 -0.27522236 -0.00127732
-0.02443548 -0.22632837 0.00693732
0.26857316 -0.19976883 -0.01814232
-0.29461405 -0.23042956 0.02579015
0.29165632 -0.24843968 -0.01488600
0.19389321 -0.25485435 0.01379389
-0.15205848 -0.23100825 -0.02949673
-0.26846638 -0.21461497 0.02535021
-0.13134146 -0.28327256 -0.00510056
-0.23722750 0.37558293 0.01302539
-0.29834008 -0.22632377 -0.02118457
0.05854427 -0.22528078 0.02618384
-0.20715073 0.36656645 0.01780529
0.11686669 -0.24812745 0.02243956
0.26633385 -0.23386900 0.03114981
-0.14344761 -0.22282892 -0.02858062
-0.13090687 -0.28341371 0.00679719
0.17361192 -0.25055608 0.01599396
-0.05720420 -0.32053909 -0.00387455
0.01511460 -0.22874814 0.02495777
0.12811378 -0.27803648 0.00962849
-0.05259589 -0.21556775 -0.01469749
-0.28662315 -0.21405551 0.02248004
0.05993342 -0.26477599 0.02716856
-0.29689074 -0.21197696 0.02497825
0.14818682 -0.23872077 0.02901112
0.06026338 -0.23883305 0.01342568
-0.22443463 -0.24340160 0.02849102
-0.06115173 -0.23916389 -0.03706317
0.02289737 -0.26836714 -0.03467185
0.13516030 -0.30909032 -0.01835171
0.11580031 -0.23400004 0.01204758
0.20299356 -0.25041306 0.03638966
0.24696042 -0.23118629 -0.02416218
0.18926829 -0.22259386 0.03807394
-0.29044163 -0.23203616 0.00951948
0.19505917 -0.24613184 0.01389923
0.13337386 -0.22290945 0.03898230
-0.15774944 -0.27165911 0.02266767
0.12856866 -0.23817028 -0.03394344
-0.29699221 -0.28506061 -0.01147272
0.30432743 -0.21023043 0.02262307
0.21458624 -0.20925212 0.03168060
0.11040045 -0.24077240 -0.00631284
0.10063277 -0.31624442 0.01217316
0.01805997 -0.26367837 0.03115449
0.26732597 -0.15992944 0.02891576
-0.11883689 -0.25354728 0.02950029
-0.26310706 -0.27095932 0.03826647
0.08863890 -0.21537296 0.01550182
0.16320598 -0.21415640 -0.00361268
-0.06242604 -0.25990093 0.02688276
0.07813242 -0.21580783 0.00258635
-0.13962059 -0.25393730 0.03025644
-0.16973333 -0.26788104 0.00414604
0.12479204 -0.22000542 0.02670282
-0.30628404 -0.23845449 0.01941931
0.18513326 -0.22124898 0.03117875
-0.26879555 -0.21679461 0.01387492
0.24737576 -0.29236498 0.00808739
0.10607005 -0.23935336 -0.00994903
0.26724884 -0.23027456 0.02894262
-0.03948003 -0.21833459 0.02134998
-0.21324052 -0.03720605 0.00625609
-0.12780748 -0.28266931 0.01630149
-0.00673464 -0.25440666 -0.02409482
0.15219620 -0.22616793 -0.02104029
0.00122997 -0.25462428 -0.02361170
-0.22425455 -0.24934117 -0.02557833
0.13236548 -0.08990979 0.01859480
-0.16290201 -0.20464514 0.02742540
-0.29605952 -0.27305809 0.00260931
0.00812861 -0.28697979 -0.00046436
-0.27566344 -0.22024806 -0.00013045
-0.19618711 -0.27657008 -0.00350516
0.27007937 -0.26563588 0.01306536
-0.22999085 0.35230231 0.01421436
-0.11742746 -0.27758983 -0.00733230
0.17075400 -0.23957320 0.02607845
-0.00117313 -0.22657537 0.02987023
0.25267664 -0.27694654 -0.01086479
0.12283432 -0.21569470 0.01191742
0.26519281 -0.23168992 -0.02596474
0.21187282 -0.21956031 -0.02888035
0.15625279 -0.19012585 0.01676232
-0.27203715 -0.29564509 0.00422433
0.02469794 -0.29266879 -0.00166492
-0.01099884 -0.23938304 -0.03471050
-0.00568698 -0.31146327 0.00863285
0.20326620 -0.15129288 0.00392260
0.22914813 -0.21100506 0.03707693
-0.08504555 -0.18810792 -0.03744660
-0.08516339 -0.25620291 0.02463018
0.22736280 -0.20638309 -0.01025094
0.01816391 -0.25452444 0.04038559
0.07323860 -0.27759153 -0.01569565
-0.05463910 -0.23362443 -0.03560258
0.16318630 -0.30644250 -0.01375932
-0.27000359 0.17628929 0.00087067
-0.31003159 -0.23034286 0.01170319
0.03519998 -0.22460720 0.02517061
-0.30152297 -0.17316122 -0.00631312
0.11674184 -0.26793140 0.05825752
0.04127536 -0.29564574 -0.01665166
0.16240224 -0.22781679 0.02711419
-0.15846288 -0.25542140 0.02950672
-0.23769608 -0.27030727 -0.02830915
-0.11653615 -0.22696944 -0.01268050
-0.01690075 -0.20755154 -0.02058223
0.05918031 -0.22868353 -0.02475940
-0.24522573 -0.29196963 0.01865751
0.26148140 -0.21107712 0.00148915
-0.28736201 -0.14423080 0.00260995
0.09211223 -0.21258394 -0.04307099
-0.08567788 -0.23385036 0.02665049
-0.29368436 -0.24760789 0.00261514
0.20397234 -0.25778744 0.01397420
0.17515479 -0.21513766 -0.00721204
-0.13575150 -0.24721557 0.01719196
0.01933503 -0.30193025 -0.00775712
-0.08336671 -0.21140043 -0.03278603
0.25419223 -0.22636622 -0.01509416
-0.27702826 -0.23177108 -0.01034627
0.14985554 -0.23939367 -0.01995922
-0.28037980 -0.21334755 0.00711806
-0.24970612 0.31803200 0.00256808
0.19995558 -0.18932469 -0.00975089
0.22116965 0.05148345 -0.02034096
-0.30750635 -0.18470010 -0.01700051
-0.01629618 -0.20126560 0.02257048
-0.16870077 -0.24429081 -0.01159755
0.26911429 -0.25176308 -0.01946467
0.25462466 -0.22523162 0.03071322
0.30417711 -0.24697478 0.00422657
-0.16838968 -0.29474193 0.01165740
0.01321994 -0.31472948 -0.02270254
0.21821927 -0.12397307 -0.00824589
0.11632404 -0.20062491 -0.01712103
0.14241686 -0.22852170 0.02933592
0.28581047 -0.23243709 0.00505437
-0.31382722 -0.25802174 0.00024177
-0.30421847 -0.25441176 0.02952210
-0.03252997 -0.21997339 0.01715861
-0.28256565 -0.22835331 0.02567687
0.05933801 -0.25112227 0.01294129
0.29476830 -0.23243466 -0.00442661
