0.02524891 -0.18357714 -0.10266317
0.14113149 -0.18336485 0.00995365
0.02860646 -0.31318209 0.06186944
0.06834932 -0.22285730 0.07511070
-0.07485112 0.06196953 -0.03318971
-0.11238997 -0.17985334 -0.09176148
0.25153095 -0.28934801 -0.02585281
-0.04285597 0.26496577 0.01986048
-0.14070171 -0.26030174 -0.05771013
-0.20957707 -0.29525465 0.03322412
0.16384166 -0.23632653 0.08043183
-0.08890717 0.13703103 -0.01909957
0.02364774 -0.17760387 -0.07351810
0.12708329 -0.28661534 0.05794569
0.22528893 -0.25142649 -0.06705428
-0.29054198 -0.10663430 0.01154022
0.05400292 -0.23422113 -0.09069126
-0.28693852 -0.23065481 0.03895723
0.01888350 -0.23789907 -0.01527323
-0.27021718 -0.19932699 -0.03648809
0.15620196 -0.34212008 -0.02283006
0.11732134 -0.02935832 -0.00340480
0.25669390 -0.31708425 0.02198496
0.22087315 -0.28247702 0.00696814
-0.11967220 -0.22480592 0.03126809
-0.04062869 -0.20419355 0.07569053
-0.28758016 -0.24259976 0.01091679
0.27859381 -0.11388215 -0.01125023
0.17370731 -0.30155680 0.01997881
-0.03565207 -0.32603952 0.00461240
0.07194557 -0.29336637 0.03665768
0.24499954 -0.12685719 0.03444901
0.15766151 -0.13289678 -0.01705241
-0.30654868 -0.14078954 0.09067972
0.21704812 -0.27178168 -0.03096959
-0.22353224 -0.26933706 -0.04394205
-0.23099352 -0.09083732 0.03197153
0.03264477 -0.11503983 -0.00705460
0.11102518 -0.15212405 -0.07838032
0.11649336 -0.30988353 -0.07872018
0.15376990 0.19040152 0.05581979
0.31299552 -0.17747623 0.01504680
-0.04706246 0.17338562 0.09194927
-0.07151306 -0.13059765 0.00961470
-0.07251286 -0.28948385 -0.07229977
-0.00372775 -0.08690547 0.06359732
-0.20452194 -0.19626509 0.05976312
0.11133148 0.20828909 -0.04494467
0.32234666 -0.20952715 0.00431755
0.15351439 -0.22748300 0.09865933
0.12185098 -0.18314417 0.01323248
-0.02409609 0.06437922 0.09464680
-0.16677450 -0.31545430 -0.00961624
-0.15762711 -0.17876446 -0.10665645
-0.20301110 -0.14596689 -0.02312401
-0.17377867 -0.13005862 -0.02275432
-0.14190084 -0.30911121 -0.05806842
-0.31116718 -0.08688331 -0.02581610
-0.04151083 0.04710840 -0.02117170
-0.20363986 -0.12182938 -0.08219011
-0.15729254 -0.32087740 0.02318544
-0.04464385 -0.17448948 0.05195645
0.05494316 -0.11096680 -0.01246967
-0.11549956 -0.29131439 -0.07277557
0.13289301 0.08009582 -0.04169938
0.06068917 -0.13679594 -0.04326318
0.18859047 -0.04292167 0.11050801
0.06155561 -0.19410989 -0.03124478
-0.06485857 0.08887298 -0.11969424
-0.22278591 -0.31401119 0.01300456
-0.03503779 0.05603870 -0.11475193
0.28296566 -0.07488927 -0.01379588
-0.10348056 -0.21464737 -0.06702473
-0.22083175 -0.24298425 -0.05830038
0.25331986 -0.15138948 0.05395244
-0.29018238 -0.20784469 -0.02471268
0.15206791 0.04685379 0.02944324
-0.18827042 -0.31895944 0.00020581
0.16273129 -0.26479375 0.05503900
-0.06205597 0.12583247 0.01117791
-0.29882756 -0.24347803 -0.02401176
0.18213087 -0.32900402 0.00865333
0.04812101 -0.24496268 0.08152090
0.33606344 -0.23126253 -0.02134269
-0.01845349 -0.20889036 0.05271798
0.01931181 -0.32076827 0.04133966
-0.16089872 -0.23084219 -0.03784382
-0.21556753 -0.17238465 -0.07132615
-0.05987698 -0.32784891 0.03850378
0.18292411 -0.22157405 -0.05570520
-0.05474755 0.15272295 -0.03137441
-0.13994238 -0.13902494 0.07224360
-0.11802966 -0.22578238 0.08094550
0.03823945 -0.28638217 0.03391024
-0.31706378 -0.22100687 -0.03785191
-0.14168635 -0.11384629 -0.04868772
-0.10614798 -0.16485110 -0.07091802
0.27162963 -0.13736901 -0.01626654
0.30992213 -0.19431408 0.00115773
0.02399779 -0.11193305 -0.06372644
-0.01193386 -0.12691633 0.01927065
-0.03071774 0.09501256 0.01743772
-0.16168748 -0.17926390 0.08878802
-0.21228462 -0.10001086 -0.00246590
-0.27566060 -0.27738920 -0.04347407
0.03040516 -0.25033876 0.01450588
-0.24592334 -0.28852969 0.06623077
0.23804502 -0.21525221 -0.03374648
0.09162492 -0.25780526 0.04161676
0.14742784 0.02895434 0.00974415
-0.22697435 -0.12867431 0.04173911
-0.28242233 -0.26281622 0.08245419
0.29019350 -0.12885714 -0.07000481
-0.16388071 -0.19961956 0.07470495
-0.05647353 -0.24819286 -0.00495793
-0.04144114 0.02362945 0.09236324
0.04878189 -0.23254125 0.05530195
0.01334769 -0.28091308 0.01898679
-0.28762510 -0.27638060 0.00239379
-0.10745535 -0.29293543 0.07122482
0.07753029 -0.26520103 0.05745681
0.06905078 -0.23414052 0.05349725
-0.05722643 0.33547243 -0.00742717
0.10206015 -0.23639901 0.08700503
0.16912049 -0.16725004 0.00542594
0.10801569 -0.22711787 -0.07982630
-0.16808876 -0.31109017 0.03723329
0.21350063 -0.24012111 0.06847334
0.15887661 0.01439575 0.03594175
0.16181991 -0.32736263 -0.03769314
0.11521813 -0.23188984 0.09211905
0.13161856 -0.32097298 0.01889593
0.25384164 -0.23510534 -0.01396056
0.00091875 -0.21447095 0.01973188
-0.12432854 -0.27378550 0.05888992
-0.16580231 -0.20352851 -0.00042436
0.26940960 -0.20915534 -0.04078586
0.18877926 -0.22110885 -0.07336039
0.14284123 -0.17134890 0.06427985
-0.05840997 0.17037407 -0.02887690
-0.31262249 -0.09905498 -0.00095636
-0.17334022 -0.32380828 -0.01653873
0.11984976 -0.32694781 -0.02768872
-0.09571550 -0.22626299 -0.07563347
-0.01969780 -0.23418944 0.10307030
-0.14067680 -0.01485917 -0.00651507
0.10732830 -0.28639784 -0.06116785
-0.24661548 -0.22956559 0.09108717
0.28221014 -0.27702343 -0.01107618
-0.20504817 -0.20508973 0.07157112
-0.29113919 -0.05754247 0.00467944
0.06113916 -0.29790840 -0.06736750
0.21728534 -0.32077026 -0.02008624
-0.13366514 -0.09769725 0.08064942
0.25674561 -0.25642508 0.00546961
-0.23509845 -0.31401598 -0.00823489
-0.28431752 -0.21006663 0.11182151
-0.10115087 -0.31417984 -0.04506145
0.10043968 -0.17743242 0.05397225
-0.02534074 -0.22449191 -0.08914474
0.12600544 -0.28540596 -0.07314785
-0.16740109 -0.20503303 0.00695472
0.00690987 -0.20171048 0.09179359
-0.07661492 -0.10218805 0.08234145
0.14360294 0.24301574 0.01479493
0.25445527 -0.31386319 0.01068966
-0.16161868 -0.07917771 -0.07224412
-0.26054806 -0.17852171 0.03183715
0.11776870 -0.28565770 -0.09962644
-0.10231625 -0.23581271 -0.09183009
0.03320515 -0.17895836 0.09239435
0.22659060 -0.00157638 -0.01619785
0.20651545 -0.21842527 -0.07427847
0.01043512 -0.21783818 0.02805926
0.13557792 0.11688876 0.03227124
0.01089044 0.29467499 -0.00647125
0.04213350 -0.21902902 0.07959925
0.13964485 -0.17751835 -0.09033907
-0.20945875 -0.19212797 0.03920679
-0.03410219 -0.04673462 -0.00275003
-0.13975821 -0.18154049 0.08535518
-0.20534751 -0.30659446 -0.04050170
-0.23444138 -0.22541754 -0.07687232
-0.18666287 -0.27067640 0.09305429
-0.16412246 -0.14381495 -0.06558608
0.27202001 -0.15564193 -0.01425990
-0.13152868 0.29184052 -0.00502057
0.28128034 -0.09774341 -0.04031926
-0.19593984 -0.19720808 0.03638014
-0.09832916 -0.21705988 0.05360150
0.21859421 -0.27248955 0.02575071
-0.15693557 -0.12690231 0.05124137
-0.03178915 -0.29168209 -0.07043831
0.26386780 -0.04102358 -0.01244259
-0.24845788 -0.22024296 0.08808072
-0.06220449 0.25054544 -0.06180464
-0.02973614 -0.26214430 0.06420192
-0.26118574 -0.29892564 -0.00141425
-0.16808571 -0.15346013 0.09840877
0.26648414 -0.05915998 -0.00510759
-0.24345082 -0.05857877 0.00154183
-0.14908530 -0.20934457 0.01082415
-0.00373638 -0.20929873 -0.00501622
0.01146368 0.30705827 -0.01405072
0.25298011 -0.21932591 0.06743174
-0.03165689 0.16785021 0.02914463
0.15288281 0.07590514 0.01875720
-0.20658140 0.02515183 0.05468381
-0.22756411 -0.14731392 -0.07540096
-0.03508520 -0.03419840 0.10527868
-0.01169040 -0.16735007 0.04761530
0.07206170 -0.12113880 -0.02261744
-0.12106616 -0.16657695 0.03377247
0.06999750 -0.25312644 -0.07276656
-0.14686379 -0.24237879 0.08914134
-0.13417314 -0.25676620 -0.05449622
0.05699676 -0.21523872 -0.08323465
0.16282786 0.06189825 -0.10713235
0.09660201 -0.21627745 0.07431096
-0.15465042 -0.13230431 -0.05741101
0.30027172 -0.09223790 -0.00841821
-0.02319571 0.04746620 -0.11582997
-0.13129753 -0.20886695 0.05535978
-0.21158540 -0.13524000 -0.00837073
-0.16436616 -0.29069543 -0.03911993
-0.07495986 0.29180375 0.01080253
0.14581193 -0.26524743 0.03522740
0.22782566 -0.32598004 -0.03159858
-0.01887248 -0.21489790 0.06308103
0.01761967 -0.33370212 0.01532852
0.18878941 -0.20857881 -0.07070199
-0.04847272 -0.28020242 -0.09081720
0.21274717 -0.15138878 0.03570573
-0.26795539 -0.26688701 0.06338695
-0.18286811 -0.21383114 0.06228947
0.07770394 -0.21784341 0.10830321
0.09579415 -0.28175023 0.06752329
-0.04407986 -0.29351646 0.05404884
0.02705223 -0.30282956 -0.07240485
0.13794111 -0.30881196 0.03547664
0.04076089 -0.30662465 0.07906260
-0.22721682 -0.11180691 0.01157908
-0.06653494 0.03340437 -0.06077856
-0.14480874 -0.22451296 0.07940316
-0.03993900 -0.22048041 0.09458338
-0.05835305 -0.32484755 0.01410988
-0.09540091 -0.20591891 -0.03745899
0.00320723 -0.26273486 0.07426156
-0.10431207 -0.09767240 0.01409376
-0.09119777 0.16287650 -0.03920692
0.16922535 -0.12592652 0.03817596
0.10565376 -0.31990308 -0.05990357
-0.00180463 0.08042872 -0.00047716
-0.09567800 -0.30046704 0.05539149
-0.17436619 -0.20950201 -0.07507046
0.00830752 -0.29506636 0.03188147
-0.33581853 -0.14590050 -0.03873814
-0.20495206 -0.07672758 -0.01982074
0.05750697 -0.12016953 0.05710320
0.05376888 -0.18001333 0.08286421
-0.26919872 -0.02448361 -0.02541172
0.06648568 0.27801102 0.00144280
0.07522267 -0.10524540 -0.04465000
-0.28279379 -0.12216448 -0.03388686
-0.21172595 -0.31142476 0.03111035
-0.03697276 0.10557608 0.03607108
0.08899229 -0.24500747 -0.02873629
0.17805612 -0.05440382 -0.09028419
0.14966656 -0.25236621 -0.08461434
-0.20759425 -0.13249533 0.04638908
0.17421529 0.01330186 -0.04448988
0.01786821 -0.18223062 0.06184892
-0.14534838 -0.14048956 -0.01150148
-0.01989210 -0.21539073 -0.04907333
0.23619407 -0.21575549 -0.05318049
0.05947838 -0.31482920 -0.00987054
0.21951059 -0.32567656 0.02403301
-0.19132131 -0.30514571 0.05484938
-0.17231487 -0.29529816 0.00237801
-0.28731671 -0.03811391 0.01133854
0.17385662 -0.30817106 0.00255047
-0.26530385 -0.15421011 -0.01020493
-0.13586906 -0.15829518 0.05865145
0.13722749 0.14912125 0.00799045
0.07763466 -0.30235752 -0.08184773
0.19603160 -0.21263844 0.08093239
-0.07100836 0.07881953 0.08014409
0.07345379 -0.32494390 -0.03580182
0.10422236 -0.32205716 -0.01389437
0.06067843 -0.21312650 -0.10138562
-0.19174632 -0.23449728 0.07527161
0.16118541 0.11110476 -0.04018762
0.08610716 -0.27769837 -0.05749325
-0.09170161 0.24971467 0.00502935
-0.04766170 0.29698065 0.01369107
0.08546269 -0.24353716 -0.07874799
0.19312514 -0.26390144 -0.06663271
-0.26671842 -0.28762144 -0.03829475
0.17441076 -0.27346888 0.03290519
0.27707484 -0.23499630 0.01839093
-0.29904270 -0.15334781 0.03680872
0.33188558 -0.20210259 -0.00969361
-0.14083809 -0.05377704 0.02285495
-0.05251125 0.12903070 0.03513195
0.16450447 0.17411546 -0.00695020
0.05002875 -0.31417137 0.06133047
0.30723831 -0.20566954 0.02531411
-0.07389304 0.23503159 -0.05942537
0.17617701 -0.19787472 0.01171236
-0.04586844 -0.25951624 0.07538824
-0.05253481 0.25337440 0.01408152
-0.12654722 -0.18032365 0.09930436
0.15787375 -0.21299611 0.04887839
0.34017110 -0.17849083 0.00825501
-0.10703483 -0.27892765 -0.02376733
-0.18652503 -0.18459998 0.09674948
0.21493378 -0.12418284 0.00343397
0.16953085 -0.26564774 0.05781383
-0.12926322 -0.29772785 -0.03215412
-0.22514385 -0.24526162 0.06074115
0.12596053 -0.31843221 -0.00555873
0.00368194 -0.19807200 -0.08459777
-0.08341414 -0.18399847 0.01900587
-0.18897025 -0.18625309 -0.07731780
0.19235367 -0.20559041 0.00065003
0.15408243 0.06788180 -0.06541992
0.18675290 -0.24639259 0.05825646
-0.10385217 -0.31677085 -0.03086230
-0.02159749 -0.20721966 -0.00873174
-0.15622973 -0.09655458 0.06376421
0.15477012 -0.32616428 -0.03732823
0.15716292 0.07812032 0.00877057
-0.03955439 0.20473275 0.04837178
-0.19565581 -0.15812203 0.06719176
0.13517898 0.02533788 -0.03951852
0.29104587 -0.19602196 -0.03016427
-0.00361816 -0.24815685 0.02965171
-0.09589773 -0.31692824 -0.05914265
0.16671583 -0.20579429 0.04145778
-0.05366532 -0.18408795 0.08676079
-0.17257141 -0.23946604 0.07441441
0.06193158 -0.32574210 -0.03950281
-0.05345237 0.28493100 0.07592051
0.02544428 -0.14021444 0.06100437
-0.28906971 -0.30674207 0.00540143
0.07687979 -0.23266512 -0.09531948
0.08705452 -0.32506078 0.03847826
0.20601657 -0.27827170 -0.06803440
0.06264908 -0.21123268 -0.00431992
-0.03588473 -0.24425229 0.04284188
0.15439984 -0.14874434 0.01314621
0.18408968 -0.19866025 0.07382074
-0.07056085 -0.31854147 -0.00304557
0.25113800 -0.22547823 -0.05018295
0.04313550 -0.16947779 -0.10699337
0.08458107 -0.20733055 0.09214446
-0.22876030 -0.24407320 0.07981235
-0.03095659 -0.14899512 -0.00892084
-0.19675800 -0.31370488 0.02731903
0.12981386 -0.21060725 0.00141194
0.00436085 -0.28918350 -0.08457500
-0.02058101 -0.22310147 -0.08426728
0.07722250 -0.14037633 -0.04192979
-0.05551193 -0.28417140 0.06479954
0.17977339 -0.32655260 -0.03145207
-0.02361755 -0.21561468 0.02259518
0.16156167 -0.31907809 -0.03672898
-0.26834252 -0.08758463 0.04571122
0.18860435 -0.21095608 -0.03525988
-0.27781126 -0.31341201 0.03491398
-0.22673129 -0.29592767 0.02503197
-0.11940783 -0.15130503 -0.07453432
-0.03547453 0.19733579 0.02109419
0.26258144 -0.11012497 0.00553251
-0.13373362 -0.31700101 -0.02013888
0.22066444 -0.22386657 0.01260469
-0.23298214 -0.25646442 0.01980694
-0.24684739 -0.21983333 -0.03979715
0.02505735 -0.21997374 0.07992685
0.05252722 -0.18264413 0.02511810
0.10623021 -0.31224689 0.05015747
-0.18318859 -0.10483386 0.01485165
-0.09595946 -0.19264829 0.08106349
-0.05550179 0.13762420 -0.00656223
-0.18943194 -0.13115624 -0.02012571
-0.14106794 -0.31058094 0.00668457
0.08410988 -0.24161324 -0.09104165
0.05999615 -0.27873507 0.06539883
-0.08705856 -0.20365939 0.03618119
0.05925136 -0.19547251 0.06211809
-0.04555212 -0.19720635 -0.07569243
0.21461508 -0.25342539 0.05874011
-0.06746839 0.30702570 -0.02155636
-0.09453659 -0.18750466 0.04902556
0.16483954 0.16127425 -0.01652865
-0.10850582 -0.26824784 0.09343878
0.18450585 -0.11269702 0.11610739
-0.01807441 -0.32801387 0.04814664
0.12328446 -0.17233941 -0.07958049
0.07764105 -0.17994647 0.09101238
-0.17574115 -0.21548094 -0.06124611
0.16181102 -0.03516743 0.03231153
-0.22814868 -0.19292830 0.06565936
-0.08773862 -0.31756771 0.05651554
0.21412314 0.09507941 -0.10458646
0.18333183 -0.19788535 0.01802256
0.18488669 -0.33115935 -0.01807979
0.06010506 -0.20469955 -0.06003738
-0.20119759 -0.29315200 0.01012040
-0.08807586 -0.29434630 0.06361760
0.01988914 -0.25183490 -0.08551107
-0.14654617 -0.31584337 0.04740124
-0.20587873 -0.31284010 0.00293515
-0.29806867 -0.09441854 0.02556697
0.17703173 0.10269815 -0.01374031
0.20289159 -0.32317659 -0.01306637
-0.28942531 -0.23848680 0.04357302
0.19352032 -0.15664080 0.05226627
0.24448121 -0.25297782 0.03412106
0.13422725 -0.14738774 -0.09791517
0.02961162 -0.29610592 -0.06664855
-0.30689344 -0.12972914 -0.06103613
0.16377339 -0.14725819 -0.01149739
0.09593147 -0.19433098 -0.07216099
-0.11000297 -0.27950558 0.04490808
0.02179233 -0.28516391 0.02707976
-0.22210550 -0.31499904 -0.01356790
0.11733574 -0.17388251 -0.02217851
0.21741749 -0.23507997 0.00912314
-0.06406691 -0.24259388 0.05597489
-0.27326590 -0.29188144 -0.02109155
0.07540013 -0.18958706 -0.08716846
-0.27575240 -0.11859011 -0.04790872
0.20030430 0.08439603 -0.02228482
-0.24540009 -0.15555039 -0.06481093
0.29260579 -0.17730293 0.01047457
-0.22452945 -0.11037019 0.00642271
0.04189169 -0.20653126 -0.08258662
-0.23630607 -0.29180551 0.04208490
-0.20170809 -0.24877638 -0.07296436
-0.10513422 -0.25964910 0.01097744
-0.14568213 0.10050938 -0.00700349
0.24596518 -0.14233641 -0.06037293
0.23862493 -0.10313409 -0.00794076
0.05355436 -0.07754591 0.05270908
-0.04913685 0.05621763 -0.02559472
-0.09234113 -0.22231115 -0.08684184
-0.08677819 -0.32382858 -0.04955926
0.03238653 -0.29551354 0.03898927
0.04111561 -0.23673670 0.00182922
0.08905601 -0.07974544 -0.00922380
-0.27657634 -0.17692614 0.07428379
0.17682195 -0.30724239 0.01652440
-0.16604258 -0.26519763 -0.07957771
0.12658674 0.11768715 0.01540927
-0.15589528 -0.18429729 0.04051342
0.23373237 -0.23429164 0.06694435
0.20632739 -0.26778039 0.06238964
0.10498117 -0.18292105 0.06849708
-0.16201979 -0.22254023 -0.08980876
-0.05366796 0.08842196 -0.09654704
-0.18212171 -0.12319817 -0.00991953
0.16968442 -0.11485217 -0.06196152
-0.04775719 0.13085485 -0.08756036
-0.12078270 -0.19466364 0.08973981
-0.14142284 -0.00473864 -0.01739549
0.02579303 -0.14364010 -0.04901754
0.20318910 -0.27127245 -0.08317006
0.19049233 -0.15260899 0.01131522
-0.14098540 -0.26608512 -0.08350000
-0.06794730 -0.23759456 0.04088392
0.11875945 -0.20228708 0.10733885
-0.00356696 0.08175790 -0.02773009
0.30362928 -0.16733420 -0.02156450
-0.18921925 -0.28297839 0.07500583
0.09920819 -0.25631878 0.01438969
-0.27614132 -0.13309789 0.07081067
-0.26346371 -0.11604491 -0.02757293
0.13716266 -0.04341613 0.01293235
-0.03994094 0.15761900 0.00946845
-0.12082563 -0.06689304 0.00318520
0.00465899 -0.17351556 -0.10184630
0.03479419 -0.21865955 0.04383752
0.10127760 -0.31915814 -0.02485070
-0.31591627 -0.17682144 -0.00415996
0.18871579 -0.30818480 -0.00942570
-0.05356874 -0.26905391 0.06262717
-0.27711236 -0.24379323 0.05138489
0.29412001 -0.24538344 0.02726302
0.05691083 -0.31534001 -0.05514650
-0.31993592 -0.25092986 -0.09730867
0.13951117 -0.26901558 -0.06593072
0.08731399 -0.17928223 0.05445536
0.33183128 -0.21665312 -0.00433393
0.01496672 -0.26092413 -0.05285749
0.05020273 -0.29602119 0.02706972
0.17444733 -0.14998960 0.02349159
0.01955556 -0.20116261 0.05674518
0.12306264 -0.18115050 -0.03971066
0.27267382 -0.09565814 -0.02993323
-0.02557187 -0.01623638 0.12144200
-0.21644256 -0.31884617 0.04798197
-0.04173443 0.02922269 0.01560119
-0.02812893 -0.32635570 -0.01881912
0.12133402 -0.22024417 -0.10208349
-0.25828382 -0.31721720 0.07206143
-0.14416561 -0.21589923 0.02884502
-0.07112032 -0.04320098 0.03459160
0.23074354 -0.24557844 0.05425019
0.10720181 -0.13562885 0.08993413
0.03597728 -0.01589986 0.02265942
-0.08381320 -0.12155563 -0.09477077
-0.08588370 -0.27947736 -0.07678660
-0.00159072 -0.32197812 -0.07040772
0.15449654 0.08113179 -0.06024323
-0.12955815 0.08001143 -0.03424199
-0.03673204 -0.30418938 -0.00475650
0.14403155 0.18222827 -0.04056511
-0.00728465 -0.29498348 0.04385317
0.10131989 -0.29586929 0.01093853
0.05286666 -0.28619719 0.03036402
0.00735820 -0.13364202 -0.02435970
-0.24158135 -0.27703995 -0.02067963
-0.12208799 -0.30759886 -0.02384141
-0.20837936 -0.24929616 -0.08673800
-0.27992892 -0.10770659 0.06405158
0.00367824 -0.19068538 0.08921991
0.17528915 -0.24740124 -0.06749430
0.03085850 -0.18489321 0.04897951
0.05843402 -0.33584592 0.01440208
0.01696320 -0.19019932 -0.08127538
0.15913397 -0.33017617 -0.01265174
-0.17834748 0.07226742 0.05491760
-0.17748542 -0.11127530 0.00028194
0.01174353 -0.16477591 0.04712709
0.14291655 -0.19652659 -0.06524841
-0.27734271 -0.06540704 -0.04993468
0.13898587 -0.22890674 -0.09939244
0.18649676 -0.30869430 0.02578264
0.12602374 -0.18075700 0.00491467
-0.03917143 0.23316488 0.07760012
-0.20708770 -0.11040999 -0.06487567
-0.05618904 -0.21694691 -0.08372573
0.29943246 -0.22768426 0.00231656
0.26822415 -0.15292053 0.03800034
-0.27847561 -0.26743656 -0.01622945
0.20010027 -0.23626462 -0.06863006
-0.02968067 -0.29006001 0.02925777
-0.21591993 -0.16170633 0.03446059
0.18520603 -0.22714041 0.00821404
0.20692194 -0.13883632 -0.03954784
-0.06099819 0.30662668 0.02424581
-0.17969361 0.05631547 -0.01151647
0.01794796 -0.24952421 -0.07972322
-0.04039980 -0.29154104 -0.06713931
0.09003045 -0.30602917 0.04667812
0.12900989 -0.26344931 0.07495055
0.15032876 -0.28096735 -0.05915618
-0.22464383 -0.31653866 -0.05514187
-0.13512440 -0.23841177 -0.04253221
0.00897622 -0.13995342 -0.03768515
0.15027557 -0.14054835 -0.05869502
0.19070482 -0.26940241 0.03243418
-0.19707406 -0.13820770 0.01233346
0.26153848 -0.26730773 -0.06780200
-0.29922342 -0.10474660 -0.04818312
-0.07367170 -0.21999258 0.10608420
-0.00042395 -0.21382311 -0.06281401
-0.08151217 -0.18144615 0.00968731
0.03744727 -0.32078823 -0.07699825
-0.19873783 -0.29443854 0.04234721
-0.07364725 -0.32257038 0.03876272
-0.06772338 -0.30642635 -0.01483159
-0.05353308 -0.33608234 0.02611462
-0.17378183 -0.15944840 -0.04556745
0.00433474 -0.20108941 -0.02574269
0.10999517 -0.21577203 0.00032498
-0.05082872 0.13193779 0.09795713
-0.15607661 -0.15784203 0.07908095
0.28757253 -0.26067311 -0.00443269
0.15612702 0.14494808 0.02620935
-0.10148872 0.05386423 0.00700458
-0.05301764 -0.28568304 -0.06176305
-0.08743092 -0.19501570 -0.05078694
-0.06890693 -0.29123840 -0.06434856
-0.05997018 0.24920034 0.02873335
0.13009448 -0.26504791 -0.08419159
-0.03249364 -0.03863949 -0.02893750
-0.06357305 0.08187147 -0.02235874
-0.25848293 -0.24930246 0.08753386
0.31358528 -0.18599299 0.02056370
-0.06072875 0.16634083 -0.03681919
0.03536855 -0.24070358 0.06574345
-0.12649748 -0.27302113 -0.05013024
0.21564241 -0.28333607 -0.02546777
-0.17921174 -0.15061410 -0.01985985
-0.18224017 -0.20902619 0.06001443
0.16447377 -0.27212000 0.05217679
-0.18825021 -0.28689331 -0.05148937
0.18860810 -0.14820762 -0.00698507
-0.14101799 -0.29796687 0.00154421
-0.00885822 -0.06174858 0.06092172
0.04758536 -0.11463868 0.07303136
-0.24566640 -0.18634987 0.04507060
0.16090412 -0.09223422 0.04791954
-0.07293188 -0.25226828 0.10013044
-0.15717371 -0.15485193 0.07399677
-0.11508868 -0.32545441 -0.03132496
-0.04050545 -0.20413479 -0.07365450
0.23376048 -0.26023906 -0.04617918
-0.02462015 -0.14441010 -0.04940441
-0.27828994 -0.10246438 0.03952708
-0.02108143 -0.25007415 0.05342592
-0.21201390 -0.24795578 0.08128628
0.21781601 -0.28619468 -0.07267897
0.30280676 -0.09825417 -0.02302863
0.10439914 -0.22647741 0.07544644
-0.01843456 -0.21243410 -0.02069057
0.13968651 -0.24918260 0.05423438
-0.30850086 -0.23403297 0.00850306
0.17156011 -0.31741527 0.01479625
-0.18644887 -0.10152150 -0.04425630
0.18845478 -0.24140684 -0.07179833
-0.01591113 -0.26539436 0.07502051
0.03539608 -0.20649971 -0.00455511
-0.14465222 0.14162081 -0.02025534
-0.04872858 -0.16496557 -0.03403014
0.29711190 -0.12850595 -0.00311479
0.27662539 -0.18934163 0.08361493
-0.11994639 -0.31312931 0.02997040
-0.07190179 -0.30154794 0.00829521
0.12947960 -0.18850474 0.00612837
0.09025322 -0.19037148 0.07657890
-0.13980070 0.28547457 -0.00919629
-0.20601898 -0.23885287 0.04053604
-0.08905710 -0.16026351 0.08812661
0.04251420 -0.28310248 -0.08770147
-0.05256183 0.24549100 0.00333266
0.24823523 -0.24351981 -0.06174689
-0.02100813 0.10425697 0.01627784
0.17541230 -0.00195258 -0.03700121
0.19069624 0.00941758 0.00268012
0.03086014 -0.29752338 -0.03093091
0.06762904 -0.19526967 0.06809544
0.22779910 -0.30276635 -0.06260966
0.15660547 0.07765064 0.00566267
0.30996791 -0.21155222 -0.04162926
-0.28220075 -0.24729699 0.04648312
-0.23238945 -0.25304183 0.04882888
-0.29038236 -0.17594977 -0.09153333
0.07062349 0.14204693 0.04176902
-0.04269308 0.12858468 0.02907319
0.03233803 -0.31969848 0.01316408
-0.14340928 0.07071356 0.00772533
0.17472571 -0.28251773 0.05540616
-0.04215708 -0.01562246 -0.01571980
0.03295407 -0.26167098 0.06428200
0.17186987 -0.20820934 -0.03791433
-0.01887588 -0.01487007 0.00209539
0.13065191 -0.08302090 0.04474461
0.17369099 -0.24515285 -0.04721436
-0.24235393 -0.09824777 0.04895860
-0.15004155 0.15266670 -0.01905454
-0.15496607 -0.16616674 0.07517374
0.33817944 -0.21389680 -0.04022446
0.09109326 -0.19446792 -0.03982007
-0.01060262 0.33048499 0.00300881
0.18372956 -0.25399488 -0.05408057
-0.04396057 0.17542750 0.06012342
-0.04226799 -0.02130958 -0.00930329
-0.12357549 -0.24961269 -0.08145794
0.17553845 -0.05036311 -0.03485769
-0.16153744 -0.32848701 -0.00245284
-0.04251979 0.15243471 -0.03410159
0.19039546 0.10379390 0.05548164
0.14384145 0.08123343 0.02768931
-0.00826303 0.25935814 -0.00693053
-0.08733779 -0.23886675 0.06565787
0.17574149 -0.26908207 -0.07876512
-0.12478875 -0.21204577 -0.08643571
-0.06372147 0.29885754 -0.02251088
-0.18461768 -0.19623782 0.01396020
0.11468449 -0.25087804 -0.08921461
0.06829355 -0.24521308 -0.09535813
-0.02330248 -0.11163614 0.08509798
-0.12707545 -0.31310436 0.01484523
-0.00631348 -0.27355689 0.05695354
-0.15891962 -0.22988470 0.08812962
0.16368847 -0.18909249 0.09151247
-0.19470690 -0.28965175 -0.00075364
0.15698989 -0.31027123 -0.04472972
0.17988832 -0.21741009 -0.07940979
0.20034021 -0.14264098 0.02897565
0.22104059 -0.25880706 0.00656878
-0.26526058 -0.29714319 -0.00173467
0.00968897 -0.10758922 0.00136845
0.27006474 -0.23025858 -0.06703696
-0.01101173 -0.26796350 -0.08775717
-0.02656770 -0.19668113 -0.03844367
0.21251790 -0.23462421 0.06024200
-0.05483215 -0.31265020 0.00190688
0.22130828 -0.22212620 0.08024896
0.17172337 -0.16556588 0.04876859
0.29058129 -0.14419845 0.01443541
0.16448857 0.02935539 0.06207435
0.20705763 -0.21733643 -0.02745754
0.19513555 -0.16413763 0.09361650
-0.25627857 -0.17532089 0.07285787
-0.19816117 -0.26967749 0.04200644
-0.12360368 -0.19622147 -0.07254981
0.14676163 0.18926397 0.02816251
0.02478929 -0.21574602 -0.08079495
0.29506031 -0.11692840 -0.01631529
0.03123495 -0.18083121 -0.00923813
-0.00127781 -0.15990685 0.01714759
-0.33469158 -0.13135564 -0.05047055
0.09767517 -0.27153435 0.09362143
0.23076712 -0.27040288 0.03844910
0.25780895 -0.13836478 0.03702339
-0.00560738 -0.18031977 -0.03074586
-0.05519689 0.01882256 -0.07926195
-0.31498548 -0.13352448 -0.04087655
0.05323753 -0.32514152 0.04205786
0.08625165 -0.25340137 -0.08744434
0.23942678 -0.15749295 -0.08960672
-0.23619139 -0.26653996 -0.03357088
-0.05970437 -0.29991031 0.05321893
0.13628690 -0.32388452 -0.00694968
-0.13515520 -0.11910789 -0.01899757
-0.00092519 -0.31726795 -0.05556517
0.03068780 -0.32563755 -0.03981827
0.07240935 -0.21972498 -0.09748755
0.13435411 -0.22673236 0.06887479
-0.10477510 -0.18836361 -0.07062572
-0.12890843 -0.15916069 0.07863396
-0.06714965 -0.26514569 -0.07784417
0.09627577 -0.19468640 -0.07209392
-0.08153143 0.16356631 -0.04369344
0.11178966 -0.30575618 0.03411505
0.18402967 -0.25745320 -0.00089637
0.03896113 -0.22335736 0.04954893
0.00718345 -0.15491526 -0.10533287
-0.12912877 -0.16556874 0.03908069
-0.07031539 0.29172620 -0.01602378
0.17277026 0.16586447 0.04470160
0.11739514 -0.19960599 -0.08645814
0.16403925 -0.19132049 -0.09076418
0.27850568 -0.22712313 -0.00324567
-0.25262263 -0.26794967 0.02008160
-0.08069615 0.10303102 -0.06998265
-0.26364961 -0.21817434 -0.02392944
-0.26359844 -0.03900287 -0.04333867
0.26369736 -0.23232403 -0.05144080
0.03629459 0.10154063 -0.00795414
0.05139779 -0.28314728 0.02287101
-0.05106588 0.10285902 0.03783958
-0.19796051 -0.22155395 0.08394950
-0.26855624 -0.14143895 -0.04557056
-0.03493426 -0.16753110 -0.08556418
-0.30577549 -0.20189798 -0.02629595
-0.28409195 -0.12226117 -0.07262947
-0.05177673 0.13217935 0.09623820
0.27232927 -0.17653576 0.06396843
-0.01874234 -0.20272593 0.09006535
-0.04096581 0.04272339 0.03169896
-0.29553100 -0.19614378 -0.01595743
-0.06319936 -0.30449858 -0.04887251
0.27897993 -0.23501776 0.02607864
-0.20723738 -0.18244921 0.05513209
0.29521435 -0.11997366 0.02098557
0.30985749 -0.17473325 0.02543349
-0.18018691 -0.15352502 0.09438571
-0.09375399 -0.20683928 0.04462179
0.09892591 -0.24249108 -0.06198268
0.26798025 -0.22848302 -0.04395368
0.08892403 -0.26578236 -0.07033371
0.05831367 -0.31010133 -0.01611932
0.00607055 -0.26677546 0.06456202
-0.29096407 -0.16263044 0.04363639
-0.05714875 0.24902821 0.00834998
0.08948429 -0.29174888 -0.04014369
0.09548121 0.19948962 0.06809552
-0.24633281 -0.24126503 -0.07146432
0.06040715 -0.21213253 -0.04628743
0.26059470 -0.23659164 0.02426894
-0.19921729 -0.31439033 0.01971838
-0.04906219 0.18214321 0.08658004
0.12691352 -0.26886454 -0.07291544
-0.14811002 0.25185853 0.01559781
-0.03779173 -0.22469561 0.09339031
0.27359191 -0.21442494 0.06778313
-0.08511930 0.00523991 0.00008415
0.26872721 -0.30066735 -0.02856457
-0.24469899 -0.16561733 -0.03435927
0.18505169 0.02196754 0.02416158
-0.03573478 0.13428777 -0.06943137
-0.28251833 -0.02231687 -0.03150491
-0.02093390 -0.17792901 0.08981811
-0.13530272 -0.29365262 -0.05492670
-0.13347270 -0.29357180 -0.06520940
0.00196447 0.29468119 -0.00206024
0.05815949 -0.19038402 -0.02889108
0.15973532 0.08985794 -0.02191840
-0.04509353 0.06804409 0.02363779
-0.15118672 -0.30746508 0.06744486
0.30436540 -0.28379214 -0.02239129
0.23207934 -0.00693703 0.03388868
0.06605634 0.25986126 0.00465289
0.05922350 -0.18753880 0.09491327
0.11014020 -0.32755214 0.02202154
-0.25325349 -0.27436218 0.05348070
0.02787763 -0.19765700 0.10439052
-0.22462605 -0.10560282 0.02956769
-0.08139605 -0.22959152 0.00651352
-0.18983769 -0.14501679 0.00279216
0.15430212 -0.26797548 -0.06732847
-0.03126755 -0.23951270 -0.07936914
0.02050546 -0.21052878 0.07425475
0.02618708 -0.07127286 0.06908140
0.14321201 0.08704859 0.01477753
0.14960659 0.01678285 0.06129653
0.24506614 -0.22692980 0.02818135
-0.04146948 0.29096583 0.07321427
-0.24256267 -0.31442606 -0.01804535
0.12554117 -0.29247266 0.03935814
-0.12995100 -0.16449945 0.03176358
-0.03672532 -0.22877122 0.09118394
0.27080923 -0.20203903 0.07922962
0.04123440 -0.19660772 -0.00868124
-0.25116083 -0.06914049 -0.01832808
0.18963143 -0.26920280 0.03259802
0.19543831 -0.17735104 -0.07959791
0.23357528 0.05046848 -0.01394043
-0.11852902 -0.32232383 -0.00740893
-0.01392214 -0.23117475 -0.01917137
0.18541087 -0.19131291 -0.06741603
-0.09482090 -0.25580430 0.05608541
-0.00246313 -0.06802440 0.05667592
0.00763308 -0.30979544 0.05963860
-0.19931501 -0.26887867 -0.02281409
0.17819831 -0.26790714 0.02102499
-0.27900892 -0.17420281 -0.02748680
-0.28085214 -0.16886960 -0.06733412
-0.06603070 -0.07699219 -0.08745158
0.16829334 0.13143653 0.02559644
0.32587922 -0.20385449 0.01887384
0.19653809 -0.15330730 0.07378753
0.27177027 -0.18912694 0.07012510
0.01284660 -0.18828942 -0.07737270
-0.23481077 -0.32097051 -0.02403020
-0.28579462 -0.16467500 -0.00409082
0.20594198 -0.19350342 -0.02690816
-0.11481408 -0.23118548 -0.06373797
0.29156309 -0.20576647 -0.05790853
-0.27659926 -0.25110695 -0.05076376
-0.01085179 -0.28853405 -0.07958232
-0.09372640 -0.22940309 -0.02034638
0.20712402 -0.21028709 0.01306768
0.03169755 -0.21215096 0.07850971
0.18676850 -0.24178204 -0.05634683
0.15006779 -0.22918026 0.06434971
0.05520803 -0.00365738 0.06909385
-0.01565327 -0.19054236 0.06244948
0.30016080 -0.16957457 -0.04181274
-0.02592894 -0.19838981 -0.07474655
-0.06277575 -0.31813353 -0.04190903
0.28062719 -0.14553288 -0.03552709
0.22601967 -0.25334159 -0.04640122
-0.25057757 -0.24153294 -0.05557963
0.12414192 -0.25475782 -0.08640887
0.00253333 -0.23666953 0.11348572
0.01759909 -0.21313569 0.05502080
-0.00751588 -0.28924477 -0.07260884
-0.07331049 0.06145398 -0.07022470
0.13886307 -0.18515265 0.01800650
-0.01394806 -0.32821521 -0.03679261
-0.07738248 -0.28713587 -0.03588546
-0.10914703 -0.24274303 -0.06644270
0.01776325 -0.25695741 0.05638030
0.06503856 -0.16780233 0.08574542
0.13957432 -0.30140486 -0.06338173
-0.18697268 -0.26485416 -0.04237263
0.11051999 -0.28475717 0.01956129
-0.25644779 -0.31272802 -0.02699149
-0.00857989 -0.20173585 -0.04615172
-0.25486669 -0.25181976 0.02934895
-0.05491831 0.23454155 0.02179086
0.18205968 -0.31620476 -0.00720938
-0.06808953 -0.18058644 -0.00841181
0.06566204 -0.25611797 0.01573225
0.06703810 -0.21147893 -0.06949536
0.08286115 -0.26210299 -0.06484370
0.05783184 0.01250821 0.08446736
-0.08943985 -0.19891320 -0.02160594
-0.19470917 -0.20559770 -0.03438374
0.09710391 -0.28666654 -0.07263105
0.22693747 -0.25100875 -0.08672111
0.09925640 -0.30614653 0.07830463
-0.07458974 -0.29370427 -0.00728716
0.05971843 -0.24720019 -0.04615289
-0.08651566 -0.21183929 0.07732568
-0.12754555 -0.31953508 -0.04353199
0.02260274 -0.33748090 -0.00764078
0.14304015 -0.04048504 -0.07432086
-0.15187199 -0.24373797 -0.02823830
-0.28902996 -0.27530637 -0.00545267
0.19215733 -0.30952454 -0.04536544
0.18484384 -0.32982433 -0.00596528
0.29661512 -0.28144816 -0.02000063
0.10814505 -0.26084158 -0.06492368
0.23657164 -0.13202566 0.08103895
0.08545674 -0.25808102 -0.06722803
-0.02915217 -0.21199276 -0.03497113
0.20052224 -0.23094696 0.04250781
0.09517483 -0.32820037 -0.01551180
0.08036712 -0.18583968 0.07618611
-0.17412667 -0.15771249 -0.10460491
0.04900383 -0.19098799 -0.04303862
-0.15369061 -0.23419991 0.01757168
0.14033788 -0.27854031 0.07714447
0.00069889 -0.31077507 -0.02381302
-0.15429297 -0.27950421 -0.08945571
0.19041215 -0.11837129 0.08186579
-0.20861700 -0.18194345 0.04255201
0.30708286 -0.21807109 0.02766575
0.26755160 -0.28008413 -0.03055591
0.13736540 -0.31905687 0.00943995
0.17097002 -0.25022107 -0.05840837
-0.10453810 -0.15347789 -0.04905154
-0.21430537 -0.26005721 -0.02957265
-0.23559429 -0.31449291 -0.02689880
0.05161866 -0.28115353 0.00495572
-0.18440390 -0.23824869 -0.08172604
0.30459297 -0.15186362 -0.02787586
-0.02583079 0.10981796 -0.02048866
-0.05897648 -0.28485870 0.02502643
0.02851604 -0.19413725 -0.07742591
0.25444096 -0.19225566 0.04579926
-0.17769466 -0.21293235 -0.04104070
-0.26229686 -0.29277602 -0.02465387
0.08096491 -0.30609474 0.02549423
0.21597357 -0.12192331 0.06913941
0.15719524 0.20198488 -0.05519878
-0.30279392 -0.20963788 0.02811341
0.16079408 -0.11674275 -0.02589888
-0.13962328 -0.18823352 0.06658350
0.16985020 -0.31981838 -0.02786021
0.26961929 -0.21353626 -0.01017370
0.05609924 -0.08591926 0.07341769
0.19580203 -0.30194500 -0.03929728
0.02506909 -0.24287237 0.05328890
-0.02391960 -0.08607068 0.06706333
-0.09033240 -0.25715855 0.06963571
-0.01621564 -0.30047286 -0.07396440
-0.05286039 0.06656633 -0.10994218
0.30056119 -0.27709427 0.02554405
0.20919758 -0.24090672 0.07019828
0.12400059 -0.31378436 0.02102407
-0.29060248 -0.11073460 0.04796730
0.13171522 0.07548514 -0.05759450
0.20434895 -0.00035823 -0.00741612
0.26514494 -0.32483917 -0.01780879
-0.24169128 -0.25439423 -0.01833287
-0.30631593 -0.10880630 -0.03693257
0.29974923 -0.16479434 -0.04096791
0.10921544 -0.31803292 -0.03306103
0.13355276 -0.20488477 0.08055997
-0.18988238 -0.13505271 -0.02406264
-0.13696648 -0.16998167 -0.08168159
0.04335934 -0.31311259 -0.03525690
-0.09354366 0.24208690 -0.01497211
0.08987309 -0.24553297 -0.02665387
-0.22972438 -0.19431636 -0.08104898
-0.15848288 -0.17960659 -0.00533219
-0.29939073 -0.19291154 -0.05756073
-0.25385341 -0.13406888 -0.04925096
-0.16669853 -0.28499785 0.06255189
-0.26709613 -0.03245894 -0.02726351
0.14147530 -0.15988794 -0.04912743
0.17028023 0.06700234 -0.02294952
-0.03878015 -0.24493326 0.07287641
0.27984077 -0.08264314 -0.00084104
-0.16879901 -0.24389291 0.04281747
0.05176240 -0.17301819 -0.10300297
0.29642344 -0.23882781 -0.03906063
0.21915016 -0.31953883 -0.02313394
0.29092512 -0.27220991 -0.04911219
-0.22768846 -0.11375150 0.01214969
-0.10180891 -0.29245290 -0.05408655
-0.07210998 -0.31782839 0.04884541
-0.20680165 -0.11217853 -0.00953189
-0.18080650 -0.12619625 -0.03981303
-0.17726618 -0.06801984 -0.05107743
0.26893660 -0.16728002 -0.02136355
-0.08210981 -0.17772850 0.07864147
-0.33520940 -0.13440423 -0.02446972
-0.04288975 0.08666714 -0.10554542
-0.26124841 -0.18911967 0.09700212
0.23562241 0.00929040 0.01160292
0.11463974 -0.16342421 0.00761433
-0.05215549 0.02764951 -0.03842072
0.22153325 -0.27055344 0.03889730
0.03711047 -0.30456448 -0.00838028
0.20958860 -0.23957363 -0.07511102
0.02150195 -0.21496734 0.07487944
-0.04476264 -0.25309712 0.05824644
-0.21060535 -0.25305790 0.07860863
0.06519302 -0.21081075 -0.03142783
0.00117844 -0.27861232 0.09770474
-0.03920043 0.26684490 0.01855655
0.05586187 -0.26963031 -0.08444912
0.15263820 -0.01393258 -0.01550186
-0.12258625 -0.22618842 -0.02693148
0.22459123 0.05766194 0.00178083
0.02189200 -0.26592618 -0.08863706
-0.15600093 -0.15108667 0.07190932
0.17849243 -0.02553859 -0.05096104
-0.07337803 -0.24623254 -0.02804799
-0.13183087 -0.05298281 -0.00047645
-0.22689104 -0.23899123 -0.01834370
-0.12048127 -0.12369926 -0.05952978
0.03470198 -0.18404169 -0.00938691
-0.15283413 -0.23080643 -0.00193991
-0.20910001 -0.31482503 -0.00381821
