-0.16153774 -0.09361765 -0.20946303
0.14272323 -0.00359450 0.32979459
0.17576662 -0.11056937 0.22975194
-0.05945012 -0.02299174 0.32479361
-0.17282903 0.09904561 -0.04936206
-0.17523758 0.10934359 -0.21087709
-0.05438629 0.04025204 -0.35748434
-0.11244924 0.14591523 -0.21868029
-0.17488655 0.09373567 0.15743104
-0.15690368 -0.11672907 0.33785078
-0.06907331 -0.10512407 -0.43992570
0.11987869 -0.06793816 0.42196524
-0.10008436 -0.06060573 0.27885094
-0.08954786 0.05938496 -0.04550499
-0.08767970 0.12198306 -0.12825263
-0.06141978 0.09297779 0.27399540
-0.17079471 -0.10993125 -0.00692516
-0.05596794 -0.02414648 0.20957223
-0.05077689 0.05840005 0.28743935
-0.17061967 -0.03655357 -0.26339677
0.12485881 -0.09858589 -0.44264618
0.16642362 -0.05623383 0.36657605
0.07487021 -0.11420022 -0.03400610
-0.10154286 0.13856375 -0.14210936
-0.16162443 0.04251469 -0.43003377
-0.04780447 -0.12305067 0.36229962
-0.04508546 0.07886779 -0.38597330
-0.16430794 0.01837535 -0.44264823
-0.02842931 0.01636369 -0.00535975
0.08702434 -0.11855076 0.26246431
-0.12106530 0.10939723 0.36627513
-0.17096691 0.05996121 0.38025033
-0.07513639 0.07932447 -0.03128598
0.05944567 0.01734445 0.13104132
0.17391130 -0.11970712 -0.23797843
-0.04967980 -0.04298977 0.09335064
-0.05994992 0.00695590 -0.25774488
-0.09573670 -0.13096754 -0.04506069
-0.03402144 -0.12543373 -0.29164568
-0.09362660 0.09124371 0.31322888
0.05054495 -0.02618034 -0.17466098
-0.09660937 0.01259608 -0.44440359
-0.16811068 -0.08239735 0.12950042
0.15011111 0.05558736 -0.43837816
-0.17021301 -0.10677373 0.12447028
-0.01971346 -0.05115450 -0.10329828
0.07127140 -0.01865043 0.32153088
0.04002483 0.07499174 0.42929062
-0.07326934 -0.02127930 0.13462035
0.16714105 0.00728188 0.22515935
0.13222180 -0.12439585 0.19417532
0.16663262 -0.12584993 0.39540553
0.14460967 -0.13170473 -0.41562316
0.17230575 -0.04497905 -0.33286312
0.04054039 -0.09028734 -0.44737285
-0.16122150 0.14771329 -0.28598017
-0.09220462 0.06414923 0.17985652
-0.16460100 0.09928694 -0.01030941
0.16569324 -0.12109698 -0.11791325
0.02803900 -0.04312531 0.32534295
-0.10641026 0.01786433 0.29139641
-0.16863088 0.13988803 -0.02446375
0.17571607 0.00784917 -0.38968399
0.11613740 -0.12126524 -0.41192698
0.03564129 -0.12430378 0.08916248
0.04819582 0.07397872 0.44320378
0.14966843 -0.07444520 -0.34536636
0.14178549 0.02541942 -0.43634632
0.14609173 0.02253114 -0.17525458
0.17491123 -0.10039311 -0.20294079
-0.11767789 -0.08749742 0.44754723
0.14176299 0.02519807 0.02326564
-0.02718991 0.08345131 -0.44039065
-0.08761329 0.13584572 -0.40716130
-0.07559052 0.07542937 0.36368260
0.02738087 -0.11588500 0.35116786
0.16089179 0.00239984 -0.36881775
0.12438933 -0.10237633 -0.16698599
-0.02932225 0.02145852 0.16139223
-0.17082621 0.07525730 -0.19440633
0.04256508 -0.12217338 0.20451653
0.01178016 -0.12371933 -0.39033952
0.05134791 -0.12814046 0.05188888
-0.07922147 0.12654537 0.32543111
-0.17002513 0.05458716 -0.41635478
-0.08978897 -0.05459502 0.44222832
0.16631433 -0.11619421 -0.12359048
-0.16808508 -0.08333732 0.38632950
0.07310172 -0.12641570 0.09081149
-0.17192462 -0.10396592 0.18514556
-0.08278271 0.09276284 0.09210060
0.15484209 0.01701630 -0.42569491
-0.11817257 -0.04985977 -0.33922720
0.12857148 0.06352815 0.38395008
0.13529325 -0.13587651 -0.39974737
0.08845179 0.01793692 0.25304943
0.04079261 -0.12300958 -0.30042717
-0.16844429 -0.07083777 -0.17554896
-0.16955979 -0.09159355 0.05118773
-0.11347512 0.02263452 -0.33304569
-0.12307451 -0.12203200 0.30830932
-0.15116811 -0.13158135 -0.01834124
-0.04253398 -0.04351120 -0.02303156
0.01072096 -0.01281155 -0.44253641
0.09520461 -0.05976466 0.44174391
-0.06852105 -0.12839586 0.09807682
0.17226242 -0.02259876 -0.40631020
-0.12621503 -0.03639638 -0.20822699
-0.16700435 -0.11595940 -0.04155532
-0.16199464 0.14688265 0.17480744
-0.17155558 0.11371442 0.00655954
0.17086266 0.00175367 0.31976268
-0.16440141 -0.09061547 0.29811597
0.15403314 -0.00175440 -0.31532574
-0.06883316 0.04163504 0.17119321
0.15521102 -0.00292952 -0.17707749
-0.16856618 -0.00984191 -0.03489589
-0.16898575 -0.04925951 -0.28930515
-0.00381510 -0.12332631 0.21956088
-0.15430877 -0.09072025 0.38566375
-0.17096607 0.06666392 0.14928024
0.10092340 0.01825980 -0.31200641
0.00913589 0.09796646 0.36780924
-0.09515151 0.10868871 -0.09550974
0.16190138 -0.05117457 -0.36656547
0.17313211 -0.04013562 0.27184200
-0.05742122 -0.05516779 -0.36882067
-0.10539188 0.03197203 0.14408243
-0.01616646 0.00544325 0.20366022
0.13062409 -0.10719921 -0.15847503
-0.04897724 0.11402926 0.40979010
-0.14313029 0.14371197 0.02469407
-0.16098288 -0.12552339 -0.25595152
0.11246516 0.00465727 -0.28507084
0.12346293 -0.12533796 0.13248916
-0.15792176 -0.09964740 -0.44633740
-0.02472459 0.00456622 -0.07970980
0.10619426 -0.04471655 0.06098633
-0.15544960 -0.12482878 -0.39833811
-0.05682205 -0.05094718 -0.10807256
-0.13561596 0.09220884 0.43713239
-0.17165589 0.09589615 -0.06484826
-0.11870488 -0.12638342 0.34699729
0.13825163 -0.04600986 0.38579121
0.17006770 -0.08749803 0.27156788
0.09537563 0.00968302 -0.02828620
-0.10433003 0.10837229 -0.11033488
0.16085918 -0.06896267 0.42706111
0.01141879 -0.12759197 0.35367942
0.04546831 -0.12421130 0.07061569
-0.01180373 -0.12487581 0.03388897
-0.13312951 0.14034799 0.36527213
-0.11603304 -0.12731078 -0.09138782
-0.05404253 -0.12023557 0.24624442
0.17204155 -0.06733593 -0.10391849
0.17394321 -0.05675370 0.32220563
-0.15843146 0.14348112 0.21236262
-0.16622621 -0.05334521 0.11321285
0.00037210 -0.12603863 -0.31594932
0.08018462 -0.02685618 -0.01677039
-0.14046153 0.14501043 -0.07311364
-0.00173640 -0.12879777 0.38417247
-0.15530935 -0.12647578 -0.17776407
-0.15809554 -0.12678990 0.02098499
0.12824443 -0.12953475 0.02377107
0.13439167 -0.07950886 0.44402140
-0.14742027 -0.04291473 -0.06000044
0.16793323 -0.11748262 -0.31998405
-0.05024083 0.06421562 0.36566836
-0.07879890 -0.01222252 0.21966873
-0.08619817 -0.00924164 -0.32802129
-0.17008257 -0.05236106 0.24489830
0.06791575 0.00571383 0.11514771
0.09497459 0.01659237 0.26294953
-0.12521726 0.15010853 0.38019127
-0.17192708 -0.06783817 0.34834588
-0.16167158 -0.12604281 -0.19364195
-0.17333582 0.12294640 0.29545695
0.13592947 0.04498028 0.37269348
0.17138021 -0.00107231 0.41373262
-0.11624343 0.13824980 0.18289185
0.08416611 -0.12888993 0.39762005
0.09260572 0.09051190 -0.43576229
0.17290646 -0.07219345 0.28723523
0.16641556 -0.00478839 0.43311822
0.17040379 -0.11765651 0.31185353
-0.08719578 0.10912976 -0.29128313
-0.04815983 -0.12380248 0.09073919
-0.06476290 0.00278745 0.21266943
0.04397635 -0.09462164 0.44577372
0.15973696 -0.13874923 0.39672324
-0.00585990 0.01313006 0.29603690
0.14670201 -0.00709274 0.08405428
-0.14896864 -0.13146812 -0.11606222
-0.08403483 0.04564864 -0.00770225
0.17364147 -0.04443397 -0.09759718
0.08468821 -0.02782346 0.32833788
-0.09793172 0.05313952 0.32696795
-0.15971322 -0.12367969 -0.19686979
-0.17648871 0.12191780 -0.08566333
-0.15293360 -0.12924364 -0.04218827
-0.10224262 0.10695995 0.05243440
0.16850737 -0.12982768 -0.07724166
-0.07608482 -0.12695266 -0.15187879
0.05471935 0.01662525 0.28800902
-0.17129634 0.13805111 -0.27896401
-0.17110473 0.05647402 0.21488482
-0.16048867 0.08148498 0.02636103
-0.07902580 0.08616974 -0.00015775
0.12207411 0.02005211 0.08340856
0.16964594 0.03131869 -0.41516936
-0.16462699 -0.11173628 -0.06028840
-0.16894901 -0.06200472 0.42361099
0.13464770 -0.04107247 0.17534766
0.14180580 -0.12608998 -0.22718795
-0.17246905 0.01920509 0.06498505
0.06570810 -0.12125038 -0.30442664
0.17739056 -0.11932845 0.38111827
-0.12748563 0.13935329 0.41029733
-0.14414160 0.04642227 -0.44191825
-0.17144604 0.10610451 0.40918544
-0.07961342 -0.12463484 -0.32914618
-0.17182003 0.10913905 -0.16126546
-0.05629386 0.03584259 0.36370635
-0.07634567 0.05164644 0.08235724
0.11298528 0.09102716 -0.43496850
-0.06994554 0.01463192 0.11788791
-0.08709529 0.12262963 -0.36736783
-0.09462827 -0.12662524 -0.22440554
0.16911617 -0.04736096 0.27830997
-0.14853890 -0.04452427 -0.37214765
-0.08607804 -0.00545878 0.23006417
-0.08811426 0.13516949 -0.37182039
-0.06526846 -0.00573812 0.09691628
-0.14958586 -0.13577315 0.31568682
0.17338952 -0.01714544 0.37511992
-0.14740115 -0.12657474 -0.28323096
-0.10602308 -0.00741199 0.20095286
-0.10600361 -0.00450893 0.23977365
0.17328069 -0.03072423 -0.34730768
0.04809116 -0.02134234 0.41120672
0.14833261 0.01588814 0.15094750
-0.10761709 -0.12812512 0.30095088
0.13513511 -0.10132267 0.41370159
-0.11199096 0.04902682 -0.28977895
-0.02017917 -0.12850168 -0.36076918
-0.03801359 -0.12455188 -0.18890595
-0.17057586 -0.01747778 -0.33598843
-0.08350867 -0.04687121 -0.27897850
-0.13504444 -0.12964076 0.16507614
0.17137097 -0.02867142 -0.08000309
0.15425581 0.01505891 -0.13644254
-0.14541431 0.10454793 -0.43629462
-0.07807074 0.05052641 0.40525302
0.14331760 0.01946514 0.13512214
0.08030204 -0.03083331 0.24741417
-0.17023715 -0.06411581 0.33852035
-0.02766233 0.02069082 0.13946535
-0.15953389 -0.12374157 0.32861623
-0.16783743 0.00445595 -0.12591638
-0.16810413 0.01258726 -0.11760680
0.05559150 -0.12833883 0.13331881
-0.04222324 -0.12778020 -0.21047552
-0.09201604 -0.06036391 -0.44146156
-0.09467068 -0.03112364 -0.16699004
-0.16306917 0.12842208 -0.25484610
-0.16964068 -0.01646026 -0.19305229
0.04576490 -0.12818208 0.08561535
-0.07628173 0.07830113 -0.02195610
-0.05657168 -0.03675788 -0.00455644
-0.09032385 0.09177206 -0.36315256
0.17174853 -0.00375653 -0.35604393
0.07175427 0.00747919 -0.29022181
-0.08782247 0.01098116 0.12992629
0.09461883 0.01585338 0.11108614
-0.02133214 0.00089525 -0.32786623
-0.00537606 -0.04417697 0.44521368
-0.08050709 0.09125663 0.05712808
0.15289199 -0.05519438 0.33827591
0.05703926 -0.12794915 0.25984648
-0.12037316 0.14706223 -0.06383308
-0.05732807 -0.12718633 -0.36446711
0.09285198 -0.13094237 -0.38713983
-0.16679981 -0.01262703 -0.20151682
-0.09286823 0.10263658 0.44028288
-0.08423034 0.04592464 0.11346435
-0.16552280 -0.10538464 -0.34047365
-0.10794735 0.14405636 -0.32891369
-0.01528442 0.02614113 -0.34284848
0.00059373 0.01187129 0.44018552
-0.05186795 -0.03423253 0.44100049
-0.11134373 0.14233802 0.22625652
-0.15741096 0.05628154 -0.04589553
-0.06961175 0.07390464 0.21385990
0.02001136 -0.12514332 0.25452015
-0.14403810 -0.03731967 0.15787166
-0.16996026 -0.03546517 0.40212423
-0.13659310 0.14755513 -0.24381581
-0.06478478 0.09514254 0.21965131
-0.17440023 0.13513039 0.34133816
-0.09063849 -0.12383963 -0.30107579
0.11259557 -0.12454098 -0.37851110
0.09733856 0.00062123 0.44125217
-0.08315440 0.11873092 -0.34456813
0.11127074 0.00874113 -0.09618086
-0.16849014 -0.02380903 0.09253389
-0.06036825 -0.12360304 0.23744254
0.12218912 0.02136168 0.37105361
-0.17010146 -0.07330990 0.31987473
-0.16928060 0.02055042 -0.36796457
0.06056584 -0.12535723 -0.28258702
-0.16073111 0.12850922 -0.44178542
-0.07881945 -0.10619475 -0.02301043
-0.17028661 -0.10116889 -0.38095680
-0.16976821 -0.07432840 0.24498400
-0.16526255 -0.00650300 -0.10234575
0.17183290 -0.10541607 0.15135828
0.10477681 -0.11386403 -0.06456675
0.17433512 -0.09662943 0.03854313
0.07208337 0.01757128 0.32107899
0.02410439 -0.12375789 0.17519137
-0.12521534 0.13970062 0.30844492
-0.17175213 -0.11053891 -0.07636258
0.03930148 -0.12323149 -0.33920801
-0.08376516 0.10938989 0.23897623
-0.14634053 0.14365633 -0.42549205
0.17556064 -0.06947108 -0.32037550
-0.01024868 0.10701746 -0.43506286
0.05485888 0.01868903 0.07127827
-0.00099117 -0.00819293 0.33960158
-0.09562382 0.08153913 0.38593906
-0.16822778 -0.02138652 -0.26099795
-0.17026982 -0.02988642 0.27361175
-0.17273302 -0.10088611 0.39732575
-0.16838999 0.11364357 -0.17261337
-0.16926715 0.03124332 -0.31856292
-0.15661670 0.09039174 -0.44047603
0.08836963 -0.12405659 -0.11851153
0.03535907 -0.12194279 -0.23112720
-0.03705037 -0.11259829 0.35761169
-0.17039579 -0.01723926 0.33905336
0.12041843 -0.12029479 -0.30061209
-0.16695797 -0.10537715 -0.42385602
0.17325234 -0.06636014 -0.18898894
-0.07045468 -0.12909453 0.20684321
-0.01850468 -0.06038865 -0.42375743
0.06465971 -0.12332382 -0.44042921
-0.16800529 -0.01963390 -0.13731039
-0.17059512 -0.02909784 0.38520217
-0.10718325 0.08971538 0.17406443
-0.03533866 0.00134007 0.06095112
0.08437939 -0.08624437 -0.44199482
-0.16395341 -0.07604948 -0.43433166
-0.17491443 0.15039162 0.42462233
-0.09898943 -0.12820852 0.14212155
-0.04251700 -0.11721304 -0.40412632
-0.12384466 0.12452482 -0.42384854
0.13731958 0.00536148 -0.11485545
-0.16814303 -0.07488142 -0.39925116
0.02788418 -0.12634414 0.15649441
0.14543876 -0.05448997 -0.29120314
-0.11829148 0.14691938 0.05103165
0.04941166 -0.12803251 0.36185366
-0.13525490 0.14179413 0.43590865
0.17231482 -0.02907401 0.01684609
-0.15683614 -0.12575860 0.39153585
0.11032213 -0.02258014 -0.16903751
0.04860273 0.07676320 -0.43798497
-0.16678199 0.03861559 0.37964013
-0.02687868 0.02689106 -0.44115978
-0.15345545 -0.01728827 0.44105718
-0.15885004 0.14747225 0.07775331
0.09413834 -0.12495827 -0.28209710
-0.17206046 0.10883852 0.39346915
0.16188738 0.01187537 -0.16254523
0.03911816 0.01329565 0.02070615
-0.10740786 -0.12765311 -0.11304364
0.06506734 -0.06497986 0.21036047
-0.07172541 -0.06630588 -0.17434098
0.00416378 -0.00211324 -0.44403031
-0.08726764 0.05971197 0.06916823
-0.07696490 0.09716400 -0.22619438
-0.16829333 -0.11670966 0.36839616
0.08175740 0.04232237 0.44517961
0.02792312 -0.12314507 0.17942014
-0.05848993 0.01411552 0.10239097
0.14097288 -0.09038812 0.43913174
-0.06837109 -0.00732632 -0.10736022
-0.10520302 0.12260289 -0.27323562
0.08046290 0.09310118 -0.39134023
-0.08141054 0.13277557 -0.04360770
0.11852676 -0.02918360 -0.18591508
-0.10958248 0.14206101 -0.00851262
0.14205304 0.00270266 -0.09707267
-0.04243818 0.00060474 -0.09060378
-0.16917180 -0.01208488 0.01354923
-0.04182227 0.08211701 -0.39243892
0.12298535 -0.05309709 0.20151743
-0.10365564 0.13859132 0.02126329
0.09286235 0.06019697 -0.44175798
-0.08561720 0.03131060 -0.31104362
-0.08271724 -0.02284493 0.01651967
0.02684027 0.01579410 0.20754315
-0.07688031 0.08402722 0.30154812
-0.10247642 0.09299234 -0.30783027
0.06125617 -0.01911261 0.44384277
-0.10851113 -0.12546830 -0.24668527
0.16449818 -0.12362944 -0.17934509
-0.01393425 0.01753342 0.44071335
-0.07814708 0.05075553 -0.23738128
0.15347724 0.00334895 -0.20727926
-0.16813402 -0.09353119 0.02750740
-0.01754092 -0.12362231 -0.42564654
-0.10353377 0.12365556 0.43381163
-0.03195563 0.01465110 -0.20006828
0.16913088 -0.09977981 0.43751231
-0.07196130 -0.12410568 0.21902482
-0.17044373 -0.01507743 0.10530865
-0.16958228 -0.00867447 -0.40895161
-0.16614036 -0.10369100 0.11236459
0.13583733 -0.12676570 -0.26322821
0.16908807 -0.10141531 -0.37500316
0.03148088 0.01091755 0.22637059
-0.04497996 0.02031166 -0.20016770
-0.10519791 0.14377873 -0.28540862
-0.16893813 -0.03728136 -0.40834838
-0.13207212 -0.12698837 -0.31766421
0.13691501 -0.11671259 0.38986185
0.00769463 0.05785070 -0.39311606
-0.07975931 0.01052926 -0.21669893
-0.09357356 -0.12444150 0.16816232
0.13465846 -0.13131437 0.39392915
0.16895744 -0.11448994 0.42210934
0.02001533 -0.12688778 0.11519506
0.16763178 -0.02004377 0.41976500
-0.15518981 0.02679908 -0.04806465
-0.09770214 -0.12664686 0.41113308
0.17224175 -0.02526191 -0.05891863
0.17269765 -0.04016086 -0.04763813
-0.16786776 -0.12188569 -0.12416346
-0.02354289 -0.11790568 0.38496637
0.11542950 0.01405343 -0.16352132
-0.15088068 -0.10299657 0.02462122
-0.01296986 -0.12457836 -0.31614497
0.09251528 0.01697837 0.13948382
-0.13434003 -0.12208508 -0.33090907
-0.08454590 -0.02660955 -0.14473046
0.14789282 -0.12389253 0.20440987
-0.16777700 0.12779309 -0.41311547
-0.13856061 -0.13227384 0.42228681
-0.06405726 0.05661034 0.10339126
0.04042567 -0.12471545 0.44214335
-0.07471835 -0.12718275 0.12826660
-0.10929517 0.00181909 0.11283852
-0.04747659 0.01407121 0.08920618
0.07331355 -0.12022577 -0.03174039
-0.14009388 -0.12857097 -0.43921137
-0.13002352 0.14360654 0.25928143
-0.17564981 0.13487861 0.30516842
-0.11238774 -0.11991486 0.01298644
-0.09380551 0.12341370 0.30519313
0.17444681 -0.02577191 -0.00781404
-0.17089590 0.09969839 -0.16160880
0.17286788 -0.09078871 0.08437664
-0.16826768 -0.06337319 0.21942233
-0.10762617 -0.12200111 -0.25350660
-0.14529969 -0.12961395 -0.38105005
-0.02305283 -0.11941092 -0.42201576
-0.06480100 0.01132795 0.19958872
0.17275091 -0.07439512 0.14749639
0.08251745 0.00993488 0.40103850
0.14372124 -0.11728204 0.27704445
0.01274046 0.01760584 0.26638311
0.17358395 -0.01584790 0.10965402
0.04489952 -0.12635379 0.36237055
-0.14825715 -0.02260029 0.40087160
-0.13642947 0.14098044 -0.42190486
-0.17068017 -0.05595883 0.38455048
-0.16493545 0.04175261 -0.44243687
-0.17311034 0.07427108 0.37029815
0.17445648 -0.01407383 0.32083875
-0.16795613 -0.11700200 0.26388162
-0.11789563 0.14245206 0.17559904
0.09925510 0.01972894 0.06969938
0.01601117 -0.12664405 -0.32720506
0.17384797 -0.10375480 0.34939799
-0.05324241 -0.00725843 0.22467160
-0.10131361 -0.03954229 0.00967591
-0.16807505 -0.05305596 0.43005919
-0.08424596 0.07604618 0.36548534
0.17410301 -0.06280936 0.05479980
-0.10373070 0.01440581 -0.22686392
0.17284395 -0.07327999 0.35052845
-0.07155975 0.12458635 -0.06036624
-0.06848110 0.10189423 0.44072512
-0.05496138 -0.12634686 0.33134377
-0.10358737 -0.11685410 -0.44199729
-0.17193532 0.08503806 0.35103920
-0.05533728 -0.12235137 -0.18589255
0.15060098 -0.07863563 0.43882537
0.09004910 0.01166339 -0.11634475
-0.07360166 -0.00526521 0.17402813
-0.09643087 -0.00439942 -0.27127266
-0.15525314 0.03266164 0.22039704
-0.05855517 -0.12512378 0.23408918
0.07593800 -0.13050306 0.15679415
0.07178440 -0.00421930 -0.40165445
-0.02876589 0.01189676 -0.18156262
-0.00838912 -0.11284982 0.36944446
-0.16916521 -0.03993791 -0.34571484
-0.16801387 0.00931454 -0.43364635
-0.03644735 0.01965244 0.27744406
-0.15349263 0.00601681 -0.08326529
0.17212074 -0.02186287 0.07189784
-0.16255099 -0.10185339 -0.00937022
0.03452050 -0.04886556 -0.43959209
0.11766341 -0.02912310 -0.14793958
-0.07000010 -0.12403070 -0.39718631
-0.16081901 -0.04962566 -0.32405615
-0.14495537 -0.12323372 0.00433238
0.09570336 0.00264406 0.36526895
0.06638456 0.01158343 0.30732182
0.09427923 0.10595286 -0.42579970
-0.00744938 -0.03683054 0.15935880
0.05410964 -0.12144770 -0.18751076
-0.09751831 0.05693943 0.25489676
0.17126615 -0.05922822 0.29263285
0.01680486 -0.11497776 0.43256000
0.14058208 0.02332176 -0.26711965
-0.11792357 -0.12443601 -0.25423735
-0.17020130 -0.06129044 -0.09642327
-0.17366354 0.08534546 0.35513985
-0.03804736 -0.12741178 0.43313444
0.12401070 0.08657055 -0.43762022
-0.02236518 -0.12826318 0.43117666
-0.10008636 0.06059608 0.36585453
0.12364580 -0.08743026 0.38934496
-0.10147620 -0.11903888 -0.43903419
0.13867469 -0.06716034 -0.44003198
0.07223167 -0.11269995 -0.44408387
-0.15720551 0.04579751 0.07099804
-0.16908036 -0.11373316 0.15459606
-0.06557050 0.12034369 0.02856604
-0.17195873 0.12054735 -0.04327878
0.13356256 -0.12125217 -0.05572154
-0.17126013 -0.10909405 -0.22332396
0.10184080 -0.12339073 -0.12236182
0.15478301 0.09360902 -0.43291152
-0.02842586 -0.10603738 -0.43598950
-0.15281200 -0.11923018 0.44082573
-0.17225075 0.13612615 -0.29503214
0.13538139 0.05595050 0.43624783
-0.16016777 0.14899404 0.22996633
0.11344350 -0.01752726 -0.36691767
0.02503508 -0.11888003 0.08415968
-0.04525773 0.01004645 -0.02605935
0.13942851 0.01141262 0.17898306
-0.07146274 -0.02280892 0.15896006
-0.15920913 0.07769065 -0.15767807
-0.03702834 -0.12582040 -0.32423753
-0.17006856 -0.00859842 0.18446991
-0.03334975 -0.05449465 0.42403096
0.07102586 -0.03784669 0.21011923
-0.00363285 -0.11011380 -0.15638609
-0.00952280 -0.03076253 -0.39521480
-0.16787978 -0.02184289 -0.44214299
-0.16405515 -0.11762479 -0.06730108
-0.16893159 0.03271474 -0.08317597
0.00188377 0.02299136 -0.17411719
-0.01093933 -0.12483060 0.03739148
-0.12720419 0.04284310 -0.43963593
-0.13831016 0.14922114 -0.06848799
-0.13209869 0.14557439 0.25389853
0.11711358 -0.12512474 -0.23900901
-0.16771500 0.13834846 0.31556010
0.16696654 -0.12779982 0.34620184
0.09719944 -0.11728081 -0.26485866
-0.14506061 0.02969475 0.38344538
-0.17226407 -0.02268494 0.32723561
-0.16946438 0.03877599 -0.38527045
0.16942836 -0.00630215 -0.20482101
-0.16717979 0.12689571 -0.05477209
-0.09567446 0.03437261 -0.25354722
0.17480846 -0.07731811 0.29005045
-0.08841661 -0.12409864 -0.43580940
-0.16789106 -0.11234415 -0.21518457
-0.12080404 -0.12823913 -0.14215964
0.00917792 0.01921562 0.14579058
-0.10973419 0.13807002 0.36368397
0.17063676 -0.09903658 -0.13402632
0.16118605 -0.12975839 0.32988325
0.17115179 -0.06063330 -0.02369073
-0.17016451 0.07031254 0.21318278
-0.17039759 -0.04427642 0.39324716
-0.07904372 0.04913864 -0.16937160
0.14490922 0.04342898 -0.43925437
0.14200474 -0.02013624 -0.44368085
-0.04609234 -0.12753335 -0.09971815
-0.16666612 -0.10827295 -0.32381415
-0.04500819 -0.12457968 0.24940994
0.17547384 -0.09123866 -0.26436600
-0.10718498 -0.11654416 -0.17344518
0.17064799 -0.05589417 0.38245028
-0.10419086 -0.12802027 -0.14555186
0.04702974 -0.12622488 0.27967876
0.16188815 -0.12815893 -0.23704840
0.17150223 -0.03261167 0.04337269
0.17070697 -0.05360847 0.22541395
-0.17217599 0.12087412 -0.08768178
-0.07679867 -0.12803605 -0.23401222
-0.10170225 -0.06074410 0.20931578
0.17007269 -0.11611950 -0.33612502
-0.12020459 -0.12671199 -0.39272642
-0.16857441 0.05325220 -0.13164172
0.05941327 -0.12512498 -0.24303579
-0.00334116 0.01490249 0.17344812
0.06444348 -0.12629853 0.22448438
-0.02055388 0.02615904 0.44121781
-0.02759495 -0.12747645 0.04360063
0.09989921 -0.12642153 0.22043657
-0.16579561 -0.05775478 -0.43621564
-0.13130271 0.14863259 -0.32299548
-0.15760337 -0.12713771 -0.33032477
0.02261039 -0.11444711 -0.01929058
-0.15710004 0.07213344 -0.00662437
0.17416184 -0.12326198 -0.33059871
-0.17257085 0.12948813 0.05551839
0.10490364 0.01701565 -0.03523029
-0.08789393 0.00913453 0.26266670
0.17294163 -0.02896722 0.16215418
0.02904119 0.00767173 -0.27442306
0.04618753 -0.12530540 -0.33189189
0.11785531 -0.12026483 -0.25455615
-0.06935515 0.01147824 0.23948315
-0.17431523 0.10802865 0.27094474
-0.07257901 -0.02116021 0.44083804
-0.16408613 -0.12122817 0.15379506
0.07854167 -0.03824744 0.23264454
0.02915089 -0.12470742 -0.10910555
0.05643993 0.01439451 -0.37228298
-0.16859102 0.05231338 -0.15810092
-0.16839349 0.01060840 -0.30492905
0.01545857 -0.12548283 0.32401299
-0.10639651 -0.12723775 0.35591668
0.03819805 0.00236965 0.18207912
0.13686062 0.10785303 -0.41165748
-0.08438482 0.05710831 0.13052283
0.05864825 -0.12472468 -0.35407826
0.00285156 -0.12417056 0.03450713
0.08255076 -0.12966476 0.10687406
-0.00456211 -0.12316652 -0.31322244
0.03113228 0.00554875 0.12320377
-0.12273014 0.14449379 0.10959946
-0.12080812 0.14491050 -0.14938331
0.09524559 -0.04084275 0.07422724
-0.00985646 -0.06954391 0.43658215
-0.17629711 0.10141759 0.23736769
-0.07060256 0.06085212 0.19617043
0.00659399 0.03337849 -0.31086370
-0.01056936 0.01807848 0.14923500
-0.16825661 0.00877714 -0.20916589
-0.01130161 0.07553476 0.44182187
0.11700650 0.09550878 0.41929957
0.10539744 -0.12587810 0.26612058
0.17121179 -0.00077425 -0.28457150
-0.16607197 -0.11488935 -0.27879333
-0.16800974 0.05068948 -0.34683758
-0.09505087 0.08559196 -0.06101949
-0.04480685 0.00863601 0.33964023
-0.15256192 0.02910284 0.04589670
0.14925100 0.04049021 0.44300681
-0.17012256 0.04918462 -0.34021273
-0.08295839 -0.12500478 0.39474329
0.17130870 -0.07346969 -0.02700730
-0.08795373 0.06287124 0.19781114
-0.17171043 0.06113183 -0.39825732
0.16899148 0.07174753 0.42618731
-0.10426994 -0.12676719 -0.11696863
-0.05728349 0.09276052 0.39436194
0.05054575 0.01741518 -0.40192214
-0.02837854 0.00883167 0.28830543
-0.15467358 0.01201791 0.06831843
0.02988417 0.05504645 -0.39577115
-0.15850775 -0.04757583 0.38916087
-0.13439849 0.06638106 -0.43915394
-0.11042973 0.09953843 0.19249938
-0.07752362 -0.00342060 0.15799081
-0.14170761 -0.11911181 -0.43988776
-0.07759333 0.11189049 0.31487438
-0.13517332 -0.12291075 0.43828723
0.17165163 -0.09463378 -0.20900890
0.06155772 -0.12014506 0.27814943
-0.16928025 -0.08337016 -0.07765384
-0.15003274 0.14754716 0.15747121
-0.13558616 0.07636754 0.38550615
-0.17252281 0.10028280 -0.09285003
0.17289475 -0.11413396 0.04703392
0.16989426 -0.10706699 -0.43707627
0.14807895 0.09673253 0.37236115
-0.11420923 0.14742287 -0.24641781
0.08206809 -0.00427595 -0.06489915
-0.04950710 0.01794135 0.26952198
0.12578003 0.01379873 -0.37587503
-0.06846984 0.01548455 -0.36465856
-0.09913700 0.12121625 -0.25165242
0.09690941 0.00563713 0.20148528
-0.10682958 0.02015826 0.32895321
-0.04397942 -0.12234496 -0.27242193
-0.15519024 0.14420713 -0.25400403
-0.16732340 -0.12170681 0.30958238
-0.10206944 -0.12347665 0.43846670
-0.01166910 -0.11903803 -0.19437620
0.13333404 -0.01088939 0.11990975
-0.10104909 -0.10686693 0.04525431
0.08489467 0.00144363 0.37324089
-0.07490965 0.07783310 -0.06882888
-0.06900572 -0.12246209 -0.32614449
0.02038427 -0.00865613 0.22618791
0.08474311 -0.12668377 0.05395771
0.14820248 0.08860392 0.33612636
0.17382684 0.00913815 -0.22281875
-0.05037700 -0.12319549 -0.24925268
0.16839465 -0.02019184 -0.07201638
-0.17173691 0.10999864 -0.02301804
-0.12476757 0.12937792 0.31382102
0.17498145 -0.02997934 -0.16109996
0.03566620 -0.12174036 -0.37441337
0.17360100 -0.05862577 -0.43709123
-0.12790552 -0.10836501 0.30786663
-0.07943127 0.03564914 -0.20317659
0.03488350 -0.11997479 -0.41059741
-0.16815278 -0.01659568 -0.08734114
-0.16926599 -0.07535935 0.13978618
-0.16140765 0.01308386 0.30220258
0.14652838 -0.13157675 0.30280519
0.01105149 -0.10206699 -0.05688127
-0.17114952 0.10420381 -0.00844614
-0.17616883 0.10282751 0.30979648
-0.16964070 -0.04586183 0.21314345
0.11511237 0.00420161 0.13200293
0.03652313 0.04407276 0.34259671
-0.17098017 0.10784498 0.21956718
0.11908838 0.01882948 -0.07801262
0.14254412 -0.12545566 -0.13534802
-0.07368438 0.11531638 -0.43148005
-0.10696672 0.10190030 -0.33126161
0.17419839 -0.12498096 0.30003890
0.01772056 0.01679781 0.33014968
-0.09189981 -0.12764263 -0.16766948
0.16375944 -0.01603452 0.44117936
-0.07423561 -0.04697340 -0.06328355
0.02804030 0.09001062 -0.40185642
-0.08438807 0.01364348 -0.36101562
0.11485603 0.04468148 -0.44041196
-0.09467743 -0.01778466 -0.08953840
-0.01015108 -0.02614312 0.34440649
-0.16878083 -0.10167222 0.41998228
-0.16825123 -0.04591376 -0.18218677
0.15790080 -0.13266760 0.44065741
0.05432363 -0.12485566 -0.30304882
-0.06376787 0.12100563 0.05093854
0.06849390 0.04312287 -0.43900961
-0.00618891 -0.00072234 -0.17425556
-0.07164627 -0.04476720 -0.07398474
-0.16909370 0.05294126 -0.28334880
0.10705827 0.05258617 0.44252950
-0.12010616 0.00531919 0.05218632
-0.14532542 -0.02981663 0.18006155
-0.16976851 -0.11153790 -0.27962103
0.09687786 0.02130996 -0.09071259
-0.10243066 0.01654164 0.18786761
0.08128756 0.03419876 -0.43839777
-0.07640611 0.00556555 0.35907683
-0.04147141 0.00227024 0.31362259
-0.07745394 -0.12581939 -0.37816957
-0.07426135 0.11980802 -0.07925663
0.15962827 -0.12016446 -0.09682091
-0.03620328 -0.12545000 -0.24224615
0.05375997 -0.12073146 0.32167557
0.15318844 0.02253566 -0.07701300
0.06214732 0.01394943 -0.20522436
-0.08612076 0.02251181 0.06129730
-0.07445459 -0.12259605 -0.03530449
0.11261927 -0.05531354 -0.44262549
0.04306328 -0.12650101 0.34926504
0.07149389 -0.12571777 0.08388530
-0.17221975 -0.04369348 0.14749205
0.16134995 -0.12074529 -0.28675628
0.16655850 -0.11865101 0.12495605
-0.03896435 0.01710573 -0.01621951
0.09229654 -0.12262317 -0.43569407
-0.05423837 -0.05776845 -0.40185168
-0.03168584 -0.12334327 -0.11876243
-0.17620905 0.14525087 0.41436961
-0.17263445 0.08495383 0.24044530
-0.17018411 0.04597459 -0.38906199
0.04858302 -0.10356572 0.02445703
-0.09093202 -0.12066026 -0.01438745
0.03989242 0.07437938 -0.44208911
-0.17141043 0.12069395 0.25303543
-0.08664212 0.11737986 0.05273390
0.07583414 -0.12780692 0.05262064
0.16551673 -0.06747908 -0.12202931
0.16995285 -0.10599042 0.20487849
0.07994442 -0.12220199 -0.37274590
-0.17140673 0.10760549 0.21711156
0.10766575 0.00232893 0.33670714
0.01695983 0.08319974 -0.43995452
-0.17183776 0.11794671 0.38321239
0.15548211 -0.13662246 -0.41068307
-0.16880861 0.05426463 -0.22598669
-0.11030719 -0.04046570 0.29763293
0.16138804 0.01023298 0.34668562
-0.02209385 0.01332733 0.01315039
-0.04242514 0.01549313 -0.36833578
-0.16992006 -0.01633601 -0.36948976
0.17261022 -0.11266602 -0.20352945
0.17273301 -0.00047571 -0.33625847
-0.03090857 0.08539235 0.39470851
-0.17029911 0.01102449 0.13713112
-0.09324879 -0.04654609 0.35202134
-0.09984793 -0.13313389 0.02656382
-0.01920934 -0.02787209 0.36535114
-0.16512166 0.14442070 -0.40547985
0.16866329 -0.11889333 -0.21984360
-0.10906933 -0.12671122 -0.43100461
0.17131327 -0.12010993 0.05340885
0.17359036 -0.03830960 -0.22442105
-0.08898242 0.03055886 -0.43962407
-0.00481608 -0.00471927 0.15777719
0.15084265 -0.04633386 0.05005189
-0.17033432 0.03478187 0.33748806
-0.17429945 0.10590922 0.42503384
0.14202151 -0.04537635 0.11417305
-0.08215691 0.12375578 0.38496509
-0.17181437 0.11344511 0.07062770
0.16987908 0.01463149 -0.32744917
-0.17311075 0.09833238 0.14825001
-0.10046112 0.04055707 -0.09192836
-0.17258207 -0.09872240 0.42128661
-0.06715313 -0.11982708 0.18470424
-0.09523960 0.06931147 0.44064060
0.17504616 -0.02196492 0.37603226
-0.09348416 -0.12341379 -0.13757376
-0.15350141 -0.12139041 0.27402541
0.04341052 0.02813944 0.36025420
-0.10938789 0.14284398 0.34355181
-0.16676815 -0.01359468 0.09965183
-0.01532300 -0.12389714 0.29406524
-0.08592451 0.12435657 0.10317129
0.04576592 0.09983733 -0.43867448
-0.04435679 -0.12153326 0.03630960
-0.09279794 -0.06399711 -0.44222617
-0.05389804 -0.12861045 0.41501963
-0.15917931 -0.12084681 0.35875243
-0.06421894 0.07925945 -0.31798986
-0.10220933 -0.03424125 0.43971178
0.02617923 -0.12649366 0.07535543
0.05095363 -0.01913420 -0.44271380
-0.16868776 0.06796132 0.07875907
-0.08379346 0.12724994 -0.00250473
0.10404591 0.00950682 0.34947425
-0.13984208 0.15009841 -0.36014745
-0.17098287 0.10293236 0.05830840
-0.16927926 -0.01376389 0.38336402
-0.11911234 -0.12525745 -0.21969296
-0.06227319 0.01866319 -0.24479298
-0.08599436 0.11983217 -0.36501271
0.13370961 0.01926778 -0.06507918
0.17401333 -0.05399520 -0.25795093
-0.16222553 -0.01426869 0.43636853
-0.17420270 0.12589057 0.28453910
0.02502503 0.00337309 -0.06868364
-0.16976742 -0.11151692 -0.20110777
-0.09916084 -0.00912014 0.02338963
-0.06885986 0.11922102 -0.36559296
-0.11052528 0.10162388 0.22845495
-0.09629880 -0.13128087 0.10606633
-0.01910560 -0.12034089 -0.13749510
0.12905565 0.01058211 0.35575986
-0.15066679 -0.09949194 0.09598784
0.01261316 -0.11632619 0.10684439
-0.16832447 -0.10840452 -0.12624416
0.03718878 -0.12189338 0.22888875
0.14531311 -0.12384545 0.10120100
-0.15713850 0.05811432 0.15992388
-0.10847355 0.00393482 0.25714326
0.08517900 -0.12414140 -0.38516212
0.16630070 0.01103790 -0.06451032
-0.17450289 0.11989895 -0.10060715
-0.02247316 -0.12706457 0.17192680
-0.04827702 0.03502491 0.44058597
-0.05125267 -0.12428571 0.22460265
0.06242342 -0.12097760 0.33971089
-0.04807697 0.00843980 -0.23695278
-0.16967836 0.14367211 0.04286992
0.06211020 -0.01421026 0.39884174
0.17304438 -0.01799785 0.04614526
0.00167224 -0.09949956 -0.44411436
-0.16694877 -0.12397848 0.35677728
-0.03451912 -0.04733669 -0.10665701
-0.13546824 -0.12918752 0.13309443
-0.17135753 0.10076641 0.44096684
0.05548493 -0.02695222 -0.09962637
-0.17131478 -0.10893539 0.35174209
0.11973710 -0.00463639 0.31936377
0.11403088 0.00899133 -0.27291527
0.16070756 -0.12103179 -0.35860458
-0.08205596 -0.02635857 -0.04818519
0.11427544 -0.11652344 0.01750207
0.17482503 -0.12000385 0.33710384
-0.04527602 0.00364540 0.14177446
-0.16898309 0.04411413 -0.01267630
0.02827635 -0.12734665 0.00877079
-0.07751227 0.10106450 -0.10679692
-0.17279811 -0.10974842 -0.01868555
0.08554070 0.07667781 0.41057491
-0.14786330 -0.01330588 -0.44215009
0.14801967 0.03296786 0.44380361
-0.17118531 0.08907323 -0.34960777
-0.11311007 0.13640246 -0.34225354
0.14072412 0.03856871 0.15526928
-0.09480729 -0.13035125 -0.05356505
-0.04221100 -0.12841602 0.36272448
-0.17406784 0.11475540 -0.02962920
0.11833365 -0.04036174 -0.44048911
0.07731201 -0.12486764 0.01633141
0.05845794 0.00798137 0.14187205
0.02127362 -0.12484127 0.13014872
0.17149249 -0.10860080 0.28207701
-0.09667305 -0.01016644 -0.01582447
-0.16886526 0.14280947 0.38493606
-0.17088489 0.06915940 0.35654363
-0.16392756 -0.12655920 0.36414269
-0.13977660 0.14613836 0.23812999
-0.07473747 -0.12063374 -0.26230246
-0.16305095 -0.09781516 0.06065795
-0.10780447 0.14181671 0.25037271
0.10177063 0.00569083 -0.26944599
-0.11053242 0.03983861 -0.30372578
0.13222404 0.02443690 -0.28273135
0.17150247 -0.04194423 0.08873317
-0.09759654 0.14294730 -0.28637516
-0.09544899 0.08614379 -0.23995636
-0.17201903 0.05332114 0.08495589
0.04625020 0.09069365 0.44037235
-0.17338732 0.13113958 -0.32468125
-0.16157566 0.14727418 -0.34496322
-0.01186525 0.01298968 0.30195454
-0.16767184 -0.12132268 -0.39861089
-0.07776538 0.07507603 -0.20786281
-0.16819201 -0.11959785 0.21371433
-0.12993740 0.00495690 -0.06124669
0.09168098 -0.12479018 -0.23624261
-0.16141179 -0.12416127 -0.18275379
-0.15045705 -0.02490639 -0.32500103
0.10794507 0.01378590 -0.01297141
-0.16910574 -0.09970555 -0.28186432
0.07264471 -0.12227815 -0.29307911
-0.09790321 0.14161095 -0.24445397
-0.14291114 -0.03873717 0.10272299
0.07148934 -0.12230566 0.16025148
-0.09944694 0.11251089 -0.00045014
-0.09627783 0.08848865 -0.25735581
-0.09381364 0.01582036 0.39250961
-0.08436856 -0.13081916 0.42507675
0.06734850 -0.06536907 -0.32696244
-0.16998555 -0.03911158 0.16576840
-0.10226157 0.13081707 -0.16518310
-0.03453673 0.01244579 -0.08465824
-0.08087628 0.08778490 -0.30957463
-0.10602646 -0.10564747 0.07759379
-0.16190398 0.14465392 0.15693453
-0.07074138 -0.12743874 -0.25423366
-0.17148276 0.06584528 -0.07055179
-0.11781193 -0.08336432 -0.38972986
0.16911590 -0.11257210 0.34890473
-0.17096791 -0.11092615 -0.25915879
-0.16049024 -0.12656978 -0.31610745
0.12071093 -0.03437209 -0.16334951
-0.17146072 0.13730666 -0.25031310
0.00619609 -0.09679621 0.00153147
-0.16926631 0.13125196 -0.40103483
0.12855971 -0.05241411 -0.10373837
0.03131227 -0.12430507 -0.20784763
-0.17291880 0.11427999 -0.01942071
-0.07670299 -0.12535103 0.09543032
-0.11657611 -0.12944961 0.36838430
0.03152509 -0.06789515 0.39139047
-0.10103510 0.14652844 -0.30575618
0.08987664 -0.11852450 -0.02705652
-0.12567674 0.14663060 -0.09926721
0.10042699 0.01124441 0.25645626
0.09643281 -0.10244353 -0.44330832
-0.09570485 0.02864744 -0.33751440
-0.06902590 -0.02617232 0.24257345
-0.16624182 -0.02724078 0.07772053
-0.10712951 -0.03313367 0.22328348
0.03665642 -0.04818561 0.44413298
0.14292102 -0.12778319 0.33250719
0.16974550 0.00451088 -0.19072822
-0.16975497 -0.04072538 -0.24978776
-0.16679949 -0.07080951 0.14893606
0.13862334 0.10113282 -0.36992472
-0.06645919 -0.12510897 0.10879061
-0.17117302 -0.06371789 0.29248968
-0.16927016 -0.02453306 0.02611798
-0.16861567 -0.00142751 -0.22394061
-0.12261640 0.00055899 0.30601537
-0.07969043 0.07755681 -0.39309445
0.10433342 -0.12464438 -0.05323103
-0.16708019 0.04759790 0.19383173
0.17029005 -0.03808767 -0.07313752
0.02426348 -0.12936462 -0.38473967
0.14422773 -0.02311576 0.32308352
0.07944371 0.07290929 -0.40227693
-0.12866382 0.14670843 -0.28690404
0.09287387 0.01751477 -0.02070314
0.07860349 0.00394416 -0.04655369
0.02161933 -0.12137832 -0.16819428
-0.13254809 -0.06985182 -0.44233590
-0.15732358 -0.12420391 0.37662688
-0.10260851 -0.02800310 0.11937520
-0.09987484 -0.04041097 -0.02729103
