-0.16887268 -0.01690436 -0.34063053
0.06399035 -0.02110400 -0.26870173
-0.20580101 -0.02122876 0.30015722
0.17238048 0.05868284 -0.38100436
-0.28600520 0.02814085 -0.24688326
-0.17414990 -0.09676711 -0.30084267
-0.29479772 0.00813841 0.25385922
-0.22368395 -0.09421512 0.37946197
-0.27820340 0.06878033 -0.19228372
0.02135203 -0.02434442 -0.23369491
-0.15744390 -0.06850848 0.20827468
-0.13350430 -0.09159312 -0.27100831
-0.22013585 -0.02856512 -0.24732670
-0.29248941 -0.08293089 0.37103599
-0.16343808 -0.00850067 0.38760540
-0.13258436 -0.09795896 0.37829113
-0.28024018 0.07102903 -0.08269756
-0.29595700 0.01974013 -0.24084671
0.13370305 -0.10144009 -0.25153890
-0.34763822 -0.06505777 -0.17970903
-0.28790146 -0.05136584 -0.11913334
-0.24506098 0.01448074 -0.03731782
-0.28817621 -0.06969596 -0.15810606
-0.29475257 -0.04101762 -0.24460305
-0.29174006 -0.04900043 0.07587722
-0.16012104 -0.04959532 0.39057887
-0.27971056 -0.03010702 -0.36823007
0.03760338 0.03065807 -0.33937597
-0.27967685 0.01760764 -0.03339447
0.10110604 0.01686459 -0.38540876
0.27518272 -0.06299828 -0.26224643
0.29377368 -0.09664303 -0.27726334
-0.06253532 -0.09620784 -0.24263258
-0.13834855 -0.09427372 -0.14175859
-0.20384611 -0.09672878 0.12795825
-0.20506036 -0.09762948 0.16521162
-0.18396480 0.00267347 -0.13195218
-0.11039767 -0.07978032 -0.37324637
-0.27608564 0.03629998 0.28907233
0.02428500 0.00597282 -0.37636998
-0.28638062 0.06918398 -0.00836368
-0.28600797 0.07836612 -0.05776439
-0.28984180 -0.03235331 -0.31260496
-0.13804913 -0.03614492 0.33531210
0.13161913 -0.05872630 -0.21826193
0.19774222 0.03704590 -0.37438431
-0.20624855 -0.09725330 -0.15814517
-0.16233468 -0.09219943 0.22228193
-0.25275317 0.02990796 0.01204393
0.06555413 -0.03952324 -0.34476465
-0.13924448 -0.11043942 0.10005116
0.04361442 -0.10220192 -0.38648841
-0.15132442 -0.03501446 0.35777605
-0.22097440 -0.00990346 -0.08409825
-0.06790632 -0.07838968 -0.38543665
0.02588349 0.06719065 -0.38483906
-0.27526632 -0.08882743 -0.02825259
-0.07827583 0.07157737 -0.36229095
-0.28244150 -0.08928299 -0.00097964
-0.12475278 -0.02593199 -0.28316072
0.26482359 0.01813545 -0.41315153
-0.13124329 -0.05205852 0.14547616
-0.09129570 -0.03640486 -0.27174634
0.17160755 -0.04951226 -0.24450868
0.21883136 -0.01954199 -0.37478817
-0.11640608 -0.09414782 -0.38373867
-0.22437887 -0.01349048 -0.35363734
0.28464052 -0.04479422 -0.21843883
-0.05133495 0.05620983 -0.38420850
-0.26058626 0.05955173 0.03093521
-0.02571085 -0.03829206 -0.25222325
-0.30899850 0.00794543 0.22503752
-0.05766274 0.05970164 -0.38420209
-0.19056937 0.00841369 -0.34081942
-0.16496928 -0.06436880 -0.26336867
-0.28340021 -0.05927274 0.27129537
-0.14149694 -0.07259462 0.19359836
-0.25320113 0.02572462 0.20887752
-0.02834496 -0.00800711 -0.34520584
-0.16897687 -0.07378775 0.12383930
-0.13836363 -0.09485810 -0.34892562
-0.29121047 -0.00142028 -0.17820305
-0.27069569 -0.09138525 0.14620158
-0.17208055 -0.01227262 -0.09356106
-0.19785377 -0.05285779 0.20471114
-0.31793666 0.03224754 -0.08343609
-0.26789188 0.04124276 -0.21981534
-0.03800761 -0.02426453 -0.31343603
-0.34442636 -0.09274770 -0.22812927
0.08290292 -0.05108325 -0.23666532
-0.16762491 -0.05683881 0.37636986
-0.23471466 -0.07933153 -0.05398697
-0.29342994 -0.07547508 0.24950445
0.05917891 0.05693818 -0.38584387
-0.09841019 -0.01936271 -0.34749663
-0.14763100 -0.05803040 0.30791402
-0.29549333 0.02778010 -0.32661042
0.03722595 0.07484635 -0.36216503
-0.28478616 -0.09169191 0.29065922
-0.16627000 -0.08302645 0.03794583
-0.20714530 -0.00476020 -0.32362798
-0.18406999 -0.09115705 0.07387833
-0.18937013 -0.05057143 0.15089148
-0.21124011 -0.05685036 -0.03354326
-0.18939236 -0.03959944 -0.24178371
-0.23382097 -0.00292728 -0.17449895
-0.29029056 -0.07384007 0.33329046
-0.10302840 -0.03044519 -0.25110996
-0.29803741 -0.09065150 0.27865589
-0.18992162 -0.09705552 -0.32290041
-0.16376393 -0.03159179 0.16179204
-0.19668338 -0.01942214 0.05274663
-0.29137677 -0.04588389 -0.26069126
-0.24687386 -0.09824330 -0.30190265
0.25833166 -0.10419551 -0.39359802
-0.28530189 -0.02084161 0.12474027
0.22497550 -0.00913036 -0.39357692
-0.12744305 -0.01855375 -0.15500471
0.29240212 -0.10234064 -0.22656231
-0.24593335 0.00618691 0.18465008
-0.25124168 0.06544630 -0.35962892
-0.26458183 -0.04746711 0.25517309
0.24398537 -0.09447153 -0.32561952
0.09408130 -0.10092944 -0.34857491
0.28789142 -0.10868036 -0.31464690
0.17934549 -0.04975063 -0.29279473
-0.25085431 0.06229111 0.18898453
-0.14009370 -0.09826539 0.34535590
-0.15755612 -0.06166767 -0.15022907
0.08033568 -0.08174733 -0.38229123
-0.28331894 0.01694400 -0.34191704
-0.29361314 -0.04652104 0.30435747
0.21224833 -0.04984387 -0.40129107
-0.23841286 -0.08281881 0.28635800
0.29527140 -0.10443595 -0.22859161
-0.20727250 -0.06589176 -0.00359851
-0.27815655 -0.00505568 -0.17159761
0.04058504 -0.00610174 -0.23508832
-0.15420000 -0.08652536 0.01246025
0.02622123 -0.08532055 -0.34493902
-0.26579058 -0.09068970 -0.26464131
-0.27744284 0.00091443 0.03589629
0.26372391 -0.02075025 -0.23915376
-0.27693880 0.04601880 -0.35167712
-0.25553215 -0.05353685 0.38549206
0.01353064 -0.02801044 -0.30105394
-0.22817981 0.05196290 -0.26906386
-0.31443903 -0.07681367 -0.22087851
-0.20848438 -0.09443937 -0.37182230
-0.16832705 -0.05007561 0.21688236
-0.17323501 -0.07691642 -0.20260426
-0.29964843 0.04901972 0.14432649
0.08229244 -0.04658864 -0.35299534
-0.29587170 -0.03425989 -0.00196673
-0.17903845 -0.08961307 0.35426593
-0.18507642 -0.05503989 -0.01848995
-0.28045136 0.00312227 -0.15528414
0.08589737 -0.10702523 -0.28958026
-0.29222992 0.04374096 -0.00073986
-0.28803301 -0.05682372 -0.27817687
-0.16655058 -0.02579586 -0.37193903
-0.17950690 -0.09896743 0.12489913
-0.27955434 0.05762498 -0.10158894
0.00069341 -0.06891529 -0.20376486
-0.28484797 -0.04388719 -0.21424465
-0.09042308 -0.02876420 -0.36012161
-0.19722624 -0.09696317 0.09114106
0.01001490 -0.06491068 -0.36949268
0.12528098 -0.09206577 -0.40284520
-0.24520141 -0.09646048 -0.12874873
0.04774186 0.01683092 -0.38832393
-0.21472766 -0.03354956 -0.00451337
-0.27697352 0.03981751 -0.12955719
-0.29417533 -0.04778775 0.15766662
-0.23038909 -0.04706161 0.34444880
-0.28947350 -0.07541442 0.29535741
-0.29614851 0.03117685 0.05609095
0.21041900 -0.00211327 -0.38516134
-0.27608350 0.06236858 -0.29483849
-0.21979980 -0.02560353 -0.12730668
-0.24700145 -0.08888129 -0.36570469
0.07599644 -0.03375241 -0.39330384
0.14840800 -0.03193062 -0.39377731
-0.28213042 0.05845331 0.32931668
0.28817338 -0.10964657 -0.31531915
-0.22493334 -0.02436630 -0.29007152
-0.29125050 -0.06789051 -0.00871215
-0.01217462 0.05926263 -0.38934201
-0.23761278 -0.07642900 -0.03235750
-0.29784942 -0.01598288 0.02051372
-0.14337890 -0.06044202 -0.37877685
-0.19028808 0.04116183 -0.35193062
-0.26765504 -0.00556446 0.05349348
-0.15272567 -0.06287652 -0.12880845
-0.29483533 -0.07182916 0.22892585
-0.28699777 0.05215504 0.19964749
-0.25339827 -0.03884313 -0.21272103
-0.21772592 0.07119490 -0.35688749
-0.29332155 -0.05041546 -0.30240437
-0.15675443 0.05062073 -0.33291996
-0.04842184 -0.01546416 -0.36580065
-0.18000591 -0.00928884 0.04607352
-0.22451423 -0.04657996 -0.37668562
-0.30082381 0.02962563 0.15050741
0.04808471 -0.01001464 -0.33054212
-0.30586159 -0.03460744 0.16867822
-0.24195433 -0.03981827 0.00674813
-0.01632746 -0.07509276 -0.31462854
-0.28485537 -0.00529601 0.13718174
0.15835354 -0.10581027 -0.25073528
-0.27049428 -0.00267199 0.09484160
-0.26772788 -0.10231327 -0.07570980
-0.28913775 0.06688891 0.09249146
-0.28833631 0.02296103 -0.25962475
-0.14688338 -0.09529868 -0.26104951
-0.34543785 -0.05593802 -0.14647427
-0.04846578 -0.09418497 -0.23521399
-0.23606381 -0.01430548 -0.05494098
0.09240367 0.06114808 -0.36580220
-0.26772225 -0.01768458 -0.08860712
-0.19165693 -0.09133720 0.11277132
0.29962572 -0.04875647 -0.38099796
0.29275534 -0.09084609 -0.20919400
0.05778710 0.00138915 -0.37273937
-0.10601912 -0.03334836 -0.33118075
-0.28472430 0.05660019 -0.13030525
-0.31610247 -0.00815900 0.08047496
-0.25678504 -0.01181448 -0.17113689
-0.28457999 0.02795641 0.00439742
-0.22532648 -0.02866673 0.32550064
-0.30903712 0.00084256 -0.22773719
-0.18952848 -0.06435779 0.02443254
-0.15023273 -0.08925375 -0.26089606
-0.29160255 -0.06500402 0.28926194
-0.21183170 -0.06615303 0.08810446
-0.05727594 0.01824342 -0.39050972
0.29327309 -0.08531760 -0.38868037
0.04333802 -0.00556749 -0.23727788
-0.05428226 0.00809753 -0.36720350
-0.28690574 0.04897888 -0.07238404
-0.24441735 -0.00793854 0.02046373
-0.16977111 -0.03385946 0.05783176
-0.29370746 0.06034003 0.00469164
-0.19202286 -0.02807739 -0.22473395
-0.22810929 -0.01870928 0.20738722
-0.10897917 0.05615315 -0.36795801
0.22241153 -0.09824748 -0.22112523
-0.21861060 0.01411089 -0.34258157
-0.30173603 -0.02260975 0.00061176
-0.15110892 -0.09215015 -0.19774118
-0.24392499 -0.04806149 0.19004798
0.28527021 -0.01106702 -0.31107113
0.01713223 -0.04895876 -0.37162516
0.14384952 0.02811546 -0.35522044
-0.06906964 -0.04297529 -0.36551028
-0.20184223 -0.07688349 -0.38804853
-0.29389086 -0.05206781 0.09545414
-0.16147757 -0.09448853 -0.08043338
-0.04183635 -0.01664124 -0.40019935
0.03855866 -0.05378027 -0.28130177
0.14946333 0.07296716 -0.36101344
-0.22597474 -0.04769180 0.30906349
-0.28932223 -0.08189554 0.24263668
-0.24634312 -0.06255241 0.08857909
-0.07307256 0.02120811 -0.38065010
-0.00127734 -0.09792718 -0.36825413
0.25207436 -0.01880698 -0.36073712
0.22636139 -0.09467623 -0.21437708
-0.28455257 -0.01627573 0.02888075
-0.18538672 -0.08104350 -0.28890494
-0.31438982 -0.03311837 -0.14618745
0.17177112 -0.04237091 -0.40058693
-0.00875277 -0.04454324 -0.20998652
-0.26801622 -0.09726121 -0.04816706
-0.27785137 -0.08774252 0.07311563
0.02855997 -0.06039362 -0.31699967
-0.17978890 -0.04920232 0.05364703
-0.22578427 0.04657891 -0.35146394
0.02558624 -0.06865016 -0.26772749
-0.28103167 0.05535026 0.30946892
-0.27572289 0.05837846 -0.29455999
0.25466931 -0.09158126 -0.29387659
0.03720644 -0.04977544 -0.26229417
-0.28618857 -0.06712677 -0.33759385
0.13556375 -0.05407393 -0.33311820
0.04187322 0.06786327 -0.35636243
-0.26191854 0.04254395 0.06437946
-0.30010942 -0.07211936 -0.16753256
-0.27420598 0.00291681 0.26950061
0.11704983 -0.05014288 -0.35324708
-0.21988371 -0.05674194 0.26347715
0.14986597 -0.07946723 -0.37808573
0.27660784 -0.00570940 -0.30119306
-0.32133362 0.03223557 -0.21983117
-0.26909471 0.07942971 0.00789668
-0.32389638 -0.08043359 -0.02434799
-0.22795232 -0.01412351 -0.00568899
-0.28128710 -0.09044010 0.29573357
-0.23265430 -0.02940905 0.22144584
-0.28035155 0.05454149 -0.23058328
-0.19274803 -0.05943677 -0.15464461
-0.00203243 -0.10080292 -0.34668863
-0.27896887 -0.01308141 0.29056913
0.28882483 -0.10272787 -0.39135307
-0.29776683 -0.01902882 -0.00958039
0.04619927 -0.01228891 -0.31797144
0.04893895 0.01300215 -0.39661235
-0.25793833 0.04070034 0.00288601
-0.15227336 -0.06966148 0.31192058
0.16756324 -0.08925420 -0.28510094
-0.13777450 0.00292953 0.35569394
-0.29169500 -0.00828581 -0.14213364
0.21563622 -0.02856084 -0.26537097
0.18456782 -0.02407161 -0.23139960
-0.29661942 -0.08303417 0.26210886
0.29133007 -0.07677132 -0.37887678
-0.28379458 -0.04278625 -0.20374209
0.14159632 -0.06197122 -0.32064712
-0.30377778 -0.04373673 0.12559910
-0.26684016 0.00488052 0.23189104
-0.16820513 -0.07474484 0.19432354
-0.14813170 -0.08365765 0.32095379
-0.23675260 -0.00594923 -0.35281754
-0.20168638 -0.09371574 -0.15348603
-0.14125744 0.03602967 -0.39909342
-0.28261191 0.07168331 -0.03358594
0.14700550 -0.02138014 -0.37717518
-0.20396890 -0.02175922 -0.28118718
0.09672616 0.06298816 -0.35051855
0.30887622 -0.06863046 -0.27168906
-0.26347187 -0.01055742 -0.02978821
-0.12072590 -0.06255879 0.13126455
0.19055675 0.00507571 -0.33503443
-0.22045296 -0.09931956 0.36579120
-0.19228995 -0.02841998 -0.07206005
-0.26430434 -0.01847059 0.38494003
-0.14853048 -0.09861697 0.20706096
-0.22979696 -0.09872393 0.14850283
-0.03981097 -0.06243341 -0.21038511
-0.06210994 -0.02962052 -0.25259364
-0.00685045 -0.10061292 -0.30063844
-0.25979102 -0.05706521 -0.18976542
-0.07725646 -0.00952952 -0.29660231
-0.14888823 -0.09471051 -0.15047568
-0.27898335 0.02375629 0.27747124
-0.11026741 -0.09193427 -0.36699224
0.10423674 -0.05196229 -0.33367330
0.06773345 -0.04570338 -0.25934717
-0.20599803 -0.08664960 -0.02461955
0.11904183 -0.03048431 -0.30911109
-0.25666976 -0.00170800 -0.08506666
-0.26227531 -0.09408845 0.10051700
-0.29249582 0.00849455 -0.33092546
-0.03941430 -0.02160065 -0.36112562
-0.29483628 -0.03145049 0.21661875
-0.23259328 -0.02466144 -0.03514538
-0.07438260 -0.05038230 -0.33334637
-0.16934699 -0.00515233 0.31788436
-0.20831400 -0.06168084 0.38451466
-0.30812165 -0.02675794 0.20523001
0.11430199 -0.07471927 -0.33120662
-0.29317135 -0.09273127 0.20646243
-0.20449775 -0.04788766 -0.00418444
0.30766210 -0.07110944 -0.37552702
-0.27913627 -0.03451438 0.34634781
-0.28168571 -0.09813742 -0.24494454
0.18635306 -0.00211456 -0.39634496
-0.17287146 -0.03081899 -0.31473944
0.29567644 -0.02409579 -0.30458242
0.05557205 -0.09114192 -0.21455866
-0.27003458 -0.01397851 -0.17012095
-0.16415384 -0.05484891 0.19012809
0.20203094 -0.09277643 -0.33397529
-0.16628158 -0.08952894 -0.19274117
-0.31480768 -0.07959331 -0.24827397
0.29102913 -0.06428899 -0.38090649
-0.20338731 -0.05190501 -0.26453260
-0.20955738 0.00535888 -0.33768341
-0.20943759 -0.03736605 0.34896520
0.04088333 0.02097531 -0.39625353
0.06341354 -0.09881627 -0.35085687
-0.15315664 -0.08136541 -0.25260365
-0.17205131 -0.03831223 0.18363248
0.08628750 -0.10817130 -0.26691687
-0.26349264 0.05456107 0.11668372
0.10579528 -0.00795150 -0.37959772
-0.28676239 -0.01950684 -0.34870234
-0.04724695 -0.00912417 -0.34259182
-0.15555403 -0.04561200 -0.17637113
0.09812566 0.03183673 -0.38950253
-0.29200891 -0.03210863 -0.14297993
-0.11135893 -0.01256301 -0.27575433
-0.15704501 0.00637590 0.35412583
-0.07190583 -0.09455478 -0.26716864
0.12410122 -0.07287349 -0.34429857
-0.24680483 -0.01713183 -0.15580459
-0.21329647 -0.10154364 0.01540161
0.07172542 0.01395738 -0.39623412
-0.07637307 -0.08335897 -0.38502949
-0.30262390 -0.02284926 -0.03154887
-0.20852627 -0.07533427 -0.26746657
-0.34486639 -0.05436196 -0.21804005
0.27591303 0.00597264 -0.35318640
-0.26887283 0.07789138 0.03841790
-0.29112577 -0.04486182 -0.35030621
-0.25663292 0.06404166 -0.14876416
0.26803818 -0.02471492 -0.37872973
-0.23859128 -0.01361713 0.05492796
-0.10916685 -0.07001863 -0.35624459
-0.24205123 -0.08233506 0.26542348
-0.26203877 -0.02667082 -0.05464008
-0.04442094 -0.09640822 -0.33950949
-0.28504086 0.05649357 -0.20934786
-0.08861092 -0.00684663 -0.31877205
-0.22037090 -0.04765217 -0.35409561
0.29060578 -0.00779683 -0.32122591
-0.28808761 -0.07282121 -0.07352826
-0.25417143 0.05519044 -0.32849634
-0.27825567 -0.01259688 0.15142360
-0.32209149 -0.09036820 -0.04868492
-0.14873748 -0.05597279 0.39060703
-0.26045078 -0.04364489 0.20994052
0.21168017 -0.03520045 -0.34564674
0.15314135 -0.06998637 -0.39170349
-0.29150397 0.05719581 -0.03982972
0.26369578 -0.08422396 -0.27628145
-0.28879726 0.05313141 0.00079959
-0.25173208 0.04380498 -0.29470599
-0.27536187 -0.01775295 -0.03257235
0.06463174 0.00539881 -0.38229120
0.09086032 0.06162718 -0.35094130
-0.02894911 -0.03633936 -0.36609834
-0.28919831 0.03758917 -0.05030957
-0.13812913 -0.07817474 -0.26847929
-0.19380175 -0.09233218 -0.30539298
0.28910646 -0.08957040 -0.21280232
-0.29561463 0.04810586 0.13507713
-0.27976602 -0.00055883 0.12435207
-0.28501624 0.06606538 -0.04055201
0.06873924 0.06354178 -0.38648158
-0.28919518 -0.05069708 -0.23047279
0.03767902 -0.04368024 -0.27663335
-0.28715113 -0.07887711 0.32605624
-0.16453120 -0.01103079 0.33367145
-0.21193057 0.02858033 -0.09850626
-0.28188050 -0.00008555 0.12106453
0.04582475 -0.01298399 -0.37164137
-0.14068979 -0.03635214 -0.00032779
-0.26790509 0.07520425 -0.06039589
-0.29841775 -0.09614329 0.06298888
-0.21905796 -0.03040431 -0.30708241
-0.28337118 -0.07715390 0.23057117
0.10105591 -0.05517060 -0.26309022
0.05887408 -0.07170390 -0.27579838
0.04502483 0.01350793 -0.34028423
-0.22916013 -0.07557441 0.32211217
-0.21691823 -0.08585899 0.34032831
-0.28617582 -0.06260212 -0.22761971
0.04709928 -0.06851632 -0.38983077
-0.31358165 0.03087663 0.07964788
0.19813174 0.05788496 -0.36236659
-0.27657017 0.00809696 0.24534306
-0.28997827 -0.00290089 0.30757245
0.12078843 -0.04205685 -0.26131824
-0.17672372 -0.01152458 -0.13552921
-0.19564117 -0.04598840 -0.00504727
-0.29545116 -0.02993070 0.16727082
0.09539861 -0.04508715 -0.38654092
-0.22451460 -0.09892311 -0.19901295
0.09364214 -0.08968197 -0.23574170
-0.16035315 -0.09284002 -0.18093506
0.13540134 0.00663759 -0.38622147
-0.17224611 -0.07251979 0.29516679
0.05287308 -0.05544667 -0.37239152
0.24659920 -0.02568916 -0.26275346
-0.26017380 -0.02024205 0.32225487
-0.22484812 -0.05658314 0.38638794
-0.20386793 0.00928836 -0.13834633
-0.12523209 -0.09313438 0.29778609
-0.24560770 -0.05274848 -0.33085367
0.25338587 -0.02150294 -0.29081628
0.31269217 -0.06586548 -0.25325403
-0.29020652 0.05036545 -0.10416558
-0.14176194 -0.02298158 -0.25041407
-0.27718434 -0.04603454 0.06262012
-0.14714919 0.00162452 -0.36159694
-0.23374388 -0.00659400 -0.27492046
0.28995755 -0.08463238 -0.27808490
-0.32660586 -0.07132523 -0.03103986
-0.24128042 -0.06399514 0.05720916
-0.20679371 -0.08765858 0.29811233
-0.29480347 -0.05552536 0.31665596
0.14770630 -0.09452719 -0.37137845
0.18751290 -0.00208173 -0.39219606
-0.21792404 -0.09134440 0.32757455
-0.17775019 -0.01694342 0.34738368
-0.17769684 -0.09298988 0.19609028
-0.24861118 0.04058539 -0.05060032
-0.26437145 0.07845929 -0.06138971
0.15120849 0.06579849 -0.36508057
-0.18667412 -0.04617637 -0.07020857
-0.17758989 -0.03775862 0.14127983
-0.30698738 -0.00480788 -0.24698453
-0.02880635 0.04082089 -0.38962755
-0.20652142 -0.09968046 0.13248383
0.19931471 -0.05055047 -0.25926548
0.25299346 -0.09453651 -0.24888866
0.01046578 0.02934127 -0.39381981
0.18851399 0.05031532 -0.38230371
-0.24727978 0.06273607 0.24764869
-0.18760663 -0.09337564 0.07047470
-0.24993002 0.01841805 -0.05134795
-0.21392751 -0.09484384 0.16193599
-0.31696305 -0.06804023 -0.16382566
0.18565026 -0.06485749 -0.39364401
-0.18473385 -0.07493795 0.07865723
-0.28238004 -0.08422503 -0.01846443
-0.18300359 -0.00139352 -0.19533117
-0.10261880 -0.03402771 -0.25425789
0.06021586 0.05863154 -0.35302466
-0.27912128 0.03177767 0.08820821
-0.10183907 -0.07479244 -0.19934639
0.08250742 -0.03744961 -0.34481552
0.00148486 0.02965285 -0.32880139
-0.28190970 0.04835059 -0.29007721
-0.24248868 0.00893288 0.36407697
0.10101272 -0.08960447 -0.34228775
0.29522213 -0.10849079 -0.27017039
-0.25327042 0.05657746 -0.03874890
-0.29439294 -0.08963393 -0.03337865
0.13810878 0.04268924 -0.37067997
-0.20655997 -0.05259140 -0.05480840
-0.29723519 -0.02926429 0.03771858
-0.10400483 0.01021364 -0.38019136
-0.25963575 -0.05723897 -0.35435182
0.11175732 -0.05984296 -0.28694490
-0.19009276 -0.02360839 0.08306350
0.09398231 -0.05729548 -0.24448466
-0.26553458 -0.00643360 0.03223954
-0.26400673 -0.09299295 -0.30521101
0.04448063 -0.03273295 -0.27885276
-0.15357165 -0.06670588 0.16514909
-0.27634981 0.01316836 0.30754489
-0.05503507 -0.10431702 -0.20549023
0.09297553 -0.05469457 -0.30099070
-0.26727846 0.06146172 -0.04877833
-0.09139545 -0.09177415 -0.36116272
-0.17657807 -0.04258514 -0.31527698
-0.29765680 -0.04029393 0.03812406
0.23322222 -0.09804729 -0.31368083
0.21421722 -0.07368269 -0.31990173
-0.11868958 -0.08405767 -0.36935350
0.12039232 0.05895317 -0.38946831
-0.18028310 -0.00200866 -0.14670771
-0.30069065 -0.01973115 0.21646205
-0.26005542 0.06498878 -0.24952173
0.07776774 -0.04385825 -0.28759709
-0.07785024 0.05146348 -0.34171993
0.10569821 -0.06746551 -0.29440328
-0.23119597 0.01990790 0.35086679
0.08207748 -0.02138074 -0.27796033
-0.10136192 -0.09454130 0.28457505
-0.25787616 -0.04694787 0.14488290
-0.09727640 -0.02679577 -0.39001840
-0.25574410 0.06005262 -0.30839980
0.12112045 -0.06892913 -0.29300228
-0.08430591 -0.04244516 -0.33425760
0.27665490 -0.10356012 -0.39228976
0.14865202 -0.00183563 -0.30387184
-0.08010478 -0.05531335 -0.36506483
-0.26146862 0.04756877 -0.29793990
-0.29247439 0.01046073 0.05736392
-0.28652880 -0.09870275 -0.09887780
-0.29397398 -0.04499321 0.33302990
-0.16951263 -0.03133415 -0.39054593
-0.26721409 -0.09342688 0.12020238
-0.17600323 -0.05076227 -0.23321052
-0.31252256 -0.02510570 0.04198441
0.22903061 -0.09177814 -0.27200225
-0.22964136 -0.00049016 0.35843098
-0.28718394 0.01486600 0.04958429
-0.25031477 -0.10106456 -0.30025569
-0.05322374 -0.05323980 -0.22711512
0.04561758 -0.02979462 -0.38374877
-0.12357508 -0.00162183 -0.37007561
-0.27176023 -0.02073584 -0.37225154
-0.16204725 -0.03489520 -0.29816934
-0.28031430 0.06569935 -0.05123212
0.05878867 -0.06524917 -0.39023617
-0.22955407 -0.05767082 -0.17266978
-0.23120537 0.06243581 -0.33332869
-0.08755203 -0.00188374 -0.37075096
-0.17200449 0.07848880 -0.35872632
-0.29974771 -0.07919344 0.21110678
-0.23099977 -0.09287833 0.27929986
-0.26656434 -0.07084776 -0.35600746
0.26664093 -0.05893749 -0.25681138
0.21745269 -0.02702696 -0.38666534
0.20732252 -0.05235630 -0.29089335
-0.22093776 -0.03010951 0.24014094
0.13834959 -0.10359707 -0.25292957
0.10867251 -0.03960916 -0.34850353
-0.05639859 -0.04540868 -0.29771420
-0.28618488 0.04570032 -0.09363165
-0.27886283 0.03091028 0.00481865
-0.24950036 -0.10256737 -0.08351332
0.29029131 -0.10066277 -0.39075011
0.25929284 -0.05404193 -0.19656421
-0.04913386 0.04921752 -0.34354779
-0.28905001 0.00396394 -0.30492231
-0.25905016 0.03759538 0.12883297
-0.20308484 -0.03796533 -0.26465547
-0.07071450 0.00461467 -0.34826463
0.25213173 0.01305541 -0.41207609
-0.25943255 -0.09165635 -0.16590504
0.04813579 0.03018211 -0.38594696
-0.25296420 -0.04618486 0.33393931
0.24331860 -0.04906696 -0.25831166
0.18739967 -0.02368735 -0.28538743
0.16651325 -0.07938129 -0.38816378
-0.17720188 -0.05569662 -0.09153815
0.04294779 -0.09886114 -0.34972778
0.01875331 0.00167056 -0.38963068
-0.22569151 -0.02201226 -0.18499896
-0.17560659 -0.06393648 0.29907969
-0.18795341 -0.01679951 0.17246836
-0.12483042 -0.05531614 -0.28745556
-0.14495088 -0.04999352 0.35221225
-0.20570892 -0.01812732 -0.26190573
-0.24250071 -0.07238119 0.36807987
-0.30044019 0.00641375 -0.07434458
-0.26653564 0.02726568 0.38398033
-0.30395925 0.06243440 0.01374943
-0.06905866 -0.04925765 -0.30875564
0.17376906 -0.09215661 -0.39055452
-0.29184920 -0.03772611 0.07607752
-0.15782052 -0.08860515 0.13350928
0.25306937 0.03441571 -0.38319656
0.14014390 -0.10263548 -0.40516105
0.28949758 -0.06474248 -0.25454485
-0.16002491 -0.06616682 0.04652809
-0.20088217 -0.09328245 0.01458175
-0.20085311 -0.02922058 -0.18894537
-0.15741821 -0.02083952 0.33272439
-0.11647563 -0.02651316 -0.33734208
-0.14681886 -0.07763016 -0.29878718
0.16571371 -0.06048839 -0.19630343
-0.16964599 0.01843437 -0.33266172
-0.28352839 -0.09238210 0.25957757
-0.29007831 -0.06632836 0.34060696
-0.01634455 -0.02550348 -0.38825756
-0.16578229 -0.05158706 -0.14504366
-0.22682196 -0.09534278 -0.12620761
-0.18256630 -0.09237418 -0.01159550
-0.26102406 0.04556848 -0.36617479
-0.13707624 0.01172388 -0.33544415
-0.27260542 0.01153313 0.02387473
-0.21098536 -0.05058911 -0.24911368
0.24462338 -0.01272889 -0.31007117
-0.16552496 -0.07280833 -0.24834421
-0.18244341 0.00051881 -0.33812314
-0.31349814 -0.02953740 0.03916435
-0.14059295 -0.09639497 0.22262353
-0.29322621 -0.01966157 0.34237760
-0.23697630 -0.02669742 0.09739614
-0.28979892 -0.06156170 0.20764509
-0.24807993 0.02138453 -0.32835582
-0.17501414 -0.09277099 -0.29929921
-0.12938942 -0.02548234 -0.26131925
0.16419272 -0.04162176 -0.34340292
-0.29473835 0.00348826 -0.24312621
-0.30303362 -0.06806582 -0.03006743
-0.07354516 -0.02500657 -0.21640857
-0.21892640 0.03793994 -0.32339129
-0.16104364 0.01534753 -0.31010103
0.11922069 0.00735384 -0.38631991
0.23302290 -0.02879399 -0.28001997
-0.17216700 -0.09945392 0.17999226
-0.28199375 -0.04772148 0.17530864
-0.23521912 -0.07991050 -0.06078666
0.27418250 -0.02056392 -0.38257945
0.21181425 -0.05130601 -0.24402870
-0.24580914 -0.10099266 0.24815308
0.24521697 -0.08923963 -0.21200192
-0.30267337 -0.08363248 -0.22949030
0.27036250 -0.09742847 -0.25910303
-0.23321483 -0.01632897 -0.01399254
-0.03488380 0.03100330 -0.34293750
-0.00109400 -0.04440119 -0.18581527
0.25718915 -0.03763137 -0.21084361
-0.19132404 -0.08526290 -0.08075737
-0.11811480 -0.02517394 -0.19834180
0.14596504 -0.05281551 -0.26117477
-0.19530554 -0.08220254 0.38911071
-0.29973280 -0.05479471 -0.32442150
-0.29131225 -0.05441924 0.34873125
-0.28114349 -0.07983443 0.31208521
0.28904769 -0.06349087 -0.27308872
-0.27169347 -0.09470681 0.38428026
-0.09903553 -0.03789270 -0.38429263
-0.14133731 -0.05397100 -0.17726564
0.20553577 0.01875075 -0.38774958
0.10722093 -0.02502811 -0.31980288
0.20569648 -0.06607015 -0.33512035
0.11886305 -0.00788229 -0.29340965
-0.28640386 0.03595191 0.26341438
0.09300460 -0.07486740 -0.27183676
-0.02102010 -0.01712246 -0.28092122
-0.21616629 -0.01660395 -0.30655304
-0.17852703 -0.04423512 0.01743927
-0.32031330 0.03307227 0.03918001
-0.25836509 0.04600101 -0.16341227
-0.17202708 0.00201143 0.32438186
-0.20219325 -0.08813194 -0.08400229
-0.16801666 -0.02352820 0.15196179
0.09254377 -0.04765709 -0.22392201
-0.12871654 -0.09043933 -0.23952918
0.02746182 0.02816174 -0.35200450
-0.16732277 -0.04312515 0.05184128
0.29579243 -0.03205038 -0.25920859
-0.05997831 -0.04374620 -0.15972421
-0.24270821 -0.07905104 0.28238875
-0.27369535 -0.00495607 0.09583545
-0.08743587 -0.09888865 -0.38501063
-0.25509757 0.01845537 0.07197959
-0.14232630 -0.06764128 0.33105981
-0.23187780 -0.03704679 0.20816132
0.28759989 -0.10898642 -0.32671398
-0.19838177 -0.04674525 0.38615695
-0.15146063 -0.09493696 0.33117783
0.29768321 -0.08308897 -0.26900968
-0.27833769 0.05379049 0.16280457
-0.24530050 -0.09931821 0.34308517
-0.22376160 -0.00837310 0.22507411
-0.29463309 -0.03820904 0.19397976
0.06625870 0.04728132 -0.34832692
-0.26688486 0.05821070 0.01307264
-0.29619581 0.02431117 0.31966209
-0.27362353 -0.07334354 -0.23512845
-0.17428447 -0.05308443 0.03275052
-0.26553857 -0.07890189 -0.37775150
-0.24569675 -0.01565427 -0.03062202
-0.15560162 -0.09641994 0.04454630
-0.00762247 0.05199739 -0.39054435
-0.23732160 -0.09806120 0.16597150
-0.17094469 -0.05329395 0.37342238
0.30891970 -0.07985735 -0.37792993
0.23269603 0.01583887 -0.39183784
-0.31873542 -0.02487572 -0.04039593
-0.11644378 -0.09791157 -0.27592307
0.29557791 -0.00939510 -0.27047402
-0.25222704 -0.02180582 -0.06774087
-0.24071096 -0.04500577 0.14910565
-0.16831680 -0.02471653 0.30144012
-0.31949115 -0.01343938 -0.04687618
-0.25391108 0.04085428 -0.18313672
-0.25524160 -0.09641420 0.08036671
-0.08151338 -0.00696620 -0.34232175
-0.14784759 -0.04186737 -0.36596316
-0.21562728 -0.09729815 -0.17018496
-0.14394186 -0.03516887 0.35528776
-0.21526475 -0.04302786 -0.13679169
-0.27305841 -0.02722423 0.34621990
-0.28627801 0.05889537 0.00371194
-0.14752583 0.02109259 -0.38102812
-0.15461110 -0.09522500 0.32341018
0.04011237 -0.00021336 -0.33136198
0.21778318 0.06287877 -0.38161466
0.18282753 -0.03643915 -0.35294554
-0.15770279 -0.03925703 -0.23876908
-0.07731948 -0.09466260 -0.36413428
-0.13413836 -0.01576213 -0.27168620
-0.23049963 -0.10079660 0.08032552
-0.27970052 -0.04215889 0.15415017
0.00314603 0.01209575 -0.37921995
0.11672548 -0.06176043 -0.39399514
-0.19329545 -0.01886610 -0.33312559
-0.27433294 0.03712833 -0.19317570
0.19971703 -0.05958778 -0.33972907
-0.24041034 -0.03750506 -0.28406990
0.05527303 -0.01195890 -0.31754005
-0.27780557 0.01052833 0.18886879
-0.13341355 -0.08604424 -0.29093039
-0.28347638 0.05187888 -0.06472738
0.29380119 -0.04696158 -0.39296931
-0.28475693 0.03515058 0.33091319
-0.22164783 -0.03636910 -0.08754022
-0.28874448 -0.06828260 -0.18988129
-0.29942390 0.01440656 0.12729871
-0.15280826 -0.07249267 0.17990668
-0.30303934 -0.05190217 -0.09715309
-0.26732925 -0.01265562 -0.04457090
-0.09813230 -0.02968409 -0.26833910
-0.30156550 -0.03191831 -0.01817063
-0.21547873 -0.04676640 -0.37726700
-0.14536795 -0.03184935 -0.25178435
-0.02331752 -0.01862930 -0.39003164
-0.33984211 -0.01087129 -0.13989474
0.11412416 -0.02436129 -0.31271833
-0.27769330 -0.09161854 -0.04397983
0.16182093 -0.09214204 -0.25551322
-0.25933343 0.06539986 -0.06814123
-0.29231876 -0.01401589 0.19378869
-0.29436934 -0.03643125 -0.27111757
-0.25392008 -0.09373100 0.16188903
-0.23925026 -0.02404367 -0.25346246
-0.28385952 -0.00712332 -0.32767895
0.10542059 0.04392397 -0.38630718
-0.27751306 -0.01577140 -0.05817684
-0.20581780 -0.07625070 -0.34701928
-0.27320632 -0.08809589 0.38385201
-0.15322417 -0.04207921 0.29054695
-0.07089651 -0.10295650 -0.36369750
-0.06892514 -0.10237642 -0.24073744
0.29238698 -0.08226159 -0.29545292
-0.09938443 -0.09742691 -0.34032962
-0.17440598 -0.05873985 0.38697362
-0.24244477 -0.10370293 0.20491755
-0.11520764 -0.04626496 -0.38295129
-0.27011037 -0.01933748 0.00983977
0.09722169 -0.03392904 -0.29097834
-0.29937857 -0.00004641 0.02730090
-0.00383990 -0.01344170 -0.30151752
-0.28303054 -0.06392708 0.05202039
-0.13648489 -0.02537456 -0.20091093
-0.26751640 -0.02444282 0.06137525
-0.13229002 -0.05438281 -0.15267894
0.14080936 -0.09926041 -0.28354037
-0.00094568 -0.10466036 -0.22212459
-0.00488628 0.06928921 -0.36735716
-0.14806764 -0.08088076 0.33386531
0.01404882 -0.02223269 -0.34177870
-0.27054292 0.07571312 -0.17613365
-0.24126810 -0.01367277 0.15915476
-0.27749807 0.06218693 0.05786490
0.18468024 -0.10150193 -0.31186828
-0.17341347 -0.05802237 0.23349713
-0.19262929 -0.06780933 -0.16002364
-0.29142618 0.05458350 0.23655814
-0.29040372 -0.08085383 0.13302913
-0.24727929 -0.07165343 -0.23796640
-0.29747781 -0.03822551 0.36223644
-0.23765607 0.00293010 0.00082202
0.12000161 0.04982065 -0.36925831
-0.24284464 -0.04335397 -0.14845116
0.29388872 -0.00833794 -0.26537481
0.28988072 -0.01841475 -0.36846977
-0.14987287 -0.03341281 0.34739116
-0.20310785 -0.05134081 -0.08773623
0.27637446 -0.05889419 -0.31818748
-0.12569919 -0.10293014 -0.29648799
-0.17825960 -0.04927840 0.29546565
-0.18344308 -0.04198087 0.08174472
0.25056615 -0.00675649 -0.38152134
-0.06138853 0.04539274 -0.33514091
-0.16878925 -0.02643327 0.35254136
-0.31609610 -0.02764517 -0.07826957
0.08894862 -0.06405801 -0.32660437
-0.27139187 0.00520245 0.25754145
-0.25556096 -0.09951603 -0.32548219
-0.04874084 -0.05004615 -0.36598885
-0.26265565 -0.03445517 -0.34865445
-0.11568712 -0.06443322 0.22457103
0.04217874 -0.10260942 -0.22791088
0.10140856 -0.06296113 -0.30880743
-0.22742626 -0.02495264 -0.08343481
0.14273256 -0.09014466 -0.39568081
0.03134029 0.00026896 -0.39783740
-0.19225892 -0.02556551 -0.18443879
0.08124837 -0.02688241 -0.19925489
-0.29485318 0.04316375 -0.19761358
-0.28341043 -0.02113629 0.18520629
0.29969624 -0.03114409 -0.36675522
-0.15467101 -0.04801686 0.37958768
-0.28547364 0.04659931 -0.21620689
-0.19204226 -0.01310621 -0.35178289
-0.29081547 -0.04328466 -0.00007324
-0.24224055 0.00706375 0.36169955
-0.24489550 -0.09008374 0.29742691
-0.14134540 -0.03026618 -0.37300396
-0.15519740 -0.07997318 0.29386473
-0.26817089 -0.02188850 -0.08470497
-0.09266707 0.05030198 -0.37861854
-0.22605397 0.00463873 0.28949496
-0.25661147 0.03039446 0.14277004
0.14464736 0.03746284 -0.39188114
-0.06444763 0.04385694 -0.38524899
-0.29304892 -0.09824396 0.22928497
0.12391865 -0.06516320 -0.39367363
-0.28587276 0.00182595 0.19421597
-0.24785469 -0.05585968 -0.04045463
0.11497222 0.05094507 -0.40239266
-0.20197123 -0.06729861 0.05348568
-0.22120573 0.06418451 -0.36096445
-0.23940794 -0.07109622 -0.37841836
-0.22095115 -0.05869273 0.00238682
-0.20109694 -0.06175988 -0.37740323
-0.16149300 -0.05295769 0.02469886
-0.22991084 0.01616736 -0.02745951
0.19219370 -0.06815782 -0.32969350
-0.29055747 -0.08702163 0.14649439
-0.17773858 -0.07080028 0.18779175
-0.25397822 -0.01114240 0.31947899
-0.22467245 -0.01138656 0.35188106
-0.31787342 -0.01852859 -0.02562482
-0.26407349 -0.09105351 -0.35027802
-0.29904172 -0.04543063 -0.01298569
-0.27815410 -0.06615473 0.22644374
0.08439703 -0.04987311 -0.32114986
-0.06468353 -0.03337815 -0.40066454
-0.09819766 -0.09142377 -0.23441696
0.19915144 -0.05189586 -0.28067172
-0.17520577 -0.06464238 0.07171150
0.24229172 -0.01616704 -0.36117020
0.15167478 0.00526748 -0.33747342
-0.28487286 -0.08632934 0.09165768
0.28988513 -0.10459611 -0.33000782
-0.22201024 -0.02682930 -0.20159528
-0.21422245 -0.05325861 0.33816835
-0.10305785 0.03938965 -0.38395360
-0.27319625 0.04689001 0.01098216
0.02310985 0.04451103 -0.39246085
-0.18038385 -0.07336430 -0.21310535
-0.22385623 -0.07659283 -0.29245210
0.11219022 -0.04667236 -0.26607242
0.14446329 -0.02512523 -0.33017415
-0.29662508 0.03863106 -0.36266798
-0.16800268 -0.07063240 -0.35183072
-0.22902043 -0.10537538 -0.23046722
-0.18888091 -0.00203434 0.32013515
0.16516291 -0.03620046 -0.39124930
-0.22314438 0.00191567 0.30565259
-0.25000852 0.01974112 0.34026685
-0.18886426 -0.06020403 -0.26883534
-0.04890712 -0.06028125 -0.31745994
-0.18929045 -0.03295761 0.38627541
-0.15776381 0.06273932 -0.35801524
-0.29270864 -0.06454414 0.19075261
-0.03431599 -0.02951457 -0.38649663
-0.24867854 -0.03004545 -0.10928875
-0.27652058 -0.00632722 0.17806910
-0.08661739 -0.07203257 0.24169140
-0.19009276 -0.03168301 0.01927471
-0.30980915 -0.01467497 -0.04798918
-0.25859585 -0.00830181 -0.35816723
-0.00596764 -0.07933544 -0.21712580
-0.18790780 -0.04180724 -0.38055575
-0.14684175 -0.09662699 0.23761563
-0.28134736 0.04135250 -0.17654538
-0.00519352 -0.09630194 -0.27633673
-0.26345742 0.07374515 0.04730095
0.19007683 0.01995585 -0.35558599
0.03041867 -0.02186214 -0.28362849
0.07479008 -0.01422969 -0.22598521
-0.21802424 -0.06165468 0.26670426
-0.29277775 -0.04648101 0.21718924
-0.14971618 -0.10609464 0.24264634
-0.26072225 -0.09023193 -0.19918005
-0.17897324 -0.01941734 -0.24899736
0.11625186 -0.08520714 -0.40696147
0.30552909 -0.09793507 -0.26623788
-0.24583948 -0.05005931 -0.00990595
-0.32161000 0.00576218 -0.26141819
-0.23170279 -0.01427554 -0.03354578
0.11297767 -0.05514356 -0.39381558
-0.26082674 -0.01559880 0.06402673
0.03981745 -0.03142294 -0.30806309
-0.31461006 -0.02756933 -0.18382639
-0.28719950 -0.02266196 -0.03349525
-0.28078350 -0.03553524 0.05859282
-0.15425105 -0.03106666 -0.18820430
-0.22458009 -0.06683533 0.15870270
-0.06417093 -0.07304391 -0.20693305
0.19650729 -0.00468424 -0.36295024
-0.23399022 -0.08650742 -0.38068166
-0.26128677 -0.03291431 -0.13616341
0.29539591 -0.05690125 -0.36728281
-0.28436249 0.04688652 -0.12537870
-0.31493077 -0.03424895 0.05065186
0.29668874 -0.01300488 -0.28753337
-0.15333182 -0.08873107 -0.16438493
-0.04473972 -0.04320672 -0.35824299
-0.18720308 -0.03250311 -0.04826563
-0.13244727 -0.04475488 0.12317044
0.18201777 0.02891508 -0.36048660
-0.15665565 -0.04707631 0.14508516
0.05892417 -0.10123192 -0.25463116
-0.26932135 0.07561602 -0.01253498
-0.19722360 -0.02475629 -0.21099964
0.19178618 -0.04659816 -0.32503226
-0.28490409 -0.08640947 0.13367468
-0.28158519 0.05179597 0.25150838
-0.19569160 0.00286473 0.33664203
-0.26683226 -0.00113218 0.17269808
0.22316119 -0.09940923 -0.32182071
-0.29400495 0.04417119 0.07589173
-0.25882113 -0.09532800 0.09480032
-0.15832768 -0.04516794 0.02414053
-0.07165150 0.00724861 -0.37880397
0.01007462 -0.02295700 -0.26754138
-0.28552160 0.06253392 0.07251580
-0.30140996 -0.00888501 0.15047798
-0.06725024 -0.03101853 -0.30432206
0.01943339 -0.03298607 -0.37532800
-0.23425572 -0.05252349 0.18436658
0.10402004 0.00691848 -0.35824552
-0.29181165 0.02632825 -0.36404622
0.01972492 0.03094118 -0.33311778
-0.16124591 -0.10055038 -0.07131379
-0.28555220 0.04557646 0.17333984
-0.28827840 -0.03159269 0.38355726
0.26791388 -0.04194728 -0.33043048
-0.22998847 -0.09948873 0.09308407
0.16445126 -0.10908569 -0.39082968
-0.15934838 -0.08980257 0.33197767
0.31022698 -0.06947378 -0.26082662
-0.25690565 0.00100427 0.32653964
-0.15011482 -0.06608099 -0.16660635
-0.16888350 -0.01743653 -0.00563579
-0.30185232 -0.07793510 0.15015942
-0.26939166 -0.01219042 0.02306603
-0.14262442 0.07244140 -0.35545665
-0.09527011 0.06137770 -0.38028941
-0.31598446 0.01411407 -0.07413528
