-0.23200491 -0.10252570 0.16721539
-0.14428698 0.00191149 -0.17926420
-0.22486788 -0.12330033 -0.25424916
-0.17209905 0.06468523 0.31508261
0.23120473 -0.03133993 -0.10673006
0.22644038 -0.14508209 0.27424544
-0.02090960 -0.03278084 -0.21480660
0.04065503 -0.02551895 0.07481100
0.07586739 -0.03205742 -0.07028227
-0.15190391 0.09255818 0.25945887
0.21026497 -0.07630546 -0.38026303
-0.22093689 -0.02814755 -0.24021626
-0.22073677 0.08114737 -0.31230685
-0.17961083 -0.02284975 -0.20689723
-0.15116686 0.02163944 0.40913033
-0.13186651 0.00582930 0.11168028
-0.18223609 0.03623533 0.08405040
-0.10732771 -0.03314858 0.15674405
-0.22427055 0.09561584 -0.19399281
0.10208372 -0.03408765 -0.11009954
0.06098340 -0.04840627 0.41613221
0.21082497 -0.02062126 0.07240987
-0.09090450 -0.05216080 0.41853675
-0.19790502 0.14746974 -0.39153838
0.07455640 -0.02825471 0.22141175
-0.00200901 -0.04238128 0.25846851
-0.15931387 0.04741193 -0.01336789
-0.09480260 -0.02844507 0.19631119
0.10468917 -0.01062872 -0.38527587
-0.23041721 0.04074573 -0.05960892
0.17147422 -0.07818144 -0.40171179
-0.06869374 0.01069940 -0.35994577
-0.23109478 0.09223261 0.16946548
-0.19498293 0.04498020 -0.41743052
-0.23555622 -0.14688495 -0.05873718
-0.08505335 -0.12120103 0.41555780
0.12122957 -0.02520209 0.01485510
-0.09623896 -0.10482062 -0.42201415
-0.23150358 0.09274497 -0.01701192
0.17870602 -0.03957967 -0.41823933
0.06422106 -0.03583602 0.20910873
0.03519269 -0.02763989 -0.25544798
0.16191323 -0.02651294 0.09341950
-0.22948270 -0.03064527 0.27045503
0.07962583 -0.07381855 0.41505730
-0.11506879 -0.03849983 -0.37882501
-0.15245247 0.06370346 -0.37536967
0.19158755 -0.01605431 -0.13488069
-0.23272985 -0.02678271 -0.24733838
-0.23479946 -0.11178806 0.11933506
-0.03412758 -0.02151251 0.05451255
-0.15351501 0.09545194 -0.36588103
-0.15765209 0.12824057 0.19204006
-0.23430218 0.03135434 -0.07762387
0.05964909 -0.02235235 -0.35228974
-0.22816235 -0.04720086 0.12325604
-0.01397924 0.03912891 0.40767339
0.07878082 -0.01985043 -0.20388460
0.24047852 -0.05980499 -0.23355354
-0.23111957 0.03201970 -0.16439714
-0.22306351 0.08129428 -0.16946273
0.18457779 0.03757844 0.36499521
-0.23335826 -0.10810665 0.35718665
-0.22994378 0.00362730 -0.18723403
0.24292868 -0.07548182 0.17429268
-0.22536933 -0.09495144 0.31787127
-0.23128210 0.04396487 0.27404207
-0.23015852 0.08352673 0.24207970
-0.20138638 0.14299548 0.23358986
-0.12902457 0.06562355 0.38641268
-0.11331010 -0.04747781 0.41151634
0.19910370 -0.06023575 0.23408704
-0.08431020 -0.02203435 0.14714222
-0.22725694 -0.06241573 0.11476173
-0.01020564 0.05237386 0.41601831
-0.04918148 -0.02998830 0.27563757
0.15338507 -0.02203164 0.29567206
-0.20678702 -0.00641100 -0.20185603
0.20850478 -0.12608163 -0.30779222
-0.04859916 0.02217397 -0.35208863
0.16925669 -0.04823460 -0.01315868
-0.14957108 0.08410218 0.24381316
0.19335270 0.00183027 -0.34662068
-0.21570620 -0.08830999 -0.29264399
-0.22931582 -0.14117831 0.21668954
-0.23077536 0.06011464 0.31223950
0.19637062 -0.11379778 0.40882221
-0.22899644 0.06474809 -0.03022282
0.04910825 -0.01961281 -0.32801679
0.22472553 -0.06800440 -0.33606735
-0.22687191 0.01880105 -0.26439092
-0.03844818 0.05042648 0.41179222
-0.22759713 -0.00461975 -0.22580928
0.18702687 -0.07477382 0.41111845
-0.02788397 -0.11942679 0.40589255
-0.21858022 -0.09782223 0.37191609
0.08491423 -0.07465848 -0.41798893
-0.16244440 0.11534353 -0.19561364
-0.15646519 0.13187423 0.37235475
-0.22721316 0.01289912 -0.21700913
-0.12629831 0.03136031 -0.41506264
-0.21973369 -0.06488813 -0.39799905
0.01074566 -0.02989724 0.00776634
-0.10470418 0.03277317 -0.41301650
-0.07211608 -0.01702772 0.41719332
-0.22711651 -0.07656417 -0.31636351
-0.18650930 -0.00948949 0.12828092
-0.22401188 -0.02430896 -0.17423648
-0.23031895 -0.08084241 -0.02070512
-0.17901847 0.04381379 0.00701191
-0.14040872 0.06331781 -0.40488592
0.23111579 -0.10251814 0.15551792
-0.08640194 -0.02845157 0.17961481
0.22291479 -0.13848421 0.25573978
0.18710320 -0.04263298 -0.35405579
0.06046300 0.01975271 0.37203056
0.06951685 0.05187996 -0.37329507
-0.05053645 -0.00427580 -0.40464899
-0.02314618 -0.03316725 -0.02692238
-0.22841401 0.03193781 0.19938189
-0.17722699 0.02558444 0.40882298
0.01933813 -0.11575669 -0.41126439
-0.04701113 -0.02208021 0.41416815
-0.19783027 -0.11589812 0.28589928
-0.22880304 0.08717331 0.30825597
0.01128381 -0.02750845 -0.02016697
0.13231376 -0.02158087 -0.26955760
0.07774222 0.01892609 -0.38559514
0.21172559 -0.11805741 -0.26500788
-0.17713711 -0.04277286 0.19589418
0.23852682 -0.05869707 0.33598229
-0.23209248 -0.14567827 -0.05069641
0.13845482 -0.03932673 -0.41487175
0.21135685 -0.14085291 0.25723246
0.07113472 -0.02293550 0.13423006
-0.16185401 -0.02247200 -0.00344420
0.09511912 -0.03385992 -0.42377064
0.03446706 -0.03653749 -0.39640751
0.14679533 0.04280462 -0.36824447
-0.05317119 -0.10834625 0.41191202
0.20288351 -0.02829446 0.21126828
0.21112317 -0.10703438 -0.29406622
-0.15575689 0.04181501 -0.34381506
0.19654724 0.02732251 0.39607629
-0.14073876 0.11913139 -0.38281900
0.08136483 -0.02004135 0.32038197
-0.22869240 -0.00554752 -0.13979353
-0.22836424 0.00724578 0.38012156
0.15664296 -0.14704515 0.39437741
-0.16340135 0.12550306 -0.10450850
-0.23738310 -0.11724172 0.29095131
0.22583219 -0.03204336 0.35757169
-0.22606345 0.10185109 0.25646883
-0.21204866 0.06216155 0.07695440
0.22171676 -0.10920826 0.09424669
-0.03804722 -0.05884115 -0.41975960
-0.12766613 -0.13996799 0.41832155
-0.22442730 0.09680889 -0.41752869
-0.00784646 -0.06303553 0.40971449
0.23800950 -0.06421960 -0.20634998
-0.22914340 -0.13239589 -0.30318299
0.04945525 0.01194261 -0.38608849
-0.21478783 -0.10720422 0.14627276
-0.15358506 0.07067353 -0.38921073
-0.22701257 -0.02758814 -0.01949264
-0.01240286 0.01402792 -0.34865648
-0.21678227 0.08303485 0.12459978
-0.22636215 -0.00893259 -0.02390500
-0.20359032 -0.08105603 -0.41504043
0.07657640 -0.01885943 -0.27469116
-0.23551817 -0.12263825 -0.04189318
-0.05722017 -0.08942156 0.41363281
0.08303730 0.02524025 0.41309610
-0.22371548 -0.13534829 0.38369200
-0.05300014 -0.02814313 0.29949766
-0.22848558 -0.08830446 -0.34945446
-0.15065524 0.07108710 0.01872758
-0.17939067 -0.06976774 -0.32000878
-0.09528749 -0.02993396 0.16381210
-0.15968545 0.01447367 -0.37780327
0.02027038 -0.02398300 0.04553729
-0.02847539 0.05995615 0.37646523
-0.22880563 -0.02955693 -0.40699947
-0.10638076 0.01595630 -0.41721389
0.03172547 -0.02943329 -0.21090579
0.19225956 -0.14365157 0.41155040
-0.20688355 0.11827084 -0.12925178
-0.06816075 0.02328601 -0.37513712
-0.04337792 -0.02974847 0.00167280
-0.23081683 0.07688978 -0.24057470
0.13238792 -0.04573466 0.39038995
-0.22221883 -0.14052871 0.18146420
-0.14684302 0.12143070 -0.38863489
0.00329150 0.03691486 0.37915710
-0.17375235 0.13259931 0.15235716
0.17047173 -0.06452798 -0.10712633
-0.01676172 -0.03264001 0.33892974
0.10237029 -0.01568320 -0.30224684
0.01844598 0.03210743 0.39518702
-0.01797494 -0.03804547 0.01857097
-0.22479342 0.08746393 0.03000000
-0.22931515 -0.06048616 -0.39133772
-0.19847204 -0.14053798 -0.34630403
-0.22692074 0.11843192 -0.05330978
-0.06618068 -0.03008708 -0.15456128
0.21778120 -0.04446210 0.18720695
0.19829921 -0.01693399 -0.23825894
0.06942976 -0.03043420 0.41898602
0.06294931 -0.01883910 -0.01650904
-0.22753477 0.00518739 -0.28829724
0.22914259 -0.05103894 -0.19624722
0.23018289 -0.09991635 -0.37904197
-0.06053019 -0.00037035 -0.30181417
-0.00376032 -0.02741478 -0.06031250
0.20686150 -0.02632645 0.00396498
-0.15463433 -0.02061576 -0.09583020
-0.12552761 -0.02857783 -0.19819686
-0.15744522 0.09657475 -0.09729872
0.16893788 -0.12305064 -0.41853294
-0.13406651 0.05107701 -0.14604780
-0.14115661 0.00952496 -0.29869848
-0.22699279 -0.00435250 -0.29426458
0.01083690 -0.02837716 -0.08412342
0.19952539 -0.16112639 0.41177896
0.07730226 -0.01651211 -0.00814118
-0.13100307 -0.01880489 0.00651274
0.15664458 -0.05656493 -0.41071749
0.12622780 0.02643849 0.37271461
0.15681124 -0.03089093 -0.24852897
-0.14862116 -0.15562446 0.41355288
-0.09655379 -0.04298972 0.33376816
0.24194647 -0.05596446 0.10962795
-0.22496589 0.07898205 0.06372008
-0.20560837 -0.08983021 0.21738029
-0.11368285 0.08081089 -0.36259678
-0.23252158 -0.02860507 0.20305324
-0.13789238 0.02324966 0.26979208
-0.22852229 0.01980454 -0.26787105
0.03172528 -0.10635684 -0.41678777
-0.22700359 0.06591797 -0.33598378
-0.00930917 -0.03244501 0.06463338
-0.22952068 -0.08216803 -0.22589996
-0.04601179 -0.01578126 -0.41060820
-0.22279271 0.09320927 0.11859091
-0.23302390 -0.05374447 0.27687684
0.06076586 -0.02875810 0.30538064
-0.20923457 -0.09573910 0.20361513
-0.22851291 -0.01658170 -0.37010512
0.21144077 -0.13828707 -0.21465553
-0.22335455 0.00840692 0.41170326
-0.18999358 0.14164475 -0.09527220
0.04443171 -0.04611330 0.16195191
-0.03152329 -0.04093489 -0.15456402
-0.21814179 0.04442678 0.39992523
-0.15625617 0.12828583 0.35138741
0.07934906 0.04627585 0.39808261
0.13319239 -0.11177127 0.41105941
-0.20255695 0.13788341 0.03081423
-0.23090468 0.00806329 -0.19754735
-0.18639785 -0.12460247 0.30492476
-0.24122787 -0.13742585 0.19314164
-0.16609907 0.13109720 -0.20345755
0.21370941 -0.04032446 0.24436790
-0.20130807 0.13480976 -0.24337329
-0.04343885 -0.03112828 -0.00414493
-0.22521904 -0.04696463 -0.41634634
0.20384881 -0.14251204 -0.31106257
0.22649981 0.00525438 0.35919127
-0.22257680 -0.07954406 0.40792236
0.21629886 -0.09647176 0.40659493
0.23573016 -0.11600132 0.27957410
-0.10616662 0.00312902 0.32301378
-0.03996036 0.00951823 -0.34466091
0.22221877 -0.13954334 0.20109661
0.11151315 -0.03000720 -0.06537057
-0.22487484 0.00886192 -0.39457816
-0.22757120 0.01714179 0.09917109
-0.07706268 -0.01304531 -0.08054746
-0.22753149 0.05782603 0.19453698
-0.23081258 -0.04185446 0.32775614
0.07237240 0.00722394 -0.41811982
-0.17794655 0.13195126 -0.18293732
-0.01485623 -0.02160896 0.02277079
0.07810213 -0.03679527 0.10432364
0.13564056 -0.00868684 -0.32041639
0.21832041 0.01495083 0.37916949
-0.09289947 -0.01607480 0.13948974
-0.17295836 0.07494359 0.06061551
0.21781562 -0.00207691 0.33369231
-0.21491171 0.13674149 0.28774965
0.17606351 -0.00219119 -0.33573464
-0.15050916 0.07442138 -0.15447803
0.08084483 -0.03914496 0.37873450
0.12580387 -0.04831030 0.41372967
-0.18006738 0.06817767 -0.18202472
-0.18283947 0.12483873 -0.05360124
0.11238554 0.06369682 -0.40588152
-0.22938310 -0.04137947 0.21879248
-0.11125438 -0.10587122 -0.40949094
0.22650549 0.03715044 -0.40506130
0.22394712 0.01397065 0.41012648
-0.16275409 -0.03295074 -0.41200736
-0.19303726 0.03171664 0.35178250
-0.22636136 0.02248167 -0.41953525
0.17179835 -0.03655214 0.08865233
-0.22396915 0.04118368 0.00750555
-0.21654235 -0.15225518 0.33921972
0.22448450 -0.07446270 -0.24250449
0.06869369 -0.06573895 -0.41436031
0.16869015 -0.13761279 -0.12392856
-0.11829653 -0.02859919 -0.02872090
-0.06519704 0.01668810 0.41501379
-0.18325327 0.07258384 -0.40886652
0.23037092 -0.08318273 -0.34483075
0.10658064 -0.02510355 0.05722750
-0.22232443 0.09787704 0.08698905
-0.23040800 -0.01175616 -0.26067293
0.04094220 0.01111035 0.42100969
-0.23114818 -0.08827892 0.14698350
-0.06976207 0.07484280 -0.36251080
-0.11069360 0.05852954 -0.41251540
-0.18646248 0.12062457 -0.41047615
0.08118331 -0.03414492 -0.42344120
0.05559624 -0.02317985 -0.16292773
-0.21499199 -0.10780507 0.07480635
-0.18016407 0.03605103 -0.41077504
-0.22841527 -0.09455083 -0.01839884
0.16019845 -0.15277664 0.40549719
0.11308631 -0.02378795 -0.07798959
-0.19209018 -0.03730790 0.41578281
0.18618912 -0.11302492 -0.41513106
0.21120249 -0.09785323 -0.04436258
0.22893471 -0.02520461 -0.30604890
0.18382590 -0.01640964 -0.31291592
-0.21206698 -0.10256105 0.39984709
0.06812198 -0.03925384 0.07897703
-0.22590277 0.11425672 0.03728759
0.05621772 -0.03017790 0.09628645
-0.22928917 -0.01176830 0.38609266
0.10029945 -0.02938261 -0.11121365
-0.19857533 0.04025626 0.41958213
-0.15196694 0.01408531 -0.40982893
0.00081603 -0.03469535 -0.02242461
0.14322515 -0.02537425 0.32433468
-0.23456249 0.02551501 0.27673122
-0.22849634 0.07256239 0.12715423
-0.13744920 -0.01523210 -0.17782456
-0.23297319 0.09290634 0.32868743
-0.23478839 -0.01366436 0.22955549
-0.22011560 0.13536309 0.07846412
-0.21815950 0.01234303 0.04918981
-0.14279461 0.13143483 -0.36298615
-0.00338337 -0.01307231 -0.40941992
0.14373271 0.04454170 -0.40792841
-0.09053271 -0.03180239 0.04077943
-0.21190684 -0.07799450 -0.41396764
-0.03813626 -0.11840836 -0.42123258
-0.22919668 -0.02218479 0.07098292
-0.20855415 0.09720837 -0.36591357
0.12178881 -0.02384729 -0.09660675
-0.22733392 -0.01938698 -0.09985583
-0.15853593 -0.07696235 -0.41213092
-0.07912010 0.02760443 0.41526100
-0.17904302 0.11001758 0.39344224
-0.22428089 0.11483806 -0.17887603
-0.23182875 0.03822708 0.29726243
-0.14483227 0.03807816 -0.15152237
0.22659440 -0.04164810 0.39493728
-0.17314695 0.10336432 0.36076152
-0.13881609 -0.01326073 -0.38193232
-0.24504092 -0.11279755 -0.13029987
-0.10851774 -0.02661471 -0.18880582
-0.14713730 0.04564880 0.15686373
-0.22364692 0.01843981 -0.00302815
-0.06460541 0.03269409 0.41415974
-0.23155937 -0.04090349 -0.07254969
-0.21718931 0.14789741 0.36654118
-0.17838351 0.13648960 0.31819376
-0.10943666 -0.03188696 -0.41686291
-0.21960579 -0.03129819 0.32118589
-0.07368213 -0.09856007 0.41733426
-0.11228710 -0.02391231 -0.25280425
-0.21901479 -0.07966341 0.37188306
0.11258423 -0.01835710 -0.30256224
0.04040650 -0.12517248 -0.42000157
-0.11093421 -0.02642086 0.19586749
-0.12683013 0.08724339 -0.39785832
-0.23254755 0.00046049 0.10503370
0.03046022 0.00534614 -0.40710655
0.10054225 -0.11573915 0.40484378
-0.22363146 -0.07061733 -0.39699808
0.21439610 -0.07318193 -0.39539024
-0.17524397 0.13490292 -0.30272520
-0.23903081 -0.10081055 -0.30380446
0.23179737 -0.00175806 -0.38499171
0.05831890 -0.03740629 0.17475483
-0.21854189 -0.05155370 -0.09533499
-0.08049294 0.08484988 -0.37197456
0.01055606 -0.08175059 0.42408189
-0.08305691 -0.01440027 -0.26734078
0.19774246 -0.02712962 0.25840372
-0.22777797 -0.01151646 0.04393515
-0.14218177 0.00056214 0.41101611
0.20307651 0.01515516 -0.36543897
-0.05747221 -0.03337596 0.24054684
0.17767705 -0.02920132 0.15457669
-0.22696860 -0.12470181 -0.24768966
0.00049431 -0.01789767 0.16072994
-0.19700529 0.07100370 0.40105897
-0.14161265 0.08803636 0.41294727
0.23175451 -0.02521118 0.35016951
-0.10100666 -0.02117830 -0.11476005
0.23917550 -0.05296504 0.20038375
0.23692617 -0.03221915 0.28641227
-0.22077169 0.13717017 -0.19889125
-0.19172195 0.01932478 0.08075821
0.21778756 -0.02211163 0.14734785
-0.23066942 -0.08148127 -0.13869295
0.22651190 -0.10602989 -0.16314812
0.08892754 -0.15286119 -0.40521038
0.09576326 -0.02862258 -0.03653163
0.08175091 -0.06471638 0.39808649
-0.00544622 0.04782304 -0.37149602
-0.17653957 0.13059700 0.34925416
-0.06223587 0.02500136 -0.39378759
-0.22627586 0.05244577 -0.26159680
-0.22502260 0.04217486 -0.05109660
-0.10136493 -0.15211129 0.41857055
-0.22565158 -0.07260726 -0.20901632
0.20241058 -0.11076734 -0.18309265
-0.19767791 0.13697226 0.05147361
0.23767856 -0.06319649 -0.13363841
0.23037472 -0.04164188 -0.19652228
-0.14376208 -0.01083954 -0.12709208
0.20641962 -0.08974667 -0.05323368
0.23679794 -0.06671561 0.22914618
-0.18328404 0.05363449 -0.41099206
0.03942957 -0.02341204 0.32051638
-0.18984158 0.14161955 -0.12824377
0.00211942 -0.02565199 -0.41510379
0.18818446 -0.02140089 -0.39620310
-0.13121825 -0.01597399 -0.15453015
-0.03995758 -0.03094365 -0.22138575
0.10424683 -0.02764386 -0.23108448
-0.22540419 0.03182859 -0.33630389
0.23029014 -0.02019763 0.26489332
0.05825232 -0.09681293 -0.42427814
-0.17716144 -0.08551999 0.41110849
-0.15033233 0.12440632 -0.06815660
0.17538701 -0.05444210 -0.00839409
0.01958821 0.00960984 0.41146377
-0.19640689 -0.03777549 0.22001819
-0.22359185 -0.13340385 0.05824455
-0.11179280 0.06224871 -0.38577187
-0.23767115 -0.08290991 0.33111811
0.19194058 -0.03507619 0.33105227
-0.03005021 0.06068949 -0.39442089
-0.20101228 -0.13813148 0.40503863
0.22779503 -0.08729624 -0.26530653
-0.22890121 0.00478852 -0.36357012
-0.09300365 -0.03795854 -0.14936137
-0.20545346 -0.07662235 0.19317791
0.02027828 -0.02956998 0.24381481
-0.22919029 -0.05012918 -0.25839660
-0.21530628 0.12623574 -0.17667210
0.21892914 -0.14467341 0.26048145
0.15554990 -0.01434971 -0.32224932
-0.22550979 0.03268676 0.03175845
0.23032437 -0.00368889 -0.38039154
-0.13340777 0.04980356 -0.21293449
-0.17074265 0.06973126 0.17237626
0.15153702 -0.05993960 -0.11727587
-0.08128969 0.03660973 -0.35051164
-0.00567701 -0.02711957 -0.17864087
-0.22757077 -0.10887537 -0.39558139
0.20762530 -0.14196989 0.00783932
-0.23453541 0.02474190 0.06019058
-0.10772569 -0.01613226 0.01224121
0.21689248 -0.09654123 -0.23066516
-0.11390851 -0.04447055 0.10817589
0.15593898 -0.02426776 -0.24501771
-0.16102979 -0.01672907 0.01133294
-0.02413886 -0.03085362 -0.41605228
-0.22086872 -0.13820451 0.30631244
0.11759628 -0.01706170 -0.27606875
-0.20669208 0.13446064 0.35984880
0.11886588 -0.02681825 0.22126298
-0.23279697 0.04682592 0.01014686
0.05343938 0.03862534 -0.41663969
-0.04441952 -0.02043795 -0.11331938
0.08497795 -0.10126982 0.41773748
0.20333989 -0.09500352 0.29686505
0.06591642 0.02300594 0.39468050
-0.00472846 -0.02380412 -0.02130762
-0.16316916 0.08041332 -0.28639910
-0.13815081 -0.15483963 -0.42316344
-0.21681932 -0.04188326 -0.07935150
-0.23213530 -0.08929320 0.28912199
0.21805000 -0.09825300 -0.42097506
-0.22831723 0.00552120 -0.31414846
-0.22974457 0.03268338 0.26097968
-0.14316729 0.07324581 0.13631976
0.05474268 -0.02509707 -0.20084634
0.09466828 -0.13484022 -0.41403455
0.12091424 -0.02790708 0.40261370
0.19000903 -0.03990095 0.33009824
-0.13101056 -0.15252897 -0.42177725
-0.15523571 0.01168168 -0.41539142
-0.19183172 -0.01620556 0.39884022
0.16153687 0.06349359 -0.38544977
-0.18516456 0.12744941 -0.39397258
0.02301100 -0.12516810 0.41572487
0.13867058 -0.06772984 0.41578099
-0.14901523 0.02188597 -0.06103665
-0.00501992 -0.03230588 0.23907427
-0.02710029 0.06265608 0.39233467
-0.22794764 0.03816665 0.11921005
0.13241445 -0.02605571 -0.09299681
-0.11440965 -0.02771968 -0.24008965
0.18409158 -0.05443638 -0.02841614
-0.10352149 -0.07885176 -0.42381597
0.21637465 -0.02776399 0.20395841
0.02530544 -0.14117025 -0.41889411
0.05261615 0.02698512 0.36658221
-0.22341104 0.03541197 -0.08769736
-0.05898418 -0.03826866 -0.06372975
-0.22859007 0.08140104 0.25587314
-0.16940500 0.13620950 -0.36624992
-0.17743434 0.14181110 0.10607702
-0.23284498 0.04090305 0.24971400
0.22165042 -0.05482681 0.15148658
0.02685988 -0.02568601 0.24824893
-0.10734826 -0.00459755 -0.40698323
-0.14934294 0.07079922 0.02959363
0.22607887 -0.01745530 -0.32002750
-0.16350999 0.08835369 -0.09730729
-0.15016717 -0.02446369 -0.10357939
0.01701535 -0.10721815 -0.41978681
0.17548646 -0.03256739 0.24940619
-0.22996923 -0.09770662 -0.14508258
0.22454573 -0.00002642 -0.39441344
-0.13645668 -0.00230627 0.22991054
-0.18783242 -0.10892005 0.13459298
0.03812449 -0.04036189 0.41636184
0.22635745 0.02626539 0.37249255
-0.22694623 0.09032156 -0.10230383
0.05914842 -0.04234137 -0.41678497
-0.22422019 0.11905993 -0.31608522
0.00552886 0.05156644 0.40446913
-0.22818166 -0.06574243 -0.03737509
-0.22841664 -0.04293021 -0.01404776
-0.23199499 -0.03303161 -0.07701948
-0.22710337 -0.00153727 0.14074808
-0.23009621 0.04501021 0.32837832
-0.19264603 0.06518879 -0.41570783
0.24026132 -0.04895889 -0.23918854
-0.18802731 0.07125837 0.03318363
0.19239324 -0.05649414 0.15879975
-0.18814304 0.03693764 0.17928237
-0.23017870 -0.11658283 0.07404911
0.04368027 -0.02085129 -0.39634520
-0.18659580 -0.15946916 -0.42082998
-0.17742246 -0.06386756 0.41559133
0.04446410 -0.02584454 -0.41380912
-0.07300168 -0.03192557 -0.01660426
0.06595644 -0.03294434 0.27390954
0.18955633 -0.01576089 -0.26362720
0.00009390 -0.00463867 0.42135790
0.03096020 0.02497751 0.34282354
-0.01292328 -0.01799595 0.03184000
0.20939399 -0.10624460 -0.39318329
0.20395413 -0.04954294 -0.22143231
0.08990055 -0.10692070 -0.41477132
-0.22820400 -0.09707053 0.25321659
0.12670042 -0.02360596 -0.20261897
-0.13419423 0.00962283 0.16037515
-0.22420193 0.03495820 -0.19943736
-0.20706922 0.11308575 0.24428724
0.15775748 -0.04786076 -0.27377760
-0.20118803 0.00129787 -0.27303162
0.15169251 0.02822890 0.41042650
-0.23150238 -0.14181259 0.11310011
-0.04065860 0.01369683 0.41297615
-0.14844398 0.02536064 0.23951276
0.05744642 -0.02486496 -0.23417968
-0.00905855 0.03271771 0.41496086
-0.20740087 0.00626103 0.19023129
0.20811845 -0.02057952 0.15050022
-0.15583427 0.09710966 0.00056912
0.16296779 -0.02817086 -0.32273445
0.07292455 -0.02725420 -0.19762291
0.11574675 -0.07375288 0.41555887
0.23083517 0.02986711 -0.40327379
0.20225407 -0.13430659 0.08898164
-0.22824609 -0.01106659 0.24332169
-0.21176364 0.12955609 -0.07206936
-0.22338857 0.11005419 0.09402902
0.18764520 -0.11598907 -0.02153894
-0.19241132 0.03177601 -0.42129865
0.01129440 -0.13634172 -0.41783157
0.22463329 -0.13995941 0.11508145
0.01213403 -0.03320382 0.27142093
-0.14327943 -0.00628277 0.16720536
-0.09772878 -0.02792400 0.41196096
-0.22205979 -0.12663706 -0.14203161
-0.12300695 0.02996361 0.41036558
-0.05736932 0.02555443 0.41475815
-0.14104070 -0.01993942 -0.27770507
-0.16517355 0.05927021 -0.09407771
0.22392803 -0.11876333 -0.33608100
-0.21181817 0.14946863 -0.02212125
-0.20240383 -0.13553393 0.27443501
-0.19280919 0.03716324 -0.41637295
0.04754481 -0.01128677 -0.35844144
0.07563014 -0.03679643 0.20527692
-0.12544303 -0.02110782 0.27624348
0.00008727 0.05256223 0.39490566
-0.22684292 -0.07412409 -0.08811335
-0.10137455 -0.00498956 0.04679058
-0.13602525 0.02264358 0.28539389
-0.22624944 0.07578059 0.18142484
-0.12420677 -0.01118454 -0.13237475
0.22775520 -0.01201458 -0.36587620
0.15527059 -0.08512868 -0.41708738
-0.09505066 0.01373610 -0.29823709
0.04955319 -0.02900460 0.02364535
0.01188655 -0.02846887 -0.05003302
-0.23409006 0.07233263 -0.00557707
-0.12592484 0.08163679 0.40152740
-0.16899846 0.14363748 -0.29763538
0.23058483 -0.05011634 -0.37608865
0.10641470 -0.07100607 -0.42163238
-0.09864510 -0.04126569 0.20977643
0.08870747 -0.03557718 -0.40991497
0.14638028 -0.14583805 -0.41170362
0.24341238 -0.03596165 0.28123358
-0.21896197 -0.03391802 0.16419646
-0.19518502 -0.01601833 0.20707962
0.15389717 -0.03189089 -0.21981634
-0.07146543 -0.00249414 0.41609514
-0.03974736 -0.02823525 0.26504338
0.05570763 -0.08412367 0.41602695
0.21884233 -0.10936964 -0.16347152
0.08578218 -0.01111631 -0.40954265
0.21442300 -0.08742153 -0.12110277
-0.18306594 -0.13077094 -0.41967997
0.22537993 -0.06128138 0.39552453
0.07037759 -0.02995228 0.01067543
-0.16761145 0.02467016 -0.06544553
-0.23004512 -0.04018164 0.33293757
-0.17620899 0.12480380 0.07068220
-0.14753765 -0.15469447 0.40235537
0.20813434 -0.05096495 -0.10944726
-0.12128355 -0.02843353 -0.01192859
0.23197247 -0.05591517 -0.34804592
-0.22265576 0.12268101 -0.14338320
0.03534469 0.03260578 0.41398245
0.01585400 0.01343513 -0.38629204
0.20344597 -0.09180467 -0.41789284
-0.18021147 0.14091782 0.22783971
-0.23147297 0.10377004 0.04275987
-0.15607899 0.01922921 0.09766731
-0.18479037 0.11778528 -0.38866186
-0.04235406 -0.03192444 0.22778715
0.20816810 -0.03504303 -0.36584064
0.03438304 0.04309276 -0.37141037
0.09059496 -0.02944912 0.27375275
0.12478236 0.02320321 0.36700648
-0.18467537 0.13865337 0.09055568
-0.18549092 0.14292814 -0.20463109
-0.21712770 0.08671254 0.03614029
-0.13822024 -0.00494198 -0.15187144
0.21478559 -0.01954496 0.20884442
-0.21181303 -0.11744048 -0.04883254
0.05167036 -0.03554280 0.00315889
0.10985494 -0.02553220 -0.06920010
-0.01362970 -0.03901829 0.27876261
-0.18528701 -0.15098941 -0.42068771
-0.02630128 -0.02988612 0.09141823
-0.09654150 -0.11959339 -0.41273087
-0.03444409 0.03937198 -0.38079676
-0.14042081 0.01877659 0.12216149
-0.13860226 -0.01829990 0.34442493
0.08620943 -0.02679352 -0.16718543
0.02547916 -0.03312681 -0.31271401
0.11164634 0.01681194 -0.41415694
0.19877777 -0.04244261 0.39377809
-0.10066663 -0.02217030 -0.04712581
-0.18501285 -0.00442986 0.09517083
-0.23141918 -0.01694192 -0.15123236
-0.21924050 0.14399694 0.11497539
0.20271739 -0.05075023 0.00217233
-0.12038153 0.03387016 0.41629401
0.13084663 0.00832149 -0.41125241
0.23054115 -0.02705124 -0.16702425
0.18639131 -0.02004464 0.14082141
-0.22862738 0.10245475 0.19372955
-0.06591053 -0.03503095 -0.27653140
-0.23550865 -0.02492011 -0.10786081
0.23080319 -0.03273470 0.36243987
-0.21958810 -0.11932422 -0.15652248
-0.21843570 -0.14496054 -0.13594501
-0.00411379 -0.02550453 -0.26980165
0.22216003 -0.14366603 0.39779046
0.23572657 -0.10253084 0.27569300
-0.03980856 -0.02995648 0.23084792
0.23285657 -0.03064351 -0.41473809
0.21331522 -0.14101067 -0.24126135
-0.00394784 0.04154609 -0.41287756
0.22528204 -0.05213041 0.38891339
-0.11648396 -0.03311291 -0.27744007
0.14063872 -0.03344267 0.13165002
0.21202281 -0.13246712 -0.36705986
0.13145545 -0.02502396 0.09046044
-0.14770049 0.14736821 -0.39378867
0.14472836 -0.07792661 -0.41661614
-0.20716900 0.14302565 0.28210455
0.01661452 0.02620691 -0.36070853
-0.22629850 -0.08280303 0.13360746
0.17929390 -0.05342624 0.12313548
-0.15442528 0.00354982 0.21306062
0.03205390 -0.02955543 -0.16952612
0.02969823 -0.02886090 -0.07037297
0.22514582 -0.03901878 0.06961853
-0.05882325 -0.02570115 0.19802217
-0.16149497 0.04408525 0.26412556
0.18783517 0.03803685 0.40515104
0.18672955 -0.04689152 0.41743767
0.23137811 -0.07987880 -0.05249954
-0.04918294 -0.04022692 0.08498613
-0.22615775 -0.01615634 0.10415685
0.23560190 -0.07137884 -0.20858371
-0.18574253 0.14449102 -0.21374469
-0.22556798 -0.09199702 -0.41846374
-0.23319335 0.07763392 0.23583019
0.15139896 -0.02443002 0.27680892
-0.23263447 0.03273559 -0.16799107
0.02962752 0.01934579 -0.35310265
0.11285940 -0.01883668 0.41646662
-0.18183284 0.13852805 0.14440079
-0.22831000 -0.05979298 0.07325582
-0.22796364 0.04651219 -0.37025839
-0.05362908 0.01541997 -0.36240938
-0.10216884 -0.12582871 -0.41160062
0.14345926 -0.03267207 -0.37117374
-0.04227035 -0.03351782 -0.13373111
-0.18952352 0.14472696 -0.14470948
-0.08863036 0.01529911 0.37482947
-0.21236670 -0.03329751 0.25633064
-0.05275691 -0.02301020 0.20424616
-0.04674222 -0.04677650 -0.38371527
-0.20550212 0.13877618 -0.22112989
0.17998213 -0.06984074 -0.42070112
0.02229327 -0.14875999 0.41397315
-0.23517781 -0.14183189 -0.07707813
0.19529717 -0.02016113 0.37833875
-0.19244218 -0.01945630 -0.25164506
-0.21676160 -0.13971563 -0.25599635
0.03457545 -0.15358354 -0.41846621
0.00831395 -0.02788443 -0.06710719
-0.17702545 0.10896129 0.20287335
0.09103909 -0.02964775 -0.25952312
0.05455996 -0.03482798 0.04404414
-0.21800119 -0.09354684 -0.32843855
0.20950855 -0.08275207 0.02574365
0.01677325 -0.14037980 -0.39949545
0.12768582 0.03810552 -0.41026285
0.06702396 0.01132208 0.42047513
-0.20983723 0.09732142 -0.27574012
-0.18651372 0.12805502 0.07025897
0.18787956 -0.00849326 -0.25336790
-0.19134960 -0.00036095 -0.25914779
-0.00861605 -0.03514241 0.13174558
-0.19279070 0.14563906 -0.15796877
-0.16872722 0.05995787 0.25841987
-0.14205605 0.01542782 0.28124353
-0.08936613 0.03334248 0.41629612
-0.17541391 0.06921281 0.23699427
-0.22828570 -0.01071916 -0.05537365
0.19711140 -0.13281186 0.04156873
-0.22404422 -0.02331899 0.41663057
0.11229423 -0.02520185 -0.13931975
-0.05956864 -0.02185781 0.20856684
-0.22206406 0.10421763 -0.27333808
-0.21813045 0.14473166 0.24018019
-0.20309807 0.07929829 0.40828395
0.16165131 -0.03324242 0.25381345
0.11183158 -0.03728041 -0.07120086
-0.23421921 -0.06753662 0.28196210
-0.16089815 -0.01268062 -0.41133958
0.22753829 -0.03574335 -0.29259861
-0.23042554 0.05268843 0.27066842
-0.01538181 -0.03173358 -0.15165883
0.22540386 0.05709045 -0.38255224
0.20654427 -0.03537217 0.18725149
-0.16110834 0.02084209 0.11173360
0.20838550 -0.06372128 -0.03032640
0.20764111 -0.05705280 -0.41477317
-0.23460472 -0.04735784 0.33019197
-0.17619872 -0.02015705 -0.32028773
-0.13908891 0.02402451 -0.42034012
0.12337056 -0.14119990 -0.41599014
-0.12976705 -0.03000788 -0.18051292
-0.20355651 -0.08193626 -0.10863727
-0.13857076 -0.01809656 -0.02905138
-0.23392461 -0.02097959 -0.08850913
-0.22863397 -0.03129113 0.30684772
-0.22790411 0.01540202 -0.02032227
-0.17368987 -0.04247425 -0.41245848
-0.19444558 0.14502361 0.10968837
-0.11238815 0.00404470 -0.00190410
-0.22843570 0.08240992 -0.16234428
0.13071051 -0.13637902 0.39449441
-0.19330461 0.13879302 -0.31301883
-0.23176123 0.01019773 -0.04623206
-0.23025051 -0.07757130 -0.17061692
-0.16431800 0.06002165 0.09899162
0.14251450 -0.00912828 -0.27172697
0.19567308 -0.02234848 0.25872961
-0.20657322 0.03166430 0.35449868
-0.22822089 -0.06541435 0.19214584
0.19761913 0.02275774 -0.40850452
-0.08250879 -0.01242498 -0.27966189
-0.21855550 0.10757160 0.29783136
-0.15201983 0.12511893 0.38563955
-0.22914693 -0.14143027 0.28889039
-0.12271915 0.08709062 -0.35401267
-0.13191214 0.01162217 -0.40936869
0.09772544 -0.02663839 -0.09654641
0.18378372 -0.13323095 -0.13764465
-0.22474460 -0.14581610 0.10422833
0.01865353 0.04446242 -0.41355088
0.03455072 0.04349123 -0.41184193
-0.21237196 -0.14484632 0.19032937
0.23334284 -0.03091139 -0.27467912
0.04237089 -0.02455803 0.14121413
-0.22585352 -0.03508462 -0.39254498
-0.07415585 0.01390666 -0.39630905
-0.21162257 0.00212000 -0.09708247
0.21438539 -0.08110112 -0.14033625
-0.11077503 -0.03407349 0.16216996
-0.09101547 -0.03062649 0.17297108
0.21683455 -0.04373161 0.22894083
0.19179626 -0.06507555 -0.41343248
0.20037401 -0.12804373 -0.35115322
-0.22744918 0.07545368 -0.33320516
-0.10844849 -0.15208021 0.41192475
0.06346062 -0.00730302 0.34664550
-0.22842050 -0.06645215 0.24244849
-0.22958112 0.06156896 0.15295498
-0.02485835 -0.05521488 0.41840842
0.12760860 -0.02517127 0.23216164
-0.20817754 -0.01355937 0.36839223
0.20963471 -0.02201498 -0.16615652
0.22624193 -0.04471348 -0.28806782
0.00533169 -0.03112395 -0.16847439
-0.13877887 -0.02565306 0.22726542
0.15941225 -0.03223378 0.41813266
0.12518442 -0.00207714 0.41464910
-0.23475957 -0.10530881 0.33178642
-0.16573700 0.08609376 0.11462139
-0.23146632 0.00409211 0.28628796
-0.23041849 -0.10950595 -0.28389192
0.12853050 -0.09264683 -0.41980141
-0.08803567 0.01269235 -0.39447603
-0.15746474 0.04936802 0.03042573
-0.19393197 0.13315128 0.14174064
-0.08465577 0.00786847 -0.39400998
0.22000688 -0.09397803 0.04113210
-0.21187298 -0.10466149 0.36705154
0.18149105 -0.03007547 0.22017671
-0.20219494 0.05279417 0.40587300
-0.13909623 0.00549182 -0.38464871
-0.03369336 -0.01998360 -0.29402432
-0.04169039 -0.02389599 -0.01237181
0.23218229 -0.06244002 -0.20340596
0.14075409 -0.05885464 -0.15949368
-0.23049800 -0.04315941 -0.02363136
-0.22644225 0.05938993 0.38398513
0.23894830 -0.07497305 0.29676902
0.04533901 -0.02668697 0.18950084
0.12237222 -0.02578730 0.27290255
-0.22389349 0.08639994 0.24576464
-0.20910217 0.11893362 0.35577568
0.23182812 -0.10084193 0.27405778
0.21072286 -0.03319757 0.41190925
-0.10981451 -0.00282080 0.30070540
-0.22538929 0.05958143 0.26406625
-0.22723988 0.10387775 -0.02261436
0.09931830 0.00343672 0.36856464
-0.17537175 0.04923450 0.40748563
0.07542656 -0.03203688 -0.21078625
0.12401570 -0.02694311 -0.28703672
-0.22891943 -0.06964938 -0.37369442
0.21570775 -0.02048654 -0.00535376
0.02038684 -0.12839068 -0.41654861
-0.17853543 0.12768646 -0.21509093
-0.16838901 -0.00951546 0.41057563
0.22350137 -0.14196430 0.17799316
-0.22707078 0.06420591 -0.35866717
-0.22897956 0.01192964 0.36674622
-0.22485024 0.03632720 0.09592903
0.16235645 -0.05807094 -0.30718908
-0.07828749 -0.05720009 -0.41217962
0.01720726 -0.00949275 -0.29313093
0.18285093 -0.03609544 0.00395063
-0.22843321 -0.02550869 0.38180575
-0.14435136 0.00463990 -0.04270432
-0.22488599 -0.10081789 -0.31162095
-0.00647921 -0.06559026 -0.41697234
0.22227325 -0.02868425 -0.27866590
-0.24061430 -0.11849415 0.13630924
-0.19031142 0.04021507 -0.41288093
-0.22888742 -0.03225615 0.22274402
-0.22796667 -0.04475884 -0.00250221
-0.20980461 0.02956488 0.05505353
-0.22727993 -0.12416767 -0.41030681
-0.17073591 0.12491181 0.13297543
-0.22601566 0.12205677 0.33053958
-0.22260921 -0.10731360 0.38047588
-0.00243390 -0.13206066 0.41284409
0.05539902 -0.03642163 0.24933250
0.13764927 -0.10430942 0.41448885
-0.12784694 -0.03099333 0.41957414
-0.14421879 0.04339233 0.11785897
0.24138467 -0.08676458 0.27666357
-0.22864784 -0.12010718 0.20436455
-0.18351519 0.14383443 -0.33814383
0.22960021 -0.00730083 0.35868061
-0.22816512 0.02897926 -0.36290711
0.20964424 -0.10907733 -0.27525434
0.08170424 -0.02739985 0.41563937
-0.23124623 0.08378017 0.26516384
-0.00726166 0.03231008 -0.40879834
0.06371313 -0.02266561 -0.25489077
0.03935141 -0.00911586 -0.33081970
0.02747642 -0.05033653 0.41231966
-0.14054461 -0.00532904 0.21477994
-0.18507937 0.05132381 -0.17684759
-0.15346386 0.04587039 -0.06311826
0.22407542 -0.09035683 -0.39093506
-0.22701627 -0.05773065 0.21616127
-0.22813854 -0.09279364 -0.36619893
0.22295086 -0.08875807 -0.39992547
0.18955182 -0.02611667 0.26734442
-0.11870019 0.00849002 -0.09932193
-0.22659193 -0.04172922 -0.01340264
0.08490079 -0.02337827 0.34700984
0.22438361 -0.00897826 0.39671162
0.11120063 -0.02916188 -0.22414285
-0.12544477 -0.00931139 -0.41074887
-0.14633027 0.06881087 0.42077604
0.22879308 -0.02369374 -0.14449456
-0.21047629 -0.02634104 -0.01198146
0.13085759 -0.02892608 -0.17936097
0.00916220 -0.02000936 -0.27112025
0.13860352 -0.02399667 -0.14950161
-0.22822335 -0.06380604 0.16466355
0.20341586 -0.12002327 -0.40537637
-0.15773878 -0.09254181 -0.40866742
0.13485789 -0.03752581 -0.22036652
-0.23214431 -0.00493835 0.26748368
-0.23297432 -0.05838441 0.08366815
0.21996167 0.03090456 0.39124274
-0.14296512 0.01349125 0.22438999
0.14598170 -0.02205191 -0.24063084
0.13899809 0.04919863 -0.40021467
-0.01745976 -0.05497067 0.40519485
-0.15072870 -0.12284114 -0.41606215
-0.22384526 0.02693578 0.20298445
0.22317760 -0.01673691 -0.34685636
-0.17294514 -0.04980462 0.22102331
-0.22742178 0.09075408 -0.19323051
-0.15735963 -0.02439878 -0.08794429
-0.21412623 0.13796356 0.21913177
0.17163363 -0.05488139 0.18891400
-0.06680179 -0.02880694 0.24355002
0.07981677 0.02747449 0.41407210
-0.19063134 -0.10979437 -0.41873237
-0.16635016 -0.01240697 -0.00056604
-0.16394268 0.05981074 0.14511929
-0.12071558 -0.02129794 0.41586053
-0.02093472 -0.06891366 0.41397005
-0.22789760 0.09476309 -0.25669402
0.21184614 -0.15523000 -0.36666387
-0.22733903 -0.10940857 0.10876907
-0.22480486 0.13384809 -0.28956866
-0.08533194 0.00040278 0.41909868
0.16666590 -0.02355100 0.33754286
-0.22661185 0.05941099 -0.19950573
-0.05388068 -0.10832108 0.41513547
-0.05806709 -0.04398344 0.20841247
-0.23063187 0.10649003 -0.36363110
-0.14172167 -0.02292756 -0.22752573
-0.04666936 -0.04135386 -0.13699219
0.19094309 -0.13831159 -0.07657586
-0.18030459 0.14300747 -0.09347210
0.18302582 -0.00683525 -0.30289230
-0.04585151 0.03323378 0.41995740
-0.21998022 0.02486082 -0.38597584
-0.17761540 0.09178963 0.11653566
-0.05130609 -0.02804360 0.13245434
0.18240815 0.02986662 -0.40549043
-0.07690636 0.00341631 -0.31442565
-0.20346285 0.13841279 -0.04285901
0.22419468 -0.06270809 0.14706825
-0.00344043 -0.03370645 -0.03648164
-0.09578323 -0.00753879 -0.31976110
-0.22470458 -0.07554910 -0.17142734
0.12633950 -0.01206037 -0.26400995
0.06706658 -0.13643382 0.41363949
-0.01940121 -0.03111451 0.27851987
0.23157513 -0.06997956 -0.34580684
-0.09235462 -0.02393118 -0.28183383
0.22039340 0.01915897 0.41387859
-0.22960684 -0.12599128 -0.35282522
0.21389988 -0.11881986 -0.08557333
0.07485491 -0.02846682 -0.21383162
-0.06112423 -0.03267172 0.41656455
-0.18844134 0.14393993 -0.03807458
-0.09493648 -0.02178476 -0.16766423
-0.23609808 -0.05456583 -0.20318094
-0.12494614 -0.11627304 -0.39486191
0.12857577 -0.03253511 0.02688967
