-0.10425683 0.11243144 -0.19880521
-0.13084641 -0.14287674 -0.37339368
0.02268645 -0.12776180 -0.42439035
-0.22932552 0.02343365 0.41513652
0.05576587 -0.02351675 -0.12531437
-0.21590637 -0.14599170 0.16545178
-0.03580513 -0.02198261 0.04971733
-0.19089164 0.16192983 -0.33175248
-0.09607010 -0.06588956 -0.42372993
-0.21617241 0.11901437 0.07305820
0.08966824 -0.02893152 -0.41380301
-0.11656816 0.14212215 0.39485502
-0.21139330 0.15414055 -0.31931910
-0.17385271 0.15991104 0.10318027
-0.22789291 0.09269444 -0.20896402
0.17762442 -0.01542009 0.29813638
-0.22756010 -0.13683462 -0.09335580
-0.00742831 -0.01662435 0.34176084
0.17487016 -0.15438236 0.08061597
-0.08468589 -0.14414245 -0.23218432
0.13061027 -0.00702233 -0.26036572
-0.11074390 0.01571393 0.02944096
-0.11698835 0.15026788 0.31196696
0.06299753 -0.14693917 -0.36294430
0.23397137 -0.06490496 0.07881707
-0.20906495 0.14886460 0.19798924
-0.09747127 0.14894296 0.32419074
0.10575864 -0.14455478 -0.12699521
0.03224003 -0.02856004 0.14936979
-0.15526229 0.15700053 -0.23021141
0.22287662 -0.03957605 0.02810475
0.19671132 -0.02616911 0.17373715
-0.10720137 0.08975758 0.04452389
0.02826242 -0.02867572 0.13334773
-0.12308082 -0.14498101 0.17744873
0.03680088 -0.04972439 -0.18182938
-0.22882558 0.01824244 -0.36502647
0.22545901 -0.08547959 0.01168827
-0.14156416 -0.02196262 0.41958866
-0.22731137 0.08976781 0.26533341
-0.18019639 -0.04778790 0.41927150
0.11050723 0.05116537 -0.34675664
-0.23178221 -0.13242084 -0.11012773
-0.01920998 0.01942247 0.36005294
-0.22770242 0.11550714 -0.28918901
-0.23382334 -0.11085398 0.39393136
-0.05327838 0.02404774 0.32725197
-0.17663182 -0.14506260 0.37295815
-0.08441580 -0.01552279 -0.31107229
0.05067056 -0.14182104 0.05592622
-0.19728981 0.15442839 -0.03391035
-0.05822047 -0.14393607 -0.07375468
-0.22711018 -0.00671725 -0.35277340
-0.09000832 -0.01128131 -0.20346022
-0.01657223 -0.14693588 -0.26955941
-0.16984673 0.15708905 0.25008413
-0.01789545 -0.14422879 0.32820186
0.07276198 -0.04869217 -0.20784731
-0.05855739 -0.02698187 -0.04637627
0.06270733 -0.02821931 -0.00419192
-0.09929875 0.11254247 -0.09590670
-0.17681217 0.15140802 0.21411441
0.21612407 -0.07372650 0.16775797
-0.12120385 -0.14582866 -0.03816353
0.07983381 0.07002313 0.39076900
0.03002321 -0.16143636 -0.04821956
0.06003752 -0.03345121 0.21519756
-0.02039330 -0.14319819 -0.15529300
0.16709487 -0.02280239 0.11361201
-0.22975457 -0.03021206 -0.10905488
0.17568383 -0.07639271 0.41999555
-0.08420151 -0.13013329 -0.42101967
-0.22981739 0.04168176 -0.20611334
0.21130198 -0.14097703 -0.35380250
-0.10729412 0.02414734 -0.10446157
-0.09754250 0.05945987 0.17618185
-0.12008686 0.10923820 -0.40804058
-0.22832339 0.08562615 0.19944532
0.07748295 -0.06924707 0.42411143
-0.00914469 -0.14111465 -0.41906181
-0.07608327 -0.02351023 -0.00458973
0.23356168 -0.05908870 -0.10762811
-0.23237932 0.05276822 0.13978273
-0.02152873 -0.03048692 -0.26029158
-0.23411347 -0.02199299 -0.37871411
-0.11758426 0.15334880 -0.06861674
-0.03428745 -0.02529562 -0.19190288
-0.03813212 -0.00314680 -0.31642023
0.16049956 -0.02628095 -0.22595184
-0.01949558 -0.02865078 0.16349605
-0.22603799 0.14406821 -0.40178680
-0.02187270 -0.01592185 -0.37468967
-0.22804220 -0.08866655 -0.41781035
-0.03519366 -0.02828772 -0.22335158
0.23674017 -0.14353403 0.27664512
0.13289016 -0.03162050 0.03459894
0.21607715 0.00270447 -0.32764503
-0.02042523 0.04727324 -0.36732653
-0.10147080 0.12519273 -0.05014955
-0.04829806 -0.02057594 -0.42241123
-0.15924302 -0.14803793 0.12927419
-0.14496785 0.15763153 -0.17889108
-0.06199713 -0.01001396 0.11125173
0.17185694 -0.02796002 0.03683957
0.23234004 -0.06624973 -0.10814284
-0.10380460 0.04668291 -0.10529114
-0.08491148 0.11443912 0.31222019
-0.00013493 -0.01861918 -0.05881051
-0.22179325 0.15299915 -0.41598856
-0.12615493 0.13873723 0.14910078
0.11519679 -0.02737687 -0.32800758
0.19096372 -0.03886639 -0.35805255
-0.08983652 0.07259911 -0.07584764
-0.12885296 0.15257283 -0.28535774
-0.23409255 -0.02978789 -0.31058687
-0.09539030 0.09514154 -0.14859633
-0.22875395 0.11605893 0.18845460
-0.20666167 -0.14940633 0.28038651
0.17944063 -0.14859715 -0.27826229
-0.05385165 -0.03369763 0.02822992
0.03380426 -0.14465566 0.24107483
-0.09801420 0.08016863 0.08434749
-0.22993545 -0.02806840 -0.06817471
-0.22847693 0.05602269 -0.21803211
-0.14803821 -0.15990880 -0.02877470
0.19537053 -0.14522189 -0.36586627
0.22744986 0.01839629 0.41118112
-0.07857127 0.08867770 -0.40454534
0.22382419 -0.07882494 0.29551631
0.11414745 -0.13260414 0.42784542
0.23298223 -0.01846445 0.42335245
-0.23050754 0.01654276 -0.21202332
-0.12020312 0.09340319 0.37156278
-0.17577896 0.15523665 -0.13705492
0.04844328 -0.02690423 0.25489107
0.03968717 -0.15539336 0.26436540
0.23411806 -0.13772275 0.28579903
-0.22740223 0.06714148 0.09819151
-0.22623302 0.05258614 -0.02639520
0.01549583 -0.12217396 0.42819053
-0.17744043 -0.15502515 0.06350525
0.15198773 -0.02579316 0.11249667
-0.16523068 0.16057613 -0.42021275
-0.18748362 -0.14905269 0.23055695
-0.20266315 0.15652743 0.08227019
0.11513418 -0.01586292 0.30221045
0.12263203 -0.07396229 -0.42169648
-0.20284523 0.00297802 -0.24132642
0.23160051 -0.06485774 0.40726820
-0.22384718 0.12296784 0.32975984
0.06057674 -0.14660421 0.36727774
0.02650706 0.04889897 0.41537765
-0.09874482 0.10772118 -0.12883925
0.03613400 -0.05019094 0.42328894
-0.16956569 -0.14387602 -0.32694778
-0.22706018 0.01898355 -0.01607604
0.23222896 -0.03393035 -0.33071914
-0.01684379 -0.14524056 -0.35841316
0.19900241 -0.02394586 -0.19035773
-0.10848462 0.01238518 0.07478927
-0.07309613 -0.14469859 0.06336822
-0.10923968 0.08035011 0.39272127
-0.23295473 -0.07473058 0.15159105
0.10603742 -0.14337403 -0.11298166
-0.08996453 0.05924124 0.10146475
-0.19999306 0.16441903 0.39063400
-0.01769513 -0.14580439 -0.38199615
-0.14103569 -0.14805497 0.20934723
0.10747552 -0.16030668 0.08458098
-0.11737157 0.08302587 -0.42101297
-0.02998779 -0.14472961 -0.30610102
-0.19821261 0.07183689 -0.42144558
-0.12123896 0.11488058 0.24526495
-0.01494897 -0.03614183 -0.32606220
0.20510378 -0.14888668 0.03380302
0.22987095 -0.05612988 0.21089275
-0.10593011 0.15430644 0.25102961
0.22983763 -0.12146745 0.12704684
0.05801435 -0.15715691 -0.15023008
-0.07060145 -0.14804463 -0.21479149
0.03988141 -0.06029502 0.42132580
0.12618639 -0.02723598 0.42115149
-0.22883916 0.09948598 -0.19831611
0.03508363 -0.03324681 0.13982050
0.23046657 -0.11487457 0.08884045
-0.00579048 -0.13976449 0.26862872
0.06205734 -0.03159187 -0.00256119
-0.04212318 -0.14473598 0.36701471
-0.22879267 0.10215876 -0.32556081
-0.14302251 -0.14601131 0.18291323
-0.22749396 0.12811933 0.00881040
0.23364232 -0.12595981 -0.20152690
-0.14216737 0.16232954 -0.01669729
0.11037547 0.00357729 0.31944084
0.23044540 -0.14126207 0.23628733
0.17873269 -0.13533710 -0.41902128
-0.23553395 -0.10930798 0.14742804
0.04654282 -0.01990743 0.23986425
-0.23231964 0.00536442 0.15223241
-0.20470287 -0.12476031 -0.10955371
-0.23030464 -0.09591397 -0.37913570
-0.17134875 0.15212895 -0.03888063
-0.10647212 0.06716585 -0.39934382
-0.22972932 -0.08916957 0.16170071
-0.14932141 -0.07074027 -0.42095768
-0.23370247 -0.03766221 0.26171780
-0.13473839 -0.14554937 -0.14305463
0.23783180 -0.08469402 0.38722935
-0.22517018 0.13635179 0.14154691
-0.09761878 -0.14927271 -0.36355975
0.02026891 -0.14534684 -0.26975355
-0.23201832 -0.10144205 0.04260563
-0.01024469 -0.01269487 -0.41743675
-0.08969960 0.08497033 0.36153835
-0.23345247 -0.12723857 0.06299026
0.05305504 -0.14313895 0.15088937
-0.22731799 0.08072674 0.08071534
0.22101805 -0.14854738 -0.31904790
0.16716287 -0.02820807 0.07009208
-0.12315903 0.11771315 -0.08930337
-0.09481199 0.10205571 -0.35277382
-0.23198812 -0.07472320 -0.03635349
-0.06321214 -0.14719608 0.13890740
0.02990915 -0.02706631 0.23848638
0.22844429 -0.06197436 0.33376968
-0.04822703 -0.14270377 0.04421072
-0.09719314 0.06551559 0.16808076
-0.17549299 -0.08054819 -0.42536506
-0.09228257 0.06469731 -0.08841798
-0.05628586 -0.02119893 0.22955713
0.07204478 -0.07544079 -0.42182797
0.17157260 -0.00493188 -0.18217456
-0.07854730 -0.00879496 -0.30357173
0.16853675 -0.01759318 -0.33295926
-0.20235352 0.16674913 0.35662934
-0.21771549 0.00372986 0.35796934
0.22819957 0.00146378 0.41879275
-0.15043703 -0.15135631 0.39922383
-0.16052821 0.09612814 0.42222598
-0.22792703 -0.13691534 0.17513278
-0.23530142 -0.03326064 -0.40838468
-0.08123314 -0.01349661 0.08513264
0.23364423 -0.07921381 0.25302443
0.22957733 -0.06157745 -0.13783689
-0.23070371 0.06892829 0.30060688
-0.15653780 -0.14720260 -0.08648865
0.12933362 -0.01960060 0.28104907
0.07747318 -0.02466854 0.26435098
-0.23053473 0.06782544 -0.22803624
0.14061639 -0.14454107 -0.13379747
-0.19795230 0.15647586 0.16520184
-0.14703725 0.00675314 0.41664574
0.11309159 -0.14620394 -0.19263288
0.03357360 -0.01624615 0.40295357
0.13520972 -0.02607730 -0.23437488
0.22458957 -0.11637627 -0.35690498
-0.10091488 0.15619725 -0.00330139
0.06181579 -0.14192469 0.23572314
0.23011646 -0.05207381 0.13799384
-0.22477551 -0.09575023 -0.39327267
-0.14836997 0.15821622 -0.23840883
-0.13196436 0.15665306 -0.27690387
0.21669927 -0.03488903 0.20335031
-0.22889926 0.09364735 0.34321433
-0.18664719 -0.14481208 -0.41938174
-0.23032647 -0.12148003 0.34646866
-0.22784126 0.09916131 0.36670324
0.21193549 -0.07363339 -0.02265534
-0.10732867 0.14791030 0.14292936
-0.20883004 -0.14332873 -0.29735702
-0.13277999 -0.14013605 -0.21128502
0.21012220 -0.02697770 0.12405489
0.20219861 0.02198144 0.41072890
-0.10940034 0.02900589 -0.39140189
0.09398029 -0.02594324 0.25773725
0.22731932 -0.00139650 -0.34306422
-0.22705831 0.09349200 -0.40553325
0.04738700 -0.14562161 -0.11659892
0.23081192 -0.06946709 0.11129180
0.08449166 -0.09078220 0.42422584
-0.12568837 0.06443256 -0.35131833
-0.19360115 0.00751247 0.17347424
0.19680989 -0.15150090 -0.24990731
-0.09300720 0.06778449 0.09134620
0.21788362 -0.08625509 -0.23891640
-0.22222112 -0.14284775 -0.36579534
0.20014839 -0.01569283 0.30912095
-0.21571875 0.13493297 0.18517682
0.22683972 -0.13612898 -0.26225364
0.16622694 -0.00789162 -0.15889660
0.08712316 -0.14014287 -0.34473991
-0.01576849 -0.02304000 -0.27395818
-0.22928837 0.00109128 -0.34138083
-0.10043008 0.01826936 -0.13424674
-0.04262778 -0.02148257 0.02347920
-0.22683793 0.12040901 -0.22950664
0.00599175 -0.14302945 -0.37640125
0.19631815 0.03223959 -0.34067136
-0.22944158 0.03467934 -0.26020214
-0.02245553 -0.15414111 0.22164813
-0.21747886 0.15266706 -0.13493906
-0.23058566 -0.12818013 -0.42153683
-0.03778079 0.04780216 -0.40796325
-0.06887020 0.03586777 -0.37389258
0.12321557 -0.02579637 0.23353885
-0.09275316 0.06385568 0.41963506
0.22509980 -0.02371724 -0.32831091
-0.05001758 -0.02402258 -0.18697482
-0.05109405 -0.02214154 -0.12288870
0.00680934 -0.14259396 0.29169905
-0.01251434 -0.14117983 -0.36392805
-0.23280573 -0.07750836 0.23430069
0.10561256 -0.03507212 0.03898718
-0.09444759 0.11353768 0.13048208
-0.10896139 0.01250516 0.26824731
-0.22835630 0.00681015 0.12464078
-0.08671036 0.14247978 -0.31986403
-0.03049436 -0.02790394 0.02875942
0.22892177 -0.12305440 -0.08972809
-0.22234371 -0.14814807 0.17015605
0.00382415 -0.13203017 0.42096269
0.23536809 -0.08429345 -0.26164541
-0.15374933 0.15637352 -0.19009069
0.19724382 -0.03483748 -0.27874562
-0.23058383 0.08855586 0.10973117
-0.16633423 0.15388182 0.19428016
0.08678859 -0.02204250 -0.31128535
0.12410516 -0.14025383 0.00406384
0.22071630 -0.08258548 0.42346507
0.10707164 0.00487629 0.29341486
-0.18676467 -0.14588654 -0.36298153
0.08946605 -0.14654347 -0.28521931
0.13157929 -0.03186592 -0.01714665
0.20234270 -0.09795355 -0.07230969
0.01814410 -0.14692366 0.36656886
-0.22929202 -0.11732598 0.05705735
0.03107736 -0.11897329 -0.42312798
-0.22375581 0.01966361 0.09171799
0.23086439 -0.04960486 -0.16001976
0.22310989 -0.04738028 -0.32615057
-0.10009766 0.00704583 0.07768235
-0.23323730 -0.05903130 -0.21121249
0.04696374 0.01002326 -0.32424980
-0.22875471 0.10364896 0.33254105
0.22601090 0.03221125 -0.36740318
-0.07664579 0.02108380 0.34016174
0.18643987 -0.15204474 -0.19927344
-0.22915509 0.13156620 -0.37929839
0.18112935 -0.06238485 -0.42523420
-0.23032410 -0.03461921 0.13314487
-0.10633489 0.01605924 0.00514090
-0.17500752 -0.14483885 -0.27077961
-0.11263859 0.15575275 0.34641322
-0.01138829 -0.02626380 -0.16878948
-0.23196524 -0.12692234 0.03245746
-0.23098925 -0.05881423 -0.09599990
-0.21448226 -0.14466821 -0.07200301
-0.22551030 -0.03155103 0.27608925
-0.03490191 0.04100145 -0.36169365
-0.03258756 -0.14631608 0.37933838
-0.21132950 0.15024848 -0.42244774
0.02309160 -0.14380634 0.36533761
-0.10894632 0.11438237 -0.02237736
0.22552541 -0.03278721 -0.25353318
-0.13682933 0.14469811 -0.07912026
0.14644252 -0.14175990 0.27486175
-0.00076256 -0.04139787 -0.27629355
-0.13428198 -0.14698397 0.02771701
-0.23046315 0.04034756 -0.02657600
-0.07292284 -0.01939709 0.22084837
0.19748481 -0.14259920 0.28733099
-0.02238241 -0.03147004 0.29323152
-0.13463545 0.13689426 -0.33559120
0.00774441 -0.14021179 -0.08493879
0.17734236 -0.02395493 -0.31952617
0.16936062 -0.06211144 -0.42170462
-0.20483318 -0.15043135 0.16417232
-0.17586431 -0.11817540 -0.40697330
0.07752499 0.00026163 -0.42216864
0.11231416 -0.06219642 -0.40792811
0.08889067 -0.01899367 0.31614351
0.07305621 -0.03065940 -0.03842742
-0.05298938 -0.00604106 0.17076869
0.10945544 -0.14081161 0.19209723
-0.21355212 0.13314328 -0.12073147
-0.02687303 -0.13901800 0.40611550
-0.22780244 0.07316999 -0.22486557
-0.10511876 0.15843861 0.33857197
-0.19962196 -0.03865383 -0.42386407
0.22482120 -0.13471754 0.39717641
0.22103316 -0.13972667 -0.38039494
0.05451400 -0.01566187 0.40182224
-0.08179909 -0.04364626 -0.22796416
-0.16843526 -0.07574409 0.42016250
0.15515430 -0.05778668 -0.42466930
0.11315980 -0.02394423 -0.11366658
0.21510974 -0.14929359 0.07547889
-0.09773347 -0.13924257 -0.32505441
-0.09840847 0.02620467 0.42377537
-0.11121126 0.12861545 -0.37181827
-0.09576666 0.15391257 -0.04737560
0.15764490 -0.08818898 0.42373410
-0.19329688 -0.11858590 0.40166357
-0.22617032 0.07977157 -0.16216846
-0.07699578 -0.14474887 0.27603400
0.20899145 -0.14477433 -0.29447281
-0.09972492 0.02329380 -0.42062950
0.23090330 -0.12308780 -0.11213069
-0.22936676 -0.01323843 0.25950035
0.03449742 -0.14085919 0.38369617
0.23095469 -0.05665819 0.22360304
0.06567670 -0.04017900 -0.17611703
-0.08748554 -0.02696675 0.21008843
-0.10784547 0.05986505 -0.17864130
-0.10807447 0.10611424 0.38488781
-0.10222752 -0.14799137 0.35248509
-0.11408540 -0.14916013 0.04464919
-0.21201961 0.15297452 -0.26971680
-0.17860582 -0.11511064 -0.38880160
0.18911761 -0.01758445 0.26712468
-0.09462385 0.04762670 0.25381917
0.22638282 -0.02973538 -0.14501795
0.04547760 -0.03002846 0.16446248
-0.15736373 0.15563858 0.02494196
0.00948153 -0.03718106 0.00022172
-0.04988855 -0.14401987 0.41743305
-0.22800812 -0.10943276 0.02246449
-0.16253003 0.16257115 -0.19975874
-0.11161555 0.00922612 -0.40707716
-0.10461179 0.01041425 -0.11644263
0.21806419 -0.14713441 0.35193995
0.16124196 -0.01695560 0.25634474
-0.20023410 0.07435855 0.42479914
-0.13595267 0.15774637 0.13588674
0.18077423 -0.14244746 -0.38174039
-0.10565802 -0.04163843 -0.41447568
-0.10914779 -0.15135859 0.21541062
-0.11665854 0.16007662 -0.09833327
-0.23197466 -0.05168024 0.11536030
0.11768076 -0.09482404 0.42568603
-0.22788088 -0.00747761 -0.13219810
-0.21886863 -0.13334759 0.39101964
0.08312304 -0.03184827 0.04763335
-0.22611639 -0.14202981 0.09437696
-0.22839160 0.14151777 -0.38104457
0.05568566 -0.13855554 -0.22230285
0.22887036 -0.04271994 0.40800619
-0.06465094 -0.13008623 -0.42544830
0.03121135 -0.08721296 0.42012528
-0.22898020 -0.02109379 0.03072245
-0.23032865 -0.13460414 0.13701566
-0.23160324 0.03835792 -0.12903377
-0.23309997 0.11164472 0.34562674
-0.22921093 -0.06186148 0.34313339
-0.11819898 0.15954055 -0.08585139
0.06215922 -0.03064395 -0.06798874
-0.05807266 -0.14476925 0.21644364
-0.10170672 0.01814274 -0.09457001
-0.23135240 0.10124969 0.39814323
-0.11517441 -0.05102437 -0.34323314
-0.05366524 -0.15985313 0.21221840
0.18639441 -0.05526266 -0.42310044
-0.17460425 0.15594594 0.39149305
0.23032913 -0.14526501 -0.31048727
-0.10477255 0.05589005 0.28538126
0.19014752 -0.02556918 0.37267378
-0.17192094 -0.14331217 -0.24703954
0.05289796 0.03106695 0.35593230
-0.06528827 -0.14674288 0.01593264
-0.19567034 -0.14349686 -0.29791892
-0.07522305 0.08602676 -0.34948599
-0.10887969 -0.14448854 -0.22450392
-0.23322274 0.00315049 -0.39890364
-0.22760563 0.09739690 -0.07194789
-0.11913008 0.08094312 0.31199452
-0.17954141 0.16492730 0.35455450
-0.16298264 0.14886267 0.18967289
0.22766635 -0.09554613 -0.37737933
-0.11560053 0.12545249 -0.41440341
-0.22667676 -0.13353984 0.19221415
-0.22864009 -0.06126435 0.41702288
0.18586941 -0.02167364 -0.19997950
-0.17931716 0.05760688 0.41651592
0.23457596 -0.06565566 0.11570835
-0.00085744 -0.01904804 0.35430408
0.05001311 -0.01015503 -0.30203015
-0.23141061 -0.06697572 -0.03945947
-0.12985657 0.15389487 -0.21897788
-0.18833789 -0.14915174 0.33476654
-0.09964079 0.08311370 -0.23648554
0.05583555 -0.14196672 -0.29587382
-0.22127105 0.12562478 0.32540062
0.17162545 -0.02479006 -0.10730168
-0.20061009 -0.14650114 -0.29226750
-0.17086238 -0.14280020 -0.37501627
-0.23199159 0.00048545 0.07551745
0.23624231 -0.08409566 0.25529701
0.07186145 -0.03126989 -0.41664964
0.09703143 -0.14664952 0.03691825
0.23184229 -0.05334544 -0.22825466
-0.07235298 -0.00602439 -0.42539197
-0.23363556 -0.06691391 0.42016178
-0.10480069 0.04848050 -0.12514105
-0.10627569 0.15162024 0.26078019
-0.04223868 -0.14251524 -0.11714241
0.23052330 -0.05172319 0.35275888
-0.06561013 -0.14026348 -0.24458539
-0.19092472 0.04365461 0.42148086
-0.14783335 -0.14664218 0.08091941
-0.11602423 -0.14531699 0.13268241
0.22978291 -0.14264190 0.41771153
-0.04960739 0.03491259 -0.34157789
0.18977670 -0.04191331 0.27206114
-0.01542631 -0.14409529 -0.09459669
-0.23142168 -0.03698596 -0.04477499
-0.08965388 -0.08500819 0.42150733
0.04364944 -0.14196321 0.28961515
-0.23406012 -0.11612587 -0.07885807
-0.23236190 -0.05483624 0.31993431
-0.22908945 -0.07486499 0.23253959
-0.22896774 -0.05621849 0.20204137
-0.22900985 -0.13649268 -0.37186715
-0.21331498 0.12620857 0.39518538
-0.22946478 -0.11316949 -0.28384888
-0.03928345 -0.14756440 -0.39379874
-0.07682561 -0.02502202 0.06183320
0.20604987 -0.12300578 0.07579251
0.08020092 -0.14426094 0.00007105
-0.00482666 -0.03240047 -0.23547959
-0.16522537 0.15399675 0.23273335
0.06821267 -0.14519145 0.03433454
-0.19482723 0.00263953 0.11038078
-0.22669294 -0.11916713 -0.28209165
-0.20333004 -0.14635515 0.06133354
0.14678840 -0.01388061 -0.00212950
0.22950594 -0.04901495 0.32119191
0.12470662 -0.14563306 -0.07663988
-0.22786608 0.05706643 -0.06940764
-0.00703483 -0.14214945 -0.13142993
-0.15363845 -0.15002081 0.35845765
-0.00043703 -0.15035868 0.01689708
-0.02778014 0.02131431 0.33371720
0.07070640 -0.14988209 0.41956979
0.17616087 -0.12484679 -0.42339373
0.11398984 -0.02852165 -0.41980532
-0.19427441 0.00231800 0.07388911
0.02618763 -0.15638062 0.00583568
-0.22264637 0.08704253 -0.33449847
0.07313690 -0.14448765 0.03219035
0.22879049 -0.08856117 -0.08290914
-0.06979030 -0.01608545 0.08569920
-0.21954124 0.02374572 -0.37398827
-0.20437871 0.10194907 0.41364476
0.07626048 -0.02705843 -0.16545452
-0.23101366 0.11930913 -0.33979926
-0.23081575 0.09541283 0.02851095
-0.07276248 -0.14139463 -0.38390008
-0.10586967 0.08395547 -0.10197379
-0.09826855 0.02705458 -0.05957638
-0.07437654 0.00511152 -0.42117953
0.12279824 -0.00845695 -0.28834453
0.09128045 -0.01029479 -0.42098558
0.22034843 -0.15044530 0.14282173
0.19666201 -0.14334774 -0.38780364
0.20715605 -0.03513659 0.07832790
-0.11789326 0.08713067 0.41588673
-0.06508732 -0.15392657 0.00237200
0.10439213 -0.14680092 -0.23336662
0.02063720 -0.14561112 0.02279004
0.21255659 -0.14645234 -0.29343748
-0.10283446 0.00072495 0.42090055
0.08234045 -0.14985822 0.25377291
0.12309314 -0.14041111 0.23906814
-0.19734150 0.12430386 -0.40656722
-0.21009201 0.13314047 -0.03356121
-0.07266185 -0.15074584 -0.27904707
-0.23016137 -0.13306166 -0.41079181
-0.23055175 -0.12185375 0.14056972
0.12165035 -0.14420596 -0.08783785
-0.23030205 -0.08809455 -0.33969453
-0.22123609 0.13055278 -0.15587421
-0.17711554 0.15778762 -0.02800004
-0.07156601 0.06530278 0.41994292
0.03494506 -0.02428946 0.30810067
0.10138585 -0.14254063 0.37990910
-0.22866970 -0.13246663 0.26783574
-0.05655793 -0.14568989 -0.15257655
0.20049390 -0.03332588 -0.23596014
-0.22835726 0.08419304 -0.14696236
-0.13335900 -0.15601611 0.25477469
-0.22362427 0.12922211 0.30475354
-0.09966792 0.15192680 -0.34165621
-0.22707611 0.14045241 -0.14737359
-0.13713673 -0.14362288 0.38725114
0.22489221 -0.03298002 -0.06734762
0.21520013 -0.02699562 0.15461451
-0.03299392 -0.00825289 0.42221153
0.11592764 -0.13961457 -0.08637537
-0.23052548 -0.02596446 0.33793706
-0.07248970 -0.14623287 0.17263593
-0.22965162 0.04961812 -0.15401155
-0.08993343 -0.04135387 -0.23502438
-0.09179376 -0.01589641 -0.05577904
0.21107824 -0.14568657 -0.26455638
0.21223304 -0.05886507 0.24713202
-0.22446129 -0.14432217 0.01552182
0.18421519 -0.14170238 -0.04884660
-0.12491878 -0.05426600 0.36002889
-0.15514006 -0.14786048 0.33384091
0.09563020 -0.05718625 0.42409071
0.22730957 -0.08768719 -0.40389097
0.07451820 -0.12820813 -0.42217639
0.23230919 -0.06752530 -0.01881655
-0.22934379 -0.00424081 0.15295812
0.23417829 -0.11953097 -0.26203692
-0.22444901 0.14413691 0.02071004
-0.18673214 -0.12466746 0.41979253
0.10123094 -0.15220197 0.15010810
0.17988349 -0.02337079 -0.32430664
-0.10539483 -0.14900590 -0.19970649
-0.09410682 -0.12129615 0.42167902
-0.15050034 -0.15694363 0.09477779
-0.17428777 0.15896179 0.08644900
-0.23211995 -0.08987866 0.15304105
0.08519945 -0.14554961 0.15431748
-0.07250074 -0.03432610 0.27299416
-0.22718789 0.06511465 0.06515646
-0.00139979 -0.02585939 0.40455258
0.22466911 -0.12255623 -0.11836585
0.02357826 -0.14930871 -0.36258888
0.10926786 -0.14295517 -0.01891186
-0.22102703 -0.14381148 0.04383469
-0.21408288 0.02545171 -0.13637631
-0.21158992 -0.14582326 0.17797974
0.00864209 -0.03073089 0.03932021
-0.05473892 -0.14722857 0.12921374
0.09786782 -0.00728306 -0.41882193
0.23375221 -0.05758610 -0.32556632
0.15696239 0.01143339 0.36227795
-0.01591582 -0.03607976 0.20214866
0.15175287 -0.02971918 0.07718340
-0.21481061 -0.00047766 0.39542297
0.12181371 -0.14802304 0.17191350
0.00029632 -0.14436254 -0.35282254
0.18486379 -0.02891874 -0.16948077
-0.06585263 -0.02809736 0.04090633
-0.10305200 0.04994217 0.13379908
-0.23108231 -0.09783718 0.34734333
-0.21011692 -0.15288897 0.08395232
0.05167833 -0.01838853 0.32461494
-0.10652798 0.01269045 0.11459330
-0.05141538 -0.03588954 -0.00219893
-0.18856457 -0.12405875 0.36310521
-0.11350091 0.16268574 -0.29047912
0.22527412 -0.06562754 -0.11179931
-0.09911019 -0.00854798 0.27306497
0.23500404 -0.09056771 0.31112188
-0.01432350 -0.00553789 -0.42105550
-0.23400088 0.02643007 -0.37759057
-0.16950229 0.02589091 0.41640800
0.22161952 -0.05415510 0.08135167
-0.11423905 -0.07382534 0.42392123
-0.05621181 -0.03494810 -0.02016279
-0.19845518 0.15435877 -0.24226865
-0.07471942 -0.03418779 -0.42576486
0.18868189 -0.14261068 0.13842717
-0.11731637 -0.00693310 -0.19719917
0.07880229 -0.14156997 -0.15339512
-0.21544912 -0.14528359 0.02030896
-0.09836038 -0.14840673 0.12210146
0.23621295 -0.10289080 0.22664352
0.21566352 -0.03167231 0.18132438
0.10326832 -0.02239438 -0.25816163
0.10490265 -0.14510277 -0.24592254
0.21850453 -0.09531207 0.41336927
-0.08068286 0.12902725 -0.28914306
0.04474143 -0.02480876 -0.15421958
-0.08412117 -0.14753267 0.02994838
-0.10665034 0.16141315 0.04038077
-0.07452343 -0.01564302 -0.05957782
-0.06248004 -0.02139223 -0.05483646
0.00626893 -0.01869381 0.30061036
-0.22738762 -0.08398487 0.03248458
-0.15973198 -0.14792429 -0.33692548
-0.09139436 -0.00775662 0.22910570
-0.13135627 0.14503932 -0.06445340
-0.07973810 -0.02233591 0.02221391
-0.03182592 -0.14640413 -0.14202072
0.18984480 -0.02435420 0.42823133
-0.23252293 -0.02728541 -0.19677214
-0.13373719 -0.14392245 -0.21626554
0.23029585 -0.05941312 0.30190298
0.10223779 -0.02251103 -0.09615512
0.22023648 -0.14775795 -0.42336625
0.18785827 -0.15254603 0.37880316
-0.12116309 -0.12066707 -0.42875195
-0.23024175 0.01325557 0.20765603
-0.23323986 -0.04468504 -0.34949660
-0.03797315 -0.01672355 0.22403362
-0.09329224 -0.13049582 -0.42160600
0.23496933 -0.06395926 0.13300094
-0.05188502 0.00304297 -0.27659872
-0.07911534 0.01859646 0.41872832
-0.04775541 -0.14438950 -0.11878521
0.22638062 -0.06062125 0.05184053
0.22882764 -0.08050651 0.28335923
0.05486777 -0.15117812 0.24565274
0.23268507 -0.13316293 0.02076288
-0.23084229 -0.04557891 -0.07945693
0.21528204 -0.01316001 -0.30640727
0.08146378 0.05914093 0.41221878
-0.22876687 -0.08430174 0.10820527
-0.22817731 0.06647462 -0.24407406
-0.23322992 0.04468153 0.12298693
-0.12973148 0.14406529 -0.17362131
0.03123873 -0.13849503 0.41115659
-0.22857487 0.06173413 0.00526695
-0.01158932 -0.14255241 -0.02600939
0.12434807 -0.03364988 -0.03590469
0.19223869 -0.14317998 -0.37205529
-0.09546148 0.05695532 0.00901370
-0.23022301 -0.09132725 0.39625165
-0.20746922 0.08415024 -0.36131835
0.11118236 -0.01841318 0.35954785
0.02511674 -0.02506339 0.26296026
-0.21777862 0.07094765 -0.42609376
0.19327718 -0.14646247 -0.10186965
-0.22957106 0.04009533 -0.19690678
-0.15684381 0.16119143 0.37561157
0.23369658 -0.03724324 0.06763405
0.02445016 -0.02379664 -0.17150746
-0.22487108 -0.14079517 0.23760024
-0.03639793 -0.12210274 0.42337418
-0.10046782 -0.02627084 -0.39874870
-0.03954463 -0.15187383 0.26731086
0.01322230 -0.14879274 -0.38696334
-0.21890593 0.13686201 -0.04628196
0.23233372 -0.10840892 -0.01054354
0.12679511 -0.01716703 0.32398492
-0.18688668 0.04533936 -0.42166516
-0.10888143 -0.00975094 0.22237857
-0.11295297 0.10309355 -0.09421297
-0.23060663 -0.00907394 0.28869399
0.06005251 -0.02428352 0.16325945
-0.19183789 -0.14444058 -0.04636300
0.23034629 -0.05268089 0.06958282
-0.00832648 -0.04056322 -0.30400556
0.01175158 -0.02270108 -0.23504469
-0.22989307 -0.09561156 0.17631468
0.22907947 -0.06156149 -0.12457703
-0.04332677 0.03793940 -0.35249698
0.05361932 -0.12200794 -0.42346042
-0.23387294 -0.00239689 0.39164290
0.23476313 -0.11094494 -0.14609021
0.21635936 -0.08940460 0.01435428
-0.02920812 -0.14734367 -0.02082941
0.13884240 -0.14615317 -0.15535602
0.23025896 -0.13806169 0.13209784
-0.21990240 0.11633979 0.42372984
-0.17126168 0.11654713 -0.42196754
-0.04460764 -0.01468547 0.28989202
-0.23104526 0.05956698 -0.33773208
-0.23040202 0.06036579 -0.03570820
-0.16614915 0.15783875 0.32536343
0.07356470 -0.01952966 -0.28984863
-0.13297409 0.15737608 -0.33251393
-0.11574094 -0.11565761 0.42472154
-0.04958416 -0.00090040 0.42737868
0.05044056 -0.12604502 0.42504281
-0.06911625 -0.00635678 -0.00691389
0.06202085 -0.02253571 -0.10144579
0.01210832 -0.14367029 0.38270053
-0.23078805 -0.06252934 0.32433233
-0.10877744 0.09286422 -0.21237519
-0.05975636 -0.03034152 -0.41854283
-0.22995119 0.09968954 -0.35897818
-0.08413405 -0.02291169 0.20349953
-0.09407373 0.07374375 -0.11101443
0.12599576 -0.03947691 0.14363047
0.22928083 -0.12975034 0.39218378
0.10316089 -0.02250954 0.13472256
0.22942798 -0.04664658 -0.29060513
-0.12179647 0.12996952 0.15611197
-0.07621999 0.00336168 -0.20304772
-0.23102409 -0.11929108 -0.05413432
-0.10523503 0.14471251 -0.36449888
-0.10674770 -0.12724084 -0.42180374
-0.22872277 0.13213202 -0.34470969
-0.06865089 -0.14350730 0.36535197
-0.20924325 0.08980623 -0.40193692
-0.12199445 0.16256174 -0.25204706
0.00356709 -0.03014326 -0.06991298
-0.21401685 0.14385638 0.14087141
-0.20547497 -0.14114523 0.37299764
-0.18815400 -0.11105005 -0.41879115
0.15188259 -0.01419313 0.20135695
0.04704563 -0.04665327 -0.24469766
-0.14014840 -0.15409227 0.07969480
-0.19709881 0.15462518 -0.28204325
-0.04617830 0.06261386 -0.39010170
-0.00422913 -0.14944214 -0.17409083
-0.09185650 0.07542735 -0.06094738
0.22893560 -0.04215779 -0.30731443
-0.21499191 0.11362325 -0.42009646
-0.12408391 0.07755128 -0.42276576
0.01943551 -0.11963496 -0.42651564
-0.07316938 0.02529795 -0.41697982
-0.01928709 -0.14185873 -0.07148691
0.20797068 -0.02849941 0.09685183
-0.23131174 -0.07024778 0.05955940
0.22643615 -0.14719644 -0.28879651
-0.11082915 0.16345261 0.07374386
0.17886013 -0.00204642 -0.19706021
0.17237636 -0.11632934 -0.42505297
-0.13148654 0.09326638 0.31777355
0.19758202 -0.02482271 -0.20372860
-0.04541691 0.07452887 0.33816960
0.03214583 -0.02450250 -0.03161361
0.00103842 -0.08801664 -0.42590773
-0.19697313 -0.14640228 -0.26812974
-0.08424048 -0.01375111 0.28733301
-0.09366296 0.07782650 -0.39370617
0.03354570 -0.14433689 0.19220750
-0.10605723 0.11706515 -0.02775839
-0.10385352 -0.14044192 -0.15282771
-0.22746998 0.03776516 -0.12703197
0.22071613 -0.05734337 0.20904104
-0.22836466 0.01739290 -0.16530859
-0.09014300 0.14812599 -0.13718979
-0.03616408 -0.00153611 0.42340219
-0.22860651 -0.05789941 -0.25633770
0.13564059 -0.15965639 0.09132219
-0.06068830 -0.03217337 -0.31793097
-0.00786540 -0.02820372 -0.13438696
0.20220429 0.02545534 -0.38879478
-0.23330371 -0.01345849 -0.24328512
-0.03222943 -0.02734547 -0.24309956
0.05382737 -0.14340045 0.11049575
0.22885241 -0.03713476 0.15679266
-0.18270466 0.15858524 0.06085281
-0.01924912 -0.02245809 0.18411946
-0.23038597 -0.15083659 0.41865841
-0.13975205 0.15772058 -0.36928010
0.06077909 -0.13779588 -0.26791468
-0.21907525 -0.14338724 -0.14086270
-0.16069798 0.16875814 -0.36371061
0.16976056 -0.03215427 -0.08515462
0.03660173 -0.02779421 -0.09632085
-0.00354846 -0.01147623 -0.31771749
-0.23238309 -0.03677328 -0.28314957
0.10140976 -0.13989601 -0.25895420
-0.23206450 0.02600180 0.38817558
-0.14403121 0.16428390 0.23868632
0.14209595 -0.14884022 -0.07559028
-0.21122980 0.13586867 -0.39962247
-0.07880119 0.07674012 -0.32211608
-0.11784612 -0.14616022 0.20521745
-0.22984274 0.06160081 0.28411376
0.20768137 -0.09438766 0.42043701
0.22575581 -0.00973221 0.32720530
0.14261872 -0.14432651 -0.33798629
-0.14764351 0.15883747 0.40575802
-0.17678951 -0.14657907 0.20052791
-0.22522247 0.09739162 0.28739658
-0.20424367 -0.14920729 0.36172101
-0.06717251 -0.00437935 0.16285697
0.11335007 -0.14605050 -0.24608700
0.01457987 -0.14636484 0.02881593
0.07940467 0.00766098 0.35989192
-0.15054825 0.16190928 -0.33234721
0.03027332 -0.03092351 0.04026492
-0.09217702 0.02721331 0.18594687
-0.22305374 0.02544896 0.33551732
-0.13411178 -0.14772606 0.39814031
0.09048840 -0.03117716 0.20704855
-0.22707662 0.12742306 0.34308818
-0.22807354 -0.08870681 -0.39825216
-0.22425595 0.14377999 -0.01045297
-0.10882456 0.09787237 0.21420331
0.10734370 -0.14742160 0.30585364
0.08349381 -0.14391679 0.33996660
-0.18350427 -0.14316987 -0.31075531
-0.11723376 0.12317142 0.21776636
0.17792401 -0.15250796 0.23341966
-0.08722788 0.05536106 0.00373947
-0.10808548 -0.13958435 0.42511997
-0.22073516 0.09986942 0.37844217
-0.23354587 0.07658263 -0.38038996
-0.01086326 -0.14749366 -0.34982911
-0.08013283 -0.14295928 0.27681264
0.17155716 -0.04020271 0.28930116
0.19265436 -0.13410932 -0.42385483
0.23354670 -0.04293228 0.15172969
0.15469906 0.02112018 0.34856722
0.20043743 -0.14609537 -0.03961542
0.16842324 -0.02751091 -0.02088336
0.13348848 -0.14512731 -0.39103889
-0.15779206 -0.14776276 -0.36356735
-0.09156395 0.04469678 0.31641173
0.18676996 0.04021423 0.38064876
-0.05773854 -0.00251296 0.30727625
-0.04235840 -0.14173788 -0.40882647
0.13205248 -0.15022111 0.34363651
-0.09589685 -0.14806986 -0.17355819
-0.23263983 -0.03787575 0.04361272
0.21616751 -0.02436638 -0.26698655
0.22248143 -0.03738768 0.24710089
0.23343551 -0.10669714 0.17246875
-0.19442673 0.01692890 0.06689292
-0.23233692 -0.09038114 0.19517373
0.10378738 -0.02925352 -0.06335752
-0.10484313 0.08993706 -0.17616096
0.02246173 -0.14871484 0.19224474
0.21737702 -0.02960268 0.13224879
-0.09132452 0.01056422 -0.37486941
-0.23036693 -0.08718982 -0.16206121
0.22164151 0.04891484 -0.36729077
0.22033925 -0.05224227 0.05675243
-0.10554171 0.13199440 0.01856861
0.17761679 -0.01280186 -0.34683943
-0.16372305 0.15886503 0.24623837
-0.00801193 -0.06954342 0.42267025
0.05451092 -0.02424555 -0.16876003
-0.22778718 -0.12825519 0.36432970
-0.07476941 -0.01269922 -0.23954655
-0.07283845 -0.01461094 0.05771520
-0.04720128 -0.01694788 0.28808042
0.02142853 -0.13836083 0.39619705
0.01671058 -0.02404018 -0.12651202
0.21073061 -0.02743588 -0.13218696
-0.02636629 -0.01732966 0.41830784
-0.16431715 -0.14526831 -0.15804817
-0.15605423 0.06159692 0.41941291
0.18304911 -0.04344902 0.30487224
0.22608265 -0.15064383 0.26434439
-0.11235544 0.12016197 0.12629224
-0.23015441 -0.05001221 0.41860119
0.04354877 -0.12952408 0.42427555
0.13657126 -0.02698941 0.18516748
-0.20547694 -0.14596179 0.15577355
-0.22489908 0.13559611 -0.08543324
-0.14185028 0.15740974 -0.09524886
-0.04048190 -0.14391576 -0.25680164
0.21120137 -0.05429260 0.20309059
-0.08266941 0.07588712 0.29917446
-0.03303480 -0.13908277 0.41663483
-0.20946592 0.14534380 0.21157226
-0.12110943 -0.01916766 -0.10000071
-0.01930264 -0.11731061 -0.42494717
-0.03571739 -0.14338413 0.16928755
-0.02774298 0.00320873 -0.24262029
-0.21902113 -0.14182413 -0.15677643
0.03718293 0.02279329 0.34283900
-0.22235008 -0.06085460 -0.42038020
0.19188562 -0.02996934 -0.09090322
-0.17241567 0.04219670 0.41546869
-0.08628292 0.06193506 0.41940868
-0.11000211 0.10917469 -0.11147062
-0.11166943 0.12572969 0.09965779
-0.16227376 -0.06461509 -0.42224413
-0.15611754 -0.14522476 -0.17351331
0.06406124 -0.04742962 -0.18909574
0.10572796 -0.04329240 -0.15579236
-0.15905897 -0.03842206 -0.41327342
-0.22776307 0.07313298 0.07770915
0.11001638 -0.03984357 -0.24959019
-0.01911154 -0.01742586 0.13892028
-0.04670331 0.04567933 0.36220258
-0.11343798 -0.14608575 0.40004680
-0.22716710 0.12727028 0.23781423
-0.23192081 -0.05309233 0.15241036
0.16997968 -0.04480289 0.42554608
0.10810670 0.05517264 -0.40699562
0.19462514 -0.02578678 0.02305663
0.23547725 -0.05730323 -0.33706149
0.01979185 -0.14033267 -0.23792283
0.00067881 -0.14763598 0.04756256
0.08715579 -0.14056854 -0.19541545
0.20625085 -0.13970467 0.34913117
-0.00796186 0.06615665 0.40904501
-0.05964302 0.08971456 0.34802619
-0.23079208 0.06108597 0.38093999
-0.11499599 -0.14574687 -0.25489405
-0.22864185 -0.08840734 -0.15237181
-0.09795286 -0.13767409 -0.27441525
-0.03013016 -0.02932512 -0.25909600
-0.22707233 0.13225329 -0.04761012
0.09017326 -0.06083145 0.41993850
-0.22673398 0.14003110 -0.17558265
0.22403762 -0.14944158 -0.36297324
-0.20910668 0.15551291 0.29699403
0.14183626 0.00672980 -0.41595060
-0.23096067 -0.12864734 -0.34823868
-0.13017991 0.15952967 0.33686692
-0.22991544 -0.13224022 -0.05714253
-0.12122358 0.14637516 0.42252645
-0.10404053 -0.14433293 0.26322675
-0.11057032 -0.00440642 0.23837927
-0.22565491 0.01366930 0.14223583
-0.23082897 -0.06686809 0.20592012
-0.20776600 -0.05225806 0.41175109
-0.00962063 -0.14585367 0.01458320
0.15040228 -0.03506814 -0.09639050
-0.23138569 -0.02226080 0.10694726
-0.09334467 0.12363247 0.33745125
0.13726294 -0.01764676 -0.35699484
-0.07357766 -0.13090242 -0.42647952
0.11484080 -0.04658023 0.42247978
0.01335536 -0.14653188 0.07313747
0.22367376 -0.03478123 -0.24497482
-0.03801449 -0.13921665 -0.04726616
0.15453221 -0.15052675 -0.03821269
-0.15679848 -0.00984203 0.42017332
0.10915613 -0.02844597 -0.04308156
0.18715517 -0.14741348 -0.41870984
-0.23555778 -0.13264443 0.39585832
0.14425018 -0.03720723 -0.41667798
0.22974029 -0.14798293 -0.16798696
-0.19335206 0.14018229 -0.42802763
-0.17971656 -0.14740859 -0.40086237
-0.09711115 -0.14484860 -0.15859592
-0.22455510 -0.13104618 0.11117281
-0.22681333 0.11514109 0.08496921
0.00682845 -0.14626387 -0.12776738
