-0.16485190 -0.12621415 -0.17227459
-0.18742649 0.12767014 -0.12166216
0.06482948 -0.08284302 -0.22515284
-0.13504103 0.17752230 0.05867866
-0.00245820 -0.04174735 -0.10337099
0.05301435 -0.08330730 0.31502801
-0.19704188 -0.06439276 -0.22397247
-0.12275748 0.13097098 -0.09785520
0.19392231 -0.16208470 0.35271204
0.08824863 0.03773523 0.29999223
-0.07384585 -0.05057757 0.09553117
-0.11208445 0.08004457 -0.26202968
-0.15974092 0.19036266 -0.08244039
-0.19968499 0.02150028 -0.32960919
0.22856665 -0.11798095 0.20021024
-0.14246699 0.16216074 -0.26584738
0.22295381 -0.15432693 -0.16739154
-0.18754847 -0.12159044 0.24977775
0.10571720 0.00084718 0.29270184
-0.01919724 -0.07579767 -0.08047607
0.17360888 -0.04101329 0.07609034
0.10978331 -0.19602513 0.01228943
0.06485708 -0.06519476 0.37132353
-0.11740561 -0.01445216 -0.07214922
-0.19650330 -0.03706082 -0.27806133
0.05048210 -0.01921376 -0.15709803
-0.19132192 -0.03913112 -0.28960946
0.16542497 -0.20337552 -0.26907954
-0.17095047 -0.17873073 0.04164856
0.20932865 -0.18922164 0.25657469
-0.18120143 -0.09023304 -0.16180964
-0.03139417 -0.04210667 -0.15722848
0.05373384 -0.03855975 -0.26733232
0.08034015 0.00040160 -0.38570148
-0.01391768 0.04365161 -0.37744501
-0.13494638 0.16397521 -0.05288152
-0.09105477 0.05301769 -0.28545204
0.13310897 -0.19365470 -0.13238694
-0.03507554 -0.07811236 0.31370914
0.06349535 0.05030663 -0.31371710
-0.05392386 -0.04963555 -0.05222056
0.21790934 -0.04832298 0.26923373
0.00818834 -0.05744062 0.11538491
-0.13369443 -0.19147490 -0.29589897
0.10297198 0.03172657 -0.38574824
-0.09682709 0.10596400 -0.32418644
-0.14617881 0.18662862 0.08117365
-0.19150987 -0.15314206 0.01471762
-0.13150801 0.01163429 -0.09170251
-0.20979127 0.01565344 0.07905319
0.17371051 0.00104545 0.38517147
-0.01847412 0.04238733 0.38022235
-0.00517923 -0.01350594 -0.36728933
-0.14595427 0.07228444 0.29914749
0.22017720 -0.02389073 -0.29558352
0.05919196 -0.02365030 0.26735649
0.12782642 0.04163289 0.38574809
-0.00541533 -0.18965243 -0.00975860
-0.17092711 0.20308104 -0.07432167
-0.10596968 -0.02097201 -0.17441432
-0.02173786 -0.14826110 -0.09665425
-0.09198949 0.06427982 0.21537842
0.07093540 -0.19798231 0.10198204
-0.12802869 0.07931105 -0.06320116
0.22007725 -0.01570101 0.31043959
-0.07392192 0.00663507 0.36276475
0.19315487 -0.18752736 -0.03468473
-0.02239088 -0.03527056 0.27138001
-0.12560803 0.00022487 0.24870537
-0.01891135 -0.19669488 -0.24384652
-0.14213641 0.18812814 0.10950509
-0.11839635 0.05309303 -0.17683673
0.18500602 -0.05263848 0.17184483
-0.11257821 -0.12005155 -0.34347379
0.01840948 -0.13898562 0.36638147
-0.04229128 0.01730928 0.37901697
0.23427917 -0.18252084 -0.12282366
0.20893584 -0.14018846 -0.35641715
0.12983723 0.01868743 -0.28710812
0.21408437 -0.18602084 -0.23923284
-0.22393756 0.09259659 0.26451311
0.18496080 -0.03732142 -0.12020436
0.18927814 -0.15786828 -0.22028041
0.13642052 -0.19127227 -0.34809396
0.12533990 -0.03004226 0.37622947
-0.21729007 0.06141569 -0.12116766
-0.10924830 0.02044434 -0.02250708
0.14921528 -0.04202892 0.37656415
0.21341753 -0.11734019 -0.11966516
-0.06465662 -0.19841141 0.02289873
0.22097078 -0.17708121 0.03206887
-0.16626877 -0.07637262 -0.33845490
0.02006836 -0.19186324 0.00200235
-0.08934793 -0.13496113 -0.31731725
0.10496141 -0.19057257 -0.10689191
0.08368477 -0.19136077 0.08048422
0.21129382 -0.05364070 0.23526408
0.08140454 -0.19131884 -0.12550354
-0.01005432 -0.17955938 -0.28182265
-0.04958493 -0.00446208 -0.36383119
-0.04808493 -0.06601499 -0.12935086
0.01592420 -0.19113912 -0.14714429
0.13105777 -0.09768149 0.37202853
0.21720064 -0.01976122 -0.28016314
0.18414561 -0.18978901 -0.25920027
-0.02803349 0.08465827 -0.35037908
0.19826137 -0.02531835 0.33317691
-0.09763668 0.05274733 -0.32867309
-0.02626190 -0.15538593 -0.33189189
0.21934463 -0.03155318 0.35903987
0.11146866 0.02826749 0.38735074
-0.22115208 0.01818026 0.17967835
-0.22453485 0.12308111 0.05933384
-0.18552823 -0.03725263 -0.31888932
0.13711891 -0.04839064 0.30821058
-0.10804719 0.06994892 0.31579587
0.20383564 -0.04351165 0.23816104
-0.08904734 0.04554932 0.17418279
-0.16752645 -0.02881065 -0.00212902
0.01410597 -0.05082937 -0.36406019
0.22952855 -0.19206239 -0.23963232
-0.22338475 0.12396922 0.00593879
-0.09420002 -0.12746575 0.03693300
-0.06857611 0.00906456 0.27675241
-0.09371868 -0.01341050 -0.05429353
0.17641680 -0.03117520 -0.36814481
-0.15060140 0.18926676 0.11180743
0.13193114 -0.04565055 -0.27147821
0.01394261 0.00140210 0.37084267
0.20527932 -0.11636747 0.35876954
-0.21082751 0.09340127 -0.32547846
0.16227376 -0.03935272 0.03323075
0.11775234 -0.03849353 0.03990221
-0.09394967 -0.19916444 0.30798030
-0.11785633 0.11911623 -0.07250527
0.06082021 0.05763842 -0.33826584
-0.16454402 0.09820063 0.34196842
0.13348891 -0.19638242 0.00781841
0.11630878 0.02893263 0.30412224
0.03688253 -0.19939405 -0.13991946
-0.20431377 0.07173003 0.34580621
-0.04371253 -0.09186552 0.35072312
-0.20136242 -0.02856083 -0.08815705
0.22455423 -0.11083657 0.01231247
-0.07207919 -0.19459777 0.18473105
-0.17619660 0.11601062 0.05906564
0.09095483 -0.03962894 0.29643443
-0.08841790 -0.04811998 -0.35962784
-0.04758487 -0.03832123 -0.20684911
-0.01000435 -0.14488104 -0.35442159
0.20528410 0.00541135 -0.38055590
0.20164762 -0.10493349 -0.12458366
-0.20370719 0.16110682 0.30250081
0.16218191 -0.19213705 0.14441085
0.11775696 0.01600776 -0.28255665
0.23114544 -0.14691956 -0.06715930
-0.12027328 0.07085203 -0.26906919
0.03032669 -0.19195206 0.32439551
-0.20521720 0.19219323 0.00881519
0.20976873 -0.18514174 -0.22576416
-0.16103259 -0.04620416 -0.16622165
-0.22041167 0.13892224 -0.13560534
-0.19997166 0.10282250 0.33140278
0.22437161 -0.09557582 -0.26528078
0.03937022 -0.19965310 -0.33826083
0.01703491 -0.01827681 0.29918021
-0.01099871 -0.19265544 0.15431251
-0.20216081 -0.05115255 0.14904585
0.04580529 -0.12910870 0.31092203
0.21498071 -0.19582652 -0.28824028
0.11820437 -0.19243713 -0.01253642
0.22127572 -0.09490465 -0.31341469
-0.08743979 0.06120716 0.24201265
0.23403405 -0.09547462 -0.20802359
-0.13352795 -0.00656463 -0.18984818
-0.14458966 0.18632086 0.16536704
-0.12310762 -0.02933873 0.17181753
-0.21963450 0.09349877 -0.07056639
0.16695006 -0.05437498 0.01185634
0.07788463 -0.02972994 -0.25140879
-0.20959063 0.01661705 0.26146966
-0.13912097 0.18126640 0.08629889
-0.21502632 0.04733275 0.16078442
0.19448605 -0.06107358 0.21468987
-0.12746152 -0.03993380 0.23206297
-0.00125656 0.03748844 0.27966690
0.16001335 0.03178702 0.31277129
-0.20322220 -0.09502977 0.21242362
-0.11859080 0.10463242 0.16057087
-0.09849370 -0.05156083 -0.26979879
0.14259380 -0.04408079 0.24270090
-0.08364578 -0.19456457 0.13244773
-0.10339975 -0.18905558 0.05063173
-0.05056876 -0.14882219 0.36197656
-0.18342985 -0.03773740 0.25394544
-0.08042561 0.02885160 -0.26780286
0.13446489 0.01443413 -0.37037796
-0.19623297 -0.16763683 -0.19302438
-0.16685960 -0.18429329 -0.03027558
-0.21738622 0.18478669 0.06037029
-0.15412499 0.17379111 -0.22140324
0.08604763 -0.00844155 0.37546778
-0.17427835 -0.13516046 -0.19031961
-0.18652424 -0.17924032 -0.08751234
-0.07924134 -0.04270168 -0.08568695
-0.05594579 -0.03017277 -0.36401922
0.20753296 -0.04243780 -0.36907405
-0.18086499 0.15051304 0.28272188
-0.09855618 -0.03101093 0.18979873
-0.12572537 -0.20392273 -0.31571898
-0.19860485 0.01451833 -0.18633439
-0.04393061 -0.16374564 -0.05957504
-0.15220928 0.18918648 0.00116967
0.01314900 0.05124185 -0.29710573
0.05604135 -0.03844226 -0.23991866
0.21197139 -0.02941450 0.33355507
-0.14882831 0.08736935 0.32768542
0.05307297 0.03741331 -0.29474661
-0.11176822 0.10917033 -0.02943553
-0.19940379 -0.02289788 0.03247939
0.01529398 -0.19611523 -0.06639784
0.13892743 -0.04154936 -0.08958633
0.01140610 -0.18997864 -0.16189209
-0.19366899 -0.17276205 -0.22477177
-0.07162960 0.04218719 0.31831104
-0.19271916 0.11906745 0.11242966
-0.09731562 -0.17205693 0.26162061
0.03299015 -0.19609405 -0.25698069
0.16874959 -0.19264305 0.20539656
0.22866638 -0.08530271 -0.19682857
0.00609039 -0.05319587 0.19780338
-0.19986697 0.19084962 -0.18712735
0.16480866 -0.07937738 0.28061810
0.21936125 -0.04154458 -0.28739101
-0.06907986 0.02096427 -0.31714579
0.18844980 0.00921919 0.31217727
0.05972118 -0.04934952 0.14297520
-0.12769149 0.15271644 -0.27458456
0.06572974 -0.04416552 -0.06087080
-0.13363962 0.08190118 -0.35689610
-0.12686293 0.16343759 0.02818075
-0.17166901 -0.13846423 0.28943461
-0.14787970 -0.19116095 0.09859575
0.03608412 -0.18702403 -0.05081994
-0.09290066 0.01194204 -0.28255171
0.18064427 -0.19080114 -0.08448310
0.00696424 -0.09858096 -0.30251908
-0.18283314 0.18988340 0.12604932
-0.11361207 -0.19790828 0.30893132
-0.22508731 0.12427935 0.13163458
0.11346257 -0.19462252 -0.34728384
0.18568316 -0.01556784 -0.28738409
-0.09513099 -0.04447235 0.13589393
0.13924047 -0.17416832 0.17754452
-0.03099148 -0.05181661 0.21328014
-0.19073899 -0.11652292 0.22169743
0.09935544 -0.07510280 0.36983302
0.02113192 0.04498446 0.38029769
0.02106986 -0.02259534 -0.36735982
0.10306256 0.06224112 -0.37445456
0.09538250 -0.08381611 0.28180933
0.06897467 -0.02125717 0.27246597
0.17728810 -0.04593559 -0.27403611
-0.21612328 0.17595896 -0.10350581
-0.19452754 -0.15476120 0.06356871
0.22637244 -0.09419990 -0.32021937
-0.09843798 -0.01919196 0.29604852
-0.16782458 0.02338906 -0.36462730
-0.13730095 0.05922087 0.24020600
0.14255509 -0.02006856 0.36810490
-0.00180081 -0.04230946 0.07057472
0.06558754 -0.08452214 0.10180044
-0.11303824 -0.19544901 -0.27416369
-0.20208237 0.19271228 -0.05295659
0.21333373 -0.14055389 -0.35810810
-0.10024595 -0.19007534 0.01032361
-0.15649506 0.19260912 0.14676178
-0.18363905 -0.18448548 -0.13412309
0.06508866 -0.00182221 -0.38027230
-0.13059367 -0.19601688 0.32525375
-0.21576202 0.10842890 -0.20107219
0.22704530 -0.04576071 -0.27619201
-0.23203216 0.13329473 0.17736605
0.17697194 0.06355418 -0.35379228
0.06396699 -0.04076522 0.06449676
0.14364146 -0.16328798 -0.14946415
0.17855734 0.00705756 -0.27901584
0.00059788 0.06452557 0.37128180
-0.12528038 -0.13364428 0.03470743
-0.14680196 -0.19249122 0.28131241
0.22604710 -0.14064805 0.10423055
-0.19059637 -0.09115614 0.20835760
0.18530640 -0.19311742 -0.13667218
0.09933178 -0.19002196 0.27352834
0.02998723 -0.08475628 -0.05954844
0.15624823 -0.01601512 0.28343731
0.15219431 -0.04054977 0.25475499
0.06466211 0.06486701 -0.37873343
-0.09664109 -0.05642797 -0.22250322
0.21898182 -0.06147315 -0.03794393
0.05015001 -0.18926026 0.24452943
-0.21357949 0.06599165 -0.00137090
0.22140118 -0.06456938 0.16034809
0.19659717 -0.07416870 0.02831784
-0.12046414 -0.15940532 0.34372836
-0.02297366 -0.14532553 0.35642871
-0.04818988 -0.18770735 0.01010732
0.06293466 0.03207136 -0.37703001
0.18913932 -0.04143550 0.28409624
-0.04631713 -0.19226904 -0.12549713
-0.12609461 -0.01954305 0.20412369
-0.06521797 -0.08261357 0.35612148
-0.12893842 -0.10125194 -0.35113600
-0.17099358 -0.19127733 -0.19588910
-0.06511465 -0.18973966 0.33960018
-0.17262264 -0.13602670 -0.26041573
-0.09651058 -0.04316523 -0.35465819
0.02549516 -0.19594838 0.21497145
-0.10974479 0.08220911 0.16080292
-0.21999389 0.16878554 0.06335717
0.13850456 -0.08474438 0.04344209
0.19938971 -0.18489103 0.08835854
0.20614560 -0.11085714 0.34250301
-0.17806721 0.06539621 -0.00593884
0.07895645 -0.19322081 -0.11008170
0.05962362 -0.04421327 -0.01205372
-0.20011491 -0.02852312 -0.24860662
-0.16341291 -0.19162074 0.19592349
-0.20354046 -0.01531713 -0.01219736
0.16371530 0.00882498 0.31737775
-0.07906407 -0.15260211 0.02104055
-0.12159820 0.02353614 -0.01984701
0.19473770 -0.07130459 0.36823407
0.00906816 -0.07097141 -0.03616877
-0.11469158 0.02393067 -0.36341047
0.08300193 -0.13796923 -0.00805409
0.13694972 -0.01603872 0.29728630
-0.05111534 -0.04233813 0.07539234
0.22774367 -0.08211263 -0.24786749
-0.20173670 -0.03750739 -0.23062772
0.11422004 -0.19638069 -0.08278732
0.23644534 -0.15663148 -0.05009742
0.10078140 -0.19245389 0.04251938
0.12440027 -0.19621636 -0.01908123
0.06987944 -0.11284934 0.35682809
-0.11422329 0.11677562 -0.19473854
-0.12656757 0.06846762 -0.02130498
0.03599728 -0.04383385 0.22634843
0.21655867 -0.06439606 -0.07580943
0.11668992 -0.19505508 -0.04884765
-0.18596716 -0.15753749 0.28777200
-0.22363549 0.12491161 -0.11335053
-0.01535397 -0.12908611 0.30516067
-0.17167237 -0.08786815 0.33577707
0.12571983 -0.19581892 -0.10597680
-0.15402636 -0.01303476 -0.22662023
-0.11510212 0.03647377 0.21098624
-0.05831778 -0.02697280 0.18261032
0.02483261 -0.04869855 -0.20552677
0.20353994 -0.03222519 0.26297793
-0.12192621 0.06664251 -0.31605572
-0.11643260 0.04895163 -0.13726056
-0.22592437 0.08588362 0.20612453
-0.12063556 0.05150927 0.09329106
-0.05776817 -0.14640827 0.35615230
-0.11199252 0.02797116 -0.11606581
0.16886830 -0.19341256 0.26881266
-0.08037721 -0.19302966 0.16867121
-0.03474706 0.07412472 0.33268288
-0.14012635 0.03513550 0.10334358
-0.13437499 -0.17101668 0.19260700
-0.06572238 -0.06752010 0.31120610
0.21950181 -0.05823178 -0.18872222
-0.10675650 0.02348333 0.06699463
0.05701309 -0.19307372 0.24838410
-0.20213051 -0.01359149 -0.28207490
0.15611811 -0.19484664 -0.13802198
0.22469817 -0.10084453 0.31692302
-0.16873802 0.05685915 -0.36176461
-0.10056639 -0.19369338 0.18961789
-0.00270042 -0.05976338 0.21312386
0.12769991 -0.19363119 0.15433724
0.10251965 -0.04572674 0.00030675
0.19878200 0.03039837 -0.37452105
-0.13460572 -0.03054900 -0.20974469
-0.15775253 0.19256550 0.04663498
0.23160256 0.01911008 -0.36412969
0.22151239 -0.15233108 0.31496245
0.15410940 -0.19539891 0.06612569
-0.20163181 0.19078286 0.13226847
0.02546836 -0.15361875 0.25325227
0.03979293 -0.19736260 -0.11887385
-0.18186875 -0.17355299 -0.23584214
0.10727888 -0.17128891 0.25164390
-0.14334860 0.15863554 0.19716442
-0.20701689 0.01024901 0.05113392
-0.16279674 -0.19188006 -0.12683468
0.23009397 -0.16469887 0.31599069
0.22611743 -0.08673838 0.35212100
0.00838795 -0.01416865 -0.19582979
-0.19867225 0.18254717 0.20056307
0.15042797 -0.09841417 0.03125100
-0.07926116 -0.09482218 -0.35350391
0.23054154 -0.13317136 -0.21950367
-0.01814318 -0.04021914 -0.20104022
-0.18893555 -0.09455828 -0.33080378
-0.03222962 -0.19807693 -0.24107641
-0.16139996 -0.16132839 0.08173749
-0.03634210 -0.19038947 0.11185374
-0.17746566 0.12555885 -0.00633886
-0.13448608 0.18372232 0.10284633
-0.20996305 0.03454813 -0.16425297
0.22256148 -0.07118182 0.16585980
-0.13993506 0.04256164 -0.12900311
-0.19760327 -0.06890348 -0.07867464
-0.07239670 -0.18749098 -0.33175102
0.17569885 -0.19364047 -0.03682959
-0.12665966 0.07041563 -0.00589321
-0.01919423 -0.09398629 -0.36013982
0.16275351 -0.04231540 -0.01690729
-0.21333003 0.00853105 0.23939994
-0.17791414 -0.18795586 0.15433232
0.02768605 -0.19684990 0.34611326
0.14661682 -0.06830838 0.36326849
-0.20364691 -0.00682935 0.29035178
0.16262618 -0.02860255 0.25868452
0.13047163 -0.19759226 -0.10390724
-0.06006967 -0.02641090 -0.00644198
-0.22083825 0.07064953 0.13798316
0.05056042 -0.16967312 -0.31936413
-0.12999924 -0.19540465 0.20460160
-0.19244029 -0.16788223 -0.12518030
-0.12721156 0.10258527 -0.10905059
-0.12740803 -0.03734269 0.09473260
-0.13389464 0.06876265 0.06049634
-0.00288205 -0.04516016 -0.08728884
-0.21205936 0.03159923 0.20273295
-0.14935213 0.19542713 -0.07638587
0.20633487 -0.18134151 -0.00648701
-0.13953161 -0.09671933 -0.34899727
-0.16171369 -0.02195865 0.34512758
-0.18192323 0.01982552 0.00605860
0.08404526 -0.19412223 -0.02881297
-0.20156911 0.00335543 0.00858439
-0.21522720 0.04862393 0.25309935
-0.00796412 -0.04280673 -0.17859110
0.01683144 0.01394123 0.31213674
0.20846516 -0.19625054 0.13928923
-0.10354404 0.03954394 -0.13213028
-0.09015162 -0.02630875 -0.00773056
-0.05772563 -0.19962133 -0.02612810
-0.12424706 -0.19111545 -0.10733306
-0.17144868 -0.05849005 0.29592851
-0.13518435 -0.18889564 -0.14894819
-0.01727975 0.02005068 -0.38595840
-0.11466030 0.02038490 0.36783764
-0.11382927 -0.02765359 -0.22425902
-0.12778692 0.12846863 0.31842217
-0.01572545 -0.04303765 0.20286991
-0.18920732 -0.12567376 -0.22647095
0.05430601 -0.08379043 -0.36709633
-0.20927465 0.19053507 -0.10384431
0.11007023 -0.04538912 0.01516353
0.06664662 -0.05270899 -0.36250636
0.10603857 -0.19753261 -0.34002608
0.08481018 -0.19291654 0.34889066
-0.19203688 0.13925317 -0.27995908
0.21727134 -0.12800136 0.18856893
-0.12965435 -0.04241124 -0.24866956
0.05484302 -0.19508447 0.09219426
0.04091810 -0.03001128 -0.26430911
0.10412606 -0.17249490 0.36368927
-0.12558407 0.07256379 -0.11371277
-0.15797280 -0.18977328 0.10669724
0.02382244 0.06191999 0.35528770
0.01769445 -0.09391375 -0.32883826
-0.02416965 -0.19638163 0.33629143
-0.06724275 0.04169949 0.27897948
0.22250552 -0.05390986 -0.19451642
-0.12564161 -0.04705623 0.25011000
0.22993839 -0.06963813 0.29472539
-0.19348001 0.19267800 0.15861696
-0.10716504 -0.16060337 -0.04056827
-0.01429194 -0.18899561 -0.16722117
0.08996502 0.06886891 -0.34271076
0.16620164 -0.05040324 -0.21836960
-0.09053613 -0.04752900 -0.03504929
0.23086968 -0.02327964 0.32201400
-0.19278108 -0.15361787 0.12036024
-0.05328236 -0.01173637 -0.26835769
-0.22349186 0.15251036 -0.05549591
-0.07533453 -0.19144057 -0.33307526
-0.00958744 -0.07578880 -0.25568020
-0.21566281 0.15267743 0.16350214
-0.12416454 0.06298041 -0.01133199
0.22780877 -0.08028316 0.22968087
-0.21285498 0.08431552 0.15276560
0.16789010 -0.19090068 0.10518446
0.18051568 -0.04926929 0.23692589
0.23496523 -0.13855125 -0.01848288
-0.04106534 -0.04480025 0.26706758
-0.18065546 -0.09980456 -0.18310869
0.20647766 -0.19194780 -0.19130221
0.18153487 -0.19064885 0.21956372
-0.03668037 -0.14435807 0.35710835
0.03355015 -0.04273831 0.25672829
-0.12972176 0.12459121 -0.16004008
-0.18252861 0.06982764 0.35778084
0.02360384 -0.03797049 -0.01492882
0.06082159 -0.19551243 -0.16525796
-0.12499403 0.12773174 0.27661476
-0.17732057 -0.17051882 -0.27169144
-0.19815041 -0.15381539 0.10085808
-0.01074601 -0.19546513 -0.16234088
-0.21820405 0.11422009 -0.25446385
-0.21354480 0.01859356 0.21831675
-0.06277277 -0.09160581 0.15292428
-0.08048107 -0.09211077 0.13595723
-0.21314017 0.05292380 -0.24252619
0.03998014 -0.09917249 -0.32611218
0.20788577 -0.00316959 0.36614820
-0.16522373 -0.13447429 0.34076652
-0.10945290 -0.15732922 -0.16261353
-0.02375276 -0.04431591 0.04611119
0.14013666 0.01973797 0.30522218
-0.12425935 0.16976988 0.07905003
-0.07185259 -0.04206226 0.22147532
0.22008227 -0.05285991 -0.33406806
-0.17100362 0.06923492 -0.34085786
-0.20488374 0.16355468 -0.22295704
0.12299203 -0.04154932 0.26455581
0.04224532 -0.05618352 0.35844433
-0.03897983 -0.18573795 -0.33472279
0.00407968 0.06314328 0.36023751
-0.19698134 -0.07304046 -0.11715361
0.04205792 -0.07889826 -0.36271533
0.22653839 -0.14865425 -0.02292199
0.13833909 -0.19954327 -0.20685802
-0.07888564 -0.07236948 0.35105476
-0.12265975 -0.05378666 0.27480519
-0.17291115 -0.05749832 0.21461605
-0.02870234 -0.19930683 0.29310960
0.14143118 -0.03859388 -0.20668471
0.23313984 -0.13914518 0.10743490
0.00786928 -0.13112417 -0.32622215
-0.03920483 0.04251171 -0.30042216
0.13410719 -0.04944015 0.00460039
-0.16699146 -0.19195491 -0.21718061
-0.19897075 0.19764653 0.04989499
-0.18409200 0.00885628 0.11258231
0.15492532 0.05832402 0.32368794
-0.22984526 0.13078210 0.20183240
-0.14801699 -0.19183400 0.07052248
0.23266019 -0.08839132 -0.09360240
-0.13371545 0.02018151 -0.15743695
-0.18926758 -0.02270487 -0.29923210
0.02668185 -0.12693296 0.31813350
-0.12083241 0.12305667 -0.15824845
-0.20079951 0.10757220 0.29443109
-0.17340800 0.18845548 0.20593834
-0.21807963 0.18213268 -0.10257258
-0.10695653 0.08217401 -0.21391936
-0.18536864 -0.07308453 0.31255654
-0.21819013 0.09530938 0.02218545
0.17192461 -0.19143049 -0.19270384
0.05222689 -0.05547719 0.21928330
0.21134210 -0.04754411 0.07056358
-0.13935509 -0.00482930 0.36007640
0.05386447 -0.16305606 0.16792277
-0.04091169 -0.06176670 -0.27640283
0.01841098 -0.19064885 0.26159638
-0.10544872 0.05009251 0.15451062
0.21355270 -0.11587624 0.19432478
-0.19929823 -0.12848067 -0.09619180
-0.19906902 -0.06327102 0.09260543
0.15445201 -0.15387148 0.36553437
-0.01378272 -0.08962265 0.21697694
-0.22713566 0.08569372 -0.08169844
-0.08630989 0.00667574 -0.28502357
-0.21187489 0.06610022 -0.13565673
0.21734843 -0.11816387 -0.20880136
-0.20231141 -0.05008490 0.15994099
0.05577157 -0.19954598 0.32456627
-0.18475218 -0.16614993 -0.20862734
-0.06896551 -0.19759363 -0.16853212
-0.12303497 0.16882658 0.04949331
0.04414456 -0.12970401 -0.36013892
-0.21617378 0.04561272 0.14536330
-0.21566142 0.06252170 -0.24606055
-0.19771820 -0.00830395 -0.14553238
0.19768709 -0.04401468 0.14016384
-0.06868477 0.03354336 0.37606820
-0.06455091 -0.02695761 -0.04812378
-0.20595013 -0.02966136 0.07167317
0.11729107 -0.03891958 -0.21856037
-0.21195535 0.02571430 0.28046945
0.20384455 -0.15464473 -0.33506459
-0.19302413 -0.08746366 0.05950184
0.09102020 -0.04464825 -0.10053568
-0.11022674 0.06037888 0.33584583
0.21975681 -0.05338640 -0.33821252
-0.04667440 -0.16976230 0.36131951
-0.06857954 0.04807627 0.29622811
0.14248911 -0.14758393 0.25085753
-0.21440300 0.04405268 -0.05739380
0.03549024 -0.06214882 -0.33967212
-0.20953524 0.01329316 -0.02588224
-0.07132424 -0.16264890 -0.09091493
-0.19394624 0.19918962 -0.12357558
-0.07858748 0.00782247 -0.27665815
-0.16884296 -0.00727969 0.27928829
-0.03812731 -0.03784600 0.30919561
-0.09744242 -0.07072674 0.32309490
-0.20807618 -0.04117940 0.21207216
-0.17440945 0.11571764 0.02634764
0.22027192 -0.01780471 0.36934897
-0.04062412 -0.11377246 0.35555089
0.23402829 -0.18545024 0.21805903
0.14818490 -0.07049438 0.20780753
0.07615828 -0.19613801 0.19072771
-0.08636897 -0.20034370 -0.05893790
-0.07772255 -0.03468551 -0.02588706
-0.07098132 0.07241983 -0.29055095
-0.22125793 0.12427907 -0.03317625
0.07784678 -0.03824513 0.24392560
0.11303664 -0.19284305 0.27190268
-0.09650310 -0.19402641 -0.20141734
0.22891703 -0.13414250 -0.13320610
-0.18156202 0.10809828 -0.08474100
-0.12764654 0.12070613 0.26996168
0.03275283 -0.04881320 -0.36729738
0.20356156 -0.05144716 0.29481688
-0.17615621 0.02113299 -0.35540542
0.01222669 -0.04703184 0.07255723
-0.03003759 -0.19923508 -0.30514529
-0.17342156 -0.06091047 0.29239362
0.06491968 -0.05677996 0.36373687
-0.19219044 -0.14278333 0.26973447
-0.12305281 -0.02700822 0.00802892
0.12478586 0.07417908 -0.34716108
0.03210899 0.03990221 -0.37752017
0.13695496 -0.19378495 0.00344175
-0.21258065 0.05815815 -0.12115058
0.09579980 -0.02218744 -0.30796149
0.19414903 -0.04136584 0.05617891
0.22836046 0.01920471 0.36175811
-0.10533658 0.06761520 -0.36153936
0.18724349 -0.02594477 0.27148706
0.03379053 -0.06451344 0.14728308
-0.10297159 -0.16035114 -0.05837231
-0.19758017 0.19864073 -0.11518732
-0.12827955 -0.19213754 0.05286928
0.09058020 0.02770383 0.29153380
0.05816702 -0.18790555 -0.04275311
0.18867417 -0.04856465 0.08517998
0.04212423 -0.19294240 0.01399717
-0.11582708 0.05746996 -0.12805836
-0.13019143 0.15339749 -0.04789498
0.10548377 0.05499967 -0.31287470
0.10176707 -0.01776398 -0.28213584
0.21120273 -0.18315011 -0.06475583
-0.12191953 -0.02767489 -0.25485054
-0.12627904 0.12894967 0.30741122
0.22142930 -0.05624717 -0.16189262
-0.15970641 0.19689190 -0.00475188
0.13727193 -0.10693724 -0.35931891
0.22074673 -0.12283988 -0.23845108
-0.04766797 -0.06391035 -0.20243651
0.12957686 -0.01704228 0.24739480
0.02961197 -0.13552618 -0.35750678
-0.10544490 -0.04869666 -0.13587545
0.07293431 -0.02158299 -0.27782345
0.04316967 -0.19374661 -0.11675799
0.11317646 0.02865342 -0.37764269
-0.17283778 0.19661015 -0.15456732
-0.19793603 0.18426624 0.19012690
0.16519295 -0.19241729 0.24344379
0.18825850 -0.07259824 0.04366191
0.15742916 -0.15233129 0.02825106
0.13616653 0.05055336 -0.31188673
0.16541567 -0.05115242 -0.31602466
0.01764138 -0.19381085 0.26401189
-0.21702009 0.17583655 0.12173115
0.23160277 -0.12980403 -0.12028188
0.06666926 -0.19499300 -0.26641989
0.22360474 -0.07741204 -0.06248104
-0.02925470 -0.20070662 0.25670362
-0.20810795 -0.03298276 -0.14833035
-0.18266237 -0.19195174 -0.26236385
-0.21602677 0.13012330 -0.10379511
0.22247234 -0.18506680 -0.16619258
-0.10681819 -0.04908343 -0.26165089
0.17606722 -0.04683724 -0.00882950
-0.07145271 -0.05166228 0.17921360
-0.19863865 -0.04797800 -0.08565678
-0.20409040 0.06678580 -0.31540337
-0.22629902 0.13588703 -0.08014444
-0.04926190 -0.06609546 0.24226405
-0.07039393 -0.04509806 0.19943552
-0.07820988 -0.03598947 0.19215135
0.22900094 -0.12214690 -0.06746188
-0.06759180 -0.09135213 -0.35961056
-0.06235677 -0.19105311 0.07789937
-0.08290043 -0.19169562 -0.09333846
-0.10946777 0.08100584 0.19273046
0.12293215 -0.05548801 -0.28506634
0.05013842 -0.18860637 -0.33888033
-0.18148202 0.19279967 0.18667410
-0.19601704 0.19541898 -0.18906875
0.14465275 0.01187041 -0.29889894
-0.14664507 -0.19101413 0.19955827
-0.05598630 -0.19419791 -0.20014773
0.06864741 -0.04526908 0.06273219
0.09362002 -0.07188901 -0.28657797
-0.09674037 -0.01310119 -0.10648278
-0.10303234 0.04118444 0.10296717
0.10146029 0.04258133 0.34655133
-0.21228772 0.17287612 -0.14600064
0.22451644 -0.18282218 0.27117687
-0.22129034 0.06094386 0.26128623
-0.13780238 0.17135645 -0.25598910
-0.02853792 0.05461654 -0.31517020
-0.07232045 -0.20164654 -0.07404187
0.18660691 -0.12701148 0.36111778
-0.08608049 0.02591405 -0.30826819
0.18444195 -0.20579462 -0.16654563
-0.04769133 -0.16760209 0.26098689
0.13374914 -0.12131062 0.36379263
-0.04026948 -0.04456380 -0.05984831
-0.05124149 -0.02692144 -0.19464143
-0.21372347 0.05273442 0.10456049
-0.00677930 -0.04252162 0.31482840
-0.10997615 -0.20660409 -0.28544965
-0.18227488 -0.05673675 -0.31177238
0.05040878 -0.19068749 -0.17491834
-0.19591904 -0.06816184 -0.19945766
-0.21754819 0.06295900 -0.22858913
-0.11912546 -0.19231214 -0.08422557
0.00308033 -0.19517131 0.11300255
-0.02537241 -0.19163364 -0.15639205
-0.17289953 0.05197360 -0.36555904
-0.21256420 0.02931415 0.14157952
-0.13853112 0.05096828 -0.28881502
0.22687702 0.04544412 0.37812594
0.22850451 -0.10869221 0.26975909
-0.14699635 -0.14830086 -0.33377570
0.12245244 -0.19509976 0.03926418
-0.09435777 -0.13351084 0.35380962
0.07163181 -0.18988472 0.05522909
0.01471798 0.03609915 -0.28219718
0.19214036 -0.08530315 -0.09466712
-0.08198659 -0.19647650 0.27101302
-0.10342694 -0.19215906 -0.01751733
-0.07892936 -0.19488302 -0.19651474
0.22828598 -0.05423895 -0.27786276
0.04410648 -0.18868728 0.33747667
-0.10368407 0.01571942 0.06432441
0.05443364 -0.05186430 0.21443550
-0.22003616 0.12076788 -0.06455924
0.18594407 -0.07515762 -0.04499617
-0.17533490 0.04870207 -0.00181597
-0.20783213 -0.01016388 0.11853369
-0.11446835 0.05985195 -0.32240206
-0.11117183 0.09378559 0.07030521
0.16438340 -0.04245344 -0.07510275
-0.06808764 -0.00572767 -0.26195556
0.13533290 -0.03616142 -0.19369698
-0.03664000 -0.04244785 -0.36696342
-0.01707146 -0.16115622 -0.23879129
0.02234394 -0.17722507 -0.08162425
-0.21188036 0.03512072 0.23042813
0.05433928 -0.12231392 -0.36186507
0.01101332 -0.04110095 -0.12566003
-0.01155883 -0.11280099 -0.36442891
-0.12228544 -0.17084423 -0.19668312
-0.20942059 0.03643369 0.28685987
-0.21413170 0.16507401 0.23813091
-0.19245699 -0.11547501 -0.28029701
-0.03523847 -0.15150440 0.10231207
-0.14034465 0.16158861 -0.29283097
-0.18006454 -0.07272336 -0.27987695
-0.14181323 0.14575294 0.24154590
-0.09645712 -0.09365308 0.05918752
-0.03042757 -0.15893859 -0.25953352
-0.05667035 -0.05211032 -0.08871072
0.21500173 -0.04863368 0.08668071
-0.10165511 0.04836737 0.37068292
-0.02723827 -0.19263080 -0.10163217
0.22147951 -0.03200815 -0.34899631
-0.09982590 -0.07774914 -0.22573158
-0.13355590 0.17836750 -0.16926990
-0.03954569 -0.19181165 -0.24156335
-0.11462830 0.09128333 0.23264296
0.22128990 -0.18773170 0.02870253
0.09282734 0.03209682 -0.28758705
0.21793658 -0.09853224 0.12409654
0.16660741 -0.01459733 -0.27655467
-0.20381325 0.18984456 0.08267984
0.22405237 -0.12544699 -0.17070247
0.08109405 -0.03886935 -0.33250338
-0.15460686 0.18793131 0.18616566
-0.20638967 -0.00207122 -0.09163701
-0.10717820 0.07752199 0.25122195
-0.14107808 0.01996570 -0.36470574
-0.12979019 0.15572938 -0.06199428
0.08026287 -0.04019773 -0.36382243
0.22026037 -0.15835561 0.34646529
-0.12453816 0.03676873 -0.06197071
-0.09991241 -0.04144640 0.03191651
-0.18509300 -0.05243769 0.34366134
-0.17356162 -0.06360033 0.20910963
-0.14489904 0.18710810 0.18393885
-0.20191093 -0.03731804 -0.14134572
0.08897957 -0.07096726 -0.01310463
-0.16231953 -0.19382006 -0.25785899
-0.09447256 -0.00450685 -0.01828581
0.19847739 -0.19467147 -0.23920360
-0.06813928 -0.04824777 -0.29711723
-0.06078872 -0.03237777 -0.30188397
0.07053891 -0.08361119 0.15021740
0.21831894 -0.12264386 -0.15305144
-0.13801579 -0.16971041 0.20667174
-0.22133590 0.18404768 -0.11366595
0.22884487 -0.10202026 0.10931875
-0.10810020 -0.10427035 -0.35766271
0.18022861 0.01417608 -0.30857924
-0.21393609 0.02061495 0.24248448
0.15123065 -0.05156287 -0.02780308
-0.21914378 0.17610735 0.07119010
0.18769012 -0.16808540 0.36727023
-0.14904207 0.16808261 0.27708596
0.04754167 0.03030927 -0.28577396
0.05738790 -0.18618941 -0.07069774
-0.10147423 0.06920848 0.29609129
0.01228716 0.03565437 0.38215995
0.23258880 -0.15124582 -0.03071926
0.20899633 -0.19893937 -0.11973219
0.22801735 -0.04994424 -0.29971802
-0.12722218 -0.09205861 0.00105422
-0.11518949 0.08743623 -0.03242413
0.10221097 -0.19466515 0.05857591
0.07709879 -0.04715021 0.29845449
-0.12526396 -0.02373303 0.13748747
-0.03104964 -0.00033751 -0.36400691
0.15568326 -0.19832429 0.20625547
0.12779203 -0.19624622 0.24357805
-0.13266587 0.12480436 0.11703183
-0.03586700 -0.05961173 0.36560413
-0.18661104 -0.16798303 -0.03723606
-0.08997247 -0.13773727 -0.30056816
0.21797456 -0.05840404 0.18910606
0.08496413 -0.09185854 -0.33269525
0.18356013 -0.15531103 -0.25866291
-0.12044597 0.10503123 -0.29547548
-0.08972549 -0.04820665 -0.32894692
0.04442556 -0.03590185 -0.21166973
-0.11916857 -0.19242921 0.13320059
-0.19094376 0.18744296 0.28250694
-0.00055500 -0.13105109 -0.30395249
-0.19881931 -0.08408604 0.20994496
0.03756305 -0.08185242 -0.00102275
0.04474501 0.04668074 0.32212067
-0.10069294 -0.19215740 0.11655172
-0.10865957 0.01239308 0.16370857
0.22927767 -0.10190052 0.12316133
-0.10877090 -0.19423883 0.14092448
0.21889731 -0.14587429 -0.05016849
-0.20083334 -0.05622800 0.25628114
0.12643592 -0.19018367 -0.35520697
0.22887756 -0.07131552 0.25088236
-0.01014538 -0.16375831 0.25980395
0.17619315 -0.19763093 0.27914894
0.22048631 -0.04319765 -0.08887167
-0.10814759 0.13666375 0.02498432
-0.20724075 -0.02004204 -0.04652228
-0.17947885 -0.16946749 -0.24831903
-0.15550283 -0.01719959 0.33920562
-0.19416276 0.14001802 -0.12193353
-0.01547123 -0.04204529 -0.11817610
-0.17164899 -0.18159227 -0.00893825
-0.10888669 0.00356168 -0.02352449
-0.20736067 0.02214023 -0.09787399
0.11784443 -0.19529560 -0.28900456
-0.22288674 0.14484197 0.25729936
-0.22075677 0.12846093 -0.22937387
0.21313778 -0.10175294 0.26857093
-0.22033717 0.07834259 0.15359035
-0.14647913 0.17802154 0.07085839
0.04121730 -0.15574646 0.20550090
-0.09504804 -0.01441223 0.30261078
-0.13429745 0.16180742 0.26894921
0.06748340 -0.07525025 0.13594073
0.01246285 0.06818889 -0.35513270
-0.14486128 -0.18950808 -0.23187910
0.17663105 -0.09199810 -0.14607427
0.05456869 -0.02482391 0.31722462
-0.06530625 -0.00455618 0.36600131
-0.22380939 0.14016122 0.09377688
-0.21881418 0.10959916 0.08322038
-0.03567773 -0.19144858 0.03516596
-0.08873290 -0.09168832 -0.20116088
0.22757003 -0.15593199 -0.13584934
0.12595417 -0.14942673 -0.05886861
-0.11164864 0.11102735 0.15231465
-0.09077267 -0.07926678 -0.29678759
0.01696899 -0.19538416 -0.13774203
-0.12829855 -0.01791237 0.08263632
0.20066994 0.04317949 -0.38313663
-0.10676976 -0.05934849 -0.21546322
0.01917181 -0.16845714 -0.35188735
-0.07213742 -0.09335008 -0.10620460
-0.22191654 0.15823522 0.20929173
-0.16418390 -0.05566268 -0.00276170
0.10408521 -0.19975771 -0.14540580
0.22617905 -0.13280633 0.11076795
0.14343019 0.06231001 -0.32179666
-0.12305756 -0.06081806 0.16342044
0.23117708 -0.12935960 -0.07683578
0.22379100 -0.14978874 -0.01937478
0.14092992 -0.00004784 0.38360882
-0.09616023 -0.19271898 0.29328868
-0.10924035 0.03048078 -0.06425659
-0.10699940 0.03540837 -0.02691217
-0.13838622 0.16640893 0.29142052
0.04498599 0.01152633 0.29582185
-0.20235151 0.00658056 -0.14876500
0.06790473 -0.04365956 0.08461556
0.13725506 -0.19416445 0.21633781
-0.09464139 0.00348269 -0.02905866
0.20811233 0.02795604 0.35998741
-0.05052423 -0.12732282 0.25579044
0.20775729 -0.02014608 -0.36122945
-0.19401370 0.02170776 -0.28755805
-0.10513999 0.01834826 -0.14048658
0.12171939 -0.00448718 -0.36885038
0.14158586 -0.18799193 0.35695416
0.16471213 -0.02494333 0.37008464
-0.18437108 0.02615318 -0.34309992
-0.22009288 0.08249489 -0.19790430
0.13268138 -0.04060363 0.00982594
0.12802190 -0.19101398 0.23338743
-0.19252041 -0.17391966 -0.00018435
-0.01109940 -0.16108233 0.17457539
-0.17683133 -0.11540511 -0.18110834
-0.10686520 -0.01574762 0.10912072
0.08456329 -0.19020525 0.26262873
0.01085143 -0.19554780 0.13419750
0.15584593 -0.11601816 -0.36268377
-0.12702897 0.03000862 -0.07227296
-0.03150455 0.00957405 0.30362973
0.12140767 -0.15150236 0.30241507
-0.19645490 -0.08153188 -0.06383187
0.12604371 -0.14119713 0.08020803
0.22745709 -0.15130305 -0.27261093
0.22403927 0.01326932 0.38167611
-0.13174811 -0.14354497 0.34947294
0.22296946 -0.09708764 -0.32781407
0.21842678 -0.17265324 -0.00325087
0.14358921 -0.14262454 0.06371455
-0.01269945 -0.15327425 -0.07959859
-0.22589552 0.10477266 0.09823556
-0.09860028 0.05470951 0.25759417
-0.14421029 -0.12821925 -0.34297204
-0.13742813 0.13812213 0.30461437
0.07853143 -0.19131552 -0.17228700
-0.22587074 0.09812720 -0.15569025
-0.07984601 -0.19329688 0.02629477
-0.15074849 0.19235618 -0.01358609
0.05234613 0.05107204 -0.33162609
0.01509822 -0.03691855 0.27007034
0.21102589 -0.01499100 -0.29048869
-0.10028625 -0.01839970 0.36176023
0.16361919 -0.19986971 0.30198374
-0.15783696 0.19009507 -0.09634669
-0.05345660 -0.08543670 0.09586077
-0.11333442 -0.15567493 -0.14668235
0.15138966 -0.11908732 0.36494002
-0.21746041 0.09886316 0.21788098
0.11762416 -0.05253997 -0.04886720
0.19610539 -0.19998948 0.06018646
-0.17316167 -0.16708224 -0.17593685
-0.17376716 0.11547825 0.00222933
0.08479712 -0.19312534 -0.15002877
0.18561220 -0.20027465 0.26115763
-0.19588883 -0.10738885 0.00873420
0.14691082 -0.19938910 -0.05788286
-0.22148697 0.07905858 -0.21087900
0.22341384 0.00009679 0.31433982
-0.14066936 0.19503242 0.04818296
-0.04184774 -0.04890157 0.24453698
0.19889323 -0.20022358 0.19824788
-0.20141874 0.19282828 0.10969681
-0.20075554 -0.03954329 -0.26322189
-0.16597813 -0.08140442 0.35166004
0.04367066 -0.03538870 -0.24715231
-0.08852483 -0.19337499 -0.18256262
-0.04795355 -0.18773291 0.28026333
-0.19659811 -0.14135101 -0.08725104
-0.09295059 -0.17310442 0.34363317
0.22454162 -0.05147049 -0.33339784
0.01069465 -0.04972135 0.02185172
-0.11781137 -0.18941577 -0.21529576
-0.00220905 -0.05557580 0.13138252
0.11014476 -0.17509618 0.36585227
-0.10691294 -0.19584721 -0.31312239
0.22437443 -0.13343140 0.29517636
-0.02059389 -0.19063558 -0.22031656
0.08222048 -0.18992978 -0.30709702
-0.05907035 -0.19711910 0.33522576
-0.04922036 -0.08248393 0.32381192
-0.14101961 0.12091887 -0.21328017
-0.19793794 -0.04431598 -0.02655026
0.22952966 -0.15695357 0.11109899
-0.20729697 0.00920204 0.23540805
-0.03745160 0.07354917 0.35943362
0.12200067 -0.14761427 0.04813340
0.21809004 -0.14937769 0.35371551
-0.18621403 0.06435615 -0.29427749
0.13668899 -0.03689576 0.08336346
-0.03526645 -0.04513343 -0.04476042
0.12487062 -0.19503248 0.19626960
-0.22233629 0.05020816 0.19914323
-0.12949449 -0.03355318 0.07301661
-0.21424371 0.05505516 0.14029320
