-0.16211653 -0.09182575 -0.14031430
0.05640930 0.02372892 -0.13715895
-0.14498560 -0.13683152 0.26327753
-0.07431714 0.02523718 -0.16500849
-0.15819086 0.08055089 -0.09643614
0.03351985 0.02851525 0.07498720
-0.06661279 -0.00489536 -0.06137396
0.08544262 0.02053527 -0.05693536
0.13328019 -0.13221844 -0.08833805
0.11046968 0.10388743 0.34854642
0.16038898 -0.04718422 0.10874352
-0.11605220 0.16073170 -0.26268435
-0.08224165 0.16204228 0.15771137
-0.15888898 -0.06722547 -0.31264481
-0.15025894 -0.13767514 0.17332610
-0.05690060 0.03861301 0.06269622
-0.09088784 0.11821655 0.19384576
0.14793684 -0.13247031 0.44453633
0.08734828 0.01105918 -0.09373759
0.15654659 -0.01619177 0.15179923
0.15911219 0.01154117 -0.38635296
0.06433280 0.15890983 -0.40960833
-0.10813895 0.11953013 0.12700477
-0.08274070 0.15074590 -0.45017838
-0.16548266 -0.01905642 0.07347896
-0.12947640 0.15064508 -0.16895077
-0.12687540 0.16368079 -0.44392034
0.07236877 -0.13227165 0.14425412
0.15120904 -0.13114989 -0.37946406
0.06365450 -0.13450582 0.35433948
-0.01430072 0.03560822 0.44735613
0.02221062 -0.13413186 0.18051986
-0.06421003 -0.13519490 0.39977825
0.13204622 -0.12745960 -0.41686887
-0.15995839 -0.06103768 -0.20539844
0.10564416 0.02308254 0.38566512
-0.07219774 -0.13405606 -0.38877827
0.00837985 -0.12917778 -0.31474969
0.08992619 -0.13696153 -0.30188340
0.10719462 -0.04636230 0.44846359
0.04646020 0.16021156 0.41122371
-0.14954592 0.02833249 0.13249975
-0.08709782 -0.12365911 0.37443441
0.07478486 -0.12738734 -0.23141252
0.00200338 -0.10836189 0.42462900
0.04915836 0.02782743 -0.22939681
0.14629897 0.07408565 -0.38071674
-0.03585645 0.05139298 -0.26014343
-0.15884748 -0.12259667 0.33752206
0.15477517 -0.12652048 -0.08563543
0.03054641 0.06099197 -0.35020357
0.11732176 -0.13540299 -0.21687137
-0.11021367 0.10526517 0.08333264
0.15173827 0.00471288 -0.19561799
-0.15962373 0.09261034 0.18769847
0.10121689 0.14279163 -0.35812709
0.14304729 -0.02800340 -0.20054345
0.01947758 0.02392664 -0.00348493
-0.15906924 -0.05937307 -0.23732516
0.03047361 0.11354592 0.44874543
-0.16398200 0.10035150 0.18115778
0.16153817 -0.06492615 0.40260550
0.13296896 0.13546152 -0.35540232
0.13398783 -0.13101840 -0.43619159
0.12946378 0.02242982 -0.00043775
-0.09380588 -0.08769988 -0.06757075
0.15481715 -0.12445606 0.09750800
-0.05793219 0.15642995 0.16171487
-0.10276745 0.15646106 0.28141290
0.01445390 0.15272483 0.43819511
0.15354615 -0.04936149 0.09175069
0.15667017 -0.03595964 -0.32311693
-0.05452936 0.10787322 -0.15433283
-0.01539153 0.03780830 0.33365336
0.02928385 0.10915072 0.44326767
0.16191944 -0.12175081 -0.21949215
0.12443289 0.02072052 0.05889459
-0.00615889 -0.13729466 0.12846979
-0.15373990 -0.09978473 -0.02787111
0.15801127 -0.02875246 0.19502240
0.00576705 0.03413606 0.33857313
-0.15897900 -0.08416334 0.16755053
-0.06476542 0.07791515 -0.12863038
0.02607343 -0.03753818 0.45109481
-0.16319856 0.08249466 0.07736127
-0.00261814 -0.01440236 -0.44979796
0.09997934 0.01630193 0.18372202
0.14975356 -0.13006189 0.40230548
-0.08187599 0.02661735 -0.30934343
-0.11364144 0.07477468 -0.15651721
-0.16159710 0.08012806 0.30012760
0.10292337 0.05372659 -0.00758591
-0.14577037 0.09412144 -0.20050171
0.01040200 0.14380181 0.36872870
0.16083062 -0.01566366 -0.01747438
-0.14629646 -0.00553876 -0.37096220
0.11306249 0.14360902 -0.44002089
0.06651994 0.02433348 0.24148346
-0.13340722 0.15623105 0.05260791
-0.05321033 -0.13102268 -0.30950090
0.01884475 -0.13391761 0.39401221
0.15160471 0.12588221 0.44068304
-0.13954125 0.03312840 -0.36583015
-0.05868122 0.15124510 0.35074583
-0.06441543 -0.13598704 0.33776021
-0.06119455 0.01933167 0.17232558
-0.12795702 0.02926182 -0.06346182
-0.15963125 0.05707983 -0.41882455
-0.00044177 -0.13645905 0.34010059
0.15302829 -0.02149826 0.40716907
-0.14467368 0.07542108 0.02778458
-0.11923056 0.15992221 -0.10816053
-0.16196378 -0.07885048 0.04935284
-0.14390212 -0.13568342 -0.34745282
-0.13916272 0.16414592 0.38398278
-0.11697030 -0.11770581 0.44313833
-0.06033357 -0.01574555 0.04233749
-0.15800951 0.02334841 -0.26649120
-0.07586387 0.09310068 -0.05686229
-0.07298684 0.06764237 -0.13509011
0.01400021 0.02592147 -0.08625290
0.01464568 -0.05859478 0.44594312
0.12886560 -0.01364725 0.44684052
-0.15896539 -0.05539498 0.00546965
0.06388483 -0.13482353 0.24826904
-0.02978362 0.00034209 0.19567794
0.16623089 0.03462395 0.33117309
-0.02218314 -0.13679260 -0.12497578
-0.02175556 -0.13424769 0.20287198
0.11032543 -0.12256662 0.21227771
-0.13822407 0.15318207 -0.15455210
0.11565417 0.14566258 -0.38247412
-0.04713357 0.15699562 -0.33820531
-0.05958517 -0.11904196 0.02132120
0.02647616 0.01091382 -0.44860756
0.15714882 -0.05833637 0.08282210
0.15969057 -0.01074525 0.38109529
-0.06173798 0.07122242 -0.11182275
-0.13590884 0.16271016 0.36557090
0.06322899 0.02465826 -0.01817770
-0.07228038 -0.00424622 -0.16335528
0.02269758 -0.13509294 -0.44097468
0.03999706 -0.02047982 0.43671328
-0.15668865 0.01480978 -0.37001002
-0.12058359 0.15559466 0.19073148
-0.13020034 -0.13847907 -0.23671161
-0.14991240 -0.12348700 -0.26029164
0.15657195 -0.11524079 0.05769832
-0.04051926 0.15517852 0.29814881
-0.12219221 -0.01310659 0.12347986
0.15658124 -0.05206101 0.15135832
0.07219035 -0.13656691 -0.42481804
-0.04278202 -0.13384286 -0.12282376
0.09749508 0.14583057 -0.40141621
-0.16426837 0.00810204 -0.06965458
-0.14658156 0.14365554 0.43072787
-0.02988926 0.02322482 0.30781013
0.14179170 -0.13355124 0.32499591
-0.15839051 0.01035244 0.38793266
0.09260590 0.01044552 -0.09878743
0.14748676 0.14320135 0.32397845
-0.16046266 -0.05366949 0.15417576
0.09311032 0.10442062 0.36214346
0.02605679 -0.13196179 -0.17658554
-0.02733440 -0.13202322 0.39386493
0.15547372 -0.07478475 -0.32992467
0.01251163 -0.09369911 0.04902944
-0.12688880 0.15117298 -0.44200617
-0.15617493 -0.06239817 0.29255518
-0.13944846 -0.07348776 0.28213304
0.15821859 -0.02439894 -0.04718100
-0.00763456 0.15598474 0.43336692
0.15469554 0.02218895 -0.43926823
0.00048428 -0.13350998 -0.38299683
0.15781681 -0.06398053 0.43334299
-0.02675776 0.00133210 -0.42499602
-0.09544612 -0.13312329 0.05255743
0.02837927 0.15966584 0.41778192
0.12047275 -0.02498283 -0.00586588
-0.07154997 0.04356479 0.01153433
-0.02252197 0.05212353 0.25662681
-0.16068861 -0.11062688 0.26605794
-0.15723172 -0.08466513 0.01127551
-0.16509184 0.01874911 -0.29743120
0.12929656 -0.13752989 0.44019461
-0.09582639 0.15385205 -0.25528949
0.07448170 0.02279124 -0.16856201
0.04248810 0.02360556 -0.21782175
-0.03181660 0.12951162 0.44276738
-0.06486251 0.14041474 0.44498831
0.05744814 0.00728786 0.44653714
0.15419784 -0.12921068 -0.26773039
-0.16262224 0.12257960 -0.09178661
0.00731611 0.02140642 0.17354313
-0.15570855 0.06936632 -0.35815954
-0.07491165 -0.01390197 0.02543407
-0.15815149 -0.10330576 -0.34598795
-0.15826540 0.07549562 -0.30162281
0.04905589 0.02914619 0.26318172
-0.09437492 -0.03018870 -0.41396812
-0.13755378 -0.12641513 -0.44281361
0.15841803 -0.04531951 -0.33819687
0.15171197 -0.05256289 -0.17033266
-0.15912357 0.14228611 0.34363395
0.00903734 0.14303382 0.44885847
-0.10022788 -0.13588792 -0.13276240
0.10253329 -0.13773650 -0.39513314
-0.15579224 0.12274621 0.15314865
-0.03043697 -0.12957291 -0.10608259
0.08894803 -0.07601246 0.44706783
0.05086501 -0.03454619 0.44913310
-0.10879628 0.16388530 -0.21316081
-0.16158004 0.04407975 0.19005451
-0.05157891 0.16240808 -0.35042039
-0.05499951 -0.11156535 0.35987318
0.15870351 -0.00517004 -0.15266995
-0.07114534 0.15450713 -0.29726875
-0.07110801 -0.08284025 -0.43261972
-0.16219765 0.14261749 -0.28480151
0.13463554 -0.13900988 0.37317422
-0.07637408 0.15538606 0.09722431
-0.07191862 -0.13173804 0.01574220
-0.08671867 0.09506491 -0.17672104
-0.15853478 0.01245652 0.18121473
0.00235995 0.13678724 0.43958217
0.02285759 -0.13031903 -0.09025843
-0.11879786 -0.14782697 0.43817028
0.15543094 -0.13345535 0.30439126
-0.07831956 -0.02066126 -0.43146646
-0.15897003 0.01439674 -0.19037786
-0.16136490 -0.07910958 0.30752435
0.05972744 -0.13158782 -0.07528268
-0.16368197 0.08615677 0.39697832
0.12786078 -0.13908905 0.25310880
-0.04281678 0.05847363 -0.00946121
-0.13252077 0.01600949 0.35416341
0.04994334 -0.13448422 -0.02377260
-0.03186607 -0.13320792 -0.03956291
0.05405165 0.02124889 -0.26500875
-0.15075554 0.00164844 -0.34545705
-0.01392481 -0.13148543 -0.31955183
0.00504050 0.06871458 -0.33684972
-0.00635208 -0.10325049 0.42315182
0.16151720 0.10442179 0.40695086
-0.16056728 -0.04096189 0.14211881
-0.07520054 -0.13352810 0.09637443
-0.09554406 0.12487252 -0.29129270
0.05993684 -0.13840234 0.44099107
0.04285234 -0.12988263 -0.12957187
0.09784469 0.06776251 0.44383484
0.16751738 -0.03385330 0.34280246
-0.03119882 0.00022897 0.13667031
-0.09714396 -0.12099642 0.26539546
-0.11863932 0.03941304 -0.29930654
-0.12860715 -0.14398542 0.40246183
0.12318644 0.01855546 0.01684963
0.01600770 0.03596222 -0.45033559
-0.01783988 0.05152335 0.27960598
0.05399461 0.02315422 -0.37431014
-0.14186102 0.14828482 -0.24172667
0.02012847 0.01850148 -0.09166428
-0.15737768 0.01598211 0.05060544
0.15600817 0.14766735 0.43517065
-0.10189984 -0.10663258 0.44490337
0.00950727 -0.13570403 -0.17878330
0.13253884 0.08830724 0.44045222
-0.06003132 0.13883838 0.33264759
-0.12472208 -0.13389595 -0.13617823
0.01881200 0.01098625 0.44710264
-0.10699300 0.04234000 0.25685772
-0.06767248 0.15766649 -0.23702085
-0.03328295 0.03561153 0.05097800
0.02365945 -0.13337557 -0.18626678
0.13488348 -0.03372396 0.31330305
-0.16728844 0.12730032 0.40358356
0.07420057 0.16449131 -0.43236634
0.00817378 0.03751016 0.44511247
0.15741512 -0.12246751 0.08972526
0.15204991 -0.04729614 -0.44639069
0.11510158 0.03013282 -0.12530215
-0.13741027 0.08920699 0.20396951
-0.16192770 0.02900695 0.38855466
-0.02128058 0.16187662 -0.39774886
0.11372124 -0.10885571 0.44756216
-0.09149647 -0.07224982 -0.11711572
-0.02794164 -0.10156368 -0.44901660
0.14871946 0.08598737 0.36059526
0.10728056 -0.02534362 0.00103330
-0.16100527 -0.12773496 -0.08336870
-0.12390659 0.15912794 0.37407830
-0.15841523 -0.13296182 -0.33599812
-0.00908194 -0.00684517 0.37841535
0.06363434 0.01617234 -0.30294302
0.14878514 0.00100160 -0.44223866
0.01794917 -0.11292626 0.44783783
-0.15341422 0.11792792 -0.36519933
0.10039339 -0.01384232 -0.21369989
-0.08123107 0.03163370 -0.33712271
0.11902773 0.01394749 -0.44473761
-0.14378120 -0.12978758 0.06802416
0.06481514 -0.13218966 0.31685358
-0.05124721 0.12592843 0.09189183
-0.16160873 -0.01184110 0.41489267
0.12280513 0.02956896 0.32090181
-0.14941920 0.15242803 0.05771997
0.14163515 -0.13896741 -0.40527433
0.14604902 -0.09967639 0.06805921
-0.09584863 0.09446581 0.39529619
0.08107224 0.01749397 -0.19265489
-0.16284889 0.05707781 -0.29470673
-0.16086718 0.09023970 -0.20448872
0.07965948 0.02027779 0.00920201
0.14711949 0.15342034 -0.43965834
-0.14493845 0.15017627 0.06631584
-0.14534776 0.05839739 -0.02216520
0.00970347 0.16305438 0.38842809
-0.09648629 -0.13265221 0.34352309
0.06450119 0.13704160 0.44765675
0.13451737 -0.01071610 0.06183659
0.07492603 0.05286391 0.44507816
0.01845338 0.02768286 0.13785489
0.00209805 -0.01506636 0.14015828
-0.10203350 -0.12846655 -0.24760273
0.11653826 -0.00243935 -0.04415797
-0.14833349 -0.13762648 0.06244120
-0.08365874 0.02627987 0.11985968
0.15380330 -0.11938020 0.42450255
-0.10225028 0.15267442 -0.24471113
0.15996222 -0.08604801 0.42122245
-0.15693548 -0.13169931 -0.20263575
0.11227860 -0.09491120 0.43062082
-0.01985895 0.05042136 -0.26985216
-0.11192420 0.08784583 -0.02251165
0.11987113 0.03215211 0.30873677
0.13558960 0.08902638 0.37121299
0.14474060 0.02449977 -0.21985883
-0.15624644 0.08452398 0.08921036
0.13247328 0.12789437 0.43915367
0.14454730 -0.03377315 -0.11168820
0.12691072 -0.13009846 -0.29337865
0.12363197 -0.14205118 -0.35164478
-0.07654540 0.00112321 0.08723243
0.13842626 0.02672186 0.09883402
0.13281778 -0.14513408 0.44412667
0.06555207 -0.13772550 -0.30050397
0.12658492 -0.14315176 -0.27182260
0.06677091 -0.12741719 0.37802023
0.09690625 -0.12953122 -0.39530134
-0.16223897 -0.01246652 -0.03938757
-0.15530676 0.08581531 -0.00191031
0.01269092 -0.03008410 0.04779359
-0.06459625 0.06714836 0.37392506
-0.14237823 -0.13601506 0.11271267
0.13335364 0.02530941 0.38047293
0.09812914 -0.12607701 -0.22649205
0.10813942 -0.12404408 0.13478859
-0.11079419 0.05184349 -0.44556370
0.15362670 -0.01667362 0.16898234
-0.06574205 -0.01180699 -0.36262086
-0.06531872 -0.01677750 0.34474349
-0.01782086 -0.03783580 -0.44892997
0.00792906 0.02236910 -0.13819729
0.00049696 -0.13246246 0.39341056
-0.13213629 -0.05291310 -0.10663060
0.15332544 -0.10466928 -0.37266928
0.15334493 -0.01058359 -0.09294944
0.15868148 -0.00936489 -0.22130218
-0.06842711 0.08539394 -0.11391966
0.15376231 -0.12871398 -0.10372964
-0.06615878 0.15781397 0.29767218
0.15663525 0.12230134 -0.43825850
0.09658293 -0.13034397 -0.44452015
-0.09484620 0.11340052 0.34726343
-0.15961015 0.05862951 -0.07789861
-0.07879244 0.15987536 -0.31431153
0.09615730 -0.13350968 -0.44539019
0.01583852 0.01719480 -0.10073761
0.11856500 0.16018215 -0.39219943
0.15688457 -0.01768837 0.01942082
-0.04373070 -0.12985605 0.04355724
0.10068458 -0.13429123 0.35510769
0.12946919 0.05260094 0.37601274
0.07914304 0.15296388 0.40998724
0.07775291 -0.13863124 -0.02412072
-0.04216568 -0.09340442 0.24595933
-0.07160650 0.05814544 -0.24697705
0.08238837 -0.10802381 -0.44799766
-0.16139702 0.11408640 -0.25494933
-0.14996885 0.11774862 0.10413520
-0.15650126 -0.11291046 0.21106325
-0.00616237 0.03070408 0.20267637
-0.04524869 0.02170384 0.06421332
-0.11863490 0.01082648 -0.04029550
0.15568335 -0.03501457 -0.37084931
-0.03737413 -0.00636579 -0.00833773
0.01533630 0.15753759 -0.39542541
-0.14497085 0.15279469 0.25237504
-0.04516061 0.04837235 -0.11054593
0.14747667 -0.00542619 0.31226000
-0.10356538 0.04225768 0.09771752
-0.15472169 -0.11646226 -0.34032652
0.15432388 -0.00228089 -0.09340296
-0.04712537 0.04109563 -0.34958437
0.15791786 0.12985632 -0.37486452
-0.13726968 -0.00181482 0.44728988
0.00153545 -0.13149783 0.28547168
-0.05297691 0.13226825 -0.03272814
-0.08398852 0.08140514 -0.34069586
-0.09215004 -0.12932095 0.38291553
-0.05976769 0.08533099 0.26298395
0.10155031 0.02131230 -0.39793211
-0.07276598 -0.13349290 0.04886126
0.01621023 0.05668239 0.38411659
-0.16203967 -0.02934863 -0.13686733
0.12744948 -0.04878221 -0.32912317
-0.03577179 0.12476572 -0.31186092
-0.05869162 -0.13449171 -0.12553386
-0.14580069 0.13617934 0.37796965
-0.11131436 0.16010606 0.19986233
-0.09934948 0.03111477 0.07463951
0.10313375 -0.13480970 -0.21286957
-0.16189818 -0.05053070 0.10268076
0.14524457 -0.01644462 0.44621003
-0.10353561 0.10615223 0.44409057
0.15367834 -0.12459399 0.13630715
-0.15369652 0.00227376 -0.17960286
0.15868872 -0.03827512 0.29041016
0.01882940 -0.03161747 -0.13376775
-0.02288501 0.04748196 0.15639858
-0.04878614 -0.12724400 0.44964141
0.15670548 -0.12469375 0.32297808
-0.07355419 -0.02471985 0.25141376
-0.02169300 0.15911120 -0.44461194
0.10142936 0.05665768 0.36527777
-0.05540527 0.10160177 -0.44736508
-0.11880818 0.05129936 -0.04096108
0.13824667 0.15257362 0.41772646
0.13615696 0.02507619 -0.10352701
0.10141160 -0.13446136 0.15535274
-0.00587970 -0.10501940 -0.21730037
0.12460752 -0.12893558 -0.19630222
-0.15098515 -0.13033864 0.12850849
-0.13040690 -0.13069132 0.23298158
-0.14103061 -0.13919628 -0.19437562
-0.15032509 0.11020530 -0.02228444
-0.09440795 0.15419413 0.11952293
-0.15006515 0.09785370 0.43985832
-0.00898425 0.09148014 -0.43783236
-0.09225605 0.16152462 -0.02374708
-0.07375532 -0.12284228 0.24365398
-0.15906519 0.04863985 0.29347974
-0.11127394 -0.13263811 -0.10622452
0.15471159 -0.06786589 0.17426060
-0.15141140 -0.02881215 -0.37283587
0.09114444 0.02068718 0.27653527
-0.15987325 0.12664288 0.17393529
0.07889597 0.15985748 0.41421038
-0.15659820 0.03848799 0.23070729
-0.09354887 -0.01642173 0.15459463
-0.09703844 -0.13624938 -0.37369290
0.10824159 -0.12342775 0.26011521
-0.12839237 -0.08100707 -0.17190568
0.14429139 0.00175549 0.34729224
-0.16055208 0.04309577 -0.03884667
-0.15064409 0.15678325 0.44798499
0.10402001 0.02083495 -0.23729481
-0.04554490 0.03501748 -0.07895325
-0.02117382 0.02882901 0.01956257
-0.08035324 0.04812724 0.44648072
-0.06212483 -0.04650521 0.44933930
-0.08328091 0.04068307 -0.30408788
-0.06493124 -0.13880986 0.39192897
-0.05569258 0.03628273 0.02031177
-0.10649486 0.16241010 0.36900958
-0.13741152 -0.13134773 -0.43461072
0.15516347 -0.10108206 0.02076569
0.06163212 0.14398170 -0.34190115
-0.16474319 0.08564645 -0.17283294
0.15667820 -0.07943998 0.27821323
0.06866188 -0.13422999 -0.22410654
-0.13888595 0.15705431 0.02109768
-0.04854507 0.15158820 0.36658654
-0.08005270 0.16126256 0.13736612
-0.02437214 -0.12697500 0.11080091
-0.04416518 0.03356399 -0.20004417
0.13449733 0.15270835 0.35791993
-0.00056593 -0.10498099 0.24406081
-0.07144482 0.12131286 -0.12295575
0.01913635 -0.02153218 0.19928271
-0.16362970 -0.06902978 0.29935712
-0.04986706 -0.00549095 0.28337848
-0.05630416 -0.13653030 0.24457191
0.15941161 0.00187354 -0.16608806
-0.15714777 0.01221114 -0.20656632
-0.01610340 0.03261655 0.09846325
0.02293063 0.13434300 -0.42089581
0.13331583 -0.05792746 -0.02775737
-0.08829779 0.15490721 -0.27097622
-0.12779245 0.04016520 -0.16461162
0.16056792 -0.03384321 0.04037477
0.12161723 -0.13457213 0.28784341
-0.04455016 0.11427752 -0.10855823
0.10191289 0.02031852 0.15005063
-0.08550490 0.11882335 -0.23118250
-0.16003457 0.11299609 -0.03923318
-0.15794775 -0.12502825 -0.06735292
0.15957227 -0.09993875 0.20604345
-0.15151685 0.12247295 -0.43063492
-0.13415763 0.09385777 -0.44654730
-0.04710418 -0.13144638 -0.44527364
-0.14048056 0.15105920 -0.44784540
-0.16119990 -0.03744396 0.41750044
0.12769905 0.09146205 0.37609291
0.15546003 0.00070163 -0.10410648
-0.00444669 0.16007492 0.39884010
0.14748119 0.14957595 -0.38980767
0.05707331 -0.13344033 0.34431785
0.15256083 0.01357146 -0.36486387
-0.11194631 -0.11738127 0.07858424
-0.12700783 -0.03604083 0.19969617
0.15577398 -0.13094343 0.34380123
0.01671697 -0.13819750 0.03156746
0.11522318 0.02741025 0.06898855
0.10298987 -0.13040665 -0.28297991
-0.09818634 0.16281670 0.39490688
-0.04699301 -0.09838277 0.13152337
0.00145757 0.02854383 0.00023791
0.02511523 0.06133661 -0.31971267
-0.04122788 0.11381067 0.08508727
-0.15950763 0.13589171 -0.09564578
0.06845126 0.01845735 -0.26212549
0.02605776 -0.02807175 -0.44611418
-0.04176462 -0.13261940 0.30132222
-0.15337241 -0.13221180 -0.23234221
-0.05969083 0.16209418 0.09178033
-0.06173375 -0.13144715 -0.35609302
-0.03810144 0.01675220 0.44474253
0.02712034 -0.00010058 0.09097368
0.15112928 -0.09314381 0.16676421
-0.03178363 0.02595331 -0.04804944
0.04411475 -0.13468167 0.00910435
0.11913764 -0.09170750 -0.01318231
0.11665057 -0.00443461 -0.09509106
-0.12068132 0.03460856 -0.44337255
-0.04023781 0.07380912 0.10300654
-0.03883751 0.07766089 -0.26347879
-0.16203710 -0.07570044 0.02236783
-0.15651169 0.11167563 0.29977077
0.12903045 0.12703609 -0.43483269
-0.10929077 0.16295429 -0.17489474
0.15956686 -0.10111542 0.31244603
-0.12087169 0.16170907 0.32865131
0.09367484 0.01882333 -0.03227569
0.09748913 -0.14111371 -0.11055963
0.04106651 -0.13442264 0.28795820
-0.04193493 0.15318017 0.14629573
-0.15237789 0.07019062 0.20805383
-0.16185789 -0.08252747 -0.30246025
-0.06545697 0.09185714 0.05173448
-0.16338341 0.03855594 0.06905174
-0.03604729 0.05899645 0.28268194
-0.16046779 -0.00503761 -0.22689180
0.00496396 0.05749567 0.38223743
-0.16265152 0.12608773 0.25359717
0.10135195 -0.14915317 -0.40504056
-0.02771144 -0.10879745 -0.04372308
-0.03857501 0.07438215 0.06945620
0.15873849 -0.10372004 -0.08596356
-0.01668698 -0.00909377 0.15918107
0.01947272 -0.09440459 0.07570749
0.15669668 -0.11587396 0.32880616
-0.16037755 -0.05010794 0.07753945
-0.13814069 0.02057175 0.43017644
-0.05318088 0.13524140 0.34634295
0.11781521 -0.13631499 0.22001618
0.04597423 0.02253811 0.44450957
0.01017465 0.00866000 -0.27798605
0.15791078 -0.13684958 -0.35042116
-0.02466144 -0.13245402 -0.30869612
0.03588733 -0.00117085 0.11546290
-0.15064269 -0.13616788 0.02046239
0.08394624 -0.13680661 0.38383451
0.13760389 -0.08535919 0.44381872
0.11279619 -0.12142975 0.28788000
-0.03282397 0.08268390 -0.45065618
0.09949140 -0.13596866 0.20998791
0.14641501 0.14712813 0.38162673
0.15343191 0.07765907 0.37504262
-0.16491385 -0.11374994 0.06020535
0.12518540 -0.13030496 -0.22199063
0.13293505 -0.12951468 -0.39168206
-0.07933603 0.08800633 0.44827244
0.13902935 -0.13684295 -0.15675989
-0.02290913 0.15253447 -0.33666489
-0.15203999 -0.04755642 -0.44430462
0.11165729 0.02094220 -0.31335893
-0.16731988 -0.12867858 0.10598218
-0.16374974 0.13941184 -0.10348610
-0.03264289 -0.13132700 0.09733796
-0.04890067 0.08013512 0.10004915
0.01263082 -0.13616766 -0.11798026
-0.02709693 0.16366936 -0.40447205
-0.14745384 0.14282709 -0.04522150
0.04081699 -0.02114214 -0.32509163
-0.06520806 0.03389591 0.15425509
-0.09352034 -0.11974526 0.03726623
-0.03718777 0.06872402 -0.31248680
-0.08357498 0.07416584 0.16361901
0.15877625 -0.12277792 0.39368290
0.16034277 0.06732063 -0.42515555
0.05501004 -0.00632180 -0.16273428
-0.01375052 0.03923450 -0.36855802
0.15627664 -0.01243167 0.32634953
-0.12143901 -0.00534438 -0.07964043
-0.13461651 0.03804561 0.27333799
0.16312060 -0.11445905 -0.39155301
0.16682939 0.03501670 0.37055212
-0.15213843 -0.14790761 -0.36751446
-0.12069653 0.00239353 0.44503385
-0.06736204 0.06366622 -0.15143915
0.07943077 -0.13491192 0.08932007
-0.12859705 -0.09900579 -0.13355732
0.05918382 0.02737094 0.14047936
-0.15590087 0.11244795 0.44638765
-0.06789607 0.07547086 -0.38294637
-0.08431312 -0.11737868 -0.00359181
-0.15887032 0.08487488 0.04460296
-0.07531158 0.16125372 -0.19961292
-0.16004130 0.09145500 0.43211558
-0.04911806 0.10124373 0.02624263
-0.05274823 0.10668786 0.29378483
0.14848374 -0.01748024 -0.08130537
-0.06760785 -0.13977867 0.43377969
-0.05295978 0.15128376 -0.05712286
-0.02151602 -0.12964357 -0.19877212
-0.13209270 0.13372236 0.36920765
-0.00011131 -0.02297966 0.03730652
0.16171178 -0.09460784 -0.11773664
-0.00260412 -0.01545229 -0.07873579
0.16190711 0.00339080 -0.35956430
0.14556482 -0.13440572 -0.33344364
-0.04690858 0.10922295 -0.44447410
-0.00513403 0.07559771 0.44673571
-0.06614164 0.15356059 0.09330720
-0.15053077 0.08456473 0.05534957
0.09420653 0.03895879 0.44992670
0.00259792 -0.12078673 0.44690618
0.15549737 -0.05118053 -0.39897123
0.16065347 -0.07393023 -0.11966334
-0.13063191 0.01730481 -0.43787625
-0.08038681 0.00209945 0.09191436
-0.16118470 -0.06006030 0.36644247
-0.07417236 0.03268296 0.28307804
0.16228940 -0.01650160 0.42150784
-0.08151942 0.09201051 0.06658553
-0.14697494 0.06458562 0.03248869
0.10075512 -0.13419884 0.33614069
-0.01177136 -0.13084230 0.05365539
0.08649913 0.02523160 -0.31965086
-0.13300492 0.02324625 0.31574497
-0.16000746 -0.04431652 -0.26338196
-0.06594607 -0.13042097 0.24217743
-0.06271357 0.15988365 -0.17744981
0.13259816 -0.11609690 -0.44297421
0.00274360 0.01938855 0.09645223
-0.10666709 -0.13501856 0.33965242
0.00321332 0.05243153 -0.44898447
0.09306534 0.03436337 0.34036681
-0.00385433 0.06817974 -0.32066983
0.14994667 0.01172552 0.22555329
-0.01297320 -0.09981384 -0.07190385
0.15489635 -0.06947330 -0.29722273
0.02425412 -0.01769003 0.44992983
-0.15909609 0.01735115 -0.12158721
-0.07206722 0.06397834 -0.06167469
0.00391191 0.02918834 0.35308254
-0.02706767 0.15932399 -0.32104862
-0.15721512 -0.01289066 -0.35312787
-0.06161699 -0.13426235 0.39258063
-0.16037187 -0.09420994 -0.15511402
0.06730809 -0.09283088 -0.44519237
-0.16846913 -0.12231115 0.04062276
0.06620371 -0.14210474 -0.33924413
0.13165368 0.02561510 -0.05466733
0.11386830 -0.13723342 0.35886383
-0.09986342 0.15819290 0.36672524
-0.08785098 0.16126619 -0.26139745
0.15137762 0.02069987 0.20580329
0.05847671 0.14407495 -0.39464438
-0.06606177 0.15769437 0.35722297
0.15595104 -0.12544048 0.25469860
-0.11624885 0.16059008 -0.12317354
0.02697112 -0.02182308 -0.26327041
-0.09405331 -0.13130242 0.30776435
-0.15826404 0.01700129 0.29912341
-0.12374889 0.14471459 0.26578915
0.15446047 -0.12518136 0.29734135
0.03692627 -0.13146481 -0.23682494
-0.01746948 0.14115256 0.44122702
0.10875946 0.02747673 0.05002490
0.04510172 -0.12769182 0.30995679
-0.15461661 -0.05237022 0.05438650
-0.14857782 0.11916438 0.06045628
-0.07303931 0.15338244 -0.40772516
-0.11038662 -0.13710147 0.39694232
0.15854900 -0.01027244 -0.44571951
-0.05136988 0.01541657 -0.44617397
-0.12481209 -0.08013776 -0.44324976
-0.16499324 0.09591297 -0.22957538
0.15360093 -0.10638537 0.43176979
-0.01858791 -0.06815393 0.43887401
-0.11208850 -0.13745071 0.39328673
-0.16098823 -0.02891602 0.23408355
0.14998421 -0.13524652 -0.12302379
-0.12923226 0.01451940 -0.44648638
0.08045360 -0.13285044 0.12715220
0.03662294 -0.09833372 0.03833025
0.08607814 0.01053041 0.33841217
0.15558718 -0.06466102 -0.32638329
-0.14576674 0.08805979 -0.41755241
-0.04177833 -0.00551579 -0.03345340
0.14749663 -0.13552904 0.44455361
-0.10507686 0.03978923 0.43502742
0.13182397 -0.13642125 0.36216080
-0.00661820 0.11310504 0.44731614
-0.15689103 0.12638974 0.42838168
-0.16035621 -0.01761394 0.44189778
-0.11546548 0.03563303 -0.44865882
-0.00389969 0.02357345 -0.02654512
0.08944347 -0.12104891 0.02857093
0.15142341 -0.02213366 -0.41091427
-0.08431507 -0.00645302 0.22880995
0.02929203 0.01850975 -0.33743343
-0.02417148 -0.13113604 -0.05633554
-0.07715810 0.02135565 -0.16826777
0.04717914 -0.13487600 -0.17050542
-0.15100048 -0.12242071 -0.11421517
0.11533960 -0.13713075 -0.01937068
0.15441865 0.08852869 -0.43289608
0.06065026 -0.13768978 -0.43148881
0.14431076 -0.01891126 0.45317435
-0.12900262 -0.13492537 -0.31030974
0.11199036 -0.13055776 -0.27338433
-0.07419044 -0.13442001 0.17685050
-0.03645628 0.08527890 0.44568565
-0.02910881 0.10609178 -0.44597864
0.15889953 -0.12473629 -0.18557262
0.07808659 0.02280541 0.26895946
0.08742633 -0.13179232 0.35662431
-0.16181020 0.02555003 -0.21265249
0.15551081 0.01458178 0.37218693
-0.05853911 -0.01670165 -0.05321953
0.12325482 0.02025696 0.03283198
-0.06185230 0.16075443 -0.05093434
-0.15948114 0.07578543 0.34258583
-0.15650982 0.07018922 0.09056839
-0.02073168 -0.10342523 0.24179633
0.03556697 -0.12221528 -0.41093552
-0.16524157 -0.12369888 -0.02123577
-0.01647623 0.04947045 0.24451707
-0.12081269 0.03236511 -0.44580305
-0.16165648 0.04854432 0.03173148
0.14256430 0.03088824 -0.24234682
0.00219005 0.11941727 -0.45043635
0.09118045 -0.01135004 -0.01101154
0.08294244 -0.13745153 0.03203078
-0.05902157 -0.13038976 0.29568937
0.08585750 0.02431263 -0.16870290
-0.10361136 -0.14373986 0.43763348
-0.02676281 -0.12899128 0.00951296
0.15617743 0.01114333 -0.12634668
0.15744191 -0.07862393 0.28348702
-0.12852529 -0.14020164 -0.18741532
-0.12156856 -0.14228004 0.40754694
-0.04108606 0.13218375 -0.24618272
0.01012945 -0.11540769 0.44391769
0.06194878 -0.00868280 -0.08514699
-0.06944617 0.15511718 0.36723915
0.05893155 0.02387956 -0.20568413
-0.06712653 0.02150153 -0.04780979
-0.02779759 -0.03749581 -0.44979277
-0.03926825 0.11579772 -0.38191605
-0.05246019 0.03104101 -0.27130815
-0.15825464 0.02373667 0.20783153
0.08514141 0.02580733 -0.21351424
0.06860305 -0.13466540 -0.03359330
-0.05679718 0.05689014 0.33446199
-0.07431287 0.01666662 -0.23274840
0.11218816 0.02857522 0.28041378
0.15611817 -0.10559379 0.07914866
0.09237999 0.07749213 -0.44056180
0.15386592 -0.00142937 0.01204634
-0.15149070 0.08519116 0.44694242
-0.13487035 0.06390842 0.12165552
-0.15579136 0.00654706 -0.09298770
-0.08203588 0.02087612 0.04687411
-0.06409246 0.01711660 -0.19929816
-0.05084876 0.03016962 0.34777331
0.15606503 -0.02143331 0.42987180
0.05450716 0.01438350 0.36241215
-0.12826195 -0.14436671 0.42277271
-0.15847462 -0.05658268 -0.34941056
0.09532669 -0.12251914 -0.06157596
-0.16165717 0.15240960 0.42399266
-0.15095641 -0.12066101 -0.42968202
0.15419774 -0.03650680 -0.38548228
-0.00592507 -0.11724927 0.44530526
-0.04953411 -0.00767500 0.33760375
0.10775103 -0.01049882 -0.28224745
0.14918403 0.02602001 0.44376722
-0.04095767 0.08353215 0.07837532
-0.04288732 0.15089393 -0.27608916
-0.16131668 -0.08496337 -0.06102421
-0.05970063 -0.06725874 0.44822475
0.05796079 -0.13592397 -0.43621320
-0.13434659 0.15741815 -0.04199706
-0.07695919 -0.02574836 -0.44619808
0.07142121 -0.13613741 -0.02363257
-0.16042309 -0.01715426 -0.20614792
-0.12859881 0.03686210 -0.12874632
-0.08116717 0.02449247 -0.27304900
-0.08685045 0.03283321 0.00009658
-0.09217147 0.12624347 0.44265166
0.12376325 0.07900685 0.44542271
0.09552769 0.01912661 0.31953982
-0.02959252 0.15151313 -0.26741120
0.12602416 0.05747134 0.44390827
0.15476108 -0.01148526 0.06181940
-0.11180800 0.15963636 -0.33893162
-0.16043724 -0.06678013 0.28359196
0.06746826 -0.13664392 0.20914587
-0.07421735 0.04808715 -0.11934157
0.15284029 -0.10382995 -0.03438071
-0.16259104 0.04483944 0.04187311
-0.08813498 0.08793762 0.28125685
0.15517710 -0.09902731 -0.30497259
0.02630724 -0.12800291 0.03448911
-0.07321171 -0.04733207 -0.03597073
0.14756460 -0.04304438 -0.05793647
0.10505522 -0.13420793 0.32049033
-0.05376656 0.16068843 0.40506396
-0.09080119 -0.11175970 0.21724615
-0.02441453 0.02438725 -0.15626064
0.15056378 -0.07099141 0.16578245
0.14924213 -0.06558495 0.44714105
-0.08911067 -0.13254225 0.38574198
0.08180258 -0.12442245 -0.29476380
0.02631871 0.06055873 -0.37563500
0.13806543 -0.03715766 -0.39427370
0.08361046 -0.04058919 0.44783309
-0.14622350 0.10629649 -0.15763646
-0.16141269 0.09528886 -0.00597717
-0.15799643 0.07887851 -0.36929327
-0.09232625 0.15971646 0.22501211
-0.04408595 0.11648746 0.03821623
-0.16336647 0.07404396 -0.42355683
-0.14929682 0.15189889 -0.04368151
0.15148032 0.14062542 0.34468129
0.15982197 -0.12382765 0.05459116
-0.05505545 -0.14057244 -0.10413513
0.02608135 0.02718447 0.19398062
-0.15337221 0.10988583 -0.31811097
-0.01377065 -0.00688989 -0.39872283
0.07044651 -0.13469006 0.17896831
-0.02368930 0.03646566 -0.01857250
-0.05481283 -0.13579591 -0.26107419
0.07790178 -0.12828459 -0.16821817
0.10383589 -0.01255999 -0.24104901
-0.11780885 0.13250929 0.39531219
-0.11563187 -0.11755028 -0.02892535
-0.01834967 -0.13520178 -0.34763891
-0.10648957 0.15406647 -0.44478834
0.14147198 0.02610029 -0.18711074
-0.16378751 0.09701791 -0.05772454
-0.08208608 0.06888180 0.29810524
-0.05852318 0.05351559 -0.15263627
0.05765921 0.15711525 0.40505162
-0.07252316 0.16177283 -0.01073384
0.15751976 -0.12406729 -0.24693832
0.15600941 -0.12496242 0.28998807
-0.01577502 0.04900291 0.17900100
-0.15963289 -0.00530111 0.25662372
-0.07562391 0.16407132 -0.35136899
-0.05509705 0.00772440 0.37828842
0.14129567 -0.13326769 0.30686918
0.16155930 0.01561077 0.07023321
0.15746856 -0.03485957 0.00674593
-0.14538625 -0.13584416 -0.07372456
0.03270347 -0.13195582 0.02263018
-0.06966376 0.03144126 -0.02950733
-0.10844269 0.16226983 -0.44862473
-0.08654765 -0.13112736 -0.12020671
-0.15198812 0.10564581 0.42989168
-0.15734784 0.11829512 0.20014971
0.14884403 -0.05173434 -0.33372736
-0.16134477 -0.12111869 0.27960783
-0.15653941 -0.09338589 0.31380224
0.06314832 0.02509926 -0.05070155
0.11586067 0.03374144 0.32408211
-0.16380708 -0.00962029 -0.17271243
0.05702784 0.15238230 -0.40368637
0.15754901 -0.13122149 0.34046692
-0.06367423 -0.12536578 0.44795370
-0.09092013 0.15882252 -0.28184524
0.07011146 0.10418135 0.44277877
-0.13000661 -0.13343909 -0.18287143
-0.03664130 0.07473917 -0.07814315
-0.12130676 0.10742510 -0.01151521
-0.09724172 -0.13048662 0.03364777
0.00592038 -0.01994820 -0.13998638
0.15763150 -0.07237254 0.37112325
0.07341501 0.07488993 -0.43906537
0.00832152 0.00405726 0.14654534
0.15801188 -0.05356779 -0.11675294
0.07934371 0.04401588 -0.26992372
-0.05342524 -0.13426220 0.32291260
-0.03275942 0.14032599 -0.44650927
-0.12410052 0.15489346 0.44079724
0.05297195 0.16299899 0.40247047
-0.15009944 0.01668441 -0.26390272
-0.05789649 0.08069923 0.25850180
-0.16284174 0.14365759 0.40123737
-0.15759702 0.01235819 0.17238943
-0.16044272 -0.01795250 0.25746056
-0.16119784 0.10615662 -0.26918954
0.13972162 -0.13104185 -0.24795407
-0.14395121 -0.10723592 0.41044280
0.01995706 -0.12687063 0.36670408
-0.01160881 -0.00850835 0.39796677
-0.05785982 0.14879034 0.23005642
0.10175043 -0.11516106 -0.44585678
0.12851205 0.02191524 0.15753353
0.09760721 0.11800410 0.36840904
0.16120884 -0.00068530 0.15613690
-0.05993238 0.15672453 -0.03918330
0.16113545 -0.03342861 -0.16998783
-0.03652471 0.02563238 0.17986195
-0.07762683 -0.13444538 0.11593555
-0.07553706 0.16202545 0.15863010
0.05846000 -0.13154441 -0.31393111
-0.02997265 0.02975180 0.05970277
0.05264916 -0.03127722 -0.44888377
-0.01295309 0.00327224 0.41728461
0.00056277 -0.00864524 0.25907263
-0.04397151 0.03072371 0.21519110
-0.02931308 0.03507388 0.44667360
-0.15795718 -0.03233113 -0.35550156
-0.15685168 -0.04645029 0.40085912
0.11201387 -0.00360423 -0.38898033
0.14474028 0.02872335 -0.36891615
-0.16066308 -0.05515028 -0.04106821
0.15650001 -0.04780387 -0.37959778
0.11373179 -0.13693997 0.23076352
0.14501192 -0.04518435 -0.44763032
0.13075924 -0.05144156 0.44387057
-0.01345289 0.02434945 0.44713041
-0.15995423 -0.04729106 -0.01798872
-0.08277275 0.16412780 0.19820169
-0.13005301 -0.14761461 0.40492395
-0.15858874 0.01946780 -0.22620440
-0.07323749 0.16510205 -0.38986278
-0.14839229 -0.14181781 -0.32129890
0.15651184 -0.13476932 -0.36373007
-0.08757257 0.03960765 0.14251721
-0.07818414 -0.00722661 0.04048719
0.11257111 0.01179604 0.03939623
-0.06855585 0.02963148 0.20093852
0.10311836 -0.13410822 0.18150158
-0.05480802 0.16344188 0.35697633
0.12101349 -0.13960320 0.36484975
0.15359072 -0.12618804 0.14694577
-0.01351834 0.14180931 0.36131322
-0.03156282 0.02822603 0.12578461
-0.11160681 0.15952274 -0.02294613
-0.10391381 0.11025429 -0.38204005
-0.07321250 -0.00500673 0.15426955
-0.06809452 -0.03261883 -0.25594112
-0.01566616 0.10704239 -0.37620285
0.01526624 0.02401506 0.33608764
-0.13824841 0.09699664 -0.33671692
-0.15854651 -0.09637641 -0.32013303
-0.15758251 0.03263780 0.06232749
-0.15768971 0.05192416 0.10481183
-0.04408795 0.01895488 0.19902594
0.04690506 -0.06004572 0.44718194
-0.07524777 0.03803818 -0.11073575
-0.02637609 0.14941506 -0.28197780
0.15370063 -0.03392605 -0.13934904
0.06382919 -0.13498929 0.19546740
-0.14611034 -0.13446392 0.17568055
0.07745102 -0.01932620 -0.31057593
0.11983756 -0.02747665 0.03403619
0.06519091 0.01555376 0.14304583
-0.03242868 0.02371526 0.22495273
-0.06932946 0.15476803 -0.24371038
-0.07956413 -0.12042009 -0.10390212
-0.07539244 0.00588843 -0.36391005
-0.06400983 0.01142415 0.28337580
-0.02290916 -0.13462947 0.44604504
-0.15327077 -0.01321684 -0.41977635
0.00774451 0.02075655 0.05899729
0.14748946 -0.13693713 -0.00112606
-0.13322127 0.05517157 0.01518789
0.15749715 -0.05015449 -0.22532558
-0.16155683 -0.03414751 0.16070631
-0.08070289 0.02888065 -0.24460278
0.15223615 -0.03108530 -0.11337975
-0.15500282 -0.00118091 0.30358887
-0.05093089 0.14548929 0.26100728
0.15623486 -0.08063705 0.05636777
-0.12590832 -0.13192064 -0.30433339
-0.15823199 -0.08890839 -0.08607306
0.10467845 -0.13076715 0.01678027
0.04020929 -0.12689163 0.36956567
-0.12065278 -0.07253785 0.43556765
-0.07950088 0.06337221 0.16914468
-0.16025138 0.10508755 0.25077125
-0.01175076 -0.13284776 0.31358096
-0.08485719 -0.10139183 -0.44507641
-0.15284316 0.13746499 0.26520461
0.16387419 0.08674979 -0.41005680
0.01712930 -0.13778524 0.26495636
-0.08965439 -0.13608247 -0.36296707
0.15449667 0.00922675 -0.00525080
