0.01728320 -0.18522796 0.15163524
-0.13097435 0.04547111 -0.21326922
0.05503075 -0.19205715 0.08434774
0.09396214 -0.11581066 0.09779559
-0.10804993 -0.04620547 -0.02757885
0.06911568 -0.18880402 0.28294408
-0.02383108 -0.06447249 -0.17306611
-0.13303833 0.23061422 -0.16564779
0.03138168 -0.10892914 -0.21346241
-0.13503554 0.08895616 -0.23926657
0.00972381 -0.06990151 -0.03346953
-0.12259095 -0.03394108 0.25793651
-0.13373543 0.06214331 -0.13976409
-0.08867657 0.03993586 0.33000574
-0.13404161 0.23249002 0.10933851
-0.14044029 0.23728690 0.12785015
-0.12144719 -0.04656415 0.18739779
0.00912488 -0.07945016 -0.25589883
0.09081162 -0.22302592 0.14803769
-0.02964892 -0.06189469 -0.16407727
-0.10495106 -0.13656546 -0.15626541
-0.08437824 -0.00346888 0.12637603
-0.00452389 -0.06966393 -0.04996274
-0.06691099 -0.10707138 -0.06647893
-0.11132339 0.02399743 -0.01535798
-0.10866866 0.05526455 0.36770087
0.12453022 -0.03504417 -0.38285208
-0.06859186 -0.18558493 0.32632127
-0.14828609 0.24456725 0.18070190
0.08214882 -0.00950660 0.34416682
0.09547181 -0.23301344 0.36656383
-0.10777542 0.13113169 0.03016705
-0.12110732 0.18565929 0.17611368
-0.12902202 0.07491043 -0.15151267
-0.09161106 -0.14400688 -0.22023872
0.02465888 -0.06617810 0.38597140
-0.12155572 -0.13254374 -0.11907312
0.08850783 -0.01976038 0.31703177
-0.10266032 -0.06649543 -0.33526424
0.11344074 -0.14854670 -0.17841417
-0.14074805 0.18626177 0.21906286
0.00816542 -0.08897870 -0.13334405
-0.09390996 -0.13436662 -0.18624565
-0.04057549 -0.12446035 0.11939892
-0.10103466 -0.16659664 0.18424894
0.01054224 -0.08417506 -0.19024318
0.12066792 -0.07505877 0.37112504
-0.08509874 -0.00087189 0.11996557
0.10659110 -0.10144309 0.03743327
-0.06077652 -0.02329269 0.26444823
-0.08654082 -0.00432254 0.07967115
0.01793151 -0.06032439 -0.04153833
-0.13190491 0.22464938 -0.02309666
-0.12464575 0.07160638 0.33718368
-0.11292373 0.13799687 -0.08270673
-0.13086611 -0.11163862 -0.22238281
-0.01316427 -0.10440393 -0.08864545
0.05232572 -0.22743906 -0.20297965
-0.03367429 -0.07565020 0.17296755
0.07315128 -0.06057055 0.33032355
0.03667437 -0.09089038 0.12722775
-0.13117366 0.05877741 -0.26212111
0.03947552 -0.09401499 0.02171494
-0.05997520 -0.00594799 0.12339278
0.04456339 -0.10907571 0.33558661
0.02489036 -0.23471045 -0.35921702
-0.11458026 -0.01411345 0.00824564
0.00661262 -0.18436404 0.26338634
-0.08278149 -0.03293612 0.19680610
0.09660724 -0.05858789 -0.20118997
-0.10436047 -0.05366523 -0.08700398
-0.12695497 0.07062565 -0.14198314
-0.14093180 0.22199027 -0.24937154
0.01434848 -0.08082822 0.14838983
0.11174962 -0.06657340 0.23183121
-0.02803857 -0.07803509 0.06773145
0.08464752 -0.08145604 -0.05912846
-0.08466724 -0.07524294 0.18532512
-0.13065858 -0.11101113 -0.15195352
-0.13179623 0.11871155 0.36617944
0.04247322 -0.26030225 0.33058038
-0.12934813 -0.06410788 -0.16079561
-0.12967956 -0.08500525 0.22875682
-0.09683790 -0.00346239 0.21006125
-0.13174142 -0.07415132 -0.19668740
-0.13474962 -0.07816298 -0.32349074
-0.02070833 -0.10072267 0.07602870
0.11052777 -0.18445699 0.04540248
0.10079823 -0.09003620 -0.13483268
-0.12928872 0.23269732 -0.22265184
-0.05714674 -0.05923498 0.17424762
-0.14006199 -0.13157639 -0.12487919
0.02058302 -0.04614181 0.30510914
-0.13349640 0.10551854 0.17326920
-0.12597138 -0.05667155 -0.27173951
0.09751299 0.02212822 0.37615067
-0.11434678 -0.06195097 0.06776633
0.04349826 -0.08406013 0.28079471
-0.10896719 -0.11544474 0.22212878
0.05059633 -0.05124757 -0.30871648
-0.02002857 -0.04598161 0.18319285
-0.12368872 0.12257610 0.36385787
0.04803015 -0.05264809 0.15059206
0.04158776 -0.08199188 0.09967654
-0.10029405 0.07008295 -0.01166712
-0.08712134 0.06559601 -0.36787030
-0.00524706 -0.15864365 -0.10736319
0.08823740 -0.07199678 -0.16681002
-0.06668437 -0.17647395 0.37547189
-0.10491049 0.04246143 0.24789439
0.08125418 -0.05492436 -0.12470490
0.11172858 -0.09264251 0.37196317
0.08010079 -0.02568388 -0.37828246
-0.11051290 -0.24718337 0.11876129
-0.07503779 -0.07294852 -0.11905365
-0.03516939 -0.11195315 -0.36206841
0.10848995 -0.06090964 -0.32455757
0.05661125 -0.05658041 0.33007711
0.13075951 -0.08887979 0.22226238
0.01487960 -0.02220503 -0.38570839
-0.03379165 -0.12753628 0.35095012
-0.07116452 -0.03240602 -0.06192988
0.11787627 -0.23214677 0.07633613
0.10594831 -0.10233824 0.10101304
-0.13316113 0.24171710 -0.08734716
-0.11119453 -0.07869981 0.09097332
-0.12928106 0.10786740 -0.27542302
-0.13832621 0.17581458 0.18261671
-0.12956694 -0.10051251 -0.38241848
-0.13682772 0.14757939 -0.07017191
-0.02538683 -0.25222355 0.34834275
-0.12723975 0.03672922 0.10031356
-0.12970431 -0.13438517 0.10003005
-0.12049154 -0.18020557 -0.22617999
0.08600916 -0.08194365 0.03447643
0.11525995 -0.10864186 -0.33536878
0.03602172 -0.04900602 -0.23779711
-0.13181120 0.19964774 0.01888121
-0.13621913 0.23034638 -0.05190216
-0.09536444 0.04971170 -0.34638137
-0.12673253 0.23417823 0.01721776
-0.05372110 -0.08968887 -0.05689251
-0.04106099 -0.06875556 0.09397437
-0.11062501 -0.02877690 -0.01320313
-0.13556457 0.10164441 -0.18280318
-0.06313679 -0.04147187 -0.11661781
-0.07154520 -0.12281828 0.00133616
-0.11135399 0.09938389 0.28200626
-0.09893817 -0.11149143 -0.32412219
0.11788233 -0.05829863 -0.14473797
-0.13670972 0.11069426 -0.00658491
-0.12589398 0.06605089 -0.00216837
0.10062703 -0.07746669 0.05556384
0.12517661 -0.16699138 -0.22365665
-0.04374979 -0.16403866 -0.34173980
-0.02937385 -0.13376519 -0.27692628
-0.11531389 -0.00979136 -0.15075184
0.10210934 -0.08813214 -0.22972006
-0.11365685 -0.06370626 -0.04715279
0.09029171 -0.07689121 0.18689544
0.10714719 0.00858827 0.36762747
-0.12645721 -0.07947521 -0.13994136
0.03019023 -0.23753165 -0.09183434
-0.11509660 -0.10539152 -0.11771622
0.10288346 -0.22262791 -0.24235307
-0.13538626 0.01525376 0.25045490
0.02696739 -0.06627043 -0.04912857
0.04867060 -0.00332477 0.35647559
-0.12535511 0.19841464 -0.32161114
-0.14307725 0.23391302 0.02788716
0.05945035 -0.14696863 0.16845828
-0.10773794 0.01701627 -0.07396232
-0.11120124 -0.08237559 -0.09282166
0.06714408 -0.07480522 -0.06240547
0.03072287 -0.25989568 0.23681875
-0.13770436 -0.15856743 0.05287508
0.02011735 -0.06816495 0.18257959
-0.13118751 -0.24526836 0.27561912
-0.02659157 0.00626946 -0.34527075
-0.13668194 -0.10120896 0.13870840
-0.04850847 -0.02874103 -0.32376811
-0.12895378 -0.12582327 0.32430622
-0.00079591 -0.24939513 0.35065037
-0.07338355 -0.02881085 -0.03648736
-0.10976601 -0.06604490 -0.18877372
-0.11898778 -0.11525047 0.13186547
0.03773117 -0.11299244 0.36966264
-0.10144671 -0.07532001 -0.19821146
-0.00710126 -0.09373048 -0.28964427
0.06510486 -0.05423478 -0.02873210
-0.13062711 0.05668069 -0.24518810
-0.11116061 0.16859263 -0.23498370
0.02058738 -0.05771091 0.33766770
-0.13757350 0.15997624 0.06941738
0.10838083 -0.07341657 -0.15653798
-0.10787515 -0.10776109 -0.35249791
-0.14211735 0.21001698 0.12369919
0.06555332 -0.09193303 -0.15721564
-0.13537782 -0.07491323 -0.16723812
-0.08459027 -0.03937876 -0.16492850
0.07005187 -0.10757752 -0.12847877
0.12334921 -0.03677383 -0.35942560
-0.13089125 -0.06790167 0.18819031
0.03190351 -0.15179652 -0.35752061
-0.13641524 0.22488585 -0.29857320
-0.13034482 0.14592981 0.28153408
0.09635728 -0.05617927 0.12830330
-0.11548683 0.05260396 -0.02712462
-0.10548088 0.12469812 -0.04605979
-0.02304635 -0.11315395 -0.36899161
0.06856696 -0.12024294 -0.35066348
-0.07014935 -0.07905626 -0.16561556
0.02582016 -0.15076984 0.14590465
-0.10951733 0.01819988 0.14819856
-0.13446347 0.02887269 0.22320342
0.00087067 -0.07296190 -0.36332655
0.03356957 -0.06261863 -0.01237340
0.07690607 -0.12667111 -0.05794069
-0.11776458 -0.04393148 0.15877096
0.11618569 -0.20868362 -0.20132236
-0.09658276 -0.05495150 -0.03978930
-0.06073887 -0.03818433 -0.28147691
0.00083647 -0.07636409 -0.27757496
-0.11444199 -0.05113425 0.15531927
0.06625564 -0.21869609 0.33642882
-0.10178272 -0.02360801 -0.37900975
-0.14803274 -0.09573599 0.17082986
-0.03444412 -0.06382339 -0.25884488
-0.13865489 0.03860176 -0.35500643
-0.10913338 0.15939513 -0.15704940
-0.10468861 0.02817281 -0.25756896
-0.13052818 0.09117404 -0.33585435
-0.13769154 0.15447006 -0.29652169
-0.12658130 -0.01619328 -0.06693580
-0.11785968 0.16585942 -0.02311154
-0.10409380 -0.00566135 -0.08786563
-0.13255358 0.22670010 -0.02905523
-0.01605295 -0.10346837 -0.24228814
-0.01444657 -0.07826367 -0.03679929
-0.11657226 0.09722921 0.22572289
-0.13265929 0.13999912 0.08851338
-0.12310630 0.20035145 0.22342524
-0.13340691 0.13613053 -0.12978841
-0.11087764 -0.25620106 0.30367503
-0.01522201 -0.01740113 0.33848140
-0.10800797 0.06128425 0.17499892
-0.13425064 0.08431236 -0.04874227
-0.12641358 -0.09930577 0.09494434
-0.13511819 0.14412819 -0.31985426
0.01988324 -0.00125593 -0.37949744
-0.10782015 0.07896101 0.34708586
-0.07766065 -0.00733118 0.38406032
0.03971448 -0.05302190 -0.18435094
-0.11659797 0.04540478 -0.11280572
0.07403264 -0.06691626 -0.31010237
0.09079837 -0.25708383 0.16265984
-0.09305254 -0.05346315 0.25314718
0.02698643 -0.06892553 0.31845823
-0.06087963 -0.22585994 -0.10369242
-0.10385391 0.13160411 0.17274502
-0.12402178 0.02432749 0.28700319
-0.00086001 -0.12729049 -0.35027570
0.09907622 -0.06845329 -0.12343940
-0.12879746 0.09858703 -0.25230953
-0.03326569 0.00881705 -0.38269159
-0.11534676 -0.09919380 0.11466572
-0.07350919 0.05178539 0.35684615
-0.01701415 -0.06520063 -0.12724912
-0.00161727 -0.06216075 -0.20115913
-0.03542058 -0.11406081 0.02512809
-0.13261776 0.08951090 0.24430074
-0.13092531 0.10517858 -0.19755743
-0.12081511 0.17460394 0.25975311
-0.12682490 -0.08331592 -0.02848424
-0.14235814 0.21575707 0.00187969
-0.12823820 -0.06521711 0.21932775
0.02923531 -0.07690130 0.21696219
0.10858541 -0.03159632 -0.26888347
-0.10671666 0.06759026 -0.29086038
-0.00136307 -0.06504455 0.13579005
0.10399000 -0.00707338 -0.38186243
-0.11811163 -0.06967638 -0.31076899
-0.08754644 -0.03450712 -0.01459993
0.00767400 -0.08589397 -0.35778663
-0.13698490 0.22133821 -0.16261816
-0.10362820 -0.26722640 0.34022295
-0.13191874 0.23492259 -0.25483438
0.11199024 -0.00540902 -0.37255105
-0.08772102 0.02262242 -0.00282758
-0.12917508 -0.00316733 -0.24993713
0.06960000 -0.03714604 -0.25655350
-0.13650402 0.22938424 0.18197615
0.03941131 -0.06395893 0.13322419
-0.13107094 0.10576456 -0.14403611
-0.04146002 -0.05333766 0.05851508
-0.12690839 0.15009902 0.32026544
0.11401527 -0.15698050 -0.24088775
0.04122518 -0.20190740 0.19837750
-0.10966329 0.04340796 0.30854902
-0.04892734 -0.08848738 0.34808174
0.07109264 -0.13147280 0.19243099
-0.08784686 -0.07607149 0.22963376
-0.06835738 -0.22490843 -0.28405046
0.01243760 -0.21001898 0.30796909
0.01054388 -0.23212510 -0.23074554
-0.13546859 -0.03256503 0.24763620
-0.13210669 -0.01644715 0.34350842
-0.09461614 -0.24026532 -0.17259824
-0.05819445 -0.14261237 0.37067303
-0.12825027 -0.04885894 0.09932271
0.02630406 -0.03461436 -0.30543953
0.10053902 -0.18114734 0.06950980
-0.06957074 -0.03936310 -0.16004811
-0.12630826 -0.00222308 -0.16753344
-0.02385012 -0.04421787 -0.27625665
-0.13930078 0.14253646 -0.19452789
0.00305503 -0.13714308 -0.33050281
-0.12397020 -0.04703686 -0.25147548
-0.05618233 -0.08134652 -0.11978318
-0.11079110 0.11721380 0.11909742
-0.12443021 -0.01930691 -0.32353616
-0.10140464 0.04041728 -0.17344832
0.08071271 -0.05897546 0.04877680
0.00531406 -0.04271904 -0.28922990
-0.12516659 -0.05984906 -0.35974613
-0.06734821 -0.15073231 -0.15678233
0.10929861 -0.08624348 0.07040815
-0.10394090 0.07320538 -0.03107434
0.08386612 -0.13281174 -0.06348406
-0.12995164 -0.10002173 0.37120864
0.08056746 -0.07148106 -0.16109845
-0.13654946 -0.11094652 0.19020429
-0.11832207 -0.02185998 -0.08397878
0.09862182 -0.10682875 0.10271753
0.01676101 -0.24045290 -0.27908134
0.08810137 -0.00585188 0.37449154
0.05460940 -0.24516883 -0.07754144
-0.09096082 0.04488360 0.15711485
-0.13217267 0.00925428 -0.18267964
-0.10481233 -0.13081883 -0.11066312
-0.05000915 -0.15657848 -0.36904305
-0.13707803 -0.09327191 0.04951874
-0.03551684 0.01075441 0.36827898
0.04526451 -0.07197806 -0.01763494
-0.10813893 -0.21589211 -0.35082775
-0.12956946 -0.01804269 -0.17805195
-0.13849100 -0.12694053 0.25263274
-0.04768181 -0.10735720 0.19123827
0.00165295 -0.23702334 0.28965843
-0.13221410 0.10283618 -0.34120801
-0.03288295 -0.16563077 0.24706861
0.01841817 -0.08824603 -0.21326914
0.05896975 -0.10772720 0.17950949
-0.11575995 0.18617119 -0.17241570
-0.14291167 0.15770954 0.29669577
0.12472545 -0.11702545 0.10216519
-0.11607267 -0.20255369 0.21021432
-0.11920479 -0.02099206 0.01799608
0.04654244 -0.05323708 -0.23911206
-0.01106649 -0.14097050 -0.13998218
-0.13826092 0.10507283 0.15649168
-0.07981236 -0.21852031 0.30453986
0.00056828 -0.02197027 0.33317682
0.10723217 -0.06383296 0.12437526
-0.13643208 0.11743446 0.17759526
-0.07546362 -0.04887066 0.08275946
-0.13354442 0.23364195 0.06077611
0.05130461 -0.06509467 0.13894606
-0.13457766 0.22334215 -0.13152255
-0.11989932 -0.18640448 -0.18565516
-0.08305406 -0.20284864 -0.34631392
-0.11664318 -0.15013668 0.31867471
-0.10195358 0.07436817 -0.07585019
-0.12583965 0.20111966 0.03739999
-0.03351614 -0.15211588 0.16820052
-0.05441289 0.05157178 0.35326561
-0.09258905 0.10177372 -0.09460320
-0.13073298 0.15973210 0.33862543
-0.12708959 -0.20788902 0.35101232
-0.08036052 -0.13523832 -0.11232934
-0.12470780 -0.08733042 -0.32622433
0.01209954 -0.21079887 -0.16024038
-0.11876418 0.01197621 0.10572110
-0.13078696 0.23440844 -0.26524577
-0.13808823 -0.22969340 -0.29578966
-0.12486734 0.17966713 -0.10077353
-0.14062878 0.12832470 -0.29673713
-0.09356693 -0.15726413 -0.20916933
-0.07449261 -0.04878914 0.27511013
0.03845780 -0.08854111 0.13216448
0.12040436 -0.08988417 0.00497163
-0.13596901 -0.17839855 0.19583097
-0.10347626 -0.03686946 -0.14997244
0.11003383 -0.16723610 0.05817385
0.06889354 -0.21015249 -0.23545769
0.03292066 -0.06084034 0.13126795
-0.11686917 0.18111606 -0.07514039
0.09621639 -0.06626420 -0.00272971
-0.11057192 -0.10536068 0.20594621
-0.12861159 -0.01013791 -0.21453212
0.09144420 -0.15600729 0.08917286
0.00392132 -0.22097538 0.31972539
-0.05739675 -0.03528483 0.06302749
0.02552822 -0.10873982 0.32225543
0.01016025 -0.03319405 -0.27862102
0.07699968 -0.02570792 -0.32094979
-0.11311159 -0.03075580 -0.09243953
-0.10320443 -0.08005160 -0.13651827
0.07823420 -0.06683103 0.28094512
-0.12814273 0.14391562 -0.07358450
-0.12239292 -0.05896484 -0.22099665
0.12187904 -0.10592277 0.12478764
0.12973154 -0.13225758 0.28755474
0.12415266 -0.19008152 0.21838340
-0.12726736 -0.02558720 -0.06669698
-0.13940459 -0.20056114 -0.13876912
-0.11956944 0.00502908 -0.23577505
-0.15329346 0.23781405 0.22352298
-0.13949926 0.16308616 -0.25419477
-0.12922713 0.11434628 0.04533070
0.00742092 -0.03169975 0.18773809
-0.12517747 -0.00281066 0.25833631
-0.02228720 -0.06399597 0.18356270
-0.00006689 -0.02806854 -0.32974955
-0.10524530 0.05588782 -0.23576346
-0.12722448 -0.17858557 -0.31313482
-0.13573185 0.24127483 -0.23669674
-0.10845456 -0.04114855 -0.31031105
-0.11883490 -0.22791611 -0.24923359
-0.13484968 0.09850495 0.18608677
-0.11698341 0.15677752 -0.03944409
0.01568610 -0.05416000 0.25796255
-0.11433089 -0.24981219 -0.35221761
-0.05766612 -0.02823421 -0.11517848
-0.09632941 -0.03722505 -0.28355834
0.03537767 -0.13705446 -0.14682741
-0.12245643 0.15204744 0.05621628
-0.11581589 -0.02991399 -0.21608116
-0.09142288 -0.08708043 -0.17586261
0.10785297 -0.20975110 -0.34392715
0.02020003 -0.06661644 0.08357470
-0.13420933 -0.05410875 0.25213331
-0.13217403 0.03251217 -0.37423232
-0.09172677 -0.18029702 -0.14833987
-0.11466406 -0.02068673 0.12367454
-0.11000609 -0.10100112 0.27310324
-0.07740742 -0.03730553 0.13160795
-0.08307372 0.03872456 -0.32437831
-0.13313948 0.12635760 0.10637367
0.06576603 -0.06113610 0.19117916
0.00439316 -0.03962487 0.32877809
0.09903108 -0.25501096 -0.30018345
0.08592258 -0.01860809 -0.37716073
0.05064908 -0.05429816 -0.31756389
-0.13044259 0.08724768 -0.10898577
0.11958125 -0.10406762 -0.10010435
-0.13287753 0.18742755 -0.30806553
-0.07688150 -0.02256445 0.01313845
0.11157992 -0.07399395 0.14651635
-0.14529842 0.22056527 -0.31003350
-0.12758318 0.07703669 -0.08086473
0.09037382 -0.06803017 -0.02568334
-0.09584296 -0.09718648 0.26436442
0.05346981 -0.16009903 0.11846077
-0.11631088 -0.18190834 -0.03903946
-0.14922887 0.23684712 0.07313567
0.00763725 -0.23193492 0.26728132
-0.11920888 -0.03661280 0.37031198
-0.13350533 -0.04722595 0.36123717
-0.11980191 -0.18180206 0.26269183
0.09009223 -0.10043626 0.12047386
-0.11718563 0.13236620 -0.01370917
0.10395331 -0.21142919 -0.36854208
-0.13079473 0.03291197 0.29257861
-0.08715358 0.00454189 0.06252314
-0.12992151 0.21424040 0.24922079
0.05474105 -0.06194560 -0.06093822
-0.12044863 -0.04038838 0.29758158
-0.12761316 0.00865011 0.10034505
-0.12156284 -0.15042327 0.24976169
-0.14636660 -0.26094538 0.14082436
-0.12661028 -0.01762434 0.21317475
-0.13127001 -0.00350793 -0.16700105
0.11045187 -0.03674275 -0.24653105
0.07357824 -0.11830893 0.27154812
-0.12469879 -0.24724366 0.14617990
0.12067393 -0.15483443 -0.34351775
-0.13682756 0.17532398 -0.08084035
-0.02304012 -0.19578969 0.21341813
-0.10896312 -0.08223959 -0.15165034
-0.13149741 -0.08802243 -0.21482740
-0.13179737 0.23713131 0.25580496
0.08753525 -0.07181142 -0.23734391
-0.13580781 0.02854653 0.17620909
-0.06010350 -0.06090454 -0.14562693
0.04369406 -0.06050237 0.15819135
-0.01345323 -0.17706047 -0.07696106
-0.11144719 -0.09474775 -0.23553625
-0.13837078 -0.25672182 -0.09674504
-0.14613941 -0.23079889 0.30366713
-0.10670129 0.03932158 -0.04635991
-0.12187100 0.00099745 -0.04210861
0.05827954 -0.11400922 0.26708105
-0.07339799 -0.05312359 0.37038729
-0.12636836 0.13759969 -0.04720233
0.09786364 -0.16025974 0.09905533
-0.10439236 -0.24282852 -0.33104259
-0.11379642 -0.04763201 -0.19203538
-0.07323930 -0.04198553 -0.09695127
0.01976404 -0.09734106 -0.08932334
-0.12581596 -0.02070482 -0.14208549
-0.12182942 0.04485521 0.33205825
-0.13298081 -0.11800402 -0.29292148
-0.12531097 0.01167643 -0.32779726
-0.12424887 0.04050411 0.21625632
0.04758594 -0.03215890 0.20273809
-0.10192291 -0.13975784 0.04409944
-0.07966723 -0.05046498 -0.09036864
-0.12637171 0.06521875 0.14732297
-0.13863853 -0.05643307 -0.11791342
-0.12601474 0.18785927 0.29431260
-0.13890992 0.19142738 -0.15215765
-0.02052126 -0.07010326 0.21471515
-0.01692572 -0.08891623 -0.18629828
0.05770520 -0.06450096 0.32030424
-0.11529924 -0.09956521 0.36522907
-0.14561594 0.23381625 0.18886533
-0.14218980 0.16765858 0.22441810
0.06596470 -0.14254475 -0.11487269
-0.13974282 -0.19288182 -0.16596659
0.02002498 -0.10049226 0.34331286
-0.11065918 -0.06373711 0.35561883
0.07415902 -0.17371428 0.19647916
-0.09447464 -0.14964987 0.36905876
-0.10658468 0.04692725 -0.19561359
-0.13569538 -0.04687758 0.02541349
-0.00089769 -0.10985460 0.07001846
-0.06015474 -0.07220503 -0.15263501
0.01545453 0.02911176 0.35984856
0.13609469 -0.11781521 -0.13619579
-0.11314851 -0.10854790 -0.14898738
0.12377770 -0.07614082 0.00735036
-0.04188193 -0.20586130 -0.36711749
-0.09421846 0.00608347 -0.28799361
0.10095511 -0.01397525 -0.34707883
-0.13299675 0.12146965 -0.14079490
-0.12633470 -0.08743750 -0.30190778
0.04116704 -0.15110414 0.35221148
-0.12555063 0.10020763 -0.36132681
0.05664808 -0.04899089 -0.38602415
-0.12658547 0.22696048 -0.14672160
0.00956314 -0.20721070 0.26219729
-0.05305081 -0.09897339 0.12600529
-0.12425258 -0.23524198 -0.23939219
-0.08816408 -0.21605992 -0.20072623
-0.08841695 -0.09445737 -0.25486389
0.06059801 -0.05277187 -0.35756516
-0.09883361 -0.15048903 -0.24263510
0.06197162 -0.09260834 -0.27604967
-0.12726673 0.19471914 0.25981027
0.11180335 -0.13260831 -0.31798556
-0.05819876 -0.04745726 0.16227384
0.01168401 -0.07442317 0.04303779
-0.12414850 -0.24439438 -0.11173739
0.05924473 -0.05332831 -0.36680791
0.00979284 -0.08597144 0.15422024
0.10450911 -0.06754717 0.29936975
0.00821067 -0.04507848 -0.17904791
-0.11628605 0.07680423 0.18130961
0.00670400 -0.26512480 0.32888371
-0.13925055 0.22269064 0.31326169
-0.13286884 0.06918010 -0.22475690
-0.13763486 0.12182006 0.25625303
0.02027543 -0.04195189 -0.24730872
-0.13207340 0.12643205 0.33753261
-0.05624500 -0.05762927 -0.10267565
-0.05056930 -0.08470736 -0.06419134
0.08647414 -0.11855072 -0.31656790
-0.10877239 -0.06074023 0.15224423
-0.09975022 -0.05571514 -0.36890319
0.01742162 -0.03572484 -0.37220526
0.00697433 -0.15114848 0.10274070
-0.13274525 0.12048797 0.01038087
-0.10041480 0.06459887 0.18912792
0.06315434 -0.01737911 0.33211496
0.13340019 -0.10427917 -0.07343827
-0.02918612 -0.06097461 -0.04053961
-0.12779073 0.08740138 0.03142003
-0.10448208 -0.22990136 0.29898167
-0.11749998 0.15265258 -0.34390101
-0.13037914 0.07980736 -0.28618801
-0.05508255 -0.06682834 0.32731801
-0.13342883 0.07332535 -0.07902184
-0.06636441 -0.03756324 -0.14787573
-0.10660160 0.13327086 -0.29321194
-0.13468710 -0.19402948 -0.24442267
-0.14104091 0.21038237 0.27869770
-0.00498310 -0.05496506 -0.18678284
-0.09103727 -0.16564727 -0.32802188
0.05945694 -0.10832055 0.03704264
0.10008729 -0.19672993 -0.20796086
-0.06497055 -0.10764388 0.10178121
0.09904757 -0.16159058 0.18209746
-0.14528859 -0.07493137 0.23702376
-0.07606091 -0.22623281 -0.34884232
-0.12894088 -0.10462768 0.00141043
0.03636887 -0.02570754 0.38132182
0.02286883 -0.07207979 0.13690850
0.07911728 -0.05660326 0.03286012
0.05152960 -0.06132995 -0.13668591
0.08291958 -0.02074970 0.26705390
0.01539443 -0.17264122 0.11238454
0.10747901 -0.06512687 -0.30444682
-0.12722644 0.23098120 0.01836564
-0.07989730 -0.06243951 -0.31748024
-0.11862782 -0.07980716 0.31343415
-0.13914125 0.15949738 -0.16280052
-0.04534212 0.01206665 -0.38666534
0.11097100 -0.01137752 0.28737664
0.01010266 -0.16363648 0.11466701
-0.05911056 -0.00282696 -0.38302469
-0.14205940 0.19016910 -0.26733682
0.08166430 -0.09247878 0.33134758
-0.13286640 0.13611868 0.12778853
-0.13380884 0.12531613 0.32463738
-0.07730922 -0.04610699 -0.09937299
0.02942877 -0.05393083 -0.23069203
-0.02659435 -0.04548302 0.32411510
0.00330033 -0.18197337 -0.05895744
0.08648120 -0.20712242 -0.20655151
-0.01750796 -0.06017568 0.12654454
-0.02729009 -0.14666116 0.35806108
-0.12045101 0.00287497 0.04855762
-0.12904724 0.08828692 0.16783358
0.07712591 -0.07769626 0.32401893
-0.12435819 0.17702447 0.14455485
-0.11200287 0.18446089 -0.29144001
-0.13067749 0.02882759 -0.26482484
0.02897574 -0.07303659 -0.03655824
0.06063263 -0.07443905 0.15396127
-0.08157115 -0.03795788 -0.33211622
-0.08707906 -0.04794777 -0.30366895
-0.13795772 0.23112537 -0.14077047
-0.11500578 0.07268375 0.20188987
-0.14136748 -0.25791401 -0.35261628
-0.12884328 0.11420715 0.16203204
-0.12240373 -0.00286617 -0.00122016
-0.02753837 -0.22709551 0.31690046
-0.12332509 0.21158835 -0.04819001
-0.12186076 -0.08088911 0.23443809
-0.12519461 -0.10407326 0.35398003
-0.12962796 0.06992168 -0.18387139
-0.08449584 -0.00815598 0.11797452
0.07106143 -0.04624995 0.38343611
0.06132181 -0.10412772 -0.28083277
-0.11272515 0.16487455 0.23266992
-0.07015229 -0.07181421 0.12387161
-0.02990861 -0.05869387 -0.00180478
-0.10607366 0.00996789 -0.18194029
0.03874060 -0.03160584 0.38750193
-0.08922210 -0.24891461 -0.35906985
-0.12100709 -0.01029666 -0.36605138
-0.03188087 -0.07846585 -0.14035007
0.05862414 -0.02834222 0.37187743
-0.13918847 0.20245641 0.13794391
-0.14233199 0.20607567 0.25362775
-0.12531972 -0.06576063 0.26678008
-0.11211171 -0.06116701 -0.25050977
-0.07291237 0.00503566 0.10580494
-0.03938704 -0.16715285 0.36617273
0.02243837 -0.02299723 -0.36705261
-0.13238738 0.15089859 0.32642162
-0.12351941 0.22157946 0.00954175
-0.11006915 0.00538119 0.20143782
-0.10733496 0.03624076 -0.25548092
-0.12000770 -0.07492278 0.09049722
-0.10412556 -0.02829265 0.25519225
-0.12214807 -0.00766473 0.31389993
-0.04363349 -0.04419193 -0.38291445
-0.01504678 -0.04807994 -0.36536974
-0.12659325 0.10558416 0.08766960
-0.12638620 0.22049029 -0.09764367
0.01331224 -0.01007180 -0.32245120
-0.09372084 -0.09426799 -0.32980913
0.10787343 -0.01440246 -0.37261516
-0.11805975 -0.24214116 -0.35575762
-0.13469516 -0.18082297 0.24618977
-0.12795550 -0.12098867 0.27126715
0.00105486 -0.10254274 -0.12271716
0.07982361 -0.06676465 -0.04861289
-0.08093287 -0.04486355 -0.20887773
-0.12766908 -0.02308362 0.30690378
-0.13896319 0.22341105 0.03788810
0.09044146 -0.11874825 0.30590469
0.06881478 -0.08640095 -0.14804439
-0.12835592 -0.01415769 0.24678750
0.04424170 -0.07986616 -0.03511851
0.09674348 -0.05677700 0.29928052
0.07725513 -0.08195468 -0.04031324
-0.13916723 0.18331857 -0.16326201
0.08304071 -0.10061211 -0.15784495
-0.11763250 -0.25596768 -0.29056868
-0.12018745 0.09582444 0.21870992
0.03662978 -0.06431492 -0.09506513
0.01235548 -0.08226724 -0.36243477
-0.12192611 -0.00799146 -0.02227081
-0.01011940 -0.15306874 0.16289242
-0.10636020 0.07171251 -0.22781917
-0.13647017 0.14008527 0.27800742
-0.07997282 -0.04194832 -0.17067437
-0.12667643 0.08884054 -0.36182758
-0.13419098 -0.04674281 0.35128370
0.07860791 -0.07027187 -0.09819695
-0.13133523 0.10148739 0.19570071
-0.09032199 -0.19551075 0.14109778
-0.11203576 0.09812471 0.24929161
0.09787534 -0.22751257 -0.36311826
0.05439812 -0.07958229 -0.32765990
-0.13202140 0.16361536 0.03108358
-0.14416559 -0.18368465 0.11372107
-0.09020320 -0.09529857 -0.05186643
-0.13832833 -0.18419236 0.06002708
-0.13577661 0.15828416 0.20222470
-0.13868301 0.21477820 0.11883202
-0.10812628 -0.18697792 -0.33466101
-0.11288319 -0.02615663 0.18851587
0.06851652 -0.22419387 -0.35604259
-0.12390817 0.13284217 -0.33225688
-0.09824193 -0.12476740 0.16846980
-0.13073288 0.04535069 -0.26073492
-0.13691607 0.10042891 -0.21624459
-0.13565987 0.16471577 0.27154484
0.04423197 0.00837659 -0.34585214
-0.12053598 0.15375546 0.24673024
-0.13117847 0.14301796 0.13319710
-0.03572443 -0.04214623 -0.11339773
-0.13749568 0.23206303 0.15031888
0.08951221 -0.06284621 -0.28924429
0.05454278 -0.15645961 -0.13213150
0.12497208 -0.16949533 -0.30996063
-0.10326865 -0.09106409 0.18215594
-0.00464023 -0.06514540 0.12408406
-0.07490972 -0.06375334 0.09695385
-0.08260574 -0.12059826 0.18555060
-0.09642638 0.01911977 0.22153364
0.12042031 -0.12724613 0.25216329
-0.00175232 -0.15355103 0.12385772
0.04323496 -0.08168956 -0.15166102
-0.03398096 -0.09700314 -0.19219786
-0.12927666 0.23111430 0.08848681
-0.11121047 0.17118278 0.19141194
0.09686205 -0.10821356 -0.29797861
-0.01226901 -0.06855995 0.20751040
-0.10565149 0.03493513 -0.28789052
-0.11639793 -0.04933004 0.06685294
-0.05596147 -0.14702800 0.07588847
0.11919978 -0.05092867 0.19151187
0.11178970 -0.10152090 -0.22838460
0.12420834 -0.14995068 0.28839400
0.09382287 0.01587092 0.38321519
0.01708126 -0.24844404 -0.00150938
-0.12765272 -0.00048495 0.11634453
-0.01941636 -0.09361014 -0.18553145
-0.12981245 0.02446811 -0.23059142
-0.10843831 0.08051450 0.37268078
-0.08403677 0.07070227 0.36287767
0.12170827 -0.15940496 0.33610681
-0.00813519 -0.09577690 -0.35751474
0.10201290 -0.04504482 0.38673943
-0.13043247 0.05081468 0.22001918
-0.10482007 0.08140095 0.13853176
-0.12655742 -0.04414675 -0.28636998
-0.14151809 -0.21372391 0.19809604
-0.10670988 -0.05549674 0.13039072
-0.09949889 -0.00749198 -0.32347056
-0.02435121 -0.06806476 -0.26718220
-0.11162864 0.11671048 -0.17981160
-0.13078551 -0.03243663 -0.20349099
-0.09265035 -0.17529583 -0.17633568
0.11018939 -0.11595403 -0.23127866
-0.10893258 0.06795298 0.00337327
-0.08518365 -0.12368086 0.26923707
-0.11645585 0.20475876 -0.06972261
-0.03486273 -0.02731385 0.21064195
-0.11812033 -0.00504445 -0.26377127
-0.10991507 0.06105410 -0.01459830
-0.10895998 0.11099201 -0.07087411
-0.03753022 -0.09373534 0.37271374
-0.09193256 0.01579100 -0.16951938
-0.12714721 -0.15886120 0.08009556
0.05061307 -0.18877520 0.18450244
-0.13189529 0.08298068 -0.34092793
-0.05061352 -0.22425252 -0.13507339
0.02553947 -0.17361647 0.36710387
-0.04097943 -0.00213564 0.34337115
-0.02021223 -0.13810827 -0.12600406
-0.14705725 0.21726345 -0.05520932
0.01512334 -0.08911276 -0.34313923
-0.09671737 0.05366886 -0.13094544
-0.11100352 -0.03930591 0.15311578
0.09672388 -0.05062834 -0.37388033
0.04278167 -0.09066197 -0.24140793
-0.01388082 0.01015398 0.33156377
0.01371475 -0.08434595 -0.05988621
-0.13718303 0.15008771 0.26442695
0.00403845 -0.10481018 -0.07161771
0.07707325 -0.16605543 0.35430568
-0.15175162 0.21814488 0.16101012
-0.10228781 -0.07424353 -0.32923278
0.12090614 -0.18085140 0.32538292
0.01070955 -0.02929901 0.34393191
0.10655611 -0.14174396 -0.25525582
-0.07927194 0.01092096 0.13710338
-0.13005807 0.01135788 0.21704447
-0.12275816 0.00447157 -0.25199407
0.11407115 -0.13975951 0.30527163
0.03224579 -0.07550174 -0.23093387
-0.08062328 0.01875581 0.33822340
-0.08419290 -0.20666493 -0.23482849
0.08780471 -0.11488187 0.22903351
-0.14936444 0.20168874 0.23774096
-0.13985083 0.21094012 0.07847055
-0.12861434 0.21151808 0.13606864
0.08849347 -0.11464699 -0.22401397
0.12655541 -0.12287806 0.13956484
0.06409527 -0.10277177 0.29048046
0.05470400 -0.08718526 0.37470341
0.01758202 -0.00365696 -0.38969162
0.00381669 0.00428082 0.36531371
0.12842758 -0.16967848 -0.19656453
-0.08683447 -0.01568903 -0.37363312
-0.04990967 -0.14038357 0.01388725
-0.09232335 0.07324173 -0.13129716
-0.13420600 0.09181991 -0.37020454
0.11464018 -0.23625638 -0.21066816
-0.12253308 0.02373352 0.10085560
-0.13628593 0.02750341 -0.35087755
-0.11555263 0.19610502 -0.10525122
0.12964459 -0.17453209 -0.35929886
0.11792158 -0.17381640 0.33937028
0.06871977 -0.07263692 -0.23052809
-0.13657813 -0.23056152 0.28967622
0.11980272 -0.24450617 0.17754686
0.01115760 -0.17633940 -0.35277957
-0.05959579 -0.00595960 0.28755635
0.03105070 -0.20156300 0.33341616
-0.11589523 -0.02368519 -0.24694248
-0.13177402 0.13732454 -0.16649985
-0.10524428 -0.17220974 -0.08533712
-0.10219879 -0.17519543 -0.35391548
-0.14210936 0.23173861 0.08999839
-0.00412274 -0.05793503 -0.14291717
-0.11843362 -0.13149358 0.24357073
-0.13347982 0.21822982 0.10972559
-0.12535216 0.01603278 -0.27455190
-0.10715108 -0.12850827 0.25326952
0.11948749 -0.06784827 -0.18887508
0.10850161 -0.14820099 0.33904886
-0.10248064 -0.07983421 0.22380832
0.06327780 -0.15074570 0.11401489
-0.09375536 -0.08385184 0.15787727
-0.12958716 0.12909921 -0.01065305
0.03334123 -0.05671040 -0.12895879
0.10098927 -0.21390148 0.09161796
-0.08318414 -0.09561522 -0.12186147
-0.13111927 0.22046658 0.21728793
-0.10285841 -0.05229727 0.01446117
-0.13735102 -0.20046729 -0.14894615
0.07089362 -0.03307596 0.25438517
-0.10589395 0.07917559 -0.37894914
-0.10199100 -0.10663916 -0.35927430
0.11295293 -0.11970620 0.16618468
-0.12578224 -0.08561274 0.01748129
0.03270137 -0.03887820 0.27745855
0.10000829 -0.24697585 0.28637922
-0.09649700 0.03042926 -0.23091146
-0.10913166 0.15920489 0.23060119
0.02586186 -0.08014096 -0.17103435
-0.09499319 -0.07656355 -0.32452407
0.03391274 -0.09150601 0.02359360
-0.09225781 -0.14082752 0.00160991
-0.10544376 -0.09181686 -0.15032847
0.05647643 -0.05233725 -0.16421062
-0.11909121 0.14467326 -0.14916445
-0.11241911 0.12684342 -0.12172870
-0.10380279 0.09794196 -0.07844895
-0.13381763 -0.01425669 -0.32573441
0.11087628 -0.08291038 0.03172199
0.03886200 -0.06553627 -0.30173525
-0.11913838 0.21043587 0.01446361
-0.13774712 0.14711691 -0.29454613
0.06131307 -0.07896341 -0.12538834
-0.05535104 -0.01270453 0.32357776
-0.06543963 -0.16216156 -0.37193376
-0.13337331 0.00651134 -0.35722634
-0.12448990 -0.02977800 -0.36196256
-0.08411638 -0.00444366 -0.32104635
0.11940493 -0.08546127 0.10527565
-0.11395454 0.04770736 -0.34199256
0.11828422 -0.09398081 -0.32730395
0.09464454 -0.09697275 -0.28265446
0.09924948 -0.22207186 -0.35454470
-0.13302399 0.18283619 -0.23209974
-0.00815722 -0.03370520 0.06548591
0.08479604 -0.07291517 -0.08575352
-0.02835705 -0.00620180 -0.38173130
-0.14767508 0.21656129 0.18405873
0.10451777 -0.19742033 0.25836724
0.02206367 -0.04065405 0.25939283
-0.13107026 -0.02223403 0.05099845
0.03555827 -0.15642273 0.36410579
0.03061432 -0.13136691 -0.24780063
-0.13414463 0.11307570 -0.15626921
-0.10686632 -0.07505853 -0.22175664
-0.09183349 0.00696130 -0.06449728
-0.12522961 0.01307442 0.18123744
-0.11403746 0.03322309 0.19329444
-0.09927115 0.08833111 0.06346417
-0.07512520 -0.10256198 -0.12004896
-0.12821963 0.13703349 -0.35461941
-0.02425747 -0.06728137 0.21380048
-0.10745484 0.16852117 -0.05889085
-0.07820342 -0.25094977 -0.36206433
-0.10872052 0.08354021 -0.19149545
-0.12574044 -0.00472741 0.32711825
-0.14333063 -0.22581455 -0.23975688
-0.13322072 0.09357923 0.15756293
-0.11690520 -0.22759232 -0.36023170
-0.10463166 0.13809393 0.04297817
0.02155985 -0.05010792 -0.09419418
-0.10930171 -0.13691233 -0.05309809
0.09128389 -0.01757917 -0.25449449
0.10407620 -0.22616559 0.01454170
-0.12409671 -0.05970471 -0.36399248
0.01288889 0.04233778 0.38159689
-0.11084616 0.04219059 -0.28942996
-0.10197423 -0.04299602 -0.12679240
-0.11318173 0.01514794 0.16551580
0.01098840 -0.06405757 0.32960343
-0.12757598 0.02613764 0.11422830
0.02237122 -0.18338186 -0.23801860
-0.05965123 -0.04375925 -0.00007755
0.07242493 -0.17840970 -0.15004851
-0.03623653 -0.06583782 -0.29125306
0.00287968 -0.05488850 0.18593459
-0.01742566 -0.13061646 -0.09426740
-0.12676315 0.06855245 0.29196993
-0.10208571 0.03611414 -0.29372901
0.01544224 -0.06250896 -0.14778581
-0.04492047 -0.23487249 0.34459940
-0.12873071 0.14938590 0.34821177
0.12648268 -0.05628731 0.17024070
-0.12885413 -0.02500111 -0.15666232
-0.06360804 -0.08910484 0.05404769
-0.12241858 0.18678176 -0.04848804
-0.10647167 0.11023070 -0.16124122
-0.13641253 0.23572630 -0.10169432
-0.13655485 0.02224546 -0.22246517
-0.11222102 0.12804398 -0.07100210
-0.07211034 -0.07460617 0.17541799
-0.13630167 0.18917471 -0.03719386
0.06477977 -0.16116989 -0.19653296
-0.14414822 -0.13703853 -0.12378004
-0.02935753 -0.03174888 -0.28890890
0.12864238 -0.09826218 0.31389993
0.10402367 -0.07455997 0.25380319
0.06072911 -0.06204755 -0.36741859
-0.10655464 -0.06186520 -0.07474436
0.02480102 -0.02931996 -0.38706207
-0.12021048 0.19993730 -0.04888339
-0.10174019 0.07083799 -0.09343040
-0.12542133 -0.02437885 -0.30740818
0.13019183 -0.09168077 0.23947802
-0.09424549 0.02215105 0.04340946
-0.12947838 0.01916677 -0.37893239
-0.10062582 0.11035479 0.05435682
-0.10014774 -0.17326528 0.29467574
-0.12743504 -0.13351949 -0.14804325
-0.12814169 -0.00027680 0.15133026
0.08056090 -0.06952581 0.05224233
-0.11697474 0.10469952 0.22845149
0.02518547 -0.12961617 0.31986603
-0.06338303 -0.01458203 -0.31866887
-0.11261058 -0.25766000 -0.34279457
0.12481390 -0.06895105 -0.22124718
-0.12866697 0.22280343 0.11199369
0.11857842 -0.12289423 0.10405438
0.01326812 -0.19470033 -0.15085389
-0.11787502 -0.15607841 -0.35358065
-0.12711135 0.06593069 -0.14281915
-0.12830663 -0.13418350 -0.08178057
-0.09669361 -0.03156704 -0.18493645
0.06380357 -0.08033562 -0.19327885
0.07303274 -0.07180548 0.20818195
0.12226635 -0.25728148 -0.35371837
0.02461632 -0.04954316 0.27273396
-0.12647235 -0.01653405 0.04000179
-0.12077695 0.16891555 0.13786450
-0.13621873 0.10718752 -0.17025086
-0.11927284 -0.10073175 -0.09710837
0.02446169 -0.08210337 -0.23111917
-0.13971566 0.22016105 -0.26652527
-0.05686253 -0.26734492 -0.34900045
-0.11187403 0.10189839 0.00716527
-0.13466050 -0.11918154 -0.12629785
-0.05919368 0.02305892 0.29239532
0.03303519 -0.14462784 -0.03884041
-0.09454967 -0.06639087 -0.24254313
-0.08650404 -0.09208588 -0.23362310
-0.13109732 -0.00187320 -0.23067771
-0.14677304 0.21660443 0.29581887
-0.01048491 -0.01672295 0.34623936
-0.12854850 0.05716654 -0.00642861
0.12302333 -0.06962252 0.10003624
-0.05133372 -0.06763474 0.33299246
-0.04331252 -0.09800487 -0.00535375
0.10817765 -0.09789403 0.10445529
0.08828398 -0.13222656 0.30068967
-0.12548457 0.00148793 0.12184481
-0.10895877 -0.01908965 0.05063669
0.01131316 -0.06423445 0.19771653
-0.12497056 -0.08316740 -0.35933110
0.13030612 -0.05352135 -0.36062109
-0.09879628 -0.06960413 -0.27984512
