0.13452807 -0.13144927 -0.44057372
-0.13237752 -0.01742000 0.33891910
-0.01011589 -0.11175885 -0.43427643
-0.09023066 -0.10815027 0.18762945
-0.15290232 -0.06442063 0.07114727
0.03538842 0.10781770 -0.01543942
-0.01038580 0.09659345 0.40695733
0.05136078 -0.01888332 0.44717294
-0.10990243 0.12994619 0.17310718
-0.05979439 -0.12387755 -0.16202438
0.05199850 -0.12117833 -0.06831758
-0.12939726 0.00962957 0.45108867
0.03135821 -0.12378306 -0.08641377
-0.15312129 -0.09708389 -0.33486882
-0.04565021 -0.12376583 -0.16270158
-0.02726537 0.13649218 0.32385814
-0.06752044 0.11925142 0.10618169
-0.15695126 0.12326936 -0.14952232
-0.14937668 0.07405835 0.11824992
0.15062106 -0.03735652 0.09342502
0.05784923 -0.12762065 -0.24743494
0.12488738 -0.08340371 0.34668928
0.10789347 0.11976962 0.43785864
-0.02343202 0.11998373 0.19006330
-0.15231706 0.07691857 0.35705560
0.10203155 -0.11568567 0.10711818
-0.07318429 0.13101077 -0.25806898
-0.01806969 -0.12002338 0.15643615
-0.15171778 -0.11060233 -0.29509613
0.13321987 -0.10975367 0.04004282
-0.14290790 0.01905519 -0.41676104
-0.04529389 -0.12402352 -0.06711175
0.13305922 0.04293858 0.15244398
0.07815649 0.10373239 -0.43851039
-0.08897898 0.13058291 -0.17788821
-0.08601762 -0.10901704 -0.44816396
0.08298328 0.12359909 0.42289656
0.01334599 -0.11113968 0.00699596
0.14798807 -0.01825595 0.24542050
0.06109969 0.11885383 0.22065563
0.13596986 -0.11418132 -0.29405507
0.14300549 0.09458521 -0.24068117
0.15211889 -0.08064231 -0.38596588
0.10577992 0.11670116 0.09086766
-0.10446320 0.12074803 -0.01133438
0.07272469 -0.11768194 0.20590681
0.00068481 -0.02779480 -0.10208359
0.14609672 0.01930065 -0.24739610
-0.04230203 -0.11889979 0.08727157
-0.03943699 0.13109732 0.26596206
-0.13488556 -0.06296378 0.24325238
0.00115851 -0.11506253 -0.21020731
-0.11952481 0.14600870 0.38816684
0.13650963 0.13096029 -0.35262904
-0.08870012 0.12370928 -0.25711098
-0.08846903 -0.12711383 0.13650815
-0.03479221 0.13410318 0.04237270
-0.13499302 0.03101934 -0.36932105
0.11437149 0.07997045 0.08627611
0.07301651 -0.01759238 -0.40631616
0.03595655 0.10174863 -0.44583127
0.13867699 -0.06787582 0.16585723
0.14181529 -0.11606432 -0.10935096
-0.01891824 0.12074465 -0.08628023
0.14642540 -0.02732890 -0.05477792
-0.15556091 -0.10130084 -0.30816475
0.11664166 0.07380836 -0.09224959
0.12058330 -0.07679662 -0.44827196
0.12352324 0.00825658 0.44852462
0.14898092 -0.05237364 -0.08497931
-0.09496210 0.13082542 0.16720152
-0.04872398 0.13382664 0.32231188
0.11850542 -0.03710483 -0.34204242
0.12960102 0.07287415 -0.17566945
0.01540638 0.12869412 -0.17890330
-0.10454661 -0.12575561 -0.04285228
0.11869732 0.13947839 -0.38082871
0.02553242 -0.12498540 0.22591338
0.14665450 -0.04131019 -0.08727914
0.12662971 -0.01807382 0.07196102
0.11306758 -0.05183021 -0.02195508
-0.01095447 0.12589777 -0.04462744
0.14611335 0.00328067 0.05586039
0.11558194 0.08521497 -0.28018636
0.14826599 0.11295996 0.04955634
0.14055112 0.01399931 0.44476664
0.14622490 0.01818620 -0.17008397
0.14727634 0.09560870 -0.18014105
-0.12793142 -0.12676939 -0.38827303
0.11732056 0.11705265 -0.39731368
-0.13052520 0.05601990 0.20352422
-0.13875082 0.05722615 0.09553797
0.05627367 0.10009871 -0.40900823
-0.09090795 -0.11988650 0.11011039
-0.06088966 0.12963445 -0.21689168
0.11625254 0.06788800 -0.35251296
0.14229763 0.01860091 -0.17061317
-0.15276821 -0.05129409 -0.39377210
0.14343336 -0.04935059 -0.44184309
0.00315049 0.10627589 0.42562360
-0.13370249 -0.12110692 -0.03020267
0.11616811 -0.12649301 0.27756494
-0.15371352 0.05513316 -0.17613028
-0.15287142 0.13145338 -0.10537410
-0.07019895 0.12521423 -0.04688912
0.04716375 0.12185478 -0.40020755
0.12430838 0.04949505 0.45024288
-0.02626932 -0.11797947 -0.10202752
-0.06546589 0.13521688 0.11374469
0.15232855 -0.09041185 -0.39782169
-0.06059608 0.11564457 0.21541253
0.01452804 -0.12122045 -0.24121490
-0.11404277 0.03196757 0.42490956
-0.13168889 -0.00249884 0.01681519
0.14679120 0.06218308 0.06607693
0.14219569 0.04895021 0.40241557
-0.15309064 0.08329532 0.30579329
-0.13409838 0.10059093 0.44963780
0.14391994 0.09773760 -0.16457389
-0.12440193 -0.12844068 0.14161763
-0.04969832 0.13869639 0.37501308
0.13798015 0.10625359 0.36545321
-0.02479201 -0.12051790 0.33725962
-0.11048537 -0.00338078 0.27788597
-0.09315099 -0.12517877 -0.21998425
-0.07496908 0.13558948 0.30640313
0.00760107 -0.11917177 0.17826754
-0.11389376 -0.12853222 -0.10060240
-0.11255513 -0.07304788 -0.02691061
0.13853680 0.10507180 0.40904045
0.10063404 0.12238085 0.41638753
0.05296319 0.13641493 -0.31893516
0.03805092 0.13326779 0.39756313
-0.15312698 -0.05270106 -0.41629928
-0.02355222 -0.11615075 -0.08261354
0.14607562 0.02435380 0.20662224
0.06733927 0.01472206 0.45102629
-0.00270132 0.12889652 0.45099804
0.04244513 -0.12156367 -0.39617327
0.07474118 0.01561276 0.30015612
0.07673297 0.12939736 0.36682922
0.11673757 0.09562064 -0.38539743
0.14971375 -0.05356259 0.00409944
0.02612982 0.11629593 -0.22853905
-0.14878163 -0.04287822 -0.44606793
0.14336509 0.12870581 0.25492114
0.05896018 0.11751459 0.07424444
0.14750990 -0.09784937 -0.33525726
-0.12581408 0.11834440 0.14916229
-0.03671236 0.01967425 0.45385522
-0.14628807 -0.04814406 0.42800379
0.11892680 -0.13183616 -0.41768658
-0.13588591 0.10354523 0.02829456
-0.08112764 0.12043183 -0.34577703
0.02167671 -0.12475486 -0.44006196
0.00984075 -0.00214537 -0.44801366
-0.15345050 0.08374899 0.18046136
-0.14292504 -0.12054223 -0.43185917
-0.04889499 -0.11998730 0.04253271
-0.03246126 0.13788505 -0.38737479
0.09099960 -0.00136825 -0.44554380
-0.06578308 0.09818587 0.40370876
-0.08419675 0.13806562 0.07408796
0.01812161 -0.12268993 0.09925266
-0.02720972 0.12543084 -0.04021843
-0.13072896 -0.12510453 0.44091991
0.14111778 -0.10946269 -0.15394391
-0.05921065 0.13593723 -0.34544912
-0.14905879 0.05537856 -0.20948726
-0.13707677 0.01040901 -0.31289324
-0.15216465 -0.01715078 0.27415752
0.01724236 0.08284766 0.38481656
0.01830212 -0.07439713 -0.43530548
-0.04415518 -0.09229405 0.44988185
0.01232740 0.13837996 -0.38967147
0.08774821 -0.11676937 0.06781481
0.13957587 -0.12841102 -0.00494223
0.14782386 -0.09669920 0.06581955
-0.11980195 0.12946650 -0.13263541
0.02407181 0.11595743 -0.32072353
-0.08364992 -0.10817184 0.15588056
-0.12093782 0.07681738 0.41019809
-0.15259126 0.09824496 -0.07810187
-0.07411651 -0.12196901 -0.20218924
0.10304274 0.08893529 0.29111579
-0.07796486 0.12818129 -0.41302043
0.14366138 -0.10735735 -0.25352114
-0.05480105 0.02970728 0.00725682
0.01398204 -0.12374272 -0.36928913
-0.09746064 -0.12850539 0.42944852
0.12362272 -0.11127868 -0.16225481
-0.09626876 0.13964164 -0.27971780
-0.02001744 0.08964564 0.16654454
-0.15264024 -0.05830971 -0.15530857
-0.08675250 0.11692665 0.30706024
0.12461429 -0.12188246 0.04757867
0.14237614 -0.11616531 0.34606162
0.11495321 0.05768911 0.17734928
0.12636296 -0.11202429 0.07001197
-0.00147169 -0.11682905 -0.44820881
0.11720772 -0.01065766 0.33560377
0.14657506 -0.05241973 -0.11440675
0.13897565 -0.01204614 -0.44770688
-0.15004195 -0.09775476 0.26137206
0.05218274 0.12597454 -0.35689291
0.06166781 0.12431993 -0.33198678
-0.02023760 0.12161456 0.08854987
0.13594183 0.09162183 0.04841767
0.13051769 -0.05306076 -0.03216273
-0.12707485 0.06230700 -0.38065392
0.14076523 -0.07083614 -0.34916183
0.14617413 -0.00161565 -0.28214580
-0.13090268 0.02778542 0.07535788
-0.07510166 -0.12435222 0.06419514
-0.13798994 -0.11248375 0.44597137
0.05021511 -0.11022782 0.37560907
-0.11622463 0.03802334 0.44860363
-0.03274036 0.12345153 -0.22163391
-0.10023044 -0.04424285 -0.44644278
-0.13145506 0.02713913 0.20078406
-0.09256838 -0.12738438 -0.38087603
0.04397882 -0.01242200 0.03161044
-0.13734549 -0.11395332 -0.06740138
-0.01662897 -0.12270818 -0.35329038
-0.13279395 0.01748398 0.31916830
0.07199003 -0.12321091 0.15796018
0.06917044 0.11376982 0.17722142
-0.04086331 0.13538079 0.28194717
0.06043394 -0.12173589 -0.03730993
-0.13422452 -0.01495128 0.29586810
-0.15303886 0.13594827 -0.11828188
0.14228958 -0.02876565 0.27078512
-0.15675247 -0.02693071 0.43402237
0.00673574 -0.02702914 -0.17682359
-0.15157254 0.08453379 0.23285022
-0.03894497 -0.11995543 -0.01176020
-0.15063594 -0.05736205 0.27421406
-0.02480908 -0.12508981 -0.34097648
0.02793619 -0.11596397 -0.21367921
0.11821204 -0.03858447 0.43116555
-0.15186322 -0.10361309 0.40448096
-0.04497094 0.02234329 0.01739549
0.14043722 -0.07769978 0.12654495
0.09706861 -0.12391920 0.22700125
-0.13904124 0.13487257 0.25077891
0.15020776 -0.05682721 0.42364615
0.09220033 -0.11624502 -0.35281655
-0.12834646 0.12127867 0.43614814
-0.15293512 -0.09082572 -0.35313699
0.14320943 0.09286205 -0.28919727
-0.13134901 -0.12557746 0.07044426
-0.15226373 -0.07887396 0.15999234
-0.13172640 0.09426151 -0.22192885
0.12444727 0.08571514 0.11619733
-0.06243808 -0.12345944 -0.27653593
0.00446169 0.06928402 0.25443000
0.10863890 -0.12273750 -0.35717672
-0.13847212 -0.04293117 0.26657316
0.06052550 -0.08743492 0.45234969
0.10283062 0.02479721 0.16900347
-0.15303226 -0.07316270 0.41124043
-0.04257303 0.12996253 0.26016477
-0.03096358 0.13381581 0.37772271
0.14584410 -0.01960626 -0.17012753
0.09689088 0.13568887 -0.42167526
0.15048668 -0.12146958 0.35252726
-0.00528495 0.14332297 -0.43493173
-0.01776771 0.13148381 0.27314696
-0.15050857 0.00749711 0.08448440
-0.05851500 -0.01705809 -0.44791293
0.14718902 0.03553044 -0.40434182
-0.14766432 -0.12302494 0.26140407
0.08972626 -0.12150738 0.00665604
-0.07919346 -0.12784573 -0.33758408
0.01783483 0.08916362 0.32143795
-0.03347406 0.11407164 -0.09583867
-0.00255922 0.09956345 0.24526303
0.02459077 -0.12500519 -0.14948875
-0.01768614 0.11892329 -0.41700238
-0.15293051 -0.08174682 0.08415754
0.14428040 -0.00201571 0.27009708
-0.01144775 0.12839024 -0.07128579
-0.09757631 0.09538907 -0.35512152
0.14881571 -0.06799825 -0.02792010
-0.15241723 0.04091344 -0.22074501
-0.12207839 -0.12897913 -0.14669237
-0.15280817 -0.11913736 0.19746798
0.02660894 -0.12281016 -0.30969107
-0.15793355 -0.08791015 0.42052451
0.14877900 -0.04563996 0.01819073
-0.15221252 0.00437186 -0.16733257
0.07102758 0.10040936 -0.41241062
-0.02505312 0.12193657 0.20765918
-0.15064673 -0.06051334 -0.35338911
0.11674490 -0.07484999 0.28556821
-0.09038317 0.13866985 -0.21538904
-0.15331484 0.12237389 0.00010870
-0.10441343 0.13743395 -0.30780989
-0.15539946 0.11767767 0.35201856
-0.15470321 -0.13470586 0.43749622
-0.04772985 0.07951658 -0.00064650
0.04449507 0.10535318 0.44763333
-0.04663190 0.12044966 -0.10685640
0.10583965 -0.12215679 0.34979820
0.14174122 0.09075350 0.31189778
-0.15290141 0.06414459 -0.36589831
-0.15142012 0.06840598 0.36949128
-0.04075351 0.13251387 -0.09405215
-0.03228625 -0.12445961 -0.23495544
-0.07166489 -0.12209363 0.10137232
-0.14450920 -0.03780034 -0.09770581
0.03448982 0.13816969 -0.43935141
-0.14050148 0.12945928 -0.16712113
0.09724103 -0.00576593 0.45127463
0.00357318 0.13238177 0.24448371
-0.14955913 -0.09534211 0.18537325
-0.13908403 0.09668873 -0.40807432
-0.04796359 0.13422789 0.38432994
-0.02755016 0.05601138 -0.44726673
0.09923282 -0.12554030 0.03532864
-0.15624094 0.06938554 -0.41134450
-0.12739995 0.05446530 0.11777520
-0.15336788 0.01707071 0.28559950
-0.08443724 0.10076772 -0.45269829
-0.14936103 -0.12476070 0.13669559
-0.15261176 -0.06684572 0.34032094
-0.02783516 -0.12163671 -0.11243843
-0.13118157 -0.13229686 -0.41189176
-0.07611889 0.13070084 -0.21581864
0.04644543 0.11478539 0.41303992
0.02057656 -0.12399486 0.34788343
0.12345702 0.12584318 0.16520980
-0.03794607 -0.05463590 -0.44565514
-0.05038797 -0.12462307 0.08794510
-0.14770663 0.09030593 0.45029569
-0.15044037 -0.00761933 -0.09611772
0.14105594 0.11602370 -0.22881132
-0.05887927 0.12547961 -0.03729004
-0.15547422 0.03307639 -0.38824594
-0.15015836 -0.03421428 0.34623966
-0.03899446 -0.07324468 0.44750598
-0.11756153 -0.12869094 -0.13502660
-0.15613405 0.04378140 -0.41024929
0.08099576 -0.12060224 0.14424497
-0.15394947 0.11464062 -0.09479193
-0.15210307 0.03970278 -0.43168494
0.10814936 -0.02596743 -0.24818122
-0.13930644 0.07760552 0.37671548
-0.15439677 -0.02395481 -0.28166881
0.14382464 0.02353407 0.16184172
0.09046592 -0.11688267 -0.28114298
-0.15007038 0.13109247 -0.17778467
-0.15093541 0.13449201 0.43347865
-0.03774828 0.09628773 -0.43777227
-0.05575167 0.13743880 0.12073301
-0.10547515 0.12461967 -0.13527992
0.13696238 0.07524627 -0.40224463
0.13090506 -0.01122918 -0.44629708
-0.03396101 -0.12239141 0.37121692
0.02424090 -0.02158921 0.44763550
-0.06665549 -0.12369876 0.27987191
0.14614081 -0.11844270 0.32392746
-0.10389009 0.11323652 0.21742980
0.08120633 -0.11119755 -0.24321409
-0.14013645 0.00119767 -0.24992830
-0.05870965 0.12679346 0.33374152
0.13034101 0.12696332 -0.00073039
0.10313831 -0.03764907 -0.40972829
-0.09771995 -0.12684628 0.31732157
-0.03238131 -0.10080779 0.44794282
0.09808141 -0.12381680 -0.10969979
-0.01841608 -0.01602814 -0.13287348
-0.02612218 -0.08747410 0.44505274
0.03586257 0.13001068 0.23473245
0.14540875 0.00339726 0.13673714
0.14027454 -0.01385256 0.42361009
-0.01845079 0.03005698 0.44901481
0.07813800 -0.12121940 -0.15660778
-0.10335571 0.13421644 0.08994661
-0.02867771 0.12704915 -0.40517721
0.14206168 -0.05228872 -0.00256798
0.06332708 0.10660893 0.42566884
-0.09395596 0.13625893 -0.33680725
0.01661070 -0.05393384 0.41000268
-0.15278883 0.01420323 0.12950601
-0.12221113 -0.12093951 0.20959498
0.12829894 -0.01029985 0.00546012
-0.14142689 -0.09206457 0.31803954
-0.15165018 -0.03521906 -0.29864964
0.10511080 0.03425276 -0.43630236
-0.12549861 -0.03997503 -0.42367664
0.11415919 -0.04451310 -0.15628776
0.00414348 0.12321328 -0.07428023
-0.14951721 0.08352344 -0.43377408
-0.02251643 0.14267081 0.44179633
0.13242139 -0.12239649 -0.35280463
0.03047435 -0.12470089 0.07454066
0.07863162 0.13596052 0.27811196
-0.02294920 -0.03742867 0.16722281
-0.14218225 0.00800235 -0.43606803
0.08705956 -0.12158768 0.02985931
-0.01063136 -0.11198695 -0.40033135
0.12728296 0.09047562 -0.01971590
-0.15033355 0.01079574 0.12623560
-0.00306226 0.12125583 0.09749808
0.11808320 -0.12530026 0.26442125
0.12525326 -0.13311709 -0.39518416
0.12973975 0.08675399 -0.15267846
-0.04021529 -0.12550098 -0.01080800
0.14469784 -0.11210215 0.12004063
0.06325366 0.11860844 -0.44964004
-0.01621024 -0.12400488 0.13465407
0.14923774 -0.02546386 -0.01744380
-0.14568202 0.00155387 -0.07016067
0.10218572 -0.00644365 -0.44695303
0.13116023 -0.07738201 -0.18763177
0.00178829 -0.11794779 -0.14578372
-0.13603899 -0.02826577 0.14825070
-0.15349069 -0.05263473 -0.19973031
0.14520317 -0.06097899 0.25041434
0.10820392 -0.10572466 -0.44561464
-0.06846008 0.12544802 -0.43646264
0.06916481 -0.02225762 0.44687966
-0.04760977 0.13707575 0.01429120
-0.03177843 -0.11232179 -0.44795591
-0.15196283 0.00502080 -0.26760262
-0.09341225 0.11829831 0.34889132
-0.02637422 0.11644626 -0.25652227
0.13882209 0.06936055 -0.28677073
-0.00581899 0.10075075 0.23664685
-0.14714469 -0.12581314 -0.05946862
-0.00846538 -0.12015232 -0.27751175
0.13507491 -0.07997732 0.30872148
0.12711518 -0.12460267 -0.18141882
-0.15111883 -0.09089977 0.01333980
-0.04463766 -0.05285196 -0.40800112
-0.06643248 -0.12381132 -0.28051522
-0.02659623 -0.00807042 -0.15352753
-0.15268284 -0.08228637 -0.41902968
0.12438738 0.04135292 -0.33382699
0.11464028 0.07734014 -0.29602179
-0.15508701 0.05958652 -0.30073586
-0.14378430 0.13919102 0.32062432
0.14054279 0.08678152 0.44314733
-0.15257351 0.05525590 -0.16206038
0.11556651 0.12890369 -0.34407306
-0.15407649 -0.02068190 0.34067240
0.13771813 0.07004218 0.44597560
0.00629882 0.12885496 0.17616333
0.12390864 -0.12317331 -0.02634567
-0.15256727 -0.08805297 0.30893973
-0.11586157 -0.12654671 0.14694414
-0.15257625 0.03248956 0.33458856
0.14363718 0.06886534 0.20777835
-0.04616598 -0.01073162 -0.44645518
0.11735084 0.07394435 0.00918196
0.09304284 -0.11457243 -0.00344322
-0.02496659 0.13665609 0.29188901
0.01343501 0.13117434 0.45100534
-0.10873345 0.03629544 -0.07273324
-0.02350181 0.12693773 -0.30627203
-0.05504618 0.13254628 -0.23089516
-0.15056539 -0.07369725 0.17050987
0.14649318 -0.04796577 0.37331948
-0.01779649 -0.04105069 0.19050509
-0.00779504 -0.08938844 0.44664669
-0.02165191 0.12445445 -0.35912311
-0.10023532 0.12018018 -0.16473088
-0.11644579 -0.12778558 -0.15112561
0.13567081 0.03862664 0.04499536
-0.00627854 0.06792302 -0.42623407
0.02037133 -0.11957131 0.10179120
0.01315672 -0.12381600 -0.04184241
0.09646031 0.08745940 -0.44790807
-0.04650804 -0.12261593 0.02489528
0.06874595 0.07074934 -0.44614220
-0.10610896 0.13474911 -0.00020642
-0.10948943 0.12042597 0.03849505
0.10363632 0.03630487 0.44050404
0.14762931 0.08083917 0.22584720
-0.15461473 -0.00361715 -0.20050479
0.14796221 -0.11985519 -0.38940591
-0.13663396 -0.09049898 -0.44245195
0.11565619 -0.12783347 0.39190438
0.13959569 -0.04279794 -0.12817739
0.15313235 0.06661665 -0.44812173
-0.14833824 0.12587070 -0.45115441
-0.15536922 0.13585511 -0.00374357
-0.14954495 -0.12352357 0.27288413
0.02201702 0.12021725 0.07986377
-0.14738925 0.03937564 0.32731730
0.04424336 0.07649202 0.06182260
-0.02499450 0.12915652 -0.20293736
0.06243959 0.12524304 -0.37381729
0.14999840 0.06526905 -0.23526976
-0.01084870 -0.12458125 0.23182765
0.12431111 0.07814752 -0.22541963
0.13910958 -0.06392395 -0.07071169
-0.09568869 -0.11738070 0.44254351
0.14900781 -0.06980392 0.31406179
0.14829372 0.02728485 -0.31241199
-0.15225981 0.09536312 -0.44183287
0.01336024 0.12538873 0.06205433
-0.15643811 0.08252723 -0.41891044
0.02445116 -0.11888536 0.24181698
0.14764254 0.07369175 -0.33450493
-0.09083640 0.12954544 0.03263926
-0.04538810 0.13709019 -0.19730453
0.08610889 -0.12940092 -0.36360234
-0.04330142 0.13666938 -0.24792904
-0.14589117 0.05467353 0.25070944
-0.08740477 0.11704148 0.24935316
-0.14983064 0.13056877 0.04287772
0.14902784 -0.00345931 0.19162223
-0.14734268 -0.11605193 0.39320371
0.13702606 -0.12296802 -0.09596489
-0.13184510 0.06303286 -0.15119441
-0.06118242 -0.13243602 -0.37970108
-0.13174430 -0.11038252 -0.10760510
-0.12436590 0.00797609 -0.40399098
-0.10040098 0.00221983 -0.42311433
-0.08758435 0.13470453 -0.38533568
-0.10439043 0.05896663 0.44791883
-0.01461749 0.12022998 0.36692864
-0.15014207 -0.10472343 0.13585934
-0.13306823 0.06186589 0.18764260
-0.06612951 -0.12889113 0.40060356
0.13704789 0.10496311 -0.24636494
0.13624398 0.12337079 0.16671039
0.12828232 -0.09103809 0.44962573
0.15225860 -0.06603257 -0.41449341
-0.09195818 0.04996911 -0.43601057
-0.03179579 0.11807492 0.30045334
0.06600849 -0.12096623 -0.12120561
0.06832772 0.10331175 -0.44704950
0.14502525 0.08105474 -0.04190441
0.13789701 -0.08836294 -0.03175865
-0.00283252 0.09560096 0.43207300
0.13184002 0.01930380 0.44157967
-0.01822217 -0.11767159 -0.44884819
-0.02660930 0.11972896 0.01750859
-0.13824925 0.13218576 0.14260371
-0.15307046 -0.07648070 0.12050726
-0.15324095 0.00324854 0.42271593
-0.00233995 0.13439485 -0.41948909
0.12883502 0.04687320 -0.04630537
-0.14908563 0.12947232 0.13295808
-0.14490654 -0.12360443 0.01292603
-0.04683263 -0.02251327 -0.44950232
0.13861513 0.09908865 0.17668273
-0.05873025 0.13505226 0.08980378
0.13654666 -0.00838599 -0.01506845
0.06531280 0.11234336 0.09302086
0.14804859 0.07160518 0.21014713
-0.13303752 -0.03951408 -0.02938019
-0.15013595 0.05764732 0.38753104
0.02717956 -0.05102923 0.44787958
-0.06881458 0.08189452 -0.43007711
-0.11603901 0.04462075 0.45072871
-0.14333007 0.13217288 0.08439348
0.15089250 -0.07945915 -0.33281165
-0.13882276 0.01184362 -0.15373233
0.02057005 0.12237878 0.27397555
0.07376557 0.10483018 -0.21112573
0.13953704 -0.08383254 -0.11108816
-0.04784901 0.13042788 -0.43830082
-0.04183724 0.10390802 0.40998596
-0.14631453 -0.02818341 -0.45021406
0.09415527 0.07702032 0.04503524
-0.13657627 -0.11952528 0.06407410
-0.07594498 0.12165834 -0.36203754
-0.01618728 -0.10292488 0.00614112
-0.07724644 -0.12339777 -0.18403713
-0.15319365 0.13670409 -0.39533606
-0.15195723 -0.02990140 0.25460339
-0.13464928 0.03886945 0.44760105
-0.05846854 -0.12213867 -0.30453360
0.14685760 -0.09775314 0.23032120
0.13343073 0.00179752 0.44691297
-0.15487966 0.10062534 0.02317281
0.14643623 -0.02495902 0.12278175
-0.10771889 0.13612799 0.40179893
-0.01242548 0.13425905 -0.09466578
0.14839210 0.00588642 -0.01942323
0.13278356 -0.02103732 0.44877446
-0.00117800 0.12984893 0.38091576
0.02184064 0.10856140 -0.44073439
0.06743430 0.11954656 0.15319215
-0.14772920 -0.12479240 0.38945132
0.15087917 0.10496752 0.35971299
-0.07027908 0.13185263 0.36393711
0.08165871 -0.12367905 0.06665208
0.14931397 -0.12342650 -0.34303313
-0.15181856 0.08772634 -0.38806742
-0.14826190 0.05993119 -0.38748646
-0.12857303 -0.12854400 0.10403374
-0.15428625 0.01975493 0.25740200
0.10755846 0.00586056 -0.44667292
0.12918289 -0.08637793 0.19538152
0.13580585 0.07880332 0.26974976
-0.05729475 -0.12179594 -0.18984328
0.15242617 -0.03278093 -0.37848622
0.02183644 0.12015142 0.24106163
0.04069079 -0.12401124 -0.35781807
0.11838352 -0.01725262 0.22044078
-0.15300140 0.06377059 -0.23401591
0.04183395 0.07451625 0.15387270
-0.08578657 0.11050267 -0.02233003
0.14506243 0.09706997 0.42804822
0.14103946 -0.04629053 0.06350648
-0.15506764 0.05419780 -0.39429542
-0.15345834 -0.10385757 0.23245381
-0.12212738 -0.12460826 -0.10134168
0.13989906 0.04751713 -0.29180878
0.07381073 -0.12031244 0.01276866
-0.14765030 -0.01669898 0.40824139
-0.01154053 -0.12373899 -0.31165195
-0.03140513 -0.00439537 0.44945425
0.12801562 0.06006631 -0.23328534
-0.15298441 0.08180197 -0.34277520
-0.11719956 -0.12717737 -0.25862080
0.09756631 -0.12294669 0.25623873
0.14819381 -0.05200783 -0.07379089
-0.03243070 -0.00049793 0.44754031
-0.02754034 0.08831909 -0.14022501
-0.04799090 0.10295299 0.29285774
-0.12479601 -0.11245716 0.06583375
0.08644399 0.08455728 0.18791127
-0.14006273 0.13745053 0.36578202
0.14889453 -0.10176616 -0.24531741
-0.11849349 -0.12580654 -0.04386531
-0.06240681 -0.12354939 -0.20737086
-0.13113841 0.04373934 -0.01906372
0.12521775 -0.10993131 -0.03192432
-0.12703016 0.01979686 -0.45171547
0.08367313 0.13592216 0.39240980
0.14359753 -0.06488443 0.32839230
-0.15298729 0.04888818 -0.24046557
-0.07115112 -0.12649210 0.26810279
-0.04300582 0.14200193 0.35812503
-0.09786276 0.13481271 0.12037951
-0.15156732 0.10634230 -0.23632379
0.14050259 0.04706398 -0.37435645
-0.11691175 -0.09616974 -0.38779175
-0.03237111 0.12524799 -0.16241756
0.06176586 0.02170846 0.31265432
0.01354242 0.13340567 -0.00430366
0.14109537 0.11468461 0.08441088
-0.06815284 0.13293861 0.16087909
-0.14048944 0.13009214 -0.20059814
0.06830308 0.00235334 -0.44781855
-0.01700093 -0.12121142 -0.12638484
0.07346775 0.09109560 0.42897102
0.14699365 -0.05263300 0.22144315
-0.12653844 0.00137363 0.44825774
0.14959686 -0.11289892 0.24713880
-0.11833784 0.02402506 0.43030328
0.14813545 0.07184967 -0.30886430
0.04150715 0.13545461 -0.35670254
0.07290516 -0.11988208 -0.17638423
-0.13118060 0.03999587 -0.14628266
-0.06481574 -0.12391634 0.29173136
0.13804242 0.13511384 -0.37944096
0.06103833 0.12045442 -0.22595279
0.09029807 -0.10754466 0.37082699
0.13699082 -0.08317287 0.44113889
-0.07157855 -0.09635200 0.44813406
-0.15321924 0.09685458 0.24116427
-0.05383126 -0.12267397 0.41715208
-0.15220258 -0.04825158 0.40404043
0.14667925 -0.09397729 -0.14319503
0.14329095 -0.05656323 0.09537175
0.01983492 -0.12215233 0.25420177
-0.14044414 0.08873231 0.38389182
0.01328496 0.13143252 0.11402190
0.11735968 0.07040380 0.07162160
-0.15044959 -0.06574664 0.28383565
0.07597661 -0.12675782 -0.41455334
-0.13014957 -0.10994131 0.22996090
-0.14249849 0.13836351 -0.44544449
-0.07310387 -0.12433039 -0.29626113
-0.09940381 -0.10820308 -0.19435072
-0.08044301 0.11638652 -0.28791812
0.07704192 -0.05635368 -0.44805303
-0.01364019 0.13535053 -0.24571130
0.12590261 -0.03475789 -0.36023426
-0.13202219 -0.00002822 0.38893238
-0.07037207 -0.12170319 -0.17892420
-0.07724562 -0.12127741 0.12265971
0.05628308 -0.11397109 0.28427902
-0.11948057 0.10013715 0.00689512
-0.15309076 0.10230912 -0.28381518
-0.03191329 -0.12153976 0.14592925
-0.05955833 0.13872629 0.37931728
-0.14914171 0.12010327 0.19295081
-0.03400753 -0.02712759 0.20343514
-0.10802463 0.03480136 0.25340721
-0.02291167 -0.09323502 0.45026505
0.08793817 -0.12334742 0.09922955
-0.13289614 0.07013091 0.10912558
-0.13307823 0.07268026 0.20426023
0.04114643 -0.12806723 -0.39139131
-0.02630975 0.11412770 0.07115266
0.01846863 0.13229328 0.01658457
0.05527194 -0.12150715 0.07496606
0.13329603 0.04126432 0.23561263
0.09201235 0.10182860 0.42939749
-0.15291642 0.06628890 0.29308766
0.09496225 0.10315844 -0.44091168
-0.03023235 -0.03627537 0.44822395
0.00527789 0.13087685 0.45020068
-0.05977480 -0.12525558 -0.11728226
0.04696342 -0.12329659 0.35435379
0.04934147 0.12414700 -0.06277763
0.02160784 0.11624498 0.12172353
-0.01571664 -0.12478926 0.39328203
-0.15287821 0.02696892 -0.04947133
-0.10619159 -0.12453952 -0.06526376
0.06067441 0.12045113 0.25329185
0.03076912 0.14427547 -0.43952951
0.14441599 -0.01866063 -0.21091120
-0.01727202 0.13210368 0.39253038
-0.14170128 -0.00104310 0.42680037
0.14786419 -0.02590873 -0.26989418
0.08545538 0.11541678 -0.01961160
-0.08064521 -0.12834901 -0.32398096
0.12457880 -0.12798500 0.31328636
-0.00030029 -0.11141082 0.22720015
0.00574024 0.08659388 0.20933698
0.04361736 -0.11783733 -0.26668602
0.06373796 0.09702718 0.45027953
-0.13180304 -0.01868334 -0.25423473
0.14756395 -0.04942781 0.01615618
-0.15323210 -0.10976054 -0.30750221
-0.12215822 0.13144629 -0.32540387
0.14735623 -0.02530886 -0.39039326
-0.11557075 0.02210524 -0.28299859
0.05674190 0.11858024 -0.17278418
-0.12580447 -0.10243821 0.32567117
-0.13253346 -0.06109603 -0.07139401
0.07853120 -0.12415378 0.02591289
-0.07765926 0.14063899 -0.41040498
0.05259855 -0.12142894 -0.02736143
0.10889708 0.10852195 0.13047867
-0.15399857 0.03569750 0.19346362
-0.00885646 -0.12082542 0.15918571
-0.06391583 0.13871886 -0.29882240
0.06717926 -0.07463188 -0.44498190
0.13735913 0.01585354 -0.41429505
0.10189731 -0.11965010 -0.10271963
-0.01676638 0.01224138 0.44805235
-0.14121257 0.14089641 -0.40524882
-0.01891265 -0.08454003 -0.44325465
0.14233060 0.08250279 0.27349091
-0.07475459 -0.12343679 -0.13924387
-0.13897249 0.10910238 0.44434220
-0.15571207 -0.07977745 -0.25651154
0.14804225 0.01183555 0.39825314
-0.14727888 0.09515338 0.23248777
0.13721734 -0.12976621 0.23610185
-0.08402520 -0.05276492 -0.44582313
-0.01612979 -0.12291275 0.29709202
0.00122730 -0.12138297 -0.33013469
-0.04123995 -0.02229803 -0.44393092
0.09337167 -0.12435848 0.36227241
0.02947886 -0.12763254 0.32993221
0.15228024 -0.04258307 -0.31279778
-0.05897143 -0.09046351 0.44802836
-0.15288298 0.11801577 0.08209893
-0.01739214 -0.12174585 -0.30873388
-0.06928101 -0.02921199 0.45256236
-0.15245463 0.03458582 0.23497248
0.14166994 0.13841794 -0.40114927
-0.14316308 0.12249246 -0.15065390
-0.13487671 0.12243629 0.15281886
-0.12892768 -0.09878080 -0.44760978
-0.05016317 0.12363328 -0.32452816
0.13340440 0.14345858 -0.42083606
0.00478661 0.13123234 -0.05081116
-0.07931318 0.14015883 0.29954964
0.09880403 0.11742908 -0.36217824
0.08893584 -0.11070976 -0.20760530
0.10969892 -0.00571930 -0.26407459
-0.07420170 -0.12607184 -0.32051015
0.02308472 -0.12016768 0.28820086
-0.04909482 0.03425065 0.41384801
-0.15125526 -0.10843338 -0.33112553
0.00888915 0.12776212 0.31937733
-0.15045337 0.04727251 -0.34537813
-0.14843056 0.08741899 -0.39492765
0.10709079 0.06602982 0.39997658
0.06612137 -0.00184835 0.22420679
-0.05521875 -0.07674767 0.44854087
-0.05536764 0.11752439 -0.44497880
0.14025101 -0.11695687 -0.01291198
-0.15381853 0.12894256 0.23875289
-0.09258742 0.09264206 0.16815521
0.11671585 -0.11313412 -0.17483939
0.02031772 -0.11276819 0.19607359
0.05945655 -0.12043852 -0.17021215
-0.03139403 0.14059727 -0.38065735
-0.13122781 0.01516168 -0.13369350
-0.04420363 0.09392161 -0.44880536
-0.08578907 0.13684626 0.04435776
0.14228307 -0.09713670 0.16494080
0.12395808 0.00871218 -0.09768960
0.15061378 -0.09684045 0.11793526
0.02971601 0.04955844 -0.44770688
0.13363980 -0.09363123 0.30059278
-0.03546027 0.12890208 -0.27478743
0.09113991 0.10628640 0.25692648
0.10682064 -0.12197001 -0.01151159
0.00736605 0.13103461 -0.42434329
0.13889492 0.03446969 -0.02946617
-0.12771997 -0.08323824 -0.21484897
0.12126373 0.05816297 0.20240682
-0.04418760 0.13589974 -0.06547232
0.12930124 0.08177592 0.44523272
-0.08598012 0.13418552 -0.45081252
0.06115586 0.10476170 0.40958923
-0.15345141 -0.03850253 -0.33075085
0.13056593 -0.09642004 0.35548508
0.05880491 0.12539127 0.26235521
0.14404972 0.01905827 0.12974769
0.00019911 -0.10736889 0.44417068
-0.07377388 -0.12579080 0.44309771
-0.01998692 0.12810130 0.11665178
-0.00092940 -0.10503944 0.37765422
0.05325844 -0.12066954 -0.26284587
-0.15128997 0.04304006 0.03978209
-0.08191890 -0.12533489 0.12288669
0.09461176 0.03513637 -0.27656004
-0.15018664 0.13287221 -0.29469198
0.14507911 0.10295682 -0.18746865
0.12705797 -0.08790814 0.26440391
-0.15017052 0.13506174 0.30279836
-0.15537894 0.13232797 0.21638028
0.14713994 0.07841855 0.42185390
-0.10564058 -0.12031164 0.41866022
0.11289506 0.04753945 0.42881075
0.12803650 -0.06276733 0.43025580
-0.12262443 -0.11912048 0.09968455
-0.11862542 -0.01238625 -0.43108508
-0.14474055 -0.10114618 0.26164106
0.01944971 0.12026404 0.18465726
0.00412134 -0.12303481 0.23790431
-0.00866653 -0.12881197 0.41900811
0.14286602 -0.11225837 0.13561851
-0.06316005 -0.01943928 -0.44594380
0.00402316 0.10867618 -0.13770342
0.12885529 -0.12612967 -0.42359719
-0.15126580 -0.00788397 0.15749469
0.11255937 0.01420455 0.17584531
-0.07382549 -0.06584654 -0.44871977
-0.02376898 -0.12001428 0.05606993
-0.11325868 -0.08743752 -0.13089058
-0.05165464 0.12448858 -0.05166235
-0.06128620 0.05519170 -0.45071664
0.00258072 -0.05916359 -0.40640935
0.01987420 0.10497943 0.42430279
0.10053086 0.00478469 0.44621161
0.10805443 0.01408966 -0.45008096
-0.14102146 0.12493871 0.09147881
-0.00445587 0.13702494 -0.32901758
-0.12480801 0.11477402 0.07786427
0.14157775 -0.05232011 -0.13737430
0.00167094 0.01832002 -0.44930071
0.12702550 0.07713651 0.01662393
-0.09322514 -0.00482840 -0.44576597
0.11020455 0.12891681 -0.28485644
-0.15405223 -0.10127558 0.41557369
0.06032189 -0.07013194 0.44728670
0.01621976 -0.01134895 0.41079029
0.12698369 0.06861559 0.03002657
-0.03471541 0.12994489 -0.14867222
0.05301837 -0.12228596 -0.44432393
0.11934637 -0.07095167 0.01245460
0.06478360 -0.12131371 -0.43285507
0.14976488 -0.10132690 0.07386421
-0.15372902 -0.10367899 -0.19112463
-0.14035241 0.09833805 0.39070883
-0.06563385 -0.12157380 -0.13057134
-0.14929175 0.11393449 -0.43361154
-0.11770275 0.00403317 0.14000270
-0.15600258 0.11099041 0.06699483
-0.15240403 0.13605344 0.33584040
0.15198238 0.09582917 -0.37972760
0.03369758 -0.12175766 0.26701483
-0.05572884 -0.12058382 0.25780895
-0.14425305 -0.12570073 -0.40102553
0.13268532 0.00993726 0.30872104
0.09777383 0.02868295 0.00899865
0.09582261 0.12318236 0.43470654
-0.10375322 0.10493956 0.19565497
0.12850283 -0.08612481 0.18687077
0.07591867 -0.00009351 0.45020148
-0.00156290 0.11910579 -0.31003973
-0.07159413 0.09182855 -0.42109367
0.14627489 -0.11066604 -0.13100061
-0.00593036 0.13142680 0.24053787
-0.15064147 -0.03027946 -0.10624465
-0.05840236 0.12404278 0.02830511
-0.00292365 -0.12796813 0.39931297
-0.10194161 0.12889305 -0.04279114
-0.13045524 -0.12667891 0.33009452
-0.13025343 -0.07586141 -0.33834234
-0.04012576 0.13674749 0.38089222
-0.13024037 0.04512669 -0.14318997
-0.09057634 0.06944779 0.41768169
0.12109201 0.13333374 0.14937219
0.05000954 -0.11747265 0.44578829
-0.08282206 -0.12096812 -0.08016663
-0.02842543 -0.12252100 -0.21300755
0.13355871 -0.00114696 -0.31523216
0.13015071 -0.11606627 -0.44851491
-0.13841850 0.13269950 0.30423558
0.14990824 0.01290776 -0.00945913
0.13170625 0.04366975 0.44760171
-0.12671565 -0.09385182 0.43048283
-0.15158357 0.09685335 0.38218132
-0.15278834 0.13848476 -0.22367761
-0.06537718 0.13550568 -0.16456673
-0.15066528 -0.07189777 -0.13080449
0.04406387 -0.12196400 -0.19950181
-0.13194260 -0.04852699 -0.27833498
-0.15982383 -0.08616111 0.43507454
-0.09851614 0.12537122 0.45005333
-0.01772444 0.05138681 0.44115698
0.05622588 -0.12122510 0.16202405
0.01676214 0.11215421 0.44827527
0.14482085 0.08196145 -0.02268015
-0.03359193 -0.11254108 0.44873479
0.14131838 -0.11867348 0.24981916
0.00754444 -0.12574945 -0.36862043
-0.02940443 0.13027929 0.01841237
-0.14438702 -0.12608790 0.26062739
-0.14098200 0.12870084 0.18823439
-0.12965460 0.13368294 -0.44292632
-0.06128486 0.08487140 0.11956619
-0.05781282 -0.11728231 -0.11403665
-0.15294701 0.04440756 -0.15346950
0.00622220 -0.12071890 0.11744066
0.15067258 0.12472190 -0.43308121
0.00447270 -0.12604487 0.30446512
-0.15262744 0.01090719 0.13910371
-0.01626275 0.13699380 -0.32082593
0.11914162 0.00154202 0.44557264
0.14605759 -0.12783836 0.17590092
-0.12418058 -0.11859361 0.16264161
-0.04547492 -0.12429778 0.22239956
-0.12628515 0.14132287 0.11940365
-0.07819137 0.00488448 -0.44855341
-0.15490012 0.10420367 0.40908086
-0.14950854 -0.00388553 0.43915263
-0.14489888 -0.12927471 -0.17452410
-0.10539655 -0.12715907 -0.41510883
-0.02118262 -0.12150306 0.35955468
-0.09804544 -0.12581000 -0.34540448
-0.12624709 -0.05379725 0.44685563
-0.12206362 0.13405873 -0.30860201
0.11210524 -0.12562992 -0.25883466
-0.10598078 -0.11462884 -0.44683173
-0.13287586 -0.05176872 0.00430766
0.09921193 -0.01258689 0.11042591
0.13018709 0.12380178 -0.01110201
-0.15407956 -0.08585349 -0.18574549
0.02186442 0.13796955 0.44454196
0.13344030 0.11333673 0.39234462
-0.07034133 -0.12467665 0.18207027
-0.14672320 -0.03903523 0.44849828
0.14969061 -0.11285824 -0.41546372
0.13378038 -0.09007387 0.28825688
-0.13879055 0.13963354 -0.35078573
0.07187781 0.12539190 -0.03021339
0.13327427 -0.03008686 -0.44609702
0.13604134 0.09957173 0.02591983
-0.15586080 0.11643296 -0.23019618
0.14792226 -0.06222775 -0.01224118
0.14516139 -0.08201455 -0.08922000
0.09942585 -0.11865932 -0.44586289
-0.07607400 0.13419494 0.09815146
-0.10517590 0.07529720 -0.44519639
0.13450570 -0.12766086 -0.25570792
-0.13077214 0.11615214 -0.18479368
0.14438067 -0.10191789 -0.39963824
0.10354517 0.10082028 0.23539954
-0.03388359 0.10887107 -0.16517396
-0.14205338 -0.12832709 -0.05130488
-0.02463676 0.12018493 -0.01928962
-0.15232201 -0.05149470 -0.12114264
-0.00493686 -0.12061965 0.34206623
0.13390116 -0.07197664 0.24907434
0.06906284 -0.11726455 0.17354447
0.09304187 0.09879304 -0.11182819
-0.14938046 0.07969701 0.27720001
0.13884041 -0.07999663 0.22395396
0.13838813 0.14181747 -0.41084740
-0.15412599 0.13711821 0.01410043
0.06268577 0.03256673 -0.44716433
0.02554636 -0.11818295 0.15493208
0.07225701 0.13647792 0.29274815
0.08665925 0.10260463 -0.22330248
-0.01826638 -0.12200122 0.30143780
0.06286317 -0.12142401 -0.28772122
-0.15083954 0.11213247 -0.29092464
-0.15256199 -0.11143279 -0.08744483
-0.08424967 0.13379705 -0.20744237
0.04576764 0.12963666 -0.34975931
-0.14192495 -0.12466083 0.19716468
0.13937712 -0.04354329 -0.16873562
0.11000730 0.12703127 0.05277094
-0.11985281 -0.09087487 0.39922819
0.13798822 0.11798110 0.30676565
-0.13042186 0.04870144 -0.45097318
0.03137392 0.10690016 0.43145448
0.10984755 0.06953697 0.37653404
0.13351412 0.10524051 0.43281662
0.06499488 -0.12175311 -0.21143946
-0.00366581 -0.12464594 -0.36517727
0.04723336 0.12858258 0.40360063
0.01654647 -0.10556078 0.43085685
0.04091425 0.11338520 -0.39853814
0.10541695 -0.06927317 0.44995865
0.14355041 -0.08845728 0.42780346
