0.01284450 0.04981048 -0.37938392
0.00140560 0.11702479 -0.37005308
-0.16256584 -0.14314701 -0.28690514
-0.00985844 0.10175150 -0.34496847
0.08978011 0.09286410 0.40519601
-0.08530807 0.00778742 -0.09643481
-0.00822970 0.10258356 -0.40930265
-0.14307135 0.08730873 0.25610960
-0.08064211 0.07402329 -0.40270627
-0.05655602 -0.02195672 0.16332060
0.00499827 -0.11626276 0.37080729
0.13523743 -0.00100512 -0.07054655
-0.07229558 -0.04419399 -0.36858004
-0.12498806 -0.07319731 0.09006742
0.09532887 0.09408537 -0.30688363
-0.04586572 -0.13428293 0.09707820
0.10098489 -0.06759958 0.02790736
0.15439640 -0.14183120 0.03811983
0.02168153 0.11714565 0.39067447
-0.12040366 -0.08966593 -0.35551065
-0.00948362 0.08339445 -0.40604711
-0.17659225 -0.09902212 0.15637261
-0.08713017 -0.01991081 0.17106463
0.02810995 -0.08390889 -0.24399328
0.18619445 -0.12031109 0.12271756
-0.12810092 -0.00783061 -0.10362551
-0.14267403 -0.13118894 0.05925149
-0.15602422 0.03006153 0.13360894
-0.06091058 -0.09018207 0.31594878
-0.18766716 0.09873337 -0.24445526
-0.16926657 0.09344684 0.20298448
0.12998821 -0.13869555 -0.29745346
0.12306346 -0.02450734 -0.14187115
-0.00779160 -0.14101984 0.30536720
0.07468397 -0.13891213 0.27658328
0.13286188 -0.00926314 0.30207425
-0.17841858 0.11668105 0.37703708
-0.16003183 0.13100128 -0.22589022
-0.17859870 -0.05173558 -0.05156660
0.09174860 -0.01220777 -0.27557999
0.02864008 0.05190689 -0.31402493
-0.10001856 0.01055697 0.12157049
-0.14152658 0.16329007 0.18626086
-0.09431606 0.12715277 0.14340961
-0.18114190 0.07781728 0.06009126
-0.17190994 -0.06528606 0.29122484
0.04616570 -0.12489536 -0.30390638
-0.17405199 -0.14641818 0.20336500
0.11825841 0.10787107 0.32778752
0.18314548 -0.07936901 -0.18055248
0.03895157 0.07851136 0.40673000
0.16059867 -0.03823341 0.07116356
-0.03649610 0.02861813 0.33311218
-0.07536547 -0.12852921 0.29152122
-0.17923239 0.11947479 0.31969139
-0.09972985 0.06499324 0.26111415
0.07793475 0.09857533 -0.32811540
-0.13633467 -0.13975514 0.31386739
-0.08148359 -0.12031098 0.37230676
0.02348161 0.00475880 -0.28108644
-0.14260051 0.00583660 -0.00645887
-0.10234322 0.15789334 0.07608251
-0.08892011 0.00139761 -0.16716599
-0.02635425 -0.01575702 -0.17137912
-0.12567604 0.05857445 0.03674236
0.00265249 -0.07544149 0.02741781
-0.12771881 -0.03799597 0.31295699
-0.11260863 0.06301774 -0.30855235
-0.15271315 0.08046194 -0.39146551
-0.15580206 -0.14094865 -0.18406759
0.16285807 -0.05360353 0.10737534
-0.09476268 0.14058019 0.02941390
0.03973221 0.02724846 0.39804581
0.12341437 -0.09469111 -0.10335427
-0.09889023 -0.12794539 0.26336306
0.18483873 -0.04968242 0.34421068
-0.17552520 -0.10800519 -0.28596997
-0.09569556 -0.13557667 0.04689348
-0.12383574 0.13607746 -0.03651321
-0.14304295 0.16422507 -0.27739850
-0.18450968 -0.08538077 0.35225081
0.13198730 0.06910615 -0.39044949
-0.11620893 -0.16058251 0.32157359
-0.01664683 0.08539797 -0.28697523
0.04402985 -0.01888105 0.15645289
0.13338637 0.11252762 -0.33871233
-0.06527814 -0.05647913 -0.29535106
0.18352547 -0.13551071 -0.01094003
-0.17002025 -0.12862223 0.24833001
0.15199691 0.03740558 0.33360499
-0.03933807 -0.00636679 -0.00373564
-0.07562913 -0.06949846 0.08111872
-0.12340744 -0.01447632 -0.10666624
0.18453704 0.07759896 0.40361172
-0.12784462 -0.07977892 0.27152780
0.12662660 -0.05979227 -0.26115367
0.17568038 -0.12908390 0.14142929
-0.17599815 -0.06131165 0.02494081
0.05538759 0.01298445 -0.36872789
0.06510542 -0.14311720 0.31053102
-0.15245342 -0.16958000 0.35346979
0.08207797 -0.09333473 0.33343735
0.18344660 -0.05432834 0.26707131
-0.08797715 -0.13819817 -0.33645216
-0.01733939 -0.13982198 0.05767580
-0.10599865 0.10606834 -0.40826061
-0.09406198 0.03934068 -0.37148541
-0.09720846 0.02726356 0.03742713
-0.09199779 0.06771536 0.32755792
-0.08925114 -0.03058756 -0.08975410
-0.05326888 0.13740876 -0.31942794
0.08824055 -0.13443823 -0.26285866
0.00947911 0.01425777 -0.25908282
-0.18625690 0.05423306 0.32416022
-0.10875875 -0.14261241 0.31758249
-0.06640544 -0.09007294 -0.19022030
0.09367657 -0.08339961 0.36494425
0.00318930 -0.01470728 0.05876480
-0.14299075 -0.09152308 0.36466724
-0.12633298 0.16084197 -0.17789079
0.00034998 0.08058766 -0.25866264
0.02406860 -0.11967927 0.36789548
0.02991447 -0.01307434 0.14221664
-0.10437811 -0.14131126 0.00052863
0.13487904 0.00610165 -0.32803589
0.16246797 0.09814860 0.39517513
0.07671742 0.11547264 0.37121603
-0.01825340 -0.06941314 -0.28394413
0.01512761 -0.13719642 -0.08588254
0.18940845 -0.02138499 -0.02623915
0.18104942 -0.06480506 0.28219581
-0.08976112 -0.07567535 0.17050412
-0.14271311 -0.08402956 0.09086137
0.16247199 -0.13596714 0.24835210
-0.12148492 -0.13562053 -0.25108898
-0.05890138 -0.03266307 0.03349665
-0.18595539 0.06774861 0.11355285
0.00225057 -0.13553479 -0.11375324
-0.18511410 -0.01639653 -0.33216515
-0.10169896 0.14966825 -0.16903557
-0.12008218 -0.14070356 0.06376802
0.08138362 0.04012431 -0.24956541
0.04329100 0.11331079 0.34219241
-0.18470114 0.02153242 0.12104625
-0.01006448 0.12584758 0.36359674
-0.07686608 0.14304847 0.28529197
0.12000206 0.06676506 -0.32124519
0.09179862 -0.06877698 0.04411378
0.18030502 0.08484384 0.31546825
0.04795655 -0.14024656 -0.19512235
-0.01996575 0.01845508 0.27114427
-0.07091621 -0.03506159 -0.00507393
-0.13086493 -0.06046699 0.33751801
-0.09817342 -0.02296240 0.18299988
-0.07826623 -0.13160576 0.26712185
0.03402249 -0.08221346 0.20099147
-0.11535937 -0.11962024 -0.33777660
-0.03736024 0.09818507 0.40481138
0.19061318 -0.01310728 -0.01848660
-0.05144474 -0.06770986 -0.09414057
-0.05760945 0.12351464 -0.36895972
-0.06110078 0.00102107 0.03012013
-0.01099981 0.01181144 0.35996437
0.05178953 0.05735980 -0.32096416
0.08339701 -0.14369567 0.15120184
0.06343597 -0.13976829 -0.11215355
-0.13834205 -0.05175282 -0.36811760
0.13088988 0.11732648 -0.35801536
-0.15914917 0.09082592 -0.14342150
-0.03694409 -0.03868254 0.37371165
-0.18498066 0.06532903 0.04251488
0.18433535 -0.07548156 -0.06250861
-0.18543409 0.11221133 -0.23793735
0.17239520 0.00968787 -0.28946048
0.18411060 0.08017567 -0.30384675
-0.05737867 -0.03887013 -0.19583386
-0.04789019 -0.04927563 0.30312860
-0.02940755 -0.01488041 0.03173144
-0.09578215 -0.13333727 -0.20285165
-0.07593912 -0.01913865 -0.37211311
0.13545941 -0.10230315 -0.25949246
0.00148275 -0.07807456 0.22215654
0.06795229 -0.13843423 -0.21698956
-0.11568437 -0.11988436 -0.23572688
-0.09547690 0.04775370 0.29031003
-0.08671569 -0.11416663 0.29704079
-0.12499110 0.01485042 -0.28200820
-0.03375672 -0.05912872 0.32286367
-0.13392615 -0.12946990 0.19687583
-0.08277543 -0.05800986 0.01502414
-0.17887861 0.02632647 -0.03759587
-0.06402640 -0.01602955 0.00500795
-0.17159046 0.10726597 0.32178965
-0.17626579 -0.09156534 -0.26435053
-0.04506450 0.01007224 -0.30921865
0.15220885 -0.08327189 0.17307623
0.00377806 0.11802739 -0.37402609
-0.18522359 0.09562570 -0.34002891
-0.07780552 -0.12610413 -0.32722640
0.19291362 -0.05852634 -0.17953709
0.16678670 -0.08833383 -0.20754999
-0.11610811 0.08580437 -0.28775263
-0.18489413 0.11262476 -0.35154292
0.03872748 -0.10280596 0.36911798
0.17892207 -0.00528624 -0.26969951
0.04808760 0.08458681 0.40191016
-0.13063644 0.12232345 -0.37643656
-0.14533655 -0.13011755 0.17621584
-0.16877061 -0.13387571 0.31755534
-0.10723539 -0.02131044 0.29831767
0.07131013 0.06509645 0.31877297
-0.17696983 -0.00403098 0.18147412
-0.17714114 0.02769338 -0.05656041
-0.04060008 -0.07281308 0.30252969
-0.17714825 -0.09601228 0.07002312
-0.12053037 -0.04662330 -0.25312370
-0.10272922 0.02375087 0.07922657
-0.03223411 0.01394155 0.33069903
-0.10805557 -0.01854057 -0.01894653
-0.15761171 0.07121096 0.06225947
-0.09546806 0.02298831 -0.00279181
-0.09608161 -0.00194764 -0.20643547
-0.16638334 -0.07312309 -0.09373322
-0.08659061 0.05645848 -0.35085601
0.01692730 -0.13266340 -0.12214421
0.16288266 -0.10141191 -0.35685775
0.06619283 -0.12776285 0.30344778
-0.07856894 0.00820214 0.20183346
0.05938723 -0.01272194 0.11462370
-0.10810983 -0.00931255 -0.29552606
0.15683350 -0.07561442 0.08121321
-0.09746876 -0.13481529 0.32831284
0.11456138 0.09842621 -0.31765392
-0.10748063 -0.05693417 0.02031775
-0.10229406 -0.04358134 0.19079323
0.18550074 -0.03410368 -0.20040396
-0.13543570 -0.00780154 -0.05627897
-0.18007429 0.02900839 -0.23926935
-0.08071546 -0.01381292 -0.19268680
-0.08619067 0.08041693 0.08211131
0.00163335 -0.08072577 0.14988273
0.03685278 -0.13380870 0.16753891
-0.16111200 0.10297580 -0.40254995
0.08188195 -0.04006474 -0.22193867
0.01389895 -0.13631645 -0.08798395
-0.17243414 0.14810593 -0.22814138
-0.19313274 0.09270963 -0.02436611
-0.17298879 -0.09650078 -0.10626721
0.16178291 -0.00984971 -0.11593356
-0.00966865 -0.01711986 0.24369764
-0.10654505 -0.04098281 0.06595656
0.05159928 -0.01238830 -0.02028415
-0.11649887 -0.11773673 0.01260740
0.08234730 -0.00807792 -0.20778294
-0.08037577 0.10686076 0.02094184
-0.17940915 -0.13165957 0.29019132
0.16989651 -0.00421569 -0.30794504
-0.17997989 -0.04042441 -0.33409476
-0.01284929 -0.13599253 0.00947872
0.00609823 0.07837909 0.30983862
-0.07899214 0.00064488 -0.30185726
-0.12694834 -0.01305903 -0.36501643
0.09608438 -0.05587345 0.07196461
-0.01464561 -0.01047172 0.01366880
-0.04804409 -0.13256255 0.13261484
-0.18043593 -0.01258604 -0.14831538
0.18668735 -0.07450822 -0.25955087
0.17312290 -0.13024281 0.07867812
-0.18737581 0.04124482 0.24611436
-0.12707779 0.14538811 -0.27217957
-0.04198968 -0.02417270 0.15781890
0.17354399 -0.00367671 -0.37014839
0.06343827 0.01124575 0.28638190
-0.14491485 0.12201784 -0.30960867
-0.08789974 -0.09410684 -0.19930926
-0.11721081 -0.01042646 0.09903131
0.00065239 -0.02786797 0.17259718
0.02789386 0.01159545 0.27994761
-0.03100866 -0.13602296 0.05134529
-0.09413026 0.02627664 -0.11230557
0.05540448 -0.01247511 0.34061638
-0.09223339 0.03953370 -0.22903246
0.12548307 -0.01060457 -0.15047824
-0.16042668 -0.07945755 0.24326903
0.09796856 -0.03599514 -0.19968137
-0.04368995 0.03750770 0.37893984
-0.06912899 0.01636623 0.16527267
0.17454669 -0.04947901 0.22764221
0.00939234 -0.07315484 0.23535503
0.07277874 -0.08599227 -0.10677090
0.17593648 -0.01892334 -0.00769631
0.00342394 0.00651125 0.30249131
-0.09706073 -0.01532198 0.35524923
-0.13963293 -0.13504916 0.02762138
-0.12118200 0.02145479 -0.15657590
0.08667940 -0.13445413 -0.00200424
-0.18585642 0.01825012 0.24251024
0.18038793 -0.14215833 0.21560232
-0.17526564 -0.04010968 -0.02843586
-0.16690360 -0.13341074 0.10460767
0.08081921 -0.14069529 0.19959182
-0.11474866 -0.13083236 0.03694656
0.07355361 -0.00165558 -0.00131762
0.13579208 0.02327875 0.35139570
-0.02673902 -0.05863916 0.13026424
-0.04702235 -0.07350760 0.02860107
-0.17432570 0.12846267 -0.14436343
-0.13548574 -0.04500763 0.04350246
0.08520938 -0.13363962 0.27782828
0.12855741 -0.04863786 -0.29259181
-0.17403789 -0.02214636 -0.36211315
-0.07259603 -0.14247105 -0.28300330
0.14691791 -0.14359073 -0.07286496
-0.04945811 -0.01480448 0.07833412
-0.17956638 -0.06982812 -0.01946322
-0.08826533 -0.02223616 -0.24286062
0.17234513 -0.14329848 0.24342911
-0.09519981 0.07323252 0.07414487
0.18282644 -0.14148025 0.26192343
-0.18435340 0.01682068 0.27078125
-0.11198959 0.16955744 -0.24146740
-0.00032198 -0.07322031 -0.31799534
0.09224755 -0.02844911 -0.28899425
-0.10387494 -0.12402434 0.35868537
-0.17853530 0.05488817 0.02748719
0.06673157 -0.00714786 0.12623265
0.05681496 0.10384839 0.41228360
-0.13057102 0.08066653 0.17005059
0.12918611 0.11800273 0.35672128
-0.10531949 0.09259202 -0.28607076
-0.11832157 0.16453998 -0.27582622
0.15584391 -0.17589965 0.33326650
-0.18544938 0.03059924 -0.08398356
-0.02819856 -0.13111441 -0.31981540
-0.09992500 -0.09193007 -0.17940997
0.17147478 -0.10591790 -0.30320448
-0.01866422 -0.06392723 0.32976633
-0.06905662 -0.13554782 0.10106066
0.17916436 -0.10033049 0.23349606
-0.10328486 0.04989659 -0.30762857
-0.11925822 -0.05193736 0.00889615
-0.01250393 -0.01534960 0.23649707
0.18368152 -0.06667848 0.09441640
-0.02455798 -0.01065161 -0.04035241
-0.06062284 0.09761971 -0.34441191
-0.09787338 0.01439122 -0.33093336
0.13622166 0.11629221 0.37184459
-0.10901680 -0.13043471 -0.25919306
0.12337559 -0.13377501 0.22097692
-0.17356193 0.14287782 0.23417409
0.06369971 -0.06197373 0.04022118
-0.06032930 0.13094223 -0.28188083
-0.18242894 0.01126943 -0.04720701
0.15927659 -0.17219919 0.32076734
0.07714366 -0.06938984 -0.15486982
-0.09520944 0.01281412 0.18407956
-0.18038817 -0.08238827 -0.30915993
-0.13781570 -0.03962238 0.21446168
0.09609728 0.07629383 -0.39441276
0.16961902 -0.01173590 -0.05753487
0.10824845 -0.14390101 0.24868271
-0.09167289 -0.06703826 -0.17640859
0.18666992 0.07317663 0.36187977
-0.11638284 0.05391135 -0.34173286
-0.19398421 0.10973344 0.07715414
0.12219191 0.03960674 -0.38867253
0.16848859 -0.00768457 0.19484663
-0.06392127 -0.06307465 -0.29814470
-0.13330777 -0.11685335 0.35583121
-0.17248705 -0.10531159 -0.11386063
-0.12268706 0.11212647 -0.28237566
-0.08799738 -0.02178868 -0.01849040
-0.11671758 -0.13997750 -0.10384179
-0.01728299 -0.03830834 -0.20673431
0.00382452 -0.13595797 0.21781765
-0.15932012 -0.13066812 0.17180534
-0.10385986 -0.06343272 -0.31113350
0.17212355 -0.04105553 0.03368637
-0.18297161 0.10971855 -0.04397625
-0.05582321 -0.07079685 0.07060641
-0.14432655 0.16482998 -0.05649019
0.07251255 0.00045590 0.29207361
-0.09779574 0.00696236 0.37964046
-0.10096081 0.15540944 0.12291192
0.05294997 -0.01877281 -0.00297752
0.11000414 0.05273231 0.32264081
0.01889057 -0.14004461 0.08513328
0.07626582 -0.04762404 0.02764742
-0.13531785 0.05389085 -0.06721912
0.04753663 0.02006965 -0.32425898
-0.17488539 0.14382063 -0.07825478
-0.16930331 -0.12465104 -0.27743891
-0.09014416 -0.03175266 0.00372142
-0.17640395 -0.05508042 0.31828171
-0.02209859 -0.05456091 0.31789681
0.03491891 0.11699459 -0.40457293
0.05334930 -0.02333088 -0.36133114
-0.04426033 0.10342046 0.29932848
-0.09170832 0.12518424 0.17210060
-0.09726180 0.12934704 0.26304108
-0.11307443 -0.13945535 0.31938243
0.10176355 -0.08931192 -0.34620661
0.17614958 0.01194836 -0.37453240
-0.09504127 0.15750511 0.31608915
-0.06178145 0.02718545 -0.21849886
-0.09916709 0.14884451 -0.03115422
-0.10794660 0.02282174 0.15530685
0.11632694 -0.07146946 -0.22459862
-0.14963791 0.09377788 0.10285900
0.11373996 -0.05240460 -0.25874552
-0.00618089 -0.06516103 0.02427494
-0.16964911 -0.03884726 -0.26851121
-0.11501970 -0.14552788 -0.30763832
0.07364061 0.03430095 -0.33660054
-0.10988944 -0.00786503 -0.25007552
0.01855900 0.01883304 0.31999195
0.16168192 -0.14865841 0.32510105
0.05455183 0.07196122 -0.37151042
0.18007796 -0.13108270 -0.11493525
0.18467107 -0.06147029 0.34145841
-0.18939550 0.13029037 0.30744386
-0.17840946 -0.12312786 0.10252514
0.18312413 -0.04645575 -0.31775901
0.16014616 0.06113434 -0.39896888
-0.03115298 -0.13427605 0.35930154
0.17770161 -0.01339589 -0.24339993
-0.14550997 -0.08663917 -0.13580213
-0.16897476 0.12575574 0.33940697
0.17934042 -0.05899678 -0.00272863
0.14714898 0.02865437 -0.31936693
-0.09121230 0.10196834 0.34198749
0.12681392 -0.07394075 -0.14324321
0.00179303 -0.04488528 0.17237869
-0.04938286 -0.02969853 0.17364249
-0.10473824 0.03931271 -0.38724753
0.08357301 -0.00885290 -0.12779559
0.10343351 -0.12548403 0.36778972
0.06524315 -0.10884796 -0.25979570
-0.08939944 -0.06744999 -0.22528833
0.09820723 -0.02182728 -0.23552522
0.09619951 -0.07562557 -0.24007179
0.12715274 -0.07245995 -0.03291769
0.04497047 0.08129735 0.29571497
-0.11973532 -0.01588695 -0.36152375
-0.13311091 -0.13114339 0.12703046
0.16772661 -0.05272472 0.21353826
-0.10616468 -0.13447089 0.11627853
-0.14389786 -0.01074575 0.19423641
-0.09350192 0.01140427 -0.34131640
0.10193318 0.00429431 -0.35727990
-0.12224753 -0.01881108 -0.03739432
-0.10838924 -0.01290692 0.07395239
0.01260786 -0.13358954 -0.10249048
-0.06743458 0.02741175 -0.26454136
-0.17894705 -0.01688130 0.15337406
0.07077162 -0.06598548 0.00017893
0.07546845 -0.01509416 0.04770563
0.15957385 -0.09111459 0.36587372
0.09969120 0.11972906 0.40331954
0.03476781 -0.11863862 0.29355231
-0.17856863 -0.10101825 0.05176651
0.05111023 -0.02161941 0.33689299
0.01301002 -0.07728849 -0.12934567
-0.12694539 0.03194475 0.22765872
-0.06953025 0.07056908 -0.35982281
-0.10721017 0.00037556 0.35080552
-0.14425659 0.01823305 0.26842201
0.12577572 0.00339895 0.31112817
0.02677856 -0.03413234 0.36797720
0.17757763 -0.08733256 -0.28425252
0.08632986 0.05210857 -0.32358894
-0.04375378 -0.13293582 -0.22231686
-0.19330122 0.11918932 0.27716181
-0.15349291 -0.16041394 0.31956482
0.02316104 -0.09270474 -0.36601236
-0.14144713 -0.12431035 -0.14255415
0.01393435 -0.08260922 0.07570135
-0.10331045 -0.00276229 -0.23198456
-0.12745784 -0.02198048 0.00096309
-0.17323524 -0.04509999 0.01229615
-0.11289516 -0.07501875 -0.02008820
0.00770273 -0.01518919 -0.36731672
-0.05265863 -0.13174582 -0.27174529
0.13020065 -0.12613946 0.15405439
-0.08428124 -0.00644427 0.08936486
0.08264583 0.11847223 0.38795769
-0.04346177 -0.13273929 -0.28012633
-0.18926829 0.10740479 0.10338658
0.07902016 -0.06361107 -0.15240449
-0.18998228 0.12329778 0.33710158
-0.18443307 0.01976275 -0.12169664
-0.11356051 -0.05716993 -0.37048650
0.11255131 -0.11964326 0.36907527
0.16170174 -0.17350301 -0.29466510
-0.04494193 0.11930510 0.33604476
-0.00407461 0.07823074 0.32830477
-0.11350752 0.06812660 -0.13130575
-0.06475484 -0.03137250 0.22765133
0.05363452 0.00840438 -0.32520285
0.01486739 -0.01871217 -0.03964486
-0.10838040 0.07180548 -0.16960332
0.18630807 -0.07770499 0.34237179
-0.16084866 0.06428404 0.16063786
-0.10890564 0.02912946 0.33492059
-0.16007702 -0.13138242 0.17401652
0.12150763 -0.14473128 -0.18989038
-0.11552378 0.14666551 -0.33920011
0.10504369 0.10131035 -0.33242446
-0.15264440 0.01375570 0.38042027
-0.10667952 0.15449759 0.07699578
-0.10817664 -0.01001793 0.04365797
-0.05836312 0.11651284 0.38758063
-0.06397413 -0.14324574 0.36118254
-0.16300920 -0.11543494 -0.14031348
-0.06710340 -0.05052547 -0.15331660
-0.18391903 0.04119853 -0.05554876
0.12644337 -0.08548276 0.02671247
0.09974733 0.00029624 0.37907621
-0.17486078 -0.07554352 -0.14651230
-0.05355382 -0.08104347 0.12253011
0.06362480 -0.00553732 -0.37254623
-0.10736657 0.04845766 0.20920135
-0.01937752 -0.13843529 0.08600627
0.12908833 -0.04010121 -0.27378374
-0.08648077 0.10092007 -0.16331096
-0.10874318 -0.14286500 -0.09331284
-0.12253614 0.16654015 -0.23544066
0.01080350 -0.07289819 -0.33265838
-0.07636043 0.11395241 -0.36015937
0.14780372 0.00786862 -0.28079465
0.18637952 -0.06180926 0.10346528
-0.11311273 0.07145288 -0.40267286
-0.10312220 0.01097260 -0.17059076
0.14184339 0.09205735 0.40220210
-0.15785585 0.15392230 -0.25685254
-0.19328482 0.09310052 -0.15633664
0.03042635 0.04127074 0.34773645
-0.19668731 0.09255163 0.30895633
-0.02395334 -0.07153095 -0.23722367
-0.17669100 -0.08696677 0.08849177
-0.12851356 -0.07115881 -0.36175197
0.01515983 -0.04369437 -0.36835405
-0.18278560 0.02455705 -0.01139351
-0.08334875 0.07756324 -0.02327390
0.01019832 -0.07283659 0.32857859
-0.11344077 -0.02010824 0.29588589
0.09032986 -0.13942847 -0.30492178
0.07494380 0.12328130 -0.35150760
-0.18125762 -0.10210945 -0.12158118
0.16122273 -0.07098749 0.04568662
0.14381774 -0.11500928 -0.31457305
-0.01385418 -0.10836650 -0.34134337
-0.09595906 0.07513952 0.12880869
-0.12028529 -0.13471988 -0.22340140
-0.12872478 -0.07298294 -0.36056882
-0.19488862 0.11875582 -0.22248101
-0.17644258 -0.13080260 -0.04006743
-0.11010728 0.00720538 -0.11347835
-0.11521125 0.08400409 -0.08690393
-0.04622779 -0.01873017 0.28685504
-0.17723666 -0.06878661 0.08201683
-0.18299733 0.11108990 0.28425607
-0.13827053 0.03010875 -0.07809357
0.11214905 0.01865910 -0.35912180
0.15323538 -0.06131727 0.37003678
-0.16852976 -0.13162658 0.10536684
-0.17697640 -0.09092245 -0.13588524
-0.17370202 0.01600512 0.35262948
-0.12658626 -0.01177863 -0.06280473
-0.10225187 -0.04476919 -0.00565980
-0.05382294 0.05053863 0.17314187
-0.09353675 0.16046472 -0.32944363
0.10103025 0.05381859 0.29713017
-0.18043786 -0.03295263 0.03636507
-0.18463770 0.07660303 0.01307217
0.06181086 -0.07461171 -0.35919344
-0.09436808 -0.05899868 -0.12822483
-0.12686776 0.11550296 -0.23850942
-0.06125619 0.11049540 -0.34499377
0.09274337 -0.04342873 0.05154659
-0.17120568 0.01959862 -0.16703476
-0.04010256 0.05524368 0.39923435
-0.14785805 -0.12606697 -0.08161749
0.01532515 -0.01061254 -0.27826208
-0.06729457 -0.00592776 0.27405331
-0.16466962 0.13637064 -0.00366766
-0.06482147 -0.08053870 -0.20543000
-0.10438851 0.09268846 -0.40665793
-0.07651135 -0.02006005 -0.04440194
0.05024479 -0.00690614 0.16647485
-0.13348782 -0.03451730 -0.11196075
-0.12880854 -0.13419254 -0.07639646
0.08470876 -0.11397408 -0.34947026
-0.06593613 -0.10146010 0.37111166
-0.17202201 -0.04793941 -0.29422882
-0.03814253 -0.00544535 -0.14274745
-0.16722740 -0.08495735 -0.09375277
-0.06092798 -0.13714577 0.08580667
0.14289510 -0.00426312 0.30592430
0.04912739 -0.09332272 0.09739348
-0.19102380 0.12359320 0.32551932
0.11268605 0.00077643 -0.27594894
0.14575045 -0.04405130 0.23893991
0.04523303 -0.06275437 0.31508553
-0.07687666 -0.02013895 -0.14985003
-0.10219935 0.02347595 0.21898021
-0.11600189 -0.03521535 -0.37192979
-0.05284474 -0.00405841 -0.36983579
0.12943131 -0.02633419 0.23913914
0.15229949 -0.04575434 0.00619885
-0.10850563 -0.04005937 0.30444902
0.10257635 -0.01625377 -0.16087423
0.10989049 0.06929462 0.40191537
-0.02634510 -0.10606065 0.17447360
-0.03102550 -0.01692560 -0.36180741
0.17419842 -0.14637026 0.29842475
-0.04158240 0.09460665 0.32755849
-0.17850684 -0.09393810 0.19141510
0.02729927 -0.05607077 0.36096212
0.14843035 -0.10477981 -0.30269197
-0.12340693 -0.05760197 0.22293717
-0.07270155 0.05738367 -0.30819535
-0.09817821 -0.13551678 0.09672086
-0.00448827 -0.05728094 -0.34066376
-0.17596863 -0.12948516 0.14910898
0.18421797 -0.03291536 -0.29321522
-0.11435555 -0.00249803 0.28981432
-0.08520856 0.05378044 0.23279892
0.06700975 -0.13959263 0.07301992
-0.06947384 -0.01742352 0.06044339
-0.10808877 -0.13895033 -0.07417773
0.16510378 -0.14272431 -0.00723943
-0.02205074 -0.00666922 -0.36940399
-0.19032855 0.09430008 -0.25903207
0.11230075 -0.06614108 -0.19020481
-0.16853100 -0.14801174 -0.28994653
-0.08768119 0.07558095 0.31315148
-0.17316620 0.02391364 -0.31542864
0.11672159 -0.05543694 0.36619604
-0.14787340 -0.06751006 -0.35842583
-0.04464791 0.13028374 0.34775868
-0.08053470 0.00856145 -0.03670130
0.04668955 0.11194583 0.34416446
-0.01318286 -0.04427477 0.04841093
-0.11232342 -0.10116579 -0.28553981
0.12750253 -0.01348589 -0.06526321
0.12190986 0.10728809 -0.34129736
-0.13659836 0.02028125 -0.37816170
0.09364860 0.01991623 -0.37171325
-0.19024688 0.02365389 0.35750821
-0.14452718 0.11704013 -0.28644383
-0.15952905 0.15035941 0.28824705
0.10999519 -0.04317440 -0.36823165
-0.03567854 0.01627044 -0.27858499
-0.19026245 0.06009783 -0.15526204
0.01775236 -0.13997822 0.30531362
-0.10621360 -0.12586245 -0.26555449
-0.11649020 -0.01627328 -0.11905352
0.06766155 0.12292791 -0.39202905
-0.10144207 -0.02305733 0.20162277
0.13223121 -0.06979706 -0.08929471
-0.06336331 -0.11480092 0.34937549
0.17495416 -0.09191392 -0.33494499
-0.11375366 -0.13949998 0.28399959
0.18343009 -0.10189281 0.24962302
0.18297496 -0.08091380 -0.05506492
-0.17410247 0.00332197 -0.27822375
-0.06478496 0.04703255 0.35837942
-0.03839129 0.09933525 -0.32867283
0.13697140 -0.09274133 -0.29412162
-0.07322697 -0.01080251 -0.03191699
-0.17650622 -0.08054767 -0.23642957
-0.18208635 0.05492584 -0.32765236
0.18429872 -0.07281091 0.30067071
0.03588348 0.08244832 -0.39084965
0.04801200 -0.13501261 -0.00826544
0.00252585 -0.06193151 0.28441501
0.02867625 0.06016695 -0.39838636
0.18270971 -0.08738648 0.24300094
0.18373597 -0.07719251 0.23088200
-0.17749132 -0.07449012 0.16946669
0.11548518 -0.12247354 0.19363573
-0.15245551 0.00489695 -0.37466717
0.06313941 -0.01273771 0.08403063
-0.17378835 0.11894946 0.30489793
-0.10326044 0.09255323 0.25203148
0.05694660 -0.14211127 0.18643181
-0.04988736 -0.13715550 -0.25724381
0.08769862 0.10419699 0.41245422
-0.15929064 -0.06818658 -0.32262972
-0.04130425 -0.03373890 0.11473080
0.08848440 0.10490597 0.40712580
0.09846265 -0.04986863 0.33829904
0.08403139 -0.01099185 0.37783593
-0.06744413 0.00782816 -0.00817239
0.18430854 0.06411727 0.37499163
0.14059684 0.01938537 -0.37162027
-0.17851835 -0.01960288 0.13102295
0.17615408 -0.09019440 0.26183110
0.18608744 -0.03904880 0.32483262
-0.03974597 -0.01293053 0.16061163
-0.07304549 0.12041084 -0.37817639
-0.08588840 -0.07961499 0.32326812
-0.02670249 -0.13522644 0.12855500
0.12063671 -0.14178462 -0.29133064
-0.13771327 0.00273758 0.28665555
-0.02104863 -0.06758469 -0.27830920
0.09368673 -0.01608788 0.33735177
-0.05752806 -0.01656144 -0.00733824
-0.11457263 -0.14176254 -0.05608863
-0.06409219 -0.13460048 -0.19489799
-0.09312217 0.10370805 -0.15153122
-0.07170549 -0.07209598 0.00508345
-0.08225390 0.00521617 0.31741261
-0.09085289 -0.06825927 0.01870277
-0.10129577 0.15606052 0.16106659
-0.16569559 -0.05366872 -0.10024954
0.18399641 0.02484375 0.32756492
0.02663036 -0.06410538 0.10007319
0.14227182 0.12524346 -0.36435258
0.08621837 0.01687483 -0.35973358
0.17576911 0.09755716 -0.34142265
-0.15930581 -0.13141583 0.06535088
0.10889629 -0.00978420 -0.15186699
0.07978196 0.06318738 -0.32053772
-0.15335786 0.08168165 -0.21406789
-0.17850924 -0.03456936 0.19281887
-0.01419928 -0.01262736 0.19159202
0.18076798 -0.09402917 0.32322228
-0.13292602 0.11327941 -0.07875406
0.09179999 -0.02328895 -0.34197697
-0.16706944 -0.03872947 0.32502800
-0.07033225 -0.13551006 -0.30617616
0.04151523 -0.00822864 0.18937099
0.13278256 -0.10527113 0.35637283
-0.12019815 0.11415637 -0.35559261
-0.09124694 -0.08269224 0.37454101
-0.09242896 0.09589467 -0.32583103
-0.19048622 0.13397981 -0.28965437
-0.08808260 0.05978011 0.00724182
-0.19010341 0.06868956 0.20643087
-0.11100154 0.03872291 0.39100057
0.10326967 -0.01371615 0.13003370
0.00171508 -0.05772019 0.29713905
-0.16277105 0.09133717 0.16048743
0.00075286 -0.03639249 0.21105491
-0.05676945 -0.00482789 0.27790287
-0.12214343 0.08896522 0.40545011
-0.14605922 -0.13929188 0.15715380
-0.15020075 -0.05719704 -0.09188376
-0.18520004 0.09038064 -0.20999900
0.18496975 -0.00656898 0.29948723
-0.09298594 0.03252335 0.10002702
-0.13822934 0.08774400 0.26679435
-0.11811510 -0.02461003 -0.14390920
0.16229428 -0.08285102 -0.32139826
-0.09015608 0.01230939 -0.14842780
-0.18277784 -0.09041184 -0.32785010
-0.13724291 0.07278615 -0.03992993
-0.00902315 0.04633756 -0.25118023
-0.05274810 0.00752061 -0.08761970
0.05607193 -0.08331199 0.09758148
-0.17893673 -0.01485966 -0.18264709
0.13182180 -0.00489808 0.18748941
-0.11295121 -0.07840207 0.24620213
-0.18590210 0.03004284 -0.25321802
0.00560105 -0.01970982 0.01304135
-0.17102295 -0.11861715 -0.18301070
0.06662916 0.00287692 -0.36307016
-0.09295860 -0.10193048 0.16777299
-0.12550083 0.03479499 0.00096107
-0.00058496 -0.13223019 0.32527176
0.09844482 0.01788706 0.31777385
0.02588113 -0.00810824 0.02274361
-0.13716531 0.10065236 -0.15441863
0.02540343 -0.07166670 -0.21394873
-0.08210119 0.07415239 -0.06572412
-0.07750217 -0.08253439 -0.36170489
-0.12245836 0.16848180 0.18865144
0.18350630 0.02238241 -0.30098790
-0.16879429 0.12976860 -0.36315939
-0.18508148 -0.07549977 -0.29783103
0.09969826 -0.06978826 -0.07118609
0.04930208 -0.00556539 -0.23548681
0.18019256 -0.12096129 -0.01825766
-0.08828279 -0.06539183 0.20217542
-0.03584530 -0.00632577 -0.24526900
0.18800662 -0.09022770 0.17469266
-0.12259618 -0.10795529 0.35946748
0.17078203 -0.04152011 0.25459293
-0.01331437 0.05391173 0.32435489
-0.06399740 0.07920609 0.40655127
0.19442898 -0.06008925 -0.13712904
-0.06394649 -0.00784075 0.34839767
-0.17361218 -0.03528091 0.33825552
0.13047662 -0.06134196 -0.29198983
-0.17230374 0.03297354 -0.35977510
-0.05354740 -0.02474399 0.13523400
-0.18921912 0.10893958 -0.24938701
0.02979500 -0.06423884 0.20440888
0.03354882 -0.01505621 0.00535256
-0.08197282 0.04564042 -0.06319584
0.06381041 -0.13218990 -0.21686293
0.11377297 0.10699766 0.34394890
-0.05046326 -0.06193336 -0.36363164
-0.02134147 -0.09148916 0.09244712
0.18878886 -0.06502271 0.22718821
0.12220206 -0.04991174 -0.11461709
-0.13791262 -0.12812912 -0.06040885
-0.14664720 0.01704614 0.07982586
-0.13612446 -0.00036008 -0.22899792
-0.11319657 -0.02810492 -0.16963147
0.00501610 -0.02714718 -0.23375297
0.18523310 -0.01871260 -0.29236880
-0.07156196 0.12414625 0.38069960
-0.19638680 0.08818500 -0.28643799
-0.07777594 -0.00698644 -0.31052589
-0.15580232 -0.13999970 0.17847335
0.06271020 -0.05507744 0.26922396
-0.04817474 0.01505997 0.13590451
0.08218019 -0.04379902 -0.27225551
-0.09851696 0.12532531 0.21970123
0.16948661 -0.13920543 0.22483231
0.03156978 -0.06071847 0.08280583
0.18432148 -0.07683251 -0.11807662
-0.06725147 -0.02052041 0.18388397
-0.18281105 0.02218423 -0.03088503
0.10974169 -0.03751348 -0.09526253
-0.19299881 0.07022543 0.13415135
-0.04411187 -0.13739802 0.05018266
-0.17786254 0.03131939 -0.28195676
0.11048661 0.01802123 0.37538695
-0.08858153 0.05804142 0.27401656
0.14738664 -0.05148184 -0.36377645
-0.08469412 -0.01798368 -0.20544690
0.04870925 -0.06532962 -0.07839837
0.04457621 -0.13683450 0.17342708
0.03954673 -0.06015716 0.26154312
-0.07161263 0.09649886 0.40878078
-0.05864798 -0.07318358 -0.06955178
-0.13598154 0.03060863 0.19646390
-0.09784874 0.08258232 0.17122608
0.12582132 -0.13654929 -0.25657660
0.14440985 0.06229576 -0.38242859
0.15346888 -0.14136253 -0.24484301
0.18383887 0.00216137 0.34826028
-0.02554323 -0.02913203 -0.24066059
-0.00388254 -0.06392938 0.13906258
-0.19127089 0.10423567 -0.07033264
-0.08051371 -0.13611308 0.07457183
-0.06770931 0.02018290 -0.32466879
-0.09577975 0.00283267 -0.10712516
0.14506163 -0.00514576 -0.06820147
-0.16494551 0.11242820 0.00340644
-0.06576274 -0.02959205 -0.20870802
0.06905407 -0.01152169 0.07839553
-0.16551320 0.02212232 0.34228393
-0.11589529 -0.00706955 0.16363677
-0.02542830 -0.13591257 0.20517412
0.09335506 -0.00553822 -0.08794634
0.05070838 0.06010223 0.37499693
0.02591006 -0.13649012 0.21734543
0.12924522 0.10264329 -0.37175092
-0.11780407 -0.00635088 0.08997169
-0.18281887 0.03229921 -0.02822092
-0.17163488 0.09080993 -0.30084687
-0.17921811 -0.01376926 0.07514834
0.13047315 -0.03170413 -0.02895470
-0.18325666 -0.01755912 -0.20958707
-0.15936136 -0.13868426 -0.10525183
-0.17727120 -0.07090718 0.32576126
-0.14228608 -0.12676901 0.17833012
0.04065418 -0.04928351 -0.26581880
-0.09609301 -0.02811704 0.04918706
-0.02157242 -0.13859369 0.05501781
0.03209939 -0.08056720 0.03968614
-0.10443587 -0.13279951 -0.27131870
-0.13123152 0.00002802 0.28461763
-0.17756337 -0.08501331 0.14406590
-0.08467343 -0.01364718 -0.06330884
-0.13213764 0.14988782 0.04369296
0.13456234 -0.13392894 -0.35684189
-0.02439907 -0.07676272 -0.21780804
-0.12565258 -0.05106943 -0.36914614
-0.00302109 0.10439524 -0.35338172
0.01143559 0.07126142 0.32978714
-0.18392332 0.06422142 0.02625378
-0.10881111 -0.00330848 0.19490670
-0.17302236 -0.10237652 -0.19327536
-0.12128435 -0.13176672 0.20475246
-0.09714996 0.00729776 -0.36908802
-0.17924838 -0.11465144 0.24259616
0.15974006 -0.04204370 -0.31475487
-0.06828701 0.05363692 0.31017089
-0.16566525 0.15047917 -0.24338101
-0.16204119 0.12861875 0.24666195
-0.02247121 0.09637544 0.33699888
0.05107719 -0.01763030 0.24737237
0.12680990 -0.07135946 0.05243332
-0.15841630 -0.13334394 -0.10992517
0.07048458 -0.06534159 0.15671317
0.18422788 -0.07004901 -0.08690892
0.14194934 -0.08075368 0.23649576
-0.09513169 -0.07981179 0.19596927
-0.18928955 0.04371491 0.18500197
-0.06690425 -0.03218669 -0.36436817
0.11663963 -0.15493956 0.35028619
0.07569206 -0.07569787 0.35532779
-0.11948138 0.13618764 0.15530065
-0.15738581 -0.06921349 -0.27242973
0.07313813 -0.01242462 -0.22503555
-0.03305577 -0.14445466 -0.30170652
0.00082709 0.05046958 0.39031681
-0.10816605 -0.02967554 0.28228945
0.16674773 -0.14065707 -0.08632571
0.09109959 0.03855114 0.32127076
0.04644364 -0.01938547 -0.15227234
0.06311338 0.06640652 0.29422802
-0.05028398 -0.06567424 0.17979851
0.18614776 -0.11226137 -0.00271242
0.14295207 -0.06066275 -0.31390062
0.17207912 -0.02505976 0.28923517
-0.09995957 -0.00479634 -0.23939145
-0.05725133 -0.05581442 0.07172769
0.09786223 -0.07234349 -0.17308280
-0.02529964 -0.02109854 0.31537554
0.17946056 -0.13516608 0.14444202
0.16916753 0.11151458 0.40326375
0.18469390 -0.05745150 0.12159003
-0.04343128 -0.06471179 0.08098798
-0.04648978 0.07612750 0.31226453
-0.15225114 0.15571554 0.06007812
-0.02516466 0.10301053 0.40924370
-0.08010123 0.02916890 -0.04196930
-0.06616886 0.04809330 0.18740763
0.01187819 -0.02773337 -0.36411834
0.14343542 -0.13176981 0.21836632
0.00152542 -0.07135177 -0.35282156
0.17467806 -0.00301797 -0.33212447
0.10734573 -0.02553613 0.26201364
0.18256429 -0.07927964 -0.08141941
-0.04311828 -0.13956040 -0.10266480
-0.18269737 -0.01357631 -0.11639346
0.00279599 0.05334756 -0.39741641
0.00728352 -0.01254630 0.31871697
-0.12595710 0.01347160 -0.08167780
-0.16701095 -0.13483921 -0.07459544
-0.14738294 -0.01118610 -0.28122398
-0.11081609 -0.04402959 0.10304050
-0.13291559 0.12665820 -0.30833173
-0.16450292 0.10582669 0.32885984
-0.00482807 -0.01146886 0.17691401
0.08687971 -0.14856333 -0.32057044
-0.10467575 -0.15279555 0.33248621
-0.03788327 -0.03226423 0.37788501
-0.16816087 -0.06390142 0.35593620
-0.14885925 0.07250553 0.38831070
-0.08672994 0.10724895 -0.10607371
-0.15455703 0.16472961 -0.11859836
-0.17743802 -0.02273428 0.20854259
-0.04203524 -0.01606496 -0.35987836
0.02998986 -0.13485214 -0.22719330
-0.14272738 -0.05010658 0.29067212
-0.15017560 0.06994719 0.39741036
0.15569757 -0.14477299 0.12589377
-0.16592517 0.09944236 0.08201449
-0.17884815 -0.02519563 -0.13868944
0.15468407 -0.09301151 -0.36432973
-0.05065357 -0.05677084 -0.29488507
0.18432146 -0.07013321 -0.24709105
-0.17764522 -0.10141780 0.27531460
-0.08247139 0.08009015 0.27919304
-0.10841892 -0.13846113 0.27841595
-0.13568880 -0.13302632 0.12872985
0.18375507 -0.10886668 -0.00530982
-0.05336469 -0.05302524 -0.05426534
-0.01410411 -0.14589649 -0.30944157
-0.08253394 0.04694426 0.02477624
0.18420668 -0.08807601 0.09917065
0.06015528 0.01900351 -0.29544100
-0.08144478 0.03919197 -0.17065838
-0.15697958 0.12887257 0.14751792
0.09863982 0.00024554 -0.26655027
-0.03006520 -0.01431380 -0.20775893
-0.00201341 0.00379635 0.31865680
-0.13928193 0.10841302 0.30083302
-0.18549104 0.04871146 0.11983021
-0.11117184 0.03299342 -0.21031716
-0.09266847 -0.12684490 0.36470515
-0.05952895 -0.04735104 0.37434131
-0.10541690 0.16422337 -0.22370760
-0.11195236 -0.13554105 -0.06016617
0.02394018 -0.01123275 -0.24050543
-0.17136922 -0.10718727 -0.28374666
-0.18116307 0.07784578 -0.16667095
-0.08916490 0.09161251 0.00068196
-0.12326147 -0.00875724 0.13837667
-0.03008159 -0.00903495 0.09861790
-0.09077611 -0.03688514 0.10882351
0.14017791 -0.12987031 -0.21690616
-0.09914841 0.00240991 -0.23065549
0.13687649 0.01565847 0.31281742
0.05313610 -0.14578205 -0.28481203
-0.01434661 -0.11806313 -0.32354379
-0.17473876 0.13012095 -0.20146425
-0.18242025 -0.10255628 0.22804025
-0.10153347 -0.01309946 0.13950095
-0.18517026 0.03545013 0.16823544
-0.09699023 -0.14092326 -0.20191705
0.02158298 0.00493656 -0.31236061
-0.01531068 -0.01256656 -0.15541986
-0.09807920 0.06678132 -0.09404176
0.16419762 -0.05542050 0.14481995
-0.11933552 0.07244591 0.15730721
-0.02739274 -0.03564538 0.27201200
-0.11150784 -0.00324560 0.10780018
0.14622511 0.11603147 0.38263771
-0.11935855 -0.08879668 -0.30887371
-0.16970427 -0.12131492 -0.11877573
-0.14238730 0.16605762 0.07383689
0.15435998 -0.15376043 0.34866238
-0.11984456 -0.06255808 -0.11939396
0.15865897 -0.11638653 -0.00949660
-0.17370613 -0.07256167 0.07775952
