-0.17957883 0.16187011 0.29483408
-0.15691136 0.16837864 0.06309727
0.10051559 0.15482192 -0.35235152
0.07245494 0.17218152 -0.26750442
-0.13769093 0.16689534 -0.25880471
0.18571515 0.16177711 0.28651792
-0.04610002 0.16807148 -0.26408932
-0.05430381 0.16885708 -0.03372891
-0.16854443 0.16506475 -0.40547970
0.05349261 0.15078922 -0.32204551
-0.17029934 0.07560249 0.36980116
-0.15445341 -0.08862338 -0.29395431
0.17200840 0.12367248 -0.38946337
-0.18843594 0.15866072 -0.04137814
0.19789709 0.16136974 -0.11133312
0.08860788 0.16339891 -0.18022077
0.08814844 0.17273679 -0.43016037
-0.07222551 0.16161916 -0.28634337
0.18286139 0.05164148 0.28663966
-0.07917310 0.16270825 0.22757648
-0.10343158 0.16766760 -0.39589888
-0.16097309 0.04724077 -0.29467821
-0.17952418 0.16246967 0.35950249
0.04753509 0.16832723 0.07059744
-0.17083134 -0.01163027 -0.27369657
0.16635332 0.14388734 -0.41777036
0.10722952 0.16810878 -0.05464979
0.19749549 0.14735010 -0.08732138
0.00309525 0.16710743 -0.29370359
-0.17127834 0.15907611 -0.16712485
-0.09306332 0.16454242 -0.02322654
-0.08325852 0.16250011 -0.22533317
-0.19258055 0.15971319 -0.32930863
-0.13517001 0.15898742 0.17285366
-0.02473005 0.17064254 0.09968333
-0.18385372 -0.13286602 -0.27579331
0.18783414 0.02205798 0.29315802
0.08640784 0.13012777 -0.26880652
-0.00354230 0.16755897 -0.11530209
0.00998868 0.15431233 -0.01692303
-0.05806851 0.16809404 -0.35244954
0.15768786 0.07353725 -0.29775771
0.11740146 0.15249795 0.10611875
-0.06538711 0.16923241 0.42633596
-0.04634618 0.17155500 -0.03327481
0.14180490 0.16421437 0.32911408
-0.08395530 0.16536999 -0.25693801
-0.15708703 0.07472216 -0.30853003
0.18336295 0.09084450 -0.31307918
-0.07006602 0.16565220 0.00713677
0.09230597 0.15883422 -0.26063776
0.16693495 0.03893767 0.33891675
-0.19538024 0.16321850 -0.14803743
0.16686828 0.12625031 -0.29021412
0.11405369 0.16895112 -0.27671823
-0.00119303 0.16965151 -0.20523988
-0.02774351 0.16680555 -0.21914175
-0.09989639 0.15819845 0.16025105
0.17666195 0.15594471 0.23404640
-0.09314279 0.16861404 -0.20496336
0.13820887 0.16944605 -0.19842623
-0.15694265 0.05007482 0.28764087
0.11056299 0.16703926 0.02470602
0.19274636 0.16674383 -0.41457582
0.13357283 0.16991851 0.01693142
0.17997280 0.15569542 0.16954750
-0.03710745 0.17109202 -0.21014911
-0.01751242 0.16570067 0.38016662
0.14328077 0.12063219 -0.29682943
0.13196979 0.15355781 0.11644654
-0.01174656 0.16605243 0.05991365
0.06869770 0.17135692 -0.07559533
0.18487328 0.14753108 0.09914540
0.09800905 0.16482052 -0.43325070
0.09576829 0.17141011 0.37963566
0.11042485 0.17120229 -0.27310121
-0.15816882 0.02124686 0.27669406
-0.15374956 0.17191002 -0.09727854
0.08856184 0.16902186 0.01291124
-0.17811655 -0.05096516 0.26986653
0.13280071 0.16708754 -0.39234146
-0.07465760 0.16974021 -0.01506043
0.04963662 0.17155933 -0.26430711
-0.04679843 0.16271980 0.29810876
-0.15310705 0.03711511 0.29452050
-0.07458506 0.17137198 -0.43084148
0.07307091 0.16140518 -0.17805693
0.06374224 0.17105938 -0.19495559
0.04763011 0.17122813 0.32633606
0.14292395 0.15626061 -0.27302143
-0.14756598 0.17020096 0.05153740
-0.00462589 0.17134444 0.12035112
0.12153938 0.17032230 -0.20937926
0.05843104 0.15799497 -0.11921404
0.17925771 0.16559593 0.16667579
0.19734442 0.15755095 -0.37838736
0.19106156 0.16106337 -0.28309807
-0.13363111 0.17060490 -0.06542242
-0.01894427 0.15314870 -0.41051090
-0.02838716 0.15618387 -0.05776705
-0.18414912 0.14424248 0.26729858
0.11704423 0.16231067 -0.11088915
0.06342246 0.17176168 0.12754761
-0.03565199 0.16210285 -0.01442098
-0.03164550 0.17037433 -0.42939249
-0.01868302 0.15718764 0.22416256
-0.15294458 0.10655273 -0.31744283
0.14042290 0.15753831 -0.03453458
0.05860559 0.14618722 0.30507445
-0.08836143 0.16641821 -0.09450573
0.15780985 0.15867230 0.41693017
-0.11574616 0.16159558 0.16147307
-0.17530584 0.11257344 -0.24956647
0.18661773 -0.06385776 -0.28551322
-0.13914241 0.14883766 -0.19068110
0.16278096 0.16484502 0.07206079
-0.11142617 0.15069714 -0.26488650
-0.16617975 0.16829126 -0.20473361
-0.16124269 0.15966444 0.04867360
-0.15474536 0.16125394 0.29069117
0.03814758 0.15975390 -0.40226305
-0.17482787 0.09804145 0.25829023
-0.01910607 0.15723912 0.07967952
0.13388123 0.14290123 0.01047500
0.07911995 0.16615342 0.15084840
0.14137469 0.17178571 0.16583960
0.02824338 0.15771447 -0.02284432
0.15555875 0.09923282 0.33830673
-0.13865851 0.16974923 0.26532942
-0.16576315 0.14738345 0.32061148
0.19940007 0.16967788 0.23651323
-0.08692802 0.16830033 -0.10613321
-0.06540786 0.17037475 -0.06224690
-0.02021926 0.15823750 -0.33020076
-0.00809166 0.17169765 -0.23508270
-0.06471073 0.16748539 -0.15289125
0.13028137 0.15218866 -0.15353692
0.10841046 0.16702674 -0.40460441
-0.17948809 0.14687754 0.37283701
-0.10385528 0.15069483 -0.38909245
0.17509522 0.16218275 0.25899011
-0.17174089 -0.17988254 0.30906776
0.18269727 0.14669931 0.19084682
0.07620016 0.15842253 0.02536592
0.13107935 0.12175493 0.24739766
-0.13329655 0.15285568 -0.00670719
-0.02461375 0.16036311 0.00082088
0.07864805 0.17389019 0.27465099
-0.01822102 0.17377755 -0.36284214
-0.13919237 0.08048973 0.27908853
0.13946663 0.14977796 0.30671749
-0.13381836 0.16165353 -0.08237074
0.13694371 0.16451222 -0.42820188
-0.13430205 0.16620702 -0.39142647
-0.18803111 0.17151546 0.16422866
0.17159861 -0.17099468 -0.27463165
0.08793782 0.15675680 -0.34104836
0.09496327 0.16343185 -0.10147657
0.14145957 0.16922888 0.22621021
-0.01024302 0.15325396 0.18904977
-0.13566443 0.15155835 0.11172818
0.13980703 0.14680898 0.15701956
-0.04101792 0.16437797 -0.23081705
-0.12038469 0.17034659 -0.19565892
0.04539657 0.16893508 -0.04381718
-0.10915744 0.15928867 -0.37973258
-0.18443266 0.14645304 -0.36887103
0.16147628 -0.12732562 0.29030061
-0.17917077 0.14596687 0.40048033
-0.19106503 0.16813080 0.35325643
0.16770262 0.16675657 -0.42679715
0.07941683 0.16777082 -0.30974960
0.18509805 -0.13919373 -0.27655870
0.01938181 0.17030984 -0.39623302
0.16828619 -0.10574059 -0.25899762
0.13484998 0.17332906 -0.01512566
0.02972118 0.16179022 -0.05231620
0.15481983 0.16277328 0.35079515
-0.05924813 0.16839302 -0.32346064
0.18899852 0.17027201 -0.38490513
-0.02686186 0.14464389 -0.27879617
-0.16629666 0.16127469 -0.21387263
-0.08529899 0.16235806 -0.36005619
0.18740584 0.17037788 -0.17030469
0.15026338 0.16702965 0.26881832
0.15550661 0.15815935 0.11472270
0.05971405 0.16751224 -0.02635681
-0.16940659 0.15802145 -0.13619117
-0.15001547 0.16363755 -0.35680273
-0.13009788 0.16524369 -0.40843207
-0.02275086 0.16764489 0.37330702
0.10493547 0.16325893 -0.29781038
0.00906109 0.17011985 0.13561973
0.05881934 0.16970339 -0.37121901
0.18539605 -0.11655195 0.29457629
0.19210447 0.16307303 -0.06210384
0.13983554 0.15601778 0.05229831
0.15954903 0.14296211 0.07503596
0.05136420 0.16930436 0.14696456
-0.16288310 -0.08209492 0.29708317
-0.02484083 0.16310729 0.29431820
0.04386542 0.17196563 -0.12214529
-0.16237116 0.02820927 -0.29755148
0.07927161 0.14209329 0.26285356
-0.17537805 0.12260190 0.28991443
0.12119731 0.15212576 -0.23841506
0.18715344 0.16593073 0.33803993
-0.15360120 0.15900940 -0.17909500
0.12415691 0.16921231 -0.20292804
0.13436535 0.12781827 -0.33520567
-0.09415886 0.16893449 0.14596811
0.19166154 0.16918249 0.10704196
0.18454650 0.16855179 0.30575907
-0.10490309 0.17039467 -0.22407888
-0.14370713 0.12012228 -0.29708287
0.18776600 0.16229607 -0.12043298
-0.15224631 0.17021582 0.03493071
0.06491479 0.15672274 0.07910036
-0.05753879 0.16168377 0.14086805
-0.19302200 0.16656190 0.15722306
-0.16260526 0.14258057 0.09878140
0.07798726 0.17258109 0.05571851
-0.04588355 0.16655929 0.40340713
0.01593983 0.14810354 0.32434088
-0.15320504 -0.15198545 -0.28874803
-0.01041058 0.16029127 0.06269749
-0.07275048 0.16772345 0.39611101
0.10342917 0.16804323 0.00072422
-0.05771725 0.14933778 0.26905590
0.18089180 0.16687746 0.32641667
-0.13600014 0.15329371 0.38601857
0.04513131 0.15401617 0.14748801
-0.04301367 0.16712324 -0.08095468
0.00705139 0.16849758 -0.01488580
0.17792067 -0.05191085 0.28782514
-0.13027039 0.16828074 0.39789322
0.19068737 0.16582054 -0.14776421
-0.11478651 0.16760194 -0.07307487
0.17610055 0.16634358 -0.23921029
0.13841222 0.17248304 -0.10626902
-0.15799733 0.09889086 -0.30931431
0.19130106 0.16159385 -0.42052218
-0.17867216 0.15349318 -0.07010195
-0.13953358 0.17070307 0.33266518
0.19760285 0.16708782 0.33705023
-0.09093907 0.17090093 -0.27702695
0.07197633 0.17045009 -0.12102523
-0.12675819 0.16756262 -0.12540396
0.06596856 0.16455594 -0.42295954
0.19806845 0.16535275 0.18298368
-0.11923568 0.10627800 -0.30031475
-0.05838075 0.17058088 0.20678970
-0.14619325 0.16186060 -0.27707973
0.18980198 0.15861261 0.22457185
-0.14302798 -0.11249512 -0.29996628
0.18612227 0.16960350 0.17835654
-0.13611427 0.15555382 -0.22295229
0.15397350 0.16866614 -0.27795288
0.18718484 0.16757378 -0.10122802
0.10144182 0.17008723 -0.05149272
0.12621044 0.16527908 0.42487985
0.15353495 0.09404857 0.29972780
0.08870830 0.16887498 0.40616867
0.17137034 0.16492777 0.08782426
-0.07175091 0.16935457 -0.18203060
0.19601858 0.16233410 0.37146935
-0.15957576 0.17303208 0.23837863
-0.07090384 0.16215165 0.29748553
0.01578925 0.16204284 0.09428344
-0.15866427 0.14657497 -0.01864197
0.11679751 0.17041923 -0.00076293
0.14288037 0.13411713 0.25827950
0.09028937 0.16144870 -0.07588644
-0.13283490 0.16583538 0.02233569
0.10148496 0.17033918 0.18039876
-0.14004828 0.16276798 -0.32939368
0.15759505 0.11568557 -0.32827324
0.15052265 0.15211467 0.36851186
-0.08474483 0.15057935 -0.31149805
-0.15805233 0.16691335 -0.00375118
-0.09701341 0.17035970 0.13901722
-0.17172836 0.15289791 0.29858917
0.17851976 0.17232659 0.16947648
0.18644680 0.15712547 -0.24620196
0.17914081 0.16428979 -0.06971727
0.08908584 0.15690579 -0.33444667
0.01082817 0.15590501 -0.42307594
-0.16752768 0.15447734 0.11148498
-0.19548443 0.16596374 -0.15899527
-0.08730565 0.16668373 0.05055099
0.16772041 0.15272643 0.20867062
0.18973644 0.14711973 -0.29205224
0.03306643 0.15553845 -0.07160096
0.18396510 0.16532481 0.07983620
0.18504313 0.14728586 0.11075722
0.01147938 0.17433681 -0.09477898
-0.02916780 0.16665983 -0.40991992
-0.09008826 0.16237685 -0.12322260
-0.15908168 -0.13615984 0.28303978
0.19321953 0.16726023 0.29767293
-0.18980387 0.15919270 -0.35026196
-0.14624983 0.17345165 -0.22554654
-0.17916089 0.16649629 -0.23772624
0.15767924 0.16632582 0.29689178
0.06185844 0.16712558 -0.39969856
0.14479983 0.17187569 -0.34662145
-0.01858404 0.16236371 0.39136666
-0.14437759 0.16979219 -0.03028854
0.02184651 0.15856257 0.24586274
0.06398061 0.15580991 -0.18613882
-0.00184447 0.16271693 -0.19734922
0.04586304 0.16873507 -0.14412758
0.03025831 0.17143950 -0.00996067
0.00584712 0.16872337 0.17480668
-0.11848786 0.16489045 0.02001242
-0.13572477 0.11004423 -0.32836908
0.05667096 0.17437436 -0.15059939
0.18085691 0.16357158 -0.21297735
0.15387635 0.14398332 -0.30068445
-0.10687561 0.16348466 -0.39448166
-0.17642465 -0.14889839 0.28766766
-0.16775373 0.09437287 0.32749465
-0.00022374 0.15815696 0.02005413
-0.19473375 0.16600691 0.18633437
0.03521983 0.16081789 -0.29525062
-0.13827057 0.14821786 -0.41671869
-0.09733288 0.16406468 -0.02528731
0.00043457 0.16199248 -0.41048181
-0.14322627 0.14834820 -0.17619830
0.19606692 0.16482385 0.13633174
0.02441870 0.16136852 -0.20721453
0.19211115 0.16610982 0.25695500
-0.15847082 0.05620833 0.26475763
-0.15942040 0.02384022 0.29654720
0.15580772 0.01274160 0.27931061
-0.18954705 0.16870494 0.34093106
-0.18660940 0.17029788 0.09728192
0.07524355 0.16342026 0.07058327
-0.19080229 0.16385582 0.36511442
0.16820095 0.16563968 0.00769694
-0.09373205 0.16600433 -0.06794473
0.07188220 0.16676794 -0.16833043
0.20201096 0.17147055 0.25787067
-0.08874138 0.16833246 0.17652929
0.13529904 0.15389490 -0.08152155
0.14956935 0.16793159 -0.08043331
0.17388573 0.16341226 -0.12822205
0.12699424 0.17025800 0.02521877
-0.03753726 0.15991269 -0.25430423
0.19767456 0.16011491 0.19852646
-0.07220834 0.16006255 0.04131148
0.18935409 0.15681998 -0.27285990
-0.18922584 0.15566213 -0.27078688
-0.12614018 0.16567276 0.23767856
0.10786867 0.16943961 -0.41080734
0.03428886 0.16905133 -0.30541843
0.15793143 0.17390892 -0.00914661
-0.03399591 0.16977905 0.21348163
-0.15088525 0.15611303 0.37317991
0.16637412 0.04181519 0.27545679
0.04510652 0.15836647 0.02467582
-0.06457995 0.15431517 -0.20362565
-0.07453334 0.16684313 -0.34524685
-0.16160734 0.17241628 -0.35524538
0.11509354 0.16473916 0.38253769
0.17299178 0.16394851 -0.00317153
0.10853215 0.14589751 0.19927925
0.14404270 0.16618721 0.42083222
0.11790091 0.17107137 0.00923295
-0.07048940 0.16382365 -0.14578284
0.05631635 0.15888309 -0.06463893
-0.06188332 0.14142071 0.25248104
0.05258456 0.14480469 0.32728991
-0.14800809 -0.09690392 0.28430629
0.03503067 0.16794764 0.29080281
-0.02600506 0.16028367 0.19361971
-0.09988661 0.16104043 -0.16693817
0.19422597 0.15371364 -0.29908049
-0.12742142 0.17171338 -0.13932593
0.16224271 0.15568243 -0.31171519
0.19647796 0.16690874 0.22273067
-0.19583291 0.16770998 0.01557802
-0.19089137 0.15466473 0.15658723
0.16403472 0.05854427 0.34945169
-0.16453768 0.16306134 0.15349974
-0.17807242 0.14959982 -0.08943986
-0.17186001 0.10644508 0.32569969
0.12674193 0.16465491 -0.22816062
-0.14209953 0.16822831 0.04519502
0.15859690 0.03204869 -0.27475989
0.03214645 0.17128859 0.03333862
0.15212509 0.14488630 -0.29428157
0.16582637 0.16636290 0.28040507
0.18693848 0.16061643 -0.13306333
-0.19203694 0.16182902 0.37531725
-0.10820488 0.16963063 0.13366985
0.12114573 0.16179602 -0.23064058
0.05683548 0.15934727 0.15462270
0.08204366 0.15962571 -0.18985818
-0.16841255 0.04703683 -0.28399014
0.01170448 0.15832017 0.05538402
0.15802616 0.16797006 -0.05369216
0.16055512 0.16775192 -0.30252093
0.13509315 0.17267904 0.23215348
0.17060310 0.14890671 0.10296468
-0.09970817 0.16449670 -0.06317654
0.05432185 0.16771850 0.11813296
-0.05473009 0.16213271 -0.42208996
-0.02312590 0.17196149 -0.03621005
0.07633804 0.16167897 0.43020862
-0.06738840 0.17071097 0.33195722
0.08922093 0.16137849 -0.28556180
-0.05789752 0.16617313 -0.17305309
-0.03831714 0.15224090 -0.40652028
0.16554114 0.08073349 -0.38073465
-0.17677793 -0.03622957 0.29610613
-0.10940132 0.16020547 0.20019954
-0.08608076 0.17107931 -0.24890132
0.09716912 0.15529332 0.22752893
-0.14316873 0.15697443 -0.18175720
-0.04283189 0.15379892 -0.23773272
0.05975725 0.16135186 0.10366117
-0.17778847 0.15208825 -0.10822931
-0.13644055 0.16247474 0.35010573
0.04005529 0.16754428 -0.35747141
0.17488359 0.14357708 0.12572908
0.16913871 0.13568646 -0.29403633
0.16742164 0.13903147 -0.06409639
0.16322507 0.17000784 0.33012947
0.07556399 0.16657443 0.28401417
-0.15942147 0.16975334 -0.38432097
0.17628312 0.12711248 0.24670561
-0.13049233 0.14722736 0.41855401
-0.07151415 0.15600984 0.39381465
-0.17896837 0.16683242 -0.01467990
0.06867582 0.15110731 0.36705855
0.07826278 0.16912720 -0.18047266
0.18590346 -0.01247736 0.29573247
-0.04777795 0.16511351 -0.07742591
0.13365936 0.17521495 -0.32548580
-0.09950994 0.13845755 0.26228142
-0.09559706 0.15839975 0.21135661
-0.19366758 0.16678771 0.25314960
0.18904805 0.16865000 0.37669310
0.19187343 0.15470484 0.06632866
0.00019510 0.16646488 0.01733182
-0.14504869 0.12216915 0.31139350
0.05791259 0.16928205 0.34882540
0.15757342 0.16915630 0.04426868
-0.13630012 0.15577227 -0.19553280
0.09544624 0.16063629 -0.24802205
-0.01866555 0.17276877 -0.12722667
0.16580845 0.16831727 -0.11775565
-0.18657713 0.13382174 -0.41718510
-0.16144168 0.14670146 -0.05830111
-0.16399977 -0.17510448 -0.26623729
0.18205543 -0.07954596 0.26959708
0.14908099 0.17284335 -0.30050129
-0.08857668 0.16053766 -0.41560617
-0.00442686 0.17324464 -0.04021694
0.08745301 0.17317754 0.22545812
-0.14150062 0.16508605 -0.37734774
0.17039174 0.16615894 0.35893464
0.15660687 0.16415319 -0.07324025
0.12119763 0.14923759 -0.38905475
0.01478269 0.16497914 0.36716226
0.11025303 0.16899061 -0.14216335
-0.13459186 0.09338506 0.30146554
0.17323691 0.06347827 0.29626733
0.16191931 0.17423190 -0.43060908
0.01837947 0.14764345 0.38748354
0.14175846 0.12885134 0.08082150
-0.18349755 -0.16059175 -0.28131884
-0.13846746 0.17104542 0.13878904
-0.15427940 0.16371851 -0.20769984
0.09225799 0.15966523 -0.29823375
0.02964156 0.14103688 -0.30070260
-0.16018902 0.14037170 -0.04010288
0.14478923 0.16787463 -0.31119633
-0.02223203 0.14977609 0.37196377
-0.18218669 0.15931550 0.32453594
-0.02270465 0.16889371 -0.33385876
0.02873796 0.15547171 0.14375171
-0.13649583 0.14667173 0.17911512
-0.09934944 0.16837491 -0.26527655
-0.00885510 0.16442204 -0.41597515
-0.14222628 0.11503072 0.30733982
0.16980799 0.14508158 -0.06047844
0.17506845 0.16587889 -0.25234416
0.06221972 0.16890089 0.05289173
-0.13968976 0.16933133 0.23703073
-0.18853766 0.15692697 -0.07696002
0.18520762 0.16627410 -0.25687850
0.18628412 0.16691273 -0.19615708
0.19564882 0.15601721 0.38684219
-0.02532150 0.15863711 0.02474664
0.17325139 0.14335495 -0.02373995
0.17273752 0.15688357 -0.00614860
-0.08464792 0.17043799 0.19069991
-0.14188433 -0.02564511 -0.28019449
-0.08509992 0.16075091 0.18551910
-0.13476425 0.16489963 -0.38753825
-0.14536609 0.16074301 -0.27425900
-0.03382989 0.17025003 0.02378760
0.11887732 0.15596721 0.00020067
-0.06004257 0.17214072 -0.04001180
-0.17336379 -0.07674681 0.28420475
0.12998167 0.14889707 0.23591991
-0.17741150 -0.02437828 0.24872203
0.16783762 -0.13092567 0.30749121
0.04494622 0.15435950 -0.33935842
0.16153407 0.05230482 -0.29450801
-0.18031274 0.16249111 0.28414902
0.19569558 0.16805786 0.32036227
-0.13270019 0.15895844 0.36396429
0.11730438 0.16566867 0.04952764
0.09799765 0.15257046 -0.29709181
-0.12820637 0.16465372 -0.02682034
0.16085412 0.17236879 -0.11632686
-0.17953707 -0.02950123 -0.31090921
0.13550454 0.17000429 -0.33315304
0.05484461 0.17220324 -0.09318593
-0.02368131 0.16445872 -0.31970859
-0.18429860 0.15888645 -0.09493873
0.10951817 0.15866259 0.12841558
-0.02775854 0.15977427 0.01073187
0.11519900 0.16918652 0.29152167
0.17098391 0.17432667 -0.43031126
0.19403526 0.16581652 -0.25235128
0.11855336 0.15713798 -0.02373012
0.15692481 0.07992488 0.24831390
0.10217273 0.15481471 0.02513257
0.10691459 0.15846531 0.04772340
-0.15754825 0.17091472 -0.27725941
0.03407625 0.16610871 -0.33911553
-0.08326176 0.16870423 0.12580226
0.10407362 0.17081136 -0.29886669
0.18301669 -0.12857965 0.29033586
0.14847845 0.14738892 -0.25918314
0.14882848 0.15048788 -0.25186345
-0.14137708 0.08055804 -0.27124280
0.04658763 0.17101692 -0.21910405
0.03494245 0.16036204 0.13074119
-0.00456161 0.16853830 0.35034332
-0.04791655 0.16395609 0.23310252
-0.14483297 0.17126858 -0.34614795
-0.03349156 0.16616631 -0.26299605
-0.14940451 0.12325008 -0.30830765
0.03282633 0.15902606 -0.09225131
-0.00527402 0.16738549 -0.00785135
-0.00163470 0.16773355 -0.04530113
0.01298760 0.16794160 0.06684690
-0.12409911 0.16786423 -0.18328547
0.17956868 0.16610239 -0.05016853
0.16948304 0.07492723 -0.31617254
-0.02349353 0.15620992 -0.41829246
0.10517693 0.15898298 -0.18452464
-0.16549444 0.16268396 -0.06611992
0.00430309 0.16311835 -0.40319103
0.13062876 0.14733443 0.16586366
0.18612720 0.13307348 0.04143868
-0.12173072 0.15394112 -0.01986722
-0.08438999 0.16345382 -0.18480746
-0.18242563 0.01452949 0.31516743
-0.05213865 0.16106455 -0.29271650
-0.11258753 0.16540979 -0.12057908
0.14546905 0.16601127 0.42924383
-0.19386204 0.15697326 0.12964734
0.14180145 0.14685708 -0.11895595
-0.18487437 0.15547116 0.13889816
-0.15259904 0.17119962 0.31733394
-0.02793442 0.16960599 -0.29482353
-0.17315499 0.02902714 -0.30975837
0.16271725 0.12657300 -0.32318765
0.02000002 0.17232427 -0.05343858
0.14638625 0.15207599 0.33039829
0.15804997 0.16915779 -0.38599497
-0.13530608 0.17016715 0.32052138
0.17355005 0.13440728 0.36247396
0.18357766 0.16364947 -0.43273345
0.08811501 0.15982398 0.33395275
-0.16589631 0.16264553 -0.18227345
-0.17230554 0.12585564 0.30789155
0.00428372 0.17042412 0.36811787
0.18547550 -0.06542219 -0.31659007
0.10071757 0.16830198 -0.09286869
0.18273044 0.16415945 0.16607319
-0.06573811 0.13841775 0.28542507
0.10074352 0.16660027 0.27143547
-0.19700748 0.16688016 -0.23886803
0.14128752 0.16658656 0.05707012
0.05548864 0.17135023 -0.39238444
0.19861673 0.15983142 0.18041417
-0.08541811 0.17326562 0.12271279
-0.00228903 0.15618424 0.23243591
-0.12218558 0.16143417 0.31799197
-0.01868056 0.15042993 0.40318644
-0.14680903 0.12075411 0.30720359
-0.15640338 0.05835643 0.28266677
0.10681849 0.16916579 0.22394598
-0.18001194 0.17077522 0.19502699
0.07932730 0.16610187 -0.31394681
-0.08366156 0.16677259 -0.43190479
0.19167548 0.16530117 -0.40238518
0.19154085 0.16588548 -0.10785422
0.06367067 0.15081766 -0.16570726
-0.12137518 0.16802558 0.11067444
-0.01740068 0.16750322 -0.24549772
-0.18898705 -0.05399237 0.29277399
-0.15218422 0.11808099 -0.37652618
0.17309892 0.14076832 0.01404270
0.18629953 -0.09348141 -0.30315018
0.19515450 0.16219658 0.31055930
0.09951615 0.15045114 0.27891850
0.17793566 0.15915968 -0.31832105
0.18556519 0.16095304 0.07253554
0.19826670 0.16230063 0.07188290
-0.07225310 0.16945690 0.05228419
-0.05530230 0.16386659 -0.27654648
-0.17743045 -0.03393529 0.31406882
-0.17225423 0.15856525 -0.41701788
-0.03540725 0.16118328 0.23847523
-0.17991234 0.03081946 0.32095158
0.13777412 0.16978996 -0.12444019
-0.16656096 0.13965747 -0.31521156
-0.16679293 0.06788943 -0.28581053
0.14994131 0.15600021 -0.02434953
-0.00632628 0.15703616 0.10811885
0.06711184 0.15889773 -0.23464581
0.15897292 0.06140599 0.27499169
0.19495188 0.16351700 0.34378371
0.17790368 0.07963215 0.29098979
0.14949153 0.15964767 -0.08694395
0.08551537 0.15533072 0.23687042
-0.02221753 0.16964002 -0.40147275
0.11850876 0.12793994 -0.31622902
0.18854256 0.16459391 0.36899772
-0.05897216 0.15810074 0.20821530
-0.01474159 0.15196991 0.23201478
0.18207984 -0.11085246 0.29039928
-0.10569721 0.16029610 0.38468888
0.15990596 0.13178951 0.30396026
-0.11592324 0.16841672 0.39584365
0.12783730 0.16394067 -0.13204361
-0.16275200 0.14833081 0.18122798
0.04782890 0.15258127 -0.36089399
-0.14469269 0.17090105 0.34070113
0.20609944 0.17190328 0.38899750
-0.05743352 0.16371876 -0.42287794
-0.10220479 0.16859467 -0.14403781
0.15186502 -0.01618179 0.27814850
0.00851892 0.16156556 -0.29967344
0.12423304 0.14743866 0.18072765
0.06632262 0.16957884 -0.34263834
-0.17479205 0.14156213 -0.03393189
-0.05211007 0.16259518 -0.14680547
-0.00911246 0.15856725 -0.40927476
-0.17543396 -0.16516820 -0.27357599
-0.04657011 0.16600832 -0.07821918
0.10785908 0.16863002 -0.25981691
-0.18598124 0.05596282 0.31507266
0.17373459 -0.00868641 -0.29692081
0.12612972 0.13103020 0.30848435
-0.07928663 0.16760582 -0.25298297
0.17193183 0.14963344 0.42391708
0.06193726 0.16398272 0.15145421
0.11692286 0.15339042 0.37227610
-0.13678311 0.15859005 -0.05886976
0.08648835 0.17171797 -0.33527741
-0.16022971 0.07211607 -0.29778612
0.11044247 0.17302737 0.04330510
-0.16705051 0.01353122 -0.28360608
0.02859384 0.15391624 -0.02907499
-0.15365839 0.17039631 0.40842557
-0.02161773 0.14694901 -0.30256951
-0.01821278 0.16904369 0.03339792
-0.02056053 0.16805343 0.27157146
0.17991216 0.15122189 -0.13850176
-0.14829595 0.12834497 0.29074705
0.04436665 0.15526801 -0.32487893
0.13894001 0.15684241 -0.03255874
-0.12009442 0.15747234 -0.29378495
-0.05104595 0.16142757 0.38847592
0.12842691 0.16491012 -0.33068645
0.01988720 0.17156805 -0.17424427
0.12944086 0.15393293 0.10479458
0.14722095 0.17068575 0.25567418
-0.06394852 0.16188063 -0.21631150
-0.10287750 0.11479209 0.12239220
0.07558416 0.16283709 -0.11158259
0.17995386 0.16704404 -0.08271299
0.15061341 0.16580360 -0.28852862
0.16196293 0.16790737 0.09643118
0.17324054 0.17184041 0.05359085
0.09182934 0.14369661 -0.15742277
0.08197440 0.16094176 -0.36302900
-0.19781338 0.16587305 0.29104477
0.18306404 0.10478190 -0.26272354
0.11940827 0.15653116 -0.37575299
-0.14510974 0.01995079 -0.27937984
0.12780082 0.15298453 0.00906622
-0.11861541 0.16693859 0.03651094
-0.14532624 0.17193307 0.28420806
0.18512025 0.06630027 0.27193111
-0.19787997 0.16576678 0.10069133
-0.10862461 0.15198058 0.01653795
0.09253848 0.16896757 0.34615710
-0.05887040 0.14704606 -0.32350352
0.00732382 0.15699658 0.06180320
0.16802755 0.16722797 -0.40424803
-0.07977036 0.16417272 -0.00838848
0.19552341 0.15545408 0.09646403
0.19448639 0.16175796 0.01221529
-0.15826598 0.16183165 -0.22256494
0.17117900 -0.16031198 0.28213957
-0.04235267 0.15799141 0.42465115
-0.15842927 -0.12495881 0.30003986
0.18083403 0.12446366 -0.27053213
0.17497332 -0.13783287 -0.29030499
-0.17894357 0.15953465 0.28923252
-0.02624405 0.15849698 0.39239633
0.18015181 0.17147793 0.00803059
0.06526010 0.17099918 -0.37726241
-0.07203825 0.16592154 -0.35852143
-0.09224655 0.15124607 -0.39572954
0.17077373 0.17021345 0.41541731
0.19739769 0.04914103 -0.30698118
0.10167695 0.15921356 0.10960342
0.05175972 0.16571999 0.27177510
-0.17715669 0.13734014 -0.29031610
-0.18720718 0.16868263 -0.20031896
0.04752430 0.16064057 -0.19535516
0.16245939 0.15317112 -0.26959664
-0.11499368 0.16303514 -0.19302063
0.07349830 0.16132618 0.08754111
0.00032880 0.16146006 0.13249089
-0.18922091 0.15539263 -0.03449199
-0.07814019 0.16689196 0.35824269
0.08219245 0.15608171 -0.29564056
-0.19253372 0.16122420 0.39991036
-0.06330857 0.17450413 -0.11167202
-0.07463908 0.16565789 0.42775312
0.05487864 0.14775898 -0.27706119
0.16418953 0.10881607 -0.29616091
-0.08035713 0.16595906 0.25295901
-0.11865839 0.16795646 0.42233104
0.14673285 0.16996121 -0.14426745
-0.13504587 0.15812705 -0.26800787
0.18750487 0.14247152 -0.13559434
0.15649828 -0.16292804 0.28269774
-0.14197245 0.16905491 -0.32273734
0.09763128 0.13665049 -0.31649444
0.11665232 0.17133763 0.04265567
-0.14518209 0.13844079 0.27030802
-0.07629216 0.16594367 0.11236876
-0.03409346 0.17046449 0.30267379
0.18558060 -0.01491881 -0.27849984
-0.00974746 0.16663675 -0.01550757
0.09779027 0.16981310 -0.16994074
0.13805187 0.15273871 -0.31992379
-0.04014165 0.16149181 0.14883709
-0.18017633 0.16889423 -0.32661873
-0.13315956 0.12001964 0.27164289
0.18634897 0.09698141 -0.24805000
0.05470036 0.16830470 0.05427450
0.12319212 0.14385751 -0.30630183
0.08192384 0.15983999 0.06732906
-0.15133722 0.16739364 0.15293407
0.03280000 0.15439393 -0.22371115
-0.04970858 0.17101541 0.21245161
-0.02186815 0.15483162 0.30103976
0.15680034 0.12886979 0.38336918
-0.10747620 0.16835217 -0.32953620
-0.12595640 0.16710882 0.12178738
0.19726361 0.16962959 0.35830373
0.12256584 0.17166390 0.13337393
-0.10073503 0.16664141 -0.14796209
-0.14743800 0.11533219 0.27375895
-0.11684986 0.16409114 -0.40192726
0.01546112 0.16028310 -0.14520285
-0.04318246 0.16978760 0.33488047
-0.17147924 -0.17390993 0.28705105
0.15088703 0.10154893 -0.30050436
0.16896750 0.00958296 -0.28606647
0.13248475 0.17226391 -0.39585364
-0.00619441 0.16561013 0.42176801
-0.15909269 0.14766161 0.22955190
0.11753257 0.16240509 -0.20911899
-0.17932335 0.13863201 -0.36785778
-0.01447481 0.16903874 0.40719822
-0.01893139 0.16171451 -0.41029164
-0.13356428 0.16852564 0.01229728
-0.19270536 0.16907540 -0.14930579
0.12986079 0.17264861 0.13837633
-0.14777575 0.16406824 -0.43006977
-0.06461120 0.14339575 0.40751451
-0.16956906 -0.12969159 0.28970006
0.14390346 0.15665673 0.16281933
-0.15789501 0.14278747 0.31220672
-0.07838275 0.17083582 0.37235183
-0.02613179 0.16820839 -0.08509188
-0.17317057 0.14970547 -0.25604641
-0.10791552 0.16956495 -0.21432708
-0.13823082 0.14313902 -0.33900535
0.03877230 0.16688831 0.06542596
-0.17319463 -0.02741891 0.30482125
0.05362133 0.15877135 -0.22429116
0.00969639 0.16820700 0.34641108
0.00107693 0.16991779 -0.14442845
0.16114387 0.01354169 0.30937502
0.08918986 0.15223639 -0.30784220
-0.00083174 0.15988380 -0.20464057
-0.14507087 0.14549507 -0.36000457
-0.13209417 0.16689499 0.30986148
0.14501294 0.14572203 -0.28781840
-0.09991717 0.16959871 -0.30475891
-0.16670865 0.07785838 -0.26781812
-0.16067892 0.15203810 0.41672871
-0.02876236 0.15761662 -0.26043436
0.17745639 0.13917127 0.00504449
0.18744805 0.08347382 0.26640606
0.14410989 0.11436735 -0.31469700
0.13996826 0.16754769 -0.29377407
-0.16932940 -0.06798572 -0.28624067
0.09977452 0.16815478 -0.17149368
0.05524540 0.17230909 -0.07874541
-0.18335225 0.14168248 0.27947572
0.16155802 -0.12652688 -0.28615710
-0.03047030 0.15561824 0.13422967
0.08518623 0.17123102 0.22647011
0.03413312 0.16126086 -0.18240994
0.15900476 0.14873299 -0.14196762
0.13030177 0.16565110 0.03415417
0.16823213 0.15935832 -0.29538405
-0.07749131 0.15446082 -0.29712680
0.16140489 0.15639101 0.27411386
0.08545655 0.16981237 0.09255529
-0.18785991 -0.06755500 -0.30950630
0.06205364 0.17136884 0.24595469
-0.13982640 0.17047286 0.29104894
0.12936428 0.15499520 -0.39823654
-0.18243793 0.16716936 0.40739143
0.07170337 0.16778186 -0.00276288
0.17158395 0.16616327 -0.23894243
-0.11402369 0.16421638 -0.02936273
0.06714696 0.17082249 0.12966175
-0.02201039 0.17237785 0.18283324
-0.17516835 0.15934496 0.27162439
-0.00044572 0.16030978 0.02556553
-0.08386688 0.15839189 0.21287194
-0.18713439 0.17123431 0.30417815
-0.03983755 0.16205862 -0.33866596
-0.08338784 0.16322377 -0.01220191
-0.06049125 0.16852205 0.20026983
0.14330420 0.16702300 0.37765449
0.11397777 0.16356137 -0.43358368
-0.14062327 0.17082481 0.31502464
0.16591235 0.14177519 -0.14739044
-0.16957153 0.16223259 -0.30428311
-0.04767097 0.16274090 0.04773393
-0.19411163 0.16268021 0.02302393
0.13672447 0.15237544 0.37592623
-0.17090964 0.10480313 0.35929483
0.08315919 0.16720171 0.36277062
-0.18194786 0.16616577 -0.31665817
0.06283692 0.16986261 -0.21029985
-0.14708364 0.16894065 -0.26942614
0.09068650 0.16838714 0.14393343
0.09090053 0.16328306 -0.29923999
0.07034282 0.16507798 -0.24088249
0.17866734 0.13972490 -0.14956573
-0.18061671 0.17174743 -0.08088559
0.07998385 0.16920155 -0.11637827
0.07997773 0.15347224 0.00737449
0.06913378 0.17310974 0.07181909
-0.17799918 -0.04743175 0.32208347
0.10219314 0.16838707 0.18394387
0.13323067 0.09908322 -0.26627457
0.08575945 0.16037409 -0.19289699
0.15529098 0.10537950 -0.28843167
0.18991244 0.13530903 0.10585123
0.07022319 0.16808866 0.40116304
0.05632498 0.16902114 -0.00326524
-0.17386343 -0.10820838 -0.29807174
-0.15105325 0.15281628 -0.41133532
-0.18755227 0.14734806 -0.14655538
-0.01945963 0.16572322 -0.21107915
-0.16830844 -0.15284674 0.28561211
0.08860455 0.15271325 0.29860240
0.06560385 0.15377448 0.42149678
0.12694395 0.16269486 -0.15059641
0.13283965 0.17522876 0.39694318
-0.06485295 0.15711328 -0.41071972
0.11241499 0.16797306 0.15679976
-0.19501294 0.16662858 -0.31852186
0.11888763 0.15815307 -0.43355015
0.03380708 0.16198500 0.03992929
0.16681994 0.16208377 -0.10838835
-0.03029381 0.16808644 -0.42724311
0.05666235 0.17109832 0.05642809
0.14403483 0.16021647 -0.05052927
-0.14493661 0.16144133 -0.04985799
-0.12489603 0.16804034 -0.41322553
0.11571372 0.16087465 0.21339487
0.10874624 0.15511896 0.35708952
-0.12339109 0.16692393 -0.09698145
-0.07222152 0.15597208 -0.20202743
0.05903694 0.17023565 0.40853655
0.09652264 0.16916239 0.18620382
-0.14708117 0.16865140 -0.31567556
-0.03825158 0.16758268 -0.15012741
0.17240182 -0.08112165 -0.31094018
-0.05816465 0.16137415 -0.19691031
0.08276181 0.13801071 -0.30724797
0.17350349 -0.01845390 0.27503374
-0.15515758 0.14968462 -0.17892107
0.13065611 0.14659664 0.25520843
-0.17348562 0.06318397 -0.33596832
-0.11956143 0.15597147 -0.27961725
-0.01307813 0.16968895 0.34125751
0.04367797 0.16770828 0.36043522
0.19298790 0.15713257 0.24343616
0.19773595 0.16518763 0.22006407
-0.11658455 0.17216322 0.24745193
0.00121840 0.17019860 0.28074872
0.04112529 0.16685867 0.26057881
0.17019816 -0.12157416 -0.27704826
0.19340022 0.15254149 0.41580760
-0.13991907 0.13419719 0.21732374
-0.04916921 0.16970932 0.02870825
-0.17366962 0.10701843 0.33147791
-0.18166457 0.16548817 -0.24429195
-0.18596248 -0.12708999 -0.27141127
0.00549522 0.16470391 0.13077131
-0.02928213 0.17044146 -0.08051436
-0.02917322 0.14230469 0.36334464
0.15601556 0.16594796 0.24876809
-0.15926710 0.16652024 0.10824884
-0.11080317 0.17067534 -0.24717212
0.18617903 -0.04786785 0.27914089
-0.14187983 0.16633640 -0.17433368
0.12060574 0.12009180 -0.30544713
0.17313306 0.12491146 -0.28039876
-0.04358118 0.15333533 -0.33296731
-0.00481859 0.16488995 0.25516814
-0.16707239 0.16284749 0.42081678
-0.14889751 0.14978616 0.21842778
-0.10659361 0.17045355 0.09264542
-0.17389138 -0.01183980 0.31055269
-0.17964704 0.13357411 -0.21005310
0.20060359 0.16590752 0.38013101
-0.14077449 0.16817950 0.23797403
0.16481800 0.16453464 -0.02470383
-0.16832247 0.15143968 -0.23523116
-0.10109691 0.16501293 0.07574151
-0.03140120 0.16782083 -0.34453264
-0.17330553 0.09082351 -0.24716595
0.12379695 0.09249452 0.31563377
0.11095770 0.13027665 -0.31465909
0.18180992 0.16144320 0.26882145
-0.03983941 0.16666746 -0.17887054
0.15780576 0.14133117 -0.18362539
0.08615886 0.16558076 0.36584616
0.18035446 0.16471362 -0.14789179
-0.08805886 0.16793258 0.40442827
-0.19178000 0.16087784 -0.33208755
-0.17610069 -0.15465462 -0.28687775
0.09101577 0.16229384 -0.12097743
-0.07103451 0.16797855 -0.37995073
-0.06451135 0.17008796 0.08177940
0.15793878 0.16553883 -0.01180808
0.00039488 0.16087675 -0.16849446
0.16309604 0.15734029 0.42526269
-0.14284475 0.17310931 0.15550500
0.19415104 0.16692005 0.20321438
0.00685742 0.14493549 0.35426453
0.02972559 0.16260986 -0.24412861
-0.16160779 0.16193941 0.00967146
-0.14818312 0.16749257 0.38911349
0.00469290 0.15885194 -0.22109239
0.19008139 0.16368887 0.09183770
0.12359126 0.11115837 0.19163445
-0.00546672 0.16647264 -0.41250998
-0.16434331 0.00596518 -0.27277696
0.06870616 0.09151071 -0.28670594
0.10247377 0.16431774 0.42539617
0.04178914 0.16734588 0.28816128
-0.04437698 0.15137218 -0.20062327
-0.09500427 0.15794644 -0.25637585
-0.04517646 0.16334222 -0.00004354
-0.02149847 0.16192971 -0.21747163
0.04350363 0.16297415 -0.07991719
-0.19366741 0.15513282 0.17719491
0.11213277 0.13765788 0.29746407
-0.05037056 0.17046914 -0.17339349
0.08347826 0.17191707 0.32116529
0.04400571 0.15251455 0.40804794
0.03825264 0.16674556 0.24901178
-0.13753289 0.17117797 0.07460648
-0.16050772 0.09229957 -0.30134603
0.02991756 0.17005688 -0.28639582
-0.17015672 0.00261553 -0.28419605
0.09834994 0.13817811 0.25735009
0.04173784 0.15268523 0.06067952
-0.14304216 0.15797397 0.19666350
0.17472005 -0.07889397 -0.28988761
-0.15123326 0.17138435 -0.08325582
-0.11203165 0.17101686 0.12691167
-0.19054164 0.16486640 0.28404847
-0.04582551 0.17328349 -0.20512605
0.15896904 -0.15597685 0.30770290
-0.08319056 0.10724843 -0.16305789
0.19254720 0.13453370 0.31507981
0.15635015 0.10580023 0.28416687
0.19572063 0.15576500 0.33486098
0.17663139 0.11835159 0.30580387
-0.03151664 0.16530776 -0.12338743
-0.00975986 0.17008549 -0.27869618
-0.14972727 0.16729233 -0.40643850
0.02618141 0.16273586 0.21323979
0.04034505 0.16569126 -0.19184661
0.13831283 0.13936557 0.26763985
-0.08534758 0.16223940 0.23194593
0.17346182 -0.07430150 -0.29672086
