0.11502966 0.20533253 -0.03542096
-0.00605887 0.20454131 -0.01011018
0.13730067 0.20729569 0.08816072
0.10878677 0.21387202 0.30202511
-0.18297693 0.19972694 -0.37169689
-0.10685865 0.21737926 0.28769353
0.05705173 0.20784587 -0.17132258
0.12236337 0.20688742 0.22567421
-0.10320017 0.21297793 -0.10012083
-0.19188941 0.19971009 -0.22267404
-0.20311782 0.20259522 -0.17918935
-0.20158227 0.21043000 0.24824969
0.09820382 0.20248832 0.23130351
-0.13508753 0.20918317 0.32381421
-0.13910326 0.21367970 -0.16376609
0.12052639 0.21070024 -0.20010141
-0.08586495 0.21007960 -0.07287288
0.16174923 0.21167485 -0.02484488
0.17911005 0.20176727 0.24444270
0.07192032 0.21044448 0.12887745
-0.18639429 0.21237338 -0.40482330
0.13289131 0.21002577 0.06503146
0.04574817 0.20900835 -0.35160592
0.08855249 0.21420322 0.31928721
-0.11862583 0.21272685 -0.19765490
-0.02800422 0.21528973 0.03795186
-0.13184798 0.21506841 -0.26252943
0.17648426 0.20384213 0.08570700
0.09466917 0.20827737 -0.30860525
-0.06773388 0.21394899 0.07896857
0.01020647 0.19950490 -0.03937977
0.00880655 0.21260399 -0.26531559
0.16798629 0.11121137 0.37814134
0.13352956 0.20170687 -0.18128300
-0.15181527 0.19943833 0.36507189
-0.17672305 0.21352229 0.02049000
0.01341143 0.18593612 0.38217711
-0.19995062 0.21238033 -0.14729275
-0.03944641 0.21019377 -0.13552861
-0.08337809 0.20948200 -0.06816191
0.04837663 0.16063201 -0.38908842
-0.12340881 0.21215934 0.21355441
-0.07712851 0.20289923 -0.03704523
-0.12434471 0.21459673 0.23678584
-0.01276373 0.20517150 -0.26243114
-0.11139060 0.21436939 0.03968648
0.15204057 0.17980298 0.04770672
0.07057855 0.21476778 0.33032221
0.09018775 0.21476589 0.37978873
-0.08572201 0.20460339 0.05456123
0.02988062 0.20005128 0.25036851
-0.07382162 0.20745802 -0.24026442
-0.02291746 0.19378307 0.37399626
-0.11870235 0.21060398 0.22901511
-0.07043140 0.20701966 -0.23921637
-0.12399670 0.20558526 0.22816986
-0.15761846 0.00873549 0.37772289
0.06494311 0.20870830 0.23764060
-0.03697381 0.20920151 -0.00171729
0.19196199 0.19072382 0.39146557
0.15317895 0.21316609 0.33596766
0.11328825 0.20056097 -0.09688073
0.17287195 0.19189849 0.13320428
-0.16234216 0.20585763 0.15217279
-0.03787299 0.18881483 0.37474400
-0.11291767 0.21397066 -0.14488174
-0.17284693 0.19538011 0.16978575
-0.18416081 0.21577859 0.38182589
-0.11732327 0.20849282 0.40299037
-0.15575899 -0.08516644 -0.38756263
0.10013942 0.20755622 0.16066553
-0.16303302 0.19666922 -0.38432035
-0.03141091 0.21657249 -0.27586740
-0.11617997 0.21326858 0.27061272
0.18808793 0.19394933 -0.02697770
0.17574795 -0.05354197 0.38684094
0.00517850 0.20233569 0.19303116
-0.03671034 0.20447932 -0.26078498
0.13390571 0.19990300 0.14948204
-0.13830495 0.20580676 -0.01741571
0.06848046 0.20701496 0.25707018
-0.18029673 0.21117306 -0.27792186
0.02900791 0.21059284 -0.26589042
0.13713874 0.10231114 -0.38435045
-0.06578247 0.21298565 -0.17408779
0.14842847 0.16901726 -0.37193510
-0.04258917 0.21254359 -0.02951764
-0.16052209 0.20083691 -0.22808845
0.01514002 0.20192350 -0.09393124
0.14073581 0.19880831 -0.12372599
0.03319857 0.20519337 0.29152983
0.11944057 0.21189795 0.11121657
-0.11180988 0.21173573 -0.08304533
0.17318089 -0.14073941 0.37661114
-0.20169421 0.20781584 -0.23741086
-0.19561151 0.20227072 0.09471226
-0.14852712 0.20510122 -0.38387731
0.02535572 0.20244151 0.33424976
0.04508049 0.20626655 0.09999976
-0.13647017 0.21429479 -0.21994747
0.14433207 0.20345969 0.37894070
0.12399259 0.19971414 0.29651630
0.14776947 0.20061924 0.13359028
0.14911133 -0.06389452 -0.38224924
-0.09624269 0.21295519 0.17998846
0.13608965 0.20196457 0.34899628
0.14588620 -0.13219556 -0.38403031
-0.14384502 0.20423570 -0.25146642
-0.18784463 0.20207082 -0.15110274
0.07786916 0.20877428 -0.08748424
-0.17181484 0.21283183 -0.14745778
-0.14285214 0.19850993 0.35973716
0.05558603 0.19756441 -0.33496070
0.17608736 0.20256515 0.00990537
-0.12442300 0.21597032 -0.10352860
-0.02030503 0.20316423 0.09915753
0.12427863 0.19261850 0.37047580
0.00266717 0.20384789 0.06892866
-0.11640172 0.20854813 -0.40625405
0.02685210 0.21026334 0.09563561
0.18112834 0.21085393 -0.27285579
0.18430683 0.11596221 -0.38638893
-0.19952127 0.21303770 -0.05336637
0.16656348 0.21027334 0.14500979
0.02813240 0.20906468 -0.28469589
-0.10734729 0.20968592 0.01042961
0.14905643 0.20194891 0.16552159
-0.18315178 0.20468768 -0.39098543
-0.02478107 0.19891247 -0.38945684
0.04902759 0.19948280 0.40206283
-0.11182639 0.21508561 -0.03949234
0.18177754 0.19574142 0.09560561
0.10737569 0.20900452 -0.27539036
0.10405821 0.21005587 -0.24572909
-0.12896332 0.20580705 0.15598738
0.11847392 0.16705246 0.34341857
0.15191816 0.14901485 0.38772723
0.06558372 0.21259490 -0.32361802
-0.14189093 0.21212000 0.19627297
-0.17450267 0.21366256 -0.27864176
-0.01892747 0.21360356 -0.32860461
-0.17729546 0.18701443 -0.32262886
-0.13162547 0.20043282 -0.15899907
-0.00761514 0.20266867 0.07673959
0.18818870 -0.20750751 0.37608257
-0.02817395 0.21300538 0.23445898
0.18463464 0.20911962 -0.05836902
-0.08353847 0.20659049 0.27389011
0.09642562 0.21246320 -0.35318065
-0.20518646 0.21303228 -0.25492671
0.14710964 -0.10932990 -0.38531202
-0.16195056 -0.14292917 -0.38099846
-0.11640415 0.21040553 0.22515652
0.16010313 -0.03833219 -0.37468919
0.04455825 0.21356125 0.16001570
-0.12725689 0.20929168 -0.32729387
0.13994965 0.18574394 0.15305905
0.16074139 0.19621789 0.16804181
-0.03316903 0.20300847 0.13541783
0.16165258 0.20863342 -0.18542227
0.14426182 0.20950486 -0.27180392
0.04067342 0.21510652 -0.35869396
0.03133802 0.21290728 0.32436264
-0.19535953 0.20238757 -0.38718465
-0.15416625 0.21280843 -0.07551809
-0.02779400 0.20661359 -0.19641323
-0.17261983 0.07670303 0.38119903
0.11747967 0.20210250 0.26794893
-0.01933885 0.21270859 -0.35298890
-0.18773237 0.20017605 0.13942319
-0.18390170 0.20404582 0.14976019
-0.10646658 0.20852429 0.15783608
-0.08799610 0.20570497 0.09578437
-0.19356963 0.20978102 -0.04192625
0.06734557 0.20883845 -0.40469125
0.08206861 0.21236968 -0.27520272
0.05052218 0.20806691 -0.24971391
0.15361762 0.01059316 -0.37767762
-0.15954071 0.20945513 -0.26547316
-0.15764438 -0.07267120 0.36617562
-0.08338974 0.20580840 0.11819519
-0.18492815 -0.16424921 -0.38159686
-0.14842254 0.20593029 0.38784742
0.18481295 -0.14389533 0.37896937
0.18659188 0.20836936 0.07957909
0.19305187 0.20455188 0.39293265
-0.16404144 0.10691974 -0.38846734
-0.14660069 0.21253255 -0.01571370
0.05988144 0.21202315 0.19177470
-0.16314487 0.21336068 0.40918741
0.16311786 0.20113437 0.20837234
-0.08437083 0.20672745 0.09748391
0.11647430 0.20956437 -0.16107202
0.04082470 0.20365100 0.35332948
-0.15903497 0.20910113 -0.34809169
0.06291297 0.20282303 0.14844193
0.17172834 0.19966181 0.26715964
0.15505308 0.20958230 -0.18731195
0.08335061 0.21105468 -0.37228137
0.04976654 0.21277909 0.06221793
-0.06009161 0.20972842 0.09435232
0.16838728 0.21078402 0.11257868
-0.10935728 0.21576764 0.32866865
-0.10984194 0.20209253 -0.18608683
-0.15807094 0.19770041 -0.27374709
-0.16446984 0.20599036 0.14491250
-0.17513743 0.13817658 0.37423635
0.16598925 0.20784843 0.33173433
-0.15036257 -0.00265395 0.38151148
-0.15549541 0.20141749 0.32750395
0.16296770 0.05162900 0.37675703
-0.12808631 0.20553200 -0.37043166
-0.08873039 0.21223490 0.16296522
-0.08695240 0.19466160 0.36904070
0.06322742 0.20828500 0.02234122
0.07597720 0.21090016 -0.25375575
0.19528268 0.20163283 0.16717957
-0.03975895 0.21379860 0.35067093
-0.13608624 0.20069437 0.37932089
0.06295959 0.20563880 -0.05352613
0.13505025 0.20820208 0.09682721
-0.17264321 0.13530463 -0.39241511
0.00580941 0.20871641 -0.22517145
-0.16276361 -0.06446971 -0.36514774
-0.09189441 0.20825483 -0.21316880
0.17971845 0.06472079 0.37955236
-0.00845816 0.20253465 0.11124789
-0.01695833 0.21411319 -0.35179704
-0.17215039 -0.08632934 -0.38091022
-0.10664963 0.21086502 0.30944628
-0.12699178 0.21201113 -0.21667419
-0.13072951 0.21272063 -0.18446994
0.17747340 0.21579289 0.11253786
0.11193997 0.21202534 -0.23039447
-0.19999263 0.21274766 0.26484400
0.17042585 0.20244411 0.05307178
-0.11577230 0.21090090 0.01930795
-0.18168595 0.21537793 -0.26192972
-0.16863959 -0.02780683 0.37693393
0.05468936 0.19992624 0.01546171
-0.18429430 -0.02393174 0.37403387
0.17524467 -0.00241450 -0.38140255
-0.15198617 0.21018951 0.12121710
0.19431433 0.20617184 0.36772525
-0.08740480 0.21613561 -0.32212651
-0.10638352 0.20910437 0.21174178
-0.20112360 0.21273685 -0.17981471
0.03089125 0.20134301 0.14458945
-0.14321859 0.21675907 -0.00653208
0.00659626 0.21303084 -0.10927017
-0.02907461 0.21123607 -0.18775961
-0.02827018 0.21191774 0.05048842
-0.16651331 0.18072607 -0.35051703
0.11662748 -0.13657376 -0.37335065
0.13627306 0.20394620 0.38033855
0.04141370 0.19520225 0.22845905
0.02221653 0.19861083 0.39190772
0.05283175 0.21328735 0.16891688
-0.02169746 0.20886908 -0.15779516
0.04099701 0.20848402 0.04178522
-0.15273213 0.21295249 -0.11755139
0.10683921 0.21183079 -0.15806149
0.16732424 0.21662475 0.36874852
-0.11703483 0.21365546 0.05707304
0.01429790 0.21033318 -0.15833975
0.02613541 0.20951912 -0.07646273
-0.16344686 0.21508178 0.28611648
0.08684113 0.21267441 -0.23086451
0.07774086 0.20288289 0.02508310
-0.15831536 0.20406516 0.28025904
0.19600901 0.21253501 0.32923728
-0.12232651 0.19308765 0.38258469
-0.17133552 -0.15496016 -0.37807691
0.15873878 0.20134340 -0.05688646
-0.20201051 0.21031694 -0.15087181
-0.19492975 0.21163009 -0.19340919
0.18244790 0.12779887 -0.38092345
0.15067975 0.06416461 0.38844129
-0.19839227 0.20664960 -0.25085917
-0.04956073 0.20767957 -0.08102134
0.00697325 0.20396993 0.22602856
0.17986193 0.09180224 -0.38702148
-0.03688381 0.20429218 -0.26859805
-0.11167270 0.20243461 0.24042222
-0.14485005 0.19212601 -0.17000274
-0.09105530 0.21142086 -0.37594172
0.17919067 -0.19100477 0.36988345
-0.01126914 0.19928062 -0.03485011
-0.02539343 0.21119753 0.15194297
-0.00165707 0.21182880 0.21717769
0.14095517 0.21280803 -0.09859568
-0.15224420 0.20604160 0.35196796
0.00349107 0.21097738 0.39979756
0.06301787 0.20267195 0.32063025
0.04640650 0.17829199 0.37913039
0.09128851 0.20770633 -0.16497263
0.06145862 0.20785813 -0.24704640
0.02194335 0.21317664 -0.07562725
-0.09424950 0.18600710 0.37603581
-0.00820147 0.21517962 -0.05489767
-0.15617089 -0.17662741 0.38305056
0.13497391 0.21050577 0.28794542
-0.06367438 0.21053386 -0.13688049
-0.03047043 0.21077469 0.28378057
-0.05390397 0.21580972 0.17305475
0.00382298 0.21341611 0.15529011
-0.11603878 0.20335656 0.30890253
-0.14848857 0.19087505 -0.06324340
-0.04107407 0.21169783 0.13141796
-0.15351035 0.19338743 -0.38633007
-0.20558757 0.20842576 0.31279045
-0.17362277 0.13030663 0.37781465
-0.05942843 0.21029191 -0.21738502
-0.13635880 0.20961854 0.30085140
-0.09029794 0.21260290 0.17247719
-0.18309242 0.14336494 0.37440073
0.07575504 0.20680372 0.20213050
0.18127790 0.19463405 -0.06885768
0.08047467 0.20877337 0.19740795
0.20374538 0.20458321 -0.25252098
-0.01320270 0.20984085 0.00220430
-0.14831038 0.21506633 0.36655509
-0.07580270 0.21276651 -0.02801375
0.08550760 0.21121599 -0.19817492
-0.19371495 0.19570160 0.35118610
0.18777254 0.19159746 -0.35949996
0.13617374 0.20621838 0.12909284
-0.13280782 0.20125683 -0.30976713
0.19901711 0.20491242 -0.38346529
-0.17862277 0.19931343 0.09992364
-0.11499544 0.20954856 -0.30660671
-0.00978777 0.20130488 -0.05105920
0.15708283 0.02809158 -0.38572732
-0.16063055 -0.02083028 0.36830536
0.04216382 0.21044105 0.14869003
-0.05485232 0.20956707 -0.01769230
0.04971913 0.20420127 -0.18664998
-0.17749985 -0.18508726 -0.37833992
-0.18243106 0.21763685 0.29159194
0.03191859 0.20443855 0.04321249
0.14962281 0.20964031 -0.37138247
-0.10816319 0.21310386 -0.19187042
-0.14444278 0.21196538 0.08798534
0.06797915 0.20463194 -0.25149351
0.11694013 0.21344455 0.01427139
0.08121707 0.20759916 0.02208011
-0.14271453 0.20369555 -0.34081778
-0.17981461 0.21119756 0.30833280
-0.15908210 0.18898748 -0.14750040
0.07819745 0.21006443 0.01546821
-0.12198704 0.20484987 -0.31852707
-0.08545345 0.19869646 -0.08366484
0.19469532 0.20398214 0.01306830
0.12441693 0.21333262 0.39541027
-0.16808395 0.20254615 0.31888157
-0.11697681 0.19905224 0.18781009
-0.12821347 0.19286075 -0.35378957
0.04173218 0.21190074 -0.10556178
-0.17265971 0.08202925 -0.37248549
-0.19275899 0.20102930 0.11524791
-0.12458384 0.20449196 -0.40342909
-0.13562714 0.21135890 -0.40525341
0.17444727 0.21126223 0.37203172
0.02278780 0.21686308 0.27079207
-0.15486294 0.21180543 -0.22418308
-0.09287883 0.20806693 0.40403003
0.00381726 0.21295220 -0.19094208
-0.13158035 0.21228226 0.25660142
0.17989838 0.18069682 0.22315925
-0.04871933 0.21294050 0.10252889
0.00104490 0.21600947 0.11878383
0.16294593 0.19835845 0.33669358
-0.16014753 0.07168214 -0.38185218
0.16451195 0.16658887 0.34158999
-0.18393834 0.21182016 0.33518684
-0.16330166 0.18803138 0.28538370
0.11798807 0.21148227 0.30267310
0.14898342 0.21358691 0.38458431
-0.17163318 0.19812261 -0.16777733
-0.16668133 0.21328864 0.16994311
0.14382458 -0.09360828 -0.35515454
-0.12166162 0.20604724 -0.15519625
0.07344718 0.21056622 0.24045843
-0.16969526 0.21008383 -0.34158814
0.02413911 0.21070082 0.23834065
0.00624919 0.21189258 -0.23870927
0.16120660 0.21203265 0.22727525
0.09519507 0.19888960 -0.16861032
-0.14248878 0.20661232 -0.37176397
0.13961287 0.20179133 0.01320083
-0.06891875 0.21187879 -0.22573474
0.01644905 0.20623413 -0.19950056
0.05176490 0.18629062 0.38350803
-0.05710546 0.20896572 -0.12128922
-0.15507758 0.21531241 -0.12390973
-0.05548588 0.20258167 0.24543676
0.17419849 0.21218565 -0.12659195
0.16771615 0.20376496 0.37412718
0.16410226 0.19282010 -0.10219183
0.17066893 0.02106318 0.38462380
0.18195081 0.20916608 -0.33232164
-0.14267759 0.21359386 -0.20789260
0.09743240 0.21226303 0.32196593
0.12884027 0.20566803 -0.11781772
-0.19395445 0.20524597 0.40871441
-0.18057150 0.19746411 -0.15129848
0.17619547 0.20189270 0.10631867
-0.13748042 0.21223713 0.02568584
0.15650000 0.03667819 0.37389082
0.05301178 0.21584287 -0.31532609
0.15462035 -0.10528952 -0.38504404
-0.18683219 0.21416016 0.20031747
0.11018185 0.20148958 0.02787362
0.14722335 0.20585558 0.10865496
0.01443164 0.19912569 0.25920701
0.19324562 0.19863689 0.19892788
0.04993585 0.20788148 0.01616167
-0.08671454 0.21242321 -0.10786932
-0.12478156 0.19730489 -0.37715536
-0.12573476 0.21293554 -0.12887627
0.20367831 0.20320597 0.15910150
-0.18444319 0.21427006 0.12043556
-0.15514334 0.19808044 0.38997155
-0.01915000 0.20893534 0.14608467
-0.15973866 -0.04968747 0.37759867
-0.17567806 0.15975669 0.36420676
-0.16955189 0.20350939 -0.07299997
-0.08389083 0.21513724 -0.27225536
0.09667049 0.21038385 -0.00922074
0.03069025 0.19995680 -0.16957909
0.10556027 0.21030724 -0.15941507
0.00946030 0.20941341 0.29375550
0.07976665 0.19680065 0.20278051
-0.03855162 0.21399546 0.18826509
0.16300723 0.20967242 0.19361340
0.02867380 0.20082334 0.07520206
-0.11874402 0.20881140 -0.08050448
0.08138852 0.19518133 0.21670114
0.12418367 0.18455245 0.18957758
0.19563632 0.19842389 -0.38058463
-0.12030538 0.19502686 -0.38244390
0.15534605 0.20782726 -0.18679947
0.20026517 0.20271069 -0.33057594
-0.16481340 0.21412382 0.16904750
0.12667775 0.19857126 -0.17058587
-0.07093143 0.20098533 0.39442024
0.00475436 0.21142916 0.12520476
0.14354934 -0.18956733 -0.37678733
-0.02650557 0.20039597 0.08521793
0.19541101 0.21390094 -0.39809099
-0.14581949 0.10841057 0.36744115
0.10969903 0.20265488 -0.02333107
-0.02660094 0.20532580 0.03386491
-0.15045325 0.20762041 0.09676573
-0.17831239 -0.17016894 -0.38095641
-0.04415469 0.20294032 0.20302451
-0.00905564 0.20099756 0.11424433
-0.05333768 0.20671615 -0.02726694
-0.09493664 0.21446241 0.37575543
-0.15609585 0.08234863 -0.37309912
-0.17347346 0.04140184 -0.37658590
-0.07420848 0.21054225 -0.17559056
-0.04047963 0.21418224 0.18760125
-0.03921180 0.20608418 -0.14460786
-0.17856342 0.20318745 0.02386270
-0.10471167 0.20437159 -0.26138538
-0.16999190 0.21377234 -0.02961717
-0.19866893 0.21297218 -0.21836783
0.06119285 0.18415518 0.38149861
-0.16513562 0.19694072 -0.35293317
0.12778136 -0.10935585 -0.38430747
0.16672125 0.01185977 -0.38184530
0.09235200 0.20505671 -0.01627960
0.05257178 0.20926639 0.02809695
0.20136513 0.20468572 0.21445973
-0.00069030 0.20311441 0.25104412
0.12705064 0.20989852 -0.28579980
-0.17644672 -0.03186072 0.38192540
-0.13842924 0.18856055 -0.32085967
0.18418464 0.21243867 0.03903445
0.05473426 0.21365909 -0.28721762
-0.18526924 0.18951996 0.34305415
-0.05132253 0.21553592 -0.33682603
-0.17149939 0.20695758 0.18218520
-0.03367001 0.19701827 -0.34802908
0.14367694 0.19960749 -0.21403834
0.17503013 0.21568930 0.34464604
0.06436135 0.20332284 -0.13628250
0.12573656 0.21186297 -0.12939700
-0.16400367 0.08798812 -0.38558722
-0.01110244 0.20701672 -0.20378384
-0.04137398 0.21078999 -0.16009569
-0.19026113 0.18684071 0.36586577
-0.16386394 0.15373895 -0.36844432
0.17133710 0.09688757 0.37558225
0.10293289 0.20746209 0.39073408
-0.16118516 -0.16513015 0.37418616
0.13676155 0.06558371 -0.38338310
0.15790997 -0.19153546 0.38465181
0.19882591 0.21186528 0.02107403
-0.06749739 0.19513409 -0.37087947
0.15228814 0.19031437 0.21645537
-0.04638107 0.21267599 -0.27938694
-0.14735377 0.17643835 0.35934535
0.12414896 0.21125200 0.16977619
-0.01604927 0.20769130 -0.40780810
-0.02053423 0.20833749 0.04223816
0.02870080 0.21197921 0.20417991
-0.17788573 -0.09065543 0.37432635
-0.12448923 0.21364327 0.33503741
-0.20105222 0.21240829 0.28056553
-0.15541291 -0.20871101 0.38206175
-0.19468501 0.20107476 -0.22802165
0.19620451 0.21120636 0.37958983
0.08273075 0.20903808 -0.24380624
-0.15991636 -0.21315129 -0.38782007
-0.16006596 0.20848109 0.33224535
-0.15987214 0.20218650 -0.10461622
0.07260547 0.20133486 -0.28198001
-0.03751465 0.20630443 -0.13707112
0.15349840 0.16649029 -0.17500091
-0.03053299 0.21477152 0.18739586
0.05283781 0.21141869 -0.19081509
-0.09874661 0.20061851 -0.13752516
0.11004712 0.19608459 -0.38402542
0.04097938 0.20380829 -0.30185157
-0.17830975 0.19693829 0.28660470
0.15172392 0.10895689 0.38439062
-0.04934256 0.19970153 0.08933144
-0.16130310 0.07959116 0.38616952
-0.07115840 0.21229462 0.22631121
0.08131111 0.20259830 0.20974776
-0.20047665 0.21302083 0.08609264
-0.20894665 0.21012969 -0.29002658
-0.15350258 0.20914282 -0.30990574
0.04075474 0.21172765 0.34547198
-0.05138741 0.19472519 -0.37459311
0.17945473 -0.20499896 0.36772063
0.18672800 -0.12830089 0.37212852
-0.02445524 0.21336652 -0.03097194
-0.18725236 0.20298298 -0.07679348
-0.03983481 0.21191636 -0.13437450
0.18916969 0.20983811 0.18398339
-0.14989023 0.21149497 0.40447959
-0.08847596 0.20117290 -0.38769284
0.20093042 0.20309864 0.12615234
0.18020543 0.12685372 -0.38715115
-0.20074047 0.21489103 -0.28935078
-0.10213917 0.20865400 0.27653593
-0.17966802 0.19890563 0.27842402
-0.15331613 0.18790686 0.32022533
0.16224647 0.21158990 -0.16503270
0.17732492 -0.20540263 0.37094870
0.05945348 0.21308848 0.20655577
-0.13181713 -0.11098299 0.37757984
0.11321502 0.20180386 0.02748692
-0.05480164 0.19878736 -0.09271798
-0.10336218 0.20991617 0.09644963
0.04834136 0.20276858 0.38869804
0.00082237 0.21047035 -0.08636051
-0.09914787 0.21525131 0.29997432
0.10956579 0.20891637 0.01997813
0.06468917 0.20340450 0.01549268
0.17640007 0.20585099 -0.30682760
-0.20408696 0.21781020 0.39149970
-0.14039333 -0.17873119 -0.38068497
-0.20302390 0.20880307 0.28886884
0.05673162 0.20810571 -0.30409905
-0.07754200 0.20981455 -0.31857240
-0.01435523 0.21002062 -0.05219607
-0.16940330 -0.20133410 0.38235873
-0.03444479 0.20841777 -0.16655007
-0.17077598 -0.07342514 -0.38257721
0.16835152 0.20311271 0.20666674
-0.17476383 -0.05074653 -0.37420359
0.13930945 -0.14822386 0.37725645
-0.17873934 0.20359065 -0.29451632
-0.14551845 0.21485282 -0.25936460
-0.10538544 0.21155839 -0.21216656
0.07248794 0.21106142 -0.21306515
-0.08940989 0.21139269 -0.02858787
0.17621385 0.20844574 0.12265769
0.14271717 -0.03351064 -0.37684458
-0.18085934 0.20104481 -0.15592603
-0.19782469 0.21149276 0.40411189
-0.06616136 0.18384664 0.38350677
0.04141433 0.21320592 -0.37830251
-0.04467034 0.21046616 -0.21865751
-0.17651990 0.14783481 0.36254150
0.08397377 0.21023694 -0.29038742
0.17943190 0.21515234 -0.33609980
0.05702243 0.20954987 -0.12720259
0.10373412 0.20601872 0.18206824
-0.15193015 0.20572194 0.34100217
-0.19231887 0.21013778 -0.16855662
0.17424181 -0.10428663 0.38305405
-0.16475001 0.20274003 0.26703355
-0.08142505 0.21163058 -0.02498139
-0.17625797 0.05188641 -0.38147551
0.16731133 0.18784347 0.05914816
-0.19477656 0.21254727 -0.03035098
0.15569696 0.20559503 0.11764387
0.02416970 0.21269201 -0.10988882
-0.04177663 0.21109593 -0.25883579
-0.06263807 0.21300754 0.17251785
0.12797335 0.20217057 0.33653888
-0.17427431 0.18050511 -0.25944126
0.16487414 0.21161580 -0.21408536
0.12885450 0.17042218 0.38498852
0.17878932 0.03933919 -0.38114488
0.04339222 0.19656330 -0.38045007
-0.10834105 0.18898180 0.38460645
0.01278017 0.20489937 0.35373676
0.06913007 0.20997381 -0.08148877
-0.15009013 0.21295129 -0.09507954
0.09272781 0.19322695 0.36020043
-0.16689697 0.20906202 -0.21085238
-0.09843413 0.20089653 0.14589027
0.14894012 0.21315336 -0.40371099
-0.02633970 0.19928551 -0.06423421
-0.17402302 0.20792505 0.02244109
0.09344862 0.21476594 -0.36657456
0.03553041 0.21492501 -0.30259255
0.15787019 -0.02287306 -0.37976459
-0.12203679 0.21380942 -0.27598450
0.14590131 0.21554518 0.39820850
0.16100962 -0.08651360 0.37447694
-0.13278112 0.20426580 0.14419216
-0.13495712 0.20859663 0.38030425
0.16686511 -0.06609029 0.36708277
-0.09584957 0.21142232 -0.10204877
0.05271222 0.20504375 -0.26854262
0.17047200 0.18348372 0.02694502
0.07879773 0.20692398 -0.11063658
0.18197270 0.19508041 -0.17255673
0.08688114 0.20304634 0.07920414
0.16916274 0.19471644 -0.38510522
-0.10146356 0.20527206 0.04081741
-0.10634382 0.20485651 0.27584529
0.17685682 0.04108377 0.37783119
-0.07630841 0.20214672 -0.38516244
-0.18277885 -0.01916414 0.38100728
-0.19685559 0.20463228 0.20970681
-0.08810030 0.20381394 -0.40257120
-0.18314496 0.19911972 -0.20482256
0.03299867 0.21250501 -0.31900012
-0.12792858 0.19207937 -0.37685543
-0.14140382 0.20908630 0.40167341
-0.18685119 0.19515008 -0.00277337
-0.10184354 0.20133029 -0.24463673
0.02311862 0.21460433 -0.31287763
0.18389452 0.20241113 0.13463780
0.12247641 0.21090662 0.21497831
-0.11348350 0.20800884 0.32803425
-0.14545709 -0.18763483 0.37504637
0.04668583 0.19363581 0.35111123
0.11666854 0.21489571 0.33042699
-0.19474460 0.18702470 0.36774927
-0.07102992 0.21558101 -0.38128704
-0.14734018 -0.09105754 0.38220569
0.04391785 0.21208099 -0.13080062
0.11567108 0.21295518 -0.08298288
0.09581389 0.21377647 0.33520392
0.02109967 0.21031603 -0.15908258
-0.13870732 0.21354264 -0.13036692
0.17929654 0.11477758 0.37548569
-0.03253692 0.21072286 0.19289631
0.17412353 0.20196703 -0.01981753
-0.20666218 0.21126565 0.35461190
-0.19252057 0.20232388 0.33521718
-0.18677099 0.12784617 -0.36880305
0.07302278 0.21368010 0.36314413
0.10413542 0.20192140 -0.40441427
-0.10304918 0.20815125 -0.27669930
0.15317994 -0.14457722 -0.38792923
0.06714147 0.21651806 -0.39165729
0.18501712 0.20001256 0.03337954
-0.10737871 0.21239898 0.25457224
0.17342605 0.20590353 0.25325522
0.04274432 0.20315966 0.24987748
0.15918809 0.20368828 0.03097606
0.06848361 0.20839937 0.33100003
-0.18016672 0.20812728 0.05879115
-0.05147509 0.21438190 -0.30787465
0.15580539 0.20824558 -0.40526164
-0.07921791 0.21117216 -0.03411995
-0.20401362 0.20912097 -0.37775064
-0.19467826 0.21219398 -0.13560870
-0.10898334 0.21092367 0.09442301
0.15519559 0.19983073 -0.32906455
0.02886686 0.20380197 0.38498816
-0.08573280 0.20022433 0.38704628
-0.18113381 0.02325196 0.38099778
0.08102153 0.20586546 -0.30451745
0.15484284 0.20484664 0.15358403
-0.20201403 0.20902584 0.10138302
-0.20082474 0.21179315 -0.23533969
0.07612508 0.21195982 -0.13368958
0.07159628 0.20352170 0.00919729
-0.17238234 -0.04304433 0.37263545
0.07776513 0.21164289 0.15630536
-0.00795706 0.20088737 -0.21466136
0.19898370 0.20522465 -0.04490644
0.17777711 0.20747840 -0.34720233
0.14022344 0.20068073 -0.36962429
0.19017042 0.20867106 0.27395585
0.16293363 0.21263741 0.08193877
0.17241398 -0.18757433 0.37683401
0.16640252 0.20617452 0.04351344
0.03256114 0.21077502 0.05665071
-0.10183162 0.21526578 0.16691601
-0.16739659 0.21212997 0.36443672
-0.18002310 -0.19186457 0.37344301
0.13669187 0.20994030 -0.15520974
0.17142214 -0.12887099 0.37469423
0.05134514 0.21134627 0.15033937
-0.13064240 0.20216015 0.27759093
0.16523495 -0.17870620 0.37092981
0.04268108 0.18395466 -0.37621090
0.13729011 0.20523770 -0.38612929
-0.13983995 0.21370466 -0.07116528
-0.18612671 0.21336022 0.08897218
0.18980995 0.20806314 -0.15509048
0.10724987 0.20765546 0.07312998
-0.14927590 0.20593035 -0.00282134
0.16532438 0.18095559 0.35320202
-0.17366408 0.01834804 0.37914357
-0.18557547 0.21269818 -0.37124887
-0.05573826 0.20227201 -0.37754917
0.18108998 0.20488070 0.40509459
0.17578459 0.19291851 -0.29412335
0.08847746 0.21282539 0.25487620
-0.16709983 0.18261018 -0.36248627
0.12446067 0.21502319 0.40151861
-0.03297291 0.20330887 -0.32424897
-0.15050758 0.14018075 -0.37933159
0.17496052 0.20316492 0.22703354
0.10888486 0.17245691 -0.37628528
-0.17315798 0.20306991 -0.09436545
0.17864305 0.19232003 0.08976124
0.15384792 0.19853938 -0.19626810
0.08031626 0.21231899 0.07295779
-0.06979567 0.21407932 0.24435359
-0.17882198 -0.18407825 0.37487322
-0.17336468 -0.17877705 0.37394065
-0.09046521 0.20658930 -0.33949697
-0.16892524 -0.07746857 -0.36605319
0.15527618 -0.06575697 -0.37538972
0.07240656 0.20648371 0.04258121
-0.16890182 0.19623952 -0.16237867
-0.17828776 0.19884519 -0.04475455
0.09259219 0.19303824 0.38102582
0.15197115 0.21335076 -0.01735724
-0.20063992 0.20950443 -0.20574297
0.12373964 0.20275548 -0.33434835
-0.02711446 0.21323369 0.13038345
-0.12156034 0.21390738 0.02926252
-0.03669597 0.20793721 -0.08292759
-0.05094518 0.21464531 0.23793013
0.16729741 0.15494221 -0.37694946
-0.17133833 0.20256381 -0.13255738
-0.03930699 0.20481135 0.03345292
0.16797429 0.20933355 0.32398266
-0.13709670 0.21399981 0.34475717
-0.00966411 0.19954744 0.17750587
0.12482846 0.21407510 0.38401350
-0.17582294 0.10256895 -0.39348078
0.18231952 0.20642547 0.40586880
0.16947585 0.13495065 -0.38774401
-0.19680963 0.20787121 -0.29944453
0.14876226 0.20381655 0.30678606
-0.18371817 0.21145228 0.31715310
-0.19369528 0.21305509 0.07160593
-0.20370463 0.21053541 0.16312851
-0.09630592 0.20565812 0.16185632
0.14591323 0.21027444 -0.18682596
-0.11159055 0.21072492 -0.16198009
-0.11729062 0.20808056 0.12816232
0.14792624 0.21369970 0.34920490
-0.06751651 0.20791852 -0.10913599
0.20512328 0.20712520 0.30180183
-0.18239316 0.20798926 0.28818446
-0.14227489 -0.16876090 -0.37818608
-0.08225212 0.17978908 0.01335992
-0.19677690 0.20576191 -0.00040630
0.06657485 0.21163897 -0.15918255
-0.08743030 0.21361153 0.16419533
0.08330134 0.21129628 -0.09439953
-0.12809716 0.17830849 0.02619664
0.18160056 -0.16393474 0.37442648
-0.03336464 0.20509975 0.10245052
-0.14597514 0.21401395 -0.04073700
0.17287818 0.20040868 -0.24219468
-0.16711524 -0.08241331 -0.37279400
-0.12926701 0.21499534 0.03340046
-0.18174656 0.21183087 0.39226696
0.15438843 0.21072659 -0.11287309
-0.12651139 0.21641058 0.15698150
-0.10801258 0.21233356 0.36436340
0.19623053 0.21295211 0.30020356
0.17003423 -0.19074604 0.38267633
0.18019207 0.08343766 -0.38418278
0.13412419 0.19941081 0.35741168
0.04485890 0.20130090 -0.06319414
-0.16481079 -0.21239226 -0.38616225
0.18039919 -0.21937573 0.37779796
-0.10742413 0.20895061 0.40129414
-0.15414421 0.21344180 0.40708423
-0.20506778 0.20623474 -0.00627169
-0.11315508 0.20381013 -0.12658188
-0.04388979 0.20200633 0.38568872
0.01658814 0.21275616 0.28437972
0.05717247 0.20886932 -0.10921582
0.15375619 0.21144921 -0.03483726
-0.15012489 0.20845945 -0.30621648
-0.18366636 0.12851205 0.37476930
-0.05404663 0.20330811 -0.22727264
-0.16836376 0.20360106 0.27468735
0.16817728 0.08721669 0.37937829
-0.16809052 0.14684656 0.37591910
-0.16111073 -0.22076757 -0.38319245
-0.11165281 0.21496707 -0.00486645
-0.17820121 0.19114056 0.06697617
0.16059463 -0.03880345 -0.37581426
-0.17083487 0.13722531 0.39388680
-0.05562029 0.19898586 0.13830461
0.13738230 0.21009026 0.27052414
-0.17792712 0.18746957 -0.36161628
0.03394414 0.20792514 0.40327159
-0.06161956 0.20422503 -0.33371854
0.05903051 0.21138348 -0.01598725
0.17132862 0.21274608 0.28837943
0.16861345 0.18538545 0.22848389
-0.17320254 -0.01654493 0.37624401
0.02641552 0.21214548 -0.02238422
-0.01646076 0.20205934 0.24841233
-0.07086578 0.21036567 0.07930073
-0.11734430 0.19847183 -0.08287659
-0.07539336 0.21152674 0.29928440
-0.09467128 0.20947994 -0.38901544
-0.11890060 0.21348271 -0.11029296
-0.03186072 0.18774778 0.37556323
0.19833785 0.20834924 -0.32350981
-0.17393427 0.20779967 0.00160995
0.17226252 0.19325010 -0.19016467
-0.05953601 0.21041054 -0.24691547
-0.09562019 0.21056882 -0.17462018
-0.17746589 -0.10573818 0.37418303
-0.19646621 0.20265919 -0.12713298
-0.17389372 0.16584246 -0.38370436
0.17721991 0.20951107 -0.27236563
0.12722018 0.21077375 -0.29455763
0.11031941 0.15705909 -0.38514614
0.10305467 0.20199233 0.13893804
0.03188906 0.21224570 -0.29763407
-0.16960542 0.20008352 -0.01910985
-0.07051185 0.19953302 -0.06757186
-0.16208801 0.16128138 -0.35709283
0.16280387 0.19338457 0.12940893
0.16088639 0.21352814 0.24241260
-0.03418536 0.21155646 -0.29429480
0.02219886 0.21088029 -0.15393558
0.13457923 0.20647825 -0.11200015
0.17430857 0.21352758 -0.10190584
0.04682843 0.19918953 -0.38185465
0.04806324 0.20855616 -0.01940368
0.18693995 -0.21872604 -0.38623512
-0.20066844 0.20681761 -0.23466933
0.09405208 0.21293746 -0.18814191
-0.03254607 0.20358717 -0.02141031
0.17758448 -0.17485620 -0.37091735
0.16061556 0.21200834 -0.24151774
0.17345254 -0.07170324 -0.38219815
-0.03367520 0.21270409 0.19749989
-0.02608739 0.20135002 0.06614283
-0.11577918 0.21190532 0.04045820
0.18367931 0.20149866 0.21052158
0.05211257 0.21356297 -0.03852446
0.17609011 -0.02780961 0.37735966
-0.05159765 0.21220894 0.21001038
0.08401309 0.20918943 0.02143135
-0.13671660 0.21313225 0.15213031
-0.18079114 0.05863564 0.37293857
0.01414403 0.21520536 -0.28022808
0.17189905 0.19948997 0.31963232
0.16214757 -0.18348493 -0.37693703
0.02519986 0.21231811 0.08182561
-0.16296895 0.21269603 -0.10381011
0.07814284 0.21337457 0.10091235
-0.16472501 -0.03864331 -0.38309380
-0.15559185 0.20729612 -0.36251557
-0.00919671 0.21178009 -0.22075282
-0.17466988 0.21394810 0.40961426
0.18106695 0.09885485 -0.38689974
0.13810867 0.21350859 -0.04576787
0.06765614 0.21260488 0.26760963
0.00956208 0.21310326 -0.40804327
-0.03450941 0.20477635 0.31772688
-0.15472886 -0.04154382 -0.38521785
-0.18501051 0.08784455 -0.38631466
0.19459914 0.21234186 -0.33159238
0.05523221 0.19834781 -0.39125201
0.19126858 0.20551220 -0.04481436
-0.18109538 -0.20815076 -0.37470597
0.11140224 0.21437638 0.30445358
0.14591891 0.19200967 0.11949445
-0.10027209 0.20782368 0.22613999
0.03622801 0.21676305 -0.38958552
-0.15211105 0.20699333 -0.02917383
0.05061375 0.21150789 0.01175010
-0.12951671 0.13852933 0.38168985
-0.16756740 -0.17432348 0.38755748
-0.07471989 0.19825913 -0.12784284
-0.18079031 -0.14108303 -0.37532899
0.20148319 0.21090345 -0.31088024
0.16700897 0.19217782 0.13389441
-0.14256851 0.19802526 0.30022985
-0.07219031 0.20413147 0.09967436
-0.17453140 -0.14268595 0.37291616
0.10572346 0.20507471 0.08049764
-0.16956763 0.20930929 0.05056215
0.10984431 0.14365362 -0.37181067
-0.19840677 0.20788470 0.04050328
0.15688172 0.20630769 0.03977944
-0.15830810 0.21428031 -0.14736645
-0.17665562 0.19943203 0.37555021
-0.02374062 0.20630415 -0.10172834
0.00387949 0.20660952 0.40267456
0.16024272 0.20362633 0.00037672
0.17737088 -0.13785034 -0.37243897
-0.01962316 0.21456206 -0.08538410
-0.09482033 0.20400947 0.27173164
0.06833553 0.20392057 -0.24619712
-0.07918798 0.20610188 0.32164219
0.02645196 0.20855388 -0.08376318
0.12168758 -0.00380035 0.37585491
0.07686812 0.20411272 -0.36665794
-0.10104338 0.21228741 0.24936228
-0.17794745 -0.02917793 0.37226984
0.19862337 0.20944045 -0.14243335
0.17432435 0.20099498 -0.17311418
0.15488425 0.20736542 -0.37620324
0.16712360 0.18506154 -0.06642570
-0.17312610 0.21159726 0.23054260
-0.13394764 -0.17056669 -0.38147590
0.05531587 0.21036431 -0.14716636
0.07657771 0.21463719 0.40084690
0.15174338 0.21676168 0.36337265
-0.13319424 0.21029282 -0.21639705
0.14751293 -0.08177990 -0.37894267
-0.04249370 0.20849063 -0.22102641
0.07316428 0.21189333 0.26533729
-0.05578886 0.20364659 0.36998644
0.11771262 0.21227515 0.09208725
-0.06226825 0.20671409 0.21317483
-0.17569228 -0.16813628 0.38686839
-0.01862219 0.20894296 -0.16830911
0.10701520 0.21171091 -0.23724076
-0.16875374 0.21346609 -0.05695096
0.18170106 -0.19819666 -0.37245145
0.12196621 0.20842344 0.27574411
0.16092333 0.21144995 -0.24694684
-0.04274732 0.20205797 -0.38390803
-0.20200880 0.21193881 -0.20466112
-0.15309782 -0.14199391 -0.38150531
-0.16623022 0.19775070 0.40254521
-0.12456019 0.21017794 0.21423975
-0.15844715 0.21204408 0.34496704
-0.20430991 0.20777103 0.05861882
-0.19115314 0.19031319 -0.37374714
0.05922344 0.20949201 -0.06519139
-0.05306671 0.20511770 0.23754731
-0.15617810 0.20717131 0.03078674
0.06097582 0.20985109 -0.06678194
0.02946867 0.20363386 0.22282331
0.14986229 0.20093124 -0.09287700
0.08738166 0.21383600 -0.38343397
-0.16722259 0.00896135 -0.37906501
-0.17779693 0.20114967 0.38085508
0.20276766 0.21150465 -0.17391175
-0.17817289 0.20652963 0.21674833
0.17510356 0.19987991 0.39960790
-0.14195107 0.21590704 0.18686864
0.08300376 0.20382507 -0.19585210
0.15300578 0.19576192 -0.38925317
-0.15851186 0.06514074 -0.38232657
0.16637132 0.20659074 -0.07005599
0.17497215 0.19092701 -0.29706678
-0.08019327 0.21156572 0.25143576
-0.01653166 0.20647478 -0.22577249
-0.11868861 0.20777455 -0.26265806
0.06373777 0.19177616 0.15269540
0.11427782 0.20915712 -0.10984246
0.11514626 0.19574970 0.34120083
0.14107850 0.20393965 0.33877832
0.15971377 0.05340205 0.38574463
0.05760657 0.16027957 -0.38524184
0.03662494 0.20952834 -0.14261629
0.01589413 0.21360350 -0.12552783
0.12808388 0.20526379 0.15354142
-0.15707985 0.20683266 -0.14910966
0.11440715 0.21123841 -0.25052509
-0.18167956 0.20356005 0.22019310
-0.09984280 0.21322931 -0.05584886
-0.01752292 0.20537513 0.29101861
0.17856351 -0.15825705 -0.38218805
-0.17225316 0.19014658 -0.05355615
-0.00514975 0.21591632 -0.36614344
-0.17943388 0.21350810 -0.11814552
0.12909749 0.20464106 -0.39983985
-0.16163091 0.21197018 -0.05868662
-0.01448495 0.21174033 0.01546388
-0.16604981 0.20341095 0.28439024
-0.17011115 -0.21443003 0.38324800
0.13185485 0.18778482 -0.11776657
-0.19621736 0.21170129 -0.20851277
0.12211040 0.21152025 0.35445696
0.18789014 0.20734242 -0.06929269
-0.15024245 0.21167786 0.26578498
0.19079021 0.21197714 0.40713945
0.18297419 -0.19403230 -0.38418114
0.12138304 0.21186912 0.31877121
0.16357940 0.20262170 -0.04815404
0.15959612 0.21084671 -0.25111225
