0.00934457 0.06024672 -0.18473805
-0.02017891 0.06082215 -0.44024575
0.02191887 0.06537598 0.39718425
-0.08045685 0.06840209 -0.04528248
0.01800916 0.07157227 0.47487834
0.01797670 0.06083439 -0.47323000
-0.09782083 0.06018000 -0.09983516
-0.02052291 0.06172333 0.08485218
-0.01210464 0.05734613 0.08511537
0.07168623 -0.04938355 0.33424303
0.03705050 -0.01823597 -0.37790936
0.00160964 0.06241702 0.42048350
-0.02828888 0.05998119 -0.27337620
-0.05627800 0.06195359 0.17368205
-0.07620267 0.07796176 -0.37089086
-0.01232085 0.06751603 0.24626002
0.04636727 0.07625955 -0.25926006
0.00008615 0.07254240 -0.03701891
-0.03800355 0.04794408 0.34315991
0.07024827 0.06605361 0.01795632
0.01457733 0.06652253 0.26275814
-0.04928014 -0.00215925 0.36057740
-0.04584909 0.06779272 -0.30504480
0.05772104 0.06233987 -0.18272799
0.09452671 0.06621980 0.16263935
0.04255929 0.07024077 -0.07270937
0.04299076 0.07223593 -0.40652329
0.09802783 0.06411566 0.26542634
0.06475394 0.06638172 0.34520662
0.06905332 0.06142994 -0.31174660
-0.02440749 0.06795791 0.44989538
-0.00579607 0.06255648 -0.33724797
-0.09484441 0.06464626 -0.33718103
0.04330469 0.06616624 0.29768288
-0.06699374 0.01810678 0.34087849
-0.01835092 0.05953502 0.21644300
-0.01582159 0.05656241 0.33667666
-0.00139159 0.06026574 0.12021674
0.00028812 0.05483429 -0.21943648
-0.09503665 -0.03361595 0.30238974
-0.00881654 0.07179748 -0.45620400
0.05522107 0.06854922 0.34045258
0.01953995 0.06362370 0.08268910
0.06175933 0.07268893 0.09920147
-0.07268115 0.06232954 0.15465973
0.00101093 0.06778344 -0.47547644
-0.08007376 0.06101818 -0.08743193
-0.05350176 0.05976299 -0.26031494
0.00090911 0.06298978 -0.43785387
-0.03080349 0.05961265 0.24076113
0.02681243 0.06046029 -0.14627329
0.00528511 0.07028252 0.05571053
0.07615672 0.06965167 -0.42155495
-0.00589764 0.06588335 -0.47722942
-0.08303978 0.06902432 0.43883264
0.06450909 0.05863911 -0.36156628
0.04750824 0.06252617 -0.43168387
-0.04828835 0.06568156 0.36507705
0.09991559 0.06977524 -0.05833763
-0.06236686 0.06668843 -0.10985915
-0.03316909 0.07054134 -0.24846458
-0.02221755 0.06206027 0.21123782
-0.08669928 0.06379418 0.23946975
0.06461181 0.07014631 -0.02317514
-0.08748256 0.05560099 -0.32032847
-0.03125312 0.03786975 -0.28277120
-0.02177431 0.05836778 -0.05512619
-0.01307151 0.06284144 -0.10496865
0.01517134 0.04916155 0.33558026
0.03264178 0.06543773 0.19138810
0.01790469 0.06503871 0.38037208
0.09336895 0.06267356 -0.16612577
0.05191277 -0.04234902 -0.35283381
-0.05213925 0.06631799 0.18442580
-0.03173665 0.06375080 -0.40329021
-0.02237022 0.06440204 -0.22301337
0.09391831 0.06749678 0.18110359
0.01881050 0.05000025 0.34395793
0.00055320 0.06858169 -0.45534360
-0.07614026 0.06377434 0.01075030
0.07681046 0.05636926 -0.09544158
-0.00556809 0.06424624 0.01994750
-0.10539531 0.06371024 0.08348300
-0.08199552 0.07078202 -0.11922701
0.08933987 0.06212547 0.01712260
0.01537149 0.06519636 0.40768093
-0.03513317 0.06105117 -0.23126130
0.00643617 0.07135586 -0.07133301
-0.04927106 0.06329595 0.12268545
0.09191365 0.06139427 0.28360498
-0.10839311 0.06045548 0.23196201
-0.05419107 0.05627407 0.19609399
0.09922258 0.05238030 -0.25308746
0.04513711 0.05367479 -0.11492312
-0.01686788 0.06629118 -0.09936933
-0.05719200 0.06849864 -0.08374408
-0.01275897 0.06813854 -0.31450024
0.01939458 0.06557551 -0.47202361
-0.07388631 0.05565285 0.29686645
-0.01376199 0.06405812 -0.07198241
0.01810866 0.06160752 -0.38603655
-0.03056705 0.06174651 0.17776570
-0.06537668 0.06923041 0.12002549
0.04812912 0.06217162 0.24360281
-0.04551622 0.06218491 -0.10552581
0.05529721 0.07146454 -0.31293890
0.04929182 0.07017151 -0.29568681
0.09909282 0.04883938 -0.07301049
0.01055040 0.07001846 0.05394596
0.07259331 0.06739995 0.13128643
-0.02622980 0.05553948 -0.36331913
0.04686806 0.05435514 -0.19844480
0.03661912 0.06785288 -0.44769123
-0.05863671 -0.02733168 -0.29905599
-0.00082833 0.07182822 0.02699662
-0.06212176 0.06532656 0.13331917
0.00615869 0.06555714 -0.46878579
-0.03346517 0.06278620 -0.27479106
-0.10342755 0.06194373 0.18401793
-0.08981787 0.06929722 -0.13582322
-0.00903536 0.05281691 -0.25557923
0.05387489 0.06781585 -0.34437010
-0.04925787 0.06049388 -0.26930621
0.04709005 0.06391779 -0.42458585
0.07591608 0.06991222 0.09145432
0.08936821 0.06896195 0.00717796
0.00490813 0.06387809 -0.00473070
0.06617316 0.06630288 0.37130916
-0.08828956 0.06455638 0.35774291
0.03025233 0.06775951 -0.07537814
-0.09979704 0.06008999 -0.40263689
-0.10615445 0.06121051 0.19315411
0.05140610 0.05616979 -0.10022097
-0.10329962 0.05789471 0.26989409
-0.01425440 0.06894596 0.08075869
0.00927890 0.05953488 -0.19177067
0.05674804 0.05561469 -0.35021165
0.07598338 0.05830002 0.27185151
0.09665730 0.06365903 0.08987568
0.08690169 0.07335207 -0.19015595
0.06953533 0.06033779 0.00044790
0.04769984 0.06626707 -0.42340288
-0.04189017 0.05415601 0.28839538
0.06020428 0.06370709 -0.25574023
-0.05301530 0.06615700 0.04158475
-0.10115808 0.05972076 -0.07468532
0.05353740 -0.01258415 0.33723751
0.08048026 0.05426471 0.29074293
-0.04652479 0.06894371 0.01797121
-0.01522322 0.05707024 0.21397974
0.07869699 0.06990502 0.45593101
0.09554006 0.06349712 -0.10075150
0.01213554 0.07019096 -0.25429162
-0.07257262 0.06983703 0.00078906
-0.01157414 0.06692517 0.03655879
0.11540569 0.07968622 0.08477998
-0.04469731 0.05375482 -0.33988705
0.01116093 0.06373049 -0.30398571
0.02284224 0.06597307 -0.28256816
0.01948025 0.07580459 -0.37971425
0.03893385 0.06129626 -0.23404050
-0.03971350 0.07057817 -0.22500858
-0.09799322 0.05184794 0.13536024
-0.06207699 0.05891732 0.02891175
0.11672797 0.06061316 -0.18181218
0.04648321 0.06450706 0.29983935
-0.08144855 0.05285343 0.31813049
-0.09813105 0.05882610 -0.30583248
0.04258792 0.06515554 -0.47404060
0.03397823 0.06608817 0.26962122
-0.05067085 0.06895747 -0.27766585
0.07385833 0.07041635 0.09092883
-0.10487415 0.06191992 0.15822721
0.05392132 -0.04152015 0.34357271
0.03038634 0.06865330 -0.18078150
0.02619758 0.05638018 -0.27362186
0.01761279 0.06633986 0.26273137
0.00784405 0.06440651 -0.38359681
0.06572951 0.06917065 -0.12633552
-0.02890141 0.06354395 0.36289099
-0.03775017 0.06435538 -0.05482199
-0.01342670 0.06333651 -0.13229312
0.04969426 0.00548581 0.34563351
-0.07368344 0.04134160 -0.36583519
-0.07787396 0.06112115 -0.21822335
0.03735792 0.05982831 0.24364966
0.01450016 0.07351899 -0.11131413
0.03449738 0.05438238 0.23248552
0.08502716 0.05434949 0.33118305
0.01156623 0.06228435 -0.11532259
0.08831636 0.05915194 -0.14731516
0.03055586 0.05578996 0.34020075
-0.05693318 0.05961535 0.34941810
0.03948750 0.06907788 0.12684314
-0.10836493 0.06517772 -0.02930058
-0.04414692 0.07136627 0.39179167
0.02857291 0.05785157 0.06614681
0.02772218 0.06488594 -0.12388501
-0.00040262 0.05751909 -0.22135556
0.04975214 0.05025574 0.13395569
0.03785620 0.06975792 -0.27788401
-0.02390770 0.06082815 -0.36637914
0.05027248 0.06552531 0.35134211
0.04582680 0.05181800 -0.08730101
-0.00812766 0.05994749 -0.47270328
0.05240161 0.07155645 -0.25156063
0.10093185 0.06065679 -0.00623353
0.00009232 0.03681549 -0.33249646
-0.08435902 0.06564002 0.11885433
0.00988494 0.06332052 -0.06939910
0.05370941 0.07348520 0.40092552
-0.01480886 0.06527782 0.35897902
-0.01712873 0.05998653 0.12245466
0.07490315 0.05762906 -0.21856007
0.07358072 0.05902134 -0.41861108
0.04235167 0.06224104 0.02358918
-0.02180461 0.06475099 -0.01310224
-0.05754390 0.06248546 0.22120130
-0.01118869 0.06464759 -0.24218902
-0.05153856 0.07102577 -0.39965618
-0.02387083 0.06762201 0.37605852
-0.08317336 0.04811120 -0.35080147
0.08855230 0.05642491 0.15455796
-0.03094932 0.06086103 -0.15126571
0.04738301 0.06051594 -0.40520319
-0.02150902 0.06969319 0.18373327
0.01599428 0.06805769 0.22870150
0.06931773 0.06592298 -0.30007914
-0.01752866 0.06088721 0.00671907
-0.00479578 0.06310757 -0.23203826
-0.02904011 0.06311002 -0.19392467
-0.05566174 0.06266549 -0.29319528
0.03700900 0.06522726 -0.19065785
-0.03826191 0.06371421 -0.44349673
-0.07527389 0.06810035 0.33671862
0.00264655 0.05628934 0.08084758
-0.10219783 0.06391634 0.14803986
0.02033408 0.02432020 -0.37343553
-0.09596789 0.06376560 -0.00157771
0.04341856 0.06410649 -0.44673082
-0.00771987 0.05458196 0.37284058
0.05183340 0.06270842 -0.18696374
0.00509137 0.05946055 -0.16523650
-0.00697566 0.05583281 -0.23404413
0.10293002 0.05981928 -0.22175384
0.02531502 0.05784997 0.36488149
0.11053231 0.06111889 0.05059878
-0.09084693 0.06141172 -0.04064937
0.05244387 0.06360600 -0.15115495
0.02831684 0.04939057 -0.35205266
-0.08389597 0.06044272 -0.05814727
0.07890800 0.06703366 -0.34047946
-0.08597580 0.06805697 0.09825376
-0.06211644 0.07088718 0.14326614
-0.00268915 0.05957124 0.26824880
-0.05734788 0.06262907 -0.32191086
0.06264432 -0.03946951 -0.37233868
0.05565778 -0.05493169 0.34459341
0.01855849 0.05948633 0.35943040
-0.07891577 0.06323227 -0.16812722
0.05538288 -0.02634906 -0.33277556
-0.04370315 0.05965939 0.26021084
-0.00601167 0.05599546 -0.19881304
-0.00438507 0.06218419 -0.25204286
0.06618361 0.06320236 -0.03735797
-0.07732628 0.06318203 -0.17030817
0.07396748 0.07162504 -0.31695306
-0.01083040 0.06474057 0.11691266
-0.08692473 0.06721663 0.05667509
-0.02761216 0.06230325 0.09878062
0.03796110 0.01031920 -0.32312992
-0.00648460 0.05920395 0.17801154
0.00832892 0.07049982 0.40343875
0.04729458 0.05959693 0.06124127
0.05965696 0.06261235 0.20401739
-0.09124824 0.06602576 -0.11487868
-0.04342084 -0.06770978 -0.35225666
0.08447561 0.05149239 0.34661281
0.03388665 0.07056866 -0.45689914
0.05470037 0.06446906 -0.02039595
0.05610780 0.06544836 0.09850859
-0.08331411 0.06594796 -0.42376593
-0.05204998 0.04683113 -0.16030282
-0.01132810 0.06660258 0.35471216
-0.06572602 0.05638339 0.07141626
0.05826858 0.06355559 -0.40966332
0.04306048 0.06019314 -0.30022407
-0.03331991 0.06412522 -0.10620663
0.03960496 0.06830320 0.33502480
-0.09251037 0.05786822 -0.33698827
0.05435012 0.06562936 0.27462760
0.08066322 0.06715083 0.11588186
-0.09483967 0.05941040 -0.21083003
-0.06481170 0.05709194 0.14026545
0.07424133 -0.01498855 0.34973538
0.00450652 0.06539509 -0.37446088
0.03952676 0.07457102 0.38444760
-0.02315909 0.05592507 0.24524958
0.01472403 0.05087795 0.04067578
-0.01231093 0.06356478 0.12352328
0.00514203 0.07077238 -0.43693122
0.03162275 0.04865580 0.32501635
0.00739574 0.06467096 0.04599447
-0.04218440 0.05801633 0.04405622
-0.04230307 0.05714018 -0.34883124
0.06789266 0.05822691 0.25051442
0.09165479 0.05533183 -0.06133500
-0.01531101 0.06374927 -0.17671630
-0.05657246 0.05665219 -0.43932310
-0.02762804 0.06752452 -0.22247680
-0.05686184 0.07111128 0.28760469
0.03912576 0.06521858 -0.02324703
-0.01197154 0.06089452 -0.31618845
0.06291564 0.07131226 -0.39789793
0.09071514 0.06317462 0.29574502
-0.01116588 0.06930642 -0.25522104
0.04102897 0.06756756 -0.26134366
0.06875876 0.02532187 0.31681564
-0.00019812 0.05471219 0.22451285
0.01960148 0.06097804 -0.33985037
0.00117519 0.06351835 -0.11211269
-0.00559252 0.06851299 -0.30827150
0.02521792 0.05994176 -0.41318026
0.02764942 0.06849333 0.44466054
-0.00676708 0.06561137 0.34347060
-0.03195708 0.06405789 -0.01624685
0.01142592 0.07233284 -0.47699782
0.05817492 0.07166495 0.01433628
0.09117849 0.06942920 0.04995976
0.03853539 0.04405516 -0.04520457
-0.00883313 0.06778705 -0.43602285
0.05708488 0.07143997 0.40574697
-0.05994413 0.06512801 -0.19334133
-0.02267335 0.05894754 -0.17853883
0.09914590 0.05453217 -0.22027206
0.03017343 0.06267419 0.26819897
-0.01110263 0.06434670 0.15643203
-0.00754164 0.06995110 0.05195516
-0.02812787 0.06375875 -0.16294840
-0.06326783 0.06123881 -0.04192303
0.10188536 0.06684418 0.22962226
-0.03204624 0.06015601 0.02873096
0.03498055 0.06574955 0.38484961
-0.06930794 0.05151704 -0.36033252
-0.09045610 0.06393991 0.19188383
0.00804799 0.06321175 0.34507176
-0.04393508 0.07063284 0.13869251
0.00549995 0.05875599 -0.22505805
-0.00487069 0.06342223 -0.15742740
0.05888543 0.06590226 -0.42664200
-0.01484662 0.07019234 0.36914164
-0.01769310 0.06448773 0.10846579
-0.03863325 0.06105420 -0.20954365
0.02081106 0.06633452 0.37352604
-0.06159539 0.06999937 -0.05738893
0.05242375 0.06400148 0.15398972
-0.03570244 0.06350439 -0.08736548
-0.02014681 0.06240743 -0.39868233
-0.05203923 0.06617341 -0.27764738
-0.03341369 0.05603148 0.27658421
-0.02869019 0.06549764 -0.04947572
-0.07733067 0.06794159 -0.13311154
-0.02936811 0.05725645 0.26996279
-0.09219223 0.06850845 -0.23426591
0.02822193 0.06414065 -0.42646378
0.02724482 0.06438692 0.30258268
0.05717331 0.06413264 -0.42278388
-0.05855311 0.06626377 0.12005002
0.05845009 0.06733621 -0.02885165
-0.09251556 0.05402560 0.07748541
0.04892604 0.05949705 0.00245393
-0.11083440 0.06320905 0.07463974
0.00818016 0.06163979 0.18873136
-0.04358598 0.06467606 0.15725407
0.04606700 0.07041543 0.39641640
0.00515133 0.06488331 -0.25706947
0.08881926 0.06188225 -0.27041414
0.00704647 0.06016056 -0.17086256
-0.06974357 0.06698652 0.43067271
0.04084472 0.06941313 -0.43350935
0.03252020 0.06782574 0.27445099
0.02205594 0.06327963 -0.27771050
-0.07094435 0.06493684 -0.11069309
-0.06243617 0.06512022 -0.04560029
0.05204248 -0.04897547 0.38077840
-0.09829956 0.06326929 -0.26381847
0.03980278 0.06402299 0.32248813
0.02036032 0.06012009 0.00661722
-0.01744038 0.05265896 -0.00772526
0.08099286 0.06150663 -0.28937399
-0.08658600 0.06632866 -0.12495984
-0.02938332 0.06410708 -0.02372693
0.03407874 0.06053011 0.34931293
0.02588703 0.06454515 -0.15572834
-0.01042093 0.06632785 -0.41879421
-0.03084274 0.05756106 0.35836279
-0.09613831 0.06357010 0.19063759
-0.08027752 0.07417700 0.33869311
0.05682532 0.06597096 -0.34570077
-0.02511873 0.06918547 0.07126728
-0.04779510 0.05968116 0.30946574
-0.00875698 0.06542774 0.14033103
-0.02265278 0.05705084 0.01878797
0.08532527 0.05700591 -0.22251919
0.03468397 0.06549304 0.23590618
0.04890506 0.06630165 -0.41383374
0.03272714 0.06045565 0.20569992
0.01139580 0.06236184 -0.47579515
0.07606777 0.06085749 -0.04568433
0.01596746 0.06670898 0.00100547
-0.05077542 0.06261268 0.24103403
0.06643704 0.05813373 -0.04955570
-0.04510747 0.05234726 0.35091695
-0.09231906 0.05647231 -0.04006725
-0.00097385 0.05506018 -0.12075613
-0.10216948 0.06309607 0.39206842
0.04726864 0.05775655 0.08505476
-0.00689480 0.07063971 0.36055070
-0.05887760 0.07459950 0.41654888
-0.10046666 0.05904473 -0.22143984
-0.07563992 0.05597706 -0.10609396
-0.05646095 0.06601840 0.17010391
-0.04278252 0.07048793 -0.23512337
0.05206209 0.06332314 0.13933298
-0.00916899 0.06751062 0.07480270
-0.01814202 0.06635531 -0.16729674
0.00070951 0.06695745 -0.36644953
0.05273899 0.05007474 0.00340103
-0.09908365 0.06281779 -0.18610127
0.06206674 0.06927118 -0.45162868
0.02643360 0.05611784 0.13116992
-0.00070579 0.05875938 0.12048166
-0.05765359 0.06944849 0.41380394
0.02242969 0.07116551 -0.03310254
-0.02480019 0.02882550 -0.31496978
-0.02589585 0.06647475 -0.39510307
0.02807483 0.06006330 0.31852281
0.06755238 0.06198379 0.44973359
-0.05063818 0.05795757 0.25697961
-0.04195008 0.06439593 -0.08876057
0.02704286 0.06973564 -0.24709736
-0.02908694 0.05920556 0.32205924
0.02709510 0.06403528 0.17924514
0.07049106 0.05499339 -0.45356223
-0.03643121 0.05977754 -0.29304332
0.05666131 0.05301953 -0.16847897
-0.06045863 0.06454999 -0.37370735
-0.01881399 0.06179836 -0.25019673
-0.08552170 0.06244327 0.09215247
-0.03021047 0.05759564 0.44457552
0.01370476 0.06222303 0.12081296
-0.07989977 0.05516402 0.12416477
-0.08935444 0.06467581 0.35469398
0.05177225 0.06061507 0.11230969
-0.01898691 0.05917718 -0.35337904
0.02139076 0.06026638 -0.28693929
-0.01673407 0.05201377 -0.34244418
-0.06672754 0.05907407 -0.46007678
0.04505381 0.06757587 -0.47363231
0.07951906 0.06767569 -0.35481405
-0.05582042 0.06314776 -0.24157405
-0.07684534 0.06819677 0.38600627
0.01037054 0.05370883 0.22467721
0.06168655 -0.04283516 0.35805207
-0.01805490 0.05342266 -0.25508606
0.05348674 0.06993702 -0.30649233
0.07349719 0.06166963 0.12284266
-0.09500236 0.06610847 -0.05933524
-0.01836386 0.01880442 -0.29801291
-0.02948586 0.06413946 -0.35656366
0.02113437 0.06686059 -0.39600652
0.03606196 0.06770043 -0.20375712
-0.06178754 0.06574056 0.21538687
-0.07379457 0.06558614 0.06864633
0.08063380 0.06164910 0.25220853
-0.04684592 0.05874939 -0.36371619
0.03493242 0.05285181 0.01411237
0.10207541 0.06994732 -0.05646056
0.05830286 0.06551673 0.28772828
0.07187551 0.06658544 0.27625963
-0.00698262 0.07090030 -0.28045431
-0.03541222 0.06137536 -0.39344153
-0.05016229 0.06337581 0.09896109
-0.02079537 0.05939391 -0.04720867
0.00165249 0.06171670 0.13741440
-0.08399560 0.05960330 0.19707969
-0.07569119 0.06691333 0.41250682
-0.09928662 0.05453122 0.20152287
0.06019124 0.05973852 0.37095550
-0.07245499 0.06141192 -0.07555827
-0.07335098 0.04368121 -0.34493685
0.00954666 0.06581882 -0.03958531
-0.04861366 0.05935593 -0.00269444
-0.06786424 0.05765668 -0.28266117
-0.07139281 0.06445386 -0.21077046
0.01898224 0.05238060 -0.08076549
0.05690995 0.07258878 0.24923863
0.05379919 0.05867973 0.28735182
-0.05504902 0.06520054 0.34469479
0.09670094 0.06456087 0.08897900
-0.09640103 0.06197261 -0.18323347
-0.01948649 0.06012656 -0.28387207
0.07886766 0.06498266 0.03457995
0.06938157 0.06656236 0.43909806
0.04948622 0.05778063 -0.05997582
0.01549172 0.06086529 -0.16629829
-0.02759387 0.06420398 0.15812956
0.00567300 0.06621914 0.28144768
0.03748543 0.07081338 -0.25892398
-0.08335576 0.05966947 -0.28359935
0.02995645 0.06420169 -0.28589937
0.08541645 0.06127205 -0.30296895
-0.00494252 0.06204433 -0.10648418
0.04105040 0.06367365 0.18477866
-0.00266250 0.05128481 0.06762419
-0.06207084 0.06832290 -0.03543096
-0.05585781 -0.06085688 -0.35021549
0.09365827 0.06496461 -0.35977060
-0.08170673 0.06567843 0.16794217
0.03444492 0.06252620 0.04921417
-0.08175261 0.05716753 0.27410492
-0.07218280 0.06416395 0.02338254
0.04416420 0.06392478 0.21921095
0.08365753 0.06517056 -0.42234802
-0.09535192 0.06767350 -0.26697227
-0.06037609 0.05991628 0.06701217
0.00717488 0.06382363 -0.20295589
0.02162950 0.06400905 -0.39012113
-0.08929916 0.06122584 -0.19822958
-0.03490364 0.05704326 0.12343658
-0.01046744 0.06205077 0.00125152
-0.09548555 0.06818905 -0.01569446
0.00223013 0.06408597 -0.43995532
-0.03485747 0.07013880 0.41866267
-0.09035023 0.05509397 0.11463222
-0.03968343 0.06020066 0.00296172
-0.09510657 0.05783794 0.14920785
0.05122796 -0.03831587 0.33880109
0.01205035 0.06100343 -0.06419984
0.00404730 0.06156426 0.11314302
-0.10862346 0.06093366 -0.09311185
0.08746085 0.05871567 0.10413243
-0.00855261 0.06241941 -0.45747513
-0.05269299 0.06698523 -0.10625035
-0.07014067 0.02749383 -0.37169847
-0.06217868 0.06564544 0.16148342
-0.07973210 0.05992682 -0.25691485
-0.02195011 0.06757157 -0.20582214
-0.03682292 0.06125261 -0.40731511
-0.06772748 0.06411397 0.13513282
0.04134485 0.01967490 -0.35199350
-0.10538628 0.06441666 0.39629850
0.02445967 0.07653513 0.47390127
0.01605353 0.06217444 0.07299832
0.01520360 0.06849276 0.20965365
-0.00947113 0.06094484 0.21104915
-0.03313450 0.07368912 0.46545792
0.00737333 0.04883453 0.29628542
0.00118620 0.06293071 -0.12329122
-0.05634607 0.06642257 0.39386836
0.06529572 0.06976747 0.37312359
0.07512644 0.07185116 0.08290389
-0.04039148 -0.03801571 0.36285415
0.07836913 0.07126421 -0.40544972
0.06282540 -0.02008605 -0.30814612
-0.07150707 0.05574891 -0.04333354
0.10512473 0.06614127 0.21328419
-0.09169618 0.06673546 -0.18788590
-0.02211328 0.06425194 -0.45714009
0.03964343 0.07017880 -0.15754023
0.07216705 0.07057527 -0.03827571
-0.10739006 0.06124096 0.12811136
0.01734227 0.04860335 0.01883028
-0.06176470 0.05660549 0.07931559
-0.09735259 0.06269082 0.14838962
-0.01984751 0.06282087 -0.44590944
-0.02601735 0.06376354 0.03525572
-0.03583533 0.05881431 -0.00621976
-0.05461818 0.06645396 -0.03039190
-0.09430877 0.05930616 -0.35078469
-0.08397385 0.04515399 -0.36295626
0.05749889 0.06252539 -0.30916214
-0.10201164 0.06584585 0.14088856
0.09824995 0.06023701 -0.23791860
0.07655552 0.06745201 0.12292886
-0.00774472 0.06054605 0.02836439
-0.00427303 0.06186715 0.12512323
0.05104863 0.06655748 0.37304184
0.04659588 0.06003672 -0.05688478
0.03518562 0.06614495 0.37501854
0.10299675 0.07451444 -0.19171000
0.00761158 0.05913932 -0.17700520
0.07900352 0.06691825 0.31267408
-0.01641558 0.06880274 0.12309401
0.06032381 0.06252515 0.27929479
0.03328688 0.06639075 -0.06294507
0.03125357 0.06510844 -0.47310418
-0.06583586 0.06911718 0.32028401
-0.05355705 0.03649345 0.36022189
0.00269425 0.07077178 0.38270211
-0.02942177 0.05893628 0.21365121
-0.01910518 0.06447634 0.29555014
-0.00073963 0.06670032 0.03608574
0.05859821 0.05885019 -0.18300761
-0.10112840 0.06304692 0.41465288
0.02073816 0.06324334 -0.30448642
0.01304234 0.05390701 -0.22026178
-0.03385402 0.06503364 0.45484200
0.01371050 0.06046783 -0.38974148
0.10093616 0.06305919 -0.19283403
0.01035112 0.06580735 0.28606868
0.01967732 0.04905269 -0.28082892
-0.09158921 0.06643537 0.00778338
0.06435136 -0.07169402 -0.34806800
-0.07228633 0.05836146 0.27397686
-0.02946699 0.06939053 0.27343169
0.03149280 0.05494853 0.04633570
0.08999459 0.06749532 0.08644770
-0.03414404 0.06305575 0.25156048
0.06137538 0.06235563 -0.34556371
-0.09818801 0.05839114 0.16130888
0.02064646 0.06435826 -0.22051968
-0.01797151 0.06619121 0.07422084
0.00297029 0.06667934 -0.07265067
0.02080203 0.05946678 -0.32538220
-0.01882327 0.06554326 -0.20619035
-0.06685077 0.06587355 -0.31987584
0.04510041 0.07501547 0.14352061
-0.01927501 0.06346505 -0.44030884
0.07877412 0.06386122 -0.15303265
-0.08567549 0.06799150 0.04203091
0.07450732 0.06976195 -0.12220205
0.01955168 0.04985956 0.08684573
0.03545645 0.06619754 0.03879777
-0.03302222 0.05528290 0.21624100
0.06188020 0.02166010 -0.31579354
0.04618892 0.06644412 -0.24510550
-0.02919035 0.05116726 0.05111158
-0.09601565 0.06069315 -0.23628601
-0.03717040 0.05219096 -0.18758927
0.00188671 0.06528310 0.15080589
0.04039480 0.07296561 -0.04467086
0.09896996 0.06487159 0.20295390
0.06735571 0.05428742 -0.35258552
0.04357863 0.05870250 -0.02619930
-0.02050300 0.07077879 -0.04574768
0.07894368 0.07197583 0.30055985
-0.04176406 0.05451018 -0.33774278
-0.02019345 0.02192626 -0.35831320
0.01791230 0.07402235 -0.11915445
-0.08545493 0.06138745 0.27715608
0.05435415 0.05752276 -0.09427097
-0.05246447 0.05931895 0.22710595
0.01766089 0.04815757 -0.30131418
-0.09052911 0.03460288 0.32336420
-0.09194289 0.06621441 0.15715477
0.08412313 0.06510458 0.31188223
-0.11344828 0.05752950 -0.28749496
0.08028136 0.06148755 0.01019595
0.01924983 0.06679039 -0.22422300
-0.08992139 0.06623626 0.38205755
-0.08988754 0.05326394 0.10817799
0.02866464 0.06799914 0.37325394
-0.03024901 0.06917211 0.40276796
-0.06436121 0.06344361 -0.06910504
0.08293305 0.05637829 0.32027438
-0.05407059 0.06984333 -0.02005803
-0.10235226 0.05648537 0.23487337
-0.03705101 0.06485810 0.06901180
0.05312563 0.06520300 0.13191880
-0.02959566 0.06270632 -0.00822836
0.06117110 0.05900254 0.31937155
-0.00448679 0.06860548 -0.19503534
0.05001719 0.06388857 0.22410175
-0.07512493 0.06318090 0.32497835
-0.00375457 0.05860719 0.05437033
-0.03466460 0.05635896 -0.21548742
-0.06661215 0.06136630 -0.15005678
-0.07138450 0.05683516 0.22583993
-0.06224319 0.05795062 -0.26240557
0.04555870 0.05799628 0.19554999
0.04566239 0.06421286 -0.43519661
0.00386665 0.06230950 0.12164573
-0.09096926 0.06507695 0.23976853
0.01161562 0.06316931 -0.22856127
0.01089225 0.05189623 -0.28199100
0.06189539 0.06578335 0.03372406
0.07973891 0.07313952 -0.04051320
-0.08994319 0.06088905 -0.28617060
0.00835726 0.05811711 -0.31858617
0.10315835 0.06394259 0.05422315
-0.06645408 0.06043470 0.23454578
0.05858857 -0.04823110 0.35274833
0.05750030 0.06396522 0.35422909
-0.02590755 0.06391408 -0.20495108
-0.05822530 0.06255755 0.22004589
-0.00801373 0.06140450 0.32817808
0.03408495 0.05884865 -0.39041603
0.07611246 0.05894095 -0.01715539
0.03351363 0.07008319 -0.28670275
0.08815056 0.06107646 0.26431936
0.04639686 0.05364865 -0.02339101
0.06992403 0.06569482 0.33158416
-0.02492545 0.06458367 0.10437867
0.00791220 0.06217738 0.21826628
-0.00784321 0.05361643 -0.32157466
-0.00771567 0.06827001 -0.10697730
0.03080488 0.04811097 0.35815749
0.01749168 0.05722414 0.09391870
0.07329546 0.06800269 0.25693423
-0.08934161 0.06592524 0.32368967
-0.00622981 0.05863622 -0.16139729
-0.04033131 0.06839924 0.47248438
0.00546678 0.06536140 0.25468314
-0.05389337 0.06961481 0.06678545
0.01284616 0.05185614 -0.22455162
0.04167638 0.06355198 -0.25590944
0.10509206 0.07069758 -0.25333470
-0.04143035 0.06292270 0.37467465
-0.01285621 0.06300546 -0.13739994
-0.05108237 0.06471682 0.28835666
-0.09217884 0.05689143 -0.24179816
-0.07741494 0.05860427 0.25495428
-0.08067688 0.05585822 0.26616818
-0.02351947 0.05785476 0.26566538
-0.04287736 0.06877045 0.22360782
0.10493091 0.06867661 0.26200384
-0.02555933 0.06138550 0.00466491
0.00515267 0.05562468 -0.09285416
0.05327775 0.06317020 -0.46006066
0.00329073 0.06826585 -0.01810513
0.05630240 0.07072853 -0.05065658
-0.01942901 0.06476553 -0.07928254
-0.08445953 -0.00550644 -0.32404599
-0.07654372 0.05855436 -0.31190944
0.05197819 0.06018897 0.13630340
-0.04132400 0.05752829 0.15472215
0.00202781 0.06228666 -0.01250567
-0.02639270 0.06591280 -0.08627731
0.07670976 0.07022373 -0.00798918
0.02373582 0.07029685 -0.11738228
-0.06359847 0.06152961 -0.06780069
-0.09441717 0.05867988 -0.38230526
-0.01843816 0.05514774 -0.29479098
0.00387973 0.06707103 -0.20183784
0.05921999 0.06278154 -0.45846781
0.07082664 0.07032848 -0.11563222
-0.05569137 0.06334896 0.00236753
0.06665112 0.06605786 -0.11076583
-0.05226919 0.06093253 -0.43470919
0.08607206 0.06892780 -0.22717027
-0.03313300 0.05546451 0.30748165
-0.06162117 0.06741770 -0.33228925
-0.07141545 0.05982138 -0.09419654
-0.05709695 0.05801029 -0.42653149
-0.08231465 0.06531466 0.38355142
-0.03118567 0.06315112 0.09366263
-0.04239658 0.06352050 -0.41968024
0.03155065 0.06607233 -0.44306773
-0.01888370 0.07338329 0.07364069
0.09056378 0.06462726 -0.15280180
0.01042783 0.06102567 -0.20058964
0.03370389 0.06725022 -0.47276127
-0.03591708 0.05880947 -0.09203704
0.03896479 0.06446058 -0.43962497
0.08059654 0.05787583 0.18412225
0.08979567 0.05373053 0.20187449
0.03676315 0.06266296 0.34120029
0.08420223 0.06210545 -0.24554405
0.09477118 0.05402607 0.15479840
-0.00168502 0.05868865 -0.31006715
-0.07831132 -0.00463475 -0.36416048
-0.06509088 0.06401400 0.35531408
-0.03887505 0.06519991 -0.21504177
-0.00422851 0.06080843 -0.14532237
0.09317831 0.06772001 0.45332700
-0.01210590 0.05286719 0.13357034
0.01484238 0.06344365 0.15136355
-0.02568962 0.07026984 0.23417686
0.02375504 0.07037140 -0.03318946
0.05172795 0.06007991 -0.36669654
0.04147054 0.06505205 -0.42624906
-0.06938165 0.06319999 0.33247644
-0.01548500 0.05678893 0.32211900
0.01078633 0.06886832 -0.31276309
0.05278597 0.05541061 -0.35634473
0.05011898 0.06856479 0.41894042
-0.03530954 0.06642888 0.43575680
-0.04340516 0.07085066 0.44188404
-0.03067837 0.06375533 0.04419441
-0.08548599 0.06469007 -0.10909165
-0.08612479 0.06460725 0.05899571
0.09152518 0.07104700 0.02253926
-0.06674345 0.06186053 -0.46837381
0.02950490 0.06940062 0.27990934
-0.04993578 0.05870932 0.30259761
0.09343190 0.06252586 0.21052983
0.02864657 0.05333742 0.04212828
-0.08901245 0.06007447 0.14843477
-0.06565896 0.06434290 -0.15683866
-0.09147368 0.05879068 0.19492851
0.08119117 0.05807579 -0.45997614
-0.05905045 0.06089570 -0.11808558
-0.03079329 0.06477047 -0.13997620
-0.06900705 0.06040272 -0.40187487
0.07603281 0.06988911 -0.09323576
-0.09190591 0.05337258 0.25224674
-0.07644136 0.06092831 0.31879473
-0.07321580 0.06519070 0.14475627
-0.00456139 0.06484719 0.12406085
0.08512262 0.05551894 0.01778368
-0.02530293 0.06678005 0.41124973
-0.09386674 0.06043331 0.01843790
-0.05046031 0.06124635 -0.14867985
-0.03578232 0.06690874 -0.18744014
0.08723076 0.06075263 -0.15232459
-0.03241900 -0.00902745 -0.32055971
-0.01793763 0.06457928 0.41536596
-0.08151349 0.06214934 -0.24123505
0.01820030 0.06076837 0.15131234
0.05600001 0.06679852 -0.36422172
0.07805682 0.06228536 -0.12725246
-0.05611385 0.06776938 -0.23462704
0.04933026 0.05696991 0.04352197
0.05959763 0.04968119 0.28604919
0.03236968 0.05983431 -0.30194327
0.08272853 0.06610405 -0.05590467
0.02795989 0.06639425 0.19829124
-0.05019663 0.06637462 0.36470237
-0.06767194 0.06804941 0.33854604
-0.03595779 0.05701838 -0.27190515
0.02126120 0.06429895 0.03470542
-0.07716097 0.05653274 0.06417364
-0.08677116 0.05484588 0.21425551
0.10118505 0.06703776 -0.11015944
0.05576076 0.05461847 0.01559276
-0.05711041 0.06459008 0.09320311
0.05022506 0.06961637 0.10349613
0.09838244 0.07031225 0.23586613
0.07403356 0.06602564 0.40695617
0.00281592 0.05878447 0.31721538
0.00887429 0.06645139 -0.01529590
-0.08546847 0.06304996 0.30029395
-0.09456951 0.06318533 0.19682953
-0.10379469 0.06128180 0.16059263
0.03011812 0.06144217 -0.32250443
-0.05575187 0.07077907 -0.01736634
-0.09253133 0.05867314 -0.05475868
-0.04023274 0.06339183 -0.09075910
0.00894600 0.05750766 0.24001090
0.02517113 0.05663996 0.00431954
-0.05487575 0.06333627 0.06052316
0.04318140 0.06368063 -0.42316258
0.08627063 0.05720889 0.19668697
-0.04614382 0.06550667 -0.07281832
-0.06959911 0.07173122 0.33571944
-0.00185819 0.06953083 0.40843761
-0.06704636 0.06921943 0.08431825
0.10040978 0.06852154 0.05712631
0.00168445 0.06585765 -0.09563800
0.03651061 0.05867374 -0.12805730
-0.08040605 0.06239421 0.02237625
0.09303278 0.07141804 0.35503706
-0.02333101 0.06842464 -0.27499127
0.09126589 0.04846226 0.33692250
0.01886554 0.05985707 0.21170188
0.07482767 0.04172614 -0.33771548
0.02770180 0.06312056 -0.11319919
-0.01275546 0.06737617 0.21740787
0.07290982 0.06011616 -0.29208952
-0.06929678 0.06235286 -0.36019847
0.00804470 0.05749731 -0.28024799
0.08668553 0.05216910 -0.18695544
-0.03747918 0.06571444 0.35070711
-0.03840446 0.05971189 0.05136388
0.04844178 0.05775226 -0.31433469
0.05095550 0.06324592 -0.40935206
0.00800916 0.07237802 -0.02444882
0.05750418 0.07521109 -0.33134320
-0.01070198 0.06051280 -0.17906915
0.03621098 0.06472449 0.17552103
0.01616282 0.06438974 0.26344192
0.07896009 0.06834906 0.46123281
-0.03883217 0.07259369 0.17826231
0.08581580 0.07427241 -0.14531025
-0.00275885 0.07264847 -0.03456324
-0.06592554 -0.06138980 -0.36229032
0.07933638 0.05194889 0.34006625
-0.06525895 0.05848303 -0.38990465
0.08931718 0.06907848 0.43004748
0.06549604 0.06655364 -0.25057238
-0.04346539 0.06443991 0.04030218
0.04825914 0.05464280 -0.01390976
-0.01954708 0.06102812 0.13330378
-0.02422885 0.05533196 0.02849732
-0.04446222 0.06777371 0.46629047
0.01885158 0.06321114 -0.44613907
-0.01167420 0.05966232 0.25247881
-0.07495630 0.01625832 0.32303271
0.00966776 0.06599893 -0.17895104
-0.08122792 0.04920237 -0.32176742
0.01841075 0.05901889 -0.24190880
0.04412059 0.06445074 0.18345901
0.09080251 0.07159901 -0.01254125
-0.06597608 0.06331915 0.16470037
0.07661939 0.07011290 -0.27306983
0.04906930 0.06299160 -0.29111198
-0.06738085 0.05528291 0.01566899
0.03834234 0.06129539 0.22557476
0.02410307 0.06950306 -0.00832783
-0.08146881 0.05748971 0.06281076
-0.07555909 0.06434451 -0.37189820
-0.03170265 0.05968211 0.00513959
-0.00146950 0.06685903 -0.01734487
0.00804881 0.07046850 0.45739013
-0.04267634 0.06886254 -0.36857760
0.04439345 0.07073487 0.32979089
-0.09986468 0.06308801 0.05102893
0.06210101 0.06833309 0.28239757
0.01427607 0.06600951 -0.01408402
0.06705896 0.06348599 -0.05673283
-0.04044504 0.05559192 -0.31932315
0.05723657 0.06969787 0.05102030
0.02234368 0.06484456 -0.04280094
0.09371604 0.06279646 0.04018899
-0.04662484 0.06501905 -0.37380815
0.03234316 0.06796674 -0.20933180
0.00786031 0.06469118 0.00952400
-0.08047467 0.06347629 -0.18191803
0.09161571 0.07019572 0.42365000
-0.02842021 0.06540927 -0.09744162
-0.03027188 0.06349915 0.09027269
0.05471856 0.06398196 -0.36641893
-0.03134705 0.06564870 0.18251494
0.04197935 0.06361120 0.39681393
0.04913155 0.06249992 0.07503824
0.01238187 0.06197539 0.10974602
-0.04870198 0.04958365 -0.17737314
0.00577393 0.05116585 0.36119735
-0.05894971 0.06924523 0.46449295
-0.04784587 0.02545284 0.30302870
-0.07775517 0.06882833 0.19184870
0.07040702 0.06423920 -0.00530516
-0.01267478 0.06239341 -0.29477486
-0.04800091 0.04938545 -0.13043575
-0.01199894 0.06888676 0.03987389
0.03008141 0.05958002 -0.01089987
-0.06729672 0.06197548 -0.10790007
0.02082406 0.06831143 0.37005186
-0.07443453 0.03339732 0.36030602
-0.00517630 0.06873677 0.46743628
0.05477828 0.06722127 -0.00106991
0.02203147 0.05145503 -0.26094893
-0.06595229 0.06316195 0.11921547
-0.07771112 0.06023770 -0.06539929
0.04853600 0.07032131 -0.31891426
0.06738665 0.06119280 0.43963778
-0.08197287 0.06258692 -0.09169444
0.00868664 0.05807734 -0.40418535
-0.06792650 0.08102724 -0.35239726
0.02389192 0.04994940 0.28188503
-0.03957932 0.06812786 0.46482128
0.07419763 0.06912656 -0.20240156
-0.03976870 0.06994289 0.08969329
-0.07369912 0.05483913 0.10019760
0.06818406 0.06299917 -0.03397817
0.02037478 0.05820033 -0.41997597
-0.06544639 0.05845661 -0.31454927
-0.08975501 0.04642941 -0.36292088
-0.03161404 0.05787668 0.18860495
-0.06631545 -0.03587809 -0.35539490
0.05509206 0.07700596 -0.21895355
-0.00829572 0.07081892 0.34704387
0.02650315 0.06412483 -0.24694851
0.07692762 0.06745563 -0.25739795
-0.07691643 0.06689759 -0.43213597
0.05721455 0.06461209 0.10968530
0.04913205 -0.04072053 0.33476612
-0.05636424 0.06587987 -0.37966499
0.02333265 0.02051365 -0.13583145
0.03870577 0.06029516 -0.35924900
0.03905801 0.06344827 0.25615883
0.04921188 0.06094006 -0.13137645
-0.02586521 0.05979249 -0.18230212
-0.07228479 0.06390836 -0.30159232
0.01784121 0.05627269 0.37818861
-0.03718737 0.06876340 -0.14612952
0.06829826 0.07302021 -0.03736366
0.06543355 0.06891577 0.30239749
-0.09068112 0.06402782 -0.10679378
-0.07959621 0.06900934 0.11593960
-0.09956218 0.06006867 0.11612827
-0.04067958 0.06507109 -0.26976070
-0.02902753 0.05723636 0.10895052
0.01594041 0.07431374 0.44835159
0.02847639 0.06324919 0.12808166
0.08852052 0.06389751 0.10052659
-0.03081033 0.05734058 0.08011122
0.06553382 0.06228837 0.03937912
0.07482222 0.05670453 -0.05706812
-0.00358177 0.06571670 0.46588114
-0.01730552 0.06008906 -0.37334591
-0.09568045 0.06515078 -0.39096436
-0.07784177 0.06284253 -0.45790827
0.10015386 0.06122450 0.01071211
0.02467405 0.05963024 0.41247815
-0.05950636 0.05923970 -0.04096582
-0.03325628 0.07274004 0.38070488
-0.07383476 0.06519244 -0.06193709
0.09511063 0.06968831 -0.07772458
-0.00593750 0.06782464 -0.15205373
0.01106902 0.06232890 -0.44687212
0.00228697 0.06582879 -0.42184192
0.00932913 0.06150479 -0.09329437
-0.04954053 0.06301697 0.43125910
0.04047374 0.04800128 0.27956814
0.00998339 0.06497496 -0.25173831
0.00038513 0.06454937 0.26304132
-0.06076207 0.06308016 -0.16623777
0.05673737 0.06595884 -0.45310131
-0.05368135 0.06072937 -0.10059082
-0.03735493 0.06806949 -0.23229997
0.06043431 0.05395066 -0.24291070
0.08489489 0.06318556 0.04998566
