0.23797576 0.20611210 -0.30823284
-0.06416782 0.19959776 -0.28943819
-0.03708079 0.20716551 -0.17922124
0.12743391 0.19640067 -0.36390632
-0.23828295 0.21108425 0.21895361
0.16221088 0.20750080 0.04220906
-0.13992058 0.20926996 0.17376061
-0.14396216 0.20393488 0.37510210
-0.24517654 0.20612900 0.06538731
0.15128671 0.20426995 -0.27696654
0.15007274 0.20885879 -0.04773134
0.20503443 0.19975726 -0.35100609
-0.22927931 -0.07666525 -0.37634668
-0.16878001 0.21223427 0.34662345
0.22618595 0.20095891 0.03076223
0.04624693 0.20845832 -0.29072604
0.10790499 0.20775077 -0.18957146
-0.03329810 0.20375459 0.32667550
-0.19586942 0.20315634 -0.37629950
-0.08071719 0.20035197 -0.16616726
0.00853911 0.19731076 0.16365851
0.21980605 0.20632431 -0.11456281
-0.12641339 0.20657183 0.00359217
-0.23910435 0.19175151 0.12385052
0.24416344 0.19708963 0.10863347
-0.05402732 0.20036286 0.01603974
-0.23596181 0.20983894 0.23390642
0.23941118 0.12036326 -0.35050374
-0.16311677 0.20702747 -0.07221568
0.01007374 0.19378443 0.17480594
0.15382431 0.19710816 0.36705717
-0.06681006 0.20855612 0.13146162
-0.22460003 0.20541479 -0.32727391
0.22852060 0.18840982 -0.00777849
-0.14139636 0.19609316 0.04526690
-0.20005995 0.21053052 0.22283140
0.24243051 -0.11435296 0.36489081
0.03008204 0.20390867 -0.15691751
0.05345405 0.20821755 -0.07280527
-0.19163528 0.21103862 -0.35526094
-0.23600829 0.20679027 -0.18219070
0.24288742 0.20362951 0.11663552
0.21172951 0.20673899 -0.14129089
-0.15350789 0.20738405 -0.05799502
0.07531798 0.20749711 -0.08026884
0.07801937 0.21355012 -0.02333671
0.10439591 0.19971699 0.09344291
-0.21716693 0.20553049 0.15391459
-0.00659964 0.20993426 -0.02764878
0.22676641 0.18729447 -0.23128608
-0.23153840 0.18588492 -0.23463988
0.24579263 0.08882896 -0.35907102
-0.24154259 0.20827752 0.07288723
-0.23595782 0.08018618 -0.36787224
-0.18837588 0.20813973 0.32050863
-0.18019569 0.20871985 0.22599424
0.24446809 0.20676878 0.24794102
-0.04807859 0.19072132 -0.31840989
0.15512398 0.20548475 -0.23410942
0.23945849 0.18191285 -0.36266202
-0.22454208 -0.17087710 -0.36820364
0.17843336 0.20393702 -0.05705455
0.15663727 0.20892142 0.04644846
0.09801923 0.20895642 -0.00954799
-0.06250957 0.20487718 -0.27195442
-0.23457475 0.04869378 -0.37124309
-0.21807894 0.19785629 0.34947079
-0.08521062 0.20370652 -0.04289790
0.04284028 0.20772976 -0.00267218
-0.13077694 0.20773061 0.04174042
-0.14001350 0.20802417 -0.20438054
0.24159850 0.20315202 -0.15455434
-0.22562321 0.19536807 -0.19712842
-0.22011580 0.16380714 0.36977458
0.08625937 0.19760966 0.23757069
0.17444414 0.20901805 0.16799995
-0.22213514 0.19099376 -0.11365200
0.24361676 0.14625947 -0.35297790
0.11923562 0.20604901 -0.16448426
-0.23617648 0.19923773 0.06901167
-0.12253450 0.21435988 0.25423902
0.16051883 0.21117176 0.07085864
0.17929234 0.21151969 0.22174823
0.22965336 0.21201834 -0.01352181
0.19318244 0.20748353 0.07680143
-0.07819174 0.21178289 -0.28591031
0.21707009 0.20997065 0.19320506
-0.09025871 0.18895330 0.34749261
0.22393832 -0.02757834 0.37155503
-0.23600462 0.20747484 -0.29700384
-0.22453293 0.13798559 -0.34352165
0.01308480 0.20661892 -0.04013072
-0.00881475 0.20655762 0.05451573
0.07930348 0.19984126 -0.10871091
0.21372736 0.17250064 0.36248273
0.22754574 0.19781092 -0.32986888
-0.01667204 0.21054168 -0.31876507
0.20796666 0.21024325 -0.19250013
0.23998688 0.20261413 -0.01082572
-0.21872427 -0.16853499 0.36872220
0.02580644 0.21157065 0.14771158
-0.01407837 0.20941480 -0.01390177
0.03264376 0.20684572 -0.07776338
-0.10569732 0.20962913 0.06694760
-0.23100430 -0.16708264 0.37173423
0.08158067 0.20274268 -0.30632356
-0.19309038 0.19885570 -0.03681529
0.19139838 0.21241556 0.06593064
-0.09391035 0.20008786 -0.20117131
-0.18063037 0.20721652 -0.16214262
-0.09836061 0.19797984 -0.13145490
-0.05024956 0.21298583 -0.14501044
-0.22486459 0.20258722 0.04166846
0.11622446 0.20562418 -0.02800317
0.09449781 0.20547926 0.34834409
0.13203913 0.20280185 -0.09228706
-0.20306198 0.20867680 -0.15384346
0.24260499 0.20364006 0.03683517
-0.22736979 0.20079887 0.27131283
0.21993427 0.20654111 -0.16117261
0.01105671 0.19520922 -0.05224437
-0.23105527 0.18910272 0.04527621
-0.00730287 0.20355700 0.30950290
-0.21846257 0.21145964 -0.25732258
0.13396311 0.20541777 -0.35823798
-0.20636207 0.20686252 -0.13558003
0.21419908 0.20351230 0.15199026
0.23060827 0.00433961 -0.37409669
-0.06996497 0.20429125 0.14442210
0.16799779 0.20703121 -0.26714745
0.19350596 0.20845889 0.14321476
-0.10282646 0.19321616 0.37613681
0.08259267 0.20339265 -0.10856023
-0.05768824 0.19767404 0.12429828
0.03749802 0.20774426 -0.19188888
-0.23310702 0.17636828 -0.30475748
0.08570243 0.20765387 -0.19199122
0.06437358 0.21130653 0.30442309
0.01759254 0.21150726 0.11347818
-0.19913422 0.20783472 -0.00020405
0.22654934 -0.15998891 0.37270039
-0.10663006 0.20227435 -0.11796694
-0.10192645 0.20018196 0.12020140
-0.12467904 0.19826826 0.07936710
0.01270170 0.20802255 0.25107065
0.20807165 0.20002642 0.38205424
0.17210513 0.20513688 0.04321796
0.22016045 0.20468505 0.37004459
-0.12909637 0.18838803 -0.36847347
0.13460515 0.20662221 0.03284640
-0.02203153 0.20374379 -0.24444893
-0.17874941 0.20953596 -0.07542945
-0.03883879 0.20447923 -0.04879633
-0.01026793 0.21192192 -0.32831565
0.02915300 0.20504290 0.10574113
-0.03125938 0.18794264 -0.36194009
-0.08419004 0.20746505 0.29316124
0.09704543 0.20895262 -0.03633012
-0.24184714 0.20771563 0.01229245
-0.07862154 0.20786038 -0.17418835
-0.15676028 0.20289156 0.21859491
0.22981432 0.19344747 0.35488105
-0.21667089 0.20269284 0.03386215
-0.22502191 0.20680107 -0.27321258
-0.17908339 0.19362295 0.05518313
-0.13442399 0.20433955 0.36672989
-0.16186665 0.20673561 -0.00778418
0.20373873 0.21032868 -0.10997236
-0.23322049 0.19808827 0.32411462
0.24089974 0.06206088 0.35127336
0.17683624 0.20883100 0.23393610
-0.23664655 -0.15274563 -0.36746401
0.01143805 0.20902902 -0.11571078
-0.00997039 0.20370391 0.37907678
-0.23880237 0.20630486 0.17794618
0.07038043 0.20646985 -0.08283745
-0.10041189 0.20204817 0.36661670
-0.16150773 0.20920438 -0.11714514
-0.21920274 0.21419631 -0.01366460
0.01368101 0.20807841 -0.34245750
-0.03559208 0.19994806 -0.34166580
0.02685210 0.21187231 0.14831217
0.16162808 0.21103004 0.32483855
0.12138799 0.20479238 0.10315037
-0.08260690 0.20865870 0.34342068
-0.19534974 0.20740391 0.20128201
-0.23116182 0.03509992 -0.36601615
-0.18168058 0.20680594 0.26397935
-0.09691062 0.20609763 0.33881053
0.24207975 -0.04780268 -0.34780094
-0.24020861 0.20796962 -0.31876057
-0.22234540 0.05040891 0.36547658
-0.04984371 0.21038185 0.19197091
-0.05357294 0.20956695 0.14058800
-0.08918290 0.20613763 -0.12396154
-0.12324112 0.20958519 -0.36233860
-0.24278359 -0.15625896 0.35086668
-0.04067644 0.20232116 0.31876710
-0.11033978 0.20906301 0.35132393
0.10991391 0.21005568 -0.28946206
-0.22274737 -0.03071573 0.35384423
-0.00990627 0.20062470 -0.02380086
0.22708909 0.18610831 -0.11075570
0.06844528 0.19072251 -0.36682335
-0.18811806 0.19587202 0.36159045
0.23314472 -0.17334838 0.36928815
0.22883174 0.19160099 0.08093562
0.09205890 0.20101407 -0.12849753
-0.03106511 0.21296760 0.29717118
-0.08022848 0.21080492 -0.24754483
0.17137384 0.20957589 0.04695798
0.08588174 0.20079336 -0.08085345
-0.12794869 0.20600143 0.23469113
-0.03083553 0.19956192 -0.23382732
-0.17842643 0.19634739 0.35407352
0.23731995 0.19957776 0.28217593
0.10862322 0.19541760 0.35224187
0.23010363 -0.14868185 -0.35387817
0.23153940 0.18612783 0.06536333
0.02098201 0.20695955 -0.07005110
-0.12633260 0.21007539 0.04341991
0.16867563 0.20839895 0.12273321
-0.22833124 0.19055529 -0.32965142
-0.08954712 0.20398997 -0.37630299
-0.03217143 0.20599319 -0.02751445
0.18554483 0.21137938 0.34240112
-0.04100689 0.20890096 0.14672354
-0.18449941 0.21094258 -0.19347788
0.12464946 0.19927995 0.03700610
0.22360080 0.20061767 -0.19618504
0.13503394 0.20145759 0.09826212
-0.15801030 0.20231524 -0.02271737
-0.09347663 0.20939749 0.28530744
0.07703175 0.19469154 0.37109256
-0.21141037 0.14933930 0.34966156
0.09369487 0.20810851 -0.20479383
-0.24769689 0.20585383 -0.06555668
-0.11584554 0.21086569 -0.22299345
-0.11582182 0.20378760 -0.18870173
-0.22611955 0.19896884 0.28886682
-0.21855190 0.16508031 0.34242082
0.07811262 0.20778210 -0.26012594
0.00717005 0.18519460 -0.36326608
-0.22834776 0.18547243 0.02554668
-0.03403496 0.20769395 -0.20205784
-0.24323329 0.20758787 0.26897874
-0.02787448 0.20790449 0.16425231
0.22657099 0.20657001 0.20449996
0.23396750 -0.17075320 0.36257499
-0.21849361 0.21634473 -0.11607275
-0.00636264 0.20868370 -0.12866282
0.05965214 0.20682652 0.30118087
-0.05378265 0.20825097 0.04191244
0.15526745 0.21341749 0.21131362
0.00644816 0.20889391 0.30842504
-0.23611218 0.18698838 -0.33625883
0.16571428 0.21036139 0.09848372
-0.11688625 0.20758843 0.18111353
-0.24522755 0.19836777 -0.25826949
-0.14491765 0.20088245 -0.38070086
-0.04634100 0.19562592 -0.09056722
0.03719417 0.21020928 0.19991940
0.24356146 -0.06367044 0.35361207
0.22710754 -0.09393378 -0.35121742
0.09401263 0.21247028 -0.33641177
-0.00323150 0.20106775 -0.01153161
0.04567523 0.18004899 0.36577961
0.05903250 0.20519231 -0.10218737
-0.00942642 0.20739828 0.24751452
-0.07479182 0.20245633 -0.21175309
-0.18512355 0.20755276 -0.18137528
-0.14280276 0.20210357 0.08132811
0.04839672 0.20745257 0.32179567
0.03191419 0.21084428 -0.12619662
-0.12370785 0.20294145 -0.34162754
-0.21445483 0.20434895 -0.29091561
0.22841297 0.19951141 -0.13246284
0.06482892 0.20884486 0.12651986
-0.07633477 0.21232924 0.25173175
0.05176684 0.20666166 0.13845786
-0.22060648 0.21061695 -0.11777520
-0.13544083 0.20947307 -0.08755669
0.20128645 0.19792098 0.37165773
0.06098992 0.19360882 0.20742124
0.10009942 0.20616789 -0.36879668
-0.17814177 0.20826611 0.20886524
-0.11549605 0.20782037 -0.01490955
0.24333216 0.19740322 0.34589651
0.17156522 0.20336053 0.20650843
0.23831891 0.09267099 0.36821884
-0.24087478 0.19023013 -0.31236875
-0.21785937 0.21655874 -0.02732353
0.12495329 0.21122985 0.16959941
-0.22771499 -0.19858064 -0.36870030
-0.06094559 0.20868291 -0.32041526
-0.14653015 0.20641725 0.09070613
0.08538765 0.20218869 -0.03596888
0.16817321 0.20660034 -0.08969094
0.13738772 0.21018945 -0.00975890
-0.20065498 0.20434543 -0.14752796
-0.13248618 0.19382273 0.33614025
-0.21981905 0.15807785 -0.36643603
-0.20514980 0.20675068 -0.36958840
-0.01496160 0.20394939 0.37656009
-0.08155904 0.20639426 -0.25689486
0.23365805 0.15294701 -0.35694116
-0.05797478 0.20920263 -0.05577447
0.18864881 0.20609112 -0.20666718
0.23926669 0.13609159 0.35342398
-0.21784762 0.20137353 0.00432230
-0.15013559 0.20984031 0.07434097
-0.09501678 0.20496762 -0.22525550
0.24084029 0.18068264 -0.34035367
0.14104019 0.20758140 0.12975666
0.23755541 0.20523326 -0.25105619
-0.16069177 0.19454373 -0.36594331
0.23054039 -0.05364164 -0.37389523
-0.03182539 0.20581837 0.06692570
-0.23674883 -0.06956418 0.34806511
0.20955463 0.20948541 -0.35624132
0.04489014 0.20652704 -0.24654628
0.14463629 0.19852804 -0.11477249
0.09378345 0.20805453 -0.19390133
0.12303203 0.20791158 -0.11288565
-0.23393564 0.20823412 0.10042270
-0.14009848 0.21013804 -0.26115638
0.24116512 -0.13782644 0.35347304
0.22388229 0.18515152 0.31407380
0.20805189 0.20969111 0.07275842
0.22206758 0.20023064 -0.13149711
0.08652416 0.20426072 -0.17895624
0.24396229 0.20438631 -0.25380215
0.22658448 0.19369592 -0.30195728
0.01362904 0.20662197 0.04002935
0.05237387 0.18023646 0.36501339
0.23798284 0.19592564 -0.20083015
0.17644817 0.19153005 0.37434182
0.00551154 0.20628189 -0.09343002
-0.12845023 0.20882960 -0.04083827
0.15502056 0.20925041 0.24535762
0.15357296 0.20279707 -0.24723309
-0.00703567 0.20828794 -0.22007981
0.15946394 0.20549010 0.15661417
-0.09289875 0.20214999 -0.31546390
-0.22549991 -0.07045814 0.37249833
-0.12744233 0.20851116 0.20858179
-0.24060923 -0.00829630 -0.36905077
-0.07533303 0.21034056 0.11951834
0.23323740 0.20667529 0.11228202
-0.21902564 0.18097039 0.37570280
-0.06442761 0.20428760 -0.31550807
0.22834961 -0.20241834 -0.36563846
-0.23180260 0.18578592 -0.03195624
-0.24030802 -0.15652137 0.34181646
-0.13682997 0.20928690 -0.14141870
-0.04781977 0.20368993 0.11611472
-0.21660249 0.18779962 0.15663545
0.22440669 0.19295120 0.37628919
-0.12094453 0.21094665 -0.20465568
-0.24237874 0.20546928 -0.37727010
0.09459363 0.20367110 0.26970801
0.13663781 0.20704770 0.20425177
-0.20498616 0.20848723 0.26738873
0.05663331 0.20951065 -0.35051125
0.22345111 0.21533936 -0.37767053
-0.23570490 0.00725098 -0.37189248
0.14619963 0.20707293 -0.02644741
0.03476566 0.19682737 -0.12651120
-0.11562672 0.20923775 -0.03326631
-0.05786614 0.20618545 0.06543171
0.08743541 0.21016757 -0.16461360
-0.22477397 -0.11353950 0.37390873
-0.00154871 0.20624757 -0.06662057
-0.12890524 0.19894193 0.20500395
0.08612026 0.20722595 -0.30462673
-0.16270943 0.18961534 -0.36596388
0.14659260 0.20699833 0.15988132
0.12354438 0.20520659 0.00093278
-0.24318562 0.20776075 -0.20723200
-0.22119790 0.19822174 0.08547409
-0.21730433 0.20831944 -0.35987812
-0.22193795 0.21008958 0.32417527
0.01797156 0.20816366 -0.08630269
0.02860929 0.20970853 -0.18249539
-0.07986020 0.20681588 0.31796452
0.16159970 0.20200057 -0.12200723
-0.24008846 0.20643184 0.12276430
-0.24466969 0.20484212 0.16929179
-0.10121261 0.20106462 -0.37372056
-0.13416515 0.19611517 -0.12728658
0.20608845 0.20368363 0.04652865
-0.17879963 0.20936002 -0.37643427
0.03146137 0.20023222 -0.13832018
-0.07867902 0.20977457 0.22423175
0.07850304 0.20596804 -0.37082288
0.19225280 0.20643000 0.34071383
-0.23714884 -0.14929120 -0.35148793
-0.02395315 0.20868252 -0.33607125
0.21874338 0.20797583 -0.02258130
0.05259981 0.21138230 0.30799240
-0.12500930 0.20844011 -0.34055924
-0.18936804 0.21076623 0.29450071
0.22737204 0.11616802 -0.35608342
-0.21648148 0.18787894 0.18971319
-0.21773300 0.20965356 0.23784864
0.20462640 0.20599905 -0.04491702
0.07398325 0.20938711 0.33769161
-0.15904577 0.20914462 0.21657354
-0.18736848 0.20735179 0.22537683
0.02383302 0.21135694 0.02088962
0.06839497 0.20703879 -0.13189885
-0.12337032 0.21127133 0.23352468
0.21546340 0.15331158 -0.36971521
-0.07500598 0.21138559 -0.06900658
-0.21466932 0.20790511 -0.07332949
0.16249162 0.20299372 -0.16809723
0.02375184 0.20826297 -0.25411665
0.06555583 0.19858366 0.15622032
0.01225752 0.18867812 -0.35122374
-0.17205906 0.19677438 0.32884771
-0.22338752 0.18812856 0.09410036
-0.21563792 0.21129480 0.06562272
-0.22640653 0.14353706 0.36955562
-0.23811041 0.10346265 -0.36695287
0.16222608 0.20804380 0.01331023
-0.00941558 0.20818354 -0.29467341
-0.00223051 0.20820811 0.02287388
-0.05869241 0.20794280 -0.37492695
-0.07567523 0.17897423 0.36389226
0.22860457 0.20981036 0.20793964
0.16051652 0.20360501 0.01580683
0.24176911 0.19960997 0.34877959
-0.10691284 0.20746963 0.07179426
-0.15396759 0.20662226 -0.09947626
-0.24234107 0.21255660 -0.12243417
0.23192449 0.20574944 0.36413386
-0.05513507 0.20083821 0.24961621
-0.12284197 0.20782632 0.32192695
0.22145939 0.20998698 -0.34321752
0.22444804 0.18807550 -0.32197708
-0.06872828 0.20600499 -0.16228428
0.05634141 0.20208880 -0.08372636
-0.03296501 0.20308359 -0.11642354
-0.02076692 0.21026388 0.21628505
0.12062076 0.20318891 -0.01765176
-0.10060620 0.20817590 -0.07312718
-0.02057353 0.21089208 0.34988177
0.03355916 0.20820761 0.10423425
-0.23709558 0.07720979 -0.37015373
-0.03501505 0.20816275 -0.31329858
0.03490558 0.20799567 0.24173656
-0.23924008 0.13235092 0.35444942
-0.22989288 0.09998181 -0.36618906
0.11684009 0.20806687 -0.01480832
-0.18925720 0.20936716 -0.10569376
0.04989967 0.20676312 -0.22664814
0.23234828 0.10274208 0.35014138
0.08283713 0.19910485 0.11029076
-0.21786523 0.19852945 0.09633826
0.00114201 0.20432745 0.37109229
0.13954529 0.21086524 0.34093848
-0.23534690 0.19073352 0.10733037
-0.22791921 0.18820250 0.18288450
0.11018933 0.20605023 -0.28740442
-0.12412634 0.20763178 0.16356255
-0.22961566 0.19585878 -0.17473784
-0.08193203 0.20957856 -0.27131709
-0.16661091 0.20834208 0.02655135
-0.23062411 0.12476644 0.36886191
0.20339017 0.20267165 0.04955906
0.10169232 0.21148510 0.27589414
0.24016018 -0.17776726 0.36842057
-0.05329928 0.20952712 -0.17624180
-0.06027895 0.21120317 -0.35647607
-0.21879737 0.19255848 0.36362928
0.23086262 0.12253065 -0.37350249
0.06958054 0.20874467 -0.32655275
0.02243671 0.20687549 0.27675471
0.22261937 -0.02096806 0.35979852
-0.23135231 0.18645738 0.14387070
-0.20702453 0.20913193 0.17830488
0.22977157 0.17232656 0.36584547
-0.19554828 0.20941082 0.00594267
-0.22615987 -0.07729152 -0.35769358
0.13247301 0.20858103 -0.11274487
0.22732012 0.12981197 -0.37215033
-0.08503847 0.19746859 -0.07916379
-0.04006663 0.20756263 -0.28233337
-0.24474639 0.20906851 0.23886305
0.20945133 0.20925444 0.00564078
-0.11417065 0.20953691 -0.32067677
-0.23108976 0.04445445 -0.36013466
0.23991181 0.19754593 0.05825291
-0.11948278 0.19810005 0.19396400
-0.18764086 0.20126565 0.37480459
0.24149562 0.19423032 -0.07019971
0.23118863 -0.15445796 0.37068796
0.22163741 0.04692267 0.35600156
0.06245951 0.19937071 0.24758114
-0.02764231 0.20397991 0.12884426
-0.09604953 0.19970006 -0.11225221
0.16880527 0.20805679 0.22366391
0.24247000 0.19743039 0.36798722
0.20373026 0.20629795 0.26448327
-0.22283728 0.21409108 -0.03350738
0.06920446 0.20175774 -0.00466790
-0.15798110 0.20593254 0.18365496
0.08430685 0.20924014 -0.01249305
-0.02180785 0.20907271 -0.22123982
-0.07010579 0.20629537 -0.37441429
0.17617957 0.20506679 -0.16663043
-0.17881157 0.20805122 0.04773200
0.15094332 0.21109639 0.08912934
-0.15889795 0.20581309 0.10764098
0.22331583 0.08591793 0.35604098
-0.14612305 0.20075440 -0.20083410
0.22881310 0.10006678 0.35710108
-0.17713600 0.21116537 -0.06511346
0.15740477 0.20804274 0.06162526
0.17327718 0.20692566 -0.09019578
0.04217313 0.20688458 -0.06285424
-0.06255077 0.21006100 -0.08761667
0.00309802 0.20863238 -0.25472444
-0.24786784 0.20167346 0.35071462
-0.04080334 0.20739986 -0.24870892
-0.01372035 0.20675912 -0.21011129
0.22909698 0.08530980 -0.34959337
0.18581250 0.21409521 0.28557327
0.13059348 0.20205934 -0.05514452
-0.23338875 -0.18428203 0.35008919
-0.07234388 0.19800225 0.02729245
-0.23052150 0.18693887 -0.25876316
0.10115471 0.20106763 -0.19038829
0.10774926 0.20293708 0.15812168
0.18553254 0.20494668 -0.36350757
-0.23151787 0.17737848 -0.35222778
0.23278701 0.18929829 0.08356719
-0.14991526 0.20272189 -0.04160883
-0.00576050 0.18399231 -0.36748129
0.17563610 0.20416015 0.02974299
0.03036411 0.20405555 -0.10262381
-0.21251333 0.20159532 0.07858407
0.18511941 0.20368038 -0.22664429
0.14659674 0.19261579 -0.35705367
0.24303551 0.11217490 -0.36806443
-0.22267488 0.21218370 0.13689610
-0.24283046 0.20351212 0.33102605
0.23998690 0.05400879 0.35767263
0.24247664 0.20568877 0.04900213
-0.02076164 0.20752813 -0.04037310
0.15998314 0.20540009 0.36533692
0.18621853 0.20531227 -0.30710369
-0.05706558 0.20017935 0.00449954
-0.10640248 0.20638871 0.12000471
-0.24383736 0.20632319 -0.29749751
0.10261947 0.20145440 0.31377602
-0.17827764 0.21071158 0.01761608
0.00789118 0.20948267 0.19278666
0.01425838 0.20753221 0.11799560
0.20208763 0.21000175 -0.15842587
0.21821930 0.20166469 -0.33034676
-0.11983065 0.20919544 0.11784440
0.01607045 0.20117548 -0.22373134
0.13042793 0.19801946 -0.35482588
0.04866431 0.20925607 0.05363026
0.21484938 0.19268739 -0.37906334
-0.13339239 0.20854831 0.01213687
-0.07109361 0.20133308 -0.34561190
-0.06010014 0.21065319 -0.24526010
0.01703658 0.19886911 0.09326376
-0.11435159 0.19878836 -0.13559304
-0.16659495 0.19552645 -0.34092653
-0.07284398 0.20611978 -0.36267143
-0.11151910 0.21027426 -0.04558438
0.24504779 0.20861048 0.23293781
0.21829475 0.20886096 0.02477548
-0.08510148 0.20072031 -0.33956853
-0.03702830 0.20686468 0.09156431
-0.18729256 0.18910171 0.36299658
-0.02416421 0.20908746 0.03848580
0.15236163 0.19803382 0.33484736
0.12991402 0.20742616 0.29979098
-0.13949130 0.21158612 -0.33025438
-0.12621588 0.21042372 -0.21364476
-0.23298237 0.18740568 -0.15663645
-0.11687880 0.20681234 -0.11346822
0.02098257 0.20934860 0.06618388
-0.15869035 0.20802505 0.11619180
-0.21370542 0.18691707 -0.01696593
-0.06927696 0.20717344 -0.12158486
-0.24344814 0.20486194 0.03355920
0.01985453 0.20937026 -0.14841247
-0.22278684 -0.20298785 -0.36647072
-0.22472064 0.19892277 0.31375384
-0.16579540 0.20919947 0.31047082
-0.21265355 0.20768021 -0.06053140
-0.05055683 0.20608440 0.25057191
-0.14067604 0.20476435 -0.32649815
0.19834647 0.21250273 -0.25621283
0.20080319 0.20525070 -0.23790413
0.14061904 0.20542870 -0.37546769
0.15514590 0.20936559 -0.27252722
0.01886637 0.20257373 0.24977215
0.07763990 0.21466908 0.30146271
0.22142878 0.20557015 0.36929324
0.19178042 0.20644897 -0.36677235
0.03540133 0.19844982 -0.24478827
0.22546144 -0.14609829 -0.37596190
0.12815867 0.20581897 -0.24286254
0.11623245 0.20167258 -0.03481696
0.17280929 0.20665979 0.19239989
-0.09711764 0.20255792 -0.02783556
-0.07266217 0.20495713 0.03768553
0.06245719 0.21026173 -0.26579106
0.10050314 0.20911293 0.11337002
-0.18755692 0.20984045 -0.15787835
-0.11141955 0.21022691 -0.07833035
0.03770533 0.20843047 -0.09105580
0.21574363 0.20725453 -0.19088615
0.16873202 0.20679492 -0.05405451
0.11217689 0.20751993 -0.01585734
-0.11751240 0.19731379 0.09412663
0.23850510 0.19042379 0.24270792
-0.20907609 0.20797613 -0.04426074
0.23414239 0.19747274 -0.13582765
-0.22207284 0.11606303 -0.36418673
0.19476584 0.20233800 0.34099993
0.03413669 0.20709394 -0.21816441
0.24487981 0.20774813 0.30448297
-0.02027625 0.20031814 0.27950370
-0.24413732 -0.08163344 0.37296250
-0.14946826 0.20277834 0.05625528
-0.24175891 0.19545969 0.27050942
0.22498414 0.19381195 -0.17758121
-0.15513480 0.20823781 0.00790038
0.22259614 0.19071214 -0.18972477
-0.06478216 0.20720951 -0.36626711
0.11116222 0.19978839 -0.32227406
0.22413908 0.20822027 0.22467713
-0.08627218 0.20998992 0.26240698
-0.14590333 0.20766844 -0.07902142
-0.07345953 0.20425132 0.11555555
-0.06461795 0.21042846 -0.34894300
0.21551253 0.09332512 -0.35605568
-0.24398606 0.11815976 -0.35586670
0.19850121 0.20514171 -0.31566930
0.24545319 0.21099466 0.13423711
0.22100294 0.10749391 0.36825711
0.24077231 -0.02181336 -0.37286893
0.09768002 0.20663825 -0.30881071
0.24071687 0.18856104 0.18819162
-0.02292832 0.20432797 0.33097136
-0.22930194 0.15528265 0.34858987
-0.22686377 0.17786145 0.33513743
0.08521264 0.20716392 -0.28390050
0.23748383 0.17203295 -0.34741446
-0.15235531 0.20260887 0.08009781
-0.23887512 0.16304205 0.34990600
-0.05698716 0.20677707 0.37509453
0.17904653 0.21055977 0.23194368
0.16568828 0.19493002 0.04001286
0.24644057 -0.18819275 -0.35314301
-0.02799442 0.20715451 -0.06363763
-0.22848715 0.18542965 -0.23547302
0.11605029 0.20045337 0.17835391
0.11164910 0.20964870 0.17136025
-0.20468269 0.19610702 -0.36213151
0.23615459 0.20386493 -0.26591870
0.04665028 0.20785664 0.23619343
0.11735791 0.20673290 0.37411866
0.04111817 0.20155960 0.32808459
0.24673688 -0.07332220 -0.35113931
-0.19511645 0.20789750 0.14089753
0.01963292 0.20235133 -0.31787190
-0.23524046 0.19773117 -0.23957464
-0.23812573 0.10456322 0.35523480
0.07509097 0.20209111 -0.04262724
-0.02533657 0.20905736 -0.11033125
0.22702542 0.20650524 -0.01634061
0.04062839 0.20616217 -0.21561632
0.24002437 0.07785995 -0.36928287
0.21210532 0.20864132 -0.07333174
-0.19390179 0.21283831 -0.32951763
-0.07491636 0.19348057 0.36253577
0.24373180 0.19813132 -0.22092479
0.06786944 0.21096820 0.22472519
0.15480234 0.20988163 0.02812948
0.22125220 0.19301659 -0.28956872
-0.22520564 0.17475881 0.32234636
-0.13143134 0.20668241 -0.01328401
-0.21665005 0.12863743 -0.36700094
-0.13601455 0.20840788 0.22401544
-0.22645850 0.18862396 -0.07195403
0.10884888 0.20659652 0.37936866
-0.19639307 0.20202354 -0.32665792
-0.22546545 0.18165730 0.35101399
-0.17254707 0.21118240 0.34295148
-0.24128079 0.19679895 -0.35156286
0.03846950 0.20779707 0.07293320
-0.03752987 0.21269844 0.27742869
-0.20500948 0.20991001 -0.11803900
0.14383307 0.21025263 -0.24549806
0.15894294 0.20939709 0.20565335
-0.23077476 0.20064184 0.07017411
-0.12858666 0.21485522 0.23939568
0.20956367 0.20511703 0.35604364
0.21599093 0.20895593 -0.19996618
0.08459444 0.20656990 0.22936517
0.13664021 0.21145059 -0.36152169
-0.09134737 0.20377208 0.26019681
0.12335428 0.20446578 0.07416258
-0.19292402 0.19306223 0.36608735
-0.02521749 0.20575365 0.15076528
-0.24481827 0.20368116 -0.33864552
-0.24073046 0.20498931 0.36567342
-0.21616073 0.20674635 -0.11401606
0.23868969 -0.14104386 0.36939135
0.14818209 0.21001539 -0.20576146
-0.24017259 0.21093345 -0.29784286
-0.01166967 0.20838416 -0.24525782
-0.20741609 0.20711976 -0.16532752
0.05005770 0.19707234 -0.26004660
-0.16236101 0.20803106 0.07423023
0.23820058 0.19171530 0.27036560
-0.06692250 0.18094809 -0.35880661
-0.23328488 0.00914095 -0.37403163
0.01442557 0.20593621 0.00293311
-0.08610295 0.20751290 -0.00628983
-0.00320579 0.20308197 -0.37975258
0.18667056 0.18833405 0.36089665
0.22359961 -0.02216528 0.37097147
0.22955708 0.18536770 0.20897017
0.08270448 0.20959821 0.36222881
0.21733561 0.13507177 -0.36838463
0.18858574 0.19866320 0.02720932
-0.23549491 0.19516857 -0.35682005
0.15804495 0.21104360 0.12851745
-0.24196085 0.19475383 0.13110888
-0.19200990 0.20998606 -0.23210181
-0.06874715 0.20631613 -0.34125635
-0.22731413 0.14869401 0.37060636
-0.22969763 0.16496184 -0.35181844
0.22709450 -0.07204455 -0.35135654
-0.12313920 0.19790040 0.37918237
-0.23793468 0.18904638 -0.18994536
-0.02363200 0.20865871 -0.10718678
0.12811339 0.21034370 0.25548661
0.10463299 0.21117176 -0.12167558
0.01724437 0.20725128 0.20761508
0.23516396 0.20619990 -0.29594642
0.03737623 0.18140329 -0.35679755
-0.23417659 0.18110095 -0.33151713
-0.12778762 0.18727909 0.36642495
-0.23644176 0.19367820 0.00532624
-0.18059729 0.21600763 0.26643971
-0.23863915 0.21223240 -0.03024793
0.18726237 0.19681431 0.36454585
0.01213144 0.20782104 -0.13235334
-0.20939885 0.20859662 0.00350651
0.22189373 0.19810222 0.20959522
0.22083472 -0.10419843 0.35402027
0.24080627 0.20539141 0.09834528
-0.03140418 0.20623465 0.37513056
-0.00513667 0.21483469 0.09502088
-0.21452668 -0.13729206 -0.36346179
-0.05162367 0.20982996 0.30919164
0.23326343 0.17331539 -0.37367567
0.01338861 0.20067561 0.09616997
0.24797133 0.20170060 -0.33564895
-0.00574156 0.21003541 -0.04722181
-0.23643729 0.15603609 -0.32352883
-0.10525854 0.20809412 0.08498871
-0.23655678 0.16674714 -0.31035057
0.11817521 0.20638299 0.13333602
0.19416739 0.21229799 0.32079804
-0.01243845 0.20416783 0.25164685
0.22131638 0.18071441 -0.31291318
0.19378956 0.17485343 -0.35705066
0.08532737 0.20721184 -0.27714649
-0.03241538 0.20808893 0.09818647
0.13932274 0.21001765 0.15883765
0.24519718 0.20407037 0.22178039
0.20577726 0.20987284 -0.09481383
0.22523177 0.01712549 0.37309751
0.06127564 0.20291600 0.11006290
-0.20986366 0.20667225 -0.16059536
-0.22297701 0.18899681 0.33767557
-0.21394116 0.19937913 0.30137616
-0.08064201 0.20994343 -0.10864165
0.10920280 0.20015790 -0.24649811
-0.23125599 0.18669477 0.20935425
-0.09556684 0.20243253 -0.05451981
0.24248850 -0.06438702 -0.34488726
0.18231657 0.20349975 0.17979875
-0.24465594 0.20221917 -0.27670193
-0.20424131 0.18583189 0.34164023
-0.05567261 0.20559408 0.04193452
-0.13311411 0.20150024 -0.10715450
0.23969717 -0.02546848 0.34870410
-0.23183814 0.20356521 -0.21549380
0.12013317 0.20038342 0.24396171
-0.22653297 0.13025567 -0.34333327
-0.15015922 0.20566937 -0.33572546
-0.00927343 0.21054682 0.23375385
-0.17242037 0.20012420 0.24990341
0.07485840 0.20927453 0.16166511
-0.02050671 0.20957698 0.27865174
-0.00054662 0.20856591 -0.13927835
-0.17874391 0.20347278 0.14046741
-0.19949117 0.19928099 0.15908813
-0.23601323 0.02292344 0.36784524
0.22539569 0.18457638 -0.14153090
0.24047419 0.19150428 -0.32489455
-0.22831377 0.18606609 -0.37390718
0.07788157 0.20266220 -0.22430508
-0.22139619 0.00933676 0.36975282
-0.06227513 0.19954659 -0.29146838
0.06255408 0.20703940 -0.27819183
-0.24343029 0.20716949 -0.23814419
0.09342884 0.20772965 -0.19182718
-0.09132263 0.20760819 0.05706115
0.10573998 0.20178473 -0.01295425
-0.12319104 0.20911050 -0.10898481
-0.05767956 0.20847619 0.28072047
-0.23855799 0.04989419 -0.36442488
-0.05275626 0.20413166 0.20598242
0.23501767 0.19492877 0.01470298
-0.20569463 0.20964216 0.20189655
-0.09675753 0.20646998 0.32534328
-0.23794568 0.19706368 0.13336079
-0.13125262 0.20635417 -0.27964115
-0.07594581 0.20931749 0.17788073
0.21734959 0.19361794 -0.09942633
0.11090121 0.20819551 -0.04374254
0.22481337 0.18587521 -0.10297716
-0.05733608 0.20842113 -0.17798288
-0.21038656 -0.13005908 0.35942972
0.12468976 0.20771398 0.30613962
0.04789965 0.20979907 0.37854636
-0.23890379 0.19859056 0.28526208
-0.17277467 0.20651814 -0.28761107
0.06479667 0.20412822 -0.14886586
0.24218750 0.18439817 0.36011410
-0.22609802 -0.04108942 -0.36628214
0.01005590 0.20472229 -0.26529753
-0.23878750 0.20163810 0.35492867
0.07275896 0.20934391 -0.35039943
0.01393424 0.20180474 -0.08297081
-0.14804606 0.20898908 -0.09734851
-0.21945302 -0.09495857 0.35464507
-0.23158376 0.02676398 0.37076944
0.03872976 0.19924828 0.18340021
-0.09071495 0.20787632 -0.37705982
-0.11164584 0.20907561 0.07872801
0.21851845 0.13941447 0.36166096
0.15511289 0.21037360 0.20248210
-0.03865686 0.20318907 0.19712582
0.22530580 -0.03148221 -0.37136197
-0.16145891 0.19675715 -0.33672932
-0.24317394 0.20542943 0.37640947
0.19068249 0.20511214 0.02237887
0.04143736 0.19946052 -0.02397118
0.04092582 0.21062274 -0.01597290
-0.14626615 0.19897260 0.31645423
-0.16500482 0.19987874 -0.16546950
0.11000760 0.19976741 -0.16059282
-0.07574636 0.18138875 0.35415542
-0.07638513 0.20319654 0.37749153
-0.23496662 0.20658050 -0.05537172
-0.22298777 0.12988433 0.36924312
-0.20370725 0.20939128 0.34133267
0.09701886 0.20434317 -0.23517543
-0.03238578 0.18885413 -0.35081026
0.23768403 -0.15510765 0.37035003
0.24527994 0.14498559 -0.36638477
0.23322847 0.20195580 0.36023113
-0.04342566 0.20620857 -0.37548840
0.22717527 0.17930934 -0.06236079
-0.01350082 0.20825520 0.27681065
-0.24564148 0.20770144 -0.35629088
0.07883526 0.20914477 -0.35211250
0.02061668 0.20481424 -0.21166565
0.14855292 0.20643656 0.06018575
-0.00099813 0.20846537 -0.22304085
-0.22160180 0.20813122 0.12980607
0.03571434 0.20433210 0.37879199
0.06180584 0.20480408 -0.37416497
0.17653848 0.20753050 0.25124505
-0.08307683 0.20836785 -0.31120509
-0.20252086 0.20490043 -0.23108274
-0.21587518 0.20970634 -0.07753618
0.24159653 0.21287939 0.01336207
-0.11195192 0.21018301 0.30386779
0.17521773 0.20385440 -0.16549513
0.09093288 0.20313475 -0.34058812
0.04983902 0.19341190 -0.35946137
-0.09992065 0.20097238 -0.28995866
-0.13327959 0.20354256 -0.21654275
-0.22111352 0.18612118 -0.07528308
-0.12644017 0.21155524 -0.22632331
-0.10023978 0.20889078 -0.02246551
0.24189946 -0.08826631 0.35610446
-0.23778251 0.20968263 0.05688326
-0.12834458 0.20796393 -0.06532846
0.08812159 0.20898125 0.08718455
-0.15263532 0.20955902 0.12265389
-0.23304282 0.19570734 -0.35073018
-0.21799017 0.05017372 0.36792997
-0.24575281 0.20376152 -0.25275582
0.12925294 0.21157730 -0.32717133
-0.21657257 0.20080654 -0.37865436
0.24065985 0.20451617 0.23093323
-0.24126735 0.19787365 0.28638369
0.06991733 0.20867532 0.24001355
0.16515082 0.20829765 -0.28970671
0.08402117 0.20819385 0.20231578
-0.23741010 0.16202681 -0.31086895
-0.08631706 0.20052099 0.37705389
-0.02771781 0.18726172 0.36136317
0.13399632 0.20912004 -0.22578566
-0.19387080 0.20732851 0.20851302
-0.16903420 0.20884216 -0.30591744
-0.03848334 0.20768052 0.18481866
0.24511988 0.20688066 -0.36146295
0.04154658 0.21008857 0.12834606
0.11191580 0.20659058 0.03387995
-0.11389849 0.20921579 -0.34482783
0.14068343 0.20399666 -0.18555920
-0.24517544 0.20191887 0.05028807
0.22977591 0.20146722 0.09758453
0.04915518 0.20825189 0.22849631
0.14834099 0.19373517 -0.36955377
-0.24149422 -0.19374438 0.36782175
0.14372888 0.20779362 -0.00019590
-0.01659189 0.21076617 0.20071588
-0.21006836 0.21078521 -0.03154887
0.13712543 0.21134205 0.32049838
0.23921350 0.19718489 -0.32971811
0.08850594 0.20311637 -0.16773741
-0.14671335 0.20263648 -0.37842590
-0.00241902 0.19616647 0.37410861
0.03060871 0.20598830 -0.08630026
-0.24056339 0.17036225 -0.33982998
-0.12338216 0.19668712 -0.23158106
0.17534159 0.20524389 -0.08858722
-0.11308609 0.20938821 0.23017970
-0.16123164 0.20991598 0.03110374
0.09287501 0.20330870 0.18888098
0.04581517 0.20171505 -0.07081518
0.12859651 0.19457172 0.37273636
0.04284339 0.21044084 0.36436006
0.21725763 0.20781301 -0.04842475
-0.11679897 0.18120682 -0.36783090
0.03366692 0.21111603 -0.37601340
0.23580287 0.19421592 -0.06288016
0.20603606 0.20607468 -0.20524369
0.18055706 0.19590734 -0.34534100
-0.16429019 0.19552583 -0.36642292
-0.24494600 0.20635204 -0.22075415
-0.22344115 0.20070007 -0.03352075
0.23679179 -0.16768776 0.34910944
0.17228368 0.21001776 0.26248500
0.23901907 0.20671530 -0.29923204
-0.13699602 0.20397159 -0.32079688
0.22058336 0.18967646 -0.23422645
0.23971383 0.20705050 -0.13421118
0.23463090 0.20819995 0.37509593
0.02959209 0.20449142 -0.22843647
-0.22179981 -0.17080894 -0.36391807
0.17523964 0.20184945 0.00850630
-0.11068974 0.20943348 -0.06591745
-0.15340075 0.21204756 0.06161629
0.16368422 0.20321991 0.29376978
0.03161942 0.20817512 -0.00093563
0.24156843 -0.19116002 -0.35169381
-0.05847844 0.20666698 -0.00978122
-0.22198191 0.19825152 0.20784687
-0.05994078 0.21137068 -0.02015877
0.20387542 0.20884345 0.37327138
-0.23219334 0.05800438 -0.37650582
-0.23864631 0.19453219 -0.03573047
0.19899052 0.20536238 -0.34638953
0.01631259 0.20992184 0.15881139
0.18788411 0.20588094 -0.28347927
-0.24578567 0.20183663 -0.05066439
0.13851570 0.20422709 0.36912629
-0.21167667 0.18296406 -0.31857255
-0.23184593 0.20682298 -0.33053035
-0.07897671 0.20638689 -0.02095935
0.21974535 0.18793912 -0.25653392
0.11037883 0.21034096 0.17008226
0.21481371 0.19598565 -0.32271913
0.04629811 0.20457529 -0.37564993
-0.23812090 0.19004306 -0.14884377
-0.22753364 0.09226643 -0.37932396
0.11539429 0.20906013 -0.26538613
-0.06693728 0.21254419 -0.33900025
0.12139718 0.19849253 -0.36495516
0.23154341 0.15003380 0.34454256
0.18624932 0.21074891 0.31899402
-0.23390530 0.18982309 0.34461865
-0.00126660 0.20107058 -0.17107558
0.23599689 0.20021057 0.07547599
0.21369357 0.20266891 -0.03592707
-0.18873830 0.20948027 -0.06596586
0.03264573 0.20279573 0.01617862
-0.22525236 0.15276539 0.35836574
-0.23711969 0.19054556 0.30626664
-0.15642710 0.21044607 0.16934942
0.17455184 0.20591381 0.17389686
-0.21129990 0.20825991 -0.23551731
-0.23823467 0.20711993 0.16494569
-0.15541103 0.20900209 -0.22819647
-0.13047104 0.21033028 -0.12113374
-0.23343197 0.20352966 -0.04251571
0.19797456 0.20594260 0.27416945
0.23304941 0.19026455 -0.21345459
0.19233117 0.20258676 0.10174610
-0.22976477 0.20748630 0.31650925
0.11969152 0.20148359 -0.10025407
0.00668506 0.21148846 -0.04892353
0.24275534 0.19977959 0.34110522
-0.06214906 0.18097840 0.36742160
0.20106938 0.18896784 0.11467990
