-0.16172758 0.17243639 0.37991145
-0.18252321 0.15424921 0.02201925
0.20062687 0.17747501 -0.15566890
-0.05190085 0.15119462 -0.18252440
0.17236991 0.17582944 0.14423443
-0.11879195 0.17832890 -0.05884399
0.11396587 0.06564280 0.35444438
0.16948666 0.15823120 -0.05749041
-0.00232315 0.15064703 -0.08213883
-0.11425678 0.05215857 -0.33049423
0.07931352 0.16409712 -0.25197044
-0.07603474 0.17877266 0.08341791
-0.19994098 0.16748551 0.10987343
0.03878101 0.14358847 0.27106264
-0.00059694 -0.15047325 -0.33710900
0.03061886 -0.10294852 -0.09388138
-0.03952142 0.17520452 -0.32464626
0.17021124 0.17715690 -0.11647818
-0.02623148 0.16353162 0.35322961
0.05361689 0.16425548 -0.11928641
-0.07486072 0.15881117 -0.22377104
-0.11878948 -0.10749850 0.34076348
0.12381465 0.15485990 0.27476099
-0.04504053 0.04796584 -0.33965257
0.05683471 0.17122489 0.41076711
-0.12561832 0.17035505 -0.18120931
0.20062658 0.17458646 -0.41143581
-0.12770969 0.15208292 0.05519427
-0.04042633 0.17698579 -0.34809163
-0.08074804 -0.17402877 -0.35210028
-0.18598899 0.17945850 0.09813938
-0.12367247 0.17155439 0.06891734
0.15934360 0.15478471 0.22593731
0.20146456 0.17312120 -0.04875440
0.12414303 0.15696192 -0.26598945
-0.07900910 0.17858587 -0.20149082
-0.15082616 0.16320966 0.19326194
-0.19156314 0.17011340 -0.20926273
0.08014184 0.17467673 -0.37811360
0.03633177 0.13353735 0.37780771
0.19863890 0.17980072 -0.28067535
0.13099369 0.15749893 0.05291404
-0.14338413 0.17882483 -0.12362964
-0.19715251 0.16275497 0.26702252
-0.14398983 0.16945776 0.14732088
0.11193842 0.16433170 -0.04078786
-0.15080759 0.16445589 0.05738247
-0.04446083 0.17577182 0.04857269
-0.13446319 0.17266211 -0.33239955
-0.14073539 0.17898005 -0.16432913
-0.08894712 0.03518568 0.35026616
0.14413869 0.15915318 0.09013753
-0.16421165 0.17101866 -0.16964862
0.03200205 0.16597123 -0.39860758
-0.12521760 0.18108271 -0.33259675
0.18268961 0.15402603 0.16423436
-0.08332073 0.15361290 0.39576647
0.14588313 0.13857949 -0.10276729
0.15242682 0.17111821 0.07603657
-0.08882929 -0.06202056 0.30625090
-0.00875372 -0.15336469 0.27658066
0.13553017 0.17392972 0.05544590
0.12905726 0.17688979 0.07435604
0.17765772 0.17782088 0.20475256
0.12985718 -0.16459288 -0.35123166
-0.00553664 0.14637831 -0.01251548
-0.14670143 0.16318211 -0.06581381
-0.17126776 0.14348370 0.35758212
-0.15118048 0.17836775 -0.04172937
-0.02813580 0.01549441 -0.28080782
0.04657132 0.16117384 -0.40967235
-0.08020967 -0.17518581 0.33913669
0.14641713 0.17619881 -0.09891489
-0.11237856 0.02066951 -0.29384398
0.04239485 0.17295901 -0.23231226
0.16991326 0.17399196 0.39618269
0.06908302 0.12692848 -0.33520389
-0.09607536 0.02269484 0.33558527
0.06722256 0.06944790 0.34012419
0.18878829 0.17581604 0.32465279
-0.07639062 0.14040036 0.33245429
-0.12487407 0.11267595 -0.01234114
0.18278132 0.14923719 -0.01152422
-0.13794214 -0.17345756 0.35465047
-0.05325596 0.12206484 0.02091863
-0.12303642 0.18021451 0.28000462
0.16940624 0.17410229 0.36421287
0.08641925 0.16500577 -0.14553644
0.04801312 0.06842855 -0.35075477
0.00249306 0.14127435 0.27066064
0.00803470 0.14297800 -0.32974315
0.12663653 0.17499062 -0.23127487
-0.09064838 0.15083966 -0.02516207
-0.02899709 0.17354693 0.26636061
-0.00792463 0.17509381 0.32587588
0.03573070 0.17550725 -0.24364360
-0.12416493 0.17525403 0.18600179
-0.14614241 0.15765972 -0.29617420
0.09381739 0.17878745 0.05550526
-0.12049986 0.15729725 -0.11578776
-0.01287292 0.17730178 0.25494713
0.01449036 0.18032598 -0.27751634
0.03720973 0.17439093 -0.30793303
0.06229983 0.12719212 -0.27668053
-0.02089588 -0.07943778 -0.36660057
0.12761882 0.17892690 0.18713641
-0.10966516 0.15149750 -0.08440124
0.07691330 0.17278455 0.25262737
0.11469351 -0.00894705 0.34737667
0.00037964 0.17922848 0.01385147
-0.03761888 0.14596194 0.14141811
0.06609035 0.17036508 0.22190076
-0.19120528 0.15424857 0.03966939
-0.17154300 0.17860055 0.27788004
0.16147919 0.17519599 -0.29340032
-0.08693133 -0.14843880 0.23037642
0.16627927 0.16220413 0.35014603
0.10019062 0.17631038 -0.01326388
0.07806563 -0.04235742 0.34075058
0.00442888 0.17519206 -0.34891859
-0.10981275 0.12577862 -0.34617737
-0.11675559 0.07677206 0.32900038
-0.07003342 -0.13797249 0.23694190
0.13387695 0.17497890 -0.37635577
-0.14600784 0.12647495 0.07859983
-0.03681520 0.16615850 -0.39848140
0.10476857 0.17272805 0.07213069
-0.18165153 0.14997500 -0.37792137
-0.14252099 0.15446766 0.38872126
0.19532394 0.16646659 -0.15383692
-0.08758143 0.15549377 0.24523991
0.18204571 0.16299181 -0.30775830
0.14627440 0.16726966 0.16728120
0.07665641 0.17581391 0.04514353
0.01082169 0.17477377 -0.28048480
0.15510641 0.17599493 0.12782440
-0.06318433 0.17068650 -0.39678761
-0.18187869 0.17454669 0.33628380
-0.06989577 -0.07190348 0.34351954
-0.10278168 -0.09739237 0.33050498
-0.12804513 -0.12452988 0.35351670
0.18803623 0.17389438 0.28484836
-0.08239955 0.15794629 0.18145028
0.19661495 0.16492940 -0.31174135
-0.11990490 0.17725949 0.26853848
0.03938606 0.03462676 0.33650306
-0.12284449 0.14949951 -0.27746800
-0.04935208 0.15886921 -0.16384783
0.00056986 0.17863216 0.08216742
-0.20984271 0.17571008 0.37601030
-0.02581935 0.08610772 0.28873023
0.19183764 0.15916601 -0.26028016
-0.08358119 0.18140393 0.05264881
-0.18588905 0.15083095 0.00381527
0.05261631 0.13548028 0.17544532
0.01036416 0.17489575 -0.19927406
0.19187337 0.15833332 -0.38485759
0.13526246 0.17844760 -0.00208812
0.18678917 0.17095016 0.11953129
0.05756983 0.17277831 0.40330133
-0.10788593 -0.02800266 -0.22110420
0.08968672 0.17594430 -0.06833211
0.04550623 0.17916611 -0.01573716
-0.18160772 0.14791363 -0.04881896
-0.17881438 0.17452236 -0.19044861
0.05262300 0.15759286 0.18145099
-0.10157328 0.14398088 -0.06913130
-0.16371858 0.16554011 -0.16693085
-0.09939758 0.17480104 -0.10947631
-0.20060852 0.16856404 0.03859433
0.04330097 0.16086449 0.26874864
-0.06163287 0.10735669 0.37657049
-0.13169087 0.09648997 0.34501496
0.01534045 0.12611952 0.37048227
0.05035397 0.00240584 0.34508592
0.00352071 0.15590827 0.29439685
0.08487923 -0.01162059 0.35047260
-0.11991943 -0.07987298 -0.28252882
-0.14185797 0.16393319 0.17445445
-0.07335415 0.16019733 0.36462757
-0.04427814 0.16682637 0.00267946
0.08046355 0.13701212 0.32034785
0.19602375 0.17236049 -0.38049763
0.08996560 0.18188348 0.36306587
0.10722587 0.16647735 0.32488617
-0.09383735 0.13154028 0.26870486
-0.13313699 -0.14806417 -0.34802446
-0.00697505 0.18026201 -0.26733455
-0.02106256 -0.17897037 -0.35553810
0.01057005 0.14347203 -0.27797803
-0.16444679 0.12372257 -0.36576518
0.08032056 0.17297669 0.17366844
-0.15412322 0.15375645 0.29256979
0.20024972 0.17387864 -0.05059363
-0.02287730 0.15008718 -0.38610813
0.10055717 -0.15933652 0.34143817
0.20493312 0.16483305 -0.40533462
-0.15287039 0.17695789 -0.10265779
-0.05300680 0.15868637 0.36194164
0.14974724 0.15770914 0.10257243
0.09720296 0.18100040 -0.12973636
0.06161348 0.17741393 0.01741258
-0.12838684 0.16086343 0.24783832
-0.07964243 0.17090321 -0.37908095
-0.15571502 0.12691301 0.22764537
0.10927531 0.17468345 -0.41413149
-0.03832081 0.17720959 0.06993322
-0.16515951 0.15345596 -0.27435780
-0.10182884 -0.16108517 0.34899211
-0.07410029 0.16228922 0.28703064
-0.11986398 -0.08200669 -0.35010815
0.17877650 0.16870116 0.16310923
-0.09861875 0.15972394 0.27413175
-0.05560758 -0.12216597 0.33075091
0.05807500 0.17799939 -0.09037394
0.12370162 0.11735073 0.37085485
-0.06873058 0.14857352 -0.09821077
-0.00336400 -0.15293273 -0.33187273
-0.16568147 0.17915255 0.40382344
-0.12918459 0.11609753 -0.36290571
0.19191585 0.16579711 0.06767463
0.16398633 0.17398597 0.30757967
0.04795854 0.17405060 0.35166007
-0.09178031 0.07829590 0.30589736
-0.05969041 0.17451292 -0.35167834
0.03180735 0.15108892 -0.18796982
-0.08507803 -0.08432389 -0.36397928
0.16033722 0.13890077 -0.40327826
-0.07746134 -0.05661278 0.32982293
0.01274420 0.17788172 0.30560696
-0.01743738 0.17324419 -0.34241936
-0.09199403 0.12725380 0.33344856
-0.07246095 -0.02042587 -0.36246780
0.12025210 0.15039784 -0.23260564
-0.20321926 0.16609247 0.10352071
-0.08126172 -0.13193187 0.14864753
0.18811814 0.15420622 -0.15757753
-0.13925475 0.17546082 -0.16090466
0.15953636 0.16918658 0.36813173
-0.12162138 0.16631693 0.06024596
-0.02078585 -0.08607897 0.34477496
0.00617927 0.17779835 0.22455883
0.10603828 0.17904778 0.33378074
-0.04962742 0.15997218 -0.13144389
-0.01361146 0.16887148 -0.19246519
0.10481974 0.14462321 -0.32628524
-0.11762767 0.17513579 0.19857791
-0.02954881 0.14693885 0.01769205
-0.07057679 -0.09965098 -0.33780566
-0.15635893 0.11897685 0.39022693
-0.02484726 0.13099039 -0.30184028
-0.17620651 0.16337985 -0.02177541
-0.05747792 -0.14913394 -0.30088222
-0.07734142 0.17371954 0.15101969
0.04741568 0.13166620 0.28673819
0.14190008 0.09605116 -0.36431846
0.04773680 0.17218713 0.18071117
-0.12991321 0.18142441 -0.00532849
0.16468883 0.16288824 -0.10873047
-0.03463269 0.03748430 0.34222728
-0.05194174 0.17301695 -0.36885044
-0.07748292 0.13779686 0.39802223
0.06883960 0.15542006 -0.30718726
0.18800575 0.16526230 -0.11095613
-0.04272275 0.16706200 0.39680159
-0.07373229 0.14006151 -0.38524061
0.17343132 0.17120032 0.39521259
-0.00910407 0.16457757 0.15208931
0.03872046 -0.12646315 0.33475605
0.13469459 0.11278984 -0.36156574
0.02968754 0.16679958 0.07412866
0.08721680 0.17438368 -0.36954677
-0.15852427 0.17541258 0.17325461
0.11215947 0.17880689 0.33102500
0.09736434 0.16010715 0.16457683
-0.15670799 0.13179864 -0.36532962
0.16032037 0.16980612 0.12099539
0.12449588 0.17399757 0.07149792
0.15287572 0.14890155 0.32705891
0.08226663 0.16742609 0.03573107
-0.19050875 0.15665281 -0.26060483
-0.11482708 0.14331423 0.02495903
-0.12636121 0.14042969 -0.18435211
0.02284366 0.14614539 0.39900416
0.04353262 0.16600439 -0.20020166
-0.04107038 0.17258523 -0.26826817
-0.17805827 0.16685544 0.40252030
-0.16130096 -0.16639511 0.35695833
0.12951851 0.15954740 -0.29566526
0.04455599 0.11659015 -0.34630039
-0.06791758 0.15328057 0.14028086
0.17720331 0.17818314 -0.16609618
0.05676552 0.16419977 -0.10444374
0.16644599 0.16710983 0.06693367
0.01175592 0.16336833 0.41182381
-0.08624786 0.13349167 0.32156345
0.02500552 0.06732029 -0.26871103
-0.13578129 0.17460936 -0.09244531
-0.11164629 0.16368666 -0.35211492
0.00125677 0.17854863 0.03645499
0.07156876 0.16332269 0.01811569
-0.10068354 0.16187173 -0.00587488
-0.06520219 0.17906632 -0.02132936
0.14955042 0.07883801 -0.36356899
0.13088441 0.18119071 -0.13416192
-0.13487542 0.16906369 -0.14253171
0.13520624 0.13923681 0.05564581
-0.12979980 0.15959625 -0.36004651
-0.11374754 0.13406557 -0.28756654
0.08100128 0.15365840 -0.34352854
-0.07420661 0.17676795 -0.19366865
0.08314623 0.17200117 -0.33420220
0.04145494 0.17202212 0.09944650
-0.02187336 0.18052004 0.00532079
-0.20161012 0.16560563 0.13026115
-0.19683912 0.17190352 0.00758599
0.07242061 0.16590790 0.04493864
-0.04368867 0.03849771 0.36204413
0.05896833 0.14016902 -0.12884901
-0.18875057 0.16652304 0.00827489
0.19909936 0.17370734 -0.38027823
-0.09337426 0.16398661 -0.39191756
-0.01783892 0.14153351 0.21875747
0.00268306 0.14796256 -0.27890438
0.04798535 0.15850884 0.01160730
0.19580577 0.16766413 -0.17536333
-0.04889810 0.15723804 0.03129612
-0.15181556 0.16546513 -0.31199348
0.07459436 0.16448376 0.35823783
-0.17630213 0.16815488 -0.02459173
0.08222603 0.12912697 -0.37305948
0.11287444 0.16145495 0.40740705
-0.19713221 0.15806255 -0.33477432
-0.11889558 -0.14859261 0.22991358
-0.12165311 0.17056336 0.41540542
-0.07039405 -0.12951750 0.34428668
-0.13137287 -0.17597772 0.33046436
0.02218858 0.15845944 0.26469538
0.02790465 0.06498855 0.34356487
-0.01510217 0.17807876 -0.40832981
0.06229149 -0.16123232 0.34989616
0.18367268 0.15277152 0.37357911
-0.17814639 0.14503622 -0.01418034
-0.03227326 0.16639531 0.19728932
0.04968439 0.17783150 0.19268508
-0.15135990 0.13124970 0.37134176
0.06962578 0.17874263 -0.02509474
-0.16260007 0.15728718 0.19261748
-0.02407464 0.17996435 -0.06726827
0.05438071 0.17583473 0.21103224
-0.05282240 0.14113417 -0.11066216
-0.18718977 0.17858608 0.32208523
0.03633288 0.16356508 -0.33140028
-0.16182224 -0.17843032 0.33169058
-0.20038536 0.17021890 0.34427655
-0.13464676 0.16116843 0.33596978
-0.05075900 0.15337037 0.03181456
0.12925148 0.17649382 0.14489216
-0.05575779 0.14974375 0.10370536
-0.08186377 -0.01642781 -0.25338817
-0.02035758 0.17675698 0.03594489
-0.17964377 0.17393658 0.13905305
-0.09303296 0.15623872 0.18132114
-0.09430382 -0.12756313 -0.34338909
0.10441795 -0.14364012 0.34353527
-0.14964175 0.16051212 0.34583971
0.05483554 0.17836730 0.35831824
0.04063439 0.01211995 0.33754662
-0.03609716 0.15521434 -0.34548679
-0.04365833 0.17389508 0.23849560
0.09473792 0.17416094 -0.06496114
-0.07463773 -0.05427752 -0.32887697
0.03048811 0.13309786 -0.37435329
0.10709164 0.17362376 -0.34845942
-0.12894937 0.16074170 -0.38673490
0.12662186 0.17644247 0.01370415
0.04857115 0.14949405 0.32468596
0.17961568 0.17409177 -0.00812286
0.03345055 0.17282598 -0.28868854
0.02616448 -0.07538425 0.33223149
-0.15221649 0.09875618 0.39019999
0.08588424 0.15719877 0.01723808
0.14126247 0.17230542 -0.04219450
-0.10080730 0.17758243 0.23677616
-0.07830299 0.17829832 -0.33462951
-0.01040989 0.18128242 -0.39546940
-0.09404775 0.17701103 0.06401329
0.02795505 0.16775718 -0.17665420
-0.15739152 0.16324991 -0.41008404
-0.09298389 0.16352908 -0.40582949
-0.07411268 0.14808464 0.23849520
-0.10377526 0.14523774 0.39597130
-0.12064716 0.09381472 -0.29620016
-0.03855541 -0.13925818 -0.31257713
0.16765450 0.17754190 -0.40711752
-0.00936582 0.15538326 0.31823006
0.04551180 -0.00850189 -0.34434280
-0.00164075 -0.15177821 -0.15738185
0.18592872 0.16359720 0.26817822
0.03256158 0.17429243 0.08048229
-0.13304269 0.17041917 -0.40004113
-0.02526004 0.04165743 0.22839236
0.12479442 0.17602549 0.16963615
-0.12992488 0.15613209 0.29822552
-0.16859680 0.17669261 0.02435722
-0.09853644 0.15091288 -0.02364674
-0.17440486 0.13558298 -0.05819098
0.07379356 0.17094119 -0.23094882
-0.16235077 0.17021868 0.20087337
0.05260421 0.15624543 0.05099212
-0.20641196 0.17051850 0.19431116
0.01019087 0.15485077 0.30816713
-0.01033603 -0.15621474 -0.33347192
-0.02140553 -0.09926809 0.06428008
-0.18815669 0.16772316 -0.21483511
0.09510253 0.16032001 -0.30301133
0.12721656 0.15719415 0.04415031
0.09749411 0.14745475 0.36458150
-0.10885265 0.16439028 0.19771929
0.09665521 0.15858190 0.34635180
-0.09157428 -0.03164274 -0.22587879
0.10531055 0.16376714 -0.38752538
0.05651937 0.10756828 0.35911831
0.01020204 0.17680597 0.01854670
0.01701382 0.17153105 0.20951043
0.06084274 0.15080480 -0.39276618
-0.12121573 0.15334752 -0.26247260
0.20099963 0.16981719 0.04560033
-0.14527981 0.17141415 0.07806726
-0.14064358 0.11993706 -0.28664222
-0.06862110 -0.11755877 -0.34684038
0.17252934 0.17867064 0.21478923
0.04852204 0.17871644 0.07012802
0.10090283 0.17372833 -0.16974217
-0.07716834 -0.14171456 -0.34561083
0.15769291 0.17547730 -0.04356842
0.18042003 0.17645562 0.28815126
0.00471961 0.17723460 0.12175195
0.01435523 0.16647027 0.14749354
0.06950943 0.17397739 0.41224000
0.05715262 -0.15191072 -0.32906961
0.10349138 0.15477000 -0.11653820
0.10778936 0.17953484 0.21647133
-0.04772386 0.16580108 0.32736921
0.03897843 0.17247808 0.35141274
-0.10831785 -0.03182755 -0.34449592
-0.16542606 0.15162206 -0.37823111
-0.10102499 0.16392004 0.23879248
0.18283176 0.15931299 0.32594496
-0.00717199 0.03473341 0.35536882
-0.12117779 0.16935651 -0.02681395
-0.14210096 0.13839766 -0.29400706
0.08723226 0.17953898 0.12071711
-0.00464096 0.10013989 -0.38364142
-0.06846248 0.10469715 -0.35089612
0.17788877 0.17716599 -0.35407698
0.08359384 0.17387286 0.35199866
-0.11306299 0.16746940 -0.03225318
-0.08095638 0.17606586 0.35145989
-0.03898711 0.17653035 -0.05243141
-0.06295637 0.16888820 -0.29567051
0.16200186 0.16586372 -0.24651469
-0.20152761 0.16306959 0.26237708
0.06090146 0.15348528 0.30702072
0.03815379 0.13441065 0.25352442
-0.20085859 0.16563722 0.36679393
-0.05575144 -0.14487191 -0.35181707
-0.06652527 0.17496315 0.06615175
0.19948569 0.17544925 0.28513411
0.05824941 0.17506105 -0.41184869
-0.02573814 0.12551643 -0.12559804
0.13500705 0.06465670 -0.31227952
-0.01462634 0.17936133 -0.30870113
-0.17538571 0.17698374 0.10704111
0.09777671 0.05509814 0.34641457
0.20089079 0.17699385 -0.07610390
-0.02723950 0.13412242 -0.13911463
0.11768471 0.15223208 0.21658435
-0.16723897 0.13397175 0.40047109
-0.13612716 0.17173550 0.30217260
-0.13866657 0.12855630 -0.06422766
-0.10170965 0.16443747 -0.02043979
0.10018774 -0.17678681 0.34283090
-0.08505519 0.15541400 0.33769190
-0.13904049 0.16011031 0.24652587
-0.11578616 0.17217855 -0.14840406
0.12133025 0.14341263 -0.02990800
-0.05240065 0.14678414 -0.16815214
0.12979999 0.13628992 0.32124212
0.18497057 0.17382811 0.29392481
0.13183248 0.12922299 0.35698971
0.11937068 0.13469911 -0.25779787
0.17478684 0.16063382 -0.37829560
-0.02960691 0.18126462 -0.02274550
-0.04663291 0.15479419 0.37110659
0.02982651 0.14698327 0.37681705
0.00055989 0.14718103 -0.19096532
-0.12423795 0.08898419 0.33572254
-0.10642033 0.15057196 0.27225223
-0.08996392 -0.12546851 0.11927774
-0.16216061 0.14278865 -0.37862319
0.16322941 0.16969237 0.25291693
0.17968337 0.17401187 0.32729602
-0.10053868 0.16261582 0.27291793
0.14598122 0.16967948 0.38001075
-0.15817867 0.16756019 -0.01643319
0.07875533 0.04054357 0.32304385
0.14622192 0.17000087 -0.13005987
-0.20454241 0.16510369 0.23378763
-0.17293638 0.16821952 -0.32154745
0.15577446 0.17379405 0.20406681
0.12940980 0.15346010 -0.20723456
-0.00741503 0.13176140 0.37541029
-0.01243685 -0.14398974 0.35430616
-0.15852956 0.16926685 0.32835713
-0.02788956 0.14719649 -0.17567676
0.10793243 0.16764104 0.41672024
0.05655283 -0.11910956 -0.33083475
0.05511668 0.15308125 0.16922051
-0.10035385 0.14689267 -0.20715503
0.18590586 0.14560482 -0.38914341
0.17503050 0.17507704 -0.17238891
0.11563972 0.17814246 -0.02642985
-0.14568914 0.14281163 -0.00605521
-0.13099436 0.16126521 0.18878546
0.08445328 0.15638846 -0.23233494
-0.02825609 0.16593084 -0.02886056
0.09007336 0.17600299 -0.29474512
0.11167803 0.15204838 -0.38839725
0.11066872 0.17453547 0.23397143
0.05689221 0.11628053 0.36396369
0.12720801 0.00564100 -0.35808691
-0.03942398 0.15605056 0.19025542
0.04490773 0.16573362 -0.19720760
-0.10056068 0.15478726 -0.13005085
0.03249019 0.16967267 -0.31892011
-0.02938310 0.15488388 0.12951833
0.10573477 -0.00439491 0.34210220
-0.15633321 0.15698192 0.40932474
0.20066135 0.17250443 0.34788403
-0.15141116 0.17938229 -0.40342328
-0.16756535 0.15596379 -0.02277011
0.19959895 0.17452261 -0.22882473
0.06956993 0.06134173 -0.30661371
-0.02691684 0.17770134 0.21483532
0.14712259 0.12830202 0.25262970
-0.12085059 0.16614933 -0.16191880
-0.00320873 0.13092236 -0.35803837
0.19546658 0.17477570 0.12797578
-0.09226633 0.16398194 0.04550883
-0.17089021 0.17694172 0.19844842
-0.10746492 0.17083263 -0.05189469
-0.21116316 0.17320411 -0.12345640
-0.13028568 0.17122144 0.34650928
-0.07914808 0.14247528 -0.04362531
0.07893150 0.11150189 -0.31335855
0.12790997 0.17636789 -0.11678816
-0.11992063 0.17623167 -0.00714683
-0.10173543 0.15518655 -0.03812490
0.14514498 0.14854449 0.39410767
0.10417730 0.17954446 -0.24656996
0.10687155 0.17423765 -0.31709400
0.14675696 0.13396649 0.31764910
0.13310759 0.15130287 -0.03829589
-0.10815649 -0.05855035 0.33967313
-0.07297022 0.14563203 0.29449424
-0.16639654 0.17717898 0.05501659
0.12914984 0.16731566 0.41389421
-0.07490151 -0.15088683 0.32479483
-0.08393347 0.18412510 -0.21897863
0.15081248 0.16059116 0.16470072
0.10550903 0.15481812 -0.27761963
0.04708751 0.16059607 0.28806821
0.15194970 0.17584333 0.39958850
0.08769333 0.17917287 -0.00179589
0.15340081 0.14801024 0.24414209
-0.03580722 0.09619017 0.19449282
-0.07189412 0.18180506 -0.15171541
0.08381830 0.16291136 -0.41040486
-0.20008908 0.16619347 -0.13048105
-0.12325726 0.17119391 0.08156297
-0.12040693 0.17565525 0.15012875
-0.12343653 0.18111002 -0.16572538
-0.13714923 0.14284296 -0.02790965
0.00417849 0.12940310 0.38174474
-0.08550769 0.12313855 0.39170465
0.16948186 0.17219533 -0.00613785
-0.14948198 0.17257509 0.27443594
0.12119341 0.16058218 0.41488290
0.07528589 0.16167086 -0.17099667
0.03006162 -0.15383041 -0.30224991
-0.14707416 0.15218723 -0.02823009
0.20063160 0.17745866 0.26802984
-0.04329365 -0.16286568 0.33103687
-0.14730500 0.17656380 -0.35160366
-0.21334434 0.17367353 0.29962915
0.06423253 0.16516192 0.32076588
-0.11754019 0.08917446 -0.36140239
-0.06383880 -0.03415295 0.33241501
0.12252741 0.08214846 -0.33413875
-0.17210102 0.14017510 -0.21731067
-0.07829449 0.10467564 0.32085168
-0.10541381 0.16387898 0.02404140
0.09613137 0.17917427 -0.15510473
-0.02753004 -0.13613451 -0.34064478
0.10404579 0.16322924 0.14697634
-0.00129112 -0.14593406 0.30138981
0.02503309 0.17545605 -0.40611687
0.04809399 -0.12402856 -0.36112216
0.16152821 0.15443166 -0.36275247
0.19101995 0.17206718 0.39721215
-0.14916945 0.17725945 0.31848899
0.06372198 0.13148443 -0.01460106
0.06737234 0.10253083 -0.29731598
-0.15437751 0.15880866 -0.25723711
0.00428319 0.16632408 -0.09096877
-0.19382624 0.17699394 -0.07838687
0.05047779 -0.09161254 -0.36741218
-0.18174775 0.15800875 0.32540298
-0.21052350 0.17789280 0.36603484
0.04829004 0.05397181 -0.25593394
-0.10404570 0.17344312 0.26734227
-0.14591829 0.17835768 0.21860442
0.08599181 0.16783239 0.07289071
0.09493694 0.17282858 0.10228574
-0.04788389 -0.15882792 0.31590897
-0.12541610 -0.16874328 0.31088734
0.14037085 0.15301754 0.38416362
0.08132628 0.16713798 0.09855554
-0.15269765 0.16258535 0.01363095
0.13271569 0.15916705 0.22425961
-0.00288548 0.14942521 -0.27942657
0.05669467 0.15415272 -0.39932126
-0.19954194 0.16177386 0.17417964
0.03278639 0.04253402 0.26966226
-0.00672603 0.16124412 0.27491748
-0.12499267 0.15412696 0.08461052
0.01198614 -0.09078814 0.35701281
-0.18560180 0.17118666 -0.09044245
-0.07897149 0.14906347 -0.09216695
0.10168989 0.17369115 -0.39535654
-0.18696129 0.15042241 -0.22967534
0.13787448 0.17751387 0.40145478
-0.14029567 0.16754523 -0.29478326
-0.10065649 0.01178124 -0.05292559
-0.00900266 0.17228721 0.15575013
-0.02500314 0.17503923 -0.30817911
-0.08763685 0.17185368 -0.24876925
-0.02272750 -0.15442437 -0.11046292
0.15421006 0.17033933 0.26671535
0.06181067 0.14890425 0.34852183
-0.08338033 0.09537915 -0.39123893
-0.06235029 0.18325317 -0.00803563
-0.08707938 0.15278006 -0.28473160
0.07201661 0.17462020 0.28921741
-0.02746501 0.16500157 -0.27827084
0.13762073 0.16820443 -0.02577436
-0.11243702 0.06629161 0.35758802
-0.06019506 0.14627130 0.36682650
0.02540506 0.18301888 -0.08196846
0.06114017 0.17271324 -0.13212614
-0.05667414 0.17295115 0.37913775
0.10728578 0.16912334 -0.14879316
0.09160042 0.17556483 -0.18698600
0.11832383 -0.16645399 -0.32842788
0.02592235 -0.13586009 -0.08486101
-0.04698028 0.16502149 0.11911053
0.19493540 0.17899337 0.31584686
0.15679756 0.15800455 -0.40638191
-0.03893022 0.16834277 0.28703871
-0.10554614 -0.11104435 0.30841410
0.11962539 0.17033483 -0.07586955
-0.12851644 0.09356768 0.06378093
0.00096634 0.17689650 0.38881624
-0.07701722 0.08487973 0.37529942
0.12712339 0.14959593 -0.24754922
-0.12200387 0.14120656 -0.31412575
0.14067736 0.17956327 0.22643490
-0.02881939 0.15722761 0.13132511
-0.07224306 -0.13918771 -0.16664101
-0.10184451 0.14549387 -0.02578805
-0.03183624 0.16289079 -0.34244594
-0.05203570 -0.14927319 -0.14546514
-0.17694910 0.14891763 0.34943032
0.14074151 0.17393343 -0.39543858
0.10447904 0.17120667 -0.23875132
-0.04784859 0.10564376 0.32667279
-0.03321353 0.17584577 0.18724164
-0.15212542 0.16866992 0.05670120
0.08651868 -0.16595335 -0.34369722
0.03797451 0.15658702 0.09785627
-0.01206738 -0.11824464 -0.34083062
-0.06720312 0.17113309 0.41158172
-0.04913063 0.13490812 0.30877650
0.05147619 0.17674519 -0.39090526
-0.14520919 0.09080583 -0.34559622
0.14374918 0.17586212 0.31099340
0.18066363 0.17395124 0.22166882
0.16425276 0.16474915 0.01444973
-0.07076301 0.14288381 -0.08918733
0.07407766 0.14967506 -0.34851795
0.15753078 0.17684257 0.40699342
0.11210794 0.17392582 -0.09016835
0.17821217 0.16705963 -0.10868943
-0.14117640 0.16278951 0.21618296
-0.08818455 0.13481505 -0.19276755
-0.14763670 0.17052384 0.32355112
-0.12071785 0.09850067 -0.32560903
-0.06230762 -0.12152055 0.11651161
-0.16065583 0.13608968 0.35815150
-0.17575294 0.14631587 -0.37733284
-0.09276171 0.17648165 0.33462691
-0.10683897 -0.15653914 0.32430753
0.00760586 0.12224574 0.30850509
-0.12471560 0.17762107 0.06176511
0.16001256 0.14993177 0.30498141
0.14679362 0.16311945 0.37163043
-0.01097902 0.15834050 0.35768110
0.00574029 0.17835867 0.39387518
-0.07714890 -0.10849608 0.26252624
0.10956643 -0.16163230 0.32952231
0.14266585 0.08604707 0.36980653
0.14173825 0.17693119 0.10576329
-0.04517411 -0.10849054 -0.35794201
-0.08751546 0.18032642 0.20066050
0.01774878 0.16306882 0.05014953
-0.20365988 0.17784005 0.35961348
0.15478134 -0.18003510 -0.33118904
0.00310839 0.17177716 0.35770884
-0.15550950 0.14359003 -0.35082695
0.02489704 0.12295487 0.27448565
-0.15299642 0.17481421 0.35227984
-0.16441566 0.17207988 0.01128034
0.07116383 0.16024072 0.02450101
0.06651998 0.17647286 -0.25540403
-0.11474846 0.17305893 -0.40135095
-0.20042127 0.17237093 -0.18437582
0.17624123 0.15715049 0.18526843
-0.05217054 0.17649564 0.33524877
0.01070827 -0.04464781 -0.33176997
-0.19436346 0.17560776 0.31967190
-0.06230273 0.13591138 0.11700752
-0.18519528 0.17764154 -0.25443700
0.01570823 0.16970129 0.40736592
-0.17117485 0.17535852 -0.11053152
0.04660031 -0.17606038 0.34875309
0.09905869 0.16548857 -0.18655857
0.03311425 0.17525128 -0.39430019
-0.16897811 0.14355403 0.26584721
0.17282149 0.16349374 0.24813196
0.06319214 0.18435708 0.22653827
-0.13966894 0.15542056 -0.04233515
0.01331474 0.16988890 -0.25498909
0.02833349 0.08635706 -0.34789020
0.11260012 -0.15611437 0.34799600
0.13535365 -0.14870010 -0.33702734
-0.14648807 0.16638687 0.41616046
-0.19569294 0.15315209 -0.01054191
-0.16700459 0.10499166 -0.39796922
-0.05406647 0.16428852 0.39202741
-0.03121634 0.17552237 0.40165263
0.07078543 0.17173392 -0.23858970
0.19309412 0.14295618 0.40253973
0.03495350 0.16732043 -0.15620390
-0.02823027 0.11022156 0.10316143
-0.10600796 0.17403589 0.26376945
-0.16237929 0.17477264 -0.30844069
-0.18051539 0.17471081 -0.12352610
0.18444872 0.16772263 0.33129761
0.19132026 0.16466914 -0.38845035
-0.04665987 0.18260328 0.39639950
-0.11540426 0.04433005 0.35266802
0.12297380 0.04808016 -0.35522071
-0.00334763 -0.15665478 -0.34611666
0.13208956 0.16231009 -0.41566584
-0.13959706 0.15711705 -0.00763831
0.00680360 0.17593874 -0.34498218
-0.10812476 0.16289546 0.31738189
-0.08587097 0.00680211 0.33375880
-0.00948095 0.16209246 0.23426098
-0.00941902 0.17915000 0.34956715
-0.01088994 0.09248086 0.32369697
-0.16927181 0.16868424 -0.02807072
-0.18441886 0.15429215 0.09580152
0.18161532 0.17710184 -0.23065828
-0.00275688 0.14901337 -0.15180284
-0.15449959 0.15151271 0.24098723
-0.06027093 0.18132602 -0.04993035
0.17924510 0.17682967 -0.22571330
-0.07593012 -0.02512053 -0.25900435
-0.16005555 0.16213106 0.14266759
-0.12757730 0.16331674 -0.34154275
0.14949933 0.16210333 -0.13526113
0.11350829 0.14975134 0.28309804
0.03854734 0.12055071 0.39441615
0.11800902 0.14676286 0.26843151
0.02686588 0.12257901 0.36729494
-0.18891643 0.16740485 -0.18754368
-0.09255778 -0.15303341 -0.33907074
0.11379345 0.17558715 -0.04889852
-0.14882520 0.16709243 0.41399536
-0.08231242 0.16140456 0.37592712
0.02781845 0.16494003 0.08482150
0.18075842 0.13664529 0.35700831
-0.04462181 0.17539422 -0.14008978
-0.02769057 0.13095969 -0.34912422
-0.17884603 0.16257395 0.10799305
-0.11224755 -0.01111929 0.34827501
0.14678366 0.17178808 -0.10464647
0.16787738 0.16219564 0.03160584
0.03916848 0.16999911 0.41490331
0.06453718 0.16177732 -0.09821296
-0.18548508 0.15259840 0.10619960
0.03366673 0.17750865 -0.06410490
0.00393467 0.16454674 0.08842538
0.06015999 0.13467196 0.37398013
-0.14019217 0.16165592 0.35931158
-0.19935136 0.17063710 -0.36039305
-0.05623074 0.16026703 0.12618993
-0.13309194 0.13703568 -0.36368141
-0.03645222 0.12231269 0.14048550
0.14341843 0.13750485 0.26682585
-0.03221961 -0.13821964 -0.08781228
-0.09942805 -0.10531985 -0.32472032
-0.15515523 -0.16009998 -0.33681729
0.02167231 0.16961512 -0.27814662
-0.07234938 0.13300025 0.28700760
-0.19102277 0.15797332 0.17597854
0.08678716 0.15189995 -0.31846797
0.11077954 0.17049664 0.15059805
-0.13597280 0.16620748 -0.25343713
-0.20964225 0.16839071 0.39454314
-0.09475318 -0.15609592 -0.34357405
0.04557101 0.17168811 -0.09703674
0.14342238 0.16129412 0.25912848
0.11461315 0.17611478 -0.02917002
0.07668471 0.15437302 0.39760715
0.03512174 0.17370449 -0.20369640
-0.07350335 -0.17681605 -0.34773853
0.01306145 0.16011253 -0.05065019
0.10061122 0.17170793 0.28960463
0.02219966 0.17172776 0.10488252
0.01451098 0.14509958 -0.40549585
-0.19405587 0.16727816 -0.21736620
-0.10102397 0.16250099 -0.36082166
0.05857649 0.16432814 -0.17096111
-0.14547561 0.16072199 -0.22496925
-0.15661228 0.15525299 0.32272336
0.12836966 0.16832058 -0.17345926
0.06339335 0.17536682 0.15666214
-0.10563793 0.15381792 0.26484022
-0.08424188 -0.14843087 0.35343623
-0.05084022 0.15197933 -0.08202355
-0.05432329 0.17313680 0.33409190
-0.15005405 0.16631503 0.05046630
-0.06116248 -0.14603041 0.35070679
-0.07065388 0.17096026 -0.23416066
-0.08322433 0.11811331 -0.25975901
-0.11113750 0.00965020 -0.34218356
-0.16944511 0.13278826 0.08509004
-0.10898288 0.14373983 0.00000089
-0.11445455 0.17280200 0.41271874
0.09498937 0.16843706 -0.01544250
0.02372655 0.16556524 0.02111435
-0.17223765 0.12748651 -0.34145820
0.08090140 0.17078327 -0.12746924
-0.18501042 0.17831844 -0.25902593
-0.11470739 -0.16406405 -0.32920998
-0.08691909 0.15585729 -0.38834107
-0.15178075 0.16465764 0.26157477
0.12812272 0.14170335 0.41173548
-0.05874816 0.14631830 0.26253197
-0.08058362 -0.15362844 -0.31635451
0.13221800 0.16498214 0.01356239
-0.14428277 0.17640221 0.28152031
-0.19093770 0.14922370 0.19704118
-0.07668713 -0.04389678 -0.36499622
-0.11338986 0.14848366 0.22580048
0.18660703 0.17091514 -0.05726293
0.03007177 -0.03818745 -0.32844934
0.03433446 0.17486072 0.09851594
-0.02929473 0.17162970 -0.31693456
-0.19957314 0.16233569 -0.29070115
0.02179492 0.15511645 0.40825889
0.12701568 0.16927147 -0.18360837
-0.20486422 0.16874321 -0.03617421
-0.04548074 0.17712098 -0.21031615
0.19435981 0.15600693 -0.27111170
0.11719432 0.15451644 -0.39591137
0.13702901 0.14151476 -0.04411456
-0.11544383 0.13609964 -0.31136665
0.00759910 0.14740783 -0.23511447
0.12624091 0.16689494 0.05371366
-0.08037283 0.14896731 -0.38146278
-0.10997283 0.15402336 0.12245740
0.10121552 0.18362163 0.21287891
-0.10946910 0.17867972 0.28964472
-0.11833555 0.14850557 0.26109049
0.18800692 0.17364253 0.34737766
-0.09466282 0.16403934 -0.39629835
-0.08251926 0.14617868 0.40273058
-0.09828236 -0.08057416 0.34179449
-0.15665473 0.16875869 0.34655955
-0.11669668 -0.08693765 0.33007056
0.13130438 0.16165414 -0.04948793
0.16240059 0.13443464 0.18664765
0.16289166 0.12963983 0.00317799
-0.03241778 0.17857043 -0.18742383
0.02293708 0.17626847 -0.23969167
0.06980902 -0.14217331 -0.35813272
0.13693331 0.16917399 -0.20788601
0.00054178 -0.12606922 -0.36186627
0.03900572 0.01645072 -0.32065895
-0.08869372 0.16664661 0.40608838
-0.03684366 0.17567089 -0.05771078
0.04577386 0.17821844 -0.34668717
0.05550873 0.14506190 0.26209053
0.03122663 0.14931962 -0.12291533
0.01963735 0.15364909 -0.39282423
-0.11201621 0.16241217 -0.19815876
-0.03042906 0.17380723 0.32806239
-0.04946996 0.17568479 0.14327611
0.02023900 0.15673544 0.31921169
-0.06491588 0.17351972 0.07235257
0.14761612 0.18096906 0.27333036
0.01996651 0.17990568 0.40415949
0.12073950 0.15994327 0.38003877
-0.20984860 0.17106010 0.33312652
0.10204978 0.17536168 0.39619169
0.16347675 0.16217203 0.40641859
-0.16691926 0.15714017 -0.38179937
0.17244217 0.17702499 -0.25194412
0.11170615 0.17323466 -0.39820400
-0.14709213 0.14920270 -0.31643477
-0.15688576 -0.14829686 -0.36257559
0.16605610 0.16940589 0.29014903
0.07313345 0.17234264 0.41343179
-0.14849193 -0.18064584 0.35064992
0.08558815 0.17298767 -0.04151373
-0.03327553 0.14821799 0.38086486
-0.09585474 -0.15445849 -0.35316163
0.05548036 0.15944777 0.41308674
0.05715600 0.16799089 0.31647241
-0.18064457 0.16389571 -0.20942175
0.03351530 0.15785326 0.25253588
-0.05604789 -0.14657654 -0.18728785
0.08898478 0.16077065 0.09668992
0.01164017 -0.12867419 0.16927689
-0.09677938 0.16995905 0.33854330
-0.04997056 0.16681789 -0.32895085
-0.02392864 0.13830258 0.32443327
-0.10719288 -0.06345432 0.34586337
-0.02912508 -0.00135371 -0.34696737
-0.09472780 -0.11653441 0.35224232
-0.12375177 0.15635186 -0.20265409
-0.07052799 0.06875030 0.35989547
-0.07995641 -0.00158190 -0.36449748
-0.05918806 -0.00939769 -0.33603513
0.12139927 0.17104290 0.24637000
-0.13723618 0.16476265 -0.09253347
0.15317509 0.17070742 0.09654430
0.12270656 0.16184063 0.39310396
0.04431808 0.01604847 -0.34659329
0.08076248 0.14612570 0.19975902
-0.16298017 0.17169885 0.37271461
-0.10223849 0.14802398 0.01152681
-0.00079640 0.16098940 -0.20041482
0.05568941 0.14351873 0.29262248
-0.08517497 -0.08304866 -0.33564207
-0.10025576 0.14477804 -0.25899848
0.00831103 0.17181163 -0.11183395
0.13625491 0.15207601 0.03300268
-0.01531575 0.17821081 0.04881132
0.06597960 0.15036289 -0.06458637
0.18286893 0.14899217 0.14573136
-0.07985773 0.17572156 0.27410880
-0.08734440 -0.06900769 -0.32924378
-0.08425108 0.13910381 -0.30207101
0.10991895 0.17590706 -0.32588303
-0.20273761 0.17472132 -0.22171222
0.00930464 0.13168640 0.28616193
0.06851567 -0.17236130 -0.32006425
-0.18874688 0.14822347 0.14760168
0.02363945 0.08229841 0.34142116
0.03106337 0.14876601 0.40406501
0.10910593 -0.15290330 -0.33409297
-0.11914816 0.12620066 -0.14740166
0.13582790 0.10680728 -0.27604166
-0.01317430 0.13605806 -0.40267619
-0.18049422 0.14665601 0.16438156
0.03871579 0.17570783 0.20571841
0.16254921 0.16092077 -0.16628556
0.13160288 0.03773718 0.33757651
0.10508163 0.16226205 0.09370310
0.08698037 0.15486772 -0.29174733
-0.10461534 0.14852677 0.01729679
0.08524569 0.16626137 -0.12949897
-0.03662534 -0.11832286 -0.26736560
-0.10703288 0.10749500 0.29253647
-0.08163252 0.00184118 -0.08039665
0.07410865 0.15789157 -0.05633351
-0.19641897 0.17859125 -0.34201607
0.08968260 0.15927877 -0.00058503
-0.04633109 0.15662280 0.19119763
-0.06608288 0.16029328 0.30003932
0.01431702 0.17749959 -0.31919014
0.12869583 0.17460619 0.34935227
-0.01210697 0.11631068 0.37858298
0.14386977 0.17339356 -0.11685470
0.13272621 0.16838901 -0.37912995
-0.09959274 0.14988628 0.03786761
-0.10161797 -0.17158176 -0.33501339
-0.16580741 0.14590220 0.40657911
-0.08342015 0.17644872 0.30962810
0.08362067 0.18079013 -0.11526407
-0.05868056 0.16575104 -0.07752620
0.12403912 0.13217802 -0.02131499
0.03521774 0.17315590 0.06219266
0.18796240 0.17658818 0.03538737
0.16175334 0.15184574 -0.30504671
0.07070568 0.16624135 -0.35833094
-0.03046649 0.15241900 -0.10180555
-0.11704294 0.17451398 0.41843534
-0.03475129 -0.12918888 0.33176342
