0.04807684 0.19702701 0.30905947
-0.33085892 -0.17702527 -0.28254473
0.28721166 0.12958883 0.05975637
0.04550155 0.13072667 -0.27926195
0.31022856 -0.17192198 0.31256187
-0.04690969 0.11101975 -0.30339789
-0.28274459 0.20970351 -0.26519129
0.31331992 0.10861837 0.28721234
-0.15402156 0.16251679 0.26362297
-0.10015857 0.10744730 -0.29207408
-0.28762251 -0.20190689 -0.30266544
0.32322779 0.20684060 0.06124319
-0.05169430 0.14533395 0.30743340
-0.32352218 0.21017882 0.05965442
-0.05130055 0.20488895 0.14285931
0.04441642 0.21053939 -0.06462413
-0.11907501 0.17766865 0.11213445
0.02016703 0.19583137 0.29449955
-0.04202168 0.20971239 0.28247312
0.08241471 0.18061709 -0.32071337
0.23549114 0.21511708 0.02886895
0.31226233 0.11952238 0.29487088
0.26194769 -0.06178778 -0.23798598
0.02829831 0.20743890 0.16215886
-0.31957442 0.19312054 0.28411460
-0.29269385 -0.02674291 0.31094885
-0.13660173 0.20774925 -0.18152013
-0.23130541 0.15776253 -0.23723263
-0.31726986 0.20650001 -0.10402272
-0.30093354 0.16406919 -0.00846950
-0.08129286 0.20098743 0.08105183
-0.13207187 0.16150399 -0.12210057
-0.08468407 0.18243763 0.25306362
0.19839714 0.11314782 0.27973640
0.31230482 0.15279432 -0.19300112
-0.27171698 0.00856423 0.31090385
-0.25904319 0.19854793 -0.20662111
-0.10006649 0.16455983 0.24326161
-0.18570274 0.15917142 -0.26868236
-0.25166556 0.20850691 -0.15402095
-0.10656501 0.20376915 0.03095704
-0.28048050 -0.02415827 -0.27220848
0.27985668 0.16649586 0.22029734
-0.31195682 0.17180704 -0.04146123
-0.28089634 0.06246237 0.22910084
-0.29890570 0.14973804 0.22865380
-0.14792839 0.21285713 0.18811007
0.28411329 0.20354602 -0.00331898
0.31194484 0.10838408 0.11123873
0.03918439 0.20699790 0.04084294
0.03785707 0.19452491 -0.04687761
0.31838864 -0.04847118 0.30675256
-0.04454680 0.20502786 0.10942134
-0.29857326 0.14993533 0.10067038
0.23883481 0.10347641 0.30678895
-0.30534944 0.11360507 -0.03898197
-0.24752676 0.14910020 -0.05607837
-0.05291312 0.19175135 0.12026724
-0.07541059 0.17337592 0.04401280
0.14318219 0.21110024 0.29184583
0.06108841 0.20749886 -0.30744246
-0.31114268 -0.06854649 -0.30199945
0.02022627 0.19886854 0.12523504
-0.15327196 0.20521283 0.01369945
-0.30767104 0.09590229 0.22129491
-0.10152427 0.20308061 0.02779368
0.30365661 -0.03026143 -0.24782856
0.09394705 0.20519513 0.26954892
0.29633927 0.07377316 -0.13627321
-0.30495784 0.09236664 -0.02490526
-0.06656414 0.18038581 0.02505396
0.24180810 0.10471635 -0.06211957
0.12195247 0.20125927 0.03649683
-0.30672154 0.10866727 0.23168258
-0.25476891 0.19714372 0.02589627
0.25094759 0.10354783 0.30220807
0.08358236 0.20915931 0.20875233
-0.08284750 0.19271822 0.13333476
-0.15550040 0.20087557 0.06521788
-0.32363960 0.19777685 -0.17342427
-0.22181208 0.13161694 0.27653283
0.20929287 0.16710973 0.31242287
-0.30087194 0.08996236 0.07196750
-0.02974455 0.20581272 -0.03962351
-0.16339286 0.20749223 0.31897524
0.07758194 0.20255552 0.02538328
0.27641213 0.20027725 0.14364144
-0.27414417 0.20563701 0.28859621
-0.05543308 0.20617469 -0.23679225
0.03208437 0.20851643 0.13207972
0.29325998 0.08944166 0.05162911
0.20965780 0.20563385 -0.07942744
0.17578071 0.19957043 -0.30114228
-0.31088272 0.16502713 0.15689936
0.27430221 0.14006743 0.27719876
0.28160435 0.12192368 0.08743472
0.11794595 0.16158491 0.28982618
0.27179900 0.20717500 -0.18043308
0.28468561 0.16587812 -0.26881099
-0.00882588 0.21315877 -0.25245741
0.06853907 0.20432952 0.06905280
-0.09643039 0.12185931 0.27810967
-0.27407476 0.12218948 -0.07439097
-0.29779157 0.19129372 -0.23054722
0.09950835 0.14000097 0.29601935
0.05136717 0.09395009 0.29561278
0.23711611 0.14009675 -0.30850765
0.19965443 0.19264944 -0.06623894
-0.25534406 0.13692395 -0.17762436
0.27557868 0.16263834 -0.16270675
0.22168773 0.06484143 -0.30131668
-0.26634112 0.16520377 -0.25776064
-0.23454586 0.07597283 -0.25879803
-0.11264621 0.20731336 0.12000798
-0.22172856 0.20513096 0.00299354
0.17532104 0.21213748 -0.01609144
-0.16371743 0.18385798 0.07992432
-0.09962276 0.16518129 0.30353355
0.00611911 0.20867462 -0.03530806
-0.31993198 -0.17388164 0.26457220
-0.31384990 0.20570837 0.14257559
-0.24571326 0.13142218 -0.28584149
-0.28497371 0.03464160 -0.23211171
-0.30304730 0.04037704 0.27166894
-0.31530273 0.19734408 0.18547949
0.19217147 0.20926711 0.26801583
-0.10145466 0.20909452 -0.23991250
0.15661886 0.13755706 -0.22389227
-0.25056112 0.17336762 0.21760093
-0.30556053 0.11141796 0.26374754
-0.27570805 0.16873397 -0.22906528
0.31004089 0.15684010 0.17810696
0.28937194 0.05680244 0.22573665
-0.24069329 0.21045657 -0.29697433
0.00283814 0.20992821 0.11197750
-0.07266913 0.20513859 -0.02392506
-0.23641662 0.20757990 -0.07557145
0.12589034 0.20835577 0.10207634
0.23070674 0.20833413 -0.28027934
0.31856740 0.17319921 0.06245312
-0.07137243 0.21122369 -0.30237618
0.31917137 0.18644190 0.25881577
0.30467296 0.13835412 -0.29648030
-0.01751808 0.20037609 -0.10338183
0.31246057 0.09519291 0.30086154
0.09599612 0.19834068 -0.18002953
0.29881090 0.17233601 -0.13325131
-0.19819392 0.21292736 -0.18820082
-0.22611305 0.19894096 0.27844092
-0.02239886 0.13301827 0.25431943
-0.24260481 0.20881887 0.20947787
-0.10657010 0.15233217 0.05567233
0.26764074 -0.13912772 -0.26105642
-0.04257610 0.20788951 0.02851260
0.03796205 0.19504480 -0.31238103
0.04159153 0.21267144 -0.15948828
-0.10451767 0.20100577 -0.31213939
-0.03907343 0.19387510 0.12128591
0.18110350 0.13332961 -0.22971866
-0.11934357 0.14541976 -0.29953513
-0.03717150 0.21092750 -0.10925076
0.06757867 0.20632674 0.12201628
-0.18113948 0.20102692 -0.01831344
-0.20784701 0.21269003 0.17572823
-0.15323235 0.10527203 0.19938569
-0.16172352 0.10716309 0.30106732
0.31665656 -0.07639499 -0.30700538
0.26107076 -0.11981031 -0.25973704
0.27877179 0.13236260 -0.14017081
0.24959949 0.21014002 0.16633311
-0.17818089 0.21271025 0.04908805
0.01063941 0.21060322 0.02041975
-0.20893112 0.21100178 0.23040950
0.30523428 -0.02498483 0.27642205
-0.18295696 0.18044223 -0.10257110
0.29367864 0.21058485 -0.14276642
0.30382359 -0.08482668 -0.25158793
0.01144721 0.20602371 -0.24709998
-0.25183159 0.15479109 0.26853466
-0.26976138 0.11326344 -0.21487434
0.13085030 0.15896156 -0.25732964
0.31087402 0.17122212 -0.00642860
-0.13802570 0.06588203 -0.29684797
-0.32382432 0.20546187 -0.15336721
0.11963154 0.10005896 0.29574335
0.30364686 0.08907574 -0.04370175
-0.15914719 0.20266229 0.01790236
0.31167597 0.11549828 0.29884008
-0.31076375 0.09158264 0.26098719
-0.16374172 0.20704012 0.28509900
0.06270605 0.17464903 -0.31403476
0.10560787 0.21544655 -0.00776419
0.19320618 0.10563468 -0.18896325
0.29044265 0.21690358 -0.27003407
0.10365778 0.08443012 -0.29028231
0.16438931 0.21345562 -0.02851290
-0.31536588 0.17595671 0.19119816
0.01930864 0.21042226 0.19110236
-0.17115495 0.20654950 0.16599473
-0.25849175 0.14717960 0.12256637
-0.15848282 0.20698594 0.13246156
-0.26994076 0.12626146 0.19115999
0.30818421 0.19275106 -0.17873664
0.30323544 0.19720165 -0.20958653
-0.30511925 0.01436585 -0.25395304
0.19825512 0.14034079 0.16685127
-0.27246061 -0.08895225 0.24780740
-0.06784613 0.20471507 -0.24118702
0.01508481 0.20506284 -0.04787957
0.08773553 0.12618917 0.27632195
-0.14425378 0.19803725 0.04582654
0.06820481 0.11234603 0.29576275
0.28087792 -0.13341334 0.30239549
0.07936807 0.15312080 -0.07155268
0.25068939 0.12395375 -0.06460968
0.10814203 0.19649406 0.11747361
0.21448593 0.20690022 0.24325833
-0.30394691 0.14014228 -0.00163846
0.24768224 0.09717704 -0.16882721
-0.13220464 0.19423962 0.31014052
-0.28960577 0.14542826 -0.30454192
-0.11634668 0.20784488 0.19626601
0.21157704 0.20925036 -0.00139642
0.00725036 0.21024764 0.25617155
-0.32564381 -0.10739269 -0.29808149
-0.31983730 0.19946623 0.25493771
-0.03573844 0.20580010 -0.25867164
-0.13641004 0.12921923 -0.20731243
0.15961161 0.20676371 -0.30034074
0.29325223 0.14468834 0.04555017
-0.31647530 0.17263386 -0.20506144
0.00328056 0.21064898 -0.17910327
0.21312304 0.19447775 0.08703972
0.17345984 0.09758209 0.29614410
-0.04649382 0.16766405 0.30353239
0.24713472 0.18216027 0.19853035
-0.15973954 0.20426810 -0.04588855
0.27436149 0.19255982 0.31807089
0.31007704 0.11749801 0.30979356
-0.02817862 0.18821277 0.00291257
0.25929910 0.20825861 0.15191111
-0.22109476 0.20987372 -0.05478195
0.20519975 0.21205337 0.15376160
-0.11803366 0.20729429 -0.17894495
-0.29842663 0.18939434 -0.03510881
0.01707681 0.20766948 -0.09389445
0.27112544 -0.18603308 0.26818606
-0.19251080 0.19100347 -0.00444464
-0.28387830 0.04834160 -0.31151855
0.12816313 0.19046991 0.31504014
-0.29454935 0.11394634 0.30624282
0.07317054 0.16872650 0.13754579
0.25523609 0.03905399 -0.26351517
0.31565943 0.20582515 0.12650542
0.31462371 -0.07353815 0.26123691
0.28558448 0.18909149 -0.17875785
-0.27710965 0.20705578 -0.24704382
-0.28488025 -0.20206049 0.30098087
-0.30538109 0.20606339 0.21713787
0.30656469 0.19678563 -0.17367946
0.31373513 0.18707785 0.28881186
-0.29346803 0.17266728 0.00667134
0.28516191 -0.02370710 0.28301415
0.30986857 0.17456050 -0.21419780
0.31215215 0.19546469 0.24208845
0.28934425 0.13982843 0.29566687
0.22019163 0.14950925 -0.28702313
-0.01148945 0.20444104 0.25741303
0.16750342 0.21126774 -0.07608624
0.29501230 0.08440213 -0.30994877
0.31553614 -0.21188092 0.28205320
-0.14610252 0.13597749 -0.30514124
0.31630939 0.18370931 0.04538748
0.27705023 -0.15098453 0.30489939
-0.28472415 0.10057549 0.27867094
0.30480152 0.10299474 0.30267617
0.28473932 0.13293391 0.03274876
-0.03835586 0.20770134 -0.19937444
-0.14672814 0.12265532 0.30538425
-0.31739247 0.15954819 0.06897816
0.10132249 0.16668524 0.17229502
-0.30659652 0.09630339 -0.20771843
-0.09557316 0.20956302 -0.06547654
0.09426714 0.21118748 0.20653686
0.23124738 0.11268478 0.17114991
-0.29872608 0.17389028 -0.09835114
0.18256569 0.17191494 0.30560368
0.14189079 0.20275939 -0.17919120
0.13782287 0.20584258 -0.29313838
0.25415367 0.10369211 -0.29562753
-0.29710335 -0.08956335 -0.25027990
-0.05995534 0.20374045 -0.17965361
-0.25190988 0.20746782 0.24872226
0.28929818 0.20300595 0.23706281
-0.32218963 -0.13576902 -0.30747464
0.17808145 0.19207074 0.22127610
0.26622558 0.15003690 0.31022394
-0.03395525 0.20831423 -0.01846163
-0.31882709 0.19826956 -0.31059995
0.31485388 -0.00441484 -0.26240894
0.17928913 0.20802872 -0.26902291
-0.30172992 0.19766918 0.22686760
0.10555177 0.15967003 -0.31464118
0.04051209 0.11094791 0.29524174
-0.23629119 0.20865585 -0.00598387
0.25517723 0.15784174 0.31160790
-0.30551204 0.07621584 0.21383496
0.01575716 0.21430577 0.19911245
0.04184657 0.17234813 -0.13645869
0.18890606 0.20427126 -0.21622811
-0.28894231 0.20297746 -0.28648755
-0.18570217 0.20759758 0.16274597
0.06128157 0.21480805 -0.16818011
0.08534837 0.20116858 0.31028891
-0.30991817 0.15638830 -0.27761784
0.07093215 0.19553950 -0.17280230
0.03479943 0.20895234 0.07119971
-0.26664326 0.15049124 -0.09217225
-0.13111874 0.12239771 -0.29188403
-0.29334965 0.13464279 -0.05904578
-0.31367159 0.16361757 -0.18213096
0.13088383 0.20848818 -0.04259276
0.14359446 0.20163174 0.17985891
0.09521353 0.14241341 -0.30061918
0.18743470 0.15177526 0.14394195
-0.29639369 0.12630318 0.30814806
-0.15492880 0.19358180 0.07471922
0.04346556 0.20531589 0.06043316
-0.00522558 0.17692590 0.18885970
0.14261946 0.15065931 -0.23874286
-0.07545219 0.21215168 -0.16238284
0.30835542 -0.03169257 -0.24397132
0.14669462 0.17604885 -0.30746138
-0.14443287 0.18361084 -0.30048752
0.25114152 0.20626593 0.01770174
0.31296709 0.05301652 0.30436197
-0.22881472 0.20738032 -0.24100237
-0.02505763 0.20824581 -0.18958907
-0.02921341 0.20999281 0.15206930
-0.00436125 0.14949280 0.22420843
0.27272314 -0.07149180 0.31853276
-0.30841109 -0.13042367 -0.30815914
0.30405936 -0.19967215 -0.31619221
-0.28356132 0.18895388 -0.31811270
-0.31524229 0.16768181 0.24763972
0.31877497 0.16525312 -0.12873453
0.15706590 0.20287089 -0.10314946
0.23766825 0.16566987 -0.30174920
-0.09143309 0.16550590 0.14295258
-0.10079642 0.19655551 0.10787656
0.29432803 -0.14800361 -0.25153509
-0.20367472 0.21006115 -0.14229082
0.28794554 0.21080616 0.29215649
-0.26191476 0.19780484 -0.14429392
0.22182474 0.04075069 -0.24314521
-0.17141496 0.14418690 -0.29342407
0.14554198 0.20144513 -0.13044119
-0.04216475 0.20050162 0.05287230
-0.00624976 0.13954562 -0.30789104
0.11099213 0.21114260 -0.14835194
-0.01724197 0.19711773 -0.26014876
-0.32222536 -0.12121791 -0.26546079
0.29954588 0.02781966 -0.30586395
0.25898358 0.20103772 0.26889634
0.28454626 -0.05069780 0.30306178
-0.25315332 0.18764415 -0.31882811
0.31406608 0.02008492 -0.27430192
-0.12464245 0.20845003 0.27070275
-0.18832763 0.10987038 -0.30084810
-0.31466550 -0.12647817 0.25847614
0.06523666 0.20367846 -0.03908965
0.01611850 0.20389187 0.22130398
0.27225843 0.17460427 0.01238700
-0.20230043 0.18123600 -0.06698790
0.30356643 0.09125699 -0.06907718
0.11461976 0.21143255 0.04091234
-0.29405713 -0.20188189 -0.27185538
-0.31428841 -0.05244780 -0.29856992
-0.22708012 0.18354295 -0.29354340
0.30967376 0.02697460 -0.26194119
0.00197787 0.20018412 0.08518801
-0.07060988 0.21315572 -0.24471015
0.29385585 0.19954456 -0.20820062
0.28817794 -0.01887121 0.30776837
-0.07438291 0.20491987 0.20402387
-0.16002920 0.20846462 0.22817767
0.30724078 0.20394900 -0.18081358
0.23071064 0.10917848 -0.21817729
-0.33067548 -0.17933865 0.29674250
0.07828655 0.21365035 -0.25900885
0.13014716 0.20780316 -0.19939518
-0.32238021 0.03213955 0.30975452
0.18381460 0.21205717 0.16964753
-0.02365986 0.13626939 0.30702859
0.29510555 -0.16567107 -0.31230757
0.31293029 -0.08792171 0.26875848
-0.07547785 0.20310895 -0.11472069
0.31510961 0.13459995 0.31281802
-0.29721481 0.16448481 0.28776234
0.19782482 0.20805830 0.01331570
0.18469836 0.20651107 0.00572529
-0.06053824 0.17706661 -0.02998393
0.06719228 0.20481767 -0.18461937
0.31684646 0.19712760 -0.26449332
0.22575188 0.14291474 -0.13508309
-0.25299069 0.16798627 0.30153751
-0.21340972 0.20683257 0.12378289
-0.30217624 0.13981318 -0.27124286
0.09938361 0.16816586 0.20135513
0.08232503 0.13805114 0.30874577
-0.06756474 0.21219660 0.29234907
0.10234393 0.21360777 -0.10949402
0.10817835 0.19785944 -0.15651637
0.17780446 0.15011990 -0.05731438
0.21326840 0.10274611 -0.30773285
0.03418606 0.20534842 0.12195273
-0.02316396 0.20851780 0.11103525
-0.28732324 0.12565482 -0.16925064
-0.27894354 0.16348642 -0.02409754
0.05934144 0.14957471 -0.24211197
-0.26991728 0.21071912 0.26819488
-0.21333317 0.15873682 -0.04077931
-0.23801540 0.17151992 -0.30783141
0.00826303 0.20433827 -0.12789902
-0.31209621 0.02307082 -0.23642610
-0.24189125 0.15066124 -0.13172072
-0.28399852 0.06172960 0.25236583
0.02728861 0.19241247 0.28730130
0.27957132 -0.03914955 0.25947630
-0.28568935 0.20470244 0.10037157
0.15121287 0.20095071 -0.23622021
-0.27090877 -0.01427097 -0.30327114
-0.20170569 0.21151118 -0.06951590
-0.02153325 0.14959370 0.09978174
0.12295755 0.21320228 -0.27186933
-0.29773378 -0.19726391 0.25298059
-0.07360955 0.19684726 0.15362285
-0.10609960 0.20733248 0.31482756
0.09111996 0.20657800 -0.11589508
0.05481691 0.21218255 -0.23793449
-0.20265648 0.13109532 0.30685997
-0.24875486 0.16699918 -0.18872696
0.29522887 0.05172351 0.30104080
-0.29417789 0.14473949 0.28676113
0.24461050 0.19007286 -0.24549899
0.27039197 -0.00530160 -0.30763736
0.24026334 0.19270287 0.00774584
0.31014395 -0.18077597 -0.31105936
0.12345065 0.20813534 0.28493315
0.08612093 0.20777047 -0.02170370
0.30698162 0.01924947 0.27440459
-0.17881414 0.14948088 -0.30283397
0.10344145 0.19780971 -0.15095954
-0.32014319 0.17992052 -0.28245741
-0.31177303 -0.01259896 -0.26358280
-0.30919141 0.20932634 -0.30586702
0.21485353 0.20772144 0.24627811
-0.00228481 0.20049593 -0.30925050
0.31844479 0.19774462 -0.11100662
-0.31512782 0.01228388 -0.31256998
0.26243013 0.20641993 0.23166367
0.30963874 0.17371774 0.14135751
0.20348644 0.16967469 -0.14413622
-0.01410066 0.18186110 -0.19045101
0.01335164 0.18004617 0.30025235
0.12932941 0.20540941 0.07239964
-0.15911652 0.08564940 0.30165258
-0.31222719 0.14100841 0.11552388
0.28314158 -0.04016613 0.30915979
-0.31697807 0.18501382 0.31313348
0.04558456 0.17383282 -0.18185058
-0.15582615 0.18799505 0.30409729
0.27411437 0.17255293 -0.19858579
0.10709423 0.20795783 0.04773189
-0.08376044 0.16166176 0.23363015
-0.18361142 0.13658848 -0.30372280
0.25846848 -0.17864423 0.27203891
0.27953282 0.19430144 0.31501979
0.09816013 0.18515556 -0.10063238
0.07969330 0.11521059 0.29864812
-0.13463616 0.21279386 -0.00105591
-0.08243213 0.18388297 -0.21246608
0.31766847 0.19599828 0.12707740
-0.16822575 0.16687116 -0.17946878
0.16067168 0.19480452 0.23495334
-0.27822140 0.01723509 0.26143011
-0.25964755 0.21027216 -0.05370359
0.28177547 -0.01761931 0.29363510
-0.18910420 0.21233334 -0.08596613
-0.32408270 -0.07788292 -0.29822060
0.04402964 0.17133899 0.25860512
0.25723737 -0.02565669 -0.29216647
0.31032830 0.13288036 0.05508825
-0.20376743 0.18587068 0.26415241
-0.02956920 0.20594794 0.05454765
-0.24180610 0.20475107 0.14277703
-0.27468756 0.16406077 0.24569570
-0.11799982 0.20675102 -0.20232034
0.03023543 0.20450693 -0.21283077
-0.27778056 0.13379596 0.21045947
-0.29244226 -0.18979476 -0.30255210
-0.20931406 0.18827294 0.14033988
-0.31894755 -0.01863239 0.28445941
-0.32413247 0.20019068 -0.12042926
0.22708133 0.17383350 -0.31044543
0.13973139 0.21283163 0.18531725
0.06904811 0.20941319 0.31145957
0.01633465 0.21611731 0.25858495
0.30469450 0.09225685 0.30932444
-0.24280633 0.14372587 -0.19307542
-0.30969441 -0.01043808 -0.21769978
0.23108038 0.20312846 -0.03632586
-0.30443600 0.18311408 0.31201163
-0.05033920 0.20649642 -0.16551994
0.07266624 0.20381677 0.07962105
-0.17999168 0.20050536 0.05036519
-0.16377683 0.20765853 0.06531616
-0.00614105 0.18026158 -0.01446441
-0.27085125 -0.02916575 0.25287411
-0.26989704 -0.00679596 -0.28683671
-0.32308897 0.19791697 -0.09160617
-0.29885450 0.12006195 0.22351919
0.25084817 0.08921938 -0.30388343
0.27867442 0.06981593 0.30054301
0.31654260 0.16276576 -0.21752793
-0.04014909 0.20740753 -0.00541415
0.25812224 0.04938086 0.26702127
-0.27339596 0.20924625 -0.07459255
-0.30689973 0.00815711 -0.31164542
0.31051886 0.17190780 -0.09585857
0.14906424 0.19973969 -0.14987071
0.31549338 0.18126366 -0.27696103
-0.30627319 0.21368031 0.11673290
0.06331058 0.14483993 0.29526207
-0.27704495 0.21215162 -0.05043982
0.31257275 -0.03604034 0.26226431
0.17362748 0.20937738 0.00752535
-0.26299948 0.14665243 -0.11262176
0.27964133 0.20079285 -0.16458373
-0.09913024 0.20574035 -0.15296872
-0.17675819 0.20589554 0.00186406
0.28634512 0.20670839 0.14067449
-0.19856830 0.20951290 -0.18277711
0.06559001 0.19788565 0.30773485
-0.30154514 0.17488751 0.31466696
-0.09446504 0.20914404 -0.21355771
-0.31430244 0.19230363 0.08457559
0.25847054 0.18298116 -0.28109896
-0.30382258 0.10821509 -0.30997363
-0.26708496 0.02955545 0.29621854
-0.15399146 0.16933241 0.25569576
-0.31879488 0.17807905 -0.08834081
0.31595680 -0.06204859 -0.30747694
0.08020438 0.20768125 0.23183046
-0.30595770 0.21347702 -0.19109637
-0.09905437 0.20719388 -0.05559225
-0.29581442 0.20487422 0.26199007
0.04903593 0.19795279 -0.22903785
0.27652410 0.09295610 -0.14174657
-0.19791812 0.20790850 0.08428498
-0.27596426 0.04339337 -0.26413625
-0.11593609 0.13726328 0.27528724
-0.31688711 0.16998385 -0.13708055
-0.31359601 0.12614372 -0.17125100
-0.17271706 0.21006328 0.08800629
-0.13489076 0.20613478 -0.23734447
-0.31788951 -0.03227323 0.29045784
-0.30518320 0.11332150 -0.01660091
0.25238743 0.17065683 0.06191278
0.29061928 0.20591441 -0.22717701
0.29761869 0.08170172 -0.20450924
-0.29993477 0.18853028 0.22675863
0.17401272 0.18879585 -0.26451895
-0.32355097 0.18754926 0.26874700
-0.30741358 0.10174999 0.07447229
-0.31370503 0.14760076 -0.00125996
-0.28495181 -0.15826088 0.29965648
-0.28255793 0.03143698 0.30321011
-0.14185926 0.20969550 -0.08338212
0.16810185 0.20850685 0.22383311
-0.25047973 0.20650630 0.09435090
0.02362052 0.17310216 -0.30358201
-0.23405652 0.13105170 0.24701004
-0.15619674 0.20958219 -0.27857631
-0.24300283 0.14916085 0.14217260
-0.25909659 0.00894063 0.29441881
0.09611772 0.19625880 0.02856437
0.24871629 0.10306368 -0.11851799
-0.17561080 0.20849866 -0.11141431
-0.31562823 0.12161920 0.22196813
-0.31810147 -0.03577159 -0.29696262
0.27254009 0.04637598 0.29816192
0.24992597 0.19506466 -0.29835641
0.13549478 0.20728473 -0.11339846
0.07630701 0.20990314 0.10187974
0.31548035 0.18868501 -0.24910983
-0.17241007 0.20604992 -0.07593922
0.05761799 0.20727932 0.19824053
-0.05525320 0.20853291 -0.30181277
-0.19251484 0.15226085 0.12256007
-0.14916241 0.20691612 -0.20675948
-0.16829361 0.10071063 -0.30120933
0.32234475 -0.16513735 -0.29093459
0.33084419 -0.15796873 0.30127025
-0.30015579 0.09006379 0.02201398
-0.10019363 0.15393203 0.22181131
-0.11060605 0.19086815 0.29065755
0.30204377 0.07631660 0.15333933
0.24598280 0.21375400 0.00690602
-0.21870805 0.20227933 0.31805506
-0.25160158 0.10642982 -0.27141160
0.12588330 0.19784385 0.12818383
-0.23361807 0.15101726 -0.02030843
-0.32101128 0.21057871 -0.09822554
-0.30612707 0.21442237 -0.19279960
0.14751458 0.20755436 0.22841024
0.30183321 0.19990878 0.06971429
0.31720710 -0.00978270 0.28631082
-0.29799551 0.20399272 -0.29644233
0.31494710 0.16168872 -0.31368726
0.11478247 0.20343198 0.07796945
-0.00499637 0.19925132 -0.28407153
-0.28776455 0.13963078 -0.25919840
-0.01026990 0.18817835 0.06696933
-0.29317805 0.21290380 0.10692423
-0.11673265 0.20803671 -0.02968377
0.21496415 0.15597567 0.28810793
-0.11007635 0.20623372 -0.31013456
-0.28714511 0.11302660 0.13556601
0.24231927 0.15948021 -0.23005861
0.05630597 0.20128873 0.08128203
0.30663931 0.17916723 -0.24910225
0.03390197 0.15896553 0.31227133
-0.31536070 0.17251493 0.05962216
0.08924611 0.20246753 0.06083110
-0.13165697 0.12669952 0.26407671
0.12217873 0.16653852 -0.11394687
-0.28462800 -0.03543239 -0.31327698
0.30565771 0.19050638 -0.22742961
-0.19094983 0.19322599 0.07638706
-0.27712595 0.19551289 0.15863095
0.29497015 0.11538488 0.19983332
-0.30490860 0.21555269 0.04944900
-0.16105112 0.20921452 -0.00386085
0.03571998 0.20933050 -0.15725960
0.26284352 0.20813189 -0.05863161
0.13880961 0.18581316 0.03366547
-0.29855031 -0.02494292 -0.25018659
0.15302241 0.18380401 0.02668888
0.15486333 0.11886527 0.26827666
-0.18750502 0.21827856 -0.23701252
0.31926730 0.19413227 -0.02323443
-0.31579745 0.17424685 0.01850840
0.07066032 0.20106736 -0.04883036
0.29074448 0.09126140 -0.14499404
0.31340238 0.12054786 0.10222542
-0.02826736 0.19356631 -0.31182790
0.03473820 0.19682027 -0.26414195
-0.27959546 0.12523235 0.17990047
0.31467149 0.19529381 -0.12380010
0.20063090 0.07356006 0.27622366
0.30208483 0.08950776 0.13368577
0.16630712 0.11940078 0.30475700
-0.18855540 0.20564927 0.21798044
-0.27311778 0.20663062 0.13813043
-0.16868289 0.20653650 0.20984252
-0.26695022 0.12442860 -0.07954419
0.21015818 0.20522946 0.22075580
0.26841831 -0.03361876 -0.30161580
-0.09838365 0.20982039 -0.04234902
0.22511634 0.20588437 -0.09703904
-0.29643220 0.13092422 -0.18970777
0.25842422 0.20788223 -0.10851398
0.01432511 0.19718975 -0.30137861
0.26077956 0.03812740 0.29072669
0.03388298 0.18308899 -0.28369242
-0.25676227 0.19341962 -0.16158718
-0.30557460 0.08559261 0.16844729
0.09592906 0.16254365 0.04944358
-0.32257572 0.19704817 -0.05309727
0.27591926 0.19585377 -0.11633857
-0.31662938 0.20919374 0.16167840
0.31504512 0.15469733 0.19906017
-0.07102276 0.20365582 -0.09426956
0.21440041 0.20791656 -0.03644757
-0.30693725 0.04717650 -0.28935820
0.02046540 0.21176961 0.18592960
0.16156207 0.21132724 -0.27415231
0.29263705 0.09831034 0.13383113
0.02580864 0.16834405 -0.03070928
-0.31042060 0.11401632 0.25201970
0.31285432 0.15758845 0.22728153
-0.14108053 0.20570806 0.14669365
-0.26703107 0.09354202 0.31364807
0.27256516 0.21212049 -0.01328273
-0.32056797 0.20576349 -0.17126349
-0.31700546 0.16121574 0.15009946
0.29464447 0.10722789 -0.25312492
-0.30933136 -0.14504863 0.31107023
0.07704563 0.16370529 0.16951652
-0.31540781 0.11554965 -0.24454287
0.31460258 0.16071929 0.31522724
0.24416414 0.19283268 0.21669026
-0.11809774 0.21089041 -0.11158938
0.25325999 0.04179955 -0.25293294
0.13595165 0.20763141 -0.24455924
-0.01515041 0.17222193 -0.27386037
0.30276269 0.21067016 0.30440047
0.30152884 0.09809756 -0.11449428
0.26678801 -0.16168480 0.27264887
0.25215364 0.15417506 -0.05558261
0.30290097 0.16727956 0.06347708
-0.30054751 0.16189195 0.11652321
0.27398211 0.20834038 -0.03894230
-0.28234166 0.05970253 -0.31554562
0.26573509 -0.03353659 0.25242144
0.26632330 0.20476373 0.26523596
0.14570011 0.19034711 -0.15544772
0.23642632 0.15868442 0.04880889
-0.16479926 0.20888212 0.02908761
0.11397609 0.20962314 -0.31700265
-0.28266090 -0.10984410 0.26854241
-0.14103357 0.19997340 0.04541272
0.25779215 0.01202944 -0.24057502
-0.31376189 -0.16167778 0.31061444
-0.07004571 0.17604464 -0.11075054
-0.32176667 -0.20616287 -0.30636886
-0.22412135 0.05330947 -0.28552809
0.07499571 0.14972308 0.28186452
-0.29975247 0.21414480 0.03367981
0.14116441 0.21008089 -0.25403342
0.30450186 0.11209790 -0.16649009
0.31600019 0.19918278 -0.30366901
-0.16962409 0.19387433 0.22314841
0.26091918 0.20453763 -0.19656429
-0.03560966 0.14484690 0.21055830
-0.11557125 0.18577057 -0.30513680
0.29694194 0.18076499 -0.15115181
-0.24208586 0.14148770 -0.12923819
-0.22946209 0.20234212 -0.29503867
0.25272501 0.10344227 0.18890631
-0.31272542 0.18906765 -0.17792632
0.06833184 0.20968096 0.21652888
-0.09812832 0.20971896 0.10779791
-0.31557500 0.16969499 0.02026262
-0.31313843 0.04347487 -0.31097898
-0.19819874 0.20813243 -0.13639122
0.29742542 0.20764244 0.30793685
-0.00642203 0.20622286 0.22641307
0.22236717 0.21487601 0.08357317
-0.15820715 0.17792195 -0.29830804
-0.23091115 0.21078575 -0.15051576
-0.00232385 0.17408127 0.21445629
-0.20317122 0.20209570 -0.09164706
0.11122311 0.20814174 -0.30385128
-0.30204409 0.21256448 -0.30048880
0.26224053 0.20504141 -0.01851651
0.15591633 0.17965727 0.31539622
0.14001299 0.13611670 -0.29697520
-0.31696448 0.18343493 0.10507722
-0.24573451 0.20917185 0.02587624
-0.06372605 0.18210022 0.07937741
0.12686865 0.09074716 -0.25669122
0.25302058 0.17638664 -0.01772039
0.04658833 0.20784959 -0.12690908
0.32857046 0.20375222 0.03188815
0.07724448 0.16823205 0.08853131
0.31810406 0.18313597 0.24789953
0.19562426 0.15375701 -0.31124565
-0.19243824 0.21046495 -0.30939913
0.26745081 0.20385149 -0.25260389
-0.29433116 -0.19602185 -0.27278972
0.13426532 0.17102943 -0.16950083
-0.13604258 0.20478214 0.22236434
-0.12421958 0.09958389 -0.30337352
-0.01532077 0.14652111 -0.23709129
-0.09528854 0.15235518 0.30146712
0.27166373 -0.09422135 0.29529765
-0.22376940 0.21153800 0.12151022
0.13774408 0.12253045 0.28021494
-0.30578092 0.20863429 0.01036674
-0.28314877 0.11001617 -0.16891447
-0.28305045 0.09743316 0.22125322
-0.20668644 0.21000503 0.04671277
-0.21750608 0.12653273 -0.30281171
-0.24238093 0.20855451 0.01181413
0.00988504 0.18097125 -0.02744536
0.29926518 -0.00945582 -0.22438025
-0.19105376 0.20404653 -0.08930859
-0.19029683 0.14436302 0.01371098
-0.31107271 0.03526501 -0.26160246
-0.29058221 0.19231942 -0.04341613
-0.31789067 0.21101514 0.03984072
-0.24261045 0.18027924 0.28314334
0.30323091 0.11618990 -0.17335975
-0.09513430 0.13831672 0.26201236
-0.07457846 0.15526482 0.27143499
-0.14668155 0.20820367 -0.07326949
0.16434635 0.11289501 0.21640636
-0.30640435 0.04414206 -0.23654027
0.05083016 0.20882459 -0.17664838
-0.14439076 0.18788132 -0.02843283
0.11905348 0.20625828 0.14083904
0.32372382 0.20534578 0.24425226
0.29732883 0.21003456 -0.20416880
0.21630049 0.20175393 0.27364492
0.21041332 0.16391249 -0.31182003
-0.31239855 0.16061829 -0.22221246
-0.00983419 0.14722911 0.18647158
-0.31771654 0.00388334 -0.30171794
0.13371605 0.18269090 -0.29971761
0.04559728 0.20364869 0.30134574
0.11484989 0.21429285 0.21680190
0.31313792 -0.08760371 -0.27404916
-0.07445860 0.19749999 0.03634318
-0.28239825 0.17217128 0.26344502
0.27591842 0.21621567 0.02541228
-0.12419787 0.20354667 0.16956495
0.16631614 0.20371655 -0.09707758
-0.01476988 0.19902252 -0.28562343
0.13212326 0.19546659 0.20039052
0.13387576 0.20621641 0.29437438
0.25298119 0.15483126 -0.21574648
0.26350632 0.05319890 0.30004784
0.28019610 0.17720377 0.26790851
-0.01340562 0.11123668 0.30684003
0.18658930 0.13968763 -0.28347647
0.08134495 0.16077229 -0.06040624
0.31169602 0.21170262 0.21149273
-0.15718940 0.21003193 0.16126013
-0.26285154 0.16346194 0.13395709
0.10155965 0.21220635 0.19401717
0.20562686 0.10341217 -0.27252975
0.17749485 0.15188612 -0.15183178
0.15421711 0.20949201 0.17187527
-0.03252789 0.17407343 -0.27368522
-0.27806425 0.09401265 0.30712795
0.31826818 0.02142170 0.26054019
0.06399442 0.20528258 0.17060521
0.31049642 0.09546708 -0.25690871
-0.12466132 0.21190639 0.25464481
-0.22992881 0.21281505 -0.14064467
-0.31366187 -0.02586272 0.27633283
0.20544794 0.19958033 -0.30875769
-0.25141731 0.17854343 0.24957347
0.28629464 0.16311119 -0.01062560
-0.26645941 -0.01271068 0.29978380
-0.08704921 0.20818634 -0.19840555
0.10062412 0.21027926 -0.26950940
-0.25465572 0.16941866 -0.05891255
-0.04984738 0.14027707 0.24633691
-0.29029188 0.18865879 0.03801636
-0.25588471 0.20030507 0.23867598
0.18386483 0.20647728 0.29758248
0.22892103 0.19374731 0.24434164
0.09935083 0.16127300 0.27290279
-0.14719079 0.20909700 -0.15334445
0.06359513 0.20603605 0.03393433
-0.02523400 0.20184293 0.15898781
0.21870369 0.15150584 0.18885654
0.29385972 0.21036826 -0.15233257
0.26353586 -0.06922039 0.26055786
0.13009804 0.20394886 -0.01938144
-0.32032600 -0.13702637 0.29982147
0.05532895 0.20615442 -0.20845538
-0.30863068 0.10109624 -0.19406578
0.31243211 -0.19691110 0.29242224
0.18869559 0.16926631 0.24289696
0.12636217 0.20983116 0.16736388
0.30391103 0.10172113 -0.16454855
-0.26245299 0.10130487 0.23302425
0.31732491 -0.04469759 -0.30990845
-0.18238479 0.20736784 0.23976229
-0.21951145 0.11291941 -0.22857404
0.23543040 0.10382374 -0.30606699
-0.32434684 0.19990331 -0.30599177
0.14967640 0.20290709 -0.30252081
0.25416523 0.08004229 -0.11432780
-0.05435360 0.19165605 -0.17328662
-0.31430659 -0.00994116 -0.29626131
-0.23089492 0.16786772 0.31382242
0.22483069 0.08728053 0.29581869
0.21693303 0.18521613 0.31438443
0.28151372 -0.18228915 -0.30512083
-0.30515066 -0.12679434 0.30929109
0.02919345 0.21395029 -0.11944127
-0.28702220 0.20266816 -0.29987773
-0.20633471 0.21226072 -0.28135443
-0.08978754 0.19358163 0.00239329
-0.31435329 0.20755315 -0.17412803
-0.28271320 0.13926286 0.24361682
0.31199691 0.18847403 -0.25340426
0.20784964 0.20805928 0.00816377
-0.31145746 0.16209784 0.19724610
-0.00916634 0.20444094 -0.05511883
0.29864314 -0.16783926 -0.25117821
-0.27034023 -0.03598486 0.29708388
0.15618227 0.18912075 -0.28953379
-0.02420496 0.14056742 0.10672923
-0.24912423 0.20089994 -0.06287666
-0.12091654 0.19886157 -0.04967196
0.30228341 0.08382833 0.13299179
-0.28580457 0.18847676 -0.27525449
0.31588852 0.19837609 0.19468310
0.16014674 0.07316935 0.27002785
0.03270382 0.20476460 -0.19851550
0.32380679 -0.15118778 -0.29267728
0.17755045 0.20026110 -0.29930875
-0.27770817 0.08529193 -0.29811195
0.12295181 0.19857211 0.17586559
0.06564238 0.11045452 -0.28973264
0.25567171 -0.11097002 -0.26374975
0.19503331 0.19499120 -0.05821867
0.02965350 0.14787152 -0.21170846
0.29446703 -0.07555510 0.30693638
-0.31344241 -0.11812332 0.25353706
0.26591820 0.07611720 -0.30355322
-0.04227082 0.20942524 -0.21412393
0.30409080 0.07925016 0.13802817
-0.20942278 0.14025994 -0.30080244
-0.19124129 0.19472006 -0.31483111
-0.29808092 0.14934528 -0.27637985
0.01604876 0.20247452 0.22431208
-0.26352245 0.05848720 0.26176110
0.14441702 0.15341654 -0.06304569
0.17247650 0.17352624 0.31271833
-0.02542091 0.18761338 0.08325044
0.30486318 0.08417799 -0.10316370
0.13210543 0.20788752 0.20434999
0.25232080 0.14345820 -0.20795925
-0.25335637 0.13723159 -0.17591402
-0.13474348 0.19406527 -0.07255816
0.08061691 0.20758903 0.15076648
0.25313771 0.12492170 0.12289674
-0.21992502 0.19192703 0.30494630
-0.22707637 0.05927473 -0.30332553
-0.04735242 0.20790544 -0.17955913
-0.00313033 0.18099879 -0.16007105
-0.31431922 0.04616481 0.28574190
0.26736939 0.16779916 -0.27637458
0.30184928 0.11030148 -0.17978954
-0.19684513 0.20439616 0.13672069
0.27605551 0.13195822 -0.20742808
0.06449636 0.20909055 0.28631201
0.30372250 0.20714423 0.20034553
0.20181549 0.18616372 0.31367862
-0.07516536 0.18758467 -0.28915095
-0.27802905 0.21727996 0.25460690
-0.17301255 0.20000307 -0.13777694
0.07155293 0.11607590 -0.29440108
-0.02059105 0.20978013 -0.13005435
0.27862597 0.18199718 0.31719670
0.29444703 0.10807101 -0.05203899
-0.19487765 0.18487959 0.09209947
-0.26212263 0.10972919 0.04396603
0.02230256 0.17016262 -0.26545691
0.32299525 0.20172219 0.12368073
0.30588168 0.18023852 0.16690370
0.28342041 0.09641830 0.17844717
-0.10871396 0.19730695 0.17537694
0.28586486 0.13065468 0.22707269
-0.31055516 0.14929013 -0.15345517
0.21484326 0.20610243 -0.08578973
-0.31588769 0.17528589 0.18643019
-0.16679962 0.14145851 -0.15530765
0.28797042 0.04951020 0.19426714
0.13896309 0.20612596 0.26241931
0.07942973 0.20272702 0.09315646
-0.10398010 0.11498770 0.28450671
-0.26730794 0.07333183 -0.23079906
-0.17887822 0.18331502 0.30586782
0.08265927 0.21123159 -0.14306140
0.31496519 0.20473337 0.00579615
-0.30446678 0.20798212 -0.06437552
0.29533890 0.03511278 -0.24143440
-0.12272607 0.21180807 0.15283862
0.23885402 0.09295204 -0.13398650
0.29706505 -0.15162584 0.25741050
0.25707710 0.17977734 -0.06285970
0.19526437 0.17759316 -0.12846377
0.10176957 0.12927876 0.28110757
0.02417530 0.16178066 0.26346207
-0.20591603 0.18675362 -0.11450897
-0.13131598 0.20581780 0.23775242
-0.20381802 0.20978993 -0.20750229
0.21184951 0.20537721 -0.31347567
-0.12999615 0.20783710 -0.31558350
-0.17281498 0.20925921 0.28007627
-0.01800486 0.20741431 0.13366312
-0.30678922 0.09042244 -0.17422967
-0.16533704 0.20422414 0.23356587
0.26411885 0.16760279 -0.21902147
0.10189185 0.21297850 0.15677024
-0.28312984 0.21296079 -0.22233669
-0.00860747 0.16718528 -0.30616546
0.14784244 0.18512523 -0.19839956
0.10328899 0.20220463 -0.07343785
-0.25331780 0.14757602 0.16624916
-0.10258424 0.20943084 -0.25093338
-0.22790314 0.19896010 0.10922202
-0.31248000 -0.03652863 -0.24030578
0.11928123 0.11033054 -0.29925814
0.03277408 0.20874743 0.23447298
0.31270140 0.06362491 0.31028408
0.25621051 -0.14830847 -0.30398202
-0.30275428 0.13418806 -0.01897446
-0.14125401 0.20626350 -0.19274795
-0.31035364 0.10788473 0.31438470
-0.31573102 -0.08394092 0.27375072
-0.31062832 0.19674465 -0.24556409
0.11871843 0.21028903 0.30719712
0.00436246 0.18279076 -0.14457119
-0.21398972 0.20713711 -0.03545876
-0.27373624 0.19152492 0.10142936
-0.15168723 0.19982603 -0.25334483
-0.26181906 0.13060752 -0.28075314
0.09890676 0.21005674 -0.24832024
-0.29046535 0.12466521 -0.31170416
-0.12345045 0.21143632 -0.11314090
-0.08681319 0.21169351 0.17516959
0.23062104 0.17265834 -0.29892805
0.22520363 0.19579186 0.14779545
0.25746271 0.11897508 -0.16860138
-0.28924516 0.15126312 -0.31698859
