0.29222733 -0.03918105 -0.28159049
-0.21270700 0.18751551 0.07296276
-0.00976730 0.22163554 -0.20492339
0.25645781 0.21186547 -0.01264310
0.21873832 0.23948856 0.17088911
-0.18639053 0.26822373 -0.19486153
-0.00130522 0.26282987 -0.29148841
0.25128946 0.21089086 0.16464800
-0.26477021 0.26254091 0.11752014
-0.23089802 0.22588626 0.12516612
0.23833458 0.12520923 0.26866683
0.27415597 0.10804003 0.28081861
0.14492536 0.26290479 0.26927081
-0.10587782 0.25867012 -0.01847987
-0.20045823 0.20229787 -0.17905138
-0.23118962 0.26695776 0.05197411
-0.28974611 0.26162314 0.13594151
0.19858484 0.21631853 0.05169458
0.11936308 0.21757159 -0.16094714
-0.24770585 0.07588971 0.29767233
-0.28999761 0.24902749 -0.26865315
-0.25532591 0.25559947 -0.12520526
-0.13218190 0.20569158 -0.27700686
0.23470977 0.25925779 0.03959610
0.12253218 0.26138687 -0.26284641
0.10849952 0.25825840 -0.09213644
0.24797346 0.25298321 0.25308043
-0.05729041 0.26243770 -0.20205846
-0.00490902 0.25933874 0.02184685
-0.00488638 0.23609269 0.10977003
0.13100724 0.18119958 0.24225463
0.14256716 0.18241177 -0.23642468
-0.28328654 0.07044728 -0.25101566
-0.16236919 0.26923999 -0.12937875
-0.12680446 0.25479531 0.16717803
0.22286811 0.22174388 0.09391037
-0.00525087 0.26602942 -0.20786990
0.12671730 0.21570896 0.23062064
-0.21773107 0.23574814 -0.26633266
-0.10415927 0.20412964 0.28386453
-0.01154495 0.25798014 -0.29171184
-0.28904435 -0.09055637 0.29545414
0.28001142 0.19603302 -0.04751153
-0.24477707 0.26187196 0.08795439
-0.15435100 0.26637363 -0.11669111
-0.25042486 0.26627821 0.21706590
0.28286022 0.20866363 -0.00519718
0.27196300 0.19151244 -0.16849634
0.25036919 0.22188203 -0.04979334
-0.15957732 0.20701981 0.19066593
0.15082859 0.25780705 0.00081513
-0.26110649 0.01815534 0.29743838
-0.28225851 0.19082652 0.01041573
0.26717290 0.25364056 -0.22160821
0.00393339 0.26026821 -0.02163216
0.26684150 0.10010299 0.29256487
-0.22681636 0.18877743 -0.26977235
0.19867146 0.19751365 -0.12626709
0.27001411 -0.23888944 -0.29603764
-0.12547059 0.26205805 0.08427225
-0.26372072 0.25932530 -0.16335163
0.21188329 0.23420846 0.28618562
-0.27151629 0.20482251 0.12000757
0.25500825 0.19279370 0.08589181
-0.26845154 0.13411631 0.24369082
0.23945603 -0.03659708 0.27363685
0.27376816 0.22517073 -0.26661900
0.05395669 0.24066766 0.17134383
-0.24874817 0.07928534 -0.25460866
0.27840954 0.18010403 -0.11294280
-0.20092666 0.26369077 0.17507476
0.26720864 0.13104448 0.21568163
0.21072176 0.25613719 -0.02253347
0.12055334 0.25550559 -0.04238816
-0.25587052 0.17486885 -0.30333006
-0.12657340 0.25367060 -0.23157577
0.24898493 -0.23388644 0.29481620
0.29319549 0.24574250 0.23625702
0.28405854 0.25599292 0.23756833
0.05946722 0.22213212 -0.29634434
0.25075129 -0.19736335 -0.25913340
-0.24668883 0.26121184 -0.18544042
-0.29154170 0.16904214 0.25071621
0.02757907 0.26437581 0.16611210
-0.22399178 0.21902372 0.18846062
0.26407641 0.04781954 -0.26278076
0.25186875 0.04386783 -0.26064947
-0.23188376 0.20805021 0.12239869
0.27877763 0.22394469 0.28725046
-0.20191549 0.25853017 0.21244594
0.08217093 0.24675363 -0.12203515
-0.19038358 0.26220495 0.11526720
0.09668178 0.25459370 -0.04695864
-0.14306194 0.24783900 0.24902225
0.21249470 0.12116602 -0.28987145
0.24005374 0.10234119 0.29780909
0.28067207 0.24605042 0.26313019
-0.04200109 0.22720253 0.28944060
0.27888525 0.20514095 0.17150527
-0.20762177 0.22257467 -0.16212772
0.17991197 0.25650376 -0.15747729
-0.26756802 0.26226997 -0.24878891
-0.03172441 0.22060871 -0.20189421
0.06253976 0.25938335 0.00393238
-0.27886581 0.14670253 -0.29358229
-0.25690195 0.00715923 0.25646004
-0.28337696 -0.06316976 0.24610758
-0.17197885 0.21208945 -0.00562952
-0.22832595 0.23170525 -0.26555270
0.26826724 0.24780203 0.10168490
-0.25465831 -0.19568738 -0.29153594
0.27934942 -0.20485812 -0.29656613
0.06186704 0.24796696 -0.02910900
-0.27862045 0.21217725 0.07274180
-0.07089024 0.22572456 -0.08286571
-0.01928320 0.26181325 -0.02167431
0.04327890 0.25807923 0.21381713
-0.01968417 0.26202214 0.24963121
0.25201204 0.12469645 0.22889929
-0.19505203 0.10040392 0.28785095
-0.02042177 0.25514096 0.08441088
0.06712128 0.25862572 0.00734688
-0.11986666 0.26297364 -0.17809133
0.09056655 0.25318593 0.02660216
0.02801120 0.26560453 0.03883332
-0.07626352 0.25816634 0.02654915
0.25662729 0.09943095 -0.25955096
-0.08386777 0.22769894 -0.16417488
0.27186736 0.13940574 0.28611535
0.05698223 0.25874940 -0.29846388
0.28926951 0.25667128 0.11358616
-0.29315874 0.25827682 0.09227144
-0.26353189 -0.19208047 -0.29856515
-0.28760737 0.20994124 -0.16474658
-0.27177346 -0.09343752 -0.29778895
-0.20385234 0.26493523 0.19669910
0.08169414 0.21945420 0.21403334
0.02288461 0.26415253 0.17949931
-0.19726965 0.25297254 -0.09966910
-0.00028193 0.19800222 -0.28858811
-0.25452247 -0.20172377 -0.26892042
0.26622903 0.13075314 -0.26049742
0.24454091 -0.05963209 -0.26405710
0.24548814 0.02182080 0.26557592
-0.07457539 0.26261279 0.29505029
-0.02540161 0.21190794 0.14329250
-0.17291024 0.15981200 -0.23474985
-0.11982561 0.24167630 -0.09173083
0.15643257 0.25304553 -0.01172366
-0.26881602 0.22706155 -0.29680309
0.28375587 0.24791130 -0.06965578
0.01482189 0.25137448 0.11330022
-0.01699742 0.19102891 0.25560090
0.25772774 0.00018489 0.23960584
0.02815159 0.24977843 -0.11839443
-0.07978603 0.22659130 -0.19856133
-0.20495008 0.20574871 0.22556286
-0.03796737 0.25633374 0.26115164
0.28081796 0.19039056 -0.01914344
0.06966692 0.25128692 -0.08234134
0.26136932 0.18613237 0.04053593
0.12965867 0.26302686 -0.23176533
-0.25627199 0.25330433 0.22830233
0.07813970 0.19400309 -0.28541782
-0.29176658 0.00284300 0.25109762
0.27323598 -0.03961671 -0.25471324
-0.22839351 0.21047747 -0.13138673
-0.18381499 0.26918203 -0.11378814
-0.24339376 -0.10194319 -0.29419813
-0.25335109 0.21133262 0.14455962
0.28308323 0.12240049 -0.29145661
0.06583340 0.26211631 -0.20868109
-0.25360611 -0.03352658 -0.25326419
-0.29290077 0.25594521 -0.09850591
-0.28585601 -0.13731964 -0.27596477
-0.18359919 0.18839487 0.26287588
-0.01283423 0.26210588 -0.28682745
0.24676201 0.26478183 -0.18488613
-0.18544511 0.12422696 -0.26779574
0.24888937 -0.15970567 -0.29163179
0.03798831 0.24035513 -0.29653862
0.24242930 -0.13448304 -0.27432090
0.07369688 0.20758973 0.28568381
-0.27686667 -0.26528943 0.25850970
-0.03083380 0.25973409 -0.00073283
-0.25287387 -0.11602056 0.29316530
-0.28156182 0.25948167 -0.08260932
-0.02398353 0.24894100 0.16355127
-0.01909664 0.24621019 -0.25256854
-0.18480228 0.22116522 0.21193117
-0.23727424 0.05198232 -0.28373575
0.27597567 0.25848141 -0.24571297
-0.07845582 0.26671562 0.04706311
-0.15665641 0.23429079 0.13746786
-0.27619565 0.01912799 -0.27921471
-0.19420502 0.25725484 -0.25090027
0.06607664 0.25721180 -0.13120165
-0.19935659 0.26759791 -0.01650665
-0.25762713 -0.01027209 -0.29385349
0.09265661 0.19298728 0.21310931
0.03573416 0.25221193 -0.09876525
-0.03106233 0.24247284 0.28754416
0.28514916 0.24766636 -0.23638068
-0.05291274 0.26298153 0.26530966
0.05778219 0.26148835 -0.21496351
-0.16116470 0.25741148 0.03086067
0.25741178 -0.02990128 0.26566356
-0.22219679 0.26580504 -0.06980379
-0.10140087 0.21883810 0.08410222
0.15371275 0.24345721 -0.27562997
0.26843983 0.21193966 0.06363482
-0.23662671 0.06939729 0.29868126
-0.03876152 0.26370576 0.13386817
-0.24832892 -0.09461086 -0.26997641
-0.29070598 0.25284094 -0.22988772
0.28765544 -0.22014129 0.26485604
-0.14007731 0.26673293 0.21734348
0.27856514 0.19598880 -0.11026818
0.25788179 0.09160798 -0.29297602
0.26029208 0.15489404 0.29790044
0.24733806 0.01660059 0.26264715
0.04537189 0.26258937 0.22778043
0.27528766 0.19720981 -0.20097105
-0.11483676 0.26380441 0.25105846
0.01118776 0.21064118 0.27007040
0.24586940 0.20554282 -0.19339731
-0.21069621 0.21891536 -0.28399348
0.27806148 0.20353127 -0.03298055
0.21445151 0.20947111 -0.20009978
0.28417206 0.14362359 0.29090098
0.04126851 0.25630751 0.24269469
-0.22109461 0.12218903 0.28952327
0.27232611 0.22273919 0.13200119
0.06207535 0.18150099 -0.28391784
-0.12750794 0.26432472 0.21471216
0.08208086 0.24853987 0.29717079
0.19872610 0.20977409 -0.13484769
0.01361756 0.25437808 -0.07556073
-0.09548818 0.19543555 0.26245892
0.05059687 0.21560796 0.21928124
-0.24199495 0.23391563 0.29775956
0.23157641 0.21610668 0.07601987
-0.22766460 0.26651028 0.19466057
0.01173524 0.23869242 0.28807864
-0.26530728 0.25214201 0.29801887
-0.15912178 0.26733574 0.00463257
-0.23872338 0.21724321 0.03238836
0.28786555 0.23297808 -0.16054845
-0.05079780 0.25896633 -0.19570848
-0.24793066 0.13493271 0.27561161
-0.26129183 0.23640814 0.16826248
-0.19783017 0.26316619 0.28385332
0.23500782 0.11927974 0.29551381
0.07784574 0.21702297 -0.13334282
0.26635242 0.16651551 0.17611635
0.25029740 -0.27138430 0.25792694
-0.28514841 -0.15896261 -0.29211482
0.22110492 0.25508478 -0.00554486
0.27672505 0.21578115 -0.26152989
-0.13951607 0.26574758 -0.26579508
-0.29241738 0.24714030 0.09781741
0.08269056 0.26609609 0.14319618
-0.13659245 0.25736508 -0.03954263
-0.05236272 0.24939321 0.19708475
0.06254116 0.22538900 0.18662035
-0.05045225 0.22184789 0.01247743
-0.16900404 0.19744611 -0.29698175
0.03876062 0.25401455 -0.02606487
0.13405745 0.23290780 -0.24244030
-0.04496322 0.21174665 0.16212764
0.28050956 -0.25765121 0.29569593
-0.24946077 -0.07718240 -0.29090229
0.25298432 0.25570312 0.29279771
-0.29155701 -0.19301532 -0.29148573
0.27481434 0.07641304 0.27284706
-0.21330847 0.24566768 0.07084400
-0.12879759 0.25804916 -0.01544975
-0.04632789 0.26025170 -0.01090775
0.25971141 -0.25318709 -0.27948961
0.25489587 -0.25850672 0.26137707
0.20241579 0.20346759 -0.20035629
0.27785239 0.25800022 0.00724724
0.23984310 0.02599508 0.28620401
-0.25953296 -0.19483116 0.26814178
0.20209238 0.25360778 0.26830304
0.25615302 -0.18514052 0.26379031
0.24150982 0.25891510 0.13767120
0.16868371 0.25605464 0.29869649
-0.28459400 -0.15204151 0.29503399
0.03302117 0.26570314 0.10091557
0.06103176 0.19879363 0.27067578
-0.12277156 0.26697728 0.23541196
-0.04653620 0.23020418 0.29171956
0.06156410 0.26095843 0.27964780
0.28250656 -0.08994037 0.25987884
-0.24593708 -0.07654057 -0.29343307
-0.05684822 0.26460946 0.12216277
0.26235372 0.20633920 -0.26117468
0.06587856 0.25879234 -0.02805573
-0.09431510 0.25858882 0.07022588
-0.23595080 0.24418490 -0.05037456
0.20925711 0.03445848 0.27866936
0.25051582 0.22162877 -0.11622442
0.01313288 0.25346696 0.04459003
-0.22270150 0.11061061 -0.27778724
0.25856635 -0.27098134 0.28308809
-0.14001510 0.25888863 -0.29085577
-0.28790882 0.22659779 0.24219225
0.00428855 0.25991121 0.28303412
-0.28043395 -0.05916249 -0.29757622
-0.23760405 0.26740178 -0.12129633
0.16806096 0.25935641 -0.01957362
-0.22710876 0.18083631 0.11277147
-0.08059952 0.21803962 0.10214630
0.06745066 0.18003158 0.28213969
-0.18790087 0.21943338 0.28175047
0.26834059 0.24663328 0.11368231
0.26857710 -0.28557986 0.29257774
-0.10074649 0.23490390 -0.05017945
-0.22042982 0.26957807 0.24569696
-0.19337741 0.25587252 0.26634258
-0.19763735 0.21176134 -0.12890932
-0.01723766 0.23637924 0.25652909
-0.29035023 -0.04967864 0.27215421
-0.25521985 0.01088691 -0.26908666
0.28829998 -0.20327750 0.26557100
0.23815221 0.02980504 -0.28228167
0.14835459 0.21502034 -0.14030623
-0.27654496 0.15441152 -0.19135059
0.00982137 0.26246977 -0.20616698
-0.15182960 0.26278180 0.18576118
-0.17631537 0.26646882 0.19934508
0.22392176 0.26087761 0.10839882
-0.24649803 0.12240039 0.21320626
-0.11360995 0.23074673 0.09873318
-0.22768493 0.10054571 -0.27729949
0.28123984 -0.09588043 0.27963895
-0.23922242 0.22691627 0.00939243
0.25450793 0.07465290 -0.26502419
-0.18085809 0.26565897 0.10836050
0.07163872 0.23169878 -0.29023492
0.24128804 0.20116407 -0.11206395
-0.25182220 -0.10188869 -0.26355246
0.18971156 0.21374314 0.13128316
0.20050314 0.25498542 -0.10059959
0.11104803 0.24206030 0.29509991
-0.13411258 0.26652542 -0.20587970
-0.18335024 0.26302448 -0.16776222
-0.28774968 0.20194133 -0.25216687
-0.21291725 0.10930709 -0.27753735
-0.26743278 -0.17012998 -0.29790533
0.28529707 0.23591322 -0.15763646
0.07314056 0.25023469 -0.23032360
0.25014096 0.00207365 0.29198384
-0.28868505 0.04313153 0.27330405
-0.20305200 0.21667992 0.17268039
0.22870862 0.26113197 -0.00059524
0.07462664 0.22596833 0.07812417
0.17744042 0.17602482 0.25614583
0.12114499 0.23162216 -0.06428434
-0.24362764 0.19328788 0.15185001
0.01604193 0.24833103 0.02567201
0.00512657 0.25887090 0.29563078
0.25609207 0.24313085 0.25356555
0.01575024 0.22125666 0.15641503
-0.21984315 0.21941352 -0.07272796
-0.27483854 0.26383865 -0.15550378
-0.20630127 0.26816848 -0.20961103
-0.24791752 -0.03401561 -0.29287243
0.05505184 0.20917782 0.24785487
0.28648308 -0.14583230 0.29079014
-0.21010089 0.20493515 -0.20415545
-0.19345978 0.26611668 0.08836028
-0.11721175 0.25227320 0.06176281
-0.12828925 0.24605036 -0.16127381
0.28235805 0.02766716 0.27436179
-0.27571720 0.25231272 -0.08063706
0.11198365 0.25763875 0.21597928
0.27906948 0.10713801 -0.27502695
0.27532285 0.23230813 -0.26559329
0.25960782 0.03643370 -0.26343191
0.28028229 0.25556245 0.03971029
0.12313569 0.25780857 0.03514186
0.22084910 0.17774740 -0.28511813
0.03049047 0.24867007 0.28123668
0.29327360 0.25846806 0.18213223
0.12895894 0.21121649 0.22200382
-0.24276391 0.25245148 -0.22497988
0.10695746 0.26342696 0.16876644
0.18883434 0.21145819 -0.01926528
0.24029355 0.21471812 0.13747433
0.15894550 0.25271669 -0.28784326
0.07226360 0.25672770 -0.03288759
0.14066437 0.25837100 -0.17204976
0.23673987 0.19984423 -0.11914164
-0.26921862 -0.21071668 -0.29678914
0.05800938 0.22214478 0.16848974
-0.27340066 0.17519018 0.05161257
0.08762354 0.25797915 -0.07273550
0.05706689 0.24595028 -0.09936296
0.11461730 0.26187891 0.09377304
0.17004101 0.23584676 -0.22569168
-0.08993936 0.26488379 -0.11667193
0.25709614 0.22969703 0.04861255
-0.12177399 0.26660299 -0.04390074
-0.26150230 -0.16179824 0.27888542
-0.28759703 -0.22823572 0.29672509
0.27207810 0.13020968 -0.25136596
0.25100240 0.21809974 -0.10633378
0.25247267 0.25347146 0.24609634
-0.25782296 -0.04360959 -0.29026768
-0.11624864 0.26836744 0.01037228
-0.27768657 0.18305597 -0.26863840
-0.11533780 0.26613700 0.17066045
-0.21605870 0.20588133 -0.29914621
0.12612766 0.25798661 0.28763184
-0.25323361 -0.19701587 0.29631078
-0.28014356 0.21200319 -0.03372386
0.25214291 -0.21747467 0.26739523
-0.02493386 0.20331618 -0.24248105
0.26221585 0.25789058 -0.08925281
0.19530249 0.26108474 0.12241710
0.27750528 0.18113101 -0.15635708
0.09818660 0.21318583 0.23714750
0.11717153 0.26339042 -0.07718354
-0.26208514 0.24920601 -0.29330343
-0.28152490 0.08344214 -0.29800338
-0.04945784 0.20915928 -0.02056930
0.29324508 -0.15389256 -0.26810992
0.07046048 0.25761461 -0.11374303
-0.08197442 0.26717424 -0.24103324
-0.00902968 0.25797823 -0.17141230
-0.17899191 0.26175576 -0.14833653
0.15902831 0.18967369 0.26004207
-0.05694432 0.22323249 -0.29598704
-0.23743387 0.10583176 0.26315030
0.18523030 0.25461665 -0.05035401
-0.14342844 0.19000305 0.29813963
0.28845069 0.23958790 0.23043838
-0.29090559 0.25191215 -0.20714197
0.08892011 0.24372974 0.29538703
-0.27429968 0.14103815 -0.26788613
0.01683009 0.22250095 0.02944854
0.21334442 0.26481941 -0.28068218
-0.20188630 0.20869443 -0.11185037
-0.27603516 -0.15193251 0.26979792
-0.25070363 0.20074770 0.06406239
0.24569456 -0.03731623 0.28141028
-0.24857123 -0.04215008 -0.26226693
-0.29182228 0.25224686 0.08006427
-0.07274000 0.25658086 -0.09923890
-0.24826309 0.25319251 0.26750451
-0.06231830 0.26055390 0.14952299
0.25276655 -0.26581684 -0.26236868
-0.03671042 0.26656267 -0.06209728
-0.30721110 -0.24545296 -0.26909596
0.16907910 0.25975409 0.18846495
-0.22869104 0.09904189 -0.23338413
-0.25515628 0.18426079 0.29109097
-0.24483304 0.24632315 0.25695601
0.13938642 0.23720579 -0.29819813
-0.26901716 0.22219458 0.05315499
-0.25665876 -0.22725400 -0.28465089
0.11499085 0.21856681 0.26160365
0.07488004 0.25428611 -0.17508374
-0.25755906 0.25382635 0.04012862
-0.24164207 0.20118742 0.15151554
0.23279504 0.25151342 -0.07881467
0.01237822 0.26285741 0.21246836
-0.01094606 0.26781923 0.08258076
0.27093008 0.24777898 -0.04658697
-0.06989274 0.25955755 0.27649468
-0.28865030 0.23335178 -0.08493418
-0.22625241 0.20818424 0.27794886
0.10098878 0.25716129 -0.07189153
0.16641077 0.23777738 0.12567981
-0.26217070 -0.01526284 0.29259098
-0.27203616 0.19308534 0.16884737
-0.14870697 0.20436120 0.27150196
-0.06547756 0.26176387 0.26573032
0.28653082 -0.02338171 0.26795974
0.24968635 0.14430889 0.28558058
-0.22720477 0.23600456 0.29601610
0.28182638 -0.26638496 -0.26140666
-0.26594320 0.16029769 0.19113903
0.20351931 0.21656902 0.14057794
0.29181254 -0.09334901 -0.27461973
0.20107827 0.17399959 0.25418040
-0.07054126 0.22883855 0.24517432
-0.11997353 0.26207572 0.28517196
0.22324160 0.26426911 0.25972992
0.03141817 0.20643350 -0.17321198
0.21179719 0.25795105 -0.24319220
0.19783323 0.26013437 0.15994725
0.21900119 0.22934842 -0.27360693
0.25607276 -0.15689322 0.26525295
0.11381133 0.26119342 -0.03121908
0.08126090 0.24586016 -0.00555147
-0.22124551 0.26571313 -0.13280854
0.19176000 0.07522087 -0.26300925
-0.03507875 0.21476132 0.12889449
0.14133331 0.21211977 -0.10489892
0.14606059 0.19599286 0.29185224
0.10380506 0.26373339 -0.17688765
0.22676015 0.19753678 0.11807028
0.23257548 0.13643494 -0.25753403
-0.28738236 0.25702089 -0.19698858
0.27926779 0.15622415 0.23402470
0.14311457 0.26089945 0.17151703
-0.27339527 0.17495716 -0.12355542
-0.17084718 0.21120939 0.00526507
0.07759051 0.25898474 0.22139052
-0.15789139 0.25688133 -0.08775972
-0.28513268 0.22019276 0.28953156
-0.19800562 0.26801047 -0.01806193
-0.25594699 -0.03805520 0.27681401
0.08085860 0.25872126 0.05051691
0.28140819 0.21947224 0.13720594
0.27211154 0.17767271 0.21461581
-0.09824249 0.23197412 0.21253297
-0.04861397 0.25855556 0.06344357
0.27578023 -0.27061087 0.28888884
0.00986037 0.26536259 0.01504293
-0.21845236 0.26431069 0.12636968
-0.16823964 0.26427728 -0.26261616
0.20839632 0.19922107 0.14470318
0.05435789 0.25476053 -0.00022438
0.28720480 0.01821770 -0.25206873
0.26007733 0.26008382 -0.08309723
0.16357231 0.25347319 -0.03056923
-0.29053730 0.26161736 -0.07585936
-0.01671045 0.25972152 0.20121883
0.26721966 0.26360175 0.24078833
-0.24162640 0.23343277 -0.09706102
-0.28120694 0.15667376 0.24471244
0.22104263 0.25403357 -0.22259375
0.24943301 -0.00537113 0.28274524
-0.17322077 0.15189928 0.27488175
0.21432000 0.17740996 0.30121735
0.27310675 0.25816536 0.24797823
-0.26485157 0.08114611 -0.30259791
0.28769845 -0.10407633 -0.26025704
-0.27922848 0.19877347 0.04973859
-0.07534372 0.26091868 0.04264770
0.26133713 -0.08814497 -0.25714758
0.14090979 0.24640559 -0.28801340
0.14908281 0.23167866 -0.27432111
-0.28178012 0.11461525 -0.21529190
-0.28846958 0.06007100 -0.29615837
-0.26471403 0.23576783 -0.20849079
-0.18517417 0.22645730 0.29788044
-0.03483824 0.26345789 -0.08113319
-0.16149707 0.25785327 -0.29601371
-0.22322616 0.20452419 -0.01161497
0.16524819 0.20228159 -0.21616517
-0.22011545 0.26361328 -0.28235307
-0.27130979 0.12289409 -0.26392207
-0.09833549 0.26471356 0.22816567
0.23565863 0.24806823 0.10547837
0.28786606 0.05764569 0.25877100
-0.13687316 0.25232768 0.04769246
0.26133704 0.19227743 0.21008535
-0.01561043 0.23728472 0.29388213
0.04115212 0.25492710 -0.28963536
-0.25773200 -0.22424111 -0.28798315
-0.27187166 0.10130297 -0.27693009
-0.07788801 0.25942054 -0.26529801
-0.24996027 -0.00848977 -0.29001427
0.26701310 0.26075718 -0.23463672
-0.19140816 0.26498580 0.17689833
-0.11155224 0.26228097 0.12073866
-0.26465914 0.21098213 0.18016639
-0.02066747 0.23240788 0.15505652
-0.14278241 0.22519857 -0.30182227
-0.07123999 0.26562455 -0.22890237
0.04399747 0.26337242 -0.19969927
-0.20724650 0.27146685 0.28478968
0.24800476 0.26049295 0.23951189
-0.24552424 0.16634434 0.26755685
0.06975356 0.24302970 0.03084612
-0.29145813 -0.28099224 -0.29349306
-0.28831980 0.26904139 0.25129232
-0.27643991 0.06209687 0.28475350
0.12021912 0.25816423 -0.27452990
0.28672180 0.07077484 -0.29090485
0.01963454 0.18734898 -0.22925358
0.14149615 0.25859195 -0.00117910
-0.00095757 0.26399785 0.13638653
0.06711633 0.17111097 -0.27305499
0.26044294 0.26075873 0.15361769
-0.28162253 0.18117404 0.23021881
-0.10405091 0.26736268 -0.24784742
-0.27683002 0.26069584 0.19514495
-0.06306823 0.25940120 -0.27065432
-0.23691562 0.19975318 -0.27111369
0.26208380 0.01226038 -0.29137996
0.28281975 0.23280615 -0.17162220
0.28350401 0.04954518 0.29057866
-0.01458041 0.26071984 -0.13899364
-0.26940268 0.26438969 -0.26845968
0.28031629 0.10278780 0.26207671
0.27896285 0.17776614 0.17743768
0.21762410 0.25258005 0.14035055
0.13683385 0.25539196 0.07714540
0.21798779 0.20489942 0.29087093
-0.26392898 -0.09778998 0.29740286
0.10175609 0.26240006 0.10852291
0.00732710 0.26166946 -0.20907357
0.23502815 0.09691516 0.30349070
-0.01995002 0.26367727 0.11529680
0.21306837 0.25986063 0.14308393
-0.06099304 0.25802842 -0.04230237
-0.25118580 -0.28101459 0.28310323
0.23018053 0.24671668 -0.20831768
-0.00304639 0.25600719 -0.25882149
0.24278545 0.10658536 -0.25539723
0.25033438 -0.07998773 0.29572073
-0.07463990 0.26159436 0.18175071
-0.16400264 0.23536342 -0.13186258
-0.27578402 0.26523840 -0.24917579
-0.28052849 0.18319881 -0.14353462
-0.26093334 -0.07586366 -0.25356218
0.13101193 0.24685626 0.13736552
0.26960337 0.26255664 -0.23138599
0.10517175 0.24611959 0.25335786
-0.25878432 -0.04922597 0.29185548
-0.23239945 0.23425086 0.06815401
-0.07312248 0.24457674 -0.26954138
-0.11292449 0.26517996 -0.25878876
0.19556442 0.15446571 0.25728506
-0.15335771 0.20096549 -0.17101853
0.27179393 0.21249925 0.29855472
0.04062388 0.25454551 0.27609950
-0.28526470 -0.10049237 -0.29310533
0.24909149 -0.11293518 0.26029888
0.28224757 0.00890912 -0.26942703
0.27065375 0.24958014 -0.12317359
0.12700576 0.17347455 -0.26207411
-0.18900704 0.21881366 -0.20841156
0.27359426 0.08795705 -0.27000114
0.07460019 0.22426772 -0.11984490
0.06588401 0.24796037 -0.10507367
-0.24089007 0.25149533 0.23518547
0.25056764 -0.24533978 0.25525707
0.24495712 0.12715968 0.30262095
-0.04594604 0.23374395 -0.09512967
-0.24689689 0.26283866 -0.14660162
-0.04501495 0.25850624 -0.07818507
0.04408667 0.26385009 -0.19262592
0.01236231 0.23092009 0.13614067
0.22680438 0.14830853 0.26512930
0.14474604 0.22456324 -0.16681437
-0.06273512 0.24979283 0.02871646
0.12816852 0.25827602 -0.11330833
0.28007618 0.25511688 -0.17383943
0.28248486 0.23221175 0.18920021
-0.28290272 0.15068524 -0.25779250
0.20996277 0.07037066 0.28721201
-0.25435659 -0.15760361 0.30092669
0.27674854 0.01292208 0.26441079
0.27458891 0.26337805 0.18887419
0.27292386 -0.00940765 -0.26470420
-0.13776958 0.24915978 0.29089588
-0.17895901 0.20829751 -0.27600485
-0.16637926 0.21202275 0.25066665
0.24316643 0.25359511 0.10633500
0.23822680 -0.06355778 0.28690967
0.29202533 -0.16685775 0.29308760
0.27294478 0.14316730 0.21049891
-0.27938527 0.05303070 -0.27099055
-0.12849346 0.25933817 0.16488171
0.26948652 0.18565665 -0.24629244
-0.23517075 0.20794925 -0.05263658
-0.20797262 0.25561491 0.10857172
-0.28033745 0.21622470 -0.06129961
0.24993330 -0.10327610 -0.29017293
-0.29530808 -0.24434075 0.29309475
-0.25182393 -0.05938321 0.29323226
-0.20761792 0.20320082 -0.13915831
-0.20118852 0.26892611 0.11305496
0.28682369 -0.06000697 0.27177179
0.24904893 0.20536172 0.17461687
-0.24139579 0.22287324 0.25752169
0.28077313 0.13792466 0.28210199
0.14925136 0.19575194 -0.25645447
0.20560320 0.21840657 0.01894832
-0.12686761 0.23071839 -0.19612198
0.24933267 -0.22803655 -0.26028121
-0.16628565 0.21392512 -0.24705037
0.07747871 0.22137517 -0.18847309
-0.28986105 -0.10945621 -0.25989470
-0.00008491 0.25757477 -0.28655401
-0.25433159 0.25398862 0.00811825
0.27132231 0.16545308 0.17357671
-0.28674832 0.20378129 -0.17771289
0.25104588 -0.12023065 0.29781768
-0.20852038 0.19299757 -0.14287671
-0.01004801 0.26290098 0.18820226
0.16547856 0.26026672 -0.08793892
0.28763035 -0.22345182 0.27221304
0.27306917 -0.16900347 0.30163777
0.27936965 0.18791935 -0.23403773
0.01058656 0.26330712 0.22320911
0.26398569 0.18742654 0.25299537
-0.24801598 -0.08887524 -0.28986147
0.27201521 -0.01805256 -0.26848233
-0.30671144 -0.23315513 -0.27129182
0.28508860 0.01240822 -0.29125595
-0.11399656 0.26126239 0.12081747
-0.28576982 0.19289026 0.03435705
0.27546856 0.19472980 -0.12168241
-0.27613339 0.17543253 -0.26265037
0.28606457 0.23756997 0.17748649
0.03418540 0.25721443 0.06321912
-0.06951652 0.21742748 0.12939620
0.27472442 -0.21304813 -0.25690722
0.01394461 0.21480845 0.15043654
-0.28981394 -0.14283523 -0.28846017
-0.02457824 0.25982836 0.22110486
-0.20931408 0.21325269 0.15686980
-0.19499767 0.24140233 0.00026946
0.27767426 -0.11577818 0.27109259
-0.26428142 0.25617933 -0.11837213
-0.26908553 0.17650394 0.08341225
0.28937778 -0.19893064 0.28886762
0.27417690 -0.17589518 -0.29208124
-0.04697444 0.26481965 0.07829011
-0.06984509 0.26126379 0.22110705
0.10037234 0.25504774 -0.13114925
-0.12812062 0.25990283 -0.08654950
0.19257669 0.20485778 0.11536646
0.17695752 0.25902215 -0.02809780
0.24069442 0.25731933 0.16182530
0.23648384 0.26086649 -0.09937085
0.16981135 0.25825319 0.24930486
0.28107208 0.15560719 0.28470010
0.00273204 0.21823244 0.10036437
0.24748075 0.03225683 0.27503553
0.21807157 0.14088708 0.25770116
0.03479273 0.24197920 0.29081863
-0.25985259 -0.08618934 0.28385258
-0.22427894 0.25812957 -0.08592843
0.24374212 -0.10451443 0.29758611
0.13607733 0.19662379 -0.29372552
-0.13367251 0.25840503 -0.07930288
0.23393786 0.19130355 -0.15489364
-0.03126594 0.26034206 0.04135259
-0.24637960 0.22099201 0.13497894
0.09891558 0.25776711 -0.03794042
0.24816899 -0.03145715 0.28740934
0.20260550 0.20009929 0.06699705
-0.15181543 0.21896446 0.00510385
0.24164146 -0.04731138 0.29985359
0.14655042 0.20902248 -0.14785527
-0.26999572 0.21952170 0.16722789
-0.29789713 -0.10189006 -0.27925920
0.24600209 -0.01585799 0.29280517
-0.28705898 0.15867105 -0.28680521
0.02935014 0.26547915 0.15171587
-0.10787800 0.19250977 -0.29274586
-0.23859987 0.09075841 -0.27593976
0.13757460 0.19248611 0.28473431
-0.28642774 -0.08695189 -0.27999973
0.22719689 0.04808799 0.28169864
-0.01956375 0.26320353 -0.14252305
0.08066593 0.22878465 -0.27110741
-0.28297868 -0.13193101 0.26656747
0.28761339 -0.24510700 0.29754287
0.24480674 -0.09255145 -0.26529402
-0.21191448 0.26459208 -0.21532437
-0.00825826 0.26604283 -0.18556622
0.25045270 0.26362622 0.14260624
0.27257141 0.24829257 0.16002107
0.08409978 0.25288293 0.09992340
0.28368369 -0.23553707 -0.29469240
-0.09470329 0.21833687 0.22729763
-0.04668492 0.21113499 -0.13105989
-0.28953499 -0.24544692 0.26536354
0.25193712 -0.03062261 -0.28538847
0.19667105 0.25324398 0.05279543
-0.28293023 0.25880957 -0.08172727
-0.26914018 0.26359242 -0.12052222
-0.27273384 0.21751112 0.20108466
-0.17302568 0.26457268 0.23772290
0.11044558 0.23147584 -0.29564247
-0.25898498 0.08656590 0.29563063
-0.25367600 0.24756937 -0.28328586
0.02711213 0.23103641 -0.03504517
0.12469811 0.21445145 0.04028119
0.11122069 0.19960825 -0.24608146
0.25721550 -0.16080743 0.26247308
-0.16792841 0.19174367 -0.23732747
-0.28159714 0.19453777 0.26564732
0.27667019 0.19215789 0.18135485
-0.07207438 0.21221493 -0.23307882
0.18514784 0.21606466 0.24951546
0.11143932 0.25623214 -0.17955123
0.04595671 0.25503695 0.23113978
-0.00232749 0.26606792 0.12208079
0.26688343 0.17619835 0.16641718
-0.10307044 0.25869560 0.04529426
0.07841904 0.19303069 0.26497906
0.11233921 0.25793692 -0.21258974
0.26895407 0.25661048 -0.29821059
-0.03004901 0.26540557 -0.17055631
0.28802690 0.24011037 -0.19154170
0.25244042 -0.27511913 -0.28160629
0.28107506 0.16885430 -0.28456491
0.18331702 0.20776585 0.20047416
-0.25392753 -0.04318788 0.29816604
0.05221583 0.26149344 -0.01897869
0.21500306 0.26218522 0.08257455
-0.07241741 0.21634610 0.06586732
-0.24279733 0.22561187 -0.00699038
-0.26074934 0.06669389 0.27746958
0.12147219 0.25926250 0.29808807
0.02468409 0.21532841 -0.20937367
0.24733263 0.01812800 0.29141101
0.25207126 0.22309852 0.25855681
-0.29368877 -0.20461169 -0.29556713
0.04043407 0.22760862 0.14171524
0.17748936 0.17869012 -0.29596117
-0.29186898 0.26282012 0.17086890
0.29338443 -0.14973807 -0.26501408
-0.28707552 0.22002931 -0.09208889
0.24410112 0.24338290 0.24205108
-0.29007059 -0.09120467 -0.28678665
0.03309171 0.21661621 -0.08853875
-0.03969214 0.22758581 0.24437274
0.10730620 0.21713574 -0.11025479
0.01760507 0.23423991 0.15381567
0.21747769 0.12391766 -0.29109940
-0.29020119 -0.09309547 -0.29427174
0.24570823 -0.02276329 0.29221976
-0.28658900 0.25387186 0.29663765
-0.29371136 0.25601339 0.00904348
0.02690116 0.23754776 0.28746709
0.11015021 0.23762210 0.15338671
-0.15120977 0.22607261 -0.03713339
0.27986667 -0.24585089 0.28706035
0.26836652 0.24980171 -0.29889464
-0.25644776 0.06214411 -0.29751587
-0.16153944 0.26705736 0.19379348
-0.23900256 0.26259735 0.28096902
-0.28577712 0.20254315 -0.13564584
0.13932425 0.23930912 0.08390386
-0.07711179 0.26612180 0.22809221
-0.07654618 0.26290303 0.12030677
-0.29143766 0.22715044 0.08376028
-0.09504913 0.22124889 0.18770543
0.06531090 0.22438145 0.29758647
-0.27026862 0.21595894 0.00262280
0.01024826 0.21712914 0.22540200
0.28477484 0.20891291 0.24056017
-0.25100324 0.19945188 0.13848063
0.25792220 0.23494960 -0.21440366
0.02924160 0.25660825 -0.00665228
-0.28906631 0.23015362 -0.24928549
0.02474565 0.20251250 0.23397331
-0.23682061 0.14762029 0.26913866
-0.25129592 0.13482691 -0.26484668
0.25116149 -0.14332291 0.29691011
-0.02872454 0.25929719 -0.22899146
0.15026419 0.22405028 -0.16112933
0.10052249 0.21739317 -0.00920867
0.28043619 -0.05849737 -0.29513299
-0.25740021 0.17291087 -0.29703498
0.13591871 0.21566498 -0.02678520
0.15456529 0.21554507 -0.01598428
-0.10027311 0.23294127 0.16597924
0.28295901 0.25035307 -0.19027312
-0.01128586 0.22384644 0.18176718
0.23491031 0.22306782 -0.13893282
0.27251393 0.23231554 -0.16304603
-0.26199356 0.26426837 0.26282150
-0.19437706 0.23165609 -0.26571068
-0.25157970 -0.14273153 0.26600742
0.00393350 0.26279408 0.17361544
-0.20369148 0.26330850 0.03973555
0.28154764 -0.00979654 0.26983985
-0.00469660 0.23688111 0.16919535
-0.21838437 0.14472637 0.23231469
0.24682027 0.19304955 -0.05575183
0.13880919 0.21272807 0.01870721
0.25765422 0.06008575 -0.24004671
-0.18943422 0.26109642 0.02344815
-0.20443943 0.18974064 -0.26822516
0.00265626 0.22570081 -0.29686916
-0.06502531 0.22969468 0.07808024
-0.25199080 0.25756311 -0.10232218
-0.28066599 -0.00772280 0.29668444
-0.10192419 0.26179847 -0.05384871
0.10137098 0.23187487 -0.26563957
-0.21235584 0.26067355 -0.27760324
-0.13309804 0.26563510 -0.01486105
-0.08226246 0.26368642 -0.24500304
0.10932037 0.26024064 0.04891218
-0.28101692 -0.15384869 0.28419736
0.27925256 0.19560270 -0.28589308
-0.02372046 0.22876388 0.26476625
-0.15299277 0.20919600 0.04423354
0.24444240 0.25594175 -0.05581919
-0.28705043 0.20536348 -0.13795963
0.25589386 0.25707942 -0.28067678
0.19603127 0.21131782 0.01279561
-0.23147473 0.13438100 -0.29211807
-0.23503375 0.21380940 0.29479378
-0.09411061 0.19040424 0.28460085
0.24851163 0.18753131 -0.21237849
-0.24008659 0.26607975 -0.01100623
0.02161951 0.21872944 0.18290742
-0.17911990 0.25739461 0.17932309
-0.28083962 0.21716182 -0.09732390
-0.01491314 0.26570112 -0.10192423
0.11901356 0.26348937 0.24998271
-0.29255819 0.25669786 -0.01464986
0.24737601 0.12102972 0.29039913
0.02911084 0.22637080 0.27468824
0.28287870 -0.23014417 0.26907110
-0.29048461 -0.10274845 0.29581100
0.21465667 0.25786397 0.14058578
0.24693860 -0.12629980 0.29134637
0.21068627 0.19520225 -0.14656915
-0.09736787 0.26156461 0.19055896
-0.16584127 0.19154620 -0.17928086
-0.14138830 0.26170462 0.11530818
0.25890651 0.23311831 -0.02156010
0.06394491 0.26429990 0.24818338
-0.17326574 0.21207188 0.10900024
0.15523578 0.21198417 0.21367100
-0.03641534 0.22033097 -0.07072379
0.25929913 0.17410372 -0.04280572
-0.28925216 0.26445684 0.21010771
-0.13864069 0.26277909 -0.23314379
0.25243628 0.02741633 -0.26749068
0.27647632 -0.27220827 -0.29167804
-0.14071615 0.26679531 0.25673708
0.02694215 0.26734978 0.24383786
0.05503654 0.25354668 0.02368443
-0.26303712 -0.16190049 0.26020977
0.28513679 0.01844762 -0.26261336
-0.20704897 0.21277922 -0.28928319
-0.23001267 0.19576187 -0.03876714
-0.25262558 -0.02720583 -0.29045790
0.00296276 0.20722654 0.21345071
0.26567715 0.17475417 -0.12623659
-0.17821857 0.24087594 0.29630840
-0.27824512 0.11128795 0.26353788
-0.26432642 0.20350525 0.29664084
-0.20482501 0.19763888 0.16319175
-0.01892999 0.21033627 0.20160995
-0.15089412 0.24147685 0.24655485
-0.16845131 0.21664393 0.17984065
0.04852042 0.26506913 -0.03651430
0.18742323 0.26324728 -0.18477620
-0.29174668 0.10052761 0.27897415
0.27641132 -0.17877811 0.28798053
0.20716946 0.25848740 -0.21026799
0.24495564 0.24742064 -0.10448046
-0.26387843 0.19254313 -0.08321320
-0.14491938 0.22349407 -0.13042957
0.10967579 0.20388070 -0.21842009
-0.18877842 0.25188813 -0.30171874
0.08402809 0.23493396 0.04851985
-0.18815115 0.25438127 0.25813392
-0.03757678 0.25887769 -0.10441386
-0.26740190 0.26399532 0.16943920
-0.20848522 0.26077768 0.03204681
-0.26870805 0.21101683 0.02915409
0.25859833 0.26251027 0.01654135
0.26905304 0.17835820 -0.10159194
-0.16329184 0.19933733 0.22818078
0.16098005 0.21013671 -0.12232600
-0.27988040 0.24174872 0.29615498
-0.00231380 0.21072389 -0.28804028
0.28279895 0.21296273 0.15799288
0.25477153 0.24148753 -0.19545588
-0.09374785 0.26717311 0.19886272
-0.24795198 0.26795208 0.18315843
-0.13553333 0.26444387 -0.15560062
0.25267574 -0.14568222 -0.29105836
-0.29120559 0.26342404 -0.01358000
0.13486663 0.25894150 -0.14910826
0.03743026 0.25958493 -0.12554704
-0.25539717 -0.04599027 -0.25155053
0.25366482 0.01514073 -0.28950274
-0.08925143 0.26210305 -0.21715565
-0.03439909 0.25916111 0.03414037
0.12291309 0.21447858 -0.08501968
0.14525171 0.18741274 0.26053527
0.09086278 0.18968169 0.26899073
0.26749700 0.17614804 0.11943060
-0.28191048 0.22185221 -0.30146924
-0.28078559 0.06699789 -0.29965422
0.26022285 0.18117228 -0.00524890
-0.14725614 0.21670668 0.16697405
-0.12630467 0.20311353 -0.22685973
-0.24250770 0.17061172 -0.02600385
-0.27832741 0.17297173 -0.23521864
-0.06754760 0.23482947 -0.29468149
-0.02469706 0.23832875 0.06374972
-0.28990665 0.26264042 0.21246773
0.04768156 0.21669753 -0.21995869
0.11271660 0.25962335 0.04161244
-0.28272244 0.26301754 0.10694386
0.23192605 0.26067609 -0.13109215
-0.11101626 0.22091331 -0.16424468
-0.03463988 0.21499626 0.25194314
0.24763802 0.00930161 0.29210439
-0.01006825 0.26069191 -0.20733654
-0.29054919 0.24792385 0.18642302
-0.06450874 0.25374517 -0.29681268
0.28559685 0.25773180 -0.28206882
-0.23276667 0.26531556 0.28893426
0.05630093 0.26394320 -0.29403028
-0.10163868 0.26536843 0.13230951
0.24617130 0.25486049 0.12522528
-0.11769865 0.22129239 0.20824176
0.24926551 0.04104458 0.25428003
0.18136838 0.25011438 -0.28969964
-0.16388112 0.26183116 0.11811637
0.16975167 0.25933179 -0.15742037
0.11515100 0.25188312 -0.29210079
-0.24945495 0.23404095 0.17707400
