0.04170001 0.08168488 -0.16982168
0.01272642 0.06624621 -0.21914083
0.00547882 0.06488057 -0.39673832
0.05378401 0.06969815 0.10540637
-0.08101756 0.06595670 0.01777377
0.09877321 0.05910538 -0.03517403
-0.04037500 0.06188307 -0.24902940
-0.01531066 0.06954584 0.16979861
0.04017793 0.06105812 0.17929560
0.09091671 0.06873409 -0.02276870
0.04112702 0.06130069 -0.19450255
-0.02628216 0.06331068 0.35435313
-0.07586504 0.06391370 0.24691723
0.08556372 0.07104500 0.43223867
0.04325914 0.07487056 -0.15917578
0.04445133 0.06654330 0.33135608
-0.05181769 0.06281423 -0.03537095
0.03646626 0.05178760 -0.29561827
0.00165538 0.07021542 0.46166146
-0.04417504 0.06419735 0.00646634
0.02574291 0.04810956 0.08403671
-0.09475922 0.05932777 -0.39071593
-0.02613022 0.06616373 0.45335096
-0.00345695 0.06564748 -0.18669923
0.00194633 0.06197434 -0.47115257
0.02457878 0.06549485 -0.44247627
-0.02286848 0.07305473 -0.36058861
-0.05230734 0.06321824 0.36264369
-0.01762310 0.06506222 -0.03623515
0.04888636 0.06573878 0.23561603
-0.08078268 0.05313415 -0.36192149
-0.03710961 0.07044066 0.17988217
-0.02688824 0.07097235 0.02690261
-0.01359651 0.05975955 -0.28101975
-0.08617855 0.06264147 -0.08120855
0.02562642 0.06297132 -0.04979426
0.03159232 0.06731549 0.00078224
0.09230305 0.07176165 -0.34758073
0.01916349 0.06394948 0.24689755
0.01468780 0.05936427 -0.25604451
-0.02817757 0.05772566 -0.23125863
-0.08351764 0.06056504 0.31040919
-0.05034095 0.05697987 -0.17252038
0.04292110 0.06288400 -0.22917017
0.08660275 0.07627855 0.15792166
0.04791006 0.05850109 0.21922670
-0.01871999 0.06397987 -0.44392022
0.07038042 0.06683527 -0.41284889
-0.06581702 0.05581520 0.03027885
0.04500772 0.06126840 -0.02607768
-0.01847410 0.06573808 0.40777600
-0.02571075 0.06862459 -0.03106092
-0.07376869 0.05999321 0.08726791
-0.06083478 0.06006322 -0.24670880
0.05823643 0.07801349 -0.32996324
-0.03604934 0.06773965 0.41819301
0.02506194 0.07077882 0.40799621
-0.01933687 0.07304270 0.05756171
0.06876169 0.06162952 -0.41599375
0.02062036 0.06928000 0.41559926
-0.06569462 0.06104840 -0.21292579
0.02022440 0.06942359 0.23021829
-0.03834363 0.06443831 -0.05239574
0.01947962 0.05756388 0.07264655
0.11731778 0.06916276 -0.17097157
0.03030879 0.06800100 0.38969246
-0.01496632 0.06157055 -0.14909974
-0.00742432 0.05649783 0.37153894
0.04173565 -0.03946624 -0.34561914
-0.06916057 0.06392589 0.30296171
-0.06618220 0.06292231 -0.17367613
-0.02914065 0.06486341 0.42302486
0.07718722 0.07520847 0.09521277
0.05917716 0.06909879 -0.39772293
-0.07235373 0.06026025 -0.10520656
-0.00439696 0.07036936 -0.01554139
0.02427426 0.06600481 0.26827687
0.10378631 0.06668694 0.12605435
-0.06857194 0.06314929 0.31955025
0.08916054 0.07155533 -0.08253165
-0.02658869 0.06631730 -0.00568370
0.09384315 0.07248255 0.18036029
0.03950816 0.06055528 -0.26228845
0.07259656 0.06502967 0.07706887
0.07755372 0.06823149 0.21441104
0.02871861 0.07045858 0.41129297
-0.09954491 0.06337216 -0.19362861
-0.02151160 0.07091768 0.45964202
0.09236640 0.07459664 0.35930869
-0.08811626 0.05422596 -0.30451381
0.07040709 0.06817743 -0.34759057
-0.01994465 0.06357113 -0.38097388
-0.02094971 0.06118887 0.29302990
-0.06721886 0.05931719 -0.36367548
0.03830675 0.07108302 -0.08909531
-0.07217835 0.05753414 0.21569230
0.00005560 0.06056752 -0.15042858
-0.09333666 0.06335770 -0.38645515
-0.05589614 0.07412704 0.45059818
0.02909721 0.06233371 -0.16390251
0.04554806 0.07136277 -0.07763973
0.00271474 0.06323536 0.23238374
-0.01695083 0.07187638 0.46360698
0.00169408 0.06785588 0.05329868
-0.08275783 0.05359041 0.14121044
0.02517946 0.05828176 0.02555313
0.04612124 0.05994584 0.19306803
0.10996123 0.06637561 0.14031662
0.03425723 -0.01972606 0.37441623
0.05597779 0.07037725 -0.07639252
0.10556266 0.06285673 0.04652178
-0.05530846 0.07217645 0.07616717
-0.03568039 0.07102630 0.42194206
-0.00803317 0.05229737 -0.11728974
-0.02901954 0.06587417 0.45198011
0.02743774 0.06207778 -0.13599145
0.05898283 -0.02341917 -0.31610879
0.03741184 0.06681563 -0.28184393
0.06412622 0.06928648 0.20007980
0.08328132 0.06154951 -0.35251415
-0.02797005 0.06125980 -0.27443209
0.00902817 0.07346558 -0.05974885
0.07086049 0.06662237 0.39987072
0.03291012 0.05866826 0.30180398
0.06122908 0.05814095 -0.30698949
-0.07709615 0.06363999 0.26220027
0.02599464 0.06025038 -0.40675431
0.03261867 0.06580882 -0.47137254
0.00671005 0.06831419 -0.11426497
0.01923251 0.05769514 -0.39361241
0.03096218 0.06884000 -0.09001353
0.05042811 0.05465845 -0.15102226
-0.04634267 0.06294762 0.19894506
-0.09434856 0.06895085 0.29234791
-0.06779784 0.05071297 -0.06586848
0.10359894 0.06115689 -0.03524512
-0.09855267 0.06726518 -0.06331241
0.04886752 0.06317017 0.23330031
-0.07938158 0.06711216 0.29056868
0.02548124 0.07552347 0.36662737
0.06758293 0.06967761 -0.36435205
0.03535636 0.07362475 0.33009365
0.10422485 0.06636118 0.01096627
0.00143818 0.05799976 0.28215152
0.00796227 0.06131199 -0.21767917
-0.09426645 0.07064798 -0.28237984
0.06974004 0.06612855 0.36340287
-0.05479586 0.07059290 -0.21328896
-0.00486039 0.06583463 -0.37608466
-0.03117992 0.06996030 0.30055085
-0.01350356 0.06960730 -0.29546040
0.10648607 0.06393684 0.00269734
0.05821890 0.07026175 -0.14529221
0.10655852 0.07454979 0.02625945
-0.03887323 0.05934430 -0.46858588
0.04979949 0.06348009 0.05760169
-0.05183163 0.06620838 0.34861791
0.01155529 0.04455006 -0.30150318
0.02520163 0.07966308 0.46322852
0.03235576 0.06693283 -0.47115803
0.03813716 0.06272725 -0.43145677
-0.08893453 0.06124698 0.37909225
-0.03382268 0.06321113 -0.43507034
-0.01860925 0.06744061 -0.11585124
0.06933260 0.07179046 0.42406785
-0.05623487 0.06635726 -0.17230225
0.09940208 0.06818350 0.11862303
0.07025006 0.07011029 -0.01166479
0.05854088 0.06560797 0.32804257
0.02128147 0.05985145 0.06311873
0.05276166 0.06511187 -0.40673217
-0.02062282 0.06473434 0.39742216
-0.08532346 0.06460425 -0.28612414
0.07173340 0.06816952 0.03793209
-0.03921339 0.07228389 0.13519736
0.00812437 0.06790407 -0.16039523
0.06735239 0.05723647 -0.33467099
0.05026364 0.06281453 0.16615398
0.03056619 0.06623092 0.34067374
0.06072107 0.06466065 0.01465514
-0.04613857 0.08728623 0.29138407
0.06865343 0.07666044 0.23175859
0.02465955 0.06414805 -0.40633464
0.06396746 0.06654899 -0.42800954
-0.05781023 0.05907502 0.29769957
0.10037847 0.06859358 0.21370293
0.08904471 0.06106848 -0.21093959
0.06440244 -0.00447289 -0.37156284
-0.10279854 0.06533950 -0.06472534
0.00198028 0.06378336 0.15493418
-0.06497336 0.06512547 0.12005626
0.09180271 0.07307608 0.22898099
-0.06376854 0.07161382 0.32135400
0.07979826 0.06326421 0.09507736
0.02288050 0.05940887 -0.14306867
-0.05300254 -0.02568926 -0.36402187
0.08942792 0.06736521 0.37658834
-0.08485936 0.06486858 0.01669998
0.03144868 0.06632186 0.24961349
-0.07822577 0.06865267 0.15129434
-0.09023665 0.11378855 0.34513697
0.01098101 0.07339168 0.47527051
0.03219813 0.06431013 0.46015474
-0.09607885 0.06818802 0.11517473
0.04265086 0.05405924 -0.27932620
0.02892204 0.06673757 0.22032104
0.05378494 0.06448308 0.10488830
-0.00650428 0.05837931 0.20343658
-0.02459164 0.07055949 -0.28479666
-0.00675768 0.06640133 0.35269308
-0.02057720 0.06575595 -0.07381934
-0.02869703 0.06329312 -0.12922004
-0.01735544 0.06494720 -0.28835899
0.00935793 0.06112673 -0.25950608
-0.03582469 0.07256824 -0.24456304
-0.02029945 0.06224638 -0.00515548
-0.08229205 0.07179896 0.45338506
-0.05258612 0.06884434 -0.06115586
-0.06211490 0.05934458 -0.29898539
-0.04948821 0.06454919 0.23102535
0.05586202 0.06699260 -0.06924534
-0.02905591 0.06404504 0.17478603
-0.07839672 0.07108768 0.20479740
-0.09435220 0.06671642 -0.19384100
-0.01067978 0.07503467 0.41694009
0.05569647 0.05628669 -0.27371538
-0.06111204 0.06414663 0.30182734
0.00397329 0.05964184 -0.31540534
-0.07079903 0.06504882 0.28167355
0.06154096 0.06582871 -0.41925442
0.07442446 0.07101435 0.40139866
0.02568345 0.07083594 0.01123598
-0.07194508 0.06569225 0.18873662
-0.03429444 0.06328733 0.41842943
0.07146204 0.06437833 0.00288327
-0.04836522 0.06898002 0.01939034
0.00885536 0.05384535 -0.23934822
0.01200262 0.06666753 -0.13780908
-0.01246420 0.05864745 -0.15786068
-0.02876922 0.06246347 -0.42093229
0.05838144 0.06183946 0.09547924
0.05279525 0.06702788 0.31583095
0.04543773 0.06072104 -0.13140494
0.00285199 0.07091777 0.00726406
0.05097584 0.06366238 -0.09403788
-0.02583343 0.06502239 0.24065983
-0.07415412 0.06733993 0.34631941
-0.04357895 0.06385866 0.20447195
-0.00543937 0.06437196 0.34037772
-0.05491946 0.07028358 0.09947244
-0.01460013 0.06928526 0.18122441
-0.08176342 0.06461317 0.20348120
-0.01740472 0.06611226 0.02230548
-0.09941807 0.07064065 0.01221826
0.00587213 0.06370261 0.03955457
0.01246541 0.06184202 -0.23275290
0.02545157 0.06539621 0.26346612
-0.01520615 0.06321469 -0.22544129
0.05369590 0.06496309 0.29804155
-0.07220203 0.01535101 -0.30373392
0.05041808 -0.06253189 -0.35035849
-0.02167955 0.06000121 -0.13680552
0.07880440 0.05996636 0.04786101
0.02243876 0.06507678 -0.04750903
-0.09482732 0.06170329 -0.19327739
0.06790692 0.06330229 -0.06682325
0.00072281 0.06561856 0.20316316
-0.05498641 0.06087740 -0.18375482
0.02046275 0.06491086 0.02440874
0.10066853 0.06629847 -0.22650625
-0.02892179 0.05791392 -0.16191016
-0.01740538 0.05717266 0.21120152
0.04011104 0.06836796 -0.24202234
-0.07694998 -0.06292476 -0.35669225
-0.06575188 0.06969416 0.39551240
0.08243804 0.07160167 0.17513527
0.07656273 0.07152512 0.37036878
0.03246987 0.06318628 0.01264061
-0.03506901 0.06636915 0.38204822
-0.04977096 0.06505080 -0.41091648
-0.00513938 0.06903982 -0.41512144
-0.07585786 0.05717361 0.11968721
-0.01222265 0.06842481 -0.47050887
0.08872106 0.06588220 0.22716470
-0.05534936 0.05477504 -0.33434629
0.05885485 0.07046853 -0.23009227
0.02034597 0.07011356 0.42143726
0.06579389 0.05945874 -0.00861536
0.05674467 0.05579469 -0.06842902
-0.05300213 0.06412747 -0.02556409
-0.06656616 0.06955148 0.41336608
-0.03695215 0.06312203 -0.44042671
-0.09887344 0.06607509 -0.08454820
-0.04104591 0.06155628 -0.46583721
0.02029305 0.06400196 -0.16960900
-0.05306854 0.06692956 -0.19530421
-0.02100789 0.05205170 -0.13593182
0.04120200 0.06127376 -0.33748558
0.07411267 0.05942090 0.29411307
-0.07713743 0.05866876 -0.40558919
-0.07365851 0.07744101 0.16726089
-0.01207986 0.06566069 -0.09854215
-0.08744300 0.02587232 -0.37265140
0.03023494 0.06893317 0.33775577
-0.03730522 0.07506365 -0.11059003
-0.10034775 0.06574711 0.41741458
-0.09419950 0.06741129 0.08931915
-0.00136014 0.07102621 -0.28476596
0.04986966 -0.05608762 -0.36286479
-0.02898229 0.06087846 0.08317406
-0.03737766 0.07202265 0.47190458
-0.00704963 0.06590067 0.13430643
0.07842074 0.07557647 -0.09156565
0.02182019 0.06631767 0.42259544
-0.01772689 0.06424432 0.19646287
-0.06156855 0.06623923 -0.03381636
-0.00636658 0.06163270 -0.06780837
-0.07850578 0.06245922 -0.21026327
0.03735762 0.06212784 -0.01678894
-0.02630581 0.06291687 0.11112157
-0.04702850 0.06809250 0.31847566
0.00990496 0.06776132 -0.09511979
-0.05506470 0.06993197 0.35338300
-0.01634669 0.06760032 0.13969080
0.01732032 0.07166947 -0.35664162
-0.02904191 0.06443798 0.03252565
-0.06835090 0.06594104 0.21254152
-0.07641450 0.06494156 -0.26255637
0.06471055 0.06315845 0.43799633
0.07863139 0.06352945 -0.32556784
0.03432938 0.05932966 -0.14060912
0.01603583 0.05796369 -0.29341301
-0.00010856 0.07001552 0.46471336
-0.01337270 0.06561423 -0.19362108
0.03790537 0.05236248 -0.07017812
0.10946997 0.07164515 0.19440597
0.07375528 0.06868358 0.38133943
-0.00867984 0.06699488 -0.14427382
0.02076412 0.05867704 0.29434541
0.05621896 0.06478403 0.29118577
0.08989801 0.06516143 -0.28909203
-0.04119550 0.06604233 0.02122664
0.04270216 0.06147660 0.43325996
-0.00349103 0.06621263 0.08773544
0.05075491 0.06251956 0.17560236
-0.06604845 0.05927391 0.27949202
0.01462777 0.06459663 0.14580911
0.00843965 0.06603812 -0.37251797
0.01196327 0.05989200 0.06183366
0.09510273 0.06114256 0.31120968
-0.03900050 0.06503271 -0.06402982
0.07949402 0.05734627 0.15623945
-0.03618052 0.06456711 0.13249828
-0.03659467 0.07268291 0.47283489
-0.07864615 0.06457667 0.17919978
-0.02556893 0.06468556 0.36585146
0.00386226 0.06938875 0.11200456
0.01376062 0.06616422 0.19502944
-0.07625881 0.07256330 -0.25706610
0.01623095 0.07324978 0.01537016
0.02011406 0.07612804 0.47022006
-0.06880647 0.06399821 0.37101248
-0.09040653 0.06589861 0.16588266
-0.03794109 0.05606937 -0.29767057
-0.05155057 0.05798174 -0.43126386
-0.03499708 0.06639563 -0.24271956
0.09246309 0.06422996 0.01871874
-0.02327216 0.06192056 0.44983536
0.02768246 0.07060803 -0.36131206
-0.08071796 0.06839301 -0.01390796
0.08232849 0.07153036 -0.33718055
0.02573806 0.06785937 -0.36919558
-0.03264259 0.06649090 0.35980538
0.03054729 0.07228921 0.16972238
-0.06013247 0.07345383 -0.01466042
0.01772251 0.05987854 0.20755878
-0.09381745 0.06269422 0.10196005
-0.00800520 0.07379163 0.03800002
-0.03366919 0.06969383 -0.00405328
-0.04911203 0.06335446 -0.10569663
0.05047032 0.06202079 -0.42447785
-0.08353201 0.05224098 0.29293430
0.06419832 -0.01244301 -0.37318197
0.05345618 0.06185170 -0.07160045
-0.03694773 0.08971348 0.31605616
0.07925042 0.06996071 -0.17847663
-0.08570872 0.06864781 0.28578201
-0.08057608 0.06563774 0.18746191
-0.08394677 0.05536081 -0.31384787
0.00470383 0.06696562 0.13918650
0.02479828 0.06141364 -0.44599274
0.06427591 0.06335004 0.30941841
0.07025276 0.05497119 -0.16053088
-0.06614193 -0.00107112 -0.36404061
0.02834735 0.06425563 0.09702562
-0.05551901 0.06209045 0.10379337
0.00895284 0.07063700 0.41544271
-0.08756273 0.06751496 -0.44519871
0.06399278 0.04034102 -0.35221452
-0.00108797 0.06013324 0.18104006
-0.09168690 0.05590028 0.08528036
0.04371196 0.06370095 -0.13907737
-0.08265564 -0.00872175 0.37389177
0.00224859 0.06425299 -0.07186645
0.00575905 0.06441057 -0.15545249
-0.09819496 0.06995021 0.03978972
-0.05614655 -0.01912860 0.35185620
-0.06590705 0.07045994 -0.37788326
-0.04974525 0.06740385 0.12410305
-0.09179342 0.07329360 0.26633784
0.05553543 0.06684230 0.26348311
0.03239931 0.06756563 0.03808054
-0.05133029 0.06197785 -0.21768929
-0.07818632 0.06154390 -0.34830207
-0.01861563 0.06321447 0.10373864
0.03675125 0.06666527 -0.04754712
0.04483448 0.06590056 -0.00869366
-0.07354452 0.07393146 0.43627521
-0.08380483 0.06093273 0.05403630
0.04988071 0.07467896 0.39369977
-0.03758790 0.06672566 -0.39164224
0.00693862 0.06081662 -0.27117094
0.03372321 0.07588188 0.37002414
-0.02229699 0.06713725 0.10359685
0.00934838 0.06819671 0.21296126
0.05722486 0.07182375 -0.08799531
0.03462146 0.06197751 -0.36182144
0.05066832 0.06380183 -0.38939497
-0.02566076 0.06809656 0.39076975
-0.09056158 0.06347972 0.34587210
0.05205724 0.07052744 0.42784789
-0.06888454 -0.03531576 -0.37026432
0.09747220 0.06553533 0.37276229
0.02385976 0.06951150 -0.46945149
0.05422688 0.06593353 -0.33909154
0.00479410 0.05257651 -0.25983846
0.03118716 0.06760991 0.40407774
-0.08145900 0.05888673 -0.25070429
-0.01412756 0.07445819 -0.35779661
-0.09304655 0.06355274 -0.00091426
-0.07596451 0.06152095 -0.09404700
-0.01142815 0.05708773 -0.26624408
0.01306467 0.06598685 -0.02422056
0.02565544 0.08908926 -0.39347863
-0.00110228 0.04617087 -0.33366197
0.03027030 0.06162902 -0.43888628
-0.00166575 0.06858633 -0.28735462
0.02033783 0.05070172 -0.20641458
-0.05394253 0.05981658 -0.07078373
0.06815324 0.05635127 0.11566506
-0.09266995 0.06559811 -0.02311185
-0.05132157 0.06445966 0.28073195
0.10367046 0.07570324 0.04120868
0.00471741 0.06271773 0.06022104
0.03811523 0.07528476 0.46320421
0.06695802 0.07174137 -0.00233017
0.06196869 0.06537047 -0.00024117
0.00421484 0.07969625 -0.02207193
0.02664938 0.05384633 -0.01650121
-0.10023310 0.06782950 0.12410466
-0.01909707 0.07785720 0.02818813
-0.04978136 0.06602831 0.19475575
-0.03887136 0.05738208 -0.13643061
-0.01723083 0.07137824 -0.15946999
0.04788872 0.07307565 -0.21271695
-0.00899354 0.05909443 -0.22362165
-0.02421648 0.06749181 0.16905697
0.04591003 0.07346212 -0.16771127
-0.09096317 0.06852520 -0.01608085
0.04940278 0.07095908 -0.26773903
0.04403708 0.06785301 0.06419334
-0.00687049 0.06788108 0.42258811
-0.09358336 0.06005407 -0.33789420
0.06580828 0.07191623 -0.35271418
-0.02978061 0.06721751 0.09168921
0.05009732 0.06267739 -0.06000757
-0.03277129 0.06536657 -0.15922695
0.04925095 0.06275018 0.32591355
0.08761989 0.07008962 -0.26843694
-0.03126496 0.06871630 0.39870209
-0.02753902 0.06228080 -0.20702459
-0.03227361 0.06369225 -0.08410046
-0.00566407 0.05798664 0.04949481
-0.00729434 0.06164509 -0.08060956
-0.10389207 0.05719728 -0.26774839
0.03847659 0.06310145 0.08903734
0.05436991 0.07459655 0.14624485
-0.03690910 0.06890050 0.38674361
-0.05106576 0.06631045 -0.01290404
0.00762543 0.06095042 -0.21702072
0.01052126 0.06484890 0.17350508
-0.08260473 0.06690194 0.18087333
0.06172339 0.06979726 -0.44062164
0.03823904 0.06108004 -0.18338992
-0.07328463 0.06891882 0.10881838
-0.09550397 0.06984540 0.11344533
0.02022259 0.06817394 0.12540260
0.07945801 0.07230087 0.39180160
0.00640361 0.06871694 -0.47306466
-0.06439807 0.06664047 0.31268844
-0.01507647 0.06894364 0.34228548
0.05056415 0.06100199 0.14451772
-0.00893186 0.06691713 0.21709715
-0.00816949 0.07261138 0.39363709
-0.08894096 0.05610493 -0.38212588
-0.08874906 0.07153979 -0.08813008
-0.00106828 0.06108370 0.31171519
0.08771571 0.07228704 -0.07003953
-0.08489101 0.06235508 -0.00230236
0.02508967 0.06174592 0.22467326
0.05945025 0.07009277 0.32113206
0.07185131 0.06956407 0.14205459
0.09376818 0.06240509 -0.09610622
-0.05703951 0.05629366 -0.37835705
-0.06172938 0.06269331 -0.21740058
0.00536263 0.06759071 0.31405213
0.03161115 0.06744770 0.12895097
0.00447425 0.06524520 0.04501075
-0.04876161 0.05813324 0.03045215
0.00852403 0.05777634 0.20369983
0.03712230 0.05961783 -0.15182389
0.02920275 0.05207130 -0.01034096
-0.07988568 0.06481557 0.07791079
0.03910833 0.06254566 -0.44458053
-0.01869545 0.07293224 0.25804064
0.02237073 0.07057352 -0.01191414
-0.01148871 0.05925583 0.17803867
-0.10855752 0.06485830 0.22960459
0.05240750 0.06685234 -0.22171262
-0.00211834 0.06584617 -0.03636617
0.04519667 0.06367030 -0.40629244
0.05072496 0.06433174 -0.06392524
0.05855579 0.06061378 -0.17228633
0.06898043 0.05979134 0.00719339
-0.00181524 0.06098008 -0.26972762
-0.04151776 0.07049010 -0.25617567
-0.05772279 0.06752314 0.02137812
0.06526055 0.07116618 0.34463581
-0.03889702 0.06572007 0.07092521
-0.10188092 0.06465833 -0.01289448
0.01212131 0.06812192 -0.04973749
-0.04922122 0.07056167 -0.34612495
-0.06485181 0.05946909 0.04982235
0.04836778 0.05978537 0.41153643
0.09137265 0.05733217 0.20641774
0.05501934 0.07750288 -0.31083488
-0.09131069 0.06092563 0.32129964
-0.06605466 0.06246724 0.20571622
0.00157941 0.06178233 0.07677265
-0.00678652 0.06917718 -0.17603078
-0.02170914 0.06073687 -0.12865001
0.03529789 0.05693959 0.15057389
0.05885312 0.06599824 -0.16947132
-0.10091864 0.06007177 -0.34903741
0.07014675 0.06780449 0.30669114
-0.03403941 0.06020971 0.31024843
-0.05771312 -0.04719702 0.35500658
-0.04697018 0.06491234 0.32685199
0.07152060 0.06622540 -0.06303579
-0.07612824 0.06453322 -0.01492299
0.05094545 0.06957044 0.32087687
0.00509077 0.06697648 0.21698704
-0.08067296 0.06650075 -0.25295714
0.02400618 0.06311064 0.35316893
-0.01803295 0.06182469 0.22433893
-0.02291099 0.06200780 0.14638396
-0.05005996 0.06065931 0.12817177
-0.08584754 0.06623342 0.25625160
-0.08300818 0.05957363 0.17289957
-0.00083022 0.06621094 0.02226652
0.05879149 0.05834595 -0.21817026
0.01725789 0.06664424 -0.42072463
0.08938155 0.07358472 -0.02015437
0.05548337 0.06257639 0.09002246
-0.08933638 0.05543608 0.24610287
-0.03309476 0.06473939 -0.02768072
0.09286532 0.07689468 -0.33928433
0.06173586 0.06061281 -0.12166967
-0.01112709 0.06288008 -0.12655078
-0.04533415 0.05490116 -0.36008739
0.02934563 0.07195844 0.44270906
0.08932275 0.06791537 -0.15016320
-0.05466991 0.06818962 -0.02800865
-0.05795269 -0.06549859 0.35631973
-0.03771337 0.06750890 -0.35576636
0.06676611 0.06304822 0.09115674
0.01184884 0.07135052 -0.31718060
-0.02514628 0.07051670 -0.26998833
0.03608749 0.06358980 0.16834876
0.08208680 0.06236788 -0.24933317
-0.10955220 0.05722592 -0.25127727
-0.07363153 0.07775906 -0.29719260
-0.06709258 0.05814274 0.31314036
0.01055149 0.06257471 0.28809768
-0.04470734 0.06563789 -0.09026577
0.01185912 0.06407364 -0.15016577
0.05371551 0.06485520 -0.27286869
-0.06500079 0.06246364 0.00277925
0.07893501 0.07526285 -0.02542770
0.00112142 0.06595331 0.30579147
0.01579581 0.06358401 0.44772166
0.01241539 0.06139429 0.04461640
0.04149312 0.05942879 -0.29759875
0.06965610 0.06548871 -0.33114880
0.01976958 0.07234488 -0.02793842
0.04796346 0.01516318 0.32733172
0.04537792 0.06425513 -0.01516029
0.01457261 0.06774779 0.44638076
0.05134955 0.06293646 -0.38021243
-0.07350042 0.06354293 -0.20733014
-0.03627132 0.06786340 0.23777223
0.04633171 0.06582013 -0.11671746
0.05990505 0.07407348 -0.33284986
-0.02266086 0.05953752 -0.13664725
-0.00190073 0.06395655 0.23573111
0.05284772 0.06396344 -0.08858050
0.06812678 0.07519790 -0.38512421
0.09992309 0.07103938 -0.21066506
0.01078136 0.06083316 -0.34523836
-0.04458716 0.06335899 0.36326611
-0.06707250 0.06541924 -0.13957773
0.09314040 0.06152600 -0.07299036
0.02384266 0.04302517 -0.36691615
-0.08919369 0.06827861 0.10301274
0.00293248 0.06835319 0.15753083
-0.01959414 0.06120275 -0.28388777
-0.07004471 0.07370602 0.08649760
0.06142280 0.06969716 -0.37305033
0.04581658 0.06737544 -0.12387471
-0.02033289 0.06344548 0.24055377
-0.00790565 0.06575325 0.09192011
-0.02638141 0.07182702 0.08710532
0.04862471 0.06588228 0.26058865
-0.00300102 0.06920046 -0.05380835
0.02218415 0.07384875 -0.09253517
-0.00963161 0.06083464 -0.02654059
-0.10798829 0.06631042 0.16250055
-0.06382158 0.06772920 -0.12408820
0.08570494 0.06853811 -0.28707245
0.00842258 0.06500933 0.00368272
0.05372040 0.06702363 0.05794390
-0.02647437 0.06124973 0.21568015
0.04936025 0.07216753 0.02044730
0.07242398 -0.05414843 0.36503038
0.05573607 0.06253100 0.05342750
0.02520389 0.06331641 0.16060811
0.08002585 0.05831374 0.10053872
0.01695836 0.07743730 0.47346875
0.05282911 0.06757774 0.35927999
0.05518813 0.05166226 -0.28186417
0.10108693 0.06067242 0.08523504
0.03810884 0.06779441 0.22100680
-0.01779658 0.06108460 -0.22225180
0.03600793 0.07147708 0.37349886
-0.00912881 0.05265189 -0.27266133
0.04387510 0.06561664 0.26722130
0.03753808 0.07238213 -0.15162084
-0.01008805 0.06737661 0.17815143
0.01235220 0.07751765 0.46948868
-0.03421649 0.07299127 0.37023890
-0.03108973 0.04330208 -0.36566406
0.00488774 0.07700372 0.43582958
0.09897829 0.05938974 0.16730535
0.05649632 0.05521759 -0.26887298
0.02101978 0.06727021 0.43983620
0.02572910 0.06598851 -0.24807873
0.08452910 0.07111127 -0.30946657
0.02368693 0.06519725 0.19750579
-0.09021620 0.06774092 0.06455958
0.06554408 0.06802814 -0.33126804
0.08910622 0.06805874 -0.26753804
-0.00836138 0.05696303 -0.29480159
-0.05241534 0.05422937 -0.38993067
-0.07032169 0.07088278 0.23455828
-0.03875023 0.07136979 0.36715028
0.07737008 0.07054764 -0.01967882
0.07050252 0.05446559 0.09244604
0.02487056 0.06837207 0.20921543
0.01348909 0.06361326 0.25276148
-0.00821569 0.06828391 0.06035546
0.04884751 0.02385822 -0.34892341
0.06311782 0.07808351 -0.33489674
0.07738742 0.06625541 -0.10815152
0.00543027 0.06157406 0.21871364
0.10589997 0.05746850 -0.01970121
-0.07634826 0.06197745 -0.01397163
-0.02556700 0.06219401 -0.39496627
-0.00695752 0.06146792 0.19434249
-0.06317867 0.05971351 0.00336780
0.08422668 0.06665529 -0.14260098
0.03881057 0.06625575 -0.09829698
-0.09236352 0.07468240 0.45504344
0.08667130 0.07464924 0.23817880
0.06231592 0.06840772 0.33027577
0.01159881 0.06544138 0.06995287
0.03168728 0.06422694 0.05125620
0.08106981 0.07116506 -0.23797084
0.04211875 0.07116686 0.42503676
-0.03063972 0.05874296 -0.23740587
0.13244559 0.07751510 -0.09687269
0.05937022 0.06244063 -0.34362224
0.00821712 0.06619576 0.39596581
-0.03286675 0.06764965 0.35903689
0.03816480 0.05795912 -0.34768829
-0.02352116 0.06023167 -0.16738209
-0.00265355 0.05157616 -0.16329145
-0.07976546 0.06784441 -0.32570252
0.07274436 0.06638451 0.10026670
-0.02013188 0.06676153 0.45139104
0.03618817 0.06702007 0.04184312
0.01965262 0.06991234 -0.31940067
0.02954145 0.05934529 -0.27915516
0.07227775 -0.05294655 0.36544588
0.01388268 0.07064345 -0.28382653
-0.01029424 0.06640751 -0.23839955
0.01003393 0.06281461 0.30762017
-0.01846902 0.06740966 -0.09095684
-0.05728281 0.06468718 0.35375267
0.06528336 0.07095140 0.36552083
0.06600127 0.06386342 -0.18890224
-0.03617630 0.06789973 0.10545780
0.00986769 0.06619523 0.34990260
0.09440609 0.07176130 0.29347003
-0.02170261 0.06711329 0.12752554
0.06078500 0.06552354 -0.11423964
-0.10584716 0.06171281 0.31047061
0.09329720 0.07048977 -0.29114637
-0.01121615 0.06397438 0.20713365
0.06586056 0.06177967 0.03988109
-0.02312019 0.06129060 -0.35037741
0.04971684 0.05742442 -0.37362278
-0.09307353 0.06012684 -0.36840320
-0.09906707 0.06447613 0.19747178
0.00748985 0.07138171 0.21218370
0.04636674 0.07172932 0.14084592
0.06875663 0.06856630 -0.38195172
0.07317627 0.06251265 0.22752902
0.00534053 0.07294655 0.46843585
0.11134905 0.06168202 0.00893247
0.05503720 0.06932957 -0.20409676
0.04674345 0.06099568 0.18830512
-0.06408360 0.06536637 -0.39907664
-0.06713042 0.05832215 -0.35528764
0.04781584 0.06782811 0.43671015
-0.04970083 0.05789531 -0.12559088
-0.06607722 0.06977886 0.22495258
-0.08926179 0.03047350 0.37840670
-0.06654365 0.04217754 -0.36357939
-0.02830811 0.07167835 -0.45504886
-0.03646826 0.06589832 0.26950374
-0.00455180 0.06896675 0.34702033
0.03977397 0.06422821 0.31521839
-0.06205492 0.06748227 0.05835310
-0.03295285 0.05800999 -0.17440997
-0.04819203 0.05900884 -0.00836139
-0.01564319 0.07001311 0.40083650
-0.05377310 0.06839276 0.28926370
0.05396883 0.07508655 -0.18679425
0.04582102 0.07258591 -0.21469644
-0.08484818 0.06671777 -0.11465162
-0.01423322 0.07365693 0.47023901
-0.04097471 0.03293961 -0.29263687
-0.05270054 0.06821597 -0.01702813
0.05386555 0.05666180 0.14676636
-0.06818667 0.06633594 -0.09712164
-0.00831511 0.06076898 -0.04184389
-0.01475772 0.07154563 0.13116692
0.05932035 0.06745273 -0.16456944
-0.04206175 0.06710902 0.08424632
0.06508783 0.06915241 -0.05000820
-0.08953200 0.06278290 -0.23982316
-0.09694216 0.06897927 -0.14292651
-0.09074275 0.06682425 0.01169558
0.05037658 0.06926297 0.34440774
-0.03961091 0.06684015 -0.34162694
0.09136362 0.07205837 -0.24228179
0.00714186 0.06975900 0.41096884
0.08219263 0.05973777 0.04239298
0.01116433 0.06581815 -0.04430444
-0.08335692 0.06317196 0.22644129
-0.06617478 0.06085950 -0.00360178
0.07354392 0.06014593 0.01806617
-0.06810102 0.06448945 -0.42595157
0.07311494 0.06570861 -0.42521062
0.10267436 0.06056955 -0.01137327
0.06025319 0.05758875 0.20030199
0.01712042 0.05591606 0.31708404
0.04842959 0.07142662 0.07468312
-0.00021918 0.05827026 -0.31246254
-0.08591145 0.05992162 -0.23679702
0.00579002 0.06756564 0.27342054
0.06033880 0.06345445 -0.33011436
0.06154925 0.05112567 0.34044042
0.08045547 0.06508056 0.24277988
-0.07886599 0.06183543 0.20329921
0.01813835 0.07015329 -0.38994670
-0.06034131 0.06994271 0.07628889
-0.07986853 0.06394877 -0.15168908
0.01974869 0.06884132 0.34126407
0.11801294 0.05617030 -0.11344653
0.03724013 0.06705888 0.32489657
-0.05837312 0.01709326 0.36205795
0.06271473 0.06431718 -0.15667875
-0.09894188 0.06536748 -0.05476172
-0.02627981 0.05817151 -0.47150123
-0.07596152 0.01050698 -0.35482422
0.05002870 0.05477344 -0.21729192
-0.01214114 0.06855416 -0.03571784
0.00288508 0.06529823 -0.45223013
0.08540197 0.06702721 -0.17757066
-0.08445288 0.07006140 0.27622497
-0.00302219 0.06193249 0.12160039
0.07533705 0.06663748 0.07148936
0.07193062 0.06162545 -0.39034402
0.00615765 0.07277201 0.41503620
-0.01169995 0.05918361 -0.31871197
-0.07382948 0.06715421 0.12366398
-0.03947406 0.05734200 0.35463527
-0.07599229 0.06265218 -0.09934093
0.10120464 0.06611124 -0.02416433
-0.03031180 0.06828049 0.39557105
0.01763285 0.07213445 -0.09494863
0.09090627 0.07570250 0.36931184
0.10420100 0.06232565 -0.15350994
0.07414164 0.06436970 0.22305107
-0.09912647 0.06245976 -0.12162973
-0.02346012 0.06329380 -0.44620344
-0.00568294 0.06414230 -0.24338491
0.07412340 0.06442472 -0.18609396
0.10424661 0.06676564 -0.12154685
-0.00902351 0.06825403 0.15328246
0.10057619 0.06990351 0.25597754
-0.02738201 0.05995850 -0.13864195
-0.01741195 0.06561705 -0.03572359
-0.09260894 0.05730337 0.03229678
-0.08575511 0.08766385 0.36144850
0.05705352 0.06083874 0.21640612
-0.04901934 0.07255133 0.17342797
-0.05970416 0.06524212 -0.13843085
0.02403467 0.05297681 -0.15869343
-0.03808545 0.06712852 0.03141616
0.03589405 0.06919926 0.39188078
0.04193215 0.06207728 0.21323045
-0.00138721 0.04629089 0.00897410
-0.09278350 0.06497064 0.13181411
0.09198131 0.06896705 0.06749836
0.07894628 0.02252955 0.35462138
-0.05593258 0.06985421 0.11853265
-0.08935589 0.06036710 -0.39619765
0.07206711 0.04046186 0.28160602
-0.07061896 0.06596555 -0.46549207
0.08076262 0.06239543 0.09297220
-0.03607165 0.07238458 0.42163238
0.07717167 0.06498881 -0.19688684
0.06706217 -0.06007466 -0.35737941
-0.09924195 0.06671894 0.10809863
0.02066346 0.06227368 0.30273235
0.08796409 0.06850236 -0.29914200
0.06398067 0.06859503 -0.11550708
-0.07939461 0.06812727 0.02473205
-0.03607359 0.05870923 -0.23246118
-0.03301626 0.06952860 -0.16655640
-0.04670559 0.06830513 0.30962390
0.08075291 0.06292571 -0.32790381
-0.03853771 0.07550088 -0.29869261
-0.00676853 0.06855330 -0.34348646
0.05184741 0.06710991 -0.29937607
0.05115971 0.06424446 -0.23541978
0.01635908 0.06642438 -0.41426241
0.00752979 0.06106189 0.01139235
0.06693243 0.05953458 -0.44732881
0.06246821 0.06164837 0.44791463
-0.00844732 0.07107808 0.02391176
0.07905308 0.06852497 0.16042617
0.00500345 0.05791745 -0.19389184
-0.11110537 0.05666082 -0.29400676
-0.10152801 0.06794881 -0.35112962
-0.06409214 0.06633795 -0.07676262
0.04367352 0.06696140 0.36939192
0.08638934 0.07564406 -0.14854012
-0.00883500 0.05713059 0.11141172
0.01436273 0.05945151 0.08770089
0.04183382 0.07047732 0.44135848
-0.04807602 0.06714547 -0.23997067
-0.00887210 0.06119409 0.09944812
-0.05505050 0.00683091 0.36609763
0.08094347 0.06593217 0.32801569
0.04095536 0.06807663 -0.13072678
-0.01945724 0.06569362 0.18855713
0.07849834 0.06722827 -0.21136461
0.00983572 0.07361705 0.10049414
-0.00207032 0.06256667 -0.23362517
0.08591048 0.06738757 0.10267417
0.09288200 0.05774765 0.24468151
-0.03681565 0.06422940 0.30780277
0.06999894 0.06607743 -0.19524188
-0.07840668 0.02704655 -0.33414391
-0.05334017 0.05849354 -0.17076734
-0.08002237 0.06241363 0.07652927
0.09310244 0.06713755 -0.08017066
-0.03169214 0.06435601 0.25252339
-0.06609394 0.07295291 0.33154899
-0.01296327 0.06561588 -0.34107721
0.05635475 0.06977951 -0.23121631
-0.06198459 0.07539154 0.37921321
-0.07410128 0.06675377 -0.43388551
-0.01075977 0.06139635 0.33954084
0.06053454 0.06892619 0.36849356
-0.06977933 0.05703440 -0.33440787
0.00184507 0.06699122 0.32219937
-0.09289425 0.06807905 0.08756733
0.01402759 0.06110753 -0.35830608
0.05795746 0.06055663 0.24133553
-0.02988004 0.06784680 0.44785705
-0.07604992 0.06873801 -0.03893299
-0.04003150 0.05822678 0.20430163
0.04263409 0.06466623 0.27699858
-0.00258012 0.06698087 0.35003328
0.07938430 0.06340005 0.21700148
-0.04484225 0.05754904 -0.45953840
-0.00913572 0.06851635 0.04239862
-0.02133164 0.05985643 0.08117198
-0.01875575 0.06884319 -0.39684895
0.06239789 -0.00302513 0.34585503
0.07709752 0.07106155 0.00469052
0.01163530 0.06756634 0.03812002
0.08722607 0.06629051 -0.01508475
0.00483393 0.06535225 0.18626361
-0.00744411 0.06515308 0.29751226
-0.01281239 0.07059088 0.27878246
-0.02345680 0.06513628 -0.18118234
0.09725646 0.07203396 -0.23867254
0.06538872 0.06502562 -0.14749178
0.04156411 0.06610134 0.27126586
-0.07590728 0.06035167 0.01316892
0.06666008 0.06261378 -0.39233166
0.03854976 0.07738894 -0.11735179
-0.03089402 0.06706082 -0.45297188
0.08696327 0.07540914 0.11726268
-0.01704715 0.07292819 -0.00133388
-0.03997584 0.06211002 -0.42596337
0.07288496 0.06516504 0.07098296
0.06073327 0.05966406 0.20897546
0.00424333 0.07202559 0.46732584
0.03427501 0.06886005 -0.38433167
-0.01550224 0.05980781 -0.10777809
0.01428592 0.06434906 0.40288267
-0.03266617 0.06132771 0.27384442
0.08221785 0.06567126 -0.37699148
-0.05846485 0.07755706 0.28846779
0.08705679 0.07186329 -0.00656617
0.05093705 0.05845564 -0.08893890
-0.09726898 0.05588651 -0.33602205
0.09976067 0.06903906 0.23522133
-0.06721829 0.05980488 -0.45848474
0.01235085 0.06875389 0.44692531
-0.04910907 0.06477909 -0.40731034
0.05253342 -0.04496301 0.34604219
-0.00125936 0.07255774 -0.04813381
0.11664739 0.06916100 -0.13850494
0.00467236 0.06256037 -0.07485767
0.06081796 0.06217305 -0.00679168
-0.04763623 0.06440977 0.23004831
-0.08483897 0.09213857 -0.33386415
-0.08323216 0.05895733 -0.29240850
0.01632667 0.06813857 0.25551349
-0.00093653 0.05696239 -0.34071499
0.01862172 0.06896244 -0.11243305
0.03428805 0.06885857 0.30726719
-0.06170588 0.07351756 -0.34491739
0.12141760 0.05703084 -0.15428223
0.07707352 0.06420601 -0.20157565
0.06700782 0.05567333 -0.19793691
0.09895114 0.06822704 0.09826688
-0.04556201 0.06451852 -0.46621725
0.05667881 0.06945048 -0.42605409
0.00316034 0.07143912 -0.09932132
-0.01423666 0.06396999 -0.11491932
0.08798907 0.07268113 0.31020677
0.06944733 -0.05375754 -0.36084548
0.09753335 0.06710473 0.31978467
-0.02183085 0.06314718 0.32466337
0.02144280 0.06432516 0.17718790
-0.09006021 0.06130696 -0.16258922
-0.04163525 0.07709250 0.38256654
0.08970559 0.07522573 0.44972566
-0.00564964 0.06184353 -0.39791036
0.06813077 0.06506255 -0.16403919
-0.04101381 0.06281541 -0.34198111
-0.03244749 0.06325170 -0.41672745
0.02885162 0.07237738 0.27414358
-0.08158097 0.05998918 0.26439703
-0.01911787 0.06858922 -0.17693904
0.06529706 0.07012203 0.10956171
0.03981353 0.06746981 0.20768687
0.03319500 0.06683590 0.42834952
0.09857096 0.06967537 0.13556460
-0.06058102 0.05839043 0.06330098
-0.08210473 0.05913033 -0.02861117
-0.04792773 0.06495062 0.04915858
-0.00422807 0.06247202 0.27347958
-0.04557405 0.06362411 -0.33686864
0.00056903 0.07229978 0.03501869
-0.05753001 0.06784045 -0.44568503
0.08111592 0.07388496 -0.34642279
0.03583369 0.06195040 -0.03460979
-0.01140053 0.06774854 -0.18744622
-0.02238278 0.06372627 -0.41106212
-0.04721772 0.07040945 0.46540469
-0.00220859 0.06334706 -0.39187521
-0.04787209 0.06454881 -0.00551376
-0.00726735 0.07372357 0.45906636
-0.00771838 0.06812181 -0.30249116
-0.05844022 0.06726864 0.19251809
0.07433866 0.07214615 0.41042727
0.03054847 0.06688863 -0.35192794
0.03330319 0.06347884 0.43618628
0.00185069 0.06395423 0.07375127
0.03799691 0.07198781 -0.24218246
0.00119160 0.06499121 -0.20923844
-0.07772114 0.05626592 0.05921246
0.10788251 0.07159161 -0.00922262
0.06065566 0.05763846 0.13282356
0.07593244 0.06323175 0.32117674
