0.21792106 0.22345729 -0.05040973
-0.04723249 0.17478031 -0.28064862
-0.10411377 0.17259032 -0.14017038
0.15609635 0.21748422 0.28881797
0.11840077 0.21852027 0.06901771
-0.19290957 0.19067462 -0.35399681
-0.14613590 0.10544968 -0.15633628
-0.09728484 0.22663586 0.08734774
-0.16003507 0.20719877 0.04378625
-0.14914314 0.23137327 0.23079205
-0.04016636 0.20668910 -0.13182013
-0.06221136 0.23101385 -0.05399124
-0.02893081 0.19121595 -0.35285372
-0.13964041 -0.02301976 -0.35769075
-0.08541849 -0.13153416 0.35633653
-0.18133989 0.21589604 -0.17028953
0.23193640 0.23029372 0.20933473
0.16263022 0.22555545 0.25279427
-0.13642041 0.23159164 0.03208598
-0.19511123 0.22240125 -0.22599867
0.12779759 0.22076462 0.34354803
0.06083404 -0.22976983 -0.39021865
-0.16193230 0.09534396 0.33387357
0.21467464 0.22612077 -0.11754036
0.02244024 0.20868598 -0.33075210
-0.08743440 0.11629532 0.35117993
-0.22005625 0.21648419 0.19058697
-0.13702208 0.11819108 0.20192915
-0.14582986 0.22476459 -0.18360005
-0.13076800 0.23010081 0.22457832
0.16671327 0.20414861 0.10418256
0.14700711 0.20992939 -0.37605512
-0.19597055 0.21245381 0.35543483
-0.09680292 0.22431928 0.09283809
-0.19345321 0.20391171 -0.27229339
-0.19892791 0.21955149 0.31235588
-0.11189078 0.20079352 -0.37163666
-0.11961305 0.07414992 -0.35205787
0.05212690 0.23036516 0.33868164
0.02375882 0.22382668 0.06878806
0.12840095 0.20795940 0.01027493
-0.17013451 0.23631975 0.06678584
-0.01910267 0.22424076 0.05614471
-0.22453927 0.22746937 -0.05711757
-0.13594183 0.16871151 0.12433867
-0.10015819 -0.19331123 -0.38205138
-0.10361516 -0.00098348 0.37494585
0.20779589 0.22454147 0.11496871
-0.11411761 0.23290949 0.07498894
-0.09765636 0.23254879 0.13300273
-0.11360920 0.23639466 -0.34681195
0.21996529 0.20527431 0.01935840
-0.04935604 0.06338191 0.35586318
0.09231899 0.22876009 0.31515920
0.15312880 0.20691176 0.13704300
-0.15924233 0.16151950 0.32418209
-0.12171363 0.18471329 -0.35971153
0.19708067 0.21290019 -0.33356202
-0.04490665 -0.23049001 0.37024903
-0.16182572 0.22356525 -0.01900738
0.20157275 0.22356658 0.22882473
-0.16697505 0.20744187 -0.22829089
0.08315769 0.23223726 0.08922958
-0.21990706 0.23928130 -0.17175961
-0.17091550 0.22453834 0.05196990
-0.13480386 0.22964527 0.22245385
0.15486142 0.21451674 0.03821819
0.10048240 0.21337801 0.37702879
0.20452289 0.18924922 -0.09441207
-0.09888319 -0.12060360 -0.36637849
-0.20698576 0.23562986 -0.05915209
-0.07040380 0.15185237 0.30308980
-0.05624940 0.20895267 -0.28696352
-0.15099318 0.06039172 0.31312594
-0.09484065 0.11881851 -0.29425889
-0.16628049 -0.22364853 -0.37216824
-0.02964421 0.08366010 0.32805389
-0.05475118 -0.13622265 0.35404584
0.04426911 -0.22003952 -0.39023560
-0.13837154 0.21310858 0.32933539
0.12637052 0.20606905 0.15750629
0.12937839 0.22436337 0.24448840
-0.13919954 0.23418784 -0.14907092
-0.12642388 0.08621226 0.31734818
0.05478979 0.22927690 -0.13139309
-0.19737667 0.23315594 0.37818012
-0.04878389 -0.10465838 0.35982960
0.08922657 0.17402807 0.36271885
-0.03185366 0.22883479 -0.30096859
-0.02865112 -0.17078334 -0.35556149
-0.11238118 0.23118481 0.28421026
-0.18418470 0.19634852 0.22662175
-0.07116038 0.22780281 0.19630983
0.07557102 -0.06685645 -0.33235413
-0.02281347 0.21782166 0.10428137
-0.15263471 0.22216660 -0.05703180
-0.11835715 0.12000912 -0.11594543
0.04391725 0.20716183 -0.37293240
0.08412872 -0.24948995 0.35425803
-0.17186257 0.13390255 -0.07478976
0.10136907 0.22871077 0.00426859
-0.12233909 0.12628394 -0.28282890
-0.06305143 0.12067156 0.00188673
0.01234770 0.21816587 0.37184554
0.06357978 0.14776894 0.34381461
-0.09735931 0.21186207 -0.14818934
0.22773302 0.22455065 0.28306288
0.03427924 -0.03387601 0.32550824
-0.18616195 0.20629753 -0.26395038
0.18821856 0.23417470 -0.22415066
-0.16651726 0.23365939 0.20355339
-0.14027102 0.23199444 0.26828143
0.08033247 0.22911362 0.17333347
-0.13298966 0.19981883 -0.23097198
-0.03904089 0.04844921 0.35744911
-0.19149315 0.23064782 -0.06187372
0.22947121 0.22734746 -0.20817184
-0.22031750 0.22605281 0.31314123
0.00390957 0.21910684 -0.21186806
0.15231898 0.23147321 0.25588298
-0.17910062 0.23170097 0.37180388
-0.13857938 -0.00485498 -0.36365241
0.15700348 -0.23003039 0.34245637
-0.19963525 0.23820713 0.20577767
-0.15039033 -0.05758662 -0.37650132
0.20028360 0.21003293 -0.18656337
-0.12426067 0.22810271 -0.05641422
-0.00686742 -0.21413054 -0.36618745
-0.05350279 -0.12473449 0.34577304
-0.03556337 0.23456991 0.32401457
-0.16055954 0.23845589 -0.35267109
-0.20928264 0.20809692 0.37554744
-0.12641741 0.16104710 0.32781935
-0.09725471 0.22161603 -0.34863856
-0.13572273 0.19792645 -0.27984640
0.15300046 0.24021222 0.09801045
-0.22000104 0.21864733 -0.06578049
-0.03207136 0.18784794 -0.07723773
-0.04216567 0.20072410 0.36731690
-0.02475302 0.14432101 0.26509017
-0.16538049 -0.22570014 0.38096049
-0.10733438 0.12536830 0.31009176
0.17646375 0.21870793 0.19503114
0.16450278 0.22859524 0.33023256
0.18266982 0.22871661 -0.36993062
-0.17507499 0.10919683 0.33880362
-0.09045810 0.23635319 0.18380783
0.02106404 0.23407921 -0.15365161
-0.17406508 0.11720090 -0.26112661
-0.10689721 -0.19979037 -0.35359308
-0.19442639 -0.24714322 0.36153820
-0.08511708 0.18438697 -0.36790553
-0.11821491 0.22577024 0.01600865
0.18715706 0.18703660 0.33980742
-0.02274487 0.22818390 0.30080590
-0.13785550 0.20929222 -0.05366575
-0.19326195 0.21321113 0.31024522
0.02041888 0.23071286 0.27809602
-0.19329309 0.20311669 -0.37229535
-0.17752928 0.22478485 -0.27731636
0.08420577 0.20543483 -0.00688994
0.10706071 0.22825980 -0.35404289
-0.13523500 -0.10270361 0.36302221
0.10504697 0.23165579 0.17012370
-0.09461012 0.10033301 0.29938349
-0.06382767 0.06411353 0.33417609
-0.04250311 0.11405526 -0.23100936
-0.17424819 0.11728482 0.00914309
0.10332797 0.22395398 0.01515000
-0.21816435 0.22622597 0.31876245
0.19139118 0.23764850 -0.03327340
-0.11409327 0.21893783 -0.33474639
0.13255593 0.21323818 0.00296089
0.17413120 0.18531999 -0.14503953
-0.09730807 0.22521120 0.31683725
0.16873553 0.21683657 -0.24758631
-0.03684906 0.21593638 -0.35915866
-0.03862587 -0.16358012 0.35869002
0.13642167 0.20381597 0.27726144
-0.18708803 0.23891461 -0.23377700
0.20342121 0.22686026 -0.08846468
-0.18671763 0.23450986 -0.27536404
0.09868705 0.21189472 0.11194462
0.18657629 0.23601379 -0.15749758
-0.07840995 -0.20476037 -0.36245826
0.10132221 -0.23019341 0.33747223
-0.03462689 0.23708561 -0.12514003
-0.13804089 0.22976644 0.20904078
0.16487534 0.22797816 -0.38100302
0.16882598 0.20739575 0.33231020
0.20615491 0.22584331 -0.31878796
-0.03297201 -0.18135647 0.36565781
-0.05552862 -0.03225095 -0.32636058
-0.04973791 0.23096944 0.10545950
-0.19985645 0.18864474 0.12995450
0.16126712 0.17356630 -0.34937394
-0.10265733 0.22892077 0.12161548
0.04133069 0.23208120 -0.37886643
-0.03405432 0.17920288 -0.24451122
0.22244366 0.23486431 -0.29684329
-0.12665901 0.00259411 0.33961955
0.10412011 0.20668539 0.02151167
-0.05955780 -0.05448230 0.34738964
-0.10326668 0.14164224 0.17794643
0.12983763 0.19693664 -0.33387834
0.12635352 0.23279174 -0.37750947
-0.19455387 0.16868760 0.26819080
-0.04418239 -0.17405602 0.34453991
-0.15839194 0.09694238 -0.27942902
-0.19019556 0.20214844 -0.32051256
-0.12720004 -0.06700902 -0.35527030
-0.19836470 0.21424510 0.22406644
-0.22021672 0.22509058 -0.00123872
-0.16019402 -0.16212572 0.35978246
-0.11136986 0.22522427 0.38569266
-0.13951278 0.06153669 0.34843135
-0.20729779 0.21463960 0.24549995
-0.14884382 0.23944339 0.30265525
-0.15255676 -0.20158626 0.36785766
-0.12415184 0.23100698 0.14836513
0.22915186 0.21184793 0.29317248
0.11611390 0.22707792 0.17338103
-0.14764467 0.15243167 -0.07409778
-0.01732994 -0.02979709 0.36963108
-0.00449979 -0.04898578 -0.35217237
0.11752368 0.20823944 0.36610794
-0.17745504 0.07536247 -0.34056675
0.21189877 0.22676489 0.35320118
0.11194839 0.21961775 0.02799110
-0.09902668 -0.21041775 -0.36202666
-0.19071218 0.22595003 0.26110348
0.09861165 0.23509470 -0.08058918
-0.18640131 0.20863999 0.37871602
-0.08971141 0.02387384 -0.34792477
-0.06767465 0.10222973 -0.35485229
-0.05591679 -0.05047288 0.33343810
-0.13088618 0.17824215 0.32099840
-0.19628899 0.22651839 0.33624896
0.04863131 0.21535152 0.36871061
0.06110421 -0.17667069 -0.35372517
-0.22345592 0.23332456 -0.12383689
-0.17264734 0.23122926 0.22263300
0.02790141 0.16787200 -0.25483283
0.20948407 0.23130535 -0.11923733
0.00812183 0.23385151 0.26297939
-0.10575170 0.21551836 0.36947796
-0.15374602 0.16615787 -0.10360050
-0.05817373 0.22157785 0.12125803
-0.07003108 0.23656169 0.13667680
0.15409853 0.22983901 -0.31180990
-0.18703791 0.21707232 0.14646518
-0.01454606 0.21980624 0.32344213
-0.15676841 0.23400532 -0.37701496
0.19950603 0.22737408 -0.11705249
0.09253398 0.21079181 -0.31093979
0.15553826 0.22133625 0.23412040
-0.07313821 0.16982144 -0.37546235
-0.13131028 0.13808788 0.31328350
-0.15668136 0.23697557 -0.04827985
-0.06729492 0.23383488 0.18494889
-0.22292531 0.22835656 -0.04032027
-0.14462088 0.16914175 0.10702196
-0.05601045 0.08987477 -0.17769536
0.05552561 0.21966225 0.01921347
-0.11714405 0.13618313 0.02762488
-0.17460334 0.23731443 0.36852545
-0.14068940 0.16307634 -0.21047722
0.20787105 0.20300812 -0.05192482
0.07667933 0.21612883 -0.19492395
-0.14177261 0.23276582 -0.23510246
-0.13775584 0.21002682 0.07492869
-0.21421859 0.21384513 -0.06200910
-0.00891773 0.23023298 -0.25678366
-0.13470140 0.04493623 -0.34621274
-0.01163966 0.22572689 0.25839600
-0.15398288 -0.23338254 0.35557652
-0.00017713 0.23317443 -0.37838796
0.17344791 0.24012688 0.12460110
0.03235490 0.21649604 -0.06361708
-0.08078852 0.22857492 -0.22721422
-0.16685781 0.06127839 -0.33521461
-0.15002137 0.17958802 0.02801442
-0.15849586 0.21424010 -0.00163272
-0.03759980 0.20823698 0.37146059
-0.16844401 0.22996050 -0.14421526
-0.04832168 0.14945097 0.14847656
-0.18980666 0.23244824 0.24352866
0.10414749 -0.23728275 -0.37408647
0.15635614 0.13602915 0.34357265
-0.13170916 0.12498864 0.32560113
-0.04681330 0.06971552 0.39882180
-0.18963923 0.23080622 0.05178061
-0.05146925 -0.02311382 0.38855436
-0.15131027 0.15263993 -0.11829405
-0.15765576 0.22501911 0.03399934
0.12216668 0.19483508 -0.36198062
-0.01123032 0.22861022 0.35760200
0.00115368 0.23136109 0.15489861
-0.03297051 0.22698499 -0.27275237
0.17450036 0.23384379 0.31966412
-0.08556198 0.22957581 0.21555607
-0.04116796 -0.11796778 -0.33975986
0.01987483 0.22209187 0.15707499
-0.08140855 -0.01396108 0.34322336
-0.07983883 0.17126979 0.37825909
0.05709183 0.23654805 -0.33400419
-0.21368670 0.22498764 0.17277391
-0.04926863 0.20889466 0.16280863
-0.16432682 0.11478521 0.31180510
-0.20501813 0.21241044 0.18139143
-0.09590378 0.22919384 0.21631750
-0.19554344 0.19128235 -0.28185183
0.09723993 0.21532112 -0.16569082
-0.19206591 0.23124525 -0.01666817
0.22415292 0.21516648 0.37989783
0.07327870 -0.24327843 -0.37962756
0.21147493 0.23152837 0.25711069
0.03622298 0.22202060 -0.05826992
0.04045590 0.21304363 0.08550678
-0.07688950 0.22922415 -0.17873545
0.01442875 0.22073063 -0.27269250
-0.01571864 0.21626955 0.26276442
-0.05470353 0.20424184 -0.05826052
-0.17359704 0.23356290 -0.03781305
0.04892395 0.16318521 -0.21254575
-0.02916739 0.22125147 0.31645665
-0.19253743 0.22895814 0.17114820
-0.12533700 0.15561339 0.35805362
0.02030972 0.19953519 0.05610916
0.09764112 0.22634640 0.29918167
-0.13197084 0.21148863 0.05791956
-0.10592525 0.06237525 0.34251839
-0.11900602 0.20277120 -0.00544083
0.14942978 0.21971318 0.14706597
0.15670764 0.19370180 -0.35866484
0.11300470 0.22695698 -0.05133765
-0.16327748 0.21882588 0.37250865
-0.12616865 0.05478767 0.35308549
-0.02204679 0.19379714 -0.34795979
-0.14208066 0.07070732 0.33516154
-0.05440776 0.21530908 0.34239343
-0.13110305 0.06019735 0.37358916
-0.21198522 0.21058844 0.12777470
-0.04287518 0.23177828 -0.07429153
0.02719928 0.22050044 -0.02708558
-0.13250792 0.15147197 -0.04809804
0.08021922 0.23328093 -0.13527681
-0.13989779 0.19761431 -0.10372040
-0.10332312 0.02262753 0.33953685
-0.08358265 0.20202270 -0.14764197
-0.10422064 -0.01312811 0.35299057
-0.05737387 0.21047586 -0.36936310
0.02511696 0.23554975 -0.20605180
0.18368100 -0.24311620 -0.36428598
0.04460070 0.23379870 -0.08943379
-0.12467404 0.23518771 0.05897259
-0.20669645 0.23244086 0.13983776
0.21873580 0.21451856 0.03698852
-0.07574852 0.16241926 -0.37585458
-0.06642198 0.00238658 -0.32453486
-0.15560777 0.22559561 0.32314268
-0.16345024 0.23023404 0.08449696
0.22879246 0.22919197 -0.03043157
-0.13360478 -0.22661592 0.35762921
0.02302266 0.19032076 0.37772918
-0.10724594 0.07557313 -0.16817240
0.04635774 0.16255583 -0.37648991
0.17188260 0.23398739 0.32950062
0.08562770 -0.22205858 0.35928178
0.03899685 -0.22297281 -0.37527213
-0.14075020 0.10122962 0.29361260
-0.06849033 0.13297570 0.35720590
-0.05274931 -0.04552798 -0.35280406
-0.14975828 0.23531650 -0.27169162
-0.12403914 -0.21391846 0.34368667
-0.14616796 0.16115755 0.28276810
-0.05532796 0.22433087 -0.17278500
-0.04673443 0.23464161 -0.22995898
0.16558737 -0.23300935 -0.37636104
0.00878269 0.19017452 -0.27154800
-0.21258579 0.21421067 -0.25458321
-0.08851366 0.18155414 -0.28100857
0.02206559 0.20626798 0.23507877
-0.11075903 0.22761659 -0.17819291
-0.14029875 0.05663181 -0.32784787
0.07042362 0.23592773 0.08482473
-0.11979185 0.08603304 0.35821342
0.01591282 -0.18778925 -0.35275376
0.12899351 0.23431721 -0.09438492
-0.12323105 0.23303351 0.01734346
0.00080344 -0.11206413 -0.36065459
0.10435884 0.22349124 0.13633500
-0.06572817 0.23351415 -0.08030675
-0.21890901 0.21604557 0.37227216
0.13053094 0.20665254 -0.33439869
-0.13519287 0.23284915 0.18282288
0.22836687 0.22445084 0.27506578
-0.09766116 0.22650234 0.08945756
0.14921001 0.23362133 0.17220044
-0.02273841 0.21597715 0.33476514
0.02868672 0.20593600 0.34392467
-0.07585234 0.23201939 0.08677328
-0.13497783 0.13085720 -0.13730723
0.08694860 0.21717700 -0.30467755
-0.16769105 0.19769570 0.19917080
-0.10481924 0.21374099 0.34015083
0.03402365 0.22189035 0.36806524
-0.08029784 0.18215486 0.13195223
0.10778831 0.22857521 0.36261874
-0.06225630 0.22540142 -0.31795192
-0.14950171 0.15544881 0.26010144
-0.17188229 0.10218451 -0.34196007
-0.15140340 0.15850048 0.01143860
0.10274071 -0.22408587 -0.36481649
-0.17429520 0.18964532 0.33939463
-0.01831242 0.20067984 -0.36316866
-0.12491678 0.20941584 0.02615200
0.14344235 0.23603180 -0.24482994
-0.22748062 0.22835825 -0.20411852
-0.21140672 0.23577866 -0.00651268
-0.06192095 0.22535832 0.08114933
0.02088219 -0.11951576 0.36967888
-0.08063419 0.09694508 0.18311714
-0.02846787 0.20320489 0.26479214
0.00245956 0.21074404 0.28303754
0.16023533 0.23106468 0.16660577
-0.12483048 0.23524193 -0.15576959
-0.18742046 0.20541252 0.02566590
-0.16395783 0.23403336 0.17434329
-0.11459943 0.10310967 -0.36686540
-0.00872998 0.22332180 -0.28268373
-0.20617308 0.23580062 -0.08628099
-0.05838360 0.23242678 0.07681783
-0.17484343 -0.20553921 -0.37875432
-0.17552264 0.23581854 -0.12139765
0.22040461 0.21427937 -0.27757221
0.06123918 0.20813113 0.13947116
-0.13179871 0.17717677 -0.32894939
-0.16382079 0.22538693 0.36138949
-0.08204244 0.20918682 -0.32103661
-0.00120393 -0.09184504 0.35447311
-0.14517921 0.07972560 0.36594340
0.09607534 0.21722913 0.07488131
0.07366544 0.15694837 -0.36216697
-0.05055796 0.23257938 0.36779109
0.21614735 0.21815388 0.15006210
-0.07486071 0.14066386 -0.09350614
0.02983219 0.23006381 -0.00744803
0.08546470 0.22784685 -0.14433427
0.15540902 0.21797894 0.30136961
-0.19006433 0.23479173 0.24004312
-0.12454515 0.22791557 -0.16470683
0.21580076 0.21716250 0.05467382
0.07119372 0.20560142 0.10822759
-0.13840911 0.23252195 0.05777260
0.00911772 0.20825090 -0.17089197
-0.21495025 0.19498560 -0.18425889
0.01033943 0.23222086 0.11879685
-0.05245678 0.23437342 0.21613097
-0.22691040 0.22898537 0.03787291
-0.02748542 0.23018077 0.27121246
-0.03273198 0.20984447 -0.19374555
-0.22016615 0.22841062 -0.24379440
0.11537787 0.16966222 -0.33233324
-0.07187273 0.13593981 0.03997221
0.00631877 0.23279294 -0.19403449
0.06863426 0.17135233 -0.35688600
0.12038933 0.22817446 0.37987712
-0.23318368 0.23211300 -0.10826371
0.10115880 0.21204941 -0.02030084
0.12450180 0.18041608 0.35973394
-0.19052373 0.23143221 -0.14257446
0.18758419 0.18993866 -0.09114883
-0.11994268 0.18030502 -0.00892862
0.08127438 0.23761311 0.16977660
-0.18988600 0.16613141 0.02606006
0.10166597 0.23167522 0.00925126
-0.11092951 0.15984298 -0.16453974
-0.02649257 -0.19512016 -0.38055924
-0.13572295 0.22812074 0.05872619
-0.12381915 0.22496405 -0.10627966
0.16769609 0.22824124 0.13292894
-0.16227785 0.21419637 0.35299337
-0.12563808 -0.04446601 0.36557850
0.14965943 0.21055079 -0.03673036
-0.09208205 0.22708994 -0.16125326
-0.22332650 0.23165801 -0.12848893
0.18743511 0.22390965 0.15767844
0.17620295 0.22087310 0.38879952
0.04346131 0.19783270 -0.20395696
-0.12320206 0.23319779 0.37542149
-0.02272642 0.22494556 0.38229528
0.12832782 0.22438756 -0.26399705
0.17927532 0.20100714 -0.35248497
0.03113344 0.23027165 0.08966795
0.09703453 0.23344649 -0.18882805
0.19631827 0.21933088 -0.37505370
0.01888993 0.21609469 -0.04242007
-0.08093037 0.23300214 0.07827240
-0.03138246 0.20943044 -0.36885762
-0.13018793 0.22708166 0.28139573
0.04779709 0.23021732 -0.10861705
-0.04012674 0.23331755 0.06523087
0.11161380 0.23889387 -0.30701661
0.03777438 0.19865423 -0.36671215
-0.18737501 0.21717833 0.24849710
0.17751502 0.24037138 -0.30035082
-0.03741104 0.21006392 -0.02523275
-0.22559418 0.23068681 -0.08274447
-0.18049476 0.21436714 0.12980209
-0.16932978 0.23532249 -0.15998583
-0.03693315 0.23546852 -0.23222136
-0.21920916 0.23146479 0.08502051
-0.03887614 0.19764364 -0.31718630
-0.16313300 -0.19072561 0.34135208
-0.09043224 0.22240242 0.29464710
-0.04847269 0.22994383 0.18443835
-0.03027314 0.22021031 -0.37549090
-0.18417674 0.23224227 -0.15495493
-0.00919227 0.23409426 0.28328103
-0.14074300 0.22920856 -0.17512316
-0.03554525 0.23227136 -0.32284459
-0.04791149 0.22440781 -0.09765711
-0.20267937 0.20897888 -0.35515633
-0.00345427 0.23380284 0.04253219
0.02733524 0.08057125 0.35994115
0.00699556 0.22714218 -0.37365794
-0.12231967 0.19857618 -0.29066828
-0.08321770 -0.02647409 -0.34522259
-0.14877020 0.23330177 0.04479848
-0.10178357 -0.20872897 0.35274544
-0.18689914 0.23544106 0.11454063
-0.13033348 0.23297536 -0.28288263
-0.14813966 0.05670723 0.27394640
0.01777959 0.20552249 0.25482836
-0.17596465 0.12298584 0.17933160
-0.02837688 0.23025592 0.21121538
0.01308722 0.22788134 -0.27541885
0.19744134 0.20180668 -0.08109869
-0.03698350 0.22703348 0.03161843
-0.01039243 0.20170525 0.28485399
0.03678634 0.23243453 -0.36008948
-0.03121031 0.18463150 0.34816810
-0.19838926 0.21865380 0.37690952
0.03654089 0.22987859 -0.03351889
-0.19128674 0.19557074 0.19353741
0.02939483 0.21562600 -0.02047583
-0.03334566 0.20543337 -0.27744395
-0.08203074 0.22155336 -0.37387353
0.18303797 0.23766842 0.27580285
-0.13892321 -0.01345622 0.36317044
0.17596683 0.21963018 0.33025831
0.02262630 0.22365026 -0.21811849
-0.11515111 -0.19722642 0.35640737
0.15126926 0.22829707 -0.12899137
0.14106859 0.23364611 -0.23009403
0.01239823 0.20836292 0.08173148
-0.09504706 0.10549493 0.03537591
0.18062757 0.21035546 -0.27389258
0.11080670 -0.23083845 -0.39232978
-0.07704171 -0.00754659 0.29804698
-0.13260168 0.22916593 0.04620027
0.09681250 0.21505487 0.30395266
0.13509840 0.21491100 0.21648811
-0.06875977 0.22655609 -0.12229100
0.10528826 0.22567414 0.29064637
0.06003322 0.23060429 -0.14952177
-0.18668133 0.17027532 -0.22026299
0.07461941 0.21878523 -0.07794867
-0.03781972 -0.02330637 -0.35340548
-0.08063449 0.22223163 0.15959351
-0.08426600 0.22783789 -0.07383296
-0.13729143 0.23212866 -0.08208887
-0.12394425 -0.05648442 0.36473265
-0.10446456 0.23352763 0.23797050
-0.21667899 0.23107558 0.28958556
-0.10209496 0.01020986 0.36243328
-0.16030975 0.20550737 0.34164217
0.11083148 0.22328524 0.08565277
-0.14545956 -0.13120244 0.34676257
0.12041765 0.21407388 -0.36813495
0.11354852 0.22572298 0.35996810
-0.16783166 0.13025320 0.25005528
0.00330365 0.20804855 -0.25387797
-0.18441619 0.13117236 -0.35253796
-0.14287928 0.21422777 -0.22356494
-0.03055769 0.20440030 -0.03065048
-0.15407272 0.22995481 -0.16822363
-0.00809136 0.20943964 0.01552580
-0.16336621 0.18048348 0.06610631
-0.00966894 -0.20727050 -0.36548361
-0.16617438 0.18940330 0.30974728
0.01625137 0.04045667 -0.35512510
-0.18867774 0.22998461 0.08823249
-0.07179628 0.03433567 0.34171557
-0.07524926 0.23066255 -0.06806489
-0.20049468 0.21385153 0.38339978
-0.05261394 -0.13683501 -0.35562113
0.12212335 0.20153320 0.04022459
-0.13013366 0.23787339 0.13435507
0.06647904 0.21838059 0.04414253
-0.14237684 0.13113268 0.36048797
-0.09531509 -0.18963817 -0.37175021
-0.12238477 0.23656298 -0.31321800
0.19440770 0.23913972 -0.38071728
-0.21327074 0.21743211 0.21928409
0.20237008 0.23261136 0.06344770
-0.06314295 0.22492559 0.03632689
-0.11269050 0.18948214 0.36460292
0.20157105 0.22973986 0.23466733
-0.20203552 0.18448262 -0.02015568
-0.20972934 0.23560464 -0.11497759
-0.08018108 0.22285664 -0.25260490
-0.15053020 -0.21258003 0.34701422
-0.14394097 0.14193150 0.36516690
-0.07949745 0.20212401 -0.18659779
-0.17077506 0.22929025 0.18885520
-0.14351870 -0.00333683 -0.36074677
-0.16829631 0.13021870 -0.36833638
-0.15250619 0.12490195 0.10539249
-0.11868548 0.23272398 -0.24323091
-0.15843010 0.23317109 0.07527117
-0.15909782 0.12790832 0.08540785
-0.15869078 0.18805517 0.08532143
-0.06383139 0.23178601 0.15139903
0.02143084 0.23054397 0.17606993
-0.08419334 0.16932681 0.36688411
-0.01306416 0.19229724 0.26720801
-0.08673018 -0.04361406 0.34391510
-0.17839555 0.23029871 0.38087749
-0.14386415 0.08618563 0.07208268
-0.10478406 0.14787722 0.34574103
-0.22274458 0.23193665 0.10155297
-0.09964475 0.14709948 -0.08702636
0.19302486 0.21302749 0.12441289
-0.12025009 0.22808127 -0.01566388
0.00367033 0.23072986 0.09584226
-0.14685991 0.11220017 0.20542066
0.05776256 0.22033225 0.23952244
0.15119678 0.21319561 -0.28622371
-0.06373757 0.21047808 -0.31767020
0.21953298 0.21036126 0.07148155
-0.13032572 -0.09629865 0.34432647
-0.08325074 0.22771670 0.29809552
-0.00906483 -0.18557602 0.37838921
0.16653983 0.21398482 0.31036019
-0.14192104 0.09642322 0.33413461
-0.17201148 0.20141000 0.05489451
-0.11667871 0.22555393 -0.26754731
-0.15285966 0.20592570 0.17772838
0.09193367 0.21779758 0.33179581
0.02892534 0.23063874 -0.04813384
0.03160229 0.23316859 -0.13816549
-0.11374948 -0.20186980 -0.39026606
0.04446844 0.22665589 -0.24425702
0.01756261 0.23672399 -0.17617460
0.02738199 0.18826452 0.19926332
-0.08776726 0.12083269 0.10673031
-0.16166131 0.22890863 -0.08753267
-0.09767210 0.13334280 0.00403119
-0.15870216 0.23317713 -0.17754875
0.03229291 0.23656695 -0.07660318
0.05167865 0.23471083 0.32107869
-0.07872122 0.16609307 0.30170161
-0.11873455 -0.23459588 0.35839412
0.17807382 0.20991251 0.34006599
-0.00325346 0.23858128 -0.00408446
-0.13780904 0.22027594 0.08993676
-0.15356396 0.10775611 0.16602954
-0.14263363 0.14356588 -0.28929076
-0.15029493 -0.17709905 0.34568450
-0.01123220 -0.11280470 0.35306093
-0.06578609 0.22750002 0.25429007
-0.11159112 0.02976437 -0.37262416
-0.05688724 -0.15831433 0.34258685
-0.10464773 0.23393428 0.11544143
-0.00490496 0.21602470 0.36683947
0.04266001 0.19387980 -0.35583979
-0.04233298 0.21849450 0.26221961
-0.07953558 0.23588896 -0.33370343
-0.20241731 0.16705045 -0.17209172
-0.11019450 0.23413527 0.21249542
-0.12226190 0.15912081 0.32772535
0.06185267 0.22548848 0.04522849
-0.14045143 -0.22802788 -0.38947615
-0.02027395 0.23105571 -0.36086982
0.18737461 0.23607168 -0.27926296
-0.11525317 0.10446177 -0.08690172
-0.15730658 -0.21220449 -0.38811687
0.04277157 0.18662502 -0.18561152
0.20768473 0.22822739 0.01604263
-0.16592729 0.23352934 -0.14060254
-0.10157692 0.22038262 0.14570414
-0.06937817 0.22620767 0.12994555
-0.02231721 0.23097655 0.00611486
0.05656382 0.23064496 -0.38215527
-0.04578194 0.21678017 0.05646588
-0.09827663 0.20811000 0.27089068
-0.15322845 0.22917567 0.30106917
-0.09493236 0.23481004 0.03786909
-0.22824553 0.22248243 -0.26007277
-0.10027974 0.08262147 0.36170447
-0.00212022 0.23030546 -0.26035354
0.22623149 0.21078327 0.07539006
-0.18265370 0.18746272 0.13070813
-0.10810134 0.23190667 -0.29144529
0.10613377 0.22903663 0.22422150
-0.13883504 0.01956671 -0.31716731
-0.17018425 0.12255569 -0.04523802
-0.21456233 0.23159949 0.38863909
-0.15661171 0.20702879 -0.32741922
-0.06435149 0.22485565 -0.03522902
-0.15062842 0.11767535 -0.17330621
-0.13511463 0.23016214 0.37430939
0.11969735 0.20913239 0.03306356
-0.14648764 0.08209709 0.31971514
-0.03491207 0.22452384 -0.33934867
-0.20159627 0.20854819 -0.37101531
0.01824933 0.17496993 0.26175356
-0.03556580 0.22914274 -0.00188294
0.09675532 0.23185885 0.12312741
-0.00437661 0.20135725 -0.01897908
0.00642911 0.19217095 -0.28041118
-0.06524967 0.23067483 -0.34731367
-0.20887621 0.18831168 0.22058585
0.15030617 0.21970518 -0.05088214
-0.16866158 0.17715658 0.36429423
-0.05365511 0.01788347 0.36730099
-0.06907019 0.22323026 -0.18885930
-0.05946500 -0.21145119 0.36323199
-0.04138083 0.22818556 0.03231024
0.07790557 0.22943784 0.22031015
-0.07785469 0.23380576 0.34450129
0.05081924 0.21858114 0.00206121
-0.07984664 0.23390606 0.05611762
-0.12772460 -0.11376857 0.35464418
-0.09384048 -0.05053627 -0.33309823
0.18356562 0.22884829 -0.04937341
-0.17275310 0.20387331 0.21316813
-0.14921314 0.23269151 0.05104928
0.13060981 0.20296025 -0.20104033
-0.02249254 0.23196574 0.24970375
-0.03141808 -0.20774405 -0.36519819
-0.09538192 0.21228904 -0.32651255
-0.16508165 0.23771253 -0.04023760
0.03120558 0.22909383 0.26934600
-0.16498397 0.23266210 -0.26088762
-0.13461070 0.22940111 -0.11689584
0.05950636 0.22625217 0.16435567
0.16743015 0.22489215 -0.16506700
-0.18028530 0.18108290 0.35235223
-0.08033548 0.12823382 0.28325641
-0.19256803 0.21488293 0.23859596
-0.00744593 0.22779635 0.22946197
-0.10706861 0.23256378 -0.16070223
-0.00361928 0.06439823 -0.35574874
0.10264954 0.21109003 0.01206017
0.06028968 0.18561028 -0.18352853
0.14087568 0.23217727 0.20749798
0.11850303 0.19062501 -0.30037397
-0.14680319 0.19413128 0.37664074
-0.04562229 0.23607737 -0.14717588
-0.05142492 0.20392527 -0.36645654
0.03224158 -0.19269587 -0.35144171
0.22995467 0.22664146 -0.13532096
0.18727383 0.20624137 -0.33186379
-0.19823304 0.21274269 -0.37995982
0.08383485 -0.23222661 -0.35683408
0.00739966 -0.22499816 -0.38634184
0.05762236 0.22825325 0.25224736
-0.01646136 0.19875433 -0.35884339
0.20076665 0.19814672 -0.05436207
-0.08724664 0.22799586 0.31475985
-0.14597477 0.19661328 -0.23695691
0.20536509 0.22431989 0.28159460
0.16724019 0.23109815 -0.25942212
-0.17539312 0.23332509 0.05490096
-0.14992177 0.22182937 -0.18533950
-0.16529332 0.22795501 -0.09630726
-0.17458299 0.21022823 0.36237499
-0.14840934 0.21683703 -0.11297432
-0.16836514 0.22323823 -0.25153783
0.02921110 0.21041383 -0.33831048
-0.18357030 0.19108911 0.29143026
0.18882897 0.22867233 0.03915661
0.06660870 0.23803921 -0.33973888
0.18192255 0.23496623 -0.11536622
-0.11544406 0.07876194 0.35152492
0.00485118 0.23310703 0.17652547
-0.05805976 0.23381358 0.21430372
-0.18308222 -0.22692047 0.35969439
-0.03916552 0.05875701 0.33872908
-0.11016625 -0.16723660 0.35568038
-0.00132815 0.23539419 0.13148367
0.07699609 0.22623044 0.32763687
-0.20695662 0.19814697 0.19920529
-0.08205275 -0.17728725 0.38902557
-0.14543253 0.18794969 0.01306455
-0.09427680 0.21277675 0.29802597
0.12523858 0.22857907 -0.02761367
-0.04879610 0.22571473 0.10838880
0.01423452 0.22027814 0.32068497
0.14222765 0.23243983 0.16951996
-0.06402837 0.22129090 0.21868762
0.03658902 0.22140799 0.12497824
0.18393780 0.22355844 0.21475451
-0.19883561 0.23115090 0.20899248
-0.02627133 0.22562811 0.07897069
-0.05850494 0.11253972 0.09324455
-0.20358083 0.21049033 -0.35128552
-0.01614697 0.22998536 0.12417897
-0.12304468 0.20855424 -0.04125610
0.05941115 0.21746598 0.00828869
0.01200587 0.22067356 0.33417374
-0.21490534 0.21443252 -0.26578873
-0.10500652 0.03468866 0.35162041
-0.06078718 -0.05998089 -0.36517525
0.09492373 0.22039089 0.17668830
-0.06579474 0.12770770 -0.10655052
-0.22932589 0.22876544 -0.14771621
-0.17623551 0.19074717 -0.13151723
-0.14141545 0.10542081 0.10481279
0.09514943 0.22376376 -0.31207231
0.00154070 0.22508244 0.12358759
-0.01905672 0.16755834 -0.24127053
0.04856373 0.22493629 -0.07970048
0.02319546 0.22946319 -0.04871905
-0.05150432 0.19900244 0.15802005
0.10349215 0.21573143 -0.36900502
-0.16369532 0.08237758 -0.04991792
0.02236623 -0.20931557 -0.37466216
-0.00344605 -0.21965417 -0.36642554
-0.22686721 0.23594610 -0.21039259
0.20133293 0.23137555 -0.07649966
0.01602555 0.22584125 0.04091327
0.17298123 0.22252709 -0.16529113
-0.00428807 0.23216581 0.12519373
-0.00767254 0.23624454 -0.15432484
0.01792615 0.00825457 0.33480603
0.02589973 0.15451968 -0.18388222
-0.17357926 0.11732043 -0.14579912
-0.04268103 0.07298065 -0.33466062
-0.15398780 0.13334520 -0.12349712
-0.12158078 0.23225458 0.14857331
-0.16167627 0.23489474 -0.00129031
0.07114536 0.20191537 0.38057947
-0.20812200 0.19719839 -0.14970551
-0.15774597 0.02539702 -0.35173267
0.08655251 0.14723291 -0.36732405
-0.03583429 0.17463753 -0.26859000
-0.12019035 -0.03931891 0.34233460
0.00979124 0.13150474 0.36471021
-0.13387774 -0.04074309 0.33803236
-0.18701164 0.23396963 -0.18654239
0.09154812 0.04136512 0.33551258
-0.11129043 -0.24275732 0.35355106
-0.17978033 0.14704202 0.38537693
-0.06990834 0.22314475 0.38644639
-0.04686768 0.20369254 -0.03538857
-0.08226754 0.13312702 0.35936326
0.21170555 0.20731938 -0.04827955
-0.14579818 0.20677213 -0.24266574
-0.08328034 -0.23019749 0.37067419
-0.13556129 0.20415609 -0.37224737
-0.10244685 -0.17182262 -0.37703148
-0.17085001 -0.23780861 -0.35803238
-0.15524390 0.10150301 -0.31585091
-0.11801134 0.18717605 0.36525410
-0.21459997 0.20681091 0.00968829
-0.16401006 0.16999213 -0.00890311
-0.13983108 0.23078649 -0.27241197
0.21779117 0.21682338 -0.31773365
-0.21280500 0.21933140 0.20875639
-0.09599809 0.19568694 0.23230231
0.07359644 0.23110148 0.17956936
0.20789313 0.23664963 0.00129126
0.13887338 -0.24760669 -0.39134201
-0.08352685 0.20591508 0.29123086
-0.13662961 0.23748222 0.06375663
-0.04664339 -0.17017865 0.36523658
-0.03956354 0.05941534 -0.35135788
0.20766765 0.23522049 0.19703905
0.14991786 0.19883507 0.34511930
-0.07137692 0.12661701 0.31357095
-0.06932547 0.18044698 0.06084263
-0.12133007 0.21760821 0.10624378
-0.14437406 0.22487526 -0.03562155
-0.16023153 0.23485638 -0.13525020
0.16418678 0.22182022 0.24711308
-0.07298943 0.11647446 -0.36015144
-0.03617268 0.22756641 0.23028123
0.20914486 0.21890664 -0.22873786
-0.14831826 0.15267189 0.10237072
-0.18123361 0.22802690 0.35176867
0.01556145 0.21062890 0.30526453
-0.10561381 0.09711488 -0.12426439
0.01789352 0.04384310 -0.33010405
-0.11111581 0.19950964 0.02892938
0.03447909 0.23363592 0.03305523
-0.09940347 0.22482076 0.05131356
-0.08316012 0.20176327 -0.17838302
-0.18341361 0.23323692 0.05741543
-0.15676825 0.21974997 0.37889785
0.18289647 0.21493848 -0.03386784
0.17848131 0.22813843 -0.17748506
-0.05475338 0.23100407 -0.13498762
0.00740038 -0.14702246 -0.35880557
0.02905843 0.08672893 -0.33556569
-0.13798392 0.22916485 0.34426570
-0.21078074 0.19077390 -0.29660073
-0.11511981 0.22336340 -0.37141106
0.06942776 0.23045506 -0.18421987
-0.09318406 -0.04124171 0.34835148
0.01953153 0.22850986 -0.02900356
0.08143549 0.20333959 0.24803236
0.04896014 0.22553313 -0.06030932
-0.04891248 0.12849627 0.01506147
-0.03093588 0.23204811 -0.13040623
-0.02302136 0.06139108 0.34496066
-0.21676025 0.23135075 0.12791097
-0.19389981 0.19418165 -0.30970383
0.18417984 0.22426493 0.38050532
0.18008256 0.23122464 -0.06459329
0.16691412 0.21325384 -0.32462946
-0.15818708 0.07120383 -0.33945563
0.19491950 0.22718908 0.34541765
-0.16176027 0.23370345 0.16675058
-0.10374692 0.22949411 0.36409557
-0.21772340 0.20043844 0.15424812
0.12256771 0.20382486 0.31155992
-0.02820134 0.19217816 -0.37435800
-0.21081872 0.18909030 0.35888550
-0.16981554 0.23124915 0.17710678
-0.05220561 0.21957220 -0.37056279
-0.21749859 0.20288095 0.08171447
-0.12847003 0.07016850 -0.04541050
-0.05943839 0.23372224 0.01427579
-0.02397803 0.23397192 -0.01742241
-0.04929181 0.20368232 -0.12905052
-0.20431104 0.23092800 0.38624123
0.17399523 0.22788870 -0.12113471
0.03941349 0.18809724 -0.21860056
0.08171014 0.21843122 0.18810643
-0.10193969 0.22986430 0.22942279
-0.22443272 0.22835413 0.00341488
-0.07857243 0.22479464 0.35033178
-0.04894941 0.23295005 0.36986399
0.10516725 0.23230053 0.13527139
0.06651149 0.14770307 -0.33947724
-0.15037397 0.16277532 -0.03587271
-0.12492941 0.22316371 -0.37686867
-0.00185709 0.18012932 -0.33609641
-0.18080595 0.22471300 -0.10744745
-0.16649160 0.22012524 -0.36404756
-0.11333931 0.18621549 -0.34444356
0.13708429 0.22536100 0.33452603
-0.15666322 0.23323300 -0.22655642
-0.15914892 0.16230997 0.35837704
0.06908902 0.22615615 0.29626352
-0.01860072 0.23068696 0.12575889
-0.11892918 0.22259301 -0.35579956
-0.18490189 0.16988912 0.28806859
-0.16096783 -0.20731404 0.35997826
-0.11192505 0.14572367 -0.03659206
0.02528754 0.21930419 -0.16322334
0.05115177 -0.21739958 -0.37897411
-0.16374204 0.18351062 0.33869505
-0.02793842 0.22449309 0.34950823
0.00315155 0.23415673 -0.09250922
0.05890559 0.22158040 -0.13141821
-0.03481604 0.22253446 0.09393689
0.16541216 0.20818239 -0.26350293
-0.02895024 -0.07394469 -0.36088273
-0.04436909 -0.22622386 -0.36585516
-0.15438122 0.21059449 0.38143048
-0.18372503 0.13895603 -0.05213822
0.09898473 0.22964956 0.10310218
0.10953201 0.23725669 0.24408217
0.01923114 0.21701412 0.02006785
-0.20905246 0.20941785 -0.32490712
0.14158376 0.21759602 -0.00225385
-0.21000297 0.23598906 -0.21675365
-0.11206442 0.07678117 0.28651518
0.06763868 0.21013847 -0.31893140
-0.20100327 0.20502107 0.11412644
-0.06710515 0.22615814 0.04679001
-0.19204901 0.20658618 -0.31861809
-0.10599033 0.19057636 0.36420175
-0.22161821 0.23773247 -0.13360046
0.22575454 0.22574328 -0.09136717
-0.12722418 0.22226371 -0.26468635
0.06580023 0.21420474 0.03190584
-0.22148255 0.22535264 0.20209824
-0.09736120 0.23290831 0.25420165
-0.11539490 0.21341243 -0.37576270
-0.16206607 0.23526028 0.31212693
-0.17981033 0.23208256 -0.24347994
-0.06673276 0.21525599 -0.35848087
-0.13538988 0.23050244 0.16746634
-0.23988554 0.23193835 0.35449204
-0.13705197 0.09538582 -0.28155622
-0.17322581 0.23993267 0.33360589
0.06210655 0.23506047 -0.04480805
0.06164970 0.21026069 0.02097919
-0.05629482 0.22705661 0.19835731
0.02861215 0.21015006 0.29258808
-0.00875820 0.21255648 0.19468455
-0.04868712 0.18461251 -0.26815030
-0.14168167 0.21308403 -0.35929954
-0.02787739 0.23585112 -0.04733090
0.09220748 0.23065063 -0.09217773
0.11065254 0.20078389 0.38144392
0.02498795 0.19204144 0.36088899
0.19811496 0.23497705 -0.15225802
-0.12445937 0.22609720 0.25352442
-0.09745551 -0.19043010 -0.37042624
-0.13754687 0.17228019 0.15869865
-0.17386366 0.21268013 -0.03155792
0.06640733 0.16229320 0.39343840
0.09643091 0.21051626 -0.37897500
0.14670116 0.22280584 -0.29589781
-0.16152236 0.17510448 0.36241943
-0.11997983 -0.03788951 -0.36155188
-0.02716957 0.23004907 0.32886437
