-0.17708664 0.14968106 -0.20984271
0.17255078 0.16439480 -0.16706994
0.18576181 0.11842737 -0.15141486
0.18863218 0.11894496 -0.18655294
0.18852280 -0.08315416 -0.39211613
0.16757616 0.12763849 0.42013726
-0.02159979 0.15053979 0.20923644
-0.16268435 0.15650468 -0.26343644
-0.13669626 0.15506485 -0.25579393
0.16382925 0.15952411 -0.17402403
-0.19044447 0.12766017 -0.32865301
0.04833526 0.15369251 0.04614845
-0.12413570 0.15785454 0.03535029
0.17392051 0.13630481 -0.25231355
-0.16799803 0.15795650 -0.20225716
0.07062964 0.15673409 0.34651566
0.10328166 0.15571453 -0.16828880
-0.10218631 0.15179364 -0.40631679
-0.18873772 0.15955092 -0.34560007
0.15544283 0.16277920 0.04977793
-0.18759196 0.14778230 0.11680679
-0.19730830 0.14568444 -0.03340621
-0.16347583 -0.13705516 0.41078985
0.17129040 0.16447425 -0.31841138
0.15278223 0.14220580 -0.15959115
-0.02679953 0.15808263 -0.04442891
0.17914110 0.15860243 0.04753484
0.07380679 0.15740843 -0.15681484
0.19299448 0.15425855 -0.28679240
-0.17826660 0.12775567 -0.14812084
-0.15028326 -0.08483798 0.40101779
-0.17598672 0.14634921 -0.40095818
-0.00228358 0.14983180 0.26086414
-0.02138550 0.16045682 0.42026201
-0.17733479 0.12143847 0.27889681
-0.01334695 0.15578917 0.15464577
0.06819811 0.16242547 -0.19537461
-0.04808562 0.16374126 0.36901200
-0.19151857 0.05491745 0.37115818
-0.11249147 0.14709957 0.12644717
-0.18726818 0.06513074 0.40859425
0.20063709 0.15550026 0.01452932
-0.06186189 0.15746363 -0.27798420
-0.20071293 0.15785399 0.34695390
0.03652685 0.15772472 -0.42237493
-0.17323092 0.14460246 -0.01975048
0.07469762 0.15035510 0.42404801
0.19307841 0.16284336 0.14666557
0.16759416 0.13820505 -0.02868983
-0.13038442 0.15304232 -0.40321890
0.19528621 0.14641851 0.36247364
-0.00371320 0.16109273 -0.40284923
0.17364356 0.06399199 0.37303311
-0.01598776 0.14183804 0.38748318
-0.14558890 0.14557695 0.42052072
-0.03016092 0.15648565 -0.16776557
0.16534509 0.15759535 -0.35347214
-0.18262792 0.15963764 -0.18408865
0.00470604 0.15060546 -0.37330711
0.12967716 0.15263851 -0.13620916
-0.18305907 -0.06930562 -0.41005886
0.05269081 0.11704311 -0.40452167
-0.12537032 0.14825526 -0.03015426
0.18135557 -0.11080679 0.41595900
0.07594307 0.16339087 0.19957834
-0.07645716 0.15790981 -0.20520675
0.09823035 0.15991762 -0.20373300
-0.16325074 0.14532679 -0.07139711
-0.18964860 0.14021780 -0.21642432
-0.02702583 0.16176814 -0.19705963
-0.17090587 0.15377529 0.42315662
0.06256178 0.15629192 0.39551029
-0.15208407 -0.15552527 -0.38452882
-0.19979723 0.15637802 0.03082250
-0.03462072 0.15599455 -0.03388872
-0.16380876 0.09348796 -0.40715474
-0.18903625 0.14768328 -0.42351061
0.01151385 0.15064104 0.36525530
-0.07487693 0.15843844 -0.32574040
0.11149161 0.15844084 -0.10083733
-0.17496864 0.14735767 0.41202918
-0.16678582 0.13723040 0.03285139
-0.15377936 0.15875198 -0.17418449
0.07251405 0.16210730 0.21437757
-0.03616394 0.14960118 -0.04981951
-0.13822591 0.13998173 -0.36989671
0.13592702 0.15711826 -0.12492490
-0.00916915 0.16149591 -0.00670755
-0.02311389 0.15477204 0.00886921
-0.18295908 -0.16376457 -0.38461339
-0.12914808 0.15910095 0.22374463
0.14757684 0.14962445 0.37377882
-0.09266904 0.15607373 0.20260571
0.15107708 0.16120066 -0.17348339
-0.07924018 0.15496708 -0.27016798
0.09798194 0.13110399 -0.38586703
0.04502590 0.13601790 -0.38664994
0.10162748 0.16001374 -0.02656253
-0.18332838 0.14440988 -0.24374425
-0.10648280 0.14949033 -0.28083831
0.18614492 0.12437791 0.30045414
0.01533090 0.14742710 0.35812140
-0.03243342 0.14318839 -0.40626514
-0.08418217 0.15647192 -0.23045671
0.10262803 0.13010687 -0.40824941
0.19840552 0.15314248 -0.24573275
0.07492921 0.16221014 0.35303238
0.14026004 0.15203314 0.20050231
0.15070195 0.14763255 0.03470414
-0.14721069 0.16151340 -0.24363104
0.05852457 0.15823984 -0.24549156
0.20289344 0.15117554 -0.17734140
0.02072041 0.15334634 0.14495814
0.16231455 -0.07129621 0.40894663
0.05252900 0.15096192 0.04956364
-0.18898593 0.12083498 -0.27645111
0.18959981 0.04912312 0.39124128
-0.09337074 0.16096820 0.15266147
-0.12657149 0.15540226 0.39608368
-0.10304168 0.16419545 0.08288637
0.16358635 0.12140981 -0.41103858
-0.18879403 -0.01147731 -0.40581802
0.08059433 0.12767370 -0.39647058
-0.15983868 0.13316558 0.39497960
-0.10560493 0.16182651 -0.19943544
-0.15190616 0.14292428 -0.08499512
-0.06412455 0.15975936 -0.17854027
0.10077704 0.15890762 -0.37405503
-0.17862664 0.15659592 0.39203614
-0.06079463 0.16024189 -0.32052383
0.00009109 0.15869911 -0.23977697
-0.19291456 0.13041039 -0.18457207
0.09553478 0.15950604 -0.31764743
0.06207365 0.15404692 0.29656109
0.18711613 0.11984506 -0.37244362
0.10139948 0.16034342 0.01689192
-0.07098600 0.15820068 0.23549505
-0.11306057 0.15620901 0.35622397
-0.17511153 0.15326668 0.41506636
-0.17176200 0.11216346 0.33929178
0.10132135 0.14863661 0.33433700
0.14484155 0.16125135 0.17649758
-0.18785784 0.15839870 -0.09633717
-0.08641943 0.16101965 -0.14757016
-0.03509498 0.15737228 0.28095329
0.04545803 0.08804588 0.40686649
-0.13439669 0.15856397 -0.19525333
-0.18004666 0.11407445 0.17374739
0.11626597 0.14990577 -0.27098128
0.18605584 0.13057446 -0.06893235
-0.12903404 0.16075052 -0.16344918
-0.19911495 0.14798987 0.33393788
0.17516075 0.14806232 -0.28929099
-0.19233382 0.11744785 0.25076512
-0.03774283 0.15112153 -0.30546579
-0.16395843 -0.07251602 -0.41512725
-0.14907622 0.15298344 -0.04759029
-0.12179259 0.14699523 -0.38446510
0.18863487 0.09405652 -0.41818798
0.16306809 -0.14618884 -0.40906066
-0.09279794 0.16171141 -0.23418687
0.18882951 0.12589708 0.02464800
-0.18287811 0.12487899 -0.19097397
-0.01439147 0.14985913 -0.02798565
0.16978410 0.11433379 -0.35788983
0.15324257 0.15072268 0.23918799
0.07273575 0.13609330 0.40714565
-0.02180073 0.14065063 -0.41940245
-0.18586005 0.15891290 -0.07431035
0.19914581 0.16226262 0.15920922
0.16503109 0.16250633 0.28523195
0.04362781 0.15302844 0.25026050
-0.19584966 0.14390989 0.31029212
-0.18536747 -0.06215728 0.38115034
0.07837732 0.08769816 0.40864027
-0.16363765 -0.03500072 0.41587314
0.03188596 0.16018246 0.22380939
-0.19167475 -0.12217150 0.37376541
-0.11184485 0.16133666 -0.37179068
-0.19437689 0.12099642 0.12776811
-0.03363893 0.15940680 -0.12010717
0.18879753 0.13852017 0.20594145
-0.08829129 0.16084604 0.27518708
0.16333693 0.15620933 -0.24648780
-0.05848751 0.15713236 -0.37347791
0.10819298 0.14858301 0.17134680
-0.19180220 0.15319614 -0.20255245
0.00542427 0.15760757 -0.06599913
-0.06210610 0.13657288 -0.41720089
-0.19709291 0.14573169 0.11438739
-0.17820291 0.14044234 0.41688538
0.12029567 0.14656311 0.42391607
0.15604655 0.15916514 0.27053043
-0.05307929 0.12808241 0.39691842
0.18062562 -0.16168043 -0.37828270
-0.08164720 0.14889114 -0.33919793
0.14809884 0.14924420 -0.23592609
-0.18648708 0.10331809 -0.35374302
-0.12138081 0.14841716 -0.06709341
0.10948673 0.12862344 0.40848663
-0.04936685 0.16136450 0.21251121
-0.18506151 0.15073039 -0.20941158
-0.16917560 -0.03455709 0.40945911
-0.18820481 -0.09335709 0.37843168
0.18515439 0.14068034 0.01139090
-0.05798403 0.15837926 0.15524414
-0.12297992 0.16137296 -0.16080445
0.15347698 0.15856722 -0.35549584
0.13688801 0.15960622 0.06031370
0.20217338 0.14621077 -0.24387804
0.20126778 0.15528288 -0.32055879
0.05368116 0.14558454 0.12451068
-0.02467089 0.15678501 0.12081072
0.01373944 0.10025127 0.40523407
-0.07204688 0.15759072 0.23289122
0.18658358 0.12014379 -0.18421504
0.16629606 0.10526966 0.34807879
0.17618477 0.16178802 -0.22379491
0.12200064 0.15801096 -0.30942309
0.17986546 -0.15108943 -0.41247118
0.03604488 0.15919854 0.25206307
0.10223470 0.16191246 0.00519172
-0.19136836 0.13443995 -0.35868621
-0.10431384 0.16010396 -0.11277949
-0.18187356 0.14154001 -0.15572941
0.18446177 0.09363347 -0.37945738
0.10195109 0.15568005 -0.00058595
0.08452337 0.15342714 0.42245853
-0.04262558 0.14152774 -0.39493033
-0.17246005 0.13654909 0.13714437
0.02170902 0.15092629 0.38265207
0.18327536 0.11984823 0.18583903
-0.18900731 0.11259919 -0.06069704
0.15553394 0.15252247 0.35480371
0.19922683 0.14931720 -0.16962993
-0.15140270 -0.06302756 -0.38983437
0.03615488 0.15751089 -0.17979611
0.05700210 0.14621741 0.09038921
0.17993866 0.14755058 -0.18658768
0.17470095 -0.12953526 -0.37933764
0.04471585 0.15246052 0.15074323
-0.15129675 0.16234547 -0.33422068
-0.17882568 0.11156616 0.10265867
0.14830646 0.14587864 -0.35441458
0.15416043 -0.15848881 -0.40018296
0.03986986 0.15153037 -0.26319313
0.07530891 0.10586514 0.40414092
-0.00912913 0.16083932 0.01301255
0.18210164 0.15707783 -0.04314604
0.11212737 0.14945595 0.12640129
0.02703505 0.15489013 -0.34184057
0.18760581 -0.00069237 -0.38072973
-0.18017557 0.15055391 0.31443256
-0.09271680 0.16047850 -0.08460855
-0.14797740 0.14955819 -0.42139381
0.02602839 0.15684314 -0.15478083
-0.03035230 0.16052058 -0.29045749
0.19284900 0.12276106 -0.33009046
0.12849548 0.16236301 0.21478818
0.17699394 0.15345620 -0.32206509
-0.10216329 0.15786920 0.21831854
0.15907142 0.14910342 0.12251742
-0.16007458 0.14075990 -0.06213794
-0.15450035 0.16033396 0.22242270
0.18994421 0.12748589 0.20908588
-0.14712673 0.15802084 0.07374881
-0.04202458 0.16275300 0.30181041
0.15825163 -0.09554274 0.38172221
0.17316031 0.15015914 0.28051880
-0.07909684 0.14662631 0.38418373
-0.09388509 0.16095833 0.07830486
0.15611961 0.08509912 0.38147694
0.18774119 0.16444737 0.24520174
-0.18338656 0.14769366 -0.23011744
0.04271045 0.15317076 0.42149040
-0.07902084 0.14792801 0.29050806
-0.18596856 0.11032283 -0.32841522
-0.18477418 0.16250101 0.35044491
-0.16875555 0.13804443 -0.30921116
-0.03326599 0.16188857 -0.07736682
-0.12431850 0.16310641 0.32065442
0.16874251 0.09436795 0.36290526
0.02646063 0.15411565 0.20197484
0.05830428 0.11573805 -0.39779717
0.13409421 0.16210851 -0.31250572
0.05933626 0.15608759 0.24138162
-0.04669273 0.15809980 -0.40608859
0.17138405 0.16469911 -0.07664452
-0.09655073 0.15946083 0.00981419
-0.18287349 0.15987796 0.28075808
-0.15926547 0.15886272 -0.13486817
0.14730369 0.15892492 -0.24901544
-0.17529595 0.15923750 0.21677089
0.15429601 0.14772886 0.36034104
-0.11134081 0.14995283 -0.26895744
-0.07061389 0.14881191 0.32487437
0.07482937 0.16233942 0.42560232
-0.14775448 0.11349182 0.40921620
0.15520842 0.14473888 0.30110922
-0.18600160 0.16047141 -0.01654248
-0.09522515 0.14286096 -0.34422654
0.18870601 0.04198179 0.38634235
-0.19551548 0.15135720 0.19484717
-0.16099791 0.03553458 0.36638746
-0.18591227 0.12605849 -0.35004979
-0.06752001 0.15341412 -0.26223284
0.18470444 -0.00907099 0.38154835
-0.06941267 0.15873359 0.09304814
0.19290380 0.09297961 -0.40240178
-0.16269161 -0.09083033 -0.37931228
-0.13749601 0.16025724 -0.11188886
0.01062411 0.16068661 -0.07239095
0.18856339 0.13532029 -0.38524705
-0.03661485 0.15811539 0.07795189
-0.00236611 0.14746378 -0.36578214
-0.10833373 0.13017862 0.39005947
0.15832892 0.15294418 -0.10180657
0.09731783 0.15458377 -0.26901340
0.18544602 0.14002888 -0.01549876
-0.02694974 0.16050783 0.31004709
-0.10964978 0.15327579 -0.19377364
0.01789281 0.14707604 -0.41916555
0.19201334 0.14122310 -0.00372287
0.12301182 0.16020085 0.35269862
-0.18423566 0.16351214 0.15646525
0.20228367 0.15492335 -0.40536520
0.18870461 0.11536763 -0.36286208
0.17353992 0.13933076 0.17887422
-0.07782240 0.15578353 0.03573656
-0.18844393 0.12111127 -0.26582342
-0.16567984 0.02537131 -0.37497935
-0.12152499 0.15028125 -0.42445627
-0.08248235 0.16003902 0.00794105
-0.17033276 -0.14931247 0.40570614
0.11344383 0.16240481 0.02781818
-0.16051444 0.14208513 0.28220016
-0.08216775 0.15876628 -0.22747815
-0.17245185 0.14981635 0.33597475
-0.05905106 0.16180278 0.33308771
-0.18810573 0.12783897 -0.09846313
0.09395920 0.15181074 0.10523311
0.14387923 0.16563085 -0.33015051
0.14962724 0.11924728 -0.38925335
0.15430903 0.16436893 -0.03910656
-0.05638502 0.14649902 0.17086066
0.10331085 0.15621883 0.41541985
-0.10964241 0.12797011 0.38159338
-0.09069987 0.14831713 0.32742402
0.18652573 -0.11897339 -0.39189413
0.16053846 0.14997219 0.36940330
0.18721338 0.16170023 0.06354955
-0.18786526 0.13298282 0.41841993
0.10784941 0.15806200 -0.06302369
-0.12514745 0.16003527 0.02015412
0.19036159 0.12053630 -0.22426274
0.17730142 0.15437897 0.04155198
-0.02940160 0.14636835 -0.02265410
0.11460563 0.15430225 -0.33724862
0.12327953 0.14730756 -0.21702205
-0.15683194 0.15925387 -0.31021076
0.02969175 0.15750879 -0.18542510
-0.19936298 0.15691580 0.31058264
0.05563290 0.15050192 -0.27377039
-0.18031666 0.13198674 0.24076636
-0.15049243 0.12945916 0.30455166
0.15424713 0.16459361 -0.06129264
-0.05837705 0.15150410 -0.42115840
0.16531511 0.06281184 -0.37685576
0.04531029 0.15697953 -0.11965530
-0.17659454 0.12755942 -0.40158021
-0.00856530 0.15324359 -0.40850714
-0.07582460 0.16288123 -0.10874832
0.20232859 0.14538138 -0.16844469
-0.14005524 0.14900446 0.31327790
-0.17996049 0.11859568 0.31345528
-0.07442841 0.15280133 0.11394821
0.15895899 0.14708728 -0.18720347
-0.00521688 0.14898491 -0.35457826
0.17702881 -0.12725510 0.37101707
-0.18793151 0.11439954 -0.00444649
-0.11687919 0.15173166 -0.40630716
0.20316370 0.15531236 -0.14943773
0.02552455 0.15653032 0.41818878
0.07770827 0.15784663 0.07850189
0.18948126 -0.04588575 -0.41232806
-0.07010470 0.16140822 -0.13082467
0.15483949 -0.03406231 0.41261455
0.05260804 0.16166471 -0.39314920
-0.17980902 0.14294119 0.22270957
-0.07320975 0.16331033 -0.16148885
0.17660061 0.11733102 -0.35513267
-0.17507631 0.15767872 -0.27593520
0.15439756 0.15990612 0.09630528
-0.01737381 0.16284396 -0.35941032
0.02315223 0.15730608 0.39544645
0.05993375 0.16097140 0.06344438
-0.04939698 0.16241425 0.35668328
0.04870049 0.16063455 0.25201482
0.05131575 0.15074271 0.20837665
0.07028178 0.15117043 -0.18843913
-0.13418207 0.16070823 -0.10664505
-0.10694313 0.14916909 0.17381096
-0.02665178 0.16079661 0.36561140
-0.08901106 0.15882689 -0.19465989
-0.18979727 0.09528618 -0.40264472
-0.17959028 0.11420784 0.00033477
-0.17324124 0.14721259 0.18017438
-0.05255499 0.16003455 0.33029750
0.18927553 0.14835157 -0.35424599
-0.15405187 0.15133455 0.36144373
0.18815054 -0.03149926 -0.39945281
0.02658244 0.14707461 -0.33567518
0.07215246 0.15645418 0.09508605
-0.15304464 0.15005340 -0.08881029
0.04961529 0.15371840 -0.09515569
-0.12889147 0.15262897 0.20885800
0.02392134 0.16002283 -0.39629915
-0.16228443 0.15959470 0.14040725
-0.06795959 0.16078754 -0.31018096
-0.18793508 0.12203372 0.21677250
-0.00566445 0.16316840 0.27305064
0.06904638 0.14111532 -0.40968552
0.15518838 -0.11322274 0.37566337
0.16818261 -0.14194675 -0.37626052
-0.18768559 0.13673037 -0.20572250
-0.17007898 -0.05477419 0.41327396
0.18211883 0.14631376 -0.33847103
0.04107911 0.16036688 0.38755900
-0.15244310 0.12453718 -0.41612527
-0.02710056 0.16266462 0.15885878
0.05340077 0.15057170 0.19942792
0.02392029 0.15548305 -0.33005169
-0.03965617 0.15714583 -0.28698206
0.17530662 0.12176230 0.25536019
-0.18016352 0.12370571 -0.12649514
-0.06044540 0.15553524 -0.37282357
0.12980233 0.16420530 0.28773820
0.18859023 0.04896476 -0.40673685
-0.17956032 0.11280704 0.06941810
-0.00687084 0.15873125 0.13458192
0.18915248 0.13901953 -0.20892584
0.09086472 0.16325462 0.37285995
0.00326965 0.15651923 -0.24833490
0.15897100 0.15071200 -0.17135718
-0.00264979 0.15742978 0.41667667
0.20090331 0.15666457 0.33340865
0.15195072 0.06389300 -0.40710989
-0.13914087 0.16057467 -0.02914025
0.18593803 0.11648124 0.03178418
0.14487931 0.15701105 -0.13690254
0.19912559 0.15080680 0.08534113
-0.11223777 0.15197362 0.15161507
-0.04716655 0.15389693 0.19477615
-0.18844818 -0.04475336 0.37562427
-0.04714003 0.15768518 -0.04349415
-0.02192526 0.15938413 0.20961638
0.05007218 0.16211967 0.39023635
0.19223937 0.13730425 0.33041152
-0.15080501 0.16146329 -0.24999978
0.12880595 0.15096372 0.05745313
-0.15791030 0.11540195 0.40649685
-0.12681650 0.15890923 0.17834361
0.19183163 0.13186687 -0.37532303
-0.16947165 0.14399526 0.03317399
0.15068999 0.16271073 0.22509627
0.13668804 0.16100644 0.24559703
0.17396779 0.12913899 0.36947948
-0.18905041 0.11597072 0.27370796
-0.19689831 0.15939473 0.00888105
0.03574667 0.15161830 0.26279932
-0.19556661 0.12078740 0.28401276
0.02518918 0.15843046 -0.02183480
-0.06012383 0.14693280 0.16576244
-0.04185607 0.15674563 -0.30604619
0.13907626 0.16085963 0.19349971
0.00033273 0.16069627 0.24006654
0.06493597 0.16251168 -0.13654862
0.19117834 -0.02095688 -0.40905449
0.12392145 0.16400068 -0.18939595
-0.13120079 0.15635270 0.23334336
0.14726679 0.14486143 0.39419302
-0.19476467 0.14368458 -0.23418806
-0.14828596 0.15189749 0.34921208
0.03789727 0.12624210 -0.41141388
-0.13477629 0.12538047 -0.41111493
-0.13399817 0.16078931 -0.34228614
0.16641043 0.15773267 -0.01305371
-0.19057854 0.16139983 0.31475273
-0.05316250 0.15996873 -0.31166959
-0.07062794 0.15951882 -0.17155175
-0.05903807 0.15422492 0.01191258
-0.14384010 0.16227281 0.35968137
-0.07105003 0.15749350 -0.26452053
0.18341540 0.12722825 -0.16104420
0.02323624 0.15414459 -0.22039840
-0.11134326 0.15838769 -0.20880106
0.14910471 0.15918757 -0.24249837
0.17860396 0.15818334 0.42488357
0.00175120 0.16189457 -0.17596464
-0.02459677 0.15582174 -0.35903338
-0.19494140 -0.11422604 -0.40566182
0.20250341 0.16166702 0.31170484
-0.13639541 0.14934374 -0.31172797
-0.06653567 0.15195595 -0.17203075
-0.12260433 0.15746595 0.11533096
-0.09204765 0.15063371 0.36576912
-0.09316991 0.15931807 -0.31081599
0.19442280 0.12317497 -0.35412449
0.13465320 0.16151619 -0.35708797
-0.12220624 0.15581414 0.15450628
0.03876527 0.14293823 0.38299099
0.20046210 0.15469314 -0.12869135
-0.13150004 0.14941470 -0.29096225
0.15785557 0.05732186 -0.37227631
-0.13110767 0.15085182 0.18799420
0.17543586 0.15277404 0.15968357
0.15958042 -0.09906924 -0.38234442
0.18704318 0.11588035 0.25483134
0.11579921 0.14264759 -0.38493076
-0.02006714 0.14617896 0.24501987
-0.15072872 -0.09144612 -0.40445226
-0.09648503 0.15569235 0.40455377
-0.17682885 0.15117607 0.26303777
-0.15376787 -0.11675519 0.38501233
0.09662645 0.15622030 -0.18017057
-0.17224656 -0.00415860 -0.37518781
0.18906611 -0.07856095 -0.40651205
0.02235582 0.14821988 -0.38968703
-0.09649229 0.16060799 -0.08844783
-0.05075631 0.15744612 0.26520476
0.15390012 0.15343404 -0.40094274
-0.07238847 0.15886371 -0.30281737
0.17756519 0.14012298 -0.21612404
0.13229623 0.13795403 0.42141771
-0.05672246 0.15944041 -0.00966258
-0.07595591 0.14456142 -0.40208456
0.19874871 0.14949316 -0.00578747
-0.00860532 0.15847233 -0.18208484
-0.15636723 -0.12193017 -0.40558326
-0.19627722 0.16086572 0.04308636
-0.12437217 0.14210245 0.38797683
-0.18214251 0.15594390 -0.33567071
0.08784115 0.15324534 0.22384816
-0.18682611 0.12069133 0.17688434
-0.16634575 0.14458257 0.41250661
-0.01710613 0.15493549 -0.09490389
0.06316408 0.14596601 -0.36157426
-0.02976542 0.15748826 -0.37688234
0.12053084 0.15800895 -0.42014715
-0.17832941 0.13952154 0.40301326
-0.12570776 0.15405659 -0.14178184
0.19028534 0.14058484 -0.04783566
0.07740577 0.16212866 -0.13310927
0.16299981 0.03348332 -0.37332168
0.00694413 0.12318927 -0.40432906
0.05269919 0.15929447 -0.14034060
-0.08325410 0.14882259 -0.40720782
0.18778993 0.11739609 0.19601989
0.19050381 -0.03017786 0.41276371
-0.13057983 0.14220387 0.08382293
-0.18704981 -0.10145994 -0.37507409
-0.00212007 0.15913570 -0.22520730
0.02671416 0.14941527 -0.42348009
-0.15853755 0.16127621 0.18840382
0.11391196 0.15549432 0.14804642
-0.07864067 0.16174960 0.19040199
0.03449311 0.14760390 0.34424162
-0.18920115 0.14229682 0.42125526
-0.08621411 0.15933117 0.10770863
-0.16239075 0.15034890 0.24921620
-0.01478974 0.15872827 0.01215526
-0.02256848 0.14774670 -0.23412317
-0.15213789 0.16325396 0.32795367
0.19092704 0.13929108 -0.00557101
-0.00724495 0.15579163 0.18121894
-0.07996476 0.15663999 0.13261846
0.13833767 0.16103332 0.32532459
0.17440808 0.13846740 -0.02050383
0.18571207 0.06720413 0.37545338
-0.18399578 0.01539926 0.41009477
-0.18708120 0.15168810 0.41218257
-0.17640433 0.14715423 0.15708598
0.19157939 0.13177851 -0.37789267
-0.05949802 0.14122182 -0.37055221
0.18508749 0.11981384 -0.27074671
-0.16183133 0.15633959 -0.27225313
0.16806392 0.16509849 -0.24079061
0.12601085 0.14259729 -0.28736651
-0.10357355 0.15846333 -0.15910046
-0.16903435 0.07920776 0.38060209
-0.19329202 0.15418291 -0.26989895
0.00968062 0.16122547 0.38896728
-0.18261705 -0.01246844 0.38439530
0.10774593 0.15571500 0.12956418
-0.02913414 0.15994816 -0.41253790
0.18674952 -0.08953598 0.38567361
-0.06165411 0.16186382 0.34553766
0.10105740 0.15156737 0.14227097
0.12073293 0.16176201 -0.40543386
0.14673309 0.16112369 -0.25985193
-0.06584576 0.15644659 0.42173594
-0.08647729 0.15898812 0.06907587
-0.09199502 0.15932050 0.29051933
0.03589397 0.16027454 -0.01477475
-0.18898042 -0.05666471 -0.40789893
0.16140674 -0.07255678 0.40630299
-0.06514364 0.15918852 -0.30317515
0.05894545 0.14863256 0.38119206
-0.03583865 0.15927525 -0.34560391
-0.01711394 0.15298189 0.06003784
0.00514751 0.16027546 -0.23985118
0.12824325 0.14969319 -0.41173038
-0.06950206 0.16201220 0.01355222
0.16026188 -0.11800948 -0.40750578
-0.18855698 0.08201241 -0.38268453
0.10542891 0.15969867 0.03669882
0.19125992 0.04719370 -0.38819110
0.08581217 0.15186402 0.02354689
0.03063099 0.15487199 -0.12231098
0.20132504 0.15696819 -0.15019090
0.00287501 0.16124798 0.33269429
-0.01844730 0.11650845 0.41215017
0.14640318 0.16183876 0.25090346
-0.18692280 0.11526012 -0.04910985
-0.13502528 0.14994785 0.25390553
-0.17947835 -0.14052072 -0.37381384
-0.18950683 -0.13229859 0.39285117
-0.18121862 -0.02145472 -0.37250903
-0.05079509 0.15651897 -0.13417074
0.02633556 0.15865409 0.26567528
-0.13834198 0.13091376 0.39644930
-0.05036832 0.15537181 -0.38855523
0.03767991 0.16461472 0.06469335
-0.19392192 0.13918327 0.19731718
-0.18472369 0.11004467 -0.02192188
0.20064119 0.15482804 0.15122056
0.18623444 0.14546865 -0.34377319
0.17603941 0.15991956 -0.05324692
0.07960083 0.13598868 -0.39439204
-0.16534516 0.14513557 0.30706888
-0.16297118 0.14972891 0.27727920
0.15860003 -0.14906405 0.40907606
-0.07636000 0.15213682 0.41798458
-0.19554785 0.14252506 -0.30771241
0.08945180 0.15946124 -0.03369339
-0.10642519 0.14842585 0.38529953
-0.05676165 0.16006355 -0.12050072
-0.16674076 0.16074897 -0.06705457
-0.16861573 0.13885021 -0.35152203
0.06870440 0.16117987 -0.17997663
0.11339757 0.16217782 -0.19618841
0.06924690 0.15421204 -0.37185347
0.00458885 0.15578075 -0.17089961
-0.01891975 0.16194750 -0.32028273
-0.18773529 0.15675190 0.06127278
0.14852828 0.14959806 0.17782713
0.10864943 0.15604919 0.38346207
0.11680074 0.15968055 -0.00319379
-0.15757252 -0.11731497 0.39372829
-0.04094566 0.15661281 -0.12583515
0.18661475 0.11318377 0.11339847
-0.07994878 0.13905063 -0.40266085
-0.02947364 0.15960208 0.26243958
0.11169832 0.15731454 0.10201988
-0.01498453 0.16119649 -0.07605163
-0.19357438 0.10343889 0.39019957
-0.16862258 0.16129366 -0.08359191
0.10604037 0.15629771 0.32578966
0.02795586 0.15738235 -0.30257437
0.17849953 0.14605066 0.34028155
0.11548716 0.15948687 -0.39780277
-0.04476433 0.15238635 0.07671301
-0.18157665 0.13829684 -0.41611928
-0.15787098 0.06283948 -0.40886459
0.00708828 0.15272672 -0.31534472
-0.02726982 0.14843960 -0.15961684
0.10917733 0.15971668 -0.09097960
0.18375927 0.02766410 -0.41106394
0.05429862 0.16002655 -0.08985261
0.18361652 0.11236824 -0.08391479
-0.12270573 0.15525344 0.07181124
-0.07371543 0.15396285 -0.30972615
-0.05384199 0.16007119 0.14649598
0.03421573 0.15558971 0.11915468
0.13935304 0.15219697 0.32316813
0.05697418 0.14967392 0.02570244
-0.14821237 0.12459364 -0.41505229
-0.19361183 0.15788959 0.12960145
0.09697863 0.14738345 -0.41983578
-0.15511902 0.16244569 0.37030920
-0.04811475 0.14701787 0.01680589
-0.01502471 0.15732090 -0.40425774
-0.12158991 0.14863202 0.21726464
0.19124967 0.06553653 0.37600398
0.13216269 0.15692514 -0.27761319
0.14826646 0.13073456 -0.39544535
0.00815286 0.14839265 -0.29761773
0.11465222 0.16246806 0.39625624
0.03490366 0.16202174 -0.33032200
-0.18662339 -0.05557464 0.40244359
-0.18302363 -0.09953195 0.40997833
0.15076336 0.16098227 0.15914160
-0.12665060 0.15607676 -0.42082891
-0.14370023 0.15601605 -0.42440236
0.16249713 0.15919127 0.03536250
-0.09522470 0.12562150 -0.40747064
-0.18533793 0.01950679 0.38150138
0.16418719 0.14894234 0.17976797
0.03389341 0.15961273 -0.12386966
-0.19260804 -0.05628725 -0.38491216
-0.18418527 0.07890552 0.35925713
-0.01054827 0.16153750 0.42232430
-0.02545407 0.16100346 0.37065271
0.11360016 0.11684954 0.40920097
0.18597366 -0.02478805 0.37787268
0.00128409 0.15354565 -0.06241551
0.19120055 0.12198951 0.06359509
-0.06706378 0.15876447 0.19895431
-0.03365485 0.14934565 -0.36645287
0.19052127 0.14673847 -0.15702298
0.17954385 0.14082620 0.08662629
-0.18905526 0.11210082 0.32877633
0.01797062 0.15551689 -0.05756075
-0.10147952 0.15038116 0.41890934
-0.16465430 0.13439341 -0.34528798
0.18693165 0.06378756 0.37095729
-0.07326877 0.15476924 0.31092328
-0.04528046 0.15922150 -0.13769439
-0.15370916 -0.09388760 -0.39259911
-0.16772254 0.15988141 -0.28689921
-0.11685936 0.15491281 -0.01108219
-0.02253596 0.13004752 -0.41347384
-0.15831991 0.15605608 0.03781929
-0.18719052 0.09893718 0.41457200
-0.02790758 0.14987946 -0.00111083
0.05302631 0.14576522 0.38911882
-0.08018956 0.15488616 0.28668621
-0.14086762 0.14239477 0.34629098
0.18718953 0.13172150 -0.24930319
-0.17214490 0.16070828 0.39466205
-0.18789655 0.14543752 -0.25848061
-0.07664323 0.15982395 0.18546852
-0.06500035 0.15977171 0.08415072
-0.07612120 0.15160902 0.07344623
0.07866705 0.15269147 0.31243917
0.06834611 0.16182479 -0.38130429
-0.19990009 0.14515278 0.07967861
-0.18473402 0.11121760 0.04457723
-0.12520625 0.15780136 0.32228923
-0.19096614 0.15561745 0.42153934
-0.13370191 0.16086777 0.14932273
0.19871004 0.14333138 0.40891868
-0.05179446 0.16107249 0.15519217
0.10688286 0.14651710 -0.28623736
0.19454008 0.16086420 0.08754701
0.08382788 0.15987025 0.27795136
-0.18064599 0.14004245 0.21804836
0.07391937 0.16009307 -0.15757380
0.07085891 0.13349780 -0.41052702
0.18735857 0.03209430 -0.38341969
-0.08976490 0.15968035 -0.23710406
-0.12254251 0.14912380 0.40982506
-0.19927469 0.15799403 -0.37403050
0.11761348 0.14668243 -0.33912778
-0.14907941 0.12608013 0.40450105
0.02930088 0.14839864 0.18996646
0.17118740 0.15587051 -0.37212360
-0.16641054 -0.08045895 0.40578902
-0.16095187 0.15941428 0.23339750
0.02672145 0.14370571 0.23145226
-0.15902367 -0.12552647 0.39793214
-0.09930557 0.15894084 0.35379609
0.13066514 0.16243252 -0.33680180
0.19881834 0.15223315 0.30364215
-0.16511473 0.15585360 -0.42567632
0.09045582 0.15895645 -0.17954265
0.05632525 0.12387519 0.39298889
0.16802616 0.15077765 0.42590922
-0.18216145 -0.13789779 -0.40719688
-0.13597588 0.16090605 -0.00141198
-0.13727377 0.15288699 0.16271545
-0.18796912 0.04644144 -0.38072532
-0.02898620 0.16051932 -0.25877422
0.18423331 0.15602824 0.40956777
-0.15695328 -0.12449200 0.39732790
-0.14126354 0.14804356 0.41325310
-0.13268650 0.15931277 -0.32695350
-0.06129798 0.15803967 -0.16890332
-0.05908424 0.15787205 0.21982062
-0.17940697 0.14134026 0.10513117
-0.08888768 0.15238687 -0.11908105
-0.10344894 0.15110485 -0.15280856
-0.19474193 0.14106305 0.24377769
0.19248900 0.13634683 -0.17188777
0.12919410 0.16140787 -0.17537688
0.15301858 0.15959367 -0.23561567
-0.18350174 0.14989313 -0.07655592
0.10176624 0.15763323 -0.08848511
0.19104384 0.13605209 -0.17478451
0.18863928 0.00781969 0.40847191
0.17813373 0.09184778 0.40872362
0.18909943 0.14834487 -0.37386745
0.07722137 0.16078487 -0.18902282
0.01864406 0.15535399 -0.17748882
-0.14341228 0.16188475 -0.21010506
-0.11957148 0.15904830 0.41896313
-0.09995132 0.14412060 -0.36419588
0.10005720 0.15764837 -0.28683516
-0.03042759 0.16151647 0.33561578
-0.16391699 0.15932834 -0.01619796
0.16833162 -0.14053583 0.38364857
-0.12922350 0.15583321 -0.39276260
0.03597641 0.16201542 -0.36101133
0.20238999 0.15668964 -0.09667380
0.00787622 0.15419470 -0.22361991
-0.04440685 0.15621376 -0.02205311
0.17023709 0.11763421 0.21493161
0.18436851 0.12105980 -0.25997469
-0.02064518 0.16029473 0.32887954
-0.02105574 0.14933711 0.32961947
-0.11009109 0.11637609 0.40600890
-0.11930029 0.14710523 0.38416007
0.00986634 0.15699425 -0.38501203
0.00009225 0.10638551 -0.40286416
-0.16986570 0.10150091 -0.36477780
0.03035218 0.14887038 -0.42205837
0.03141869 0.16091023 0.37888280
-0.09265193 0.12234264 -0.40964344
0.14207749 0.16163462 -0.36481947
-0.17539343 -0.12389888 -0.37468466
-0.19482075 0.14179564 0.25241032
-0.01639129 0.15948775 0.23673773
-0.14125557 0.14229782 0.33496875
-0.10455358 0.14681649 0.22943923
-0.02225493 0.15290402 0.30271274
0.14533791 0.16158567 -0.15001684
0.03095900 0.15682819 0.16859367
0.16236871 0.14035949 0.23820013
-0.17932314 -0.03532432 -0.40596962
-0.03689925 0.16093901 -0.18487392
-0.14938672 0.16336277 0.34797955
0.16744098 0.14559376 0.25409934
-0.00883981 0.16021399 0.21904196
0.08283962 0.15486436 -0.11560556
0.14481509 0.14922822 -0.19931170
0.07311173 0.15725295 -0.26783964
-0.10088129 0.16086116 -0.33957255
0.20059396 0.15949957 -0.33527935
0.18015288 0.13620283 -0.41262555
-0.18897954 0.04450137 -0.38101217
0.09409037 0.14669766 0.39477587
0.15739833 -0.09161896 0.38395759
0.17327362 0.14767033 0.31770220
0.17755014 0.15924320 0.16517308
0.02885147 0.15923317 -0.07900243
-0.19541538 0.15821323 0.17112443
-0.05820210 0.14907226 -0.36453885
-0.08313672 0.12409621 -0.40849015
0.07841322 0.15360433 0.24866793
0.10361413 0.14260417 -0.42041436
-0.15523580 0.14971583 0.21218786
-0.19235373 0.11674068 -0.04828374
-0.18571441 0.14072564 -0.06574468
0.18294626 0.13348442 -0.19747782
0.01467134 0.16488293 -0.35814151
-0.01754784 0.14258330 -0.37257692
0.14502284 0.15843916 -0.01196957
-0.05722681 0.12576053 0.39094999
0.19083719 0.06810764 -0.37826490
-0.12866485 0.15164308 0.38186079
-0.16842917 0.15426280 -0.21080233
0.10569226 0.16244063 0.07090604
-0.16338043 0.15499839 -0.11067474
-0.05150764 0.14772102 -0.25209409
-0.13501266 0.13003244 -0.41218340
0.02982038 0.16093931 0.05368420
-0.18817775 -0.13952839 0.37881368
-0.16332184 0.13526757 -0.41522360
-0.13909328 0.16105814 0.03510754
-0.18037397 0.16264598 -0.06204887
0.16764683 0.16057450 0.13359959
0.16744557 0.15086029 0.23370917
0.14332235 0.08357954 0.40842518
-0.10572311 0.14975449 0.34735081
-0.10211689 0.14780267 0.03084228
-0.13412365 0.14675179 0.41383550
0.06198706 0.15031600 0.22125839
0.07568407 0.14254460 -0.36537799
-0.18371855 0.11840910 0.20238265
0.16789088 0.16022593 0.28135729
-0.16620260 0.15699740 0.42434204
0.08076878 0.15921094 0.22965835
0.06701809 0.14790019 0.25524750
-0.17337787 -0.12326466 -0.41180199
-0.19139366 0.02529236 0.39088440
0.09709278 0.12370974 -0.40993643
-0.04515367 0.14716129 0.18962090
0.13995333 0.14970070 0.14070560
-0.08525427 0.12116428 0.41156593
-0.09982390 0.16140331 0.28678179
-0.18428926 -0.04344672 0.38671076
-0.11226698 0.16066599 -0.13580000
-0.09075461 0.14561661 -0.37251878
-0.18193145 0.11732072 -0.37666097
-0.17834306 0.11698877 0.30947280
0.02431489 0.15264907 -0.28317565
0.19650331 0.15904352 -0.41998520
0.17652081 0.15793832 -0.08261259
-0.00803841 0.16303685 -0.39095446
-0.09410820 0.14659838 -0.01252320
-0.16197065 0.15815270 -0.21387181
-0.09471324 0.15793890 0.13294052
-0.15850395 -0.05177835 -0.40546781
0.03234237 0.14154157 0.25260457
-0.08482391 0.16081318 0.32501462
-0.09958008 0.16186440 0.33564347
0.02314351 0.15674318 0.14984423
0.13902074 0.14261743 -0.06323943
0.17082702 0.14496785 0.06813317
0.06972748 0.14765775 -0.25348863
0.18964468 0.16364007 -0.42098543
-0.17121628 0.16103534 0.40397280
0.19234239 0.14921856 -0.37737706
-0.17746319 -0.03982065 -0.37323260
0.17629026 0.11734148 -0.07275543
-0.07227412 0.15445626 -0.12913966
-0.15859118 -0.01778031 -0.40033552
-0.14726579 0.16082278 0.00018567
-0.19295636 0.14164358 -0.20024663
0.19981892 0.14923100 0.16155422
-0.08582675 0.14953922 0.19943604
0.16623676 -0.05701826 -0.38213670
-0.08233493 0.13314441 0.41347772
-0.07465750 0.15945522 0.20235294
0.12126294 0.15557359 0.07979546
-0.03288842 0.12908523 -0.39451408
0.18084008 0.14172360 -0.17548686
0.17134038 0.16266562 0.11782673
0.08904797 0.15527503 -0.41028088
0.04648913 0.15954314 0.40993536
-0.18658313 0.13372999 0.32910028
0.01949792 0.16115782 0.35347998
-0.05574444 0.15297870 -0.01574151
-0.16601044 0.00717840 0.41168398
-0.02924954 0.16307378 -0.08639634
-0.15849157 0.15462600 0.14098492
-0.18108435 0.15769322 -0.27562690
-0.11441515 0.15995045 0.06681924
0.16249229 -0.15575552 -0.40086669
0.11431828 0.15882540 -0.14716530
0.13516986 0.16107523 0.26200226
0.14875878 -0.10098364 -0.38102058
-0.16795392 0.15868336 0.40277275
0.00116783 0.12803979 0.42031494
-0.18314236 0.13285135 0.23507532
0.01991006 0.15335472 0.08015104
0.17546301 0.14244437 0.22885050
0.18802977 0.05058799 -0.36932114
-0.19732788 0.16030303 0.11707164
-0.01985680 0.15154360 0.14326170
0.11535446 0.14932156 -0.19696394
-0.18097253 0.14953406 0.33222112
-0.19573307 0.14044295 0.16712499
-0.09735397 0.15818918 0.06765613
-0.17697772 0.14512721 -0.21723035
0.19023211 -0.06188317 -0.40726116
0.12913710 0.15969458 -0.15876555
0.19896598 0.14743297 -0.09758364
0.18653539 -0.12049467 0.37815183
0.16548941 0.13852654 -0.25888181
-0.10140282 0.14626937 -0.38239184
-0.05647085 0.13775080 0.39163786
0.18923554 0.15577573 -0.23667932
0.16696608 -0.01893664 -0.41037366
0.16490895 0.11912213 0.12010780
-0.00724925 0.15672722 0.39476609
0.16125947 0.07500678 0.40394071
0.14143887 0.15775417 0.17013073
-0.17970419 0.14810909 0.33657980
-0.08180561 0.14598836 0.04243765
-0.18844025 0.11690162 0.15462729
0.05494928 0.14874683 -0.18313244
-0.18133639 -0.07290573 0.38684770
0.06087145 0.16154866 -0.11417625
0.14651769 0.15253811 0.29506695
-0.15060431 0.01152699 0.41033110
0.18766262 0.15736270 0.10440645
-0.17236768 0.15259768 0.38324252
-0.13461167 0.13887823 0.39985517
0.12512286 0.14744920 0.39568684
0.14496517 0.14213568 0.03984119
-0.07209557 0.15674859 -0.03444416
-0.17883417 0.01153744 -0.40641764
0.06406087 0.14103509 0.01550876
0.15915909 0.14978561 -0.20800638
-0.06743934 0.15295784 -0.19480047
-0.11035767 0.14915040 -0.34171477
0.03274468 0.16263632 0.17359814
-0.17732769 -0.01159641 -0.37520006
0.18923722 0.07961464 0.38811076
0.15454422 0.15549740 -0.09306522
0.18943076 0.13953327 0.13448234
-0.05488771 0.14998925 0.15796800
0.13607913 0.13094656 -0.41445744
0.18105452 0.00998412 0.41526738
-0.19964163 0.15744707 -0.02451858
-0.07550191 0.16193883 -0.15337373
-0.05745943 0.16071844 -0.28371477
-0.10960280 0.15352660 -0.11461654
-0.07419848 0.16092046 -0.24030185
-0.16852003 0.13873962 -0.30473360
-0.17205591 0.12067629 -0.03713055
0.16616005 0.16223167 0.01708328
-0.11331997 0.16019382 -0.10979453
-0.07616778 0.15889370 -0.27167723
0.12057317 0.15976575 -0.00720700
-0.00769266 0.15688179 -0.36455035
-0.12331686 0.15771160 -0.16124085
0.14602265 0.15921250 -0.08930094
0.11970254 0.16079126 0.03990746
-0.07100381 0.16079025 -0.31223899
-0.12445939 0.14164171 0.42162976
0.13793284 0.15605235 -0.05126554
0.16293441 -0.07162012 -0.38009280
