-0.08402383 0.19931857 -0.14826314
-0.03957259 0.18781368 0.24027374
-0.21250406 0.18493512 -0.03045504
0.09670827 0.19145828 0.35063696
-0.22606288 -0.20047691 -0.34113804
0.03314414 0.20515470 -0.24200200
-0.22499685 -0.04353946 -0.36626557
0.12122293 0.20191048 0.17540790
-0.24644740 0.19860604 0.14308472
0.14750123 0.18242261 0.18506926
0.19885433 0.17652129 -0.37087488
0.05036590 0.20113266 0.01861674
-0.18969451 0.19378826 -0.26789784
-0.24199724 0.19163376 0.20525996
-0.09740563 0.20253687 -0.27156457
0.16958871 0.20564774 -0.35383901
-0.07864164 0.20249344 -0.27255699
-0.18004920 0.20793451 0.02831151
-0.07785641 0.20230646 -0.02757437
-0.13786647 0.20167221 0.25093967
0.19232839 0.20569685 -0.32162309
-0.23577622 0.18578114 -0.23772661
-0.20164934 0.20630375 0.31046885
-0.01471135 0.19786026 -0.37773219
-0.19966273 0.20754254 -0.30425587
0.24533169 0.20101486 0.01535432
-0.15876155 0.18972830 -0.30727750
0.22540779 0.20453383 0.08856358
0.24083729 0.18778116 0.25021276
0.21854950 0.18885866 -0.20713231
0.18298396 0.16451617 -0.29722661
-0.24719378 0.20205587 0.05181682
-0.06601039 0.20423679 0.00518508
0.10066912 0.19527495 0.22994962
-0.11167888 0.19171128 -0.02004166
-0.03317586 0.20290284 -0.10562973
0.20275895 0.19692744 0.16631038
0.09184767 0.19664016 -0.37724084
-0.21358839 -0.07214069 -0.35015044
0.03591717 0.19528705 -0.00459647
-0.21383208 -0.19311908 -0.35868883
-0.24315621 0.18896362 -0.17992750
-0.00477193 0.20465724 -0.04122103
-0.18410781 0.20505428 -0.27788594
-0.08721612 0.20354891 0.01886190
-0.20861624 0.20508341 0.08780225
-0.18100956 0.20454937 0.29477897
0.19646536 0.20161878 -0.36095592
0.07901924 0.19176377 0.13526575
0.06349657 0.20315909 -0.11959558
-0.24292964 0.00355573 -0.36207330
-0.09026946 0.19168101 -0.25539136
0.24706638 0.19329172 0.31058413
0.17442499 0.20724264 -0.30998230
-0.23553321 0.08935287 0.35202783
-0.07109199 0.20386119 -0.31179562
-0.19373488 0.19474901 0.35134882
-0.18098129 0.20274676 -0.14424580
-0.08958464 0.19361529 -0.34476769
0.18414372 0.19380508 -0.33157367
-0.08327264 0.18986946 0.08684264
0.10934623 0.20127350 -0.36709940
-0.23277891 0.07271555 0.35785031
-0.12446405 0.18627644 -0.15196411
0.16933331 0.19742048 0.10949802
0.08295032 0.18859480 0.04740942
-0.05255748 0.20311633 -0.29208803
0.16648874 0.19523455 0.32185721
0.19948445 0.19500254 -0.05358967
-0.22059707 0.17145020 -0.33402219
-0.24472624 0.19740473 0.01883449
0.19816197 0.18585373 0.35353482
0.24321049 0.18410079 0.35257822
-0.25276417 0.20505655 -0.32891166
0.01137662 0.20639940 -0.28232819
0.20586123 0.08042264 0.35799062
0.00233366 0.20068739 -0.25234032
-0.06126535 0.20352092 -0.00732756
-0.24575165 0.19268389 -0.18484700
0.23158315 0.18253121 -0.13521038
-0.09756515 0.19600566 0.28419670
-0.01960257 0.19082513 0.10559587
0.21995902 0.20258433 0.11604729
-0.06918807 0.18577212 -0.36457366
0.22786182 0.18924533 0.08590474
-0.08251514 0.20219053 -0.37144765
-0.09751897 0.20394295 -0.15274853
-0.01129887 0.20371450 -0.22639935
0.04673814 0.20453446 -0.14442833
-0.07377775 0.20539664 -0.16966653
0.12376830 0.18891604 -0.16800198
0.03258015 0.18655945 0.12882790
0.19223931 0.20749311 -0.02396157
0.03977621 0.20372136 -0.37293866
-0.21973245 -0.19125244 -0.33877426
-0.23589417 0.19155848 0.09498241
-0.21713157 0.18853948 0.20247267
-0.05215688 0.18945476 0.07238171
0.12823130 0.20382078 -0.37742996
-0.12032183 0.19695801 0.31191918
0.24206120 0.19021264 0.07030882
-0.22307263 0.18646714 -0.26869804
0.09471717 0.19293533 0.06069937
0.10337510 0.18692146 -0.08351576
0.07227163 0.20356323 -0.20809308
-0.24308221 0.20636874 0.10013676
0.01680365 0.19883071 0.36712870
-0.05145806 0.20238359 -0.15569668
0.24563029 -0.09001610 0.34684995
0.19604541 0.20556864 0.07093918
0.17799161 0.19291072 -0.21720795
-0.06956857 0.20058258 0.31267452
-0.23784222 -0.02886428 -0.34471700
0.13519692 0.20785119 0.28512922
0.22043335 -0.11242062 0.36487776
0.00610984 0.19446416 0.23457080
0.22917593 -0.12063909 0.34838635
0.23498000 0.14100008 -0.36921912
0.05963445 0.20547551 0.27629858
-0.07953189 0.20090345 0.09244120
-0.17806403 0.20078790 0.13610297
-0.24299130 -0.00976867 -0.34181947
-0.08022398 0.18758753 -0.34255144
0.05157429 0.19448264 -0.17239390
-0.22001348 0.17985781 0.27970421
-0.17436831 0.19768409 -0.34557745
-0.23449920 0.20546043 0.19368872
0.17791924 0.19319113 0.36337486
-0.17367379 0.19077581 0.05280998
-0.00893171 0.20154902 0.04064006
-0.05669952 0.20293128 0.23860043
-0.22982106 0.18935508 -0.17421032
0.22686626 0.20651464 -0.26803946
-0.19422764 0.19064954 -0.04103856
-0.19500107 0.20351115 0.18549640
-0.18504226 0.20184416 0.34845430
0.17241924 0.20438907 0.33510479
-0.12603752 0.19345213 0.37362900
-0.13215175 0.19399191 0.12040792
0.22784023 0.10676758 -0.37382132
0.24997690 -0.01081094 0.36601165
0.22682953 0.20975806 -0.17055506
-0.23722616 0.20396584 0.01235835
-0.22577332 0.13494840 -0.34820306
0.15880111 0.19293416 0.14596803
0.18729152 0.16851971 0.34706560
-0.22725075 0.18674807 0.15153828
-0.10957707 0.20250840 -0.34034923
-0.14402664 0.19977650 0.29323345
0.12559015 0.19726440 0.01860166
-0.07031955 0.20515010 -0.13146552
-0.22277306 0.14377637 0.31381232
0.18775712 0.20620754 0.06947884
0.22251616 -0.15494412 -0.35233790
-0.05197278 0.18873759 0.37570447
0.02892633 0.20625830 -0.27314520
0.18542013 0.18225482 0.36981192
-0.01812663 0.19811246 -0.36043793
-0.06160322 0.20100075 0.35655797
-0.15717152 0.19702771 0.31448266
0.16317323 0.20649414 -0.25451317
0.21087179 0.19189107 -0.11025246
-0.17918085 0.20460382 -0.17176089
-0.11398286 0.20497426 0.17776167
-0.21302605 -0.14622550 0.36407000
0.02993329 0.20505825 -0.18832383
-0.10886581 0.19967504 -0.32562912
-0.19393854 0.18363374 -0.35575804
0.22181220 0.18118657 -0.04820646
0.17195767 0.20571761 0.16085634
0.12145491 0.20497201 0.16416332
0.08460794 0.20463811 0.21256436
0.13949214 0.20772502 0.16511269
-0.03350524 0.20480067 -0.17597482
0.17829493 0.18516058 0.14163832
-0.05545002 0.20394796 -0.02669558
-0.23324105 0.20350136 0.30504525
0.10377139 0.20074271 0.11119889
0.05253198 0.20874426 -0.33844730
0.23996563 0.18790781 0.23397352
-0.21821930 -0.07006748 0.34790027
0.04400062 0.19694199 0.15550932
0.06085675 0.19393726 -0.19201088
-0.22655931 0.20828620 -0.02924341
0.14827780 0.19387399 -0.09399557
-0.22179356 0.11198622 0.36573827
0.10203990 0.18955959 -0.10355061
0.06582844 0.20556889 0.31250864
0.22246501 0.19411117 -0.00963971
0.22966224 -0.03095837 0.36511597
-0.19537123 0.19720188 0.11474860
-0.00608261 0.18833044 -0.20031025
-0.22341725 0.18773068 0.10485014
0.00688184 0.19922356 0.34234253
0.23668516 0.19235981 -0.11141742
0.24640466 0.19207683 -0.32493198
-0.14804769 0.20116402 0.31541398
0.21469916 0.19279629 -0.33052847
-0.20815143 0.18824469 -0.02867991
0.19629139 0.19532433 0.31449750
-0.20220508 0.16693205 -0.32490095
-0.15621370 0.19684501 -0.28068087
-0.24182807 0.14117377 -0.34078518
0.08812854 0.19984339 0.24359719
0.24909316 0.19992669 -0.20196487
0.14269699 0.19233523 -0.04557452
0.08555573 0.20399274 0.01807871
-0.09346700 0.20468903 0.32378060
0.10317729 0.20170727 -0.26736030
-0.23678845 -0.18338408 0.36332402
0.24253616 0.20072109 0.18551284
-0.24274506 0.20494626 0.17938907
0.23839763 0.17653729 -0.37432864
-0.23337962 0.20229077 0.09280194
-0.00755699 0.20274140 -0.26390535
-0.24444427 0.18338688 -0.30613434
0.12133913 0.18968846 0.16237228
0.04076869 0.18669602 0.17863011
-0.06551197 0.18904732 -0.13880309
0.18822008 0.20172888 -0.05565819
0.20084828 0.19689655 0.37316826
0.09391506 0.20578979 -0.34483060
-0.10270879 0.20085564 0.15465595
-0.22589202 -0.02654303 -0.34671158
0.13931890 0.19620024 0.05901506
-0.23779964 -0.16311702 -0.34312022
-0.23632032 0.19546144 0.25160110
0.03838484 0.20630975 0.21202749
-0.12072262 0.20159206 0.13852453
0.17504448 0.20448069 -0.16573876
0.11158493 0.20583691 -0.25685251
-0.15751705 0.20538919 0.29895756
0.19887921 0.18913245 -0.04579604
0.11654422 0.19489254 0.23089071
0.12298982 0.20354919 0.36938456
-0.22181417 0.20366144 -0.27948582
-0.07172507 0.20312391 0.11908396
-0.03602893 0.20188284 -0.23238504
0.03215273 0.20478877 -0.13875711
-0.17219028 0.19760653 -0.37368548
0.23172428 0.19843347 0.10111912
-0.10162792 0.19920747 0.32879081
-0.18605283 0.19905166 -0.30672839
-0.04123255 0.20527180 -0.15869795
0.06963591 0.20535976 0.04397029
-0.23390086 -0.08057991 -0.36361450
0.05062206 0.20603949 -0.33811283
0.13057663 0.19057839 -0.10964644
-0.00488061 0.19884561 -0.22164877
-0.23776285 0.09638633 0.33810702
-0.24484618 0.15501730 0.35718241
0.11945958 0.18260899 0.36633867
0.12636365 0.20248194 0.17088491
0.13711171 0.20230652 -0.32279459
0.21948461 0.20620610 -0.24255940
-0.23455764 -0.15995054 -0.35842377
-0.12625551 0.19753075 0.06862278
0.23691028 0.19650951 0.19675255
0.24874158 0.19684480 -0.30574137
0.00220553 0.20540056 0.14711078
-0.08722604 0.20322771 0.01061389
-0.11011430 0.20246840 -0.29266533
0.07792395 0.19470227 0.05048184
-0.02480180 0.20420332 -0.16065215
-0.22007057 0.19935848 -0.30370167
-0.23559318 0.18915805 0.29621869
0.11293905 0.20324281 0.12180774
-0.09987343 0.20780188 -0.34252268
0.10108081 0.17860445 0.17536201
-0.08080843 0.20436645 -0.01087975
-0.20743458 0.20241675 0.27610433
0.01385291 0.20400976 0.19345698
0.22555701 0.20682892 0.05538610
-0.04740440 0.20112598 0.30827290
-0.13691884 0.18922159 -0.21241322
0.04442835 0.19481298 -0.29979715
-0.21609735 0.19175927 0.37600487
-0.16588584 0.19115409 -0.32850558
-0.05788394 0.19688663 -0.08823241
0.19927225 0.20587377 0.23159812
0.19286701 0.19064900 -0.37989134
0.20588431 0.20758893 -0.09590010
-0.08972974 0.20337778 -0.06862026
0.22742018 0.01770488 -0.34502220
-0.08775586 0.19949675 0.34637076
0.23602889 -0.09279446 0.34971884
-0.09672170 0.20288615 -0.09401758
0.10769708 0.20001769 -0.01713823
-0.20245309 0.19679277 0.03762916
0.03118228 0.19215354 0.24344137
0.14342798 0.20662047 -0.25579727
0.15680818 0.20111310 0.18958600
-0.13022298 0.19689216 -0.04210455
-0.23701105 0.17846067 -0.27407289
-0.14878707 0.19593406 0.37419853
0.16944930 0.19744416 0.36197940
0.16580956 0.20468639 -0.02698831
-0.01769941 0.19510186 0.06238855
-0.00895085 0.20349933 -0.03467038
-0.24270943 -0.06523152 -0.36630434
0.17990373 0.19898452 -0.37848270
-0.00707570 0.20460437 0.12493028
0.23496708 0.06462350 -0.33978781
0.22142681 0.18950646 0.37661415
0.24591631 -0.05329053 0.36802867
-0.21347871 0.20249884 -0.36419287
0.11173180 0.19057402 -0.22812952
-0.22495863 0.17621946 -0.36951047
0.10857066 0.20781763 -0.13290583
-0.01806801 0.20660649 -0.09445608
0.13167126 0.20310165 -0.36229730
0.02816246 0.20625609 0.18703170
-0.20401555 0.17276439 -0.35160086
0.06577896 0.19219017 0.02063692
-0.17277062 0.20492597 -0.15815693
-0.12871999 0.19257814 -0.17877886
-0.22575328 0.20614016 0.23766685
-0.05989739 0.19009715 -0.17054123
0.15473616 0.20133471 0.22874211
-0.24762467 0.19651338 -0.28818157
-0.07384172 0.20243491 0.27495408
-0.06119708 0.20392098 0.26461348
-0.04050529 0.20288637 -0.22585483
0.02572600 0.20389262 0.31766117
-0.09511467 0.20404126 -0.03132805
0.15496224 0.19047885 -0.21999808
0.07337140 0.19482258 0.18166198
0.24730577 -0.04443294 0.36174333
0.20251079 0.20878801 -0.27856368
0.22530524 0.03690283 0.36742523
-0.01425720 0.20390925 -0.31708026
0.24260496 0.17227629 0.35919499
-0.19789027 0.20665209 0.14413622
0.19248834 0.16642030 -0.35266846
-0.21065001 0.18817824 -0.35337055
-0.15355234 0.20217261 0.20486635
0.21480352 0.19033812 -0.36931133
-0.17218375 0.19875526 -0.36728799
0.24132496 0.19217834 -0.20224883
0.11085221 0.19497287 -0.09868091
0.11129723 0.19184676 -0.07768902
-0.08552357 0.20506696 0.18733537
-0.05748630 0.19488595 -0.00968138
0.01082305 0.20099416 0.05256633
-0.21663564 0.16013291 0.35708204
0.19248094 0.19227231 0.15573096
-0.02157597 0.20261884 -0.09891421
-0.00826201 0.20379005 0.00314252
0.24260624 0.19784546 -0.05601095
0.21862994 0.19451378 0.08623920
-0.04927735 0.20585936 0.35556099
0.14382644 0.19577733 -0.26771164
0.22768740 0.20383911 0.09424050
0.03924125 0.19524267 -0.16536367
-0.00574670 0.19007105 -0.23564199
-0.04843649 0.20161606 -0.21204354
-0.06757834 0.20130941 0.21256149
-0.18388365 0.19704749 0.31579518
0.23865438 0.20165339 0.03380992
-0.21293131 0.18997194 -0.11817052
-0.13889933 0.20360920 -0.08016546
-0.15718496 0.20633963 -0.27952847
0.13029017 0.18772386 0.00649160
-0.21271224 0.08135687 -0.35884985
-0.20973000 0.20237546 -0.01924330
-0.08316790 0.20304832 0.20919886
0.22272845 0.20463155 -0.10415278
-0.03972621 0.19777392 -0.00176136
-0.01329111 0.18842056 0.36851388
-0.04317258 0.19521996 0.04996590
-0.23851098 0.18050969 0.26725885
0.22503105 0.20292799 -0.19542649
0.18796590 0.20695557 -0.29466316
0.17787471 0.20889215 0.05470373
0.08248530 0.20373739 0.08125730
-0.11872965 0.20426807 -0.15156965
-0.17134786 0.20312969 -0.05857926
-0.23619604 0.20058686 -0.26841599
0.14615342 0.19393682 -0.07464316
0.08623827 0.20448738 -0.24750379
-0.23415336 0.20692706 0.10105464
0.23689978 0.18609436 0.28178871
-0.13952146 0.20609321 0.33381435
0.23474304 0.19100586 0.04722650
-0.02822641 0.19949658 -0.36142704
-0.13436154 0.19847445 -0.31908184
0.18486969 0.20881712 -0.06057756
0.06787932 0.20156872 -0.20691119
0.04615301 0.20348698 -0.18285790
0.09836963 0.19288926 0.31009150
-0.13596961 0.20354599 0.25952286
0.11255623 0.18929183 0.08925038
-0.18469815 0.20418338 0.18262379
0.20293027 0.19915780 -0.35999137
-0.05148983 0.20714644 -0.09862891
0.21658866 0.19998895 0.00140304
0.16987619 0.19906412 -0.04929633
0.22581831 -0.10042986 -0.36824602
0.22748208 0.18715256 -0.18312749
0.04616076 0.20513825 -0.20890948
-0.20988587 0.08892714 -0.36549157
-0.07188651 0.20373949 0.27660754
0.22464034 0.20578073 0.10507792
0.24960938 0.19112554 -0.13292384
0.21219160 0.19755740 0.34787884
0.15529643 0.19497004 0.07991940
-0.22455367 0.18883502 0.32736009
0.18851094 0.20385267 -0.36865234
0.07034329 0.19526452 -0.31951016
-0.04208622 0.20639376 0.28793016
-0.04637813 0.20223807 0.19224291
-0.21560699 -0.05212516 0.35913938
-0.16976590 0.20642990 0.32092115
0.08002246 0.20685422 -0.32257235
0.21106207 0.18548729 -0.36990947
-0.13946426 0.20531926 -0.19137836
-0.11659427 0.20314574 -0.30783004
0.22803220 0.20514293 0.23149180
-0.01480604 0.20116237 0.08641578
-0.06896202 0.19711839 0.31974000
0.12433444 0.19857906 -0.11077036
-0.10732599 0.20135096 -0.33401877
0.17827855 0.20632356 -0.27883837
-0.07486193 0.19252168 0.28862035
0.01771876 0.18511826 0.12808610
0.24778217 -0.02258830 -0.35012314
-0.16366674 0.20358893 0.10713772
0.08450823 0.20465422 -0.01965803
0.23667301 0.13151090 0.36246276
0.07501185 0.19964445 -0.32533488
0.04870730 0.20309190 -0.00553244
0.17367753 0.20495711 -0.19722690
-0.16983910 0.20501362 -0.21574903
-0.12721220 0.19789001 0.26862547
0.18088192 0.19759502 0.34262082
-0.19796373 0.20399173 0.25565845
-0.21685061 -0.15766689 0.34566489
-0.07167985 0.20231032 0.24870986
-0.22353190 -0.19897105 -0.33893770
0.12566257 0.20516735 0.14065017
-0.02754281 0.19858609 0.23491342
0.20910044 0.20805745 -0.01391031
0.18994589 0.20647840 0.24388999
-0.14908439 0.20326057 0.23258890
0.24457270 0.20821460 -0.22300190
-0.14165278 0.19446217 0.26801786
0.12023065 0.19984852 -0.14036813
0.15544428 0.19458984 0.10829650
0.12036456 0.20588858 -0.10963625
0.01267798 0.20366956 0.10796148
0.18529791 0.20672455 -0.09788807
0.02713078 0.19983988 -0.26895541
0.22424152 -0.08410326 -0.36930963
0.05253381 0.20473802 -0.21127708
0.19820410 0.19138661 -0.11809103
0.13709912 0.20561641 0.00171006
0.19826669 0.15733790 -0.34848607
-0.04567644 0.20413668 -0.06414399
0.22221769 0.20389320 -0.26580051
0.19485258 0.19791873 0.37398866
0.10855466 0.19716991 0.16262530
-0.06341954 0.19073096 -0.01583061
-0.03355968 0.20352480 0.20559183
-0.01900931 0.20018221 0.37275898
-0.03607516 0.20164959 -0.05014102
0.10145368 0.20364508 -0.23274556
-0.15648270 0.20456579 -0.24519950
-0.16054633 0.20345333 -0.24883543
0.07528872 0.20326470 -0.19951887
0.22801691 0.20323852 0.06253702
0.06490581 0.19296235 -0.37802169
0.19195287 0.20296253 -0.25329098
-0.23978926 0.17857526 0.30572268
0.16866969 0.19232219 -0.18800625
0.07725152 0.20030047 0.03801790
0.24282625 0.10837864 -0.36390129
-0.21750936 -0.07870608 0.34704626
0.14205880 0.20743705 0.34502396
-0.24830055 -0.13285527 -0.34687340
0.24600112 0.20207672 -0.11599942
0.13445130 0.19852713 -0.20899595
0.08700141 0.18421629 -0.36648726
0.09358959 0.20356557 -0.21903123
0.02787674 0.19398825 0.27208281
-0.15086572 0.19073771 0.24957904
-0.12274760 0.18961616 0.15465763
-0.16158801 0.20518811 0.06671144
0.24682824 0.20665209 0.20280041
0.24233337 0.19935231 0.34178382
0.22941473 0.19349247 -0.19957703
0.24645369 0.04243933 0.34848389
-0.15034112 0.18727840 0.23823074
-0.10941626 0.20320119 -0.19750178
-0.05471548 0.19102427 0.12406562
-0.11947198 0.19282041 -0.29519442
-0.07833090 0.19141378 -0.02955513
-0.00519598 0.20021422 0.16526426
0.17316052 0.20635301 0.07638217
-0.16011485 0.20386939 0.32271427
0.23925896 0.19390972 0.26169986
0.17767328 0.19542155 -0.10391650
0.18046038 0.20875776 0.21425709
-0.03888217 0.20127931 0.03563789
-0.16124935 0.19396579 -0.02870599
0.04507791 0.20217341 0.04197251
0.20830423 0.16988915 0.34088874
0.11835404 0.19712222 -0.23974882
-0.10470439 0.19024682 0.05126511
-0.22889373 0.11680496 0.36333483
-0.19757175 0.18679243 -0.36074287
-0.18597110 0.20290335 0.09603357
0.16056411 0.20194693 -0.22529672
0.19820909 0.20696267 0.17567544
0.12826695 0.20525704 -0.26168779
0.13462512 0.20336433 -0.07293575
-0.06262320 0.19749121 -0.03713246
0.03687990 0.20206463 -0.25149125
-0.18869598 0.20564154 -0.06884581
-0.20138294 0.03608954 -0.34726602
-0.20689736 0.18870236 0.14508894
-0.08100102 0.20093793 0.30405867
-0.09039423 0.20266910 0.28683683
-0.04000893 0.19131111 0.06633814
0.00647730 0.20536380 -0.30344743
0.10809918 0.20637478 0.09935877
0.11364457 0.18535616 0.02052025
0.12757051 0.20622860 -0.28476429
-0.22449414 0.20318484 0.17487596
0.03198463 0.20607974 0.03983559
0.13444155 0.20838518 -0.24314544
0.24680372 0.19375584 0.07003822
-0.13721627 0.18876439 0.00009980
0.11050761 0.20512187 -0.03745416
0.11763698 0.20002572 -0.31143764
-0.12106186 0.19172256 -0.37785360
-0.10579572 0.20336197 0.29679710
0.02908882 0.19199917 0.35686362
-0.07505098 0.20219685 0.16328648
-0.04320155 0.20304777 -0.13154437
-0.08949700 0.19543013 0.13062629
0.19575746 0.20093200 0.37277809
-0.05719926 0.20467672 0.34470713
0.01921148 0.20042892 0.34544793
-0.06559180 0.18824475 -0.20293885
-0.15366060 0.19517164 0.36073905
0.11477579 0.19201048 0.34914061
-0.13233039 0.20350239 -0.08652951
0.11627898 0.20677038 0.00087925
-0.02744211 0.20446183 0.03509234
0.22130112 -0.13625804 0.35215372
0.11986609 0.20704353 -0.04945038
-0.22718975 0.01884276 0.33744904
0.24867173 0.18987876 0.09416413
-0.19328135 0.20391637 0.15142754
-0.22391483 0.20149410 -0.29058638
-0.23653568 0.18995748 0.02496586
-0.10646840 0.20488434 0.28813210
0.09096494 0.20494857 -0.08217601
-0.19002345 0.20528916 0.28725523
0.20187819 0.19147493 0.13402817
-0.13643630 0.19760528 0.32303187
-0.15655465 0.18746221 -0.17646575
-0.21035784 -0.14277415 -0.36087587
0.04066795 0.20424807 0.35549745
-0.00034650 0.18582278 -0.03018006
0.22889842 -0.06939707 0.36541006
-0.08203413 0.20123966 0.24869956
-0.23962761 0.19282460 0.05255172
-0.21428247 0.20348452 -0.15499824
0.05555351 0.20484547 -0.02372146
0.22722575 0.19957237 0.36435488
-0.19239503 0.12576756 -0.34800503
-0.15067720 0.18173581 0.36074784
0.17417620 0.20396201 0.26773021
-0.09315211 0.20447087 -0.05941719
0.00783683 0.20364127 0.27170765
-0.24488781 0.19044518 0.16938330
-0.17797315 0.19346979 0.35511792
0.16966161 0.20629442 0.27165109
0.19672699 0.20373257 -0.07794955
0.05912902 0.20611173 -0.34457999
0.19683592 0.19602928 -0.15030184
-0.05251805 0.20494461 0.02526854
0.24671724 0.20620403 0.04187265
-0.17522477 0.19758886 0.21386474
-0.06497662 0.20503579 -0.18670167
-0.16219537 0.20497841 0.19126184
-0.09540620 0.20202155 0.06219798
0.21717346 0.20118245 -0.25951642
-0.22580943 0.19535390 0.07391036
0.24826881 0.20034267 0.26948443
-0.23925695 -0.00588174 0.35812372
0.20614348 0.20033260 -0.04378305
-0.22663577 0.16289829 -0.36537302
-0.20074114 0.18018347 -0.29991105
-0.24749841 0.19783096 0.15980892
-0.21307673 0.18754925 -0.09881934
0.24119283 0.20135260 -0.27109307
0.21496499 0.07508383 0.35465246
-0.06629971 0.19714792 -0.20655182
0.13768862 0.19928591 0.13393025
0.11880982 0.18883489 -0.01474487
-0.20603028 0.16922748 -0.37266254
0.24486357 0.18902442 -0.25758564
-0.20472649 0.19405264 0.04268578
0.20057811 0.18922457 0.35667053
0.16759300 0.19767523 0.07254421
0.12882392 0.20685421 -0.09775417
-0.23720796 0.08629083 0.34202987
0.06862525 0.20464112 0.30158982
-0.23767915 -0.16509320 0.34127429
-0.14909792 0.19836327 0.33629087
0.22052298 -0.07473404 -0.36785737
0.09140180 0.19052537 -0.05315463
-0.16262549 0.20372421 -0.16543032
-0.17796779 0.19657834 0.00757921
0.10365580 0.20605648 -0.30769673
0.06047439 0.20513253 0.01706882
-0.16025522 0.20400250 -0.34006149
0.06011928 0.20550224 0.01283703
-0.00422256 0.19832540 0.15988162
0.04589657 0.20038685 -0.33350018
0.06850581 0.20397785 -0.12364297
-0.20982030 0.09054135 -0.36676911
-0.15984733 0.19387983 0.10944791
-0.18904477 0.18280604 -0.33665761
0.17655936 0.19557695 0.32770836
0.22262225 0.07333349 -0.34015518
0.02048445 0.19982702 -0.07815501
0.23838541 -0.19605891 -0.36406466
-0.02087962 0.20508559 0.34288511
0.18703319 0.19797321 -0.07627654
0.23416817 0.18767048 0.09458967
0.08899864 0.19929847 -0.36276957
-0.05973825 0.19315265 0.24933583
-0.22669898 0.02545747 -0.37034842
0.24241699 -0.10444488 -0.34662572
0.09503749 0.20335008 -0.34640563
0.23555270 0.17628957 0.34317699
-0.05660732 0.20211172 -0.30819684
0.06979037 0.19586985 0.09049821
0.07749593 0.18717468 -0.33457944
-0.22190617 0.17251432 0.33699161
0.08209616 0.20513329 0.20180197
-0.22515194 0.20482527 -0.20643167
-0.21419176 0.17679323 -0.31137314
-0.11313097 0.18407448 -0.35313663
-0.03303774 0.19796395 -0.31267264
0.19888760 0.20288928 0.15201111
-0.07049444 0.19479141 0.14851022
0.09357998 0.18716837 0.36119854
-0.13418284 0.20252411 -0.19584028
0.21612671 0.09506987 0.34859276
0.22556169 0.20757188 -0.26918846
-0.10986589 0.20468558 0.21262991
0.01180921 0.20676382 -0.27971226
0.12637472 0.20383620 -0.34881666
-0.01003315 0.20643067 0.07910447
0.10125715 0.20468754 0.02317782
-0.04744274 0.20646167 0.03966148
0.04738475 0.18626757 0.06117824
0.07243564 0.19057848 -0.28668132
-0.22942740 0.18672346 0.15865889
-0.18651080 0.19990793 0.37663350
-0.22139031 0.11897573 -0.37016538
0.08984675 0.19705461 -0.21754801
-0.22678481 0.20636441 -0.30527079
-0.24060924 0.16174135 -0.36151797
0.18911737 0.20519437 -0.00400818
0.23610073 0.20117036 -0.37843615
-0.18630877 0.20306966 0.05388466
0.12676339 0.20680948 0.21624945
0.02274954 0.19799046 0.01578028
-0.21596630 0.17907612 0.34527224
0.05574366 0.19331297 -0.22800882
-0.07236704 0.20297569 -0.03746235
-0.19958161 0.16959858 -0.35824150
-0.03787305 0.20273677 -0.05927764
0.05556971 0.20271873 -0.20276150
-0.18855140 0.19898710 -0.37184078
-0.23270638 0.19758034 -0.07444859
-0.11308163 0.20390376 -0.11050998
-0.04930413 0.19620554 -0.37597829
0.13921691 0.19328035 -0.21471213
0.21621011 0.20621915 -0.13488472
0.15489832 0.19527274 -0.28334203
-0.18840487 0.19598426 -0.12997147
0.00554010 0.19921695 0.02870502
-0.22085193 0.18722348 0.33971664
0.25403306 0.19288287 0.35653469
-0.18566087 0.20399311 -0.30710995
0.04769374 0.18859094 -0.36514381
0.21902700 0.19855773 -0.33031344
0.10581151 0.20544046 0.10820160
-0.23809925 -0.19785659 0.35437816
0.14161831 0.20535965 0.03445467
-0.23620351 0.19986218 0.20908695
0.16384856 0.20621063 0.05057451
-0.10954587 0.20454982 -0.25979993
-0.04873886 0.19790386 -0.13869810
-0.18110494 0.20078273 0.35805866
-0.14069112 0.18719946 0.10268588
-0.01206715 0.20380044 -0.08619849
-0.10188182 0.20106083 0.16354199
0.23825294 0.20295969 -0.10313273
-0.10654660 0.19941205 0.23130073
0.11676587 0.19994301 0.26954395
-0.11776891 0.20189480 0.33534744
0.05512965 0.19061570 0.23151872
0.08515906 0.19210482 -0.36172512
-0.18524966 0.20361155 -0.11920340
-0.24332967 0.07497649 -0.34103048
0.11033309 0.18769455 0.13004799
0.24496888 0.07081493 -0.36683857
-0.09382220 0.18854427 -0.05023267
-0.15424514 0.19497348 0.08081634
0.21218513 0.20924342 -0.15019742
0.13879347 0.19020878 -0.34532839
0.21935305 0.19305250 -0.05365319
0.07029819 0.20410974 0.00331125
-0.05336246 0.20557705 0.26951426
-0.18757522 0.20273244 -0.34037507
0.15612680 0.20716308 0.19306308
0.04141725 0.19357108 0.09000611
-0.21907830 0.15596595 -0.37022755
0.04738033 0.19358623 0.03900950
-0.23230109 0.03999062 -0.34219876
-0.06333247 0.19233610 0.28044808
-0.24824947 0.19716389 -0.08982813
0.15825193 0.20685993 -0.25643960
-0.16843735 0.20427166 0.30724037
-0.03647150 0.20647977 -0.30090019
-0.22231439 0.17007163 -0.37447086
-0.02078012 0.19221672 0.14575842
0.13461199 0.20079345 0.33503252
0.15784594 0.20113333 0.22095993
-0.19004990 0.20097569 0.04896346
-0.02794808 0.19069226 -0.18008757
-0.07705464 0.18718614 -0.19356948
-0.06250133 0.20448765 0.33686253
-0.07654805 0.19318105 0.19245134
0.22044003 0.20173344 -0.04814731
0.04676561 0.19137979 -0.16955248
-0.21977547 0.01644316 0.36811703
-0.09422702 0.19745138 0.30545434
0.07306728 0.20449437 0.25569972
0.02569696 0.18773484 -0.03010864
-0.20125338 0.20643841 -0.24200916
-0.13307022 0.20237319 0.20110777
0.23029973 -0.18245158 0.34550795
0.21829446 0.19725955 -0.08454603
0.23634297 -0.17613849 -0.36983716
-0.00395049 0.20028077 0.29999799
-0.15354219 0.20407425 -0.01311772
0.00549101 0.20123272 0.10296727
0.04585782 0.20244402 0.36132938
-0.00704960 0.20473617 0.31395066
0.25267124 0.19999231 0.28131106
0.23488371 0.18320586 -0.08104527
-0.24912062 0.20268311 -0.29932654
-0.21286823 0.05383340 0.34593567
-0.00409920 0.19677907 0.37271827
0.18360852 0.19858404 -0.28132546
0.23503922 0.20127638 -0.10987994
0.01868216 0.20439418 -0.02936918
-0.03179884 0.20264176 0.22743037
0.24064712 0.19149843 -0.16695449
0.11390335 0.18969275 0.17673066
0.20120709 0.20634744 -0.07923685
-0.23291175 0.10081251 0.36420664
0.17545091 0.20701563 0.06289764
-0.09122258 0.18790613 0.04684812
0.16234951 0.19201036 -0.36655152
-0.21335405 0.20490277 -0.27323815
0.12115182 0.20611000 0.27474400
0.19358155 0.20583008 0.30011535
0.14952435 0.20659150 0.18255214
-0.24018164 0.17598644 0.33000305
0.04806712 0.18766689 0.21630871
0.09499198 0.20255254 0.37307030
-0.08644748 0.19511141 -0.37065181
0.20376475 0.20288575 -0.32919070
-0.09167207 0.20179726 -0.30137810
0.04431564 0.18919496 0.02743485
-0.09665593 0.20262542 -0.08259899
-0.14385556 0.18077888 0.35256180
0.19294386 0.20205511 0.25087354
0.07029856 0.18623947 -0.06535102
-0.19712970 0.20460390 -0.28040904
0.19133906 0.18393660 0.33857980
0.24531572 0.20175718 -0.36066610
-0.06167854 0.19352812 0.22034548
0.03673031 0.20257144 0.21006303
0.23086159 0.20176369 -0.07445285
-0.01332474 0.18737410 0.03192770
0.03713774 0.20277742 -0.08670382
-0.24545971 -0.06386814 -0.34402829
0.20251994 0.19130285 -0.37208864
0.23924461 -0.05606235 -0.36095557
0.05239889 0.19349095 -0.35228118
-0.23217940 -0.19716039 0.34608263
-0.21591291 0.20020296 0.21013336
0.08600421 0.18789230 -0.12543988
0.09060735 0.20513499 0.29348683
0.24478139 -0.15307309 0.34635675
-0.23989065 0.16001809 -0.34642562
0.09474429 0.20075808 -0.15480436
0.22647740 0.02119868 -0.33500251
0.17385204 0.19765557 0.35635689
0.23305266 0.17980461 -0.31739905
-0.09022765 0.19225606 -0.01015761
-0.03758616 0.20687078 -0.07931373
0.11379446 0.19782418 0.11143871
0.14739449 0.19016877 0.06952997
0.17336766 0.20147504 -0.00818035
-0.13025734 0.20396283 -0.23074989
-0.13965735 0.20036182 -0.37445125
-0.24128053 0.19125807 -0.00340303
-0.22518234 0.18799660 0.26492286
0.08786158 0.20627701 0.11138528
0.20951572 0.20110551 -0.35583845
-0.23598179 -0.01286499 -0.36539629
-0.05045618 0.19745177 0.21488832
-0.02837420 0.19121702 -0.24737053
-0.23764573 0.19903874 0.02570279
0.23402189 0.19146685 -0.27669251
-0.18903679 0.20582320 0.15819679
0.20377977 0.15923642 -0.34855041
-0.22931427 0.20612051 -0.01881041
-0.07558842 0.18556648 -0.18678261
0.22684571 0.00442563 -0.36849949
0.15522978 0.20490699 0.08904411
0.23368347 0.18937121 -0.11109344
-0.17174403 0.18937634 -0.04100190
-0.22447456 0.20545378 0.10196485
0.23783439 -0.16712189 0.36132354
0.14275010 0.20365420 0.19513416
-0.22250167 0.20541878 0.13109019
0.21683778 0.19771838 0.35188958
0.05706529 0.18810217 0.34079236
0.12717788 0.20420450 -0.17598318
-0.24248159 0.20282561 0.22471540
-0.11352623 0.20171602 0.16411710
0.14415765 0.19641776 0.25374976
0.19479287 0.19155236 0.15605469
-0.15928471 0.20391059 -0.00344327
-0.06717721 0.19575539 -0.13059878
-0.23591705 0.19090562 -0.35805482
-0.00729223 0.19965984 -0.35057774
0.01178262 0.20564345 0.31924424
-0.16691642 0.19811022 0.35812917
0.21711954 0.15752476 -0.34647012
-0.10774658 0.20196205 0.15951909
0.10075603 0.20157550 0.34490749
-0.13784218 0.19640069 0.05469260
-0.21833986 -0.11501776 -0.35564917
-0.02183645 0.20326428 0.21731538
0.15474580 0.18637851 0.36910394
-0.24081196 0.18521041 -0.36686391
-0.11089289 0.18856986 -0.16459465
0.15560806 0.18309984 0.36734235
-0.06730309 0.19426741 0.21712074
-0.01100625 0.20343482 -0.34112108
-0.00435041 0.20399722 -0.20749556
0.22115651 0.18619087 -0.06367949
-0.14042105 0.20412366 -0.23586991
0.16911608 0.19253901 -0.19328743
0.12716892 0.20688012 0.23566033
-0.10987781 0.19786154 0.35585469
0.25119683 0.19162446 -0.23314241
0.08553480 0.20528132 0.25722763
0.21002090 0.19721295 0.32203481
-0.22499830 0.19618104 0.05153334
0.02873438 0.18845688 0.37355742
-0.22370015 0.20331490 -0.07892312
-0.04419794 0.20421851 -0.11257093
-0.05011265 0.18539779 0.24701630
-0.08669598 0.19915953 -0.34886125
-0.22340274 0.14736313 0.32195762
0.20687710 0.19950055 -0.13262638
0.21691872 0.20551074 -0.10346355
0.00846655 0.20467663 0.10935822
0.21080318 0.19434731 -0.14839873
0.05379016 0.20299877 -0.06258108
0.11962476 0.20609000 0.33256620
0.23661543 0.20054445 0.29963633
0.22585252 0.18694422 -0.30590510
0.04784713 0.18305475 0.36168525
0.09345753 0.20467037 0.27531496
-0.02318837 0.17959267 0.36819753
-0.11697757 0.18835315 0.17722896
0.24500255 0.20063528 0.20312889
0.02126903 0.20237774 0.01300772
-0.21451691 0.19302653 -0.02080447
0.03910774 0.20438610 -0.28796649
-0.23407030 0.20193422 0.29888868
-0.04208726 0.19669960 0.35118550
-0.19007331 0.20248604 0.11928505
0.07083653 0.20864728 0.03901320
0.14104809 0.19395122 -0.01256286
0.11840333 0.19168070 -0.04293982
-0.07089858 0.18471174 -0.35361677
0.07019723 0.19701786 0.37955269
-0.13534082 0.19594441 -0.34376529
-0.24505052 -0.07892042 -0.35068169
0.04279318 0.20629612 0.29766476
-0.08271293 0.20147319 -0.27957541
-0.23243086 0.20433325 0.10285229
-0.24005193 -0.13993508 -0.36097202
0.04761116 0.19613382 0.15439712
0.06315659 0.19149278 0.17868635
0.18239991 0.19633675 -0.02025060
-0.01630077 0.19959913 0.07023866
0.24834937 -0.06532535 -0.36489427
0.16432579 0.19331321 0.03154903
0.00965772 0.20202255 -0.19242784
0.23422869 0.20116748 0.35864770
-0.02928935 0.19769475 0.37622264
-0.24141395 0.19907248 0.17163855
-0.00509925 0.20045188 -0.05246437
0.24296591 -0.05966488 -0.34472424
0.23528917 0.15766342 0.33223161
0.22893728 0.20273152 0.19356655
0.00280208 0.19966534 -0.17812425
-0.00610128 0.18948112 0.14710830
-0.23606905 -0.13166578 -0.34156778
-0.15992589 0.20358185 0.02338754
-0.07009032 0.20268109 -0.09380823
0.12263630 0.19501989 0.08121806
0.25388584 0.19868973 0.31714442
0.24728744 0.12267588 0.35130990
-0.24183822 -0.04199684 0.34618708
-0.17155084 0.20302249 -0.03271075
0.14142969 0.20415726 -0.18726765
0.15930100 0.19017018 0.09344746
-0.13118301 0.20270109 -0.29927385
0.02190742 0.19005804 0.11916888
0.21394165 0.20322923 0.08801921
0.12224881 0.20578197 0.13157751
-0.15535581 0.20394045 0.23593307
0.14202467 0.20515014 -0.07493523
0.08080959 0.18254048 0.01550748
-0.11121577 0.20287526 0.00354471
0.21712901 0.19878855 -0.36087719
0.24907057 0.20439324 0.12967789
0.03817071 0.20472400 -0.07606614
0.15517750 0.20302421 -0.30522418
0.09079541 0.20568083 -0.10847034
-0.24169013 0.02272554 -0.35944638
-0.10595637 0.20204189 0.08337875
0.21794268 0.19369352 0.04604769
0.15346643 0.19765587 -0.26163486
0.00145630 0.19704556 -0.37837934
0.00783993 0.18807468 -0.10507420
-0.06548576 0.20195177 -0.13244724
0.23646061 -0.03407767 0.36750564
0.24779771 0.19559994 0.18991670
0.07375571 0.20404039 -0.00282040
0.10682905 0.20549379 -0.29189757
-0.23961081 0.06274723 0.36411119
-0.19596484 0.20470181 -0.07087681
0.24371739 0.20359072 0.16483034
0.18330695 0.16115159 -0.34706435
-0.24433433 0.00544391 0.36259180
-0.14263059 0.19314370 0.29845023
0.21829608 0.18917727 -0.36943915
-0.03445404 0.20150805 0.07549278
0.21700920 0.15508899 0.33910078
-0.21869501 0.17459947 -0.36243817
-0.12295794 0.19376701 0.37118161
-0.00786540 0.20161769 0.10125490
-0.04687543 0.20354362 -0.32110611
-0.24296349 0.01490053 0.35827291
0.23889172 0.20143624 -0.25660658
-0.21695715 0.19125555 -0.10009722
-0.11129650 0.20073180 0.12057377
-0.21447547 0.19301522 -0.21566616
-0.22958200 0.16872697 -0.34530315
-0.11583585 0.20069872 0.04163831
0.23140912 0.20953567 -0.22125512
0.01867276 0.20413771 0.09287035
-0.09019378 0.20589770 -0.27711365
0.23644240 0.19660577 -0.37685370
0.23954369 0.19741738 0.27139977
-0.22437891 0.20475470 0.06167324
0.22050001 0.20653330 0.12799039
-0.23324557 0.12708694 -0.36096483
0.15572821 0.19773407 0.02619844
-0.02544043 0.20377882 0.01637301
0.02332044 0.19844876 -0.20192108
0.18419124 0.20649889 -0.24923989
-0.14492507 0.20219100 0.33457515
0.03890458 0.20149538 0.18731220
-0.23830701 0.20387194 -0.03860543
-0.02496856 0.20299692 0.23877272
-0.22154905 -0.07964969 0.36038607
-0.06287686 0.19607684 0.22654574
-0.06896895 0.20102347 0.01261785
0.22241549 0.20427576 -0.22998282
-0.24548729 0.08023198 -0.35317147
0.17147174 0.17973486 0.35127455
0.09915928 0.19020729 -0.01449371
-0.23700185 -0.12758555 0.35489348
0.25181183 0.03691048 0.36428520
-0.19406171 0.20431282 0.02429416
0.07477468 0.18935931 -0.26023912
0.23693408 0.18763238 0.09518608
0.01532360 0.19408636 0.31064877
-0.16588710 0.19571027 -0.27039301
-0.20168702 0.20074068 0.18159392
-0.07958396 0.20401318 0.09974056
-0.02595572 0.19512795 -0.21419108
-0.21622179 0.19870800 -0.37707326
0.13728666 0.19756451 0.18190056
-0.09033659 0.18785360 -0.27285203
-0.07799077 0.20229833 -0.05277238
-0.19659626 0.14026128 0.36695322
0.24297215 -0.15842152 0.34577838
-0.14818394 0.20027657 0.34349003
-0.13798742 0.19373538 -0.07202477
-0.20186679 0.20290543 0.01946703
-0.09808004 0.20094480 0.33113393
-0.03580648 0.20209740 -0.05952605
-0.10542293 0.20491348 -0.30080017
