-0.16889662 -0.15076540 0.13125238
-0.22486442 -0.05633169 0.02541699
-0.40401196 -0.12101562 0.00021940
-0.25319752 -0.10703960 0.09924262
-0.21180999 -0.05331571 -0.06026619
0.17729926 -0.16586009 -0.00657796
0.25797474 -0.11931558 -0.02842277
0.01344060 -0.10886809 -0.12156241
-0.14173573 -0.13272282 -0.05061308
-0.14534092 -0.15265828 0.05190065
-0.00134167 -0.13125360 -0.11049098
0.04116831 -0.11814439 0.10185004
-0.10094099 -0.15626852 -0.08636824
0.06596340 -0.10232767 -0.08982705
-0.01173048 -0.12722474 0.03966489
-0.22059500 -0.08982393 0.03451533
0.18337139 -0.15815525 0.03442175
-0.01298551 -0.13938829 0.01287751
-0.39695850 -0.14575101 0.03885294
-0.18917033 -0.08456791 -0.11201268
-0.04241306 -0.11429162 0.09865238
0.12870735 -0.10012619 0.03514535
-0.14592433 -0.11873314 0.13142996
-0.29335240 -0.10078117 0.08990430
-0.31702542 -0.09434140 0.10115646
-0.04346651 -0.08619852 -0.06201116
-0.13732299 -0.07301189 -0.01312997
0.25036278 -0.15448084 0.01320067
0.32774031 -0.14254317 0.02064107
-0.11408796 -0.06774119 0.07074516
-0.27483916 -0.05630573 0.00075751
-0.14910220 -0.14810751 -0.07624546
-0.09760226 -0.09350200 0.06644872
-0.22765402 -0.10809714 -0.12426731
0.15314244 -0.08430861 0.04367501
-0.26089266 -0.15230376 -0.14841615
-0.01376311 -0.12509586 -0.00629100
-0.36667225 -0.13135132 -0.07582665
-0.35288551 -0.05774250 -0.01870908
0.30324200 -0.12473682 0.01369852
-0.21111938 -0.14138071 -0.15643319
-0.18368980 -0.02312475 -0.03593581
-0.12172399 -0.07325333 0.01536797
-0.08791927 -0.12794289 -0.05963356
-0.08196222 -0.12013745 -0.10412741
0.23482281 -0.12224504 -0.02946306
0.07309597 -0.13867477 0.01811977
0.22914021 -0.15231721 -0.02573435
-0.11738974 -0.14646628 0.11562817
-0.16212611 -0.12007970 0.03543948
0.06877469 -0.12449401 0.10301644
0.22303522 -0.14562853 -0.00448125
-0.17357342 -0.11338398 -0.10653322
0.10347133 -0.12843907 0.06335273
-0.05441942 -0.15164858 0.04286494
-0.11218183 -0.15273988 0.09861029
0.01525720 -0.10330845 0.07384009
0.06189073 -0.11621743 0.08119624
-0.01437881 0.01727120 -0.06093509
-0.31997108 0.01667274 0.00012616
0.05806336 -0.13923228 0.06048040
0.01804253 -0.04476724 -0.03628416
-0.32911280 -0.04304122 -0.04144309
-0.27655897 -0.14645325 -0.03893482
0.02832515 -0.14984195 -0.09940512
-0.08295400 -0.16180429 0.04751018
-0.08018909 -0.04498689 0.06489518
-0.28124553 -0.10349977 -0.08150028
-0.36058986 -0.15336871 0.04413526
-0.08380315 -0.06046026 -0.04590544
0.07595327 -0.10285871 0.08050693
0.04660398 -0.15652509 -0.03266113
-0.04164046 -0.14666021 0.04683543
-0.12806036 -0.10578843 -0.13168943
0.09690595 -0.10462011 -0.07610015
-0.13085212 -0.06437813 -0.06563581
-0.03246290 -0.05923848 0.01369072
-0.18880728 -0.14116064 -0.14432913
0.01847862 -0.10878679 -0.11910877
-0.00287830 -0.09531808 -0.06893881
0.20145065 -0.10812747 -0.03262310
-0.06584146 -0.15469609 -0.00972397
0.27499878 -0.16246307 -0.00743105
-0.23812199 -0.11287557 0.07044307
-0.24042772 -0.15018401 0.13076487
-0.22490856 -0.03901587 -0.04585177
-0.38087559 -0.10021067 0.10806330
-0.12097341 -0.12220459 -0.09337036
-0.18383281 -0.02262771 0.03594061
-0.11341532 -0.09644082 -0.10184976
-0.25401595 -0.12547660 -0.03768833
-0.04935604 -0.14830193 0.07672718
-0.01196510 -0.14592758 -0.05032109
-0.38718554 -0.14833347 -0.04262600
-0.24829163 -0.13431951 0.14505713
0.11106201 -0.14685684 -0.01081814
0.05336738 -0.16380310 0.02649381
-0.14436108 0.02287272 -0.00316798
-0.23779374 -0.14811023 0.00731343
-0.21846727 -0.08211011 -0.01601597
-0.05292382 -0.15680753 -0.05513017
-0.08919716 -0.10149838 0.04014040
0.04737962 -0.12950523 0.12425204
0.18626298 -0.09734182 0.02712832
-0.32580718 -0.06951874 -0.06651361
-0.15622123 0.01034717 0.05991918
-0.02864621 -0.11737300 0.01443913
-0.25676155 -0.09781200 0.02339905
-0.23034716 -0.15181781 0.00799239
0.04491102 -0.13191205 -0.08568379
0.10302228 -0.09308988 -0.02191378
-0.03939567 -0.16670775 0.05141990
0.02930450 -0.11354282 0.02032241
-0.34624439 -0.10501435 0.05230454
-0.10635616 -0.12581229 -0.05830856
-0.03293797 -0.09413811 0.03638724
-0.23682800 -0.13780588 0.11652247
-0.23378362 -0.13413385 0.13590889
-0.15640841 -0.10284795 0.09649069
0.08864829 -0.16121660 -0.00756300
-0.16272129 -0.10322566 -0.11877880
-0.08429827 -0.05865785 -0.03322609
-0.13526830 -0.15544024 -0.03961125
-0.38656086 -0.14933069 -0.03732371
-0.13533707 -0.13421075 0.04292254
-0.12068140 -0.09568259 -0.08207311
-0.36656332 -0.10126963 -0.03909735
-0.38602912 -0.08339553 -0.01739007
-0.15052345 -0.03642931 -0.03497712
-0.33440319 -0.14838441 0.14843854
-0.07362983 -0.14612553 0.10379243
0.13084543 -0.13146141 -0.06762834
-0.20899895 -0.08278991 -0.05502768
-0.05109164 -0.15393941 -0.13088930
0.05373571 -0.09062458 -0.04188433
-0.14509255 0.01856543 -0.02060094
0.19997312 -0.15485856 0.03884673
-0.01640932 -0.09981829 -0.12030716
0.28293741 -0.10880877 -0.02134156
0.22461431 -0.09322027 0.04275285
-0.10600607 -0.03918944 -0.06058107
0.06325965 -0.14593840 0.07550332
-0.11475840 -0.11547595 0.03692995
-0.34570718 -0.14263916 0.08492266
-0.34164575 -0.10000929 -0.06025475
-0.08235006 0.00022814 0.03224092
-0.03335343 -0.12068743 0.03702414
0.10896432 -0.13676928 -0.06184823
0.04149919 -0.15867521 0.06414663
-0.29547375 -0.09453537 -0.02791635
0.04899703 -0.09928706 -0.10449034
-0.06524959 -0.10893724 0.12856682
-0.08788560 -0.12068461 -0.04083762
-0.07034928 -0.13770917 -0.13052423
-0.08775768 -0.04736245 0.01870140
-0.17079735 -0.10753340 0.03216664
-0.01528369 -0.12222113 0.04796311
-0.19540329 -0.02297747 0.05620448
-0.13111344 -0.15519334 0.00413407
0.02523625 -0.15653417 0.02584561
-0.07412615 -0.09762029 -0.07956027
-0.04565586 -0.14707126 0.13839541
-0.27991128 -0.11823317 -0.06429672
-0.03974424 -0.15520695 0.07758820
-0.09297197 -0.02145004 -0.04199482
0.10926205 -0.16906801 0.01580642
0.22735810 -0.11058845 0.05320644
-0.07269603 -0.09097144 0.00250666
-0.03691392 -0.10237262 -0.10222906
-0.34658810 -0.10706078 -0.05974410
-0.12010226 -0.01455247 -0.04342858
0.28091168 -0.13691507 -0.02595738
-0.13740619 -0.06424636 0.07677798
-0.08661701 -0.11349501 -0.12092986
-0.35411447 -0.12697852 -0.09417702
-0.04119619 -0.11880101 -0.07775148
-0.12543818 -0.10272086 -0.05064079
-0.02148887 -0.11000854 0.02963960
-0.15897536 0.00958986 -0.02363163
-0.06253459 -0.02799091 -0.03605624
0.39730161 -0.12002556 -0.00173316
0.00117667 -0.10689445 0.13189483
-0.18144254 -0.15436491 0.04329026
-0.36074790 -0.13491152 0.10360167
-0.12506118 -0.16073850 -0.09796454
-0.34583074 -0.11301989 -0.06304514
-0.10727796 -0.09458107 -0.05574933
-0.18259749 0.05189706 0.01512826
-0.20237683 -0.08608689 0.10427696
-0.17788818 -0.09472425 0.08519267
-0.23523976 -0.13907075 -0.00737749
-0.35163221 -0.14340611 0.06512935
-0.22070247 -0.11694947 0.16426037
-0.17295220 -0.02204084 -0.05038270
-0.09860381 -0.16083880 -0.02098048
-0.05124795 -0.14308308 -0.10800070
-0.01585253 0.00927920 -0.04506918
0.08585215 -0.12056100 -0.06777582
0.15517156 -0.10672878 0.06008307
-0.33815318 -0.06323761 -0.02943126
0.10707204 -0.13108529 0.05205047
-0.03328837 -0.02745522 -0.05708462
-0.37247849 -0.13372509 0.10757319
0.18477777 -0.11150055 0.06296850
0.07999072 -0.10025889 -0.07362480
0.06283285 -0.15281442 -0.01000676
-0.23348114 -0.10528843 -0.10413164
-0.16171645 -0.13666558 -0.14015590
-0.29019439 -0.10089712 -0.08620149
-0.33552858 -0.09987324 -0.06631659
0.08268438 -0.09310253 -0.05763421
0.20420584 -0.09708381 0.03509369
0.00672927 -0.15835162 -0.04063341
0.09809181 -0.14699818 -0.05741929
-0.25976881 -0.15486503 -0.05117741
0.18920241 -0.13329025 0.02832142
-0.17936233 -0.07265586 -0.03102780
-0.14915486 -0.12652755 -0.02775238
0.39618376 -0.11684786 0.00504487
-0.21713205 -0.13062729 0.16107510
0.00951699 -0.04732167 0.02790655
-0.06153679 -0.12210687 -0.14269528
-0.19465247 -0.05393158 0.10476368
0.11232348 -0.15160394 -0.00793496
-0.07374473 -0.08984683 -0.12071229
-0.00922597 -0.12789300 0.02386501
-0.35679394 -0.07721159 -0.11155508
-0.16393881 -0.11339950 0.05427344
-0.14063600 -0.14300613 0.04757813
-0.12570171 -0.00678237 -0.03882346
-0.30089587 -0.13872932 -0.15243548
-0.25479501 -0.10963028 -0.07180642
-0.14138499 -0.15513794 -0.09010875
-0.24572539 -0.06713099 0.05986279
0.03043131 -0.15840170 -0.02726492
-0.02575682 -0.13496326 -0.13066840
0.07194489 -0.13893451 0.00651469
-0.14586619 -0.15174665 0.13481256
-0.14441378 -0.09231009 -0.03766882
-0.05937705 -0.08339375 -0.10230588
-0.27000719 -0.03258849 -0.04055201
-0.13050626 -0.07862750 0.06706600
-0.02302245 0.01792006 -0.03713368
0.35725811 -0.11963087 0.00502688
0.19253512 -0.14008905 0.04291812
-0.20607017 -0.14768729 0.09488484
-0.17321636 -0.05818774 0.03376622
-0.29338908 -0.15182616 0.08197439
-0.09232935 -0.14424716 -0.06427288
0.22983772 -0.13803422 -0.03125294
-0.17607565 0.01389372 -0.00174887
-0.29291293 -0.11402117 0.01035970
0.06213354 -0.14055616 0.06318006
-0.17540783 -0.14923322 -0.12739772
0.02628718 -0.10982466 0.07140512
-0.15992747 -0.08458588 0.01303181
0.05352471 -0.13649562 -0.00430826
-0.12302221 -0.12939927 -0.06352962
-0.31622297 -0.16072440 0.01048332
-0.30729896 -0.13497356 -0.07080930
-0.26808089 -0.13812229 0.13946860
0.37166533 -0.11759792 -0.00376784
-0.25545153 -0.15227450 0.01471683
-0.06954820 -0.09016836 0.07673391
-0.18053395 -0.05240949 0.09456620
-0.24163747 -0.04137785 0.01287271
-0.29279009 -0.11474258 0.02164449
0.12365437 -0.14546210 -0.05855899
-0.17911464 -0.15469590 0.14262973
-0.04564786 -0.02088881 -0.00601781
-0.18537007 -0.06712882 -0.01178846
-0.30590600 -0.09731175 0.07344809
0.25323015 -0.10831973 0.03025365
-0.33695844 -0.06889924 -0.01506994
-0.03028842 -0.16033638 0.04896065
-0.32559717 -0.03346428 -0.06070469
-0.17363352 0.10069630 -0.00253247
-0.36622936 -0.09128050 0.04109335
-0.00388862 -0.11845952 0.11266018
0.06851744 -0.10257512 0.02322201
-0.21709444 -0.11254124 -0.10537963
-0.19550167 -0.12615907 -0.07216857
-0.20722233 -0.11663660 0.14438835
0.16472760 -0.16336927 0.02539428
-0.04805507 -0.15589520 0.04394509
-0.27459753 -0.16091464 -0.03940984
-0.23243253 -0.10263480 -0.13905723
-0.27657866 -0.11493248 -0.08372204
-0.17620832 -0.15125334 0.04845298
0.04682282 -0.12490658 0.02703309
-0.20349151 -0.15062828 0.00022855
-0.12884519 -0.08728765 -0.07558801
-0.00737741 -0.10804085 0.15191707
-0.10447907 -0.05048295 -0.05387626
0.00612504 -0.13799740 0.01900379
-0.16419515 -0.15820223 -0.04256075
-0.06554092 -0.09362792 -0.11453949
-0.06759803 -0.11636181 0.13273507
-0.27730614 -0.11504329 0.10662600
-0.26504651 -0.08592262 -0.09316935
-0.02918249 -0.14989311 0.10824668
0.11905237 -0.07500682 0.01629251
-0.36401188 -0.14550088 0.04100608
-0.32342827 -0.12755081 0.10752992
-0.14200604 -0.13094932 -0.08252601
-0.20412897 -0.07822242 -0.07228352
-0.30189750 -0.10288168 -0.07215279
-0.26169848 -0.13004792 0.10045132
-0.19671421 -0.16443682 -0.01520928
-0.04886422 -0.11573662 0.13810381
-0.26095191 -0.09601152 0.11505578
-0.13460226 -0.12976043 -0.06144678
-0.13510704 -0.13437626 -0.06628095
-0.12340724 -0.14872663 -0.15947846
0.00436421 -0.10487591 0.08864303
-0.14442973 -0.14533632 -0.10862480
-0.01146454 -0.13143907 0.01601408
0.17716174 -0.11948341 -0.03595027
-0.23432191 -0.11332697 0.03093378
0.28959772 -0.11551300 0.01948814
0.08253941 -0.13005665 0.05030417
-0.20043442 -0.09823883 -0.04391960
-0.34657472 -0.14247143 0.07303410
-0.06675430 -0.15030874 -0.02932540
-0.35891280 -0.13134927 0.03868888
0.32052493 -0.15394096 0.00746492
-0.21644127 0.12048386 -0.01672282
0.11081573 -0.14653242 0.05339456
-0.01752908 0.01362500 -0.05743916
0.13912894 -0.08397485 -0.01704415
0.08955690 -0.11219934 0.06517947
0.10807776 -0.13863474 -0.04567503
0.22447127 -0.10935251 0.03815730
-0.12520725 -0.10764611 0.03462977
-0.39352265 -0.14167911 0.07288058
0.23657775 -0.10528991 -0.02878833
-0.02485871 -0.10299146 0.12557209
-0.07733155 -0.16170056 0.00325340
0.20470069 -0.12845123 -0.02450085
-0.09074920 -0.11603863 0.07666112
-0.09834904 -0.07813627 -0.09300947
0.05405473 -0.15167111 0.00987653
-0.28316891 -0.09981827 -0.02046617
0.19148190 -0.08143723 -0.02444386
-0.00829009 -0.00797203 -0.01870242
0.28122851 -0.11232426 -0.02890944
-0.03466062 -0.15491617 0.07013584
-0.24206659 -0.11228048 -0.02098515
-0.08471094 -0.10092509 -0.01322003
0.09332290 -0.12612398 -0.05387673
-0.29121411 -0.13373585 -0.06500737
-0.26769415 -0.15356019 -0.06828635
0.01230241 -0.16848777 -0.00936843
-0.08821560 -0.06710084 -0.03546987
-0.18139529 -0.10426191 0.09223431
-0.29506683 -0.09918027 -0.09914518
-0.09912304 -0.16528620 -0.01842352
-0.00216981 -0.02961899 -0.00094409
-0.35115498 -0.15481849 0.03253929
-0.27011797 -0.04321104 0.03880920
-0.39066526 -0.12829700 0.02490692
-0.18799461 -0.03090130 -0.06512709
-0.04495198 -0.12304982 -0.14691356
-0.35367671 -0.07313011 0.07222168
-0.39409608 -0.12285703 0.02903736
-0.03735421 -0.11482546 -0.04625302
0.05915073 -0.15532933 0.07473973
0.18061350 -0.16127177 0.02153251
0.01141356 -0.14933106 0.07358587
-0.11652279 -0.05516411 0.07836199
-0.18335211 -0.15008196 0.13135278
-0.13408409 -0.12198648 0.15382607
0.26818228 -0.11344491 -0.02487282
-0.15710349 -0.16334312 0.01880187
-0.05592000 -0.15627201 0.09950830
-0.19124900 -0.06109486 0.07580136
-0.09880217 -0.12693810 0.07925487
-0.07384539 -0.12210653 -0.13662517
-0.18680023 -0.13220993 -0.15660784
0.01905469 -0.09336530 -0.01485793
0.14310439 -0.09963205 -0.03106789
-0.14738612 -0.14533994 -0.08659112
0.21597029 -0.11594109 -0.05748177
-0.04469692 -0.09792207 0.09836816
-0.23750544 -0.15486957 -0.03417585
-0.17645544 -0.13182247 -0.14955638
-0.36064330 -0.12994134 -0.05080564
0.03164328 -0.08666779 0.09347197
0.27922621 -0.11406115 -0.02148101
0.12652440 -0.10144539 -0.08773249
0.00775553 -0.08310376 0.08279361
-0.22279109 -0.11522951 0.10815806
-0.11634599 -0.15976371 -0.01532275
0.09004287 -0.15728895 0.00045587
-0.22469300 -0.05839499 -0.03893193
0.20086753 -0.10883570 -0.00091030
-0.02508380 -0.09417421 -0.08721820
0.10736506 -0.08081517 -0.04829302
-0.19638973 -0.11569952 0.03470264
0.01308052 -0.08553500 -0.11087812
-0.14497131 -0.09739773 -0.09552419
-0.19143061 -0.13366982 -0.14624406
-0.35061306 -0.12522715 -0.04468180
-0.00838329 -0.13101424 -0.06693033
0.13388455 -0.13253526 0.02080354
-0.13195755 -0.12688018 -0.09303512
-0.30905911 -0.14844228 0.15125743
-0.13501097 -0.02133016 0.02246874
-0.06685837 -0.06667894 0.07817113
-0.13530311 -0.11373858 0.09615101
-0.02531903 -0.02556854 -0.03963756
-0.31124625 -0.09486105 0.06489526
-0.04616051 -0.10072766 -0.11019994
-0.15415747 -0.10207719 -0.12234380
-0.12883821 -0.09611051 -0.10845602
0.36834344 -0.11762674 0.00387151
0.03664180 -0.14455502 0.10031921
-0.06913695 -0.16234095 0.03822549
-0.01069570 -0.12307712 0.13812385
-0.07394896 -0.10534391 -0.11868988
-0.25397161 -0.16069922 0.02981666
-0.18170744 -0.10353837 -0.01170058
0.21171060 -0.13621292 0.00383681
0.17860022 -0.12511879 0.04516751
-0.08155842 -0.13349198 -0.08093874
-0.00112477 -0.12254637 -0.08960970
-0.21020448 -0.08172031 0.08653743
0.20147733 -0.16129829 -0.00756679
-0.02076090 -0.07134333 0.03494697
0.04592518 -0.12465993 0.10130891
-0.34071183 -0.08530566 0.12218298
-0.15392677 -0.14580484 -0.04525931
-0.00270887 -0.04433979 -0.02131221
-0.30760598 -0.11099260 0.11846402
0.15363312 -0.15753150 0.03188652
0.10016105 -0.16407208 0.03681914
-0.26763806 -0.09718040 -0.09668593
-0.05440321 -0.13131909 -0.10360979
-0.24926093 -0.15556575 0.14761503
-0.10996547 -0.15809652 0.10818541
0.13292645 -0.15324053 -0.03347082
0.19127983 -0.11205594 0.00187423
-0.11392745 -0.15519443 -0.03441026
-0.17080593 -0.04189635 -0.02656593
-0.16275315 -0.10048185 -0.03198436
0.27799961 -0.12492017 0.01314055
0.05267386 -0.09529614 0.03579301
-0.04421911 -0.11478299 0.13616480
-0.11172447 -0.11470187 -0.13317980
-0.15834248 -0.03220623 -0.03911500
0.08952232 -0.10249975 -0.05667829
-0.16117212 -0.06373011 0.07023761
0.02052401 -0.14805120 0.05479469
-0.31087387 -0.10219160 0.11865266
-0.18908997 -0.11602113 -0.01236219
0.24091220 -0.09875357 -0.02310685
-0.22689611 -0.11212738 0.08449453
0.29075733 -0.11426532 0.00426581
0.24978177 -0.10048226 0.00658836
-0.04700237 0.02147304 -0.05698209
-0.04293637 -0.08839945 -0.10769463
0.07945321 -0.13693734 0.10879871
-0.02052384 -0.12619191 -0.14270675
0.02452115 -0.13318487 -0.09463245
-0.32069668 -0.14594594 -0.02150645
-0.21555929 -0.09481162 0.07410064
-0.17476265 -0.15650682 -0.12125539
-0.14663087 -0.12845771 0.09798297
-0.05666206 -0.05632851 0.03028619
-0.10606040 -0.09624900 0.08416651
-0.16624163 0.10179759 0.00926393
0.15234403 -0.13471009 0.06753004
-0.16910732 -0.05333595 -0.00646285
-0.24440828 -0.09510800 -0.14280990
-0.10556222 -0.09787138 0.05664350
-0.28211379 -0.09262324 0.00051547
-0.26364762 -0.11375353 -0.15202454
-0.18620738 -0.05719934 0.04326412
-0.03047772 -0.10874015 -0.06058258
-0.29232475 -0.13381223 0.07645863
-0.00071387 -0.09079861 -0.08801273
-0.04555909 -0.16226062 0.04274096
0.24404784 -0.12402622 -0.03897438
0.10824670 -0.10990220 -0.01164851
-0.40077591 -0.10409448 0.01502425
0.09734431 -0.15138242 -0.01185123
-0.08649220 -0.08982439 0.08708084
-0.24116415 -0.11918617 0.08420839
-0.13960180 -0.06110554 0.03455583
-0.34310699 -0.10084356 0.03817860
-0.19975129 -0.14717966 -0.10061052
-0.04694490 -0.15656035 0.08097159
-0.21342434 -0.15246008 -0.14517382
-0.25179607 -0.09147550 -0.10037632
-0.08868534 -0.15392554 -0.06711850
-0.34455368 -0.06577412 0.01897029
-0.03663808 -0.10233053 0.10665280
-0.03103316 -0.10022199 0.07660846
-0.12850310 -0.15698384 -0.02832188
-0.11817206 -0.15477006 0.03560608
-0.29114050 -0.11758545 0.15136321
-0.04826891 -0.10512789 0.01016828
0.06467801 -0.08694266 0.08541985
-0.02228600 -0.11959878 -0.00065993
-0.03243487 0.01115655 0.01223088
0.04236804 -0.08935213 -0.02397803
-0.13862935 -0.11702260 -0.15400173
-0.12730746 -0.02266205 -0.00746552
-0.16094106 0.06788439 -0.02889558
-0.03877307 -0.14422384 0.13199416
-0.07384619 -0.02528669 0.01301673
-0.13159035 -0.11926710 -0.12590553
0.00921695 -0.12362861 0.04931183
0.24990273 -0.11250589 0.04171984
0.00209479 -0.10497220 0.09413862
-0.25147489 -0.06723013 0.04875742
-0.11802061 -0.16005173 0.04236019
0.18721235 -0.12775813 -0.04220510
0.05641531 -0.16807845 -0.02274365
0.08116760 -0.09570969 0.07696260
-0.36921290 -0.07394848 0.04492637
0.19241324 -0.10358215 -0.00910258
-0.19933930 -0.13428643 0.00417211
-0.09866519 -0.12603559 -0.13329951
-0.34019703 -0.14636646 0.05922931
0.15918438 -0.10590962 -0.03903201
0.25338787 -0.12163535 0.02447700
-0.23846690 -0.05505381 0.06016988
0.04862996 -0.14839602 -0.08621585
-0.24913490 -0.11074634 -0.12964548
-0.03408726 0.01940812 -0.05395635
-0.21329676 -0.05116536 -0.03220094
-0.40291166 -0.13875988 -0.04750032
-0.33307981 -0.14519043 -0.12617071
0.02454859 -0.15354146 -0.02979990
-0.00944979 -0.06680161 0.02444783
0.04223575 -0.15149023 -0.07658778
-0.04080144 -0.12633198 -0.14727153
-0.13973609 -0.14394261 0.06715912
-0.30237508 -0.15400885 -0.09738761
-0.36058402 -0.06663337 0.05166579
-0.04517029 -0.11563454 0.11058027
0.00194618 -0.13989665 0.12995738
-0.08081843 -0.13775966 -0.14035861
-0.28033739 -0.15090685 0.00823124
-0.37228924 -0.09331522 -0.10871664
-0.10402367 -0.13660231 -0.13791703
0.01827159 -0.13284993 -0.00436695
-0.16760729 -0.14273839 -0.12898640
0.06335820 -0.12721446 0.12025239
0.07479731 -0.10159063 -0.07975160
0.03580866 -0.13148674 -0.00963755
-0.26544076 -0.14963253 -0.08451437
-0.20132172 -0.07003225 0.06275216
-0.21921827 -0.14072274 0.08562709
0.17881516 -0.11289220 0.04758134
-0.30618036 -0.10425635 -0.01824290
-0.14946377 -0.15377668 0.04115164
-0.05329281 -0.16404320 -0.03348284
-0.29348373 -0.15639870 0.01467432
-0.04102075 -0.14420238 -0.09605932
0.01609482 -0.16018216 -0.04977753
0.02889612 -0.16757636 -0.00525326
-0.28845978 -0.11309479 0.00407274
-0.25905901 -0.10877994 -0.09389786
-0.03460319 -0.13186356 -0.09708320
-0.09715337 -0.02800344 -0.05106904
-0.22549607 -0.11556736 0.07418329
-0.20386742 -0.15120976 0.12174603
0.18663380 -0.16014557 -0.00337226
0.02325660 -0.13895038 0.03456977
-0.32479793 -0.14352927 0.10797971
-0.18139653 -0.14589997 0.06578819
-0.34290284 -0.07953898 0.07648673
-0.02850541 -0.12139006 0.04370734
-0.20634085 -0.14861247 -0.00030704
-0.13397196 -0.03385107 -0.03930167
0.01037512 -0.10789889 0.07468863
-0.24343672 -0.14496993 0.06284164
-0.03228276 -0.15451872 -0.09158438
0.04727911 -0.06345089 -0.03823680
0.26837286 -0.12096768 -0.01944968
-0.21278343 -0.05330349 0.10898041
0.12779081 -0.14977530 -0.05913239
-0.24266335 -0.08331953 0.01814320
-0.22178563 -0.08935126 -0.10639982
-0.16923097 -0.05421770 0.03632569
0.04082898 -0.16747019 0.01487171
-0.24288097 -0.09936464 0.03276025
-0.06611082 -0.01465996 0.04808284
0.19595890 -0.09667968 0.01845728
-0.11951302 -0.08630644 0.00155603
-0.21350373 -0.15365240 0.11228432
-0.12417707 -0.03490975 -0.06768613
-0.00627708 -0.12626669 0.10373367
0.19936498 -0.09099424 -0.03077278
-0.04397351 -0.10403281 0.02564545
-0.18608630 -0.14536813 -0.14821523
-0.02242467 -0.10649966 0.05787969
0.24514014 -0.10211121 -0.00940741
-0.25415692 -0.11220454 -0.15400118
-0.37955076 -0.12463395 -0.04032068
0.26904580 -0.14177965 -0.02688745
-0.02836533 -0.12067328 0.02706307
-0.22672932 -0.12463535 -0.17598781
-0.08714045 -0.12202060 -0.14596036
0.12251490 -0.12557292 -0.08467892
-0.25066301 0.03490202 0.04221049
-0.24674444 -0.13842422 -0.03807206
0.15995778 -0.10516106 -0.07700714
-0.20027250 -0.12145993 0.13710454
0.13709033 -0.15235227 0.00424706
-0.31994882 -0.04380908 -0.04335834
-0.15051243 -0.15373226 -0.14918819
0.02305453 -0.12591329 0.10456879
-0.21754631 -0.15568267 -0.07309780
0.05149290 -0.11310275 -0.07146722
-0.21515207 -0.09090212 0.08975579
-0.04453154 -0.14770618 -0.09630311
-0.35023135 -0.07986619 0.08103548
-0.29349574 -0.15660109 -0.00183479
-0.22688377 -0.03366843 0.04562248
0.19425592 -0.12197524 0.02415194
0.30982658 -0.15439692 -0.01285375
-0.14848554 -0.13588238 -0.13086909
-0.01709383 -0.14383122 0.11603871
-0.18236862 -0.05749384 -0.02389518
0.35560748 -0.10067977 0.01386144
-0.27044189 -0.09842798 0.03171457
0.14351355 -0.12676622 0.07529335
-0.21847817 -0.11631943 -0.02052745
0.09439168 -0.13053855 0.08030102
-0.18711337 0.02858640 0.01456425
-0.40048307 -0.11229532 0.03202068
-0.24071831 -0.02967074 -0.03262842
-0.20221978 -0.14921746 0.14845777
0.02763047 -0.11844635 -0.08137532
0.01051706 -0.10183293 0.08498922
-0.03804442 -0.11678430 0.11886451
0.05178792 -0.12904261 0.06211616
-0.24388884 -0.09203521 0.06651166
0.00442230 -0.11782800 0.02055689
0.10454552 -0.12417223 0.01481256
-0.36920750 -0.13963015 -0.08705976
-0.02287426 -0.09724677 0.07597511
0.14522789 -0.16731468 -0.00366932
0.19852883 -0.09121594 -0.02659906
-0.07883833 -0.16511218 0.00083101
-0.19902843 -0.10098138 0.09891900
-0.31614959 -0.09178980 0.07470945
0.01103842 -0.08022971 0.04490066
0.02198737 -0.14580290 0.04142676
-0.19458966 -0.13052060 -0.07879107
-0.15791805 -0.14483680 -0.07642451
-0.32650685 -0.11250629 0.00318315
-0.20805836 -0.12088840 0.10624040
-0.19649009 -0.16361390 -0.12484298
0.02981782 -0.15947266 -0.03457713
-0.37472853 -0.13038237 0.02344119
0.03114210 -0.11131140 -0.06035686
-0.04997758 -0.11568929 -0.02335786
-0.01660153 -0.13340107 -0.00890285
-0.19823718 -0.16198204 0.02506388
-0.10365372 0.01238187 0.02318674
-0.37010375 -0.06062785 -0.03125469
-0.15946582 -0.10475644 -0.00627924
-0.17283070 -0.15327628 -0.07920073
-0.29599637 -0.09918569 0.10347710
-0.04866816 -0.12260343 0.10196069
-0.07709078 0.06932445 -0.01349744
0.28840140 -0.13364320 -0.02445805
-0.22261633 -0.14480978 -0.07137159
-0.09794866 -0.01052141 -0.02129031
-0.06059042 -0.09268117 -0.13547201
-0.17996159 -0.13608015 -0.16190249
-0.39758763 -0.10668505 -0.00130229
-0.24552751 -0.12888649 0.00306972
-0.34170523 -0.04080583 0.02604088
-0.04606815 -0.12847736 -0.14349574
-0.01728871 -0.00559553 -0.00967961
0.07713045 -0.16909584 -0.02424658
-0.08177330 -0.01215137 0.04146674
-0.25871697 -0.11782133 0.13049728
-0.04076788 -0.02909627 0.05996325
-0.22224881 -0.06351449 0.01142390
-0.15041018 -0.11330734 0.10480678
-0.09006646 -0.11464725 0.13231677
-0.09974463 -0.05072439 -0.04846188
-0.10070634 -0.10221612 0.05847419
-0.23097211 -0.12565553 -0.00837023
-0.25204384 -0.15657645 0.10729560
-0.18421313 -0.07548016 -0.07539096
0.11889594 -0.14038002 0.01932068
0.20618290 -0.11315197 0.03989110
-0.31730834 -0.09942774 -0.04000713
-0.03940140 -0.08877692 0.01114528
-0.33791158 -0.14377996 -0.07894051
0.06017724 -0.10976020 -0.08046772
-0.24435243 -0.08392418 -0.10480859
-0.26564109 -0.16131802 0.03597408
0.35186228 -0.09465591 0.00429404
-0.08537008 -0.12596965 -0.11481188
-0.11089538 -0.13875476 -0.00783483
-0.04353789 -0.04031573 -0.06187305
-0.17674981 -0.05678754 -0.06995724
-0.22923480 -0.15478212 -0.08984938
-0.24001764 -0.04257154 -0.01684032
-0.18011899 -0.15167683 0.12066761
-0.25955126 -0.09055036 -0.15448096
0.00467533 -0.15783118 0.07931443
-0.13045484 -0.03591160 -0.04217989
-0.10013153 0.01347620 0.01048080
-0.05337741 -0.11873909 -0.06818481
-0.08714733 -0.14474143 0.12983043
-0.20589447 -0.16287565 0.03081364
0.20511338 -0.12547252 0.03026910
0.34145114 -0.12693799 0.01238685
-0.05544662 -0.04586846 -0.03178059
0.24331951 -0.14872462 -0.02673616
-0.06883560 -0.03694002 0.07961737
-0.21377480 -0.12066033 0.07224928
0.24341044 -0.12181313 -0.02545058
0.29089072 -0.13752389 -0.01837422
0.05588594 -0.11207318 0.10212129
-0.09131078 -0.13634741 -0.14900514
-0.26948223 -0.08559052 0.09204291
-0.21058917 -0.03678931 -0.02434589
0.02615913 -0.10855398 0.12061463
-0.11174302 -0.11655628 0.07237357
-0.02985770 -0.16468740 0.06605605
-0.06991956 -0.07607134 0.07499623
-0.13657357 -0.15826640 -0.00983648
-0.17596565 -0.08993617 0.05178336
0.13182199 -0.13561784 -0.05366926
-0.38973859 -0.12145798 -0.11942016
-0.18978032 -0.02428640 -0.03347140
-0.10635538 -0.13098717 -0.07551895
-0.29852095 -0.15612763 0.04590668
0.08816026 -0.13731706 0.06855433
-0.16385448 -0.08058857 0.07026641
-0.00300993 -0.11196789 0.10812822
-0.05886517 -0.05381592 0.03119825
-0.07670802 -0.01731136 -0.02124276
-0.11136169 -0.11261110 -0.04401776
-0.31931874 -0.12886228 -0.01532610
-0.15367557 -0.08005306 -0.00774475
-0.14262807 -0.10370017 0.01245394
-0.18359825 -0.10956715 -0.02461436
-0.03611364 -0.15837176 -0.01007011
-0.14366773 -0.13311554 0.06248350
-0.00230368 -0.10566654 -0.11179715
-0.04640746 -0.10164803 0.07092469
-0.14351109 -0.14581925 0.07701997
-0.09466705 -0.14377508 0.11387237
-0.09128384 -0.02039270 -0.04352659
-0.02251186 -0.10513271 -0.12516288
-0.39556158 -0.10964593 -0.01476356
-0.17119834 -0.06837074 0.07540169
-0.05765832 -0.08130722 -0.07500821
-0.19040850 -0.15222721 0.06890198
-0.07577272 -0.02390247 -0.03280832
-0.24668951 -0.11975583 -0.07851765
0.14134233 -0.09608017 -0.04013274
0.00577554 -0.11570140 0.11204867
0.01271134 -0.10918517 0.06435369
-0.06049410 -0.06960303 -0.05578794
-0.15741688 -0.12568775 -0.02700568
-0.21420453 -0.13767229 0.12111434
-0.28469861 -0.10825536 -0.09875783
-0.37569630 -0.10291243 0.01060147
0.02347893 -0.07128016 -0.00496939
-0.22122023 -0.15484509 0.14700663
-0.35702443 -0.12125646 -0.09879061
0.05942284 -0.09503536 -0.06834015
-0.10425266 -0.02117869 0.01874670
-0.09208552 -0.05773770 -0.05018034
-0.11416778 -0.14280516 -0.06434938
-0.02396953 0.00647376 0.05240242
0.17678389 -0.10791026 -0.03265781
-0.17824738 -0.15789320 -0.11077940
0.11607145 -0.11860663 0.02337438
0.01840840 -0.10433149 0.11555686
0.01187194 -0.11586206 -0.04645882
0.05770624 -0.13192405 0.02872720
-0.35483864 -0.06480148 0.00343293
-0.19364949 -0.14696977 0.09994338
-0.16602804 -0.06734205 0.03941966
-0.14302060 -0.02750547 -0.04783010
-0.10430928 -0.12224498 -0.12691434
0.06192426 -0.10480450 -0.04498889
0.14707261 -0.14808865 -0.00208816
0.03803888 -0.09692770 0.04217735
-0.36431381 -0.15209974 0.05634619
0.02210317 -0.08529731 0.02975324
-0.11231260 -0.03193849 0.05370368
0.07221033 -0.11287051 0.03952814
-0.22575951 -0.11372919 0.02851140
0.00118646 -0.12122357 0.05808050
0.16341491 -0.13401443 -0.05474221
0.12156008 -0.09730230 0.07804175
-0.28696078 -0.12030675 -0.07808584
-0.30231908 -0.11613588 0.11965942
-0.35049742 -0.14243297 -0.08676802
0.10808486 -0.09435558 0.06349328
-0.06826867 -0.08930116 -0.14052294
0.05138101 -0.10987830 -0.05900391
-0.34730214 -0.09967364 0.05292681
-0.12853795 -0.12718333 -0.07465909
-0.16772012 -0.15749992 0.14124069
-0.34423730 -0.13551688 0.00801761
-0.34349146 -0.15448423 0.01998097
-0.09149237 -0.15102920 0.10262719
-0.29661170 -0.09565406 -0.06899334
0.01438154 -0.14096038 -0.11679682
-0.12164962 -0.16065143 0.05527765
-0.15794709 0.01962582 0.00605846
-0.13891359 -0.10988019 0.05875537
-0.25269538 -0.08796193 0.02862615
-0.14741881 -0.09658814 -0.05926955
-0.07401489 -0.14427298 -0.11571697
0.15310097 -0.12723835 0.07552686
-0.23765823 -0.15373710 0.10905892
-0.16386116 -0.11439659 -0.13597381
-0.12083531 -0.13153227 0.09987916
0.17684579 -0.09139134 -0.01389665
-0.16570251 -0.02484287 0.05150758
-0.13518222 -0.16342251 0.02657808
-0.04973027 -0.07893080 -0.06753460
0.22813697 -0.10113534 -0.00926752
-0.01249162 -0.10388853 -0.09410262
-0.20741071 -0.14238222 0.09346204
0.00577047 -0.09021486 -0.01838109
-0.17612100 -0.10619415 -0.16575825
-0.06531817 -0.16829884 -0.01427228
-0.20854844 -0.08655174 -0.09190633
0.09190673 -0.13829418 0.03991235
0.05948416 -0.09287683 -0.08149365
-0.27421597 -0.11956242 -0.05332275
-0.36105347 -0.14466107 0.06238088
-0.26948103 -0.03248842 -0.01669462
-0.29193354 -0.14990537 -0.06549904
-0.25520018 -0.05997638 -0.03520284
-0.15866511 -0.12937708 -0.07107855
-0.23949647 -0.11379395 -0.09596939
0.04752103 -0.12672579 -0.09727450
0.07322592 -0.15517652 -0.04397695
0.04840964 -0.08295795 -0.07007611
0.33702359 -0.11037663 -0.00862207
-0.10062701 -0.10269493 -0.06482352
-0.38644195 -0.13686006 0.01978613
-0.05976980 -0.16110185 -0.07071020
-0.07776660 -0.06950146 -0.07907288
-0.11954008 -0.12586886 -0.05430557
-0.05087350 -0.07803143 0.06833121
-0.27506328 -0.13824704 -0.14642377
-0.10338013 0.00789071 -0.01057327
0.05960259 -0.10679623 -0.09119652
-0.11977322 -0.12068866 -0.07830378
-0.33714414 -0.11071898 0.04043854
-0.07605106 -0.11430714 0.09864677
-0.04554384 -0.12349389 -0.12914082
-0.02519920 -0.04773653 -0.06518403
-0.18890364 -0.06076485 -0.01913875
0.06936812 -0.14625925 0.08317952
-0.19209783 -0.12749158 -0.06919791
-0.32714549 -0.14117379 0.05676673
-0.18631133 -0.15119101 0.02217753
0.03928816 -0.11998779 0.11432505
-0.04928788 -0.11802302 0.04838630
-0.34806192 -0.13781773 -0.01113196
-0.10267876 -0.00000315 0.01554914
-0.03955499 -0.02796913 0.00648306
-0.12022077 -0.15346372 -0.14264013
0.04092966 -0.17764078 0.01764145
-0.24473429 -0.13587536 -0.09080793
-0.09692548 -0.12484168 -0.09864114
-0.25076175 -0.14037034 -0.14084031
-0.13905504 -0.03157599 -0.01515729
-0.15345874 -0.02674748 -0.06368745
-0.19258605 -0.02061026 0.04439220
-0.14481290 0.01760818 0.02962283
-0.20434235 -0.01514298 -0.03603354
-0.15328656 -0.05697718 -0.04842085
0.31411216 -0.11860943 0.02301442
0.06697297 -0.11253449 0.08179885
-0.19165403 -0.14556383 -0.10398529
-0.25070035 -0.13719966 -0.07759712
0.23004884 -0.15707731 0.03801277
-0.04507920 -0.09465651 -0.13303356
-0.13574925 -0.02811594 -0.06975510
-0.33404788 -0.09207178 0.12825577
-0.09163034 0.03484011 0.02517764
-0.32109970 -0.15279327 0.08080112
-0.06288677 -0.09245646 0.11709251
0.04943134 -0.09178795 0.00674910
0.03378445 -0.08985972 0.04388668
-0.25162983 -0.07115459 0.03034100
-0.22065322 -0.15232576 0.13476290
-0.02092278 -0.10899870 0.04170068
-0.27895018 -0.12137775 -0.10845578
-0.27598962 -0.05655983 -0.07576397
-0.16711488 -0.10741542 -0.08436228
0.03708299 -0.09404765 0.07825536
-0.26896942 -0.10300267 0.06224413
0.18972696 -0.12328085 0.02924166
0.28124720 -0.13562161 -0.01895008
-0.16120572 -0.05606624 -0.00456855
-0.21839578 -0.09858868 -0.12000735
-0.25670841 -0.11535447 0.14960074
-0.14671627 0.01626237 0.02374123
-0.15381302 -0.05874028 0.07986998
-0.14092591 -0.14444269 -0.03757516
-0.14089322 -0.11085039 -0.15686364
-0.13628118 -0.08800238 0.07837195
-0.29539579 -0.11087217 0.04493669
-0.31797737 -0.07982190 0.08897983
-0.20119439 -0.14237538 0.16105823
-0.38291383 -0.11352332 0.07516980
0.26532951 -0.08976531 -0.02315437
0.18203366 -0.09535733 -0.02943216
-0.23707640 -0.06255589 -0.03645546
-0.34267694 -0.10602815 -0.03263966
-0.17735472 -0.16520274 -0.00414010
0.02324172 -0.16653726 -0.00128425
-0.17624483 0.13108477 0.00472853
-0.20139068 -0.14943047 0.03665214
0.13163781 -0.16667464 0.01318975
-0.11113361 -0.02008935 -0.03425048
-0.03663713 -0.12680939 -0.12922147
-0.05288383 -0.04844347 -0.02996583
-0.36574575 -0.05857033 0.00388412
0.28481743 -0.08652392 -0.00460295
-0.10774298 -0.12556952 -0.14219755
-0.00606397 -0.09566385 -0.05313227
-0.37641791 -0.07422442 0.07270077
0.06317164 -0.12522860 -0.00605271
0.05089923 -0.15123555 -0.00128876
-0.14587206 -0.11756827 -0.03344768
0.25075078 -0.16221189 0.01134608
-0.25833994 -0.10490153 -0.10512438
-0.21352351 -0.10366368 -0.03742800
-0.05542064 -0.15489130 0.09255706
-0.22280516 -0.15953201 -0.00976277
0.09096569 -0.16965334 0.00105577
-0.30655643 -0.10785110 0.08565284
0.07377429 -0.10563182 -0.04578090
-0.39497563 -0.09219567 -0.05757779
0.06782529 -0.10920340 -0.03463218
-0.20447201 -0.16309243 -0.13486978
-0.23002878 -0.07803339 -0.05641198
-0.08171675 -0.00688044 0.00446614
-0.13730757 -0.11563176 0.04881450
-0.08737765 -0.09579562 -0.10603674
0.09459999 -0.11013024 -0.07433314
-0.21898592 -0.16015436 0.03280219
0.17514643 -0.16026311 0.01157648
0.07694788 -0.11558551 -0.07297228
0.11267172 -0.14753067 -0.00404363
-0.26722229 -0.11171040 -0.13453184
-0.10024551 -0.13028957 -0.15704072
0.07673529 -0.12893121 0.07949863
0.02961991 -0.13992165 0.12994035
0.00591189 -0.09993714 0.01566388
-0.17481264 0.07437386 -0.02904203
-0.05836890 -0.15327296 0.12526146
-0.03539390 -0.11844607 0.14172171
-0.26966354 -0.09048651 0.01792283
-0.23289126 -0.15840819 0.00889741
-0.31052992 -0.13329904 0.15178171
-0.18273689 -0.14729930 0.00766484
0.01108056 -0.11994531 -0.09269463
-0.08108492 -0.15358211 0.14419697
0.22483562 -0.14148474 -0.02125165
-0.05681151 -0.06534138 -0.06737347
0.18673615 -0.10211930 0.03023051
0.02955926 -0.11366308 0.11250563
-0.28744352 -0.10572500 -0.09261767
-0.11866742 0.01100313 -0.00748769
0.05774361 -0.16031913 0.02877810
-0.17885505 -0.08479878 0.08363028
-0.22378753 -0.15243864 -0.10453510
-0.22938479 -0.14759994 0.03135881
0.11279702 -0.12678245 0.01218548
-0.12062082 -0.12070575 -0.12334895
-0.16913599 -0.13311823 0.05441392
-0.06700721 -0.15308113 -0.04748016
0.10168876 -0.11254717 0.01820042
0.28668430 -0.12681097 0.01287529
-0.06062619 -0.12578055 0.07246635
-0.29806849 -0.11504008 0.09529737
0.01991923 -0.08553150 0.08740792
-0.13478492 -0.14941727 -0.10343205
0.07541592 -0.10975572 0.06262085
-0.07037549 -0.15346451 -0.05441443
-0.19244808 -0.13863471 -0.11439711
-0.30324242 -0.09682046 0.09602431
-0.31506220 -0.13025676 0.09282257
-0.29113436 -0.13926208 -0.07657093
0.11329319 -0.14683691 0.06207969
-0.09525110 -0.11563299 0.04498148
-0.30116871 -0.14170180 0.07081910
-0.30629027 -0.14195290 0.08128642
0.38380155 -0.13252100 0.00393317
-0.12241057 -0.00156897 -0.00424237
-0.28404462 -0.15136330 -0.15385260
-0.20431657 -0.11265435 0.03621777
0.04431758 -0.12315642 0.04844529
-0.34201151 -0.08438242 0.01055850
-0.28824744 -0.03672667 0.02754740
-0.30952665 -0.10480166 0.12303101
0.08621238 -0.15468691 0.01237340
0.25564337 -0.11952880 0.02794215
-0.10531230 -0.08401197 0.11248229
-0.28867656 -0.15276080 -0.07100655
-0.18124568 -0.15319555 -0.02025563
-0.30932152 -0.12088604 0.06137570
-0.36702722 -0.09177581 0.03428883
0.25445157 -0.10364822 0.03683967
-0.08092301 -0.03419936 0.02393162
-0.14744736 -0.11488301 -0.06942628
-0.16700654 -0.05651757 0.00577183
-0.09380849 -0.14382388 -0.08901238
0.06605579 -0.15367509 -0.05418320
-0.32298326 -0.09983721 -0.11443803
