-0.08728061 -0.02288062 -0.05579466
0.19125573 -0.10615178 -0.02866785
0.15653230 0.01555761 -0.04493609
0.10298553 -0.00191142 -0.05379703
0.15911937 0.00345081 0.00814997
0.11717470 0.00803869 0.03474739
-0.08642906 0.00929675 -0.03712947
0.10992043 -0.03473775 -0.05853171
0.21560116 -0.09341455 -0.05285636
-0.38858509 -0.05181616 -0.05392413
-0.42532337 -0.04016428 0.02815350
0.26481575 -0.09752771 0.05036885
0.36495787 -0.03389287 0.01415682
0.17008977 0.04497832 0.00710626
-0.42742294 -0.02941186 0.00614755
-0.41406956 -0.10512652 -0.02355000
-0.25474253 0.02103595 0.03989451
0.12940104 -0.02742233 0.05793085
-0.22220665 -0.09530310 -0.05817798
-0.46683624 -0.05685076 0.01698728
-0.45450470 -0.10154419 -0.02265697
-0.25106472 -0.06968909 0.05630103
-0.22559142 0.00530915 0.03917295
-0.11545192 -0.03954305 0.04756764
0.19011866 -0.01778286 0.05461163
0.19703186 -0.07129822 -0.05816371
-0.01490259 -0.09485674 -0.02701792
-0.38907450 -0.02001734 -0.02487444
0.10535506 -0.00957832 -0.04486716
-0.40356255 -0.02905005 -0.03853959
-0.22750035 0.02241968 -0.01160115
0.16248624 -0.06615432 -0.06089170
0.16755553 -0.00077840 0.04613642
-0.14096694 0.01669833 -0.02474770
-0.06332225 -0.09342698 0.05111609
-0.31593946 -0.08012778 0.02388719
0.29235786 0.00843067 0.01092789
-0.13903572 0.01957860 0.03662116
0.12278557 -0.10865606 -0.00343430
0.26347429 -0.03108582 -0.03028473
0.20999265 -0.10588106 0.03373729
0.34677997 -0.06235512 0.04512976
-0.40545037 -0.04049185 0.04958291
-0.39708960 -0.08617620 0.05357448
-0.12262775 -0.10037859 0.02893195
-0.23710856 0.00830749 0.04348334
-0.15419427 0.03819495 0.04156077
-0.21733712 -0.05361833 0.05819759
-0.26882005 -0.02880671 -0.00773933
-0.11269605 0.01353162 0.00970222
-0.38086662 -0.03629375 0.00367034
-0.10046476 0.01597716 0.05237647
0.24244665 -0.03064929 0.05496124
0.11253247 -0.04249143 0.05751903
0.25242049 -0.05918039 0.04088712
-0.42072743 -0.06055141 0.00828111
-0.39987862 -0.03666091 -0.03257112
0.17989348 -0.02486583 -0.05497144
0.00046906 -0.09819648 0.05120935
-0.31339538 -0.07580945 0.05614737
0.29722893 0.01321501 -0.03953122
0.08088583 0.00213712 0.04547519
-0.29589531 0.01080255 0.00282674
0.13656729 0.01867188 -0.00936328
0.08054197 -0.09421021 0.05393912
0.00488414 0.00582065 -0.03378527
0.33907712 -0.10409087 0.00467553
0.10778764 -0.09854045 0.04867565
0.00575673 -0.00111360 -0.05020030
0.07672354 0.01122892 0.05048128
-0.27328986 -0.04132520 0.03891150
-0.25062194 -0.09044279 0.05774149
-0.42850721 -0.02778863 -0.01300400
0.13466083 -0.03238461 -0.05949356
-0.15147069 -0.01165266 0.05001889
-0.20626886 -0.03914294 0.04658235
-0.32300022 -0.03962884 -0.00044079
-0.18086524 -0.10972637 0.02243143
-0.00386404 -0.09313835 0.05217173
0.30253315 -0.10184894 0.02073499
-0.32392764 -0.10770658 0.04068865
-0.04279102 -0.05216555 0.05336285
0.37919119 -0.03644213 -0.04304564
-0.03196972 0.02621761 0.00005633
0.30387968 0.00711892 -0.02484065
-0.18501222 0.02638315 -0.02266680
0.08235787 0.01456570 -0.01666768
-0.18829320 0.04551825 0.02662248
-0.39981556 -0.10466953 0.01985968
-0.29994732 -0.05234237 0.05474131
0.21145399 -0.02487174 -0.01051586
-0.06572197 0.00639302 0.04771810
0.21152309 0.03661210 0.00934611
0.20452961 -0.03183831 0.00529807
0.02001046 -0.01003013 -0.05238368
-0.17188819 0.02396741 0.04367099
-0.16606088 0.00708526 -0.02727776
0.28457370 -0.02793256 0.05734748
0.42845955 -0.05747137 -0.02297614
0.31670365 -0.02904756 -0.02347656
-0.40449750 -0.04558377 -0.02651327
-0.28329286 -0.07599797 0.05163327
0.22482340 -0.00752627 0.03362794
-0.00259521 -0.07977027 -0.05704921
-0.41327646 -0.06013644 -0.05781518
0.38295171 -0.05764784 0.04083625
-0.05940883 -0.10756852 0.00893699
0.03611642 0.03459338 -0.00139097
-0.10936941 -0.07544250 -0.04306871
-0.06469686 0.03533562 -0.02599406
-0.19337915 -0.05531597 -0.05854593
-0.44339314 -0.04353593 -0.03768487
0.13013092 -0.10436992 -0.04026405
-0.20192286 -0.00209022 0.05020491
-0.41742203 -0.05248697 0.05159555
-0.29060775 0.00632391 0.03081256
-0.18742505 -0.06069066 0.05950486
0.31862485 -0.08422527 0.04441837
-0.00558448 -0.10633119 -0.02411989
0.02420198 -0.10930976 -0.00138781
-0.19039083 -0.03623258 0.05487441
-0.01837385 -0.03050839 0.05802792
0.04207407 0.00236012 0.04665342
-0.11728194 -0.00388379 -0.04846507
-0.06541415 0.06292149 0.00468903
-0.27871922 -0.01584165 -0.05656129
0.05644798 0.02493404 0.00052567
0.12144648 -0.10254534 -0.02278313
0.10096568 -0.10580268 -0.00927792
-0.02631120 -0.08310968 0.05798836
-0.15092954 0.02903586 -0.04106495
0.08159795 -0.01819542 -0.01266962
0.21308319 0.00732209 0.01205931
0.27935529 -0.10984778 -0.00555811
0.29845756 -0.10402831 -0.01834847
-0.27397186 -0.03361559 0.05709626
-0.25598586 0.02167891 0.01145618
0.17263457 -0.11005106 -0.01119922
0.07949533 -0.00657292 -0.05558064
-0.35583085 -0.03660771 -0.01614383
-0.24450243 0.00111012 0.04610278
0.22295688 -0.10679320 -0.02566130
0.29100275 -0.10479474 0.02226831
0.12599888 0.00772412 0.04569570
0.16501261 0.00186499 0.02516739
-0.09898784 -0.10974977 0.01773569
-0.00756687 -0.03593730 0.04457016
-0.36472324 -0.03218199 -0.04654527
0.07972457 0.01946025 -0.00076001
0.23164569 0.01806691 -0.01577422
-0.06406052 0.04199832 0.02394393
0.29993060 -0.09269729 -0.03860791
-0.36808497 -0.05926062 0.03811785
0.17661750 -0.05674395 0.05841930
-0.26372743 -0.08430821 0.05388229
-0.43463835 -0.06138981 0.01449929
0.11882719 -0.06530941 0.06030466
-0.30659238 -0.04676820 0.05661580
-0.23563494 0.00018893 -0.04587528
0.31176957 -0.03696621 0.01398750
-0.30298352 -0.09889311 0.05034227
-0.38931674 -0.00407876 -0.01354346
-0.06345022 -0.01943755 -0.02014901
0.18678226 -0.03240881 -0.03315436
0.29737118 -0.04568191 -0.05637000
0.26323569 -0.01608756 0.05276342
-0.43289801 -0.04704438 0.03370615
0.18511543 0.01714312 -0.01308825
0.32006600 -0.08443444 0.04867223
0.02660195 0.03300270 0.03175138
0.25276953 -0.10164212 0.04275256
0.13290064 0.01506171 -0.02265683
-0.32249150 0.01651084 0.00849056
-0.13094664 0.03363381 -0.00973143
-0.03825594 0.00668890 0.05434730
-0.15006486 0.02951054 0.01909957
-0.24098150 -0.08920508 -0.05369205
-0.00498694 -0.02664645 -0.05752471
-0.33120933 -0.04400929 0.05459820
-0.05431774 -0.09524619 0.05191961
-0.13595821 0.00404196 -0.00478279
-0.23115104 0.00203372 -0.03097173
0.27275768 -0.04325342 0.05807902
-0.38665658 -0.07127891 -0.05700855
-0.27182111 -0.01215003 -0.04864271
0.10933704 0.00609680 0.03743780
-0.05175102 -0.10561106 0.00501105
-0.00599267 0.01525837 0.05371875
0.19326045 -0.01697583 0.04151326
-0.21284729 0.01454913 -0.02942973
-0.26564416 -0.00666759 0.04204777
-0.32030150 -0.03087466 0.05248842
-0.29829827 -0.01991859 -0.05256975
-0.36992234 -0.07552424 -0.05511330
0.18485546 -0.09969365 -0.04887277
0.18075639 0.00586147 -0.03493932
0.18476799 -0.04270285 -0.05933315
0.42545927 -0.06990626 0.01948075
0.27394712 -0.00312665 0.04285334
-0.24921165 -0.02590663 0.04792045
-0.01322407 -0.02897597 -0.02198681
-0.21051720 -0.09084830 0.05270470
-0.34732422 -0.00564754 0.02645356
0.18517052 -0.02965328 0.05572761
-0.08911303 0.00028573 -0.02508175
-0.38939703 -0.03920913 0.03764171
0.21248300 -0.02143270 -0.05762678
0.05709592 -0.09847900 -0.03739608
0.39420322 -0.09371630 -0.01746994
0.37501612 -0.05604600 -0.04503857
0.08353505 -0.01217521 0.02531057
0.31658313 -0.07694331 -0.04831071
-0.25504768 -0.07201258 -0.05934713
0.30051991 -0.02038368 -0.03849075
-0.07038230 -0.09511112 -0.04212213
-0.26604268 -0.04723072 -0.05669016
0.29715785 -0.03817333 0.01038123
-0.14440642 -0.06398348 0.05668575
0.27623618 -0.00087876 0.02593728
0.25591138 -0.10433922 -0.02919441
0.02338959 0.00980319 -0.04665776
-0.01038774 -0.10849073 -0.01247126
-0.05351540 -0.05133718 0.05820268
0.33557653 -0.01141863 -0.03966959
-0.15197617 -0.04223054 -0.05840093
0.20315091 -0.06305315 0.05696124
0.09700548 0.05824142 0.01062740
0.39428478 -0.07485007 0.03203427
-0.26505065 -0.00546738 -0.01686921
-0.33654255 -0.10293535 0.04922418
-0.04392499 -0.04804645 0.04974967
-0.15118158 -0.07723019 0.05699693
0.22294670 0.03551651 0.01607451
-0.06922129 0.01387082 0.04839922
0.19529428 -0.03589733 -0.05680312
-0.06882496 -0.00120806 -0.00783328
0.15980604 -0.03051276 0.01973298
-0.32637140 -0.03897827 -0.05755747
-0.02422389 -0.08652625 -0.00402928
-0.06933554 -0.07923596 -0.05854023
-0.20600325 -0.03636844 -0.00872582
0.26543278 -0.10235878 0.03215680
-0.02601524 0.01350878 0.03597193
0.24988048 -0.04309779 0.02189579
0.24630532 -0.05279196 -0.06047985
-0.08391749 -0.02374397 -0.02081142
-0.19112331 -0.01528239 -0.04381178
-0.04169280 0.00225363 0.00753403
0.43000996 -0.08885713 0.00022347
0.34851813 -0.02634877 -0.02668480
0.13388135 0.01786951 0.02617902
0.16179053 -0.01179178 0.05515671
0.21517321 -0.02543719 -0.00609728
0.13981438 -0.01830658 -0.00970268
-0.18088357 -0.01483838 0.04808513
0.15212634 -0.04056973 0.05529673
-0.24236819 -0.06750120 0.04161274
-0.25807506 -0.04648548 0.05479505
0.27549642 -0.10086210 -0.02846429
-0.01840504 -0.08785932 0.05558769
-0.31308699 -0.03389445 -0.03013798
0.43478081 -0.04010717 0.01916721
0.19758679 -0.03177095 0.06078390
0.12746528 -0.03565452 -0.02034339
-0.08316658 -0.10601857 0.01723278
0.19495431 -0.11080959 0.01249105
-0.38159347 -0.10002800 0.02851294
-0.23730081 0.00600828 -0.04376343
-0.20786639 0.01922639 0.01769457
-0.01988162 -0.00551693 -0.02226579
0.26204434 0.01405598 0.00680013
-0.18387486 -0.09296195 -0.05571273
0.01399780 -0.08569739 -0.05986879
-0.03097432 0.03632557 -0.01370257
0.21824449 -0.00342805 -0.04876227
-0.13475612 -0.09297641 -0.05591536
-0.43810046 -0.10224873 0.01005020
-0.15021326 -0.03444089 0.05577280
-0.15151983 -0.10829106 0.00439560
0.13494712 0.02421985 -0.02164183
-0.08902662 -0.01003388 0.03127423
-0.01567221 -0.03503749 0.04849090
-0.18910517 -0.00342222 0.02989620
-0.09924034 -0.02329970 -0.02149686
0.38015187 -0.09405480 -0.02217739
0.10575831 -0.10040507 0.04015877
-0.46390137 -0.09046963 0.04519849
0.06560144 0.02190565 -0.02091145
-0.15213206 -0.10739192 0.00152034
-0.08417638 -0.00670954 0.05690184
-0.19147624 -0.10882243 -0.02335591
0.02341544 0.00980113 -0.05215435
0.19295016 0.02181264 0.03261240
-0.39041051 -0.06175406 0.05362229
0.15754846 -0.09079652 -0.04784452
-0.29560408 -0.03710793 -0.04337925
-0.20079663 0.00900963 0.04503658
-0.14164013 0.00352265 0.04824214
-0.23697367 -0.10275579 0.01916122
-0.45370504 -0.10146061 0.03630709
0.29473186 -0.09251984 -0.03651309
-0.09535211 -0.03689515 -0.04853091
-0.28021827 -0.05139611 -0.05914541
0.11348279 0.03821560 0.01767227
-0.18395396 0.00723704 -0.04069976
-0.37880895 -0.03305439 0.02892377
0.01032390 0.01303845 -0.05030818
0.21263210 -0.02744667 -0.00661710
0.00608623 0.02922625 0.02049776
-0.30250636 -0.07724334 0.05388620
-0.39036644 -0.10812427 0.03398222
-0.16945682 -0.10425193 -0.03754620
0.02087927 -0.10667719 0.03776728
-0.17464010 -0.03993800 -0.02368521
-0.01272482 -0.01163145 -0.04914194
-0.29298490 -0.02956251 -0.02612121
-0.19270691 -0.00907054 0.05677780
0.36545753 -0.02592316 -0.05027473
-0.03474680 -0.02460727 -0.02384831
0.04149538 0.03169503 -0.02843684
-0.19194220 -0.00339516 0.04828850
0.00453473 -0.01386419 0.03689827
-0.00571606 -0.02919503 -0.03336193
-0.28612760 0.00280032 0.04595880
-0.35929894 -0.10722376 -0.02216370
-0.10730983 -0.02710350 -0.05818834
0.18869914 -0.10544964 0.03463091
0.22013973 0.00745391 0.02217976
0.01718938 -0.02913172 0.05856724
0.01088946 -0.09712648 -0.02532720
-0.37158594 -0.10100626 0.04309959
-0.10879845 -0.09167825 0.04426944
-0.16807738 -0.03594168 -0.05456729
0.39938787 -0.07033148 0.03147157
-0.43356997 -0.04153709 -0.00330876
0.11471742 0.01293906 0.04665817
-0.02768950 -0.03282146 0.04967463
-0.32872161 -0.10284324 -0.04038010
-0.22709011 0.01049454 -0.01719385
-0.29177350 -0.10454981 -0.04553257
0.10027742 -0.08876867 0.03278270
0.36036810 -0.04477740 0.05073609
-0.31301135 -0.06231914 -0.05875299
-0.20267075 0.04760479 0.01646310
-0.41663936 -0.02266662 0.01010232
0.07018173 -0.08315335 -0.05622584
-0.38260362 -0.04338946 0.02010099
-0.33227757 -0.05397756 0.05439202
0.08128291 -0.05262491 -0.05106426
0.35738245 -0.09092057 -0.03654219
-0.13767761 -0.06378123 0.05936412
-0.08241519 -0.03724022 -0.05775747
0.06723767 -0.08874009 0.05808603
-0.47305530 -0.09311040 -0.02351400
0.08115344 0.03157673 0.03419936
-0.10814115 0.02109934 0.03479157
-0.17499240 0.02995898 0.00402917
-0.00439643 -0.10205320 -0.04940818
0.29375780 -0.01576955 -0.03214953
-0.29801938 -0.09038730 0.04173723
0.05343524 -0.09193042 0.05698137
0.30530369 -0.10784863 0.00950473
0.15952830 -0.02541059 0.05845982
-0.29293019 -0.08139043 -0.05755606
-0.29675648 -0.06884865 -0.03244381
-0.19042851 -0.07588995 -0.04589519
0.09165208 0.03365055 0.00823279
-0.14461452 0.01984595 0.03940121
-0.26855537 0.00306929 0.01264737
-0.17921528 -0.03275534 -0.05182666
-0.37705207 -0.10763867 -0.02488613
-0.02246591 -0.02236461 0.02842221
-0.05661175 0.00398032 -0.00117509
-0.22372574 -0.07572939 -0.05915482
0.08016077 0.04085206 0.02553772
-0.30772665 -0.04285823 -0.05642533
-0.21323831 0.02543722 -0.00552218
0.30678999 -0.06455117 0.04106266
-0.17265397 -0.01503055 -0.05583387
-0.27921873 -0.00463966 0.05156516
0.34649020 -0.03165434 -0.05206959
0.32740602 -0.06229720 -0.03992403
-0.23319703 -0.02528333 -0.05667398
-0.02259807 -0.05422692 0.05905258
0.30490884 -0.01848478 -0.05226362
0.28130063 -0.04762249 -0.05698156
-0.19403483 0.03010179 -0.03234970
0.24824604 0.03359434 -0.00491278
0.39792845 -0.02742108 0.02551513
-0.19275174 0.00297413 0.00144344
-0.22870490 -0.01526583 0.04330922
-0.02050734 -0.06868738 -0.05969807
-0.33430049 -0.10727873 0.00797872
0.03509240 0.03061112 0.04455795
0.31908891 -0.09361490 -0.04507205
-0.37537986 -0.01333945 -0.03135577
0.35470071 -0.03730515 -0.00909293
-0.01313452 0.02574808 -0.04502585
0.05739522 -0.02997226 -0.01642198
-0.18105006 -0.04451388 -0.05667071
-0.38431013 -0.10607319 -0.02029690
-0.21641204 -0.09627723 -0.05334759
0.11616126 -0.09403003 -0.05619142
-0.33825862 0.01354250 -0.02489084
-0.16271240 -0.10952404 0.03334187
-0.47713959 -0.07766964 0.03512428
-0.41650611 -0.07511358 0.03745881
-0.07943052 -0.04360981 -0.05938827
-0.31543422 -0.03442977 0.01113221
0.35748523 -0.02421652 0.03580254
-0.26836416 0.02662018 0.01961461
0.10784546 0.02612801 0.02402936
0.25842726 -0.00297544 0.02760989
-0.30604431 0.00301348 -0.00659903
-0.28312147 -0.04579507 0.04546293
-0.37820348 -0.03915295 0.05449469
-0.08611181 -0.07471927 -0.05553401
0.11724328 -0.03705572 -0.05852848
0.00842164 -0.03661927 0.05723160
-0.26189840 -0.10550994 0.00854951
-0.05003585 -0.00524534 0.05487165
0.21072567 0.00059499 0.05500342
-0.42440993 -0.10326811 0.01083913
0.38545933 -0.08109466 0.01779309
-0.44645992 -0.03123090 -0.03678255
-0.37909564 -0.10877386 0.01966793
-0.45001078 -0.03953079 0.04806284
0.24416254 -0.01930901 -0.05693583
-0.30104941 -0.02517606 0.03175988
-0.21500596 -0.04243964 0.05430283
0.23909579 0.00815762 -0.01875213
0.26239267 -0.10564376 -0.01780611
0.42856827 -0.04962721 0.02765123
-0.07895511 -0.03624199 -0.05971818
0.36322001 -0.05975369 0.04029629
-0.34332618 -0.10778829 -0.01976865
0.46289733 -0.04738302 0.00171617
0.07502504 0.00300465 -0.02587501
-0.00533368 0.00787870 -0.05345446
-0.43350124 -0.10253219 0.03756310
0.31182858 -0.02678700 0.03005055
0.34024122 -0.00504549 0.00821824
0.30209142 -0.03162985 0.05759969
-0.28204295 0.01279656 0.02713574
0.22772160 -0.09294696 0.05442458
-0.18076500 0.00511130 0.02836547
0.22957125 0.01292001 0.03920691
0.01857822 -0.08413559 -0.05712895
-0.01088023 -0.08561929 -0.04576513
-0.11924911 -0.05057438 0.05540926
-0.37797639 -0.00744898 -0.03940349
-0.13619107 -0.10521657 0.04308185
-0.14178918 -0.01772598 0.05185347
0.20363544 -0.04198159 0.06023534
0.15391499 -0.08940843 -0.05639916
0.04604030 -0.03446315 -0.05680959
-0.34252760 0.00977727 0.00012214
0.25480983 -0.02191923 -0.01604054
-0.22814475 -0.00508619 0.05011407
-0.02792207 -0.10618442 -0.02546806
-0.09555461 0.02647704 0.00900851
0.29202765 -0.02693055 -0.04937724
0.01031313 -0.08346599 0.05429547
0.27408078 -0.02620007 -0.04306903
-0.16639453 -0.03504471 0.01859223
0.01106720 0.01983437 0.04809124
0.18729910 0.01071686 0.01080608
-0.24759299 -0.05856083 -0.04526510
-0.08301864 -0.10427403 -0.02456156
0.33947617 -0.09673814 0.03697663
0.13210885 0.00614672 0.05219235
0.32280812 -0.10472199 -0.01676554
-0.19795598 -0.10756026 -0.02170225
0.34912869 -0.05848958 -0.04342486
-0.35784069 -0.09185816 0.05371612
0.13341495 -0.07622068 -0.05433239
0.01907016 -0.10902272 -0.02859298
-0.04121315 -0.10533193 -0.01037275
0.31706250 -0.10092856 0.03731515
0.12264934 -0.05937111 -0.05952762
-0.24816547 -0.04016208 0.05684504
-0.10667551 0.07299680 -0.00875626
-0.19408283 0.07184005 -0.00879856
0.25686285 -0.09443756 0.04845716
-0.40791556 -0.06020353 -0.05518505
0.11011130 -0.00714881 -0.05564867
-0.23979962 -0.03936125 0.05784642
-0.26114297 0.01191544 -0.00257203
-0.22185028 0.05039104 0.01002536
-0.00461858 -0.09229499 0.05564291
0.18131493 -0.10842869 -0.02030365
-0.28420109 -0.09710170 -0.05496065
-0.33643374 -0.01316987 -0.03804634
0.14418343 0.02510215 0.03001053
-0.07096411 -0.03417897 -0.05706413
-0.21758819 0.01876229 -0.03642472
0.08307651 -0.06678960 -0.05062407
0.26105168 -0.05566021 -0.05308101
-0.17049313 -0.06434594 -0.05844516
-0.27384073 -0.04296784 0.03652921
0.25076920 -0.02552156 -0.00618519
0.11519038 -0.03305595 -0.02893613
-0.17746869 0.01159531 0.03503520
0.19748938 0.00681561 -0.01778131
-0.19913277 -0.09920072 -0.05456122
-0.14559326 0.04147658 0.02450264
0.16678707 -0.04759665 -0.05995092
-0.07343489 -0.07266055 -0.05738728
0.28692895 -0.01643192 0.04913953
-0.40636876 -0.03417255 -0.05133878
0.27196079 0.00537238 0.03667569
-0.15423112 0.00079311 -0.01846447
-0.45139766 -0.02944725 -0.02979855
-0.35105440 -0.10687777 0.02113366
-0.10491728 -0.10147669 0.03260834
0.05676129 -0.02078370 0.05614876
-0.30469170 0.00741665 0.00183660
0.18947764 0.00514441 0.04258284
-0.45514834 -0.06385569 0.01890132
-0.28257751 0.03440303 -0.01501126
-0.00984548 -0.07699890 -0.05734331
-0.26004609 -0.05398312 -0.05850652
-0.38976556 -0.10744070 -0.00539660
-0.22609113 -0.01724540 0.04233092
-0.08186152 -0.02075169 -0.03773049
-0.24685057 0.02020940 0.02512242
0.09678758 -0.07179280 0.05938789
0.18778330 -0.00111284 0.05751024
-0.38652799 -0.05740772 0.03649854
0.22655347 -0.02990657 0.00733858
-0.41871798 -0.10993308 -0.00355591
-0.13188037 -0.02088227 -0.02103009
-0.02880339 -0.07647678 0.05812365
-0.35663301 -0.02158695 0.05172765
-0.28184190 0.01015789 -0.03892561
0.08320979 0.00039649 -0.05481449
-0.01493081 -0.02628925 -0.00402000
-0.08322343 -0.08068211 0.05438969
0.31875011 -0.01607775 -0.03842041
-0.22411427 -0.06908285 -0.05814179
0.17248206 -0.03201848 0.02736035
-0.12633666 0.02145707 -0.04893302
0.13037492 -0.01353906 0.03215298
-0.48053959 -0.06210479 -0.02732256
-0.16778919 0.03217097 -0.01176453
-0.07737210 0.02327596 -0.00622527
0.03958328 0.01748157 -0.05008580
-0.22605498 -0.01194462 0.05121970
-0.19195394 -0.02900742 -0.05592810
0.46681952 -0.03229262 0.00341262
-0.22133318 -0.07388286 -0.03134744
-0.11621243 -0.00228429 0.04392060
0.27629048 -0.01787994 -0.00603987
0.22091994 -0.10915953 -0.02729231
-0.21331376 0.01898412 0.01581522
-0.41436422 -0.03084898 -0.01134688
-0.44829357 -0.03092248 -0.00406908
-0.34170011 -0.04124033 0.05527525
0.03364545 -0.01706206 -0.02020335
0.13836077 -0.09874568 -0.00805919
0.20872439 -0.03523831 0.05898066
0.35366201 -0.03827380 0.01618211
-0.04585687 0.02509265 0.02045472
0.15332952 0.02424027 -0.02448554
-0.25705007 0.00203474 0.01949746
-0.05075281 0.01838729 0.05421314
0.46517414 -0.03165135 -0.00329268
0.30506611 -0.09213638 -0.04835162
-0.35407323 -0.01144173 0.00631491
-0.39513946 -0.04538301 -0.05592831
0.31933439 -0.05945871 0.05367389
0.27206671 0.01855740 0.00291978
-0.21621174 -0.02673677 0.02963028
-0.29093656 0.00444352 -0.03803872
-0.32948858 -0.10247858 0.01381077
-0.17101619 0.02590095 0.03441958
-0.37459394 -0.02287336 -0.03408787
-0.31679127 -0.02983626 -0.05733814
0.44926465 -0.03522220 -0.00733945
0.38735235 -0.04824413 -0.03771723
0.33581221 -0.09920426 -0.02296866
0.06854681 -0.10010205 0.04988258
-0.26731005 -0.10852229 0.02258278
-0.33686084 -0.02411615 0.04471058
0.32280099 -0.09685984 0.01880598
-0.26548156 -0.02440173 -0.04119678
-0.34480548 -0.05344511 -0.05884168
-0.05275105 -0.01765500 -0.05621586
-0.20197502 0.02268371 0.03977197
-0.40172017 -0.04423284 0.05042308
0.23112266 -0.01677929 0.04226005
-0.10158617 -0.08100976 0.02713984
-0.01593713 -0.09517412 0.05039515
-0.16376913 -0.10766133 -0.01170559
-0.02005168 0.03585300 0.02220598
-0.10019245 -0.00441371 -0.04872638
-0.08216832 -0.08340520 0.05645544
0.02073503 -0.10785206 0.03575718
0.30766499 -0.10254842 0.02551029
-0.38039732 -0.05385190 0.05452886
-0.32274079 -0.02756684 -0.05460124
-0.26613781 -0.01751088 -0.04345822
-0.22868834 -0.02407276 -0.04340627
-0.28564006 -0.04457844 -0.05732346
-0.29945755 -0.01314754 0.02076254
-0.32778877 -0.03753891 0.05860860
0.01252292 -0.02282173 0.03429611
0.04007245 -0.03705830 -0.04376139
-0.13620307 0.02438891 -0.00333422
-0.43297842 -0.09318270 0.02538842
0.39105257 -0.03536060 0.04414153
-0.06440482 0.00969057 0.03421736
-0.24670535 0.00180090 0.05036202
-0.03801479 -0.01709275 0.04798344
0.27036542 -0.02690574 -0.00036651
-0.08470929 0.04498147 0.03026865
-0.39190763 -0.07568711 -0.04461118
0.00916750 -0.10564637 -0.03030883
0.08013479 -0.10781570 0.03355663
-0.20376587 0.02271514 -0.00167446
0.03397491 0.01830938 0.04801916
-0.07292929 -0.06283949 -0.06054488
0.02734631 0.00657959 0.05170071
0.04360190 0.01015031 0.02033652
0.35109499 -0.04343593 0.04343320
-0.47664094 -0.04153845 0.00544804
-0.21032624 -0.07569180 -0.05978633
0.35332152 -0.00050170 0.00454711
-0.20436576 -0.10060798 0.04782545
-0.45071173 -0.08919270 -0.03323643
0.28889430 -0.03600121 0.02185112
0.01054533 0.03420963 -0.00823774
0.43811408 -0.06626802 0.01529326
-0.26612645 -0.07793307 -0.05855301
0.27832797 0.00381476 0.04802017
0.00686403 -0.10506686 0.03371442
-0.19801381 -0.03852484 0.03871109
-0.13605115 -0.08581175 0.05696731
-0.33115998 -0.09913220 -0.04578654
-0.46367791 -0.03811546 0.01377371
0.27297068 -0.10648187 -0.03416113
0.34155422 -0.03086802 -0.02202340
-0.42174947 -0.05164859 -0.03747179
-0.13394532 -0.10073148 -0.02842152
0.21723773 -0.04898503 -0.05989280
-0.13323753 -0.00338076 0.04976558
0.00860145 0.02992143 0.02933957
0.35306337 -0.06680874 0.04635725
-0.06201034 -0.02589811 -0.05086308
0.34930301 -0.00752543 -0.03499264
-0.04177159 -0.09819356 -0.05472081
0.23557124 0.01708657 0.00544096
-0.13876620 -0.00134866 0.00679845
-0.04041823 0.01832228 -0.00404880
0.12303415 0.01025063 0.03840781
0.10208835 -0.09759782 -0.01251428
0.20776467 -0.10432272 -0.04838995
0.10796581 0.02143819 0.02572586
-0.15380287 -0.08685779 0.05446728
-0.44759899 -0.04478249 -0.00934955
-0.01594324 0.00994340 -0.05006807
0.38938162 -0.08557070 -0.02983495
-0.28416848 -0.05733485 0.05589233
0.06435734 0.03449131 0.02370670
0.05068251 -0.06654666 -0.06132933
0.14634056 -0.02358885 -0.02725436
0.07899532 -0.09902006 0.04398647
0.03149311 0.01395316 -0.02744232
0.26821303 -0.03335490 0.00623182
0.19769663 -0.02060429 -0.05873207
0.38215047 -0.09759233 -0.01698909
-0.44424486 -0.03543138 0.00382987
0.08212959 -0.05140544 -0.05799800
0.16026717 0.03046471 0.03256932
-0.37282827 -0.03231238 -0.05372245
-0.28116262 -0.10522604 -0.03199610
0.24556352 -0.10073136 0.04025201
0.03118834 -0.10791092 -0.02964445
-0.33435392 -0.04490840 -0.00213889
-0.31271937 -0.07262460 0.00550904
-0.11381322 0.04518139 -0.00108330
0.39745674 -0.02990274 0.04298713
-0.31816801 -0.01920596 0.05435995
-0.14336860 -0.07294670 -0.02872197
0.10554096 -0.10131341 0.04480892
-0.07504372 0.00709019 -0.01551625
-0.23336257 -0.02938862 0.04715906
-0.43848601 -0.06472212 0.00688179
-0.09408740 0.03358979 0.04157492
-0.06220959 -0.10636501 -0.04139064
0.13276532 -0.01286877 0.05178064
-0.03109098 0.02327474 -0.03016479
-0.00435514 -0.06210324 0.05670812
-0.13652785 -0.09449659 0.05058239
-0.16051081 -0.05580219 -0.05508175
0.22556025 0.00139026 0.00329716
-0.15306813 -0.05989980 0.01851579
0.35568050 -0.04517086 -0.03732570
-0.39672381 -0.10449231 0.01831689
-0.02603771 0.03006754 -0.02673814
-0.31184611 -0.09732062 0.05135541
0.06337464 -0.05638533 -0.05865212
-0.12726097 -0.00252941 -0.04926849
0.07979751 -0.10305507 0.02509505
0.05490117 0.02955068 0.02150354
0.02153288 0.02961964 0.01868441
-0.14651132 -0.10839859 -0.03198478
-0.43443084 -0.02259588 -0.05006427
-0.19436033 0.02143280 -0.04750770
-0.20357458 0.01701837 0.04119055
-0.47073340 -0.08402859 0.03700180
0.20641607 0.03935298 -0.00108972
-0.35823449 -0.01711507 0.00789542
-0.43863475 -0.04134671 0.02293362
0.09170083 -0.03535350 0.05496466
0.39930913 -0.08568499 0.00678052
0.12072638 -0.06451862 -0.06134764
-0.22949333 -0.03063679 -0.03711458
-0.10060076 0.00016080 -0.05243281
0.10897243 -0.10186166 0.04791066
-0.12281173 -0.07700388 -0.05437450
0.02349141 -0.05633074 -0.05944725
-0.04923996 -0.01297508 0.04912999
-0.40825543 -0.09758393 -0.04910915
-0.14313905 0.00737496 0.00743487
-0.02489223 -0.09232780 -0.05595244
-0.07729262 0.03977292 0.01676491
-0.47589344 -0.08256717 -0.01056376
-0.21968493 0.01934192 -0.04305661
0.17265224 -0.10740542 0.01943367
-0.02507939 -0.09543465 -0.05063207
-0.38428345 -0.05697355 0.00374875
0.24115600 -0.06928824 0.05767082
-0.17003824 0.02970494 0.00506929
0.29299176 -0.01535323 0.05426863
-0.40783134 -0.08362278 0.05444696
0.14981610 -0.06883600 0.01474740
-0.43641278 -0.02555289 0.03030365
-0.31336838 -0.02790102 -0.03517107
0.10902561 -0.05278200 -0.06073194
-0.36548957 -0.09918009 0.04763594
-0.10024488 -0.10682666 0.00931380
-0.36514440 -0.02183923 -0.03361086
0.14869173 0.00615998 -0.05145489
0.12722838 0.01601795 -0.04869257
0.26823437 -0.10206451 -0.01669908
-0.25754571 -0.00993707 -0.04783417
0.31368017 -0.04206403 -0.05841751
0.24388050 -0.02786009 0.00551537
-0.00368218 -0.03766520 0.04973431
-0.11837821 -0.10675311 -0.04854434
0.44159439 -0.03413226 -0.02233893
0.24400836 -0.09921446 0.03524715
-0.32059479 -0.04218827 -0.04478904
0.29607993 -0.04067457 0.04782321
-0.20548439 -0.10659721 0.04723733
-0.05746482 0.01174796 0.04642996
0.23942976 -0.09366456 -0.05526713
-0.09539296 0.01110829 -0.00425152
-0.09263214 -0.10223861 0.03753379
-0.05219137 -0.06867365 0.05594063
0.01167095 -0.03263285 -0.04404750
-0.13205487 -0.10625660 0.00255713
0.04265577 -0.07544764 -0.06096292
-0.34246898 -0.00291406 0.05334022
-0.11327086 0.00702240 0.03909582
0.06372714 -0.01925957 -0.00191794
-0.44254544 -0.10388974 -0.03005562
0.30810073 -0.02937276 -0.02423151
0.21366790 -0.08534794 0.05494901
0.13135533 0.02275360 0.01177134
0.25109878 -0.06604879 0.05514696
0.40488309 -0.04882888 0.03158113
-0.17898381 -0.01196459 0.05225395
0.03544875 -0.02450062 -0.03760136
0.25243741 -0.00475035 -0.04679395
0.02713962 -0.06791743 -0.05951792
-0.31240562 -0.04146347 0.02523144
0.20013984 -0.01683242 -0.04105849
-0.45381293 -0.06417213 -0.02268301
0.14495681 -0.00561539 -0.04378351
-0.21906352 -0.09613624 0.05579278
-0.14466931 -0.04163554 -0.05435804
0.27105421 -0.10768136 0.00449172
-0.35931039 -0.10505350 -0.04560724
0.08115664 -0.03233367 0.03329657
-0.22700721 -0.06920458 0.00487725
0.03052300 -0.03247789 0.04516563
-0.28217426 -0.10641382 0.03481126
0.06536502 -0.00345702 -0.05135673
-0.33875650 -0.05831308 0.05217392
0.33401582 -0.03741136 0.02463331
-0.39714131 -0.10644703 -0.03546601
-0.38884988 -0.07080503 0.05143282
0.12520015 0.02287088 0.02038740
-0.30171326 0.00370574 -0.02599594
-0.42855296 -0.09751663 -0.00707623
0.09726054 0.02422789 0.00437087
0.23455466 -0.05631367 -0.05825307
-0.17821552 -0.00857672 0.03816126
-0.47128162 -0.09838814 0.00739775
-0.39484102 -0.05017221 -0.05116468
-0.07741426 -0.02797967 0.05444491
-0.09524310 -0.02814897 0.05209354
-0.09285568 -0.10564597 -0.04872828
-0.05149997 -0.05391228 -0.06023496
0.13390155 -0.10283508 0.04714945
-0.00574478 0.00464649 -0.04924526
-0.22494604 -0.07636905 0.05475814
-0.41944781 -0.02095163 -0.05332995
-0.42108470 -0.08009016 -0.05273046
-0.32195038 -0.00354906 0.04980262
0.18496385 0.00790262 -0.03730634
0.26229554 -0.00565353 0.05281445
0.30839142 -0.09497083 -0.02906148
-0.23589680 -0.07400946 -0.01040047
0.26489672 -0.00035337 0.05006887
-0.24642529 -0.02666742 0.05600936
0.21848071 -0.07087467 0.06133617
-0.01711898 -0.10277560 -0.04090700
0.21267731 -0.05351572 -0.05831094
0.35921174 -0.03647615 0.05159651
0.09056942 0.00622508 0.00014759
0.16510826 -0.06996079 0.06140195
0.34824479 -0.09605651 0.02171837
-0.30796751 -0.04494995 0.02765581
0.31893662 -0.04824586 0.05561077
0.32534933 -0.10660397 -0.01925688
-0.26080775 -0.09471988 -0.05773878
-0.16483451 -0.02712666 0.05834451
-0.15032440 0.00692099 -0.04181319
-0.44231656 -0.03600064 0.03288419
-0.07565272 -0.05689754 0.04954830
0.06463911 -0.03457022 -0.04818688
0.09649284 -0.01674390 -0.04824256
-0.30283874 -0.07092644 -0.06031658
0.19184880 -0.01072886 -0.05566032
-0.37197974 -0.09376653 -0.05465630
-0.33164731 -0.09109014 0.03967482
-0.27164921 0.00259811 0.04986148
-0.29593971 -0.10231160 -0.04766504
-0.43336964 -0.10452693 0.02883505
-0.45419848 -0.03986518 -0.02230982
0.02645990 0.04754983 -0.01529640
-0.47207424 -0.09028725 0.04030225
-0.17661954 -0.06274974 0.05490181
-0.06584901 0.04378062 -0.01095339
0.31602648 -0.10022212 0.02454110
-0.39581710 -0.02992571 -0.05266708
0.08807129 0.00211823 0.05469894
0.04571210 -0.02561215 -0.05222523
0.29727682 -0.07932556 -0.05407834
-0.35969400 -0.07928283 0.05248849
0.11640956 0.00892641 0.04019183
0.14309061 -0.10525424 0.03422077
-0.04198227 -0.03084946 -0.05607425
-0.13872810 -0.01191087 0.02526542
-0.05268968 0.04845430 -0.02025272
0.17244793 0.01185885 0.02303630
-0.21360752 -0.04157363 -0.04704330
-0.21594921 -0.09073537 -0.05929954
0.01568513 -0.04076256 0.05922686
0.16647382 -0.10292809 0.01925108
0.21258280 -0.08472421 0.05894832
0.17030892 0.01477662 0.01204133
-0.29757488 0.02964287 -0.00727676
-0.10461010 -0.09552290 -0.05769112
0.22997633 -0.04922927 0.06153335
-0.01434217 -0.07676130 -0.05714098
-0.16729930 -0.02935462 0.01893862
0.09669019 -0.00729261 -0.05412113
0.05370343 -0.03592140 -0.05560191
-0.00021917 -0.01497078 -0.05077508
0.23503213 -0.10169388 -0.04253593
-0.08082393 -0.02099675 0.02797442
-0.28395727 -0.03608316 0.04463511
0.43871576 -0.03483262 -0.02145318
0.31430051 -0.07604614 -0.05413231
-0.25551420 0.01147411 -0.02674698
-0.10515869 -0.03604684 -0.06008009
0.08180115 -0.03477320 0.02459040
-0.48003322 -0.06911234 -0.00851077
-0.08256364 0.00498186 -0.03957669
0.21379605 -0.06396598 -0.05788990
0.11850946 -0.01535805 -0.04945604
-0.45688432 -0.04239712 -0.01561129
0.16327408 0.00440142 0.03879263
-0.27567706 0.01173398 0.02565339
-0.00095612 0.02742474 0.01320625
-0.39403054 -0.02483993 0.04004832
0.24856028 0.01149414 -0.04190644
-0.09911077 0.01825516 -0.00356083
0.16309921 -0.02104834 0.05905817
-0.30212346 -0.04721081 -0.05848092
0.27812615 -0.07283786 -0.05144269
-0.24158558 -0.00125347 0.04925864
-0.34977272 -0.00480412 0.04839658
0.13747227 -0.10323431 -0.04105762
0.29398006 -0.10363191 0.03110964
-0.17685252 0.02244724 0.03914577
-0.05541989 -0.10825670 0.01407898
-0.18936977 -0.08273772 0.05397581
0.14819895 -0.01608344 0.02422916
-0.32602304 -0.01529755 0.04056756
0.02104285 -0.09280954 0.05269429
-0.47406980 -0.04909326 -0.01673475
-0.08196016 -0.04169396 0.02902478
0.04258372 -0.00008164 -0.03380780
0.32610312 -0.02672636 0.05397951
-0.13055146 -0.10262572 0.05077839
-0.41646832 -0.08429641 -0.04120415
0.39845133 -0.09562647 -0.01183425
-0.20594053 -0.07257240 -0.05977499
0.28906116 -0.09917605 -0.04457093
0.02705926 -0.06944381 -0.05878932
0.35225108 -0.03779376 0.04936647
0.36336589 -0.01574953 0.02469190
0.11664008 -0.07634132 0.05554954
-0.41917834 -0.04271621 0.05513024
-0.46262661 -0.08511535 -0.01519400
-0.25290394 0.01223453 -0.01572452
-0.28078112 -0.06916924 -0.05893042
-0.13360262 -0.07948610 0.04823981
0.29608977 -0.07483571 0.05375191
0.37077427 -0.02420566 -0.04994718
-0.05215512 -0.09506760 -0.05525177
-0.34992772 -0.10098019 0.04600456
-0.03989178 0.02849082 0.02590672
-0.25272575 0.01160995 -0.04221322
-0.05268813 0.01034799 0.03697717
-0.05440923 0.02405208 -0.02879507
-0.41922197 -0.02340808 0.02535464
-0.12189781 0.01419276 -0.01721340
-0.14898482 0.03839420 0.03030691
0.35685378 -0.05702500 0.04241545
0.06470360 0.01592619 -0.04270869
-0.04390708 -0.03921494 -0.04361462
0.08161790 -0.10887315 -0.00929462
0.03437854 0.00818450 0.03931757
-0.37027696 -0.03937618 -0.01132712
-0.15999523 -0.10403025 0.04950640
-0.36414850 -0.04190346 0.05025953
-0.09759139 0.02353571 -0.04849004
0.16962875 -0.02342256 -0.05798247
0.15690868 0.02480806 -0.02782247
-0.25352293 -0.01425288 -0.03518481
0.33196911 -0.07575471 -0.05179685
-0.22468545 -0.01808350 -0.05830053
-0.02981406 0.01920003 -0.03025677
-0.17158836 0.01906619 -0.00116297
0.21547863 0.00445397 0.05080810
0.09921855 0.01824104 0.00921480
0.15196408 0.00781015 0.05324724
0.14581873 -0.04800320 -0.05603118
-0.22306155 0.01249905 0.04227215
-0.08032025 0.02121549 0.00494938
-0.02018348 -0.09033596 -0.05231845
-0.01285027 0.03425574 -0.01488263
0.12054504 -0.10135880 0.04569173
-0.38655373 -0.06608961 0.04245208
0.07370837 0.02601943 -0.00893842
0.28870124 0.01665566 -0.00242669
0.20641309 -0.03301739 -0.02932030
-0.37117201 -0.02133229 0.02524183
-0.32590783 -0.10071730 -0.03709376
-0.26359037 -0.02753406 0.05453286
-0.44672287 -0.07800265 -0.05378125
-0.28792256 0.04183208 0.01240377
-0.00944867 -0.02749450 0.05402308
-0.34527111 -0.03802291 -0.03526095
0.02338633 -0.05533405 0.05907292
-0.22957958 -0.00153707 -0.05178261
0.06538872 -0.10633048 0.01442441
-0.40679628 -0.10191532 -0.01134394
-0.18476325 -0.03757861 0.04729335
0.20759302 -0.01832001 0.05212468
0.00862421 -0.05462167 -0.05815934
-0.08646309 -0.10238059 0.04284705
0.19293238 -0.10099395 -0.04295684
-0.20103654 0.03405877 -0.01765897
-0.27643028 -0.08797313 -0.04404888
0.05499803 -0.04773146 0.06138083
-0.19024985 -0.10850173 0.02711517
-0.03221663 -0.02290800 -0.02094331
0.11708251 -0.09813514 -0.05416242
0.36150241 -0.09812946 -0.01395843
0.25834033 -0.10654789 0.00604312
-0.02549116 -0.03811051 -0.05642704
0.21622142 0.01581779 0.03607782
-0.01860064 0.06350743 -0.00015819
0.21159998 -0.08690345 0.05765713
0.25262743 -0.01011697 0.03861555
-0.01881197 0.00605060 -0.05347178
-0.29595309 -0.00886596 0.03248011
0.22904824 0.00500860 0.01600288
0.16074185 -0.02925708 0.05090067
-0.22736546 0.02380206 0.02578404
0.21947424 -0.01924127 0.04582629
-0.20403159 0.06939080 -0.01344474
0.01342137 0.00509188 -0.02946731
0.12421879 0.01948893 -0.01274401
-0.09462798 -0.01285648 0.05356930
-0.38890284 -0.04524560 0.05791929
0.35107830 -0.10574157 -0.00766394
0.38196129 -0.07299598 0.03515932
0.10107858 0.02159765 -0.00375657
-0.10711836 0.04607482 -0.01800593
-0.18059789 -0.00388995 -0.04577466
0.06896444 0.03052397 0.04445596
-0.23823397 0.01051012 0.01711471
0.41718528 -0.03801586 -0.01185742
0.04958493 -0.06559089 0.05866038
-0.26851973 -0.00631709 0.04681196
0.09907766 0.03632152 0.00239889
-0.06333117 -0.08355638 -0.05560517
-0.20562449 -0.10193019 -0.01619642
0.09863068 -0.02150199 -0.05718157
-0.20589048 0.02297325 -0.04608886
0.19174370 -0.02746857 -0.05504160
-0.37795076 -0.02086613 -0.04276329
0.08279038 -0.09041863 0.05537301
0.35198444 -0.04587924 0.04978076
-0.06972319 -0.00090215 0.05732443
0.33558935 -0.09387707 -0.01763065
