0.09579830 -0.34481001 -0.00116786
-0.03259870 -0.33727911 -0.00383865
-0.00165035 -0.30809000 0.03096573
0.23930964 -0.30454773 -0.00683643
-0.14557251 -0.30926415 -0.05933716
-0.08497636 -0.26286063 -0.00059879
0.11292870 -0.30107269 -0.02678992
0.00801999 -0.36803851 0.00091944
-0.00435252 -0.30431569 -0.04579172
0.10982735 -0.30448830 0.05473814
0.11516407 -0.33895317 -0.00489863
-0.12559994 -0.31394723 -0.05669378
0.06526335 -0.31478053 0.05698012
-0.15016863 -0.35061574 0.03474855
-0.13464701 -0.33127522 -0.04723772
-0.14733408 -0.31098068 0.06269855
-0.16386186 -0.32987964 -0.04188795
-0.21418740 -0.32937020 -0.00215514
-0.03791122 -0.33664879 -0.00588420
-0.02284696 -0.34947461 -0.04110765
0.02833476 -0.34058538 -0.02533475
0.08285214 -0.33549118 -0.04184485
-0.05896454 -0.28653520 -0.04319876
0.04799720 -0.29929796 0.02882509
-0.17275387 -0.35009658 0.02110388
-0.07413171 -0.34473544 0.00110584
-0.20731699 -0.35008195 -0.03814185
-0.09430350 -0.38962707 0.00013963
-0.02401751 -0.31620684 0.06583332
-0.04054651 -0.36712146 0.00337296
-0.03968311 -0.34155077 0.05840101
-0.13579284 -0.32281807 -0.01197405
-0.23021308 -0.30894360 -0.04375749
0.00366780 -0.22910464 -0.00966463
0.06470263 -0.34080100 0.02148794
0.17496520 -0.30687407 0.02616685
-0.13305178 -0.29843101 0.05814937
0.04280692 -0.33566082 0.03853395
-0.22698094 -0.31542587 0.02412074
-0.15158886 -0.30375344 -0.05759148
-0.07334480 -0.35503951 -0.00550760
-0.09600075 -0.34803438 0.02635301
-0.08912176 -0.34825531 -0.04542640
-0.17889456 -0.33205059 -0.04507696
-0.04208195 -0.41033438 -0.00646245
-0.24871813 -0.29978466 0.00921425
0.12621056 -0.30051339 0.01073260
-0.24760965 -0.31639102 -0.01562155
0.02365553 -0.15147679 -0.00819717
0.05417799 -0.33482149 -0.04344537
-0.24184428 -0.31706956 -0.02050431
0.15693739 -0.32951555 -0.02533898
0.07820112 -0.30247304 -0.02594002
-0.10926619 -0.33879855 0.05207125
-0.11990070 -0.32863089 0.05405583
0.08640444 -0.33081681 -0.03523836
-0.00896597 -0.39750415 0.00184984
-0.05574704 -0.30016887 -0.04520003
-0.12421308 -0.31646529 0.06401562
0.16305564 -0.31572556 0.03114646
0.09846119 -0.31875741 -0.03988978
-0.04398074 -0.38833687 -0.00936384
-0.13258508 -0.34585291 0.03282855
0.15404226 -0.33606157 0.02784620
0.20922074 -0.29118347 0.00599467
0.04282105 -0.31170633 -0.05170302
-0.11491840 -0.34189248 0.04200261
-0.11879218 -0.31035733 0.07134707
-0.17184243 -0.30932373 0.03515417
-0.20894894 -0.31025577 -0.04112970
-0.21975730 -0.31168604 -0.05767019
0.01046607 0.08460905 -0.00722968
0.02056570 0.32940450 -0.00003512
-0.18259354 -0.31127074 0.06316872
-0.16372512 -0.31808865 -0.06215155
0.03660104 0.08731445 -0.00746191
-0.18173254 -0.30459595 0.05798582
-0.01422079 -0.35156810 0.00256832
-0.22549398 -0.30577466 0.04094670
-0.20370564 -0.27073926 0.00054459
-0.24332085 -0.34095770 0.00354776
-0.11184080 -0.31787267 -0.01177379
-0.09158737 -0.30469030 -0.03413951
0.06475800 -0.33885008 -0.00140612
0.02740490 0.33638769 0.00907943
0.22455280 -0.31522176 -0.00218450
-0.19855095 -0.33458382 0.02731068
-0.08357613 -0.35048577 -0.02184446
0.01844786 0.04285411 0.00110936
-0.00674632 -0.31616822 0.05150031
0.05670564 -0.34373960 0.02219864
0.15956533 -0.34739855 -0.01803853
0.08455920 -0.33770573 0.02793173
-0.23284902 -0.31625396 -0.05019778
-0.13755538 -0.30137911 0.04941149
-0.10484400 -0.34524611 0.03414589
-0.07790918 -0.32223547 -0.06198176
0.14489204 -0.34570813 0.01457925
0.10946177 -0.32842067 -0.03681172
-0.18362927 -0.32196343 -0.04192278
-0.05057488 -0.35127807 -0.02297729
-0.12962322 -0.35046375 0.02483830
-0.05465056 -0.29844490 0.06156186
0.07108311 -0.29902416 0.02407755
0.06027368 -0.34144947 -0.04034024
-0.16451299 -0.30932617 -0.01049541
-0.03535566 -0.31060666 -0.03862761
0.01183832 -0.30732813 0.01786047
-0.05458296 -0.41311181 -0.00290147
-0.10325771 -0.30780452 -0.04669705
-0.06520727 -0.28573853 0.00156778
-0.23531462 -0.31184459 0.03323545
0.03556295 0.29417065 0.00065069
0.02336810 -0.34260792 0.03803979
0.09528188 -0.32436362 0.03563649
0.13051218 -0.35075435 0.00342584
0.11656491 -0.31175336 0.03480315
-0.16682531 -0.36194924 -0.01796624
-0.20991260 -0.30756202 0.02677019
-0.07323660 -0.31172979 -0.04203673
0.18310182 -0.34666094 0.00568139
-0.11008674 -0.34020874 0.05589848
-0.15549892 -0.34697694 -0.03198696
0.00319994 -0.26849392 -0.01117232
-0.14259565 -0.34302381 -0.03345571
-0.17059942 -0.31102908 -0.04724598
-0.00703397 -0.35701561 0.01153043
0.11578253 -0.34732357 -0.01130809
-0.08036245 -0.35164437 -0.00259035
0.12222412 -0.34689200 0.01556374
0.06294364 -0.31091940 -0.05436645
0.22598177 -0.32249734 -0.00302234
-0.21117720 -0.34162307 0.00600231
0.14760128 -0.32739392 0.01946464
0.09165837 -0.34824985 0.01346793
-0.04919077 -0.31934696 -0.05525529
0.11966179 -0.35190886 0.00690520
-0.07920253 -0.27974316 -0.01181872
0.14318098 -0.33650807 -0.01514039
-0.13445996 -0.35691684 -0.00142820
0.04285803 -0.35076991 -0.03058709
0.05365978 -0.34159040 -0.05040654
-0.09678829 -0.32302862 -0.06814781
0.03377763 -0.32272270 0.00174092
-0.15842254 -0.29499522 0.00042723
-0.12205207 -0.34357896 0.04995756
-0.03667578 -0.28999048 -0.04487810
-0.16864884 -0.32649618 -0.01310284
0.05177048 -0.29636231 -0.02018781
0.17413175 -0.31603497 0.02611920
-0.19227071 -0.30390653 0.02543203
-0.04468409 -0.36897501 -0.00321592
0.12898365 -0.32099915 0.02410258
0.02807597 -0.31318724 -0.05296643
0.16387224 -0.30676013 0.00982892
0.11016845 -0.34822190 0.00415405
-0.13953519 -0.30066380 0.03210049
0.11534961 -0.34462801 -0.01856081
-0.21946199 -0.32220101 0.02561834
-0.14725488 -0.34463885 -0.02470340
-0.11445269 -0.30271772 0.06282111
0.02752083 -0.09687795 -0.00720399
-0.05918809 -0.31042740 -0.03490066
0.01457739 -0.40088785 -0.00507432
0.03309040 0.24643758 -0.00897286
0.02294247 -0.01325024 -0.01287490
0.04681612 -0.34750372 -0.00442149
-0.11786731 -0.31421742 0.04281430
-0.06622832 -0.31430322 -0.05427562
0.00451630 -0.35622561 0.02571110
-0.22559123 -0.35540104 -0.00544873
-0.25895590 -0.33342662 0.01452957
-0.08104387 -0.30649102 -0.04612235
-0.02857395 -0.36490241 0.01062397
-0.05151685 -0.33161360 -0.03204481
0.07462761 -0.30441278 -0.02851139
-0.06576942 -0.32531962 -0.02559388
-0.03328440 -0.28880683 -0.00570772
-0.01723841 -0.30346796 0.04850695
0.12904125 -0.30879787 0.01088480
-0.02055028 -0.28545052 0.01337941
-0.04377702 -0.30228055 -0.04465348
-0.21857639 -0.34810686 0.01626636
0.00940610 -0.35787416 0.00880738
-0.04562695 -0.37944758 0.00437808
0.00966551 -0.11490823 -0.00625725
-0.13166541 -0.34062031 0.04520966
-0.08472266 -0.35193235 0.03378891
0.01057072 0.15562995 -0.00501036
-0.17635551 -0.28205886 0.00484651
0.01008077 0.11414598 0.00510227
-0.04174745 -0.36563113 -0.01473444
-0.15385628 -0.29650611 0.04863392
-0.06278830 -0.33504489 0.05623574
-0.10957082 -0.30867687 -0.04687792
0.16269998 -0.28709078 -0.00627717
-0.20174342 -0.27381644 0.00192601
-0.02201113 -0.33140895 -0.05346946
-0.10067922 -0.31522906 -0.06747681
-0.16767603 -0.34928244 -0.03877047
0.06268424 -0.31049049 0.02606040
0.00954575 -0.39023560 -0.00467068
-0.05348437 -0.31132182 0.06294239
-0.12494679 -0.24970700 -0.00215712
0.08573869 -0.33680362 -0.01184471
-0.22694828 -0.29745695 0.03858201
0.06456181 -0.31806085 0.05306692
0.02641100 -0.19914325 0.00261535
0.10253593 -0.30917847 0.04624470
-0.23016953 -0.35043570 0.02314179
-0.01127245 -0.33067277 0.01547442
-0.10157330 -0.34160519 -0.02277597
0.09929657 -0.34099111 -0.03238079
0.00588932 -0.30645639 -0.06235941
-0.17281687 -0.30985439 0.05365102
-0.20391232 -0.32459098 0.02735857
-0.07701996 -0.34592077 -0.03920354
0.02999030 -0.34782925 0.04154399
-0.00770376 -0.38770092 -0.00182138
-0.19606078 -0.30629501 0.05342177
-0.05026130 -0.30614969 -0.02031583
-0.21606520 -0.31348687 0.05780992
-0.21305579 -0.32322219 0.00805874
0.01424475 0.38241008 -0.00336446
0.16052511 -0.35329637 0.01144582
-0.13392355 -0.32851639 -0.04764206
-0.09803793 -0.33758208 0.05626963
0.07580726 -0.34150615 -0.01227332
-0.06103800 -0.32338655 0.04523643
0.11746006 -0.34846470 0.01801972
0.01863137 -0.12741135 -0.00349001
0.08629911 -0.34184700 -0.02865530
-0.03892445 -0.35236061 -0.03253066
0.12160027 -0.34219515 0.02357723
-0.06046914 -0.27328014 -0.00631046
0.03087672 0.24811988 -0.00067917
-0.02405477 -0.34202161 0.05160493
0.05050110 -0.34999335 -0.02866905
-0.23771596 -0.32124415 0.02215988
-0.06587860 -0.34324622 0.05829030
-0.16113475 -0.31531081 -0.04119144
0.01016512 0.38975385 -0.00388110
-0.26804239 -0.31846130 -0.02552490
0.02053520 0.37036026 0.00418430
0.18820162 -0.30528498 -0.00081855
-0.27172506 -0.32875672 0.01851938
0.01236565 -0.10465543 0.00432520
0.03160298 -0.25944665 -0.00487253
-0.17943585 -0.32242388 -0.05328256
-0.19814704 -0.35905361 -0.00411107
0.00768608 -0.31238616 -0.06323414
0.01655205 -0.04248758 -0.00547429
-0.07823228 -0.35245308 -0.02313678
-0.08020609 -0.35500383 0.01340724
0.04393656 -0.31222805 -0.04345099
-0.10857724 -0.34689745 0.04433671
-0.24380383 -0.33935910 -0.01293522
-0.00602123 -0.28734276 0.01451886
0.01335176 0.22146836 -0.00162978
-0.05763387 -0.35092622 -0.02334500
0.00673680 -0.36749223 -0.00029530
-0.02253531 -0.31045565 0.01389919
-0.16309534 -0.30734855 0.05935795
0.02833590 -0.35619390 -0.00141481
-0.14000633 -0.31745753 0.06592641
-0.01765839 -0.21185865 -0.00647498
0.11271691 -0.30446783 0.01836342
-0.00672900 -0.31776056 0.06586280
0.07747132 -0.31106058 0.04493799
-0.23393780 -0.30429617 -0.05357127
0.01448155 0.15507957 -0.00455300
-0.14675142 -0.28818333 -0.03921851
-0.07679607 -0.31636128 0.00292831
0.00832641 -0.30824172 0.04298313
0.00517178 -0.30921900 0.05189013
-0.04800548 -0.36651975 0.00092995
0.13155004 -0.33625329 0.02542777
-0.24031731 -0.30758175 -0.04894845
0.00702242 -0.34528705 0.03383569
0.01363872 -0.31242535 -0.05035249
0.01057618 -0.36311007 0.00113184
-0.06746554 -0.36276114 0.01851781
0.01236895 -0.34894180 -0.04423151
0.00519377 0.28553578 0.00235368
0.00807813 -0.34845811 -0.00360490
-0.18084118 -0.34597924 -0.02804249
-0.18984282 -0.35768962 0.00133372
-0.00753060 -0.35369039 0.01818849
0.00794944 0.28623778 0.00327462
-0.03812091 -0.29618722 0.03755951
0.02270656 0.02596985 0.01355233
-0.17641582 -0.33869421 -0.02400551
0.11650229 -0.32735640 -0.02805026
0.02810102 -0.31516603 -0.05199994
-0.08494554 -0.35180777 0.00172424
-0.13710202 -0.23791848 0.00080864
0.07284260 -0.35603419 0.00370013
0.01776697 -0.20206827 0.00068437
-0.18586881 -0.33595681 -0.01045244
0.09118729 -0.32886109 -0.03823238
-0.19548133 -0.34759143 -0.04006894
-0.26346511 -0.32267815 0.03903872
0.06658761 -0.29718161 -0.03573728
-0.10200524 -0.30027658 -0.05188909
-0.07251098 -0.32113385 -0.06380310
-0.05729187 -0.32700875 -0.06106798
0.20597357 -0.33024564 0.00951839
0.09863152 -0.35351381 0.03347280
-0.20169236 -0.30764639 0.05430720
0.03703025 0.13268511 -0.00713910
-0.23310374 -0.33150098 -0.02213553
-0.13440616 -0.31264615 0.06735595
0.01720264 0.36496797 0.00772066
0.01424577 -0.06273574 0.00046519
-0.01405414 -0.34204325 0.05908302
-0.03784941 -0.35028809 0.01849679
-0.22804089 -0.30729690 -0.01369765
0.14374267 -0.34644124 0.02320644
-0.06690270 -0.24929640 -0.00691299
-0.20931293 -0.32169387 0.04637323
-0.20682563 -0.34458038 0.01533016
-0.21704981 -0.31884250 -0.00462306
-0.24707411 -0.33756304 -0.00728785
-0.00144272 -0.38216293 -0.00843465
-0.12928462 -0.34577310 -0.00394323
-0.20765644 -0.32878095 0.04115460
-0.23200984 -0.33989394 0.01140374
-0.15394837 -0.31801069 0.06433704
0.01376933 -0.35297176 -0.04744463
0.12709446 -0.34212378 -0.01025777
-0.14699481 -0.31344032 0.06656886
-0.07311284 -0.34702709 -0.03497850
0.02134489 0.02167736 0.00012614
-0.01014853 -0.31075919 0.05064344
-0.22052956 -0.32428175 0.01485736
0.16406111 -0.30937693 0.02448436
0.01108851 -0.33606407 -0.04556369
-0.22375388 -0.30797878 0.04193448
-0.15183771 -0.29828984 -0.00318317
-0.00541973 -0.27299979 -0.01686006
0.06319815 -0.33893624 -0.04995025
0.18525450 -0.34627399 -0.00220423
0.21262619 -0.32510489 -0.00936998
0.01082635 -0.31509480 0.00826217
-0.08069474 -0.29248518 0.05877459
0.16338181 -0.32179919 -0.00472947
0.01613113 0.27130640 0.00102371
0.10687637 -0.30459726 -0.04481868
-0.11465971 -0.31539717 0.04381912
-0.01821484 -0.34724435 -0.03038189
-0.04044452 -0.32542378 0.05167381
0.02591785 -0.24044941 -0.00228925
-0.26875204 -0.33250475 0.02023711
-0.10564791 -0.28446376 0.00035824
-0.03031255 -0.26737812 -0.00594384
0.02814339 -0.29944685 -0.05658862
-0.09999216 -0.34665808 -0.00603964
-0.05098915 -0.34445822 -0.05236005
-0.22689001 -0.35778323 0.04964593
-0.13086976 -0.33270958 -0.04399942
0.03307388 -0.35347062 -0.02114571
-0.23058049 -0.35167533 0.00601666
0.19002989 -0.33386594 0.00622047
-0.11136488 -0.29944506 0.04745580
-0.13857631 -0.29813501 -0.01483806
-0.13559091 -0.27525648 0.00833307
-0.09011701 -0.30727705 -0.06570684
0.04583120 -0.31420040 0.05714939
-0.06547716 -0.37482995 -0.00994007
0.00125874 -0.28012821 0.00915470
-0.13602607 -0.34507030 0.02947962
0.21187721 -0.34213877 0.01120025
0.02314872 0.24776977 0.00077986
-0.11486129 -0.29780501 -0.06264213
-0.25004989 -0.30360010 -0.00131699
-0.14343308 -0.31758940 -0.05696648
0.00821413 -0.01075942 -0.00761569
-0.01832455 -0.35214826 0.00398779
0.04986835 -0.34989434 0.01068775
0.16969788 -0.31664294 0.01452074
-0.12604047 -0.33706370 -0.01076131
-0.17929582 -0.34738484 -0.03061406
0.00647848 -0.27114889 -0.00634131
0.01412787 0.11407659 0.00456529
0.11327887 -0.30958590 0.02578979
-0.12173995 -0.32448238 0.01265817
-0.10375520 -0.28841341 -0.02324512
0.10743137 -0.32976341 -0.03087653
0.09165673 -0.35817918 -0.01047765
-0.04277247 -0.30524954 -0.01008749
-0.19733657 -0.30974504 0.03114618
-0.20367514 -0.30474946 0.02453821
0.11759697 -0.33001328 0.03660801
0.07352152 -0.34285420 0.00387517
-0.13052356 -0.35303178 -0.00767428
-0.01444398 -0.31736916 0.06548190
-0.00895684 -0.33763850 0.02116650
0.09679043 -0.33848599 0.03373698
-0.18769790 -0.31109309 0.02699210
-0.06837122 -0.36480457 0.01141686
-0.17669159 -0.29455966 0.04366307
0.16308586 -0.29991490 -0.02571515
0.05014640 -0.32165799 0.04785513
-0.00977963 -0.24305935 -0.00078406
-0.12493044 -0.35169584 -0.00088949
-0.23234698 -0.32651255 -0.04737339
-0.02362187 -0.35425934 -0.02919448
-0.09071696 -0.31248090 -0.06618150
-0.22067001 -0.34841099 0.02678819
-0.23781528 -0.32301393 -0.01119043
0.22893256 -0.29762584 -0.00615460
-0.18822002 -0.31573108 -0.05250765
0.01429212 -0.05125882 -0.00853964
-0.19497308 -0.35120687 -0.00449875
-0.10602372 -0.32390133 0.04890420
0.14901447 -0.34705204 0.00532234
-0.23574682 -0.29933807 -0.05277957
-0.20942748 -0.30788925 -0.00206010
-0.24015146 -0.32341161 -0.02746769
0.17116836 -0.31370744 0.01232829
0.05330825 -0.34660062 0.03439759
-0.17603973 -0.34001699 -0.02674085
-0.09546158 -0.35395056 -0.00616388
-0.04779978 -0.34840006 -0.04400568
-0.04917704 -0.31298441 0.06435928
-0.22741914 -0.32972798 0.00326665
0.18149292 -0.33755380 -0.00260808
0.05844780 -0.36436322 -0.01276266
0.04220799 -0.30378538 0.02312895
-0.10859600 -0.29679969 0.05252038
0.09042275 -0.34627205 0.01636193
-0.10186847 -0.35393187 0.02885117
-0.03359037 -0.35511762 -0.01780517
-0.02677830 -0.31996903 -0.05806726
0.00365005 -0.30044067 -0.06295719
-0.12835827 -0.29897144 -0.03270274
-0.04707482 -0.32736495 0.05507038
-0.07200217 -0.34110236 0.05812547
-0.21499433 -0.34227914 -0.02307148
-0.05367953 -0.32468435 -0.07141466
0.17416821 -0.31548777 -0.01630846
-0.11017603 -0.32494318 0.05857811
-0.19873825 -0.32101795 0.03324592
-0.00403187 -0.31979170 -0.00191249
-0.15358023 -0.32121170 -0.05550331
-0.06123271 -0.30536970 0.01172217
0.00141356 -0.40649030 -0.00487279
0.00271635 0.05517924 -0.00243533
0.00414820 -0.30227593 -0.05319859
-0.05420986 -0.29416710 0.00352333
0.13348903 -0.33242530 0.01477796
-0.26800916 -0.30981427 0.01323454
-0.10968231 -0.35353354 -0.00756062
-0.23586906 -0.32351872 0.01783451
-0.26789758 -0.31039795 0.00942584
-0.02474054 -0.31460565 0.05002145
-0.15586275 -0.30539903 -0.06335394
0.21460837 -0.30217177 0.01211558
-0.02483556 -0.39802346 0.00312060
-0.07487831 -0.34804425 -0.03787839
0.11906422 -0.31026962 0.03175948
0.01634034 -0.18997481 -0.00181640
-0.01002182 -0.30337894 -0.03528084
-0.03731791 -0.30960536 0.06500940
0.22692899 -0.31053171 0.00452184
-0.13368103 -0.31246164 -0.05623847
0.02497210 0.18301719 0.00002796
0.08816081 -0.34089029 -0.03209648
-0.12090340 -0.30693066 0.03928612
0.01077151 0.19925563 -0.00700776
-0.05681863 -0.34363806 0.03913175
0.07129028 -0.30838734 -0.04754837
0.16131218 -0.31627491 -0.01479230
0.00150491 -0.38598457 0.00152713
0.08260386 -0.29872394 0.00233971
0.03841569 -0.35153338 -0.00313110
-0.00962683 -0.33831075 -0.02967344
-0.22816794 -0.32196549 0.02082118
0.07273947 -0.35088149 0.01174680
-0.06224468 -0.32644284 -0.05519619
0.12719913 -0.30907327 -0.03876814
-0.13062698 -0.34256959 0.04204189
0.02088370 0.22647056 -0.00148795
0.11399892 -0.31691858 0.03590024
-0.21572469 -0.35536480 -0.00965497
0.03015729 0.06333490 -0.00708087
-0.03990253 -0.30566457 0.05799056
0.08644503 -0.30392936 -0.03690145
-0.08442749 -0.29566923 -0.04851960
0.01715095 0.07003801 -0.00564146
-0.10431831 -0.32545325 -0.07266178
-0.15491779 -0.31327260 -0.06227440
-0.06139187 -0.34075916 0.05589795
0.09430900 -0.31706223 0.03924821
-0.16285485 -0.30963230 -0.05553266
0.02080670 0.02451965 -0.01019398
0.04446443 -0.36584815 0.00843193
-0.12489368 -0.31359869 0.03925383
-0.15475246 -0.32496935 0.03982986
-0.18002550 -0.33224738 -0.00829514
-0.11694072 -0.35318768 -0.00860630
-0.07104531 -0.29171756 -0.00177889
-0.11834703 -0.34984735 -0.02332026
0.03761859 -0.06988382 -0.00361501
0.00968637 0.31292608 -0.00043088
-0.07184727 -0.31262398 0.06690832
0.02517187 0.27507558 -0.00207071
-0.20227218 -0.30426905 0.05839448
0.03214997 -0.35131165 -0.00513365
0.05956063 -0.38757989 -0.00237246
0.07088129 -0.31951809 0.02942393
-0.08687685 -0.29421487 0.03627375
-0.13579226 -0.34597513 0.01748306
0.02726823 -0.36743510 -0.00109382
-0.02991754 -0.35781875 0.01243374
0.06795330 -0.34975266 -0.02268106
0.09963617 -0.34352615 -0.03011233
0.07468447 -0.34898466 -0.02454604
0.13659443 -0.34591836 0.00547697
-0.11450142 -0.30114666 -0.04701020
-0.21507552 -0.33894539 -0.01174687
0.06587574 -0.34817019 -0.02919517
0.11068101 -0.35232186 0.03195221
0.14477730 -0.33076790 0.00982853
-0.06592637 -0.26144692 -0.00319189
0.11299910 -0.32606426 -0.01637524
0.08391653 -0.31443420 -0.03164141
0.11760838 -0.32440713 0.00946353
-0.18043515 -0.32516199 -0.06430513
-0.01585483 -0.37216857 -0.01215210
-0.03388464 -0.25451124 -0.01136122
-0.16521727 -0.34452048 -0.03341544
0.01396073 -0.34503990 -0.02889480
0.00430823 -0.31470078 0.03938728
0.09401993 -0.30331960 -0.03112618
-0.20920169 -0.26240966 -0.01328577
-0.18615369 -0.30798140 0.03226282
0.05689418 -0.30609125 -0.05423430
0.14158414 -0.34399500 -0.00790570
-0.19996491 -0.29757640 -0.00175668
0.01987161 0.24899845 -0.00213959
0.07965519 -0.34903038 -0.00127768
-0.11065014 -0.26523495 0.00098288
-0.04738959 -0.34502831 -0.04000503
-0.25524604 -0.34053728 -0.01331723
-0.13876647 -0.32759035 0.01768299
0.00901085 -0.32440704 0.00202641
-0.18087777 -0.35419229 0.02209393
-0.00091055 -0.40571120 -0.00741654
0.02066296 -0.30775312 0.00659439
0.15920298 -0.34250468 -0.00754746
-0.27271155 -0.32957217 -0.00941820
-0.19043782 -0.31035075 -0.00366707
0.06257041 -0.34488544 0.03983292
0.03240853 -0.34766001 -0.01446235
-0.22383255 -0.31239921 -0.03769377
-0.18740012 -0.26981753 -0.00443404
-0.12304282 -0.31356826 0.01249459
0.14945327 -0.30384606 -0.02490705
0.17825051 -0.31507561 -0.01751531
-0.03082209 -0.32924476 -0.05588247
-0.03040880 -0.35077754 0.00050477
-0.12687419 -0.25888321 -0.00084545
-0.15734194 -0.35186389 -0.01364545
-0.08486560 -0.40135288 0.00225294
-0.13192482 -0.30244783 0.06931700
-0.25228721 -0.33109960 0.02497344
-0.20672928 -0.30854788 0.03486916
0.00871991 -0.35673079 0.01117668
0.05220284 -0.34001932 0.04364397
0.01743851 0.22066222 -0.00630035
0.25830612 -0.30222297 0.00468246
0.16541076 -0.34416518 -0.00514731
-0.04835725 -0.35256237 0.02678854
0.06497984 -0.32578167 0.04579898
-0.03670267 -0.31339070 -0.05092799
0.02619450 -0.13055098 -0.00210979
-0.20798609 -0.33818525 -0.04565263
0.08186265 -0.33302781 -0.03466187
0.07668049 -0.28408641 0.00358780
-0.17703384 -0.30708399 -0.03946868
-0.11276356 -0.29571202 0.03085409
-0.01945486 -0.35227832 -0.02311867
0.01764369 0.28521395 -0.00096115
0.15319796 -0.31574130 0.02922365
0.00382315 -0.35191131 -0.01330243
-0.07811645 -0.29943085 0.04294804
0.01209714 -0.18404464 -0.00486968
-0.24163917 -0.32169944 -0.00140359
-0.10413814 -0.29714215 0.02054031
-0.22107577 -0.33875784 0.03744688
-0.03201011 -0.39031601 -0.00279434
-0.16574915 -0.34501648 -0.01208272
-0.14560901 -0.29884714 0.04583739
-0.17313688 -0.31474575 0.04800157
-0.19197813 -0.34491464 0.02690001
0.05732328 -0.30296993 0.05044469
0.02099357 -0.37181345 -0.01128997
-0.20884395 -0.31673843 -0.05065919
-0.22924984 -0.34384081 -0.00598416
0.03575408 -0.29353023 0.01694506
0.09849688 -0.34527346 0.02145785
-0.18130811 -0.30320853 0.04386113
-0.23469752 -0.31075361 0.02925237
0.08028650 -0.32171714 -0.04964941
0.18269333 -0.32592055 -0.00407141
-0.18322362 -0.33874884 -0.01499787
0.08617791 -0.35595754 0.00856886
-0.19247311 -0.31400421 -0.01034292
0.00229303 -0.05710962 0.00007684
0.01151957 -0.14161900 -0.00460164
-0.13041019 -0.34781897 -0.03430030
-0.21319664 -0.31089160 -0.00018681
0.07550529 -0.34274969 -0.03916929
-0.01117200 -0.33727089 -0.02047805
0.01282913 -0.38898998 -0.00768511
-0.03319433 -0.32727093 0.05631527
0.15300572 -0.30105174 0.00622337
0.11421952 -0.31793249 -0.02409894
-0.17034963 -0.30490029 -0.04650733
-0.07530303 -0.30183572 0.06417424
-0.10788217 -0.34364930 0.00860934
-0.24861196 -0.31009534 -0.01008633
0.03745614 0.11052527 -0.00657604
0.00303096 -0.28571793 0.00656359
0.06884171 -0.32258797 -0.04045946
-0.18521902 -0.32339141 0.07085688
-0.22643498 -0.31108364 -0.05396224
0.23213293 -0.30156127 0.00355884
0.08244142 -0.31966424 -0.01887992
0.03404230 -0.33758062 0.03221838
0.06451996 -0.34241417 0.02704999
0.02110495 0.25172120 -0.00763842
0.01194057 0.21292105 -0.00597725
0.02973890 0.17662922 0.00282842
0.02391270 -0.14897816 -0.00199274
-0.12555873 -0.34604958 -0.02567674
-0.11546029 -0.33718535 -0.04552322
-0.04625076 -0.30163646 0.03892116
-0.13088825 -0.30924341 -0.06371074
-0.13910927 -0.34981307 -0.00019019
-0.13877697 -0.34509376 -0.02364747
-0.08945543 -0.29689214 -0.04824365
-0.08463116 -0.25802395 -0.00108029
-0.01592831 -0.34838444 0.04198679
-0.21225622 -0.33480093 0.01830821
-0.16781716 -0.33341631 -0.04332057
-0.21376410 -0.32679522 0.01912145
-0.13812764 -0.30590352 0.03162384
-0.11100815 -0.25979120 0.00031041
-0.25279811 -0.33599022 -0.01688281
0.00591005 0.22756620 -0.00291992
-0.16199574 -0.34756455 -0.04274928
0.15556662 -0.34688962 0.01819553
0.09630543 -0.34517872 -0.02092629
-0.16188097 -0.34483555 0.02662042
-0.20632485 -0.31555858 0.02876503
-0.18057294 -0.32411006 0.05965758
-0.24058814 -0.31903353 -0.00865644
-0.20885436 -0.31387496 -0.04502521
-0.06194708 -0.28245172 -0.00177765
0.07842249 -0.31816480 -0.02890376
0.02809332 -0.35778427 -0.01619826
-0.13536803 -0.33827269 -0.03817217
-0.23509866 -0.33487412 -0.01352704
-0.04542015 -0.32760248 0.00916535
-0.13659135 -0.35460863 0.00258031
-0.11366964 -0.30996865 0.01918224
0.01948263 0.23710981 -0.00146253
0.01293082 -0.01267307 -0.00506235
0.02297293 -0.29376343 -0.03978328
-0.14513944 -0.32143360 -0.05756931
-0.00611372 -0.31717283 0.05692888
0.02266979 0.06260975 -0.00257446
0.01540372 0.12561354 -0.00266283
0.00022224 -0.28435996 -0.00599819
0.01060949 -0.29753268 0.05636966
-0.07444085 -0.35585758 -0.01139924
-0.06882609 -0.29913282 0.05563176
-0.07807530 -0.35224381 -0.02346203
-0.13974084 -0.28315458 -0.00238402
0.15337293 -0.30798483 -0.01839519
-0.14022097 -0.29511857 -0.00202516
0.04430481 -0.33954164 0.04084248
0.12551671 -0.30445203 0.02821546
-0.16645569 -0.31813213 -0.06789444
-0.18184216 -0.34196240 -0.04055106
-0.16927892 -0.33715805 -0.01990692
-0.17108324 -0.34935406 -0.00539626
0.05067630 -0.30164319 -0.05584825
-0.04018249 -0.30269247 -0.06189953
0.19804117 -0.32623047 -0.00476169
-0.13563465 -0.36490595 0.02301503
0.02461031 0.08855979 0.00049777
-0.25491953 -0.35007268 0.01062655
0.01328139 0.00147186 0.00360770
0.06802392 -0.34341833 -0.03476733
-0.16701958 -0.31126586 0.07037146
0.02946926 0.13633020 -0.00007433
0.09938993 -0.34407803 0.02921264
-0.16621163 -0.31463182 -0.06634319
0.02249719 -0.06323602 -0.00318254
0.02411769 0.34807932 0.00782787
0.01671720 -0.33704752 0.02488683
-0.16757482 -0.34491169 0.04262578
0.10373853 -0.31567904 0.03727843
0.17719197 -0.31427664 0.01145313
-0.11087120 -0.30132654 -0.05470851
0.02800467 -0.35923839 0.01041693
0.02115539 -0.33962479 0.04805805
-0.20317596 -0.33615583 0.03283073
0.20313713 -0.32529533 0.00905902
-0.19411826 -0.26858804 0.00182349
0.18293075 -0.31056750 0.01023325
-0.24659732 -0.33335853 0.00679441
-0.17485186 -0.30744493 0.05640429
0.00239352 -0.35235262 0.04371951
0.13084550 -0.31773537 -0.03621225
0.05284517 -0.35741791 0.01318056
0.02210831 -0.34952721 -0.04196414
0.06679864 -0.30448514 -0.05559064
0.02376420 -0.25486773 0.00407506
-0.18842289 -0.29584435 -0.04325385
-0.14166838 -0.30623245 -0.03201479
-0.02472958 -0.39522642 -0.00127791
-0.02755486 -0.32431325 0.06126768
-0.24575737 -0.31258747 -0.00721276
-0.09691525 -0.34618497 -0.04030166
-0.14767435 -0.34306231 -0.02868986
0.01255093 -0.01799443 0.00167145
0.06739369 -0.30366683 -0.03647067
-0.04899218 -0.38056612 -0.00373688
0.03774798 0.32736027 -0.00665852
-0.11240053 -0.33851272 0.05835479
-0.07740106 -0.35937589 -0.01154768
0.27020630 -0.30558124 0.00744220
0.16330746 -0.31407383 -0.02202512
0.05084676 -0.35667008 0.00465964
-0.24145390 -0.32755658 0.04356593
0.02168111 -0.28897488 0.01614378
-0.14676411 -0.33944422 -0.00187352
-0.14218603 -0.32476085 -0.06213696
0.18833908 -0.32977366 -0.00035182
0.20231226 -0.30711791 0.00750938
0.08536512 -0.35271859 0.01346803
0.04447388 -0.08903872 -0.00596350
-0.08237484 -0.34073785 0.02489491
-0.05863246 -0.34716567 -0.00376612
-0.12222983 -0.33393952 -0.06018323
-0.09343322 -0.34236559 0.04978065
0.05349587 -0.33418584 -0.02440583
-0.12145653 -0.31694239 -0.06447174
-0.25471881 -0.34080544 0.00467246
-0.12779275 -0.34566337 0.01331985
0.03085753 -0.29195538 0.05700478
0.07103671 -0.35280558 -0.00426920
-0.18660551 -0.32367796 0.05918814
-0.24483763 -0.31641805 -0.02595100
0.07271013 -0.30919689 -0.05379137
-0.21310975 -0.31245345 0.05829452
0.02744246 0.17916846 0.00190663
-0.14514288 -0.35293576 0.01809133
-0.20992994 -0.34075564 0.01510083
-0.05346528 -0.33413950 -0.00848085
-0.08681271 -0.31215501 -0.06766375
-0.05250000 -0.29813802 0.03641877
0.19095086 -0.33201149 -0.01075624
0.02372117 -0.34182212 0.03956939
-0.01982950 -0.28885663 0.01611514
-0.21424250 -0.31545410 0.00960781
0.16716924 -0.31900644 -0.02964275
-0.19947639 -0.33702427 -0.02110225
0.02277175 -0.06151586 0.00230707
0.22617553 -0.30307803 -0.00207026
-0.05058980 -0.34060934 0.00289766
0.05981457 -0.34391707 -0.00384371
-0.12893914 -0.29868674 0.02614116
-0.14994407 -0.30638739 -0.04933822
-0.08608519 -0.30895668 0.06572469
-0.01981414 -0.36525825 -0.01717209
-0.18136755 -0.33295858 -0.00727586
-0.16365466 -0.31749260 0.06496324
0.07493465 -0.30142459 -0.04696462
-0.09426209 -0.34127784 -0.02092301
-0.17407984 -0.33802289 0.03498250
-0.25463206 -0.33681819 -0.00280210
0.02519257 -0.02871442 0.00065357
-0.06823543 -0.32805571 -0.06575876
-0.00341978 -0.29107907 -0.03132824
0.04954893 -0.33314237 0.01414187
-0.01047366 -0.39947194 -0.00322715
-0.02038298 -0.36656234 -0.00548980
-0.21429503 -0.31231299 0.04873826
-0.10176280 -0.30445769 -0.04045433
0.02347398 -0.30471179 0.06043068
-0.23581782 -0.33187813 0.04439095
-0.05203553 -0.29751486 0.02872056
-0.13274215 -0.34239873 0.04170806
-0.23620833 -0.33865395 0.01652076
-0.00228135 -0.33972752 -0.00384869
0.15745106 -0.33454090 -0.01740942
-0.22515205 -0.33223170 0.01287851
-0.19573741 -0.32084903 -0.04036406
0.08941005 -0.33989209 -0.02413773
-0.15432420 -0.34766006 0.04331570
-0.20768002 -0.31652427 -0.05321546
0.04488755 -0.29898551 -0.05039518
-0.15675984 -0.29496503 -0.04193845
0.03116062 -0.28697622 0.00910555
-0.02873049 -0.30812901 0.06594916
0.02902912 0.07088363 -0.00579749
0.18336424 -0.31286848 0.00281593
0.07475880 -0.31019309 -0.04013838
0.13585660 -0.31855476 -0.02692221
-0.15348113 -0.30527207 -0.04258090
0.00294022 -0.32561451 0.06101548
-0.05029936 -0.34412026 -0.04791328
-0.16090557 -0.30144143 -0.04085654
0.01836750 -0.08443272 -0.00799473
0.20851117 -0.31703445 -0.00293458
-0.08378240 -0.30649507 -0.04208075
-0.14042382 -0.31288731 -0.06489963
0.02628186 -0.35029793 -0.02543976
-0.03194466 -0.29849276 0.01565043
-0.01181838 -0.36935738 -0.00259159
0.02749878 -0.11259475 -0.00871953
-0.11251170 -0.34567377 -0.03735361
-0.05677898 -0.29214197 0.02636253
-0.14235470 -0.31858733 0.02580374
-0.10071316 -0.30842251 0.02473352
-0.06350657 -0.31588355 -0.06629355
0.20812204 -0.30787796 -0.00959574
0.06903643 -0.32700238 0.03658860
0.03911534 -0.35390410 -0.01089375
-0.14928061 -0.33901280 -0.01677820
0.09096893 -0.35273117 -0.02473118
-0.18015888 -0.31477195 0.05954644
-0.21620610 -0.30355239 0.02837004
0.07170529 -0.28656268 -0.00959500
-0.07656860 -0.37970334 0.00784341
0.00744893 -0.36322367 -0.00739015
-0.23600356 -0.33941504 0.02482339
-0.00441855 -0.30858466 -0.05644818
0.01847068 -0.38928705 -0.01279505
0.20241886 -0.32423091 0.00301636
0.02391852 -0.30544797 -0.03551323
-0.24537472 -0.30136088 -0.02370391
-0.21653898 -0.32163140 0.01195107
-0.06812910 -0.25837386 -0.00315525
-0.17342970 -0.31726050 -0.06223239
-0.14451554 -0.32990146 -0.04942419
-0.12672292 -0.31537157 0.04568621
0.15124719 -0.33163905 0.02859180
-0.26813239 -0.33555883 -0.00480329
-0.01108052 -0.32237422 -0.03790623
0.04466281 -0.33739546 0.03568417
-0.05898387 -0.29209918 -0.02826586
0.04521819 -0.29917249 0.05168175
0.09668873 -0.29631385 0.02881369
-0.05413500 -0.30786613 -0.06259838
-0.03829296 -0.34720936 -0.03123021
-0.20294946 -0.34788400 -0.03898534
-0.06454144 -0.31988060 0.00917242
0.14115030 -0.33070841 0.01052866
0.01541892 -0.34912553 0.01119290
0.02438764 0.38378274 0.00107012
-0.12792253 -0.35584706 0.00263223
-0.14493631 -0.30787078 -0.05306527
-0.21962869 -0.30345100 -0.04659615
0.09848294 -0.34695378 -0.02714967
-0.08002498 -0.40311116 -0.00009037
0.20565979 -0.29005715 -0.01075659
-0.09534116 -0.29154783 -0.01031275
0.02229972 0.20611267 -0.00111503
0.10382049 -0.32033789 -0.04080978
0.02046503 0.11029197 0.00019333
-0.09840538 -0.29642251 -0.03032790
0.01171822 0.17547636 -0.00603502
-0.19586086 -0.33424458 -0.02447923
0.06973578 -0.33130243 0.01623202
-0.11269645 -0.33115113 0.05884102
-0.25127771 -0.34032270 -0.00880667
-0.11853203 -0.30554965 0.05483581
-0.00845799 -0.33318907 0.06141029
-0.14478044 -0.27077854 0.00495703
0.08104162 -0.34075150 0.03482010
-0.24744773 -0.33465567 0.01517758
-0.10748075 -0.30598259 0.02220675
0.00699996 -0.34607691 0.04177587
0.00604159 -0.27189642 -0.02777151
0.13733900 -0.33621848 -0.03358068
-0.26044676 -0.32407513 0.04455362
-0.11210985 -0.32169315 0.05055774
0.00093872 0.12583348 -0.00076351
-0.21082506 -0.31853604 0.05882557
0.00411228 -0.28972077 -0.03718776
-0.01266924 -0.32703638 -0.00184482
-0.18448064 -0.30907774 -0.00826298
-0.04106866 -0.34584486 -0.04655461
-0.26362336 -0.32215661 0.00394575
-0.10745377 -0.30474046 0.07017872
-0.04799516 -0.31131697 -0.02991703
-0.18239623 -0.34470499 0.03629693
0.03687819 -0.31564888 0.04951742
-0.16856250 -0.31210741 0.05519762
-0.22663055 -0.30564147 -0.04321560
-0.15718114 -0.33724836 -0.04530136
0.10789495 -0.34703177 -0.02758529
0.08263188 -0.34974858 -0.01779050
0.07233336 -0.33984369 0.03164543
0.01754177 -0.01543190 -0.00320010
-0.18837641 -0.35455251 0.00925691
-0.09899090 -0.34605053 -0.02872135
-0.08933313 -0.30151579 -0.06131252
-0.17900290 -0.34142691 0.00301861
-0.24005000 -0.31349075 0.03114945
-0.19172534 -0.30855566 0.05047560
0.09498918 -0.32976124 0.00021862
-0.04826070 -0.30313998 -0.02886835
-0.08590943 -0.34451830 0.04509255
-0.08225297 -0.35453519 -0.01413051
0.02001136 -0.30472970 0.04747193
0.21218117 -0.31310692 0.01367973
0.02621865 -0.28905934 -0.03752472
-0.09980322 -0.29222646 -0.01650307
0.03454050 -0.29993638 -0.03591107
-0.04976125 -0.35014552 -0.04366165
-0.06073587 -0.30994296 0.06555135
-0.18553910 -0.33784875 -0.04776767
-0.07959907 -0.30761313 0.03266547
-0.22609992 -0.34389076 -0.03977356
-0.21934973 -0.30864114 -0.05707047
-0.13921034 -0.32084638 0.02427057
-0.09791759 -0.31672457 0.06795211
-0.12602571 -0.29651949 -0.05798054
0.02071680 -0.38166824 -0.00851769
-0.09360720 -0.34899399 -0.02939948
0.01340922 0.00092780 -0.00270430
-0.10248497 -0.30318829 -0.01271901
0.05986005 -0.35556048 0.00676068
-0.05107559 -0.35325447 -0.02078121
0.05561696 -0.31142724 -0.05640609
0.12401422 -0.33287552 0.02276319
0.03513721 -0.30505693 -0.03599432
0.12735257 -0.33220574 -0.01865653
-0.07209306 -0.37704220 -0.00250518
0.14660414 -0.34473255 0.01556348
0.09388335 -0.31308669 0.05032874
-0.22728737 -0.31920561 -0.02202104
0.15457299 -0.34465337 -0.01366195
0.02316030 0.09279086 -0.00341318
0.00964398 -0.30127248 0.04682609
-0.20407259 -0.30160668 -0.03633846
-0.03160504 -0.32503712 0.04642195
-0.20815530 -0.31513268 -0.04794521
0.12739517 -0.31525135 -0.03018884
-0.18322146 -0.31751588 -0.03150779
-0.15549570 -0.29159304 -0.04300023
0.03193258 -0.32866365 0.01483214
0.08752137 -0.31763923 0.04027499
-0.09839586 -0.34964845 -0.02353440
0.01824293 0.08393642 -0.00436450
-0.00722425 -0.35733673 0.00257952
-0.04721438 -0.29857561 -0.06259733
0.01639508 -0.33367890 0.04089218
0.02642807 -0.11728192 -0.00793011
-0.20063640 -0.30149335 0.02997815
-0.01237722 -0.33444527 0.05052651
0.01122559 -0.35212168 -0.02373053
0.08201608 -0.34579238 -0.00432467
0.02616349 -0.21967876 -0.00116277
-0.10352308 -0.33685744 0.01295688
-0.13608497 -0.34706295 0.04942343
-0.12717667 -0.34808916 -0.05478866
-0.16094661 -0.34671745 0.04646846
0.17231047 -0.34663981 0.00769279
0.17947289 -0.33409315 -0.00881915
0.03753720 -0.33039346 0.05985690
-0.20817143 -0.34865853 -0.04135060
0.01024825 -0.34376147 0.01956408
-0.02122942 -0.30714202 0.06713302
-0.11732985 -0.30303216 -0.05353093
0.02402591 0.04470497 -0.00347698
-0.09649035 -0.33872494 -0.04386249
0.01336994 0.21733573 -0.00309243
-0.10129908 -0.35031012 -0.00377715
-0.08899727 -0.29608935 0.04886467
-0.21130122 -0.35960811 -0.00821061
-0.19819938 -0.31943724 0.06020187
-0.23901491 -0.32341674 0.00189923
0.02093412 -0.01034526 -0.00577485
0.04516336 -0.33816323 0.04786804
0.03116854 -0.32619169 -0.04579882
-0.03109933 -0.30847451 -0.02750794
-0.10121652 -0.35068595 0.04932340
-0.10503821 -0.30648014 -0.06830690
0.09382156 -0.30783698 0.04972729
-0.11849360 -0.32901239 -0.04934258
-0.16628556 -0.31979135 -0.01955568
-0.21040902 -0.32423148 0.01943983
0.04836086 -0.31679800 0.05403827
-0.03268497 -0.40954399 -0.00615177
0.09938926 -0.33073989 0.02734592
-0.20038092 -0.34655505 0.00598645
0.15420377 -0.33362082 0.01251375
0.01549225 0.03601122 -0.00816100
-0.12994012 -0.30580804 0.00918895
-0.21582720 -0.33349389 -0.02403289
-0.02835658 -0.39177191 -0.01380868
-0.13360727 -0.30543691 0.06961853
-0.24656205 -0.31949165 -0.02305859
-0.08034483 -0.31165850 0.06543554
0.00415924 -0.34047449 -0.02741599
0.17053600 -0.29744524 0.01125472
-0.23583640 -0.31599286 0.02774768
0.02162817 -0.16693608 -0.00000344
0.03908403 -0.34519449 -0.04168233
0.00855742 -0.35330296 -0.02098871
-0.19697985 -0.30394816 0.02228542
0.03211723 -0.34321722 0.05140806
0.00546528 -0.27164781 0.00391196
-0.05260646 -0.30012411 -0.01622090
0.00216397 -0.31697950 -0.05369322
-0.21613294 -0.33683193 0.03916333
