0.04077769 0.03734171 -0.00159697
0.01136400 -0.26577806 0.01023188
0.03698960 -0.02639992 -0.00514522
0.05664864 -0.35807002 -0.02699933
-0.10984829 -0.31327194 0.04977110
-0.09597453 -0.30453068 0.03987536
0.02565732 -0.34861678 -0.04371359
0.06826442 -0.34888563 -0.00939805
-0.20699453 -0.31800023 -0.04721741
0.07207773 -0.33351007 -0.04028121
-0.07439993 -0.32102948 -0.06706382
-0.25848177 -0.31966746 -0.01704191
-0.22725819 -0.30280817 -0.05092891
-0.16309650 -0.31775904 0.05597676
-0.19050251 -0.35219288 0.04184668
-0.12502477 -0.27950069 -0.01647751
-0.10823001 -0.30679902 -0.05973233
0.08249341 -0.34438896 0.03776090
-0.21051961 -0.34314978 -0.00071454
-0.11588989 -0.33007351 -0.06508532
-0.15161489 -0.29231390 0.04756040
-0.12957364 -0.35521290 -0.01980705
0.01033910 -0.36056760 -0.01114423
-0.16007276 -0.30757493 0.02051744
-0.15849522 -0.31455660 0.04927367
-0.14489821 -0.34617937 0.04798930
0.07706717 -0.30842876 0.03515550
-0.24413402 -0.32593071 -0.04255247
0.05744469 -0.31541309 0.04177268
0.13558069 -0.35314462 0.01511791
-0.20703220 -0.35676736 0.00736021
-0.17195274 -0.30752721 0.05671535
-0.08444051 -0.35681957 -0.05046809
0.04447746 -0.30300879 0.06651443
-0.19028705 -0.31115261 0.05911738
0.02835909 -0.33556572 -0.05257323
-0.12613441 -0.31027898 -0.07070941
-0.06175664 -0.27972618 -0.00306396
0.01150905 -0.30096951 -0.05441032
0.01836668 -0.33052197 0.02950460
0.16189787 -0.35325968 -0.00388099
-0.08469951 -0.32648417 -0.03371316
-0.18273869 -0.31222650 0.05426313
-0.08489335 -0.30819708 -0.05719703
-0.11516055 -0.34441954 0.03317398
0.02546941 0.09710558 -0.00291102
-0.19134331 -0.32064706 0.00181578
-0.21153829 -0.35598141 -0.00283787
0.09339736 -0.30706689 0.03771112
0.06160850 -0.29596668 -0.02037024
0.02778789 -0.10357445 -0.00768900
-0.11706416 -0.33000255 0.06597845
-0.00302101 -0.36710274 0.00271375
0.11578152 -0.34907463 -0.01091933
-0.18986441 -0.34539095 -0.00651477
0.02176144 -0.32474422 0.02757437
-0.21384573 -0.34363788 -0.01733892
-0.12041569 -0.33609313 -0.02872958
0.10616874 -0.30369565 -0.03595142
0.13691218 -0.30065548 -0.00631730
0.03722903 -0.31691954 0.00657899
0.02636596 -0.09738075 -0.00281597
-0.01091211 -0.30416828 -0.05287271
-0.04503325 -0.26865864 -0.00670570
-0.01638797 -0.29322267 -0.02677908
0.01450586 -0.40363315 -0.00107518
-0.09221067 -0.31508604 -0.06493799
-0.23076695 -0.35568947 -0.01598714
-0.22711481 -0.32656494 0.03192870
-0.24602646 -0.31791976 0.05551112
0.03684628 -0.31639382 -0.04865037
0.04801692 -0.31890628 0.05564436
0.10599886 -0.35212788 0.02221939
-0.11562161 -0.36137018 -0.00579971
-0.03146148 -0.34697774 -0.01761165
-0.16741323 -0.36051589 0.01968836
-0.22458930 -0.31063569 -0.01752339
-0.21453978 -0.31924388 0.00350957
0.01818642 0.06948382 -0.01042897
-0.00458916 -0.37320712 0.01801462
0.08333826 -0.33303398 -0.02916692
0.01368124 -0.31095693 0.00156724
-0.08279187 -0.30286694 0.05047153
0.02925224 0.08323757 0.00418230
0.02036656 -0.29864377 0.05133219
-0.13504857 -0.30143946 -0.04043932
0.18441392 -0.32419902 0.02253203
-0.01716383 -0.32907739 -0.03347817
-0.01467644 -0.31299683 -0.06654622
-0.02900083 -0.34114274 -0.00702457
0.20147836 -0.30320293 0.00837528
-0.15419233 -0.31952411 -0.03767074
0.00242893 -0.30216220 -0.05329114
-0.12653710 -0.29351488 0.04410522
-0.13679889 -0.30844009 0.06361194
-0.08187697 -0.35463521 0.00844521
0.02530122 -0.10864625 -0.00861575
-0.18647550 -0.32306856 0.06075988
-0.19149928 -0.33833310 0.02750705
0.03009412 0.38624862 0.00496774
0.03479753 -0.35545650 -0.01827740
-0.11967472 -0.31095481 -0.06249507
0.07351476 -0.27560556 0.00044518
-0.15121843 -0.36257815 0.00408724
-0.02582427 -0.28227085 0.00486803
-0.11368930 -0.31984127 0.00851224
0.13401420 -0.31192923 -0.02440072
0.01983172 -0.25736675 -0.00085242
0.01875617 0.31225574 0.00117053
0.14158569 -0.30628350 -0.00764155
-0.25073147 -0.33059362 0.04657395
0.12625898 -0.34055331 -0.03423205
-0.12988776 -0.33546194 -0.05724495
-0.22535865 -0.35993022 -0.00695799
0.07383645 -0.34314251 0.04519376
0.02417402 -0.06783584 0.00108747
-0.16728526 -0.34501526 0.04015796
-0.07853499 -0.32661435 -0.03318787
-0.05271615 -0.27391130 -0.01055433
-0.06907574 -0.30956852 0.04435992
-0.01077052 -0.23325717 -0.00391674
-0.12798978 -0.34501144 0.00233412
0.21653403 -0.30250579 0.00399022
-0.08214489 -0.34204724 0.04928147
-0.24112564 -0.33815336 0.01506829
0.06049708 -0.35132626 -0.02228172
-0.18413104 -0.31455389 -0.05132113
-0.11108762 -0.30315894 -0.05339644
-0.23633635 -0.30564028 -0.04703506
-0.17361018 -0.34204838 -0.02835611
0.14609534 -0.32851240 0.01938595
-0.14970550 -0.33846217 -0.01991581
-0.10769221 -0.31316590 0.04341132
0.02986291 -0.11926355 -0.00697493
0.03778956 0.16839123 0.00132232
-0.02724376 -0.35530883 -0.00966194
0.00669242 -0.30490932 -0.06182292
-0.22505444 -0.30969819 -0.01450723
-0.24867645 -0.34282151 -0.03532815
0.12218670 -0.34891713 0.01173008
-0.06712242 -0.31171295 -0.07043069
-0.08816832 -0.29491031 0.03195892
-0.06448599 -0.32966423 -0.00982263
0.15862763 -0.29881832 0.02957072
0.10425968 -0.34097740 0.01745005
-0.20739305 -0.31658408 0.03158170
-0.12046493 -0.30673447 0.05689254
0.11027250 -0.30571580 0.03438090
-0.09214953 -0.31681654 -0.02253520
0.12691635 -0.31373367 -0.02267866
-0.11173539 -0.30561286 0.06607573
0.03135356 -0.35698938 0.04002484
0.03356263 -0.35916716 -0.00963059
0.02328698 -0.36427006 -0.01565641
0.00842990 0.02677409 -0.00304993
0.13323206 -0.34603363 -0.01170812
-0.10361542 -0.34008369 -0.00218741
0.17083654 -0.33337247 0.01601894
-0.15868162 -0.30466282 0.03667509
0.08218946 -0.35732019 -0.00943078
0.07908553 -0.32943866 -0.05162363
-0.04147151 -0.28577101 -0.03314486
-0.09726503 -0.29274988 -0.06514247
-0.17638066 -0.35850796 0.05305848
0.01804712 -0.30088335 -0.05793938
0.06424706 -0.29006219 0.03320791
-0.15219656 -0.34278801 -0.01917557
-0.16680898 -0.34739566 -0.01678821
-0.06594860 -0.30155572 0.03196330
0.11572628 -0.35233074 -0.01152019
0.01089911 -0.06957258 -0.00432641
0.09363713 -0.29446092 0.02804258
-0.18226242 -0.34543875 -0.01751399
-0.05264642 -0.30986130 -0.06756407
-0.13586888 -0.32532275 0.06448399
0.03328096 -0.19485474 -0.00460992
0.00864132 -0.33739147 0.05842877
-0.13127162 -0.33648598 -0.04727331
-0.01210885 -0.34294823 -0.00154287
0.17209381 -0.30751678 0.03397666
-0.16550329 -0.35240418 0.04206176
0.02914625 0.10539197 0.00553235
-0.06536985 -0.28324506 -0.02748861
-0.10111343 -0.31220403 -0.06504736
-0.12743585 -0.31381106 0.06595258
-0.05111626 -0.31370908 -0.05471904
0.07129257 -0.35093641 -0.03578161
-0.03690052 -0.30521059 0.04088889
-0.02401364 -0.32043493 0.06943837
0.10973898 -0.34666410 -0.02768013
-0.11656022 -0.27963746 -0.00266004
-0.09650826 -0.33545545 -0.05703757
-0.14265390 -0.30537397 -0.01611992
0.14348790 -0.34934297 -0.01283983
-0.01327077 -0.38403907 0.00039117
-0.12523793 -0.25436309 -0.00206790
-0.22474679 -0.32397851 0.03643960
0.00177430 -0.29197887 -0.01866808
-0.07625928 -0.36072645 -0.00603662
0.07781789 -0.35669225 -0.02632707
0.02980820 -0.29634851 0.04353739
0.04692423 -0.35661504 0.03745838
-0.07667316 -0.29265782 -0.04865627
0.18277439 -0.33846068 0.00775668
0.15245025 -0.34785560 -0.03209968
0.22540484 -0.30731958 0.00531628
0.13688923 -0.33462691 -0.02927506
-0.11455828 -0.34682542 0.00519898
0.14496060 -0.30915686 0.01060925
-0.18176910 -0.32767543 -0.05789181
-0.14548513 -0.29649210 -0.05518623
0.23247759 -0.30450219 -0.00745894
0.00019198 -0.33784476 -0.04779719
-0.02822505 -0.34801465 0.01534432
-0.17126679 -0.27441901 -0.00750757
0.01579797 -0.32574379 -0.05417920
-0.01486726 -0.34607857 0.04179385
-0.09325272 -0.35149735 -0.04536436
0.09490003 -0.36124301 -0.01902985
-0.16067404 -0.32606179 0.07494705
-0.13650027 -0.28046122 -0.00498653
0.15211077 -0.35039645 -0.00105125
-0.17285492 -0.34860131 -0.02028762
0.02687897 0.38661718 0.00323413
0.00031962 -0.35712564 -0.00558867
0.02185756 -0.33150208 0.05651934
-0.08435695 -0.29542333 0.03977478
-0.06430807 -0.30439141 -0.06235110
-0.16973093 -0.32379577 0.04324251
0.19943622 -0.35471058 -0.00128606
-0.05088575 -0.31315917 -0.06227564
-0.07059924 -0.35502613 0.02758917
-0.21091805 -0.31397563 0.01450348
-0.02571372 -0.34194621 -0.04624876
0.16376531 -0.35183081 -0.00395793
-0.11063301 -0.32131580 0.05655174
0.02767194 -0.30426735 -0.04301073
-0.16754544 -0.34991276 0.04884333
-0.03891824 -0.35746720 0.00023284
0.22904553 -0.33018205 -0.00232765
-0.04897457 -0.37235275 0.00698226
0.09285685 -0.32984146 -0.04924144
0.02393761 -0.26272050 0.00168740
-0.01512533 -0.31040663 0.05333286
-0.00981848 -0.34769675 -0.03496644
-0.19268262 -0.34241039 -0.01745767
-0.14056641 -0.30011538 -0.04939659
0.13403741 -0.34864742 -0.02930314
-0.17090006 -0.29284739 -0.01374202
-0.13743778 -0.30891803 -0.01158858
0.03575122 0.39097854 0.00183418
-0.00377339 -0.28893942 0.02269676
-0.00553881 -0.29864028 0.07243922
-0.18453622 -0.31686625 0.02247969
-0.03202599 -0.30396456 0.05853041
0.11846753 -0.35272986 0.00518255
-0.23629108 -0.34009945 0.00571781
-0.12580082 -0.30057967 0.06359484
0.01283226 0.04161675 -0.00504489
0.06434449 -0.35760081 -0.01004504
0.18274677 -0.33726937 0.00111656
-0.04759561 -0.32123753 -0.06619189
0.02964285 -0.35709938 0.03498171
-0.12072214 -0.31107479 0.06276707
0.07383401 -0.34884793 -0.04318342
0.10610721 -0.31244472 0.03125741
0.06404138 -0.29754969 0.03412199
-0.18631579 -0.34741223 -0.02166307
-0.22289288 -0.31946293 -0.03340406
-0.02071453 -0.28183019 0.00949125
0.01620006 -0.30035168 0.03320814
-0.03291238 -0.29354724 0.01601747
0.08976768 -0.33667824 0.03602714
0.15297739 -0.32429230 -0.01642123
-0.02663221 -0.34098423 -0.03638664
-0.15066729 -0.31797919 -0.04599452
0.01180926 -0.30153960 -0.06507262
0.19765863 -0.30462390 0.00018320
-0.19154321 -0.29185215 -0.01293808
0.08885998 -0.35627449 0.00228880
0.00096587 -0.30786541 -0.04741410
-0.23016304 -0.31300339 0.04927450
-0.12030260 -0.36133337 -0.03511611
0.01354964 0.34727719 -0.00026589
-0.14837606 -0.31262237 -0.01576643
0.00657671 -0.35528809 0.03481979
0.09337208 -0.33195296 -0.03573462
0.05453102 -0.34465948 0.03652828
-0.13817495 -0.35023901 0.04464906
0.20466876 -0.31354910 0.01860663
-0.03026970 -0.33377936 -0.01568051
0.00742444 -0.25981450 -0.00096937
0.14312243 -0.30618504 0.02081961
-0.25690416 -0.33754498 0.02326379
-0.14323311 -0.33224159 -0.01963831
0.01711428 -0.33112916 -0.06144916
0.03986594 -0.28381780 -0.01339065
-0.12271363 -0.30255181 0.04651419
-0.06270525 -0.38241443 0.00586669
-0.22115080 -0.33330327 0.03053350
0.03550095 -0.21855153 0.00273888
-0.01136568 -0.29057768 0.00859933
0.15578744 -0.30587608 -0.00741802
0.18894301 -0.35333228 0.00285905
0.01906853 0.10270356 -0.00495916
-0.17977941 -0.34281483 0.05534869
-0.13320965 -0.32547820 -0.04638134
0.10595535 -0.29911909 0.01673718
0.02802530 0.31713489 0.00072158
0.12697764 -0.31268242 0.03188929
-0.20044468 -0.30766922 -0.02572528
-0.05443479 -0.24663988 -0.00545554
0.13985197 -0.31035694 0.02584237
0.04349481 -0.33442774 0.04741754
-0.05197428 -0.30296814 0.03852918
-0.18120286 -0.35120264 -0.02516880
0.07233354 -0.34595886 0.02206720
-0.19754380 -0.35355932 -0.03499153
-0.05757358 -0.36507329 0.00805918
0.01868485 -0.35096171 0.00732521
-0.16430710 -0.35593584 -0.02291022
0.17695232 -0.35392627 -0.00165039
0.10749225 -0.31610808 -0.00037242
-0.23609515 -0.33575419 -0.02970676
0.00018065 -0.31904182 -0.06697516
0.09428331 -0.34467235 -0.03708449
0.01936309 -0.31354731 -0.06496825
0.01393063 -0.35407919 0.00535299
-0.15161440 -0.30985904 -0.05825293
-0.06616464 -0.27829310 -0.01921794
0.01793715 0.17284845 -0.00328930
-0.17193997 -0.29461989 -0.01403620
-0.13997027 -0.25453401 0.00454896
-0.23277283 -0.31080449 -0.01047846
-0.19173236 -0.33616024 -0.03429436
0.04065028 -0.21430652 -0.00431477
0.02482605 -0.12594940 -0.00033061
-0.12938777 -0.33341971 -0.06506172
0.02679995 -0.34637198 0.00628202
-0.11351271 -0.30605847 0.06617109
0.19302140 -0.31050357 0.02647188
0.00361097 -0.37111929 -0.00931591
-0.03296563 -0.34810814 0.04498116
0.00287415 -0.39429870 -0.00270287
-0.03638533 -0.34034082 -0.03547660
-0.09570788 -0.29196382 0.02959700
0.14307712 -0.34450886 -0.02674556
-0.06682742 -0.30186868 0.00722035
0.14174698 -0.31316221 -0.03512916
-0.17114757 -0.34391776 0.00703763
-0.17678836 -0.29519382 -0.05330229
0.22367176 -0.31701311 -0.02018171
-0.02570309 -0.32956824 0.06332776
-0.05279853 -0.27209356 -0.01364290
-0.15121524 -0.30533549 0.05810815
-0.10409977 -0.29852369 0.04128519
-0.07864693 -0.31316492 -0.05392991
-0.18770334 -0.30377132 -0.00968330
0.14249408 -0.30200851 -0.00295061
0.09948253 -0.32919484 -0.00570933
0.06823333 -0.30165100 -0.04096836
-0.02914828 -0.34669292 0.04135832
-0.01468965 -0.32088473 0.05219364
0.01118604 -0.37287226 -0.00644253
-0.06866428 -0.31162551 -0.02472262
0.02009758 -0.23823355 -0.01028817
0.17174309 -0.30937070 -0.03819447
-0.17175800 -0.31265891 -0.05470224
0.00819841 -0.34885615 0.04377874
-0.22777629 -0.33617276 0.02627330
-0.02351491 -0.30101529 -0.00160133
-0.10610686 -0.36252561 -0.03469791
0.00970487 -0.34080443 -0.01886200
-0.09329154 -0.31228095 -0.06236394
0.11085751 -0.35370860 -0.00722931
0.08806232 -0.31807205 0.05573036
0.15491608 -0.32027858 0.03122440
0.11286443 -0.29839689 0.00642220
-0.01138574 -0.35909963 -0.00376028
0.22501609 -0.29948503 -0.00123055
-0.01710359 -0.34856385 0.02059477
0.08342823 -0.30293322 -0.04384982
-0.13914463 -0.35834828 -0.00022047
-0.19014560 -0.35178623 0.03981237
0.10797964 -0.31284088 -0.03023409
-0.26389760 -0.34174013 0.00235109
-0.13467747 -0.29899243 -0.06285004
0.13274194 -0.35215533 0.01509981
0.22895765 -0.30943340 -0.00555630
0.02160277 -0.31788686 0.05814057
0.17088726 -0.31440368 0.01839223
-0.07195286 -0.35553733 -0.01327615
0.00785412 -0.30032146 -0.04904826
-0.16484272 -0.33677396 0.02788061
-0.22152480 -0.33445391 0.01803587
-0.20872247 -0.35372090 -0.00066847
-0.11659930 -0.34702235 0.03662460
-0.23624989 -0.34269378 -0.01241316
-0.01532562 -0.33601460 0.05094183
0.12662192 -0.30557817 -0.04426962
-0.13379355 -0.31368417 0.04668913
0.05385783 -0.36950278 0.00805086
-0.14827514 -0.30961564 -0.06841768
0.13693364 -0.34492689 -0.02851547
-0.05510838 -0.29700968 0.04997500
0.03530245 0.10644262 -0.00688766
-0.08294458 -0.31877384 0.07300791
0.03384098 -0.34886745 0.04740955
0.02627908 0.01710357 -0.00430443
-0.01753121 -0.34403747 0.03580394
0.00789798 -0.32195768 0.02843973
0.02095187 -0.35082203 -0.03845117
0.05176115 -0.35937530 -0.01220101
-0.04403381 -0.34833416 -0.02096062
-0.17392705 -0.31562477 -0.05939960
-0.15029864 -0.33882731 0.02282769
-0.00432913 -0.25083670 0.00982930
-0.20691890 -0.31728527 0.06206938
0.06039979 -0.30307439 0.04567372
0.02662968 0.12018343 -0.00555323
-0.02655912 -0.29047722 0.03706465
-0.18587461 -0.34404406 0.04082643
-0.03953576 -0.29302558 0.06754386
0.14247163 -0.34527549 0.03040786
-0.22753017 -0.32038537 -0.01499463
0.13863099 -0.30604464 0.03141130
0.20647621 -0.32649761 -0.00169187
-0.04167472 -0.36020124 0.00644961
0.18416509 -0.31681916 0.02099607
-0.20581618 -0.34376955 0.03620979
0.02610731 -0.10863799 -0.00589022
-0.22439158 -0.30574107 -0.04413011
-0.11050752 -0.35116971 0.00713194
0.00885060 -0.33302671 0.06784729
-0.02735090 -0.36566788 -0.00005385
0.12105843 -0.35046676 -0.00621260
-0.19215761 -0.35679540 0.02717478
0.01757490 0.18835977 0.00420336
-0.12405543 -0.33099750 0.06313725
0.07881583 -0.30426940 -0.04207398
-0.10816345 -0.35341555 0.02519129
0.00266517 -0.33837345 0.05944904
0.11323830 -0.31203055 0.05367216
0.18401195 -0.34996384 -0.01297060
-0.12481851 -0.30109292 0.02172038
-0.05626044 -0.35833871 0.00422290
-0.14482144 -0.28234917 0.00270056
0.14926960 -0.32891509 0.02308187
-0.18231216 -0.35121688 -0.04564852
-0.16417560 -0.30229330 -0.06722014
-0.21420009 -0.33513618 0.01106439
-0.16158782 -0.29485625 0.02801219
0.19051339 -0.33787200 0.01269040
-0.13239300 -0.32350919 -0.01586337
0.02027399 0.17936322 -0.00248098
-0.21316485 -0.32683712 0.02545549
-0.07575369 -0.34135863 0.05561047
-0.16638613 -0.30815613 0.06560466
0.02909810 -0.07011221 -0.00295843
-0.18894914 -0.30623880 -0.02546539
-0.15941019 -0.34918374 0.03267697
-0.02395703 -0.30587196 0.06255475
-0.11969568 -0.30560207 0.07493716
-0.20125335 -0.30985403 0.03796750
-0.07933099 -0.31752649 0.05468715
0.02642983 -0.19637616 -0.00708455
-0.11542246 -0.31510100 0.06268819
-0.18989639 -0.32125345 0.03163232
0.03357849 0.39258656 0.00139092
-0.26416472 -0.32988572 -0.02369768
0.03283302 -0.00584382 -0.00269616
-0.00595977 -0.34651440 0.04471562
0.03609168 -0.31047359 -0.06375495
-0.12642187 -0.31134579 0.05546680
-0.22834481 -0.33671731 0.03844274
0.06840426 -0.31850004 -0.02562797
0.03273946 -0.30388850 -0.03633243
-0.03074840 -0.34182233 -0.05403597
0.04019950 -0.31717375 0.06386492
0.03661431 -0.24401958 0.00275430
-0.21754664 -0.33750609 0.01280155
0.04665956 -0.32560098 -0.04558391
-0.23648371 -0.31239957 -0.02098315
0.09961034 -0.30991599 0.00276225
-0.14744243 -0.31423372 -0.03846960
0.05502440 -0.35312426 -0.00675286
-0.07598890 -0.35546315 -0.03438268
-0.15091842 -0.33608466 -0.03218356
-0.08446063 -0.30961165 -0.06793791
-0.13750997 -0.32592773 -0.04813998
0.06940935 -0.30260059 -0.05128780
0.06640414 -0.35308558 0.00961659
-0.12392791 -0.30276209 0.00496916
-0.07378812 -0.31674612 0.06876874
-0.08941147 -0.34794274 0.02393021
-0.10872131 -0.30524331 -0.02958445
0.23049617 -0.31256029 -0.00947680
-0.08906234 -0.29947588 0.04865266
-0.00019927 -0.34647086 -0.04724395
-0.00410248 -0.30914068 -0.03261151
-0.04561470 -0.30826992 0.07275710
0.00378133 -0.30120486 -0.05897798
-0.00042025 -0.32043615 -0.06069076
-0.12509690 -0.34186912 0.03067750
-0.14865613 -0.34923571 0.03438847
-0.16377422 -0.31313425 0.03484429
-0.21308170 -0.35234350 -0.00166623
0.21111536 -0.30067918 0.00631518
-0.04591880 -0.38734636 0.00134811
0.12155163 -0.30576012 -0.02778575
0.02021031 -0.33599669 -0.03784224
0.15469152 -0.32632875 0.01128722
0.02315747 0.09434613 -0.00307714
-0.04567167 -0.34642336 -0.01803789
0.02063221 -0.34350637 -0.03494407
-0.16572593 -0.30309370 0.04993181
0.01859030 -0.10663041 -0.00393854
-0.19214880 -0.31374717 -0.05453609
-0.00872993 -0.31554538 0.01848857
-0.25016829 -0.34674534 0.01964805
-0.00204833 -0.30823731 -0.00296072
-0.25519305 -0.33301643 -0.02133192
-0.13834493 -0.28375375 -0.04139481
-0.00726464 -0.29698440 -0.00265583
-0.20049068 -0.31018382 -0.02913183
0.04006703 -0.33672398 -0.00799690
0.01284565 -0.36283872 0.01987599
-0.12973334 -0.32712454 -0.04878415
-0.20624591 -0.33639386 -0.01056911
-0.02587979 -0.38544422 -0.00006699
-0.03485912 -0.35200849 0.00876735
0.17979498 -0.30254677 -0.01197673
-0.09031145 -0.35664186 -0.00950432
-0.13468252 -0.33553335 0.01403493
-0.05641020 -0.35781577 0.01213623
-0.17964120 -0.31092009 -0.04653724
0.08582661 -0.31225881 -0.05457359
-0.24153914 -0.31160668 0.03568124
-0.12029085 -0.34877467 0.04529740
0.23229419 -0.29844174 -0.01237316
-0.21859606 -0.32212612 0.02816683
0.09697913 -0.31031674 -0.03994232
-0.15331367 -0.30563909 -0.04631583
0.01516596 -0.32860616 -0.02070071
0.13491449 -0.31366488 -0.03281141
0.17377934 -0.30833474 0.02967755
0.01645891 -0.34138620 0.03429605
-0.06720787 -0.32281935 -0.05946095
0.00743306 -0.31524351 0.00047198
-0.05117065 -0.29196149 0.03689491
0.04904089 -0.28161541 -0.01969635
-0.08193755 -0.31273288 0.07092836
0.08160982 -0.34735939 0.02564652
0.01631921 -0.31322825 0.03747023
0.12017117 -0.35093912 0.00197469
-0.05568480 -0.31769490 -0.02921274
-0.14188567 -0.35868174 -0.00570246
-0.18285343 -0.31400809 0.06403408
-0.20521803 -0.30617404 -0.05531589
-0.22824875 -0.31617710 -0.02001782
-0.10495783 -0.35460150 0.03626692
0.03658868 -0.18099868 -0.01119568
-0.16348937 -0.35051474 0.03492680
0.01710532 -0.16009565 -0.01021146
-0.05805090 -0.27483273 -0.01319781
-0.19172028 -0.32979789 -0.06557311
-0.03383221 -0.37879059 -0.00099932
-0.11832678 -0.29597697 0.03606783
-0.16143480 -0.34830603 -0.02220581
-0.25779793 -0.30566943 -0.00073838
0.23851049 -0.30407348 0.00753438
0.10693526 -0.33741206 -0.01032175
-0.10311026 -0.32975310 0.02541192
-0.05923267 -0.33142874 0.01509149
0.04309065 -0.31499904 -0.00884419
0.04002242 -0.30930522 0.05762078
-0.02003245 -0.28790426 0.03194270
0.26399112 -0.30458918 0.00742348
-0.17508636 -0.32463577 0.04096084
-0.13259475 -0.30459461 -0.04151725
0.11973074 -0.34973943 -0.00237898
0.02403513 -0.07016359 -0.00484991
0.02902869 -0.27711987 0.01101804
0.11920893 -0.30945566 -0.03031418
0.18713027 -0.34101167 0.01826546
-0.10449167 -0.31806114 0.06877410
-0.17328873 -0.30202407 0.05594566
-0.21371700 -0.30057636 -0.04270742
0.01856934 -0.29093084 -0.01464131
0.07855916 -0.29791930 0.02034521
-0.14173567 -0.32102305 -0.06336959
0.02374543 -0.30852589 -0.06248253
-0.22720918 -0.32791167 0.02855989
0.22689825 -0.33077395 0.01382515
-0.11424096 -0.29002780 -0.01646112
0.01101730 -0.31113571 -0.00142821
-0.02989290 -0.34239772 0.05821909
0.11930336 -0.34382772 0.03174360
0.22368872 -0.30155215 -0.00525981
-0.08581892 -0.27041310 0.00181474
0.02709376 0.32634515 0.00196648
0.13416556 -0.29513165 -0.04126668
0.04840506 -0.29891199 0.06311206
0.02210305 -0.14732027 -0.00764410
0.17888799 -0.31861046 -0.02566553
-0.04544815 -0.31314635 0.06711937
0.15496108 -0.34725022 -0.02751647
0.16260293 -0.31917298 -0.02039362
0.15724589 -0.34414950 -0.02616145
-0.08799118 -0.32070169 0.01000907
-0.06532473 -0.27122340 -0.00501677
-0.17008203 -0.34645015 0.00661395
-0.08702108 -0.35156932 0.02025635
-0.11049425 -0.32097641 0.05713919
-0.02041383 -0.31022924 -0.04519103
-0.00471135 -0.31596780 0.04194084
0.02025631 0.39100766 0.00525236
-0.22172193 -0.32152522 0.02132426
0.01941908 -0.29125735 -0.03220686
-0.04142595 -0.24782622 -0.00099038
-0.09394111 -0.35614696 -0.01816340
-0.18545052 -0.30213004 -0.06587274
-0.16650714 -0.28662318 -0.05004831
-0.05528083 -0.31971604 -0.06246547
-0.04268158 -0.27066368 -0.00161221
-0.03554920 -0.39318222 -0.00374901
0.03499436 -0.31201798 0.00600476
-0.03026979 -0.30708772 0.06498173
0.10965403 -0.35344055 0.00077386
0.01786261 0.39247224 -0.00251616
-0.16015080 -0.35444856 -0.04399030
-0.18421146 -0.28965151 -0.00569519
-0.08611744 -0.30110794 0.00323763
0.01933324 0.21470253 -0.00093573
0.02282416 -0.31746271 0.01788046
0.02870412 0.37005824 -0.00283455
0.00801552 -0.29472426 0.03451183
-0.00083326 -0.29587221 0.06357931
0.01013667 -0.19187209 -0.00058140
-0.21724066 -0.34401095 -0.01085086
-0.12636645 -0.30365211 0.07052681
-0.24194659 -0.34694576 0.00415925
-0.18720534 -0.34507000 0.00082957
-0.22866668 -0.31798619 -0.04088316
0.04824474 -0.35679081 -0.02740737
-0.06920369 -0.40190479 -0.00624452
-0.15398130 -0.30276194 0.06993163
-0.05848759 -0.27667272 -0.01699653
0.11977991 -0.31335977 -0.02435987
-0.22547889 -0.32345110 -0.04415281
-0.22550866 -0.32723871 0.02398131
0.02067126 -0.03023724 -0.00277102
-0.04979279 -0.33260679 -0.01239626
-0.25828034 -0.32758436 0.04490369
-0.01788930 -0.34436521 -0.01662022
0.17658111 -0.32003871 0.01638488
-0.04205842 -0.34561533 0.03798662
0.14931564 -0.35556886 -0.00021342
0.06439362 -0.34378001 0.02091140
-0.04248592 -0.37488055 -0.00519773
0.11772893 -0.29724798 -0.04107628
0.03191328 -0.15936846 -0.00352475
-0.12596494 -0.34149531 0.05796864
0.17261423 -0.32852924 -0.02542033
0.11048213 -0.31562537 0.03343355
0.03652836 -0.03355529 0.00982144
-0.03994706 -0.30919132 -0.03622020
0.09450400 -0.35136378 0.01109974
-0.12393942 -0.32483277 -0.00574071
0.16441852 -0.32738087 0.01327338
-0.11209206 -0.33777285 -0.02775180
-0.10517829 -0.36142811 -0.02170267
0.20044671 -0.33302009 -0.00329525
-0.24567936 -0.32240492 -0.04383032
0.06975591 -0.32317710 -0.00600049
0.03793246 -0.35703024 -0.02512807
-0.18286461 -0.31132826 0.04680156
-0.10777536 -0.31260929 -0.06712134
-0.11639246 -0.30304110 0.03791700
-0.05557981 -0.35387191 0.00302196
0.02435527 -0.31309101 -0.05126953
-0.16206667 -0.32840624 -0.03331376
0.02192252 0.15717103 0.00021967
-0.16017969 -0.29568735 -0.04838826
-0.04457232 -0.35621831 -0.00674790
-0.19861290 -0.34213054 0.00551175
0.24524005 -0.30845529 0.00848983
-0.13586815 -0.31544608 -0.05836618
-0.14370921 -0.36643669 0.01769659
0.14690970 -0.34771475 -0.00425209
-0.24530399 -0.32987151 0.00339201
0.00067384 -0.35685489 0.01933783
-0.08361433 -0.30483246 0.06473675
-0.02262667 -0.30837691 0.04880314
-0.21478629 -0.32116932 0.00868939
0.13077118 -0.29870698 0.02898336
0.03334688 -0.33859131 -0.01871917
-0.11110473 -0.32427767 -0.04722821
-0.04036550 -0.29359010 0.02958429
-0.05291669 -0.41472295 -0.00278137
-0.19614026 -0.30308485 -0.00743234
0.02457367 0.14188103 -0.00889238
-0.22273219 -0.31986499 0.02078344
0.03206283 -0.30522907 -0.05050560
-0.26049435 -0.32461879 -0.01889330
-0.18130550 -0.29935384 -0.06561340
-0.07164740 -0.38195664 -0.00146336
0.01428079 -0.31650868 0.00452637
-0.03766504 -0.37490839 0.00693377
0.10316281 -0.34799308 0.02218722
0.11108656 -0.33985123 -0.02403701
0.17318220 -0.31204391 0.01247109
-0.09681879 -0.29743636 -0.00276574
0.06464357 -0.31382269 0.06515237
-0.17528865 -0.31579870 -0.02370359
0.03502843 -0.29787269 0.04754386
-0.03537694 -0.38346803 0.00344518
0.00547615 -0.34413517 0.02414508
0.05847859 -0.34822306 0.02592819
-0.20486523 -0.34938625 -0.03382906
0.00297285 -0.27251589 -0.00365442
0.01748287 -0.26568907 0.00478557
0.07056143 -0.32860881 -0.03363744
0.13985012 -0.30634135 0.03802446
0.08973716 -0.35690621 0.02714773
-0.18347584 -0.34719223 0.05467442
0.02531261 -0.30126899 -0.03792052
-0.18446545 -0.35981399 0.00509839
0.09865378 -0.35032228 -0.03797591
0.05108547 -0.35711321 0.01589859
-0.05118752 -0.29272372 -0.04991646
0.21220221 -0.30977404 -0.00317046
-0.06355388 -0.32962438 0.06426417
0.01392195 0.30306932 -0.00079264
0.04929663 -0.30179161 -0.05300599
-0.11115144 -0.30322042 -0.04375261
-0.20210782 -0.34844434 0.00816864
-0.26056582 -0.31122762 0.01887524
-0.01911456 -0.38148791 -0.00241766
0.15890077 -0.33276588 0.02787024
0.01892391 0.17648122 -0.00725967
0.09761260 -0.31233975 0.04666157
-0.18672161 -0.33752134 0.04542827
-0.07716595 -0.34807837 -0.00869858
-0.15862001 -0.30443624 0.03004592
0.14123651 -0.30439517 0.03552949
0.03092261 -0.09868053 -0.00212709
0.03490544 0.18801355 0.00019816
-0.20531857 -0.35409328 -0.02177603
-0.01594782 -0.40367827 -0.00060989
0.17266370 -0.34720355 0.01184172
-0.21111766 -0.34794757 0.04058878
0.13937508 -0.35499871 -0.00236432
-0.11790927 -0.35696226 0.00824335
-0.05989005 -0.38999292 0.00100615
-0.16153182 -0.29686201 -0.04680431
0.11120054 -0.30946624 -0.04336338
0.04940283 -0.31485948 -0.04016256
-0.02876513 -0.40702969 0.00600962
-0.15598901 -0.31454292 0.03949906
-0.19782080 -0.32594076 -0.00041522
-0.02774555 -0.35509658 -0.01751694
-0.25265422 -0.33499357 -0.03418176
-0.13937652 -0.29010779 0.02623347
0.03590592 -0.18112336 -0.00168335
0.00913181 -0.24582051 -0.01106907
0.03575253 0.16278890 -0.00058193
0.08204940 -0.33426166 -0.00000776
0.21661054 -0.31762540 -0.01842711
-0.16252390 -0.35035536 -0.02493217
0.01636044 -0.32199284 -0.05605648
-0.18909833 -0.29952925 -0.04931938
-0.23647507 -0.34609830 -0.00837203
-0.08185410 -0.30810294 -0.04113748
-0.03297468 -0.30931967 0.06049880
0.07135010 -0.35596064 0.03873714
-0.25241449 -0.34125346 0.03176854
0.03998388 -0.30308846 0.06872588
-0.06362854 -0.31631327 0.06280984
-0.16217256 -0.30532795 0.06169541
-0.01828060 -0.28717864 0.03794017
0.14824629 -0.32482186 0.01495730
-0.18523943 -0.35082552 -0.01327863
-0.26321787 -0.35009575 -0.00281447
0.14264257 -0.31874219 0.02667491
-0.09139375 -0.33064896 -0.05732078
-0.19033469 -0.33160627 0.00028689
0.02746722 -0.34370333 -0.03299124
-0.05821172 -0.31691608 -0.06835509
-0.18968245 -0.35771516 0.00116378
-0.11245774 -0.34403554 -0.00703254
-0.04849203 -0.29959482 -0.04484285
0.02384817 -0.37640080 -0.00278849
-0.18563282 -0.34099814 0.03624489
0.05717909 -0.30912575 -0.02745687
-0.18495069 -0.29950494 -0.04944151
0.07174961 -0.34267840 -0.01372859
-0.03805214 -0.29925025 0.06484986
0.03818510 0.12229537 -0.00694121
0.04513955 -0.33011103 0.05623448
-0.13682494 -0.32735676 0.05941328
-0.12174704 -0.31160155 -0.06212553
0.02067787 -0.20132695 -0.00102942
0.00086056 -0.33021474 -0.03603502
0.06444489 -0.32970276 -0.03007323
-0.21093106 -0.32520291 -0.02346813
-0.22587743 -0.35307804 -0.00881565
-0.01356452 -0.35094884 -0.04110933
-0.17753780 -0.31857535 -0.02746400
-0.03553659 -0.27507013 -0.00620005
-0.22226816 -0.31195599 0.05386786
-0.15273103 -0.30501240 -0.04536726
-0.11519079 -0.31847939 -0.07157278
-0.15385638 -0.35215652 -0.03778118
-0.11321162 -0.32822287 0.05741639
-0.23630530 -0.34155852 -0.01834715
-0.00643875 -0.36153838 -0.00383358
-0.13747883 -0.30817911 -0.03798928
0.13198911 -0.31298852 -0.02537652
0.14723584 -0.33506072 0.03300870
0.10751965 -0.34545282 0.02793932
0.03979815 -0.34135973 -0.03092732
-0.22673506 -0.31007063 -0.03945509
0.02504576 -0.32047877 -0.00164970
-0.02469292 -0.36341068 0.00534215
0.03269765 0.07552403 -0.00469710
-0.23437397 -0.30338579 -0.05120097
-0.03681685 -0.31670713 -0.05618659
-0.15222099 -0.28926963 -0.03687949
0.00481995 -0.33653596 0.04558609
-0.15223941 -0.31447175 0.06477078
0.03951766 -0.36280423 -0.00328880
0.00743844 -0.30440941 -0.05029201
-0.05610519 -0.35326514 0.01629943
0.20844448 -0.32631606 -0.00208694
-0.12091386 -0.27312213 -0.01394395
0.16647910 -0.31032589 0.03741143
0.11898340 -0.32706514 -0.04168539
-0.12663294 -0.34384382 0.05115659
-0.09747656 -0.35776979 0.00131072
-0.22135992 -0.33063209 0.02608929
0.20411322 -0.31321636 0.02065148
0.08215705 -0.36130714 -0.00274359
-0.19847664 -0.34305328 -0.04716615
0.03073134 -0.18230399 0.00215596
0.01559500 -0.31046554 -0.00956726
-0.20612992 -0.32117260 0.04357898
-0.01445962 -0.35203940 0.02584843
0.17468239 -0.31254673 0.01244865
-0.12194689 -0.32162991 0.01678511
0.18272591 -0.33659306 0.02745985
0.02619446 0.27592871 0.00146812
-0.06440084 -0.29737040 -0.06512122
-0.24196309 -0.34794095 -0.01132174
0.00073117 -0.34880674 -0.03288034
-0.17071179 -0.34478867 0.00479732
0.07084864 -0.35408536 -0.00140971
-0.00065078 -0.32853305 -0.04646174
0.15082262 -0.32390976 0.03017304
-0.04589871 -0.30914861 0.01119530
0.02999685 -0.29044840 0.04094580
-0.10160904 -0.33948070 -0.03376656
0.15685678 -0.30314189 -0.01536542
-0.01814303 -0.28787929 -0.02320648
0.05418758 -0.35230669 -0.02636172
0.00609541 -0.35109705 -0.00539575
-0.22571009 -0.32054207 0.02526599
-0.17917144 -0.31505355 -0.05467793
0.18781544 -0.31151250 -0.02235524
-0.09780021 -0.34353229 -0.03342302
0.09577472 -0.34861350 0.02488088
0.01859570 -0.39608005 -0.00858478
0.01258213 -0.28962544 0.00912499
-0.21430914 -0.31600767 -0.05258593
-0.25443253 -0.33832377 0.03570977
-0.01451173 -0.30454466 0.06967661
0.03669082 -0.32380953 -0.05593472
-0.06452744 -0.38139424 0.00831490
-0.22451198 -0.34472579 0.03647564
-0.17301081 -0.34584475 0.04722007
-0.09059069 -0.25477198 0.00080119
-0.04850300 -0.35324776 -0.03342652
-0.00425888 -0.32970649 -0.01727363
-0.15189663 -0.35224506 -0.04613435
-0.18203798 -0.31562918 0.05415150
-0.01839346 -0.32575744 0.00021094
-0.09013273 -0.34819585 0.04887718
-0.01371536 -0.34518588 -0.05114496
-0.02766563 -0.30431712 0.04004364
0.12529041 -0.35129037 -0.00407466
-0.12887746 -0.29182756 0.04142130
0.02801020 -0.18550810 -0.00158806
-0.23995362 -0.30475712 0.04271308
0.01468640 -0.33708999 0.04914984
-0.20760606 -0.31427145 -0.05515734
-0.20668705 -0.31874833 0.00058167
-0.02274291 -0.34804407 -0.04169467
0.03394014 -0.35369858 -0.04546436
0.03627987 0.12248423 -0.00867274
-0.00287124 -0.34220967 0.03767826
-0.11569292 -0.35603642 -0.03265212
-0.06347365 -0.37324384 0.00862761
-0.22655359 -0.34598386 0.00912630
-0.09049311 -0.31067315 -0.06094620
-0.13787568 -0.30074808 0.04291232
-0.03663846 -0.34984395 0.04730234
0.20347616 -0.32146120 -0.00495026
0.01563009 -0.19166534 -0.01027564
0.10184661 -0.31166095 0.04144866
0.10392112 -0.30452517 0.01307034
0.20045763 -0.30688089 0.01075870
-0.03582873 -0.36365014 0.01171570
-0.04597562 -0.33936733 -0.01702174
0.09506223 -0.32382020 0.03924467
0.10876140 -0.33376941 -0.03463951
-0.07414468 -0.30445620 -0.06221322
0.21239071 -0.32940492 0.01698155
-0.20324093 -0.31677109 0.01214420
0.05249085 -0.29536900 -0.03459232
0.03038685 -0.31742641 0.02171747
-0.01407436 -0.34236768 -0.06046389
-0.07966246 -0.33426666 0.00226647
-0.13769729 -0.31921181 0.01696010
-0.19850089 -0.36025152 -0.00893316
-0.01578861 -0.33609602 0.06066808
0.00517318 -0.26447308 -0.00133707
-0.03023592 -0.34863198 0.05462322
0.13740924 -0.31096491 0.03788988
0.02626154 -0.37260270 0.00986273
0.03938310 -0.36017820 -0.01058989
0.10243482 -0.30809793 -0.05007919
0.13335876 -0.30797493 -0.02754193
0.06329364 -0.34791517 0.03027873
-0.09652306 -0.29119608 -0.00629820
-0.02303912 -0.32271329 0.07004023
-0.15156890 -0.32473946 0.05924856
0.04630727 -0.30441892 -0.04395379
-0.05161026 -0.30194792 -0.06454855
0.11912481 -0.31287250 -0.04069551
0.18023811 -0.31722561 0.00192974
-0.18674505 -0.35523176 0.01199971
-0.05688054 -0.32277203 -0.06367654
-0.21921088 -0.33504939 0.00120629
-0.17507286 -0.31678116 -0.01459558
0.03593048 -0.04831796 0.01214471
0.21803534 -0.30953577 -0.00218298
-0.25204125 -0.34481543 -0.01432058
0.12064321 -0.33766982 -0.02419618
-0.19221793 -0.36190099 0.02436450
0.02329291 -0.01058530 -0.00286011
-0.20006098 -0.30225900 0.00459359
0.02883289 0.20835963 -0.00198497
-0.11805959 -0.34611905 0.04859130
0.02169232 -0.08882980 -0.00033788
-0.01951526 -0.31647483 0.07983399
-0.02354773 -0.31736040 0.01641750
-0.19418369 -0.33789927 0.03401061
-0.14284292 -0.32212648 0.00551645
0.10369189 -0.31574690 0.05231460
-0.17542040 -0.34276369 0.04576468
0.01324393 -0.30302924 0.05070711
0.25270432 -0.31112483 0.00022576
-0.13261527 -0.34851992 0.04775604
0.11496656 -0.31009150 -0.01873257
0.08737792 -0.36073944 -0.01922400
-0.13487959 -0.36368084 0.00743371
0.02938077 -0.29081264 -0.01050126
-0.02131763 -0.32468373 -0.03358602
0.10017620 -0.31926930 -0.04071503
0.14432761 -0.34805614 0.01805764
0.02284344 -0.11018315 -0.00724976
-0.26292187 -0.33081198 -0.01823997
0.09695856 -0.35653546 0.03610247
0.03914174 0.04509620 -0.00198246
-0.14046614 -0.35563454 -0.00603027
0.17829487 -0.30725911 -0.00150479
-0.19657694 -0.35341823 0.04347140
-0.02584602 -0.30954090 0.05232789
-0.08676969 -0.31845096 -0.01276621
-0.00979865 -0.34240866 -0.04801144
-0.18497467 -0.33569971 0.00241465
-0.03271082 -0.29313639 -0.05347444
0.02023730 0.21690235 0.00212272
-0.04640614 -0.29332638 -0.03593801
-0.00840891 -0.25167087 -0.01475636
-0.01396389 -0.34764424 -0.03526334
-0.22074878 -0.34297583 0.03471865
-0.19496614 -0.34609109 -0.04539601
-0.02427358 -0.40936628 -0.00264047
-0.00015813 -0.39237589 0.00997206
-0.00651309 -0.31579462 -0.06693353
0.05829291 -0.26698324 0.00131214
-0.15664405 -0.35646793 0.00548196
-0.18302082 -0.29450029 -0.05404572
-0.23425967 -0.30230254 -0.04108600
0.14833966 -0.30893397 -0.02688234
-0.10676748 -0.33729911 -0.04251030
-0.01974617 -0.30648488 -0.04569628
-0.03406590 -0.26203418 0.01432982
0.05514546 -0.35806593 0.02097360
0.01628316 -0.31822333 0.01616020
0.20705488 -0.32945514 0.01484964
-0.13925554 -0.31252238 -0.06967790
0.12777717 -0.34856582 -0.00983710
0.00465359 -0.29932094 -0.06873727
-0.01553538 -0.32739240 -0.05869509
0.02595780 -0.30114797 -0.05262637
-0.03160070 -0.38209292 -0.01342148
0.21317802 -0.30029225 0.00226887
-0.16322187 -0.35693237 -0.00847046
0.17702870 -0.32139224 0.02450794
0.03975449 -0.35180914 0.03922047
0.10488477 -0.29493034 -0.02036171
0.05498459 -0.33781585 0.03519322
-0.11138659 -0.29515457 0.05423154
0.00955468 -0.16940416 -0.00136074
-0.03877903 -0.38381606 0.00961632
0.22970176 -0.32187873 0.01690495
-0.09696326 -0.33213905 -0.04729588
0.22105162 -0.31137007 0.01140846
0.04893846 -0.29714704 -0.02029102
0.07825459 -0.35304469 0.00776817
-0.25750533 -0.32602370 -0.02047382
-0.23609251 -0.30860406 -0.03430300
