-0.18238340 -0.01950938 0.06900354
-0.03671076 -0.02906303 0.06596407
-0.22473131 -0.01701821 0.04927320
0.00902903 0.00473910 0.09070190
-0.40121770 0.00775513 0.05299184
0.38809541 -0.01410878 0.10264752
-0.11983746 -0.02464289 0.08043811
0.36325157 -0.00282238 0.09023906
-0.10527299 0.00247957 0.05789661
0.07918082 0.00067686 0.08546788
0.30175883 0.00400571 0.04272116
-0.04709060 -0.00569750 0.05637022
0.12278580 -0.02313524 0.09497340
-0.00381982 -0.01655587 0.08082674
0.23696971 0.00876349 0.00100440
-0.21869460 0.01111096 0.08380368
0.44426405 -0.00510097 0.10155680
0.17352870 -0.02644408 0.09796350
0.28934926 -0.00692065 0.08394391
-0.10766487 -0.01325946 0.04883252
0.08928544 -0.02070783 -0.01351266
0.30800897 -0.01571260 0.04871185
-0.21234550 -0.02098542 0.05118652
0.22643864 -0.02152373 0.06717930
0.22341238 -0.02005165 0.06873193
0.15139800 0.02380354 0.06233120
0.24728306 -0.02263058 0.09375658
-0.04662661 0.00668014 0.07155246
0.05301574 -0.02688643 0.07666351
-0.20167075 -0.00659790 0.00704792
0.07987292 0.01102798 0.05591664
0.42396042 0.00747907 0.08516479
-0.28568816 0.00847240 0.05813978
-0.18284990 0.01583793 0.06947131
0.33914626 -0.01606518 0.08193760
-0.13267083 -0.02045403 0.06228506
-0.08080817 -0.02133268 0.06938086
-0.25804371 0.00377257 0.05509153
0.40952939 -0.01832956 0.03553174
0.41535664 -0.00240939 0.08009182
0.08877502 -0.01186838 -0.02031773
0.10563588 0.00996020 0.08690277
0.26428974 0.00196882 0.09729014
0.24588284 0.00640391 0.03933776
0.15830648 0.00147732 0.03793024
-0.16791913 0.01351955 0.07393695
-0.37576148 -0.02045967 0.06398918
-0.08228956 0.00302182 0.07290093
0.39730367 -0.00121004 0.06488888
0.10311481 -0.02021524 -0.01654213
-0.12679249 -0.02546114 0.07566985
-0.16155212 0.00014147 0.07424194
-0.25722250 -0.00994062 0.05166385
-0.03092302 -0.00614928 -0.05210119
-0.38639429 0.00365732 0.06392271
0.17670235 -0.00487098 0.11156327
0.00291174 0.00254667 0.08070418
0.37508589 -0.00655326 0.07010390
0.30859178 0.01743238 0.08576393
0.00897514 0.01188974 0.07182448
-0.04315030 0.00174519 -0.06045659
0.42239532 0.00928355 0.08405074
-0.35861692 -0.01941654 0.04777677
0.14000477 0.00271996 0.01541650
-0.07905098 0.00540120 0.04376994
0.15634160 -0.02655181 0.08200243
0.29160628 0.00628719 0.08577071
0.25267196 -0.00098241 0.10594977
0.12918293 0.01991536 0.09008504
-0.44217187 -0.00754486 0.05397332
-0.30223918 -0.02415252 0.04728228
0.12975581 0.00032400 0.04777922
0.45199332 -0.00795942 0.06621052
0.26981080 -0.02605774 0.08905351
0.20618649 -0.01973381 0.07051480
-0.00538993 -0.01731838 -0.05850390
-0.38496339 -0.02460698 0.05235556
-0.08927760 -0.02297662 0.07452087
-0.18801373 0.00365633 0.05504595
-0.37616017 -0.01403268 0.05559077
-0.08990169 -0.02238923 0.06163408
-0.01285046 -0.01358638 -0.01692640
0.19405203 0.01243685 0.06865254
-0.19610612 -0.02703253 0.06831856
0.04374801 0.00013715 0.09632614
-0.42688856 -0.01953897 0.06149344
-0.06188367 0.00206998 0.06274419
-0.19324681 -0.02829065 0.06763758
0.40306240 -0.02060506 0.07785913
-0.12111779 -0.01487000 0.00126889
-0.21378788 0.00065559 0.03791213
-0.10018675 -0.00425269 0.08291122
0.44465053 0.00335902 0.08420061
-0.08661032 -0.02613290 0.07353848
0.14065722 0.00081464 -0.06158953
0.09460324 0.00882612 0.08209886
0.34892631 0.00340946 0.10306090
-0.16988851 0.01309286 0.07199068
-0.36073533 -0.00792287 0.07806259
-0.18241726 -0.02044402 0.03558650
0.17661425 0.00008275 0.10673437
-0.01399178 -0.00748754 0.06767236
0.26388758 -0.00849135 0.06166836
-0.22088523 -0.02792661 0.05424038
0.41729978 -0.00890594 0.07264376
-0.27506268 0.01099289 0.05684892
-0.06550132 -0.00575637 0.07304979
-0.13475664 -0.01332358 0.07391679
0.42118117 0.00297536 0.07491137
-0.28881699 -0.01768946 0.05186504
0.22370648 -0.01926232 0.07893048
0.11310390 -0.01076587 0.08359931
-0.41439524 -0.00647926 0.07151985
0.34790158 -0.02130041 0.07130368
-0.03285097 -0.02046396 0.08179952
0.25612769 -0.00347649 0.01486371
0.12470909 -0.01489370 0.07386111
-0.04538609 0.01954962 0.06771298
0.08787362 -0.02846179 0.07387000
0.06196410 -0.00368989 0.06675728
0.12512380 -0.02693361 0.04755061
0.29742327 -0.01520230 0.05361481
0.18520083 -0.00790748 0.08949690
-0.02105161 -0.02846652 0.07309723
0.17277542 -0.01796275 0.04718673
0.13150211 0.00959542 0.04033640
0.21687299 -0.00285176 0.07139979
0.10973582 0.00455368 0.08870207
-0.11943673 0.00478254 0.06708405
0.30739632 0.01176844 0.06888165
-0.06490240 0.00383311 0.02215193
0.19865741 0.00104367 0.10258278
0.20202909 0.00346749 0.08307543
0.17085491 -0.02415293 0.08407636
0.07308131 0.01711657 0.08017267
-0.13765414 -0.00999648 0.06158162
0.08528112 -0.01492074 0.09036501
0.08244999 -0.01194470 0.04297591
0.04619657 -0.00485892 0.08288693
-0.21512648 -0.00488732 0.06554203
0.03603023 -0.02147454 0.07841671
-0.00413725 -0.02563590 0.07679043
-0.01889743 -0.00657585 0.07000938
-0.40204796 -0.01443208 0.07824180
-0.17569211 -0.00019288 0.06142323
0.12558247 0.00415154 0.05073731
0.28180593 0.00921536 0.04670323
0.20401821 -0.00303143 0.10660751
0.02834960 -0.02842979 0.07900335
0.02412341 0.00028499 -0.03774724
0.37070385 0.01388531 0.09653752
-0.19534785 -0.01653938 0.05747056
-0.08844862 0.00559928 0.07322522
-0.30221829 -0.00346131 0.05343770
0.07354413 -0.00729639 0.09673838
-0.09597754 0.00426283 0.06175824
-0.26493323 0.02115236 0.06532068
-0.18213166 -0.00757237 -0.03970031
-0.13473685 -0.01274654 0.07779805
0.09588819 -0.03236125 0.05484766
0.43421105 0.00474722 0.08151958
0.15301153 -0.02419884 0.04131282
-0.03408190 -0.02358156 0.07589931
-0.13038161 0.00100136 0.07965975
-0.12697299 -0.00833792 0.06853263
-0.10867324 -0.00887615 0.07710464
-0.21424697 -0.00725252 0.06163590
-0.16466081 -0.01563650 0.06402094
-0.18498024 -0.02343741 0.06634017
-0.08401953 -0.00111316 0.08072399
0.23323441 -0.02354693 0.07396305
0.12464831 0.01454010 0.05465511
-0.30387324 0.00618729 0.06426530
-0.28335142 0.01312114 0.07025835
0.12879525 0.01028752 0.09220070
-0.05188686 -0.00783870 0.08132382
0.02076435 0.01503768 0.08788612
0.34108698 0.00062311 0.05903573
0.26688039 -0.00318322 0.04450314
0.15786509 0.01517468 0.07584212
-0.20304310 0.00908308 0.06603377
0.26661775 -0.00256365 0.03809087
-0.30595425 -0.01605768 0.06947300
-0.33261296 -0.01217426 0.05883564
-0.27716592 0.00253522 0.05204400
-0.18641679 -0.03824032 0.07607991
-0.39570457 0.00139486 0.04025185
-0.16164072 -0.00336436 -0.00283454
-0.07035565 -0.01162398 0.03397484
0.03332730 -0.00299536 0.04752582
-0.08355595 -0.02501760 0.05667631
-0.28050917 -0.00282249 0.05228342
0.31466925 -0.00040823 0.12168204
-0.15812179 0.00307589 0.06783045
0.01795644 0.00977654 0.09220593
-0.22295927 -0.02346004 0.03851126
-0.42288706 0.00547086 0.05142761
0.16919512 -0.02326511 0.05187182
-0.12085652 -0.04424699 0.06140836
0.16196427 -0.01236399 0.10095263
-0.09944709 -0.00939025 0.08305373
-0.19001935 -0.01707145 0.05908489
-0.38945407 -0.01914551 0.04480466
-0.42685682 0.00415881 0.06984510
0.28688964 -0.00205316 0.11407568
-0.15845817 -0.02810000 0.07154165
-0.09633701 0.00221417 0.02432565
-0.15994272 -0.01188048 0.08727746
-0.02077979 0.01436833 0.07464378
0.31255662 -0.02468393 0.04559506
0.39972511 -0.01848067 0.06792761
-0.37117061 -0.02495095 0.05016163
-0.06136967 0.01618403 0.08820080
-0.04444399 -0.01165524 0.08181961
-0.14789256 0.00654315 0.08972983
0.15160652 0.01114430 0.09510557
0.09785495 -0.02909432 0.10351662
-0.16712458 -0.00751244 0.07476205
0.34230042 -0.02140742 0.05393445
-0.16846552 -0.01383845 0.05266439
-0.02572140 0.00193275 0.06749654
-0.09725481 -0.02350733 0.05103879
0.01082307 -0.02100671 0.05187339
-0.19344735 -0.00978114 0.05602640
-0.16970876 -0.01837667 0.06443579
0.10198940 0.00276199 -0.03209788
-0.04685561 0.01138833 0.06965464
-0.31203654 -0.00110130 0.04388657
0.07956257 0.00417832 -0.03138919
-0.31383315 0.00461243 0.05252790
-0.00809055 0.01239419 0.05737083
-0.21315943 -0.02529847 0.06302973
-0.10235765 0.00431275 0.07380418
-0.35031757 0.00816376 0.03424073
0.03661575 -0.01015346 -0.01008623
0.28511828 -0.01694989 0.09620706
0.25201702 -0.00687343 0.10770268
0.45284104 -0.00979663 0.09734266
-0.16045469 0.00057769 0.04126620
-0.18721533 -0.00028995 0.06691461
0.08644648 -0.01364758 0.07729934
-0.21430211 0.00385949 0.08377639
0.19684681 -0.02789910 0.07268354
-0.28414819 -0.02150483 0.08072360
0.03907528 0.00494564 0.05885396
-0.01162800 -0.02294913 0.08121556
0.42035797 -0.00353487 0.05847197
-0.09416305 -0.02104702 0.05465599
-0.08011713 -0.00704196 0.07661182
-0.40799895 -0.00663485 0.06960014
0.00002673 -0.01927141 0.08708856
-0.00194556 0.01310270 0.08446382
-0.12539941 -0.02049891 0.06578514
0.44610727 -0.00082297 0.11036142
-0.18466145 -0.00772362 0.05927023
-0.04139325 -0.00601000 0.08314430
0.43501028 -0.00880041 0.09336820
0.19095916 0.00446734 0.07436980
-0.21156850 0.01796675 0.06536293
0.06334257 -0.01074844 0.04470651
0.12922184 -0.00596364 0.04487146
-0.05016381 -0.02832642 0.07713979
0.25071824 0.01014819 0.10797533
0.03531563 -0.00096906 -0.06424643
0.40892449 -0.00004772 0.07989548
-0.36316141 -0.02730916 0.07686280
-0.05476088 -0.00377185 0.08097535
0.00557870 -0.01701419 -0.04813343
0.08881444 0.00695007 0.03278218
-0.16281003 -0.00834805 0.09716500
0.02887480 -0.00854650 0.08209796
-0.14378732 -0.01052416 0.05340096
-0.17837961 0.01197245 0.08875207
0.12518609 -0.00508075 -0.00254658
0.18334879 -0.00759485 0.10157545
0.42627260 0.00120066 0.06478236
0.35126963 0.01025402 0.04928900
-0.07975498 0.00974193 -0.00814105
-0.32652950 -0.00842901 0.07940470
-0.05325487 -0.00940163 0.06182019
0.06816386 -0.02069312 0.04203453
0.02562915 0.02455660 0.08698704
0.22067104 -0.01052211 0.08649223
0.29190680 0.01504762 0.07120981
0.31095582 0.00248054 0.05789392
-0.09465212 -0.00927786 0.02746115
-0.13231334 0.01500160 0.07141848
0.04769086 -0.01151263 -0.03795031
0.38696596 -0.00773226 0.06964169
0.44176921 -0.01868792 0.07152488
0.17293726 -0.00450604 0.02752310
-0.08306640 -0.00651592 0.09468094
0.04297021 -0.02939228 0.08024441
-0.09122001 0.00750123 0.07587265
-0.10188541 -0.00038665 0.08723459
-0.22134046 -0.01932666 0.05808061
-0.41215310 0.00720104 0.06874465
0.14705506 -0.01868364 0.10753326
-0.17426501 -0.03128889 0.07099901
-0.20224762 -0.01451261 0.05310556
-0.10466652 -0.00804874 0.07322794
0.00571173 0.01755702 -0.04452579
0.31785613 -0.00328756 0.04407461
-0.04861812 -0.00487085 0.08744057
-0.08182225 0.00540386 0.07258779
-0.20871872 -0.02511761 0.05558985
0.13648224 -0.01182810 0.06108775
0.18483993 -0.00150422 0.08253030
0.43836069 0.00484622 0.07918580
0.16439454 0.01463041 0.09615925
-0.20609647 -0.01896824 0.06173810
0.02490877 0.01425336 0.06941044
-0.09442097 -0.02119214 0.07861964
0.06285064 -0.01699322 0.08887640
-0.22264181 -0.02424295 0.07217136
-0.21201189 -0.01157161 0.05447212
0.17547953 -0.01992053 0.10237571
-0.01207266 -0.00863682 -0.00990297
-0.29274178 -0.03159855 0.06928906
-0.15261112 -0.01969466 -0.03004707
0.30802163 -0.02755562 0.04989764
0.08741149 -0.00969463 0.05936640
0.01676267 0.02488502 0.08280987
-0.18341947 -0.02047134 0.07726838
-0.12297788 -0.02326056 0.00132667
0.01568354 -0.02060455 0.08402099
0.03050891 -0.02851564 0.08007066
0.21865229 -0.00716256 0.11313745
-0.09194408 -0.03133423 0.07245244
0.14967279 0.00463575 0.02492728
0.21079849 -0.01924573 0.07384826
-0.13711369 -0.01218444 0.07808470
0.04743494 -0.01247020 0.09078177
-0.17237632 0.00620822 0.06488556
-0.03975506 -0.02397859 0.06035800
0.15905808 0.00471861 -0.02061367
0.16949117 0.01301997 0.04875045
-0.06057384 -0.01548591 0.07493330
-0.00108884 -0.02484477 0.08244744
0.01487050 -0.02083927 0.06434288
0.13072649 0.00591502 0.07868843
0.11473139 -0.00229348 0.06154261
-0.00780984 -0.03709522 0.05541366
-0.17910680 -0.02616913 0.07068800
0.37072214 -0.01613531 0.06579456
-0.37884939 -0.00106914 0.05726396
-0.10167717 -0.00760023 -0.04733481
0.16433536 0.00237096 0.06693982
-0.06227235 0.01553521 0.06198390
0.01651532 -0.00287453 0.09365635
0.14434423 0.00360670 0.04784606
0.40004268 -0.01731618 0.07078391
0.02902051 0.00749716 0.04176322
-0.25572973 -0.00499910 0.06854043
-0.13954827 -0.02803817 0.06934925
0.15681426 -0.00223075 0.04396141
0.09616798 -0.01167789 0.05184978
-0.09207194 -0.02803766 0.07918036
-0.09815971 0.00641894 0.07508166
-0.17955160 -0.01674467 0.06022094
0.24469423 0.00831840 0.06660103
0.05719161 0.00896855 0.03585339
0.20580637 0.00108436 0.08494180
0.39799801 -0.00821186 0.08387591
-0.14961208 -0.01418863 0.05859666
0.18561278 -0.02645803 0.09312855
0.12894866 -0.02210084 0.01881374
0.12195992 -0.00147603 0.08196878
0.02805986 -0.02562630 0.05075100
0.10470967 -0.02224160 0.02357797
0.36003745 -0.02163657 0.06894478
0.10622228 -0.01868887 0.04923378
0.12683737 -0.00933447 0.09246968
0.08891280 0.00699138 0.08323262
0.11795157 -0.01507223 0.09669197
0.17451046 -0.02854386 0.06669051
0.12128195 -0.02688517 0.08450154
0.18834534 -0.02869764 0.08590874
0.04000126 -0.02293830 0.05996270
0.16449931 -0.01318891 0.02960918
0.20121819 -0.00755540 0.08437880
-0.02516128 0.00344317 0.07118004
-0.21145761 -0.00503645 0.06354772
0.02318823 -0.00629628 0.08381827
-0.16380641 -0.02910209 0.08352096
0.05393987 0.00650610 0.08223849
0.36861280 0.00110199 0.11008831
-0.07718474 -0.00219159 0.08729619
0.12782943 0.00558105 0.09194871
-0.11403602 -0.01426692 0.08593559
-0.29075441 -0.02446584 0.06552696
-0.04115104 -0.02945082 0.08209307
-0.16276336 -0.02108272 0.07610810
-0.18293470 0.00471586 0.08061054
0.14715436 0.00040297 0.06592792
0.08119795 0.01996636 0.07907982
0.17659491 0.00150597 0.08877644
0.30722740 0.01162795 0.05888526
-0.14635125 -0.02097600 0.05450646
-0.30986077 0.00073664 0.06783947
0.08671054 -0.00885671 -0.02928887
-0.23969170 0.00492237 0.05956107
-0.27250850 -0.01748591 0.05810610
0.16238546 -0.00449142 0.01137655
-0.15435305 -0.00933140 0.08532780
-0.43345001 0.00616363 0.06771779
-0.07274988 -0.02527674 0.04357389
0.05926693 0.00015171 0.08003876
-0.16080257 -0.00894783 0.05843770
0.11886508 0.01200281 0.06885586
-0.11032666 0.01513736 0.05819396
0.29530123 -0.01131948 0.06821629
0.09640610 0.00558822 0.09741225
0.35326219 0.01669163 0.09646602
0.20794471 -0.00320772 0.09108366
0.15290140 0.00354165 0.10222537
0.06480318 -0.01124256 0.05852984
-0.18833256 -0.00000960 -0.01931754
-0.16891219 -0.02614675 0.06215652
-0.06994109 -0.01303066 0.09464476
-0.13222463 0.02486542 0.06598571
-0.30484799 -0.00660797 0.05225552
-0.27673319 0.01055070 0.05761078
0.28607345 -0.00618898 0.05742282
-0.13322705 -0.01107982 0.08376412
0.19153480 -0.02162471 0.09317493
0.16937087 -0.01082057 0.10026352
0.11333866 -0.02012147 -0.00250677
0.17639728 0.00742610 0.08874187
-0.35708377 -0.00598970 0.06126445
0.09065990 0.01322457 0.07781860
0.09342943 0.00618283 0.09403622
0.27256694 -0.00104723 0.11458640
-0.04592843 -0.00675403 0.09013182
-0.29281911 -0.00210322 0.06009549
0.27756569 0.00962617 0.09621042
0.37485737 -0.00952258 0.07161926
-0.07355478 -0.00612530 0.08597124
-0.19518493 -0.00109006 0.06793522
0.00761696 -0.03127337 0.07956599
0.08228378 -0.00479777 0.03715209
0.19424774 -0.00566215 0.05548121
0.25785553 -0.00944763 0.10269828
-0.18387111 -0.02782529 0.03918575
-0.19823219 0.01190493 0.06734434
-0.08628372 -0.00619969 0.06929474
0.17664190 0.01353945 0.09589286
0.37986928 0.00757137 0.07635421
0.39934170 0.00959437 0.11239764
0.05514279 -0.02776533 0.07200304
-0.10251985 -0.00151763 -0.03973479
0.14257538 0.02004256 0.05200670
-0.20026615 -0.00240024 0.05578595
0.12158580 -0.01966309 0.08199143
-0.12247473 -0.00866316 0.08069263
0.24586862 0.00383629 0.08377255
-0.10226323 -0.00531816 0.08232741
0.23818067 -0.02426987 0.06109149
0.15109801 0.00724412 0.09539986
0.15776020 -0.01403755 0.08559068
0.15645592 -0.00828494 0.02092415
0.24403369 -0.02434976 0.11327451
-0.07180890 -0.02326515 0.01536939
0.03492571 -0.00765434 0.07851811
0.30259845 0.00586604 0.03306422
0.23340964 -0.00948278 0.06127468
0.25235659 -0.00272114 0.09707070
-0.22178289 0.00722740 0.07534627
-0.12742834 -0.01178113 -0.03320191
0.02224362 -0.01238016 0.08598886
0.29737628 0.00091425 0.09075100
-0.03919585 -0.01640716 0.07055342
0.22123939 -0.01982620 0.09339997
0.38644677 -0.01851825 0.07799856
0.20802321 -0.00305696 0.10094585
-0.19123724 -0.01395325 0.07989480
-0.15808578 -0.00250494 0.03196752
-0.14511780 0.00271659 0.07072595
-0.13926117 -0.00413709 0.05443452
-0.11606537 0.01700969 0.08127719
0.10582933 0.00649724 0.09418300
-0.16269422 -0.00679299 0.03304655
-0.18249467 -0.02401854 0.08845176
-0.15694372 0.01236996 0.07184114
-0.16656069 -0.00980426 0.06737266
-0.18953419 -0.00259573 0.04201853
-0.44197762 -0.00234911 0.06595178
0.27895743 -0.00471874 0.11228038
0.10973165 0.01321481 0.00504583
0.27497751 0.00589272 0.08240074
0.32479337 -0.02363568 0.09331530
0.19419947 -0.00857944 0.10354909
-0.25323036 -0.00504335 0.06294508
-0.15999462 -0.00962857 0.05696704
0.22194639 0.00793319 -0.00194520
0.26644313 0.00242692 0.05949669
0.21354678 -0.00158930 0.11157777
-0.19075070 -0.00150590 0.06083410
0.29485470 0.00667423 0.08977389
0.32656121 -0.02081636 0.06115600
0.10999886 0.01108121 0.08518370
-0.24912189 -0.02029402 0.07148643
-0.43283278 -0.00545520 0.06583797
-0.00581353 -0.01084312 0.08920951
0.43806878 -0.01237015 0.07073158
-0.09407546 -0.02758934 0.06031706
0.23842764 -0.04102968 0.08417571
-0.19360161 -0.01183793 0.06380011
0.14223218 -0.01097076 0.03561095
-0.09516631 -0.00329619 0.09017934
0.07645092 -0.00662604 -0.00699756
-0.07828076 -0.00809611 0.08137664
0.35105214 0.00449698 0.06292003
-0.35017726 0.00029603 0.04777205
-0.09104931 -0.02303398 0.04835609
0.08737356 0.00385044 0.07496931
0.36083841 0.01597047 0.09256438
-0.29145902 0.00988181 0.04792941
0.13609651 -0.00209733 0.03384797
-0.31491932 -0.00615425 0.05192870
-0.45055312 -0.00010173 0.04181375
-0.44769749 -0.00758143 0.03488893
-0.08383162 -0.01743514 0.04661282
0.13766479 -0.00366516 0.02764390
0.04706208 -0.01613765 -0.03744604
-0.06941957 0.01306864 0.09067973
-0.29961368 0.00380424 0.07339408
0.17514248 -0.02862320 0.09145797
-0.19344798 -0.01221944 0.05503137
0.45870447 -0.01121017 0.06214748
0.35533187 0.00141143 0.06440264
-0.00260864 -0.00984922 0.05389589
-0.25185746 -0.00477399 0.05250463
-0.14835538 -0.02553204 0.05595674
0.13758162 0.00053041 0.09415892
-0.27113703 -0.01202837 0.08933227
0.39913177 -0.01743747 0.06782708
0.15642416 -0.02933864 0.05524530
-0.19258995 -0.02913363 0.05720045
-0.13817845 -0.03308655 0.03706969
0.12198388 0.01699069 0.03690974
0.43649244 -0.00374873 0.07379482
-0.35408702 -0.02841701 0.04264232
-0.15670684 -0.00445821 0.07482334
0.35883668 -0.01454047 0.06334421
0.42549053 -0.00096681 0.10090359
-0.07083995 -0.00365641 0.08773150
-0.18161348 -0.01979971 0.06046638
-0.43874994 0.00430777 0.05630345
0.07787153 -0.02127375 -0.01129528
-0.40255883 -0.02003772 0.07087071
-0.02735001 0.01620880 0.09112784
-0.10395744 -0.02407667 0.06036827
-0.40393820 -0.02115063 0.05813726
0.13038532 0.00166052 -0.04706854
-0.20098768 -0.02637172 0.04022042
-0.27372509 -0.01542081 0.05982841
0.44804740 -0.01745325 0.08451119
-0.27445501 0.00043003 0.06192648
0.06551702 -0.02120236 -0.01388758
-0.22183323 -0.01452317 0.05916510
-0.11423367 0.02135022 0.07258072
-0.37324679 0.00352643 0.03757219
0.27526471 -0.00175495 0.09127939
0.21541406 -0.01134061 0.07884185
-0.04545774 -0.00185576 -0.05705756
-0.33721843 -0.01150188 0.05789761
-0.09748751 -0.02189580 0.00555040
0.46240821 -0.01042021 0.10193782
-0.27583534 -0.02730863 0.07439911
-0.34088761 -0.00386585 0.05192249
-0.25194111 -0.01504686 0.05998573
0.34443852 -0.00013845 0.05379590
-0.27563414 0.02098552 0.05474068
0.15105456 -0.01121234 0.08738305
-0.19830355 -0.00667737 0.06535934
-0.18411654 -0.01733239 0.06307622
-0.32701543 0.01717075 0.04867194
-0.28020948 -0.02343618 0.06479725
-0.05271331 -0.02153790 0.06231290
0.44061229 -0.00993121 0.05753755
0.33146998 0.00334665 0.07297629
-0.26749080 0.01146617 0.06258556
-0.30275866 -0.02179143 0.05000239
0.09899716 0.00631485 0.00789630
-0.00474893 -0.02112693 0.08516745
-0.36321339 -0.02274829 0.05204245
0.03504726 -0.01835842 0.07606253
0.14232883 0.00843567 0.03951044
0.35252830 0.00650757 0.12019828
-0.15072203 -0.01035434 0.05896135
-0.25693715 -0.00395673 0.07102793
0.22594655 -0.02056373 0.09965592
0.26510894 -0.01169272 0.08072533
-0.09810290 -0.00664600 0.04802287
-0.02288735 -0.00054910 0.08336562
-0.20118655 0.01371921 0.05139546
-0.22267395 -0.01395139 0.05657138
-0.18015343 -0.00917230 0.06778535
0.07511485 -0.00164295 0.00411709
-0.13480809 0.00297021 0.07204420
0.13248010 -0.01354468 0.09790201
-0.10498092 -0.02708231 0.07083330
-0.20064148 -0.01998663 0.05871598
0.10717847 -0.00849934 0.09589475
-0.20489556 -0.00628091 0.10931192
0.35261557 0.00541028 0.05087661
-0.11716752 -0.00911234 0.06633037
0.31766129 -0.01298854 0.09209760
-0.27400133 -0.02053207 0.05717702
0.20733370 0.00527758 0.10590859
-0.11605265 -0.00812870 0.08701821
0.33988166 -0.01511088 0.08016098
0.12723912 -0.00802643 0.00292285
-0.07951443 -0.02322361 0.05710918
0.46124405 0.00045199 0.11191130
0.08275977 0.00594158 0.08713835
0.32816893 -0.00182313 0.11924165
-0.02101998 -0.02437398 0.07914302
-0.43787667 0.00519322 0.06919879
-0.11216310 -0.01024163 0.06211338
0.20763034 -0.01273096 0.08712201
-0.28667092 -0.02266409 0.05935802
-0.17181604 0.01552174 0.07540426
0.44475025 -0.00107336 0.06674185
-0.14007427 -0.01458636 0.06814027
0.03339552 -0.01541025 0.07780515
0.10511442 0.01096886 0.07019775
-0.30653101 -0.01806639 0.05975366
0.16787568 -0.00156606 0.06694268
0.23902763 -0.02931025 0.06484849
0.35958076 0.01189490 0.07594129
0.06239003 -0.00322406 -0.03408548
-0.26972339 -0.00139642 0.07736420
0.34091696 -0.00530882 0.03963798
0.17836647 -0.00801813 0.00848394
-0.21694528 0.00046656 0.05607834
-0.18136145 -0.00895364 0.03144170
-0.25075012 -0.00619375 0.05336179
0.23689876 0.01062021 0.07957745
0.35605544 0.00976248 0.07610708
0.05987270 -0.00475941 -0.02734536
0.13522394 0.00121420 0.08878147
-0.01100529 -0.01283288 0.07723687
-0.16042216 -0.03174036 0.07242387
0.13682251 0.02491820 0.06730369
-0.17960083 0.00135465 0.07783841
-0.39486805 -0.02455639 0.05160674
0.35785645 0.01452615 0.09255418
0.11526631 -0.00043893 -0.06542705
0.36409652 -0.01871917 0.04810622
0.19946337 -0.00494413 0.11550696
0.23541890 -0.02470500 0.04971437
0.43162283 -0.00163997 0.09147862
0.18302034 -0.01545197 0.08004397
-0.31297863 -0.01935459 0.06772208
0.02080018 0.00353445 0.07547194
0.14487298 -0.02374138 0.08290032
0.09795690 -0.00691522 0.03417794
-0.05838248 0.00163095 -0.06324287
-0.07102658 -0.02004310 0.05740841
-0.22906466 -0.00953644 0.10718882
-0.01306827 -0.01066052 0.08966621
0.05171690 -0.00106636 0.05112813
-0.34486443 -0.00348593 0.05253008
-0.22350977 -0.01300479 0.09308458
0.14430612 -0.00502923 0.01599509
-0.09413336 -0.02326553 0.02666772
0.00084002 -0.02064441 0.09353448
0.08792831 -0.00067275 -0.05525460
0.41301736 -0.01874316 0.06684729
0.13707490 -0.00430823 0.06356318
0.11715712 0.00249115 0.08801560
0.42994481 0.01287079 0.08326322
-0.40706009 -0.01732947 0.08253893
0.07230441 -0.00195284 -0.01846008
-0.10827460 -0.01041932 0.07151290
-0.24264474 0.00573617 0.04305581
0.12085394 -0.02732419 0.08158799
-0.10401487 -0.00291618 0.08726836
-0.06294458 0.00443590 0.00471617
-0.06549700 -0.03380616 0.07549509
0.35160026 -0.00893983 0.05541880
-0.15643777 0.01065840 0.04613980
0.15346202 0.01068229 0.10513888
0.00470177 0.01333225 0.06909018
-0.09774165 -0.01076587 0.07921930
-0.14305009 -0.02305927 0.04979359
0.04358000 -0.01777360 0.08833881
-0.24798435 -0.00346894 0.03343666
0.10193157 -0.03345530 0.04532696
0.15657040 -0.01044541 0.10311481
-0.40034544 -0.01601830 0.05484759
0.43038505 -0.00015426 0.06928615
0.08514445 0.01700440 0.07204697
-0.08427113 -0.01900216 0.08330688
-0.00151004 -0.00035087 0.05337428
0.13764058 -0.00635303 0.03185983
0.33109760 -0.01664703 0.06016236
-0.39941815 -0.01628078 0.05801113
0.04654208 -0.03006804 0.07918760
-0.39853767 0.00873356 0.06569707
-0.38092083 -0.00808551 0.06335928
0.05009532 -0.00245961 0.09385675
-0.40074342 -0.00644618 0.03169448
0.00649599 0.01407197 0.08547112
0.11785062 -0.01612659 0.05634760
0.02930321 -0.02079398 0.05261896
-0.08972964 -0.00716173 0.07292345
0.35868135 0.00785872 0.09544868
0.23491393 -0.02137351 0.07494083
0.40626121 0.00329749 0.04664293
-0.10524578 -0.00288908 0.08290364
-0.31193429 -0.02012387 0.04476018
-0.15571089 -0.00142516 0.00950229
0.13958962 0.00217555 0.05660821
0.25074413 -0.00400797 0.10326570
-0.27606320 -0.00665327 0.06998574
0.34405023 0.00993387 0.09564791
-0.38239309 -0.02251059 0.06068390
-0.23483691 -0.01858960 0.06962539
0.16923317 0.00322850 0.00735307
0.15913895 0.01551881 0.02870526
-0.00972382 0.00630804 0.09236258
0.30122301 -0.01398516 0.10995612
0.12210790 -0.01794177 0.00701520
-0.28645352 -0.01041864 0.05492523
-0.26819569 -0.01006043 0.06033759
0.45131665 -0.00413052 0.06681111
0.03530652 0.00265794 0.06969596
-0.11441720 -0.00875260 0.06330075
0.32453692 0.00543427 0.07663345
-0.30571833 -0.02179946 0.05642896
0.07197223 -0.00893762 0.08328995
0.19276950 0.00866479 0.09007315
0.09485573 -0.01461257 0.08681765
0.27768931 0.00181177 0.11238329
0.33624855 -0.01544614 0.10971151
0.05666130 -0.02124780 0.05473357
-0.36074799 -0.01633956 0.07173789
-0.06498976 0.00715339 -0.00494012
-0.09519626 0.00013048 0.08517169
0.20772971 -0.00625698 0.10658585
0.00327146 -0.02835763 0.07959706
0.01820551 0.00314764 0.07828396
-0.19557402 -0.02047078 0.09162728
0.11657814 0.00072474 0.08419836
0.40879917 -0.01499822 0.10033053
0.47003686 -0.00281205 0.11015134
-0.09840740 -0.00235521 0.01274956
0.21835732 0.00096089 0.05518556
-0.26045460 -0.00027909 0.07305589
-0.29082787 -0.00322275 0.05756993
0.08475479 -0.03510915 0.05207738
-0.37297082 -0.00350747 0.06512818
-0.34410906 -0.01226137 0.04895421
0.08201181 -0.00031052 -0.02054332
0.02500878 -0.01857793 -0.03608130
0.10543375 0.02335253 0.06719726
-0.26276040 -0.00561314 0.07011475
-0.15632242 -0.02172991 0.06466226
-0.13304502 -0.02806753 0.03663784
0.08311196 -0.00053602 0.06587899
0.16244236 0.00871116 0.09115268
0.08405380 0.00927484 0.09096482
0.11162493 0.01322328 0.07029776
0.13291770 -0.02950087 0.08708021
0.06311384 -0.02861198 0.07853712
0.46367761 0.00939025 0.10188110
0.15653829 -0.02654664 0.08529224
0.24183619 0.01253564 0.06697004
-0.20048511 0.00651887 0.08680184
0.05968164 0.01753076 0.09617560
-0.27428892 0.00677648 0.05087603
-0.18136980 -0.02973592 0.05245532
0.44072321 0.00023912 0.08736323
0.26713178 -0.01464227 0.10268932
0.34782898 -0.00369557 0.07688449
-0.04089406 -0.02947028 0.08040151
-0.27441239 -0.02109227 0.06161907
-0.30127519 -0.01294280 0.06871550
0.13610910 0.01527151 0.02704663
0.11450558 -0.00324883 0.05549682
0.05250163 0.02507932 0.08579621
0.08418962 -0.02046796 0.01217679
0.13431473 -0.02734582 0.09471329
0.20580193 0.00029985 0.01348986
-0.03590402 -0.02242351 0.05122909
-0.10699119 0.01672952 0.03761789
-0.13074437 0.00888886 0.04693173
-0.16036475 -0.00919999 0.06411346
-0.02691047 -0.02339496 0.06395646
-0.23668861 -0.00672469 0.07195482
0.37157458 0.01163214 0.08388475
0.07868560 0.00271984 -0.06545418
-0.40511495 -0.00615429 0.05908805
0.35998562 0.00369532 0.07385238
-0.17066619 -0.01106141 0.06658209
-0.32905877 -0.00813338 0.05168843
0.18719102 -0.00601126 0.08957022
-0.01115569 0.00237706 -0.06774331
0.17611478 -0.01478495 0.07115400
-0.14894305 -0.01491682 0.06319890
-0.08780150 -0.02243011 0.08762807
-0.19602706 0.01042507 0.07629431
0.01353273 -0.03540758 0.05380915
0.11799867 0.00886980 0.05001757
0.17372321 -0.02511156 0.07676116
0.33051175 -0.00536205 0.07892846
-0.05801300 -0.02247240 0.05919215
-0.14400063 -0.01925203 0.04925291
-0.34323773 -0.01621650 0.06752802
0.09519026 -0.00834810 0.03531649
0.02288770 -0.01011885 0.08930113
0.27459219 -0.00439638 0.12067267
0.08117774 -0.00813460 0.08696547
-0.11272231 0.01291455 0.06889696
-0.02681886 0.01184845 0.02550792
0.15052138 -0.00471832 0.11097147
0.38492286 -0.00497968 0.09311707
-0.23127902 -0.00988792 0.06180986
-0.01011682 -0.00623068 0.09169643
-0.03469189 -0.01542399 0.07568466
-0.02104823 -0.01423089 0.07499062
0.02614751 -0.00680020 0.04297266
-0.04085745 -0.01927738 0.07780692
0.31470996 -0.01025086 0.10025112
-0.36555985 0.00857785 0.07365576
0.07706881 0.00723894 0.08881724
0.30914298 -0.00762371 0.10750705
0.41616887 -0.00071789 0.06736666
0.08298337 -0.01797935 0.07833049
0.24120528 -0.00654651 0.09655602
0.08715280 -0.00312920 -0.02578235
0.38083556 -0.01708176 0.06694087
-0.14203003 -0.00244389 0.01718211
0.36116245 -0.00546366 0.10716058
-0.14398138 -0.03000700 0.07927704
0.18708207 -0.00479924 0.08008568
0.25909483 0.00464329 0.06765463
0.41095173 0.01273502 0.06369220
-0.26857421 -0.00614709 0.06751961
0.03488981 0.00548701 0.08208238
-0.06180651 -0.00748212 0.06794500
-0.30125320 -0.01941585 0.04985619
-0.11775534 -0.01556037 0.07463584
0.22019018 0.01015611 0.03839423
0.14378241 -0.01163209 0.07683682
-0.24852133 -0.01367070 0.08212567
0.08590835 -0.01084458 0.06400284
0.03188081 -0.00242017 -0.02755408
0.03864527 0.01821859 0.07931575
0.33415788 -0.02165986 0.10557032
-0.01655918 0.00474521 0.06348832
0.04967327 -0.03105643 0.06944183
0.40767565 -0.00553354 0.10704561
-0.34792230 -0.00758858 0.07551681
-0.12627330 -0.03196106 0.04796733
0.31280762 -0.02128976 0.09715225
-0.38583958 -0.00117995 0.05341975
0.43935853 -0.00391431 0.10159344
0.06891190 -0.01907107 0.07588055
-0.13065058 -0.01509931 0.06561814
-0.08847317 -0.01425024 0.08217053
0.32790989 0.00567588 0.06771685
-0.17730966 -0.01623240 0.05274568
-0.05870078 -0.01771877 0.06792940
-0.42862529 -0.00614811 0.06809522
-0.03553471 -0.00408449 0.06001419
-0.33577508 0.01616887 0.03753059
-0.12912916 0.01987896 0.04702711
0.23225522 0.00645620 0.10265203
0.43191350 -0.00975628 0.08286559
0.21637610 -0.01219626 0.07184602
-0.16781208 0.00989372 0.03344626
-0.08033898 -0.00681786 0.06542307
0.22678508 0.00651281 0.07778857
0.16166019 -0.00814366 0.09654688
-0.24206766 0.02092218 0.04539452
-0.24620315 -0.02127308 0.07379264
-0.28858835 -0.01403799 0.07049242
0.03261698 -0.01792317 0.08467363
-0.16149479 -0.03284464 0.05579319
-0.25486693 -0.02859889 0.05240123
0.28360361 -0.01060392 0.08613598
-0.08001860 -0.02681617 0.08799117
-0.35044783 -0.00563082 0.06365313
0.24569687 -0.01797914 0.08955109
0.16588253 -0.00926146 0.11632618
0.19259869 -0.01510633 0.06818809
-0.17469642 -0.00430677 0.06737345
0.13214332 0.00797753 0.06221775
0.05428372 0.00308532 0.07003757
0.37913752 0.00859867 0.07782332
-0.29758835 0.00643041 0.05908212
-0.26354790 -0.01884888 0.06185070
-0.18348046 -0.01452913 0.05240939
-0.32163146 -0.01428185 0.02560973
-0.29965514 -0.00225180 0.06008907
0.23304018 -0.01550998 0.10445467
-0.23865007 -0.02479208 0.06373243
-0.11999204 -0.03258163 0.07043527
0.13705532 -0.00558468 0.09372765
-0.42939538 -0.01800180 0.07016456
0.44125590 -0.00118193 0.07093922
-0.06598359 0.00601873 0.00903489
-0.27094916 0.00677873 0.04429876
0.08870123 0.00821074 0.02945093
0.16499363 0.00076755 0.06861410
-0.23475438 0.01493644 0.06181234
-0.19890213 -0.01725432 0.05065900
-0.14416307 -0.01216197 0.07264238
0.34419328 -0.01831240 0.11859402
0.31190053 -0.01592061 0.08429327
0.28108138 0.00547209 0.10158102
0.09664501 0.01120860 0.07119042
0.15886432 -0.00271821 0.09739571
0.33488840 0.01426789 0.07775111
-0.03618320 -0.01872782 0.04574902
-0.19973803 0.00499164 0.03822977
-0.16308133 0.01101308 0.07581545
0.28800595 -0.00171470 0.10534926
0.08635003 -0.00623286 0.06961241
-0.08771218 -0.00032039 0.07915668
0.14550145 -0.00852128 0.01234059
0.00839040 -0.02056865 0.07925534
0.05988752 -0.00316200 0.06351360
-0.22446424 -0.02278186 0.06749155
-0.05784672 -0.02264835 0.07895431
0.10475870 0.00199314 0.06410148
0.03856795 -0.00382335 0.08865973
0.26015007 -0.00179854 0.06627072
0.46288791 -0.00825936 0.06719434
0.19714688 -0.01991449 0.07546976
-0.18927172 0.00857794 0.07131450
0.07885188 0.00405318 0.07533337
0.13767435 -0.01191826 0.01832215
-0.20518124 -0.00680974 0.02710551
0.10259803 -0.02730311 0.08761306
-0.09744461 0.00429181 0.04562977
0.32429257 -0.00524766 0.06778174
0.17607920 -0.01122351 0.03390032
0.09745249 -0.02780112 0.03739121
0.11998818 -0.02164900 0.03872120
0.38300207 0.00650407 0.07265177
-0.25811860 0.01274757 0.07414822
0.06135899 -0.00234453 0.05198261
-0.24497327 -0.01072230 0.09490711
-0.10979948 -0.00655331 0.05599309
0.37227291 0.00234265 0.07296101
0.20339848 -0.00633971 0.10431331
0.18905157 -0.02549842 0.08836663
0.39668012 -0.00955143 0.10973589
0.21940039 -0.04086446 0.08720927
-0.09775098 0.00277682 0.07406411
0.14321122 -0.00795447 0.09528527
0.24612479 0.00819079 0.06033058
-0.39677736 -0.01041043 0.07260464
0.41580796 -0.00165870 0.06757181
0.45701414 -0.01120970 0.07797070
-0.18563928 -0.00743282 0.05861443
-0.11909282 0.00097808 0.08637265
0.28981635 -0.01069593 0.11420268
0.13042130 0.01036716 0.08103500
0.12414474 0.02488279 0.07213861
-0.12848544 -0.01374310 0.08098166
-0.28356823 -0.01983267 0.03753942
0.19402625 0.01281949 0.10847813
0.03727906 -0.00316991 -0.00875128
-0.26314071 0.01682238 0.04542449
0.25060204 0.00087521 0.07995464
0.13449824 -0.03048984 0.05119819
-0.13731994 -0.02613966 0.07006475
0.22616240 0.00680376 0.11086905
-0.21234336 -0.03299977 0.06272378
-0.25126064 0.02051325 0.05148311
-0.03583813 -0.01364055 -0.02267719
0.10966630 -0.00780165 -0.05393212
0.16850783 -0.01255473 0.06155093
-0.28507680 -0.01740593 0.04512904
0.33625627 -0.00680008 0.07203668
-0.30348876 0.00287772 0.04964632
-0.23201659 -0.00008055 0.06176609
0.17825702 0.01338051 0.06180103
-0.20067871 0.01550331 0.06687777
0.01278220 -0.00647987 0.08179531
0.29555127 -0.02185175 0.05042275
0.16310751 -0.00860136 0.09431284
-0.28459507 -0.00094311 0.06327204
-0.26392356 -0.01920185 0.06335340
-0.12818031 -0.00445588 0.07871992
0.16420372 0.01257450 0.06559037
-0.18490474 0.00742871 0.06084878
0.06866037 -0.01643733 0.05276834
-0.29932895 0.00481833 0.06882182
-0.14882226 -0.00820357 0.07389635
-0.23139310 0.00937101 0.04603186
0.15366644 -0.02668521 0.09033616
0.03819745 0.00281783 0.08639568
-0.10769576 0.01296066 0.04390896
0.03619455 0.01712233 0.09155467
-0.44756523 0.00569875 0.04639795
0.03578318 -0.00532900 0.09487364
0.03651880 -0.02658490 0.08533654
0.11246429 -0.00422809 0.07930478
0.45429426 0.00261909 0.08214207
-0.16499947 -0.02751365 0.07860174
-0.13859448 -0.00800718 0.06412774
0.11794841 -0.01551573 0.05240703
-0.14036693 -0.04388840 0.06015834
0.27119687 -0.01341492 0.07221676
-0.11910736 -0.02118281 0.08046237
-0.15719630 -0.02752797 0.06718322
-0.14985879 -0.00936979 0.07054403
-0.35527703 -0.00547137 0.07077521
0.37747130 0.00591468 0.05608635
0.33511123 0.00052608 0.08742848
0.35724398 -0.00506592 0.08719835
-0.01993090 0.01341256 0.08711410
-0.17075343 0.00341465 -0.04790327
-0.09688292 -0.01452657 0.09519480
0.25509399 -0.02065549 0.08976068
0.12935433 0.00414601 0.07969308
-0.12170235 0.01183166 0.05753158
