0.03384437 -0.13724795 -0.01182576
0.00763598 -0.04283872 0.08869090
-0.08924757 -0.00304059 -0.06155960
-0.15970379 -0.13103163 -0.04541473
-0.32333273 -0.10763475 -0.04138071
-0.32682356 -0.11139456 -0.01218508
0.02067519 -0.04425500 0.09048312
0.02263130 -0.01151479 -0.07997745
0.11211807 -0.13306680 0.03150658
0.22865602 -0.06818154 0.05453872
-0.18268205 -0.10941020 -0.02482256
-0.00263723 0.01234557 0.06949405
-0.12074986 -0.09498812 -0.08194395
0.22961424 -0.05006630 -0.05923031
-0.21916586 -0.01117941 0.07479626
-0.08590493 0.02202069 -0.02934706
0.08711261 0.01616219 -0.05158457
0.05766664 -0.10105601 -0.07483657
-0.37767637 -0.11367299 -0.01204128
0.07735763 -0.12686807 -0.04664750
-0.25851399 -0.02808848 0.00324954
0.25270510 -0.11698870 0.06174629
-0.04905079 -0.05069967 0.08758610
-0.32203251 -0.05469631 0.06120776
-0.02422741 -0.13858327 0.05940320
-0.28641540 -0.06965216 0.08381952
0.07550824 -0.14206082 -0.00513861
-0.01267600 -0.06128800 0.07986204
0.00060496 -0.09634385 0.07910544
-0.12597853 0.01182718 -0.03458717
0.09058031 -0.06197497 0.06735185
0.15673666 -0.01293086 -0.05629408
0.11949795 -0.07556430 -0.08034083
-0.24334648 -0.06022976 -0.06033470
-0.11351787 -0.03788772 0.07607877
0.19293956 0.01816837 -0.00415449
-0.05051252 -0.00984262 -0.06737517
-0.20530342 -0.05234251 0.01992866
-0.24567765 -0.11751383 -0.06586786
0.19601852 -0.02943371 0.06575696
-0.01492129 0.03544248 0.04247999
0.39448890 -0.09133440 0.00997847
-0.17497829 0.06752697 -0.01620159
0.02045529 -0.14692685 0.05769943
0.16294935 -0.04382738 -0.07628706
-0.37273279 -0.10570835 0.01314203
-0.04297461 -0.04259970 -0.05279831
0.36162165 -0.10390029 0.01602455
-0.07404783 -0.00999121 -0.01061156
0.25970244 -0.04306842 -0.02028951
-0.11690710 0.03278124 -0.01742468
-0.12003072 -0.06954210 0.08071736
0.09969472 -0.11355913 0.05710745
0.07792993 0.02826423 0.03955038
0.18154806 0.01367696 -0.03601098
-0.39858040 -0.10978839 -0.02645536
0.18817189 -0.01071822 0.05966517
0.06424394 -0.11592767 0.07117166
0.32996553 -0.06831140 0.03876385
-0.41532403 -0.08730646 0.01628361
-0.01258386 0.06321428 -0.02198286
0.10589654 0.00754770 0.04331666
0.08714085 0.00739128 0.05708006
-0.22544666 -0.01634888 0.03412554
-0.02739777 -0.12781584 -0.03064150
-0.20213874 -0.11623662 0.06119322
0.19296660 -0.05775207 -0.06497185
-0.36379242 -0.09279974 0.02058403
-0.17102359 -0.03499878 -0.03232785
-0.00402785 0.02322371 -0.04312929
0.17415626 -0.11743596 0.04316079
-0.08642186 0.08822399 0.00291835
0.24753983 -0.04447707 -0.06634015
0.26021564 -0.12153748 -0.05470752
0.21155201 -0.04092407 -0.06572238
-0.02940235 -0.02502066 0.06301241
-0.08042019 0.07517922 0.02735075
0.14884222 0.03179263 -0.00628879
0.34797108 -0.03322459 -0.02527236
0.22023936 -0.06343027 -0.05906954
0.07847065 -0.09588630 0.06877106
0.00356602 -0.05015566 0.08344341
0.31590506 -0.03793105 -0.04746867
-0.15513122 -0.00576415 0.04960782
0.11301807 -0.05639987 0.08131137
0.06786907 -0.02773919 0.05580802
0.25026953 -0.13790943 -0.00373465
-0.18201473 0.00659055 0.00501172
0.30433896 -0.05459502 0.05918432
-0.33312055 -0.05567141 -0.01992382
-0.12585987 -0.04694031 -0.05529682
-0.02624512 -0.10620862 0.02567402
0.26513821 -0.05554510 0.06290665
-0.17608859 -0.06109977 0.00487047
0.16611516 -0.10036641 -0.06513664
-0.18031912 -0.13561738 0.02016698
0.29528016 -0.03824810 0.05326413
-0.36705387 -0.04521665 -0.01594797
-0.32733843 -0.06328902 0.04585377
0.09707855 -0.02776750 0.00145062
-0.10685760 0.04159835 0.04813592
-0.11144292 -0.00323305 -0.04671989
-0.15350799 -0.08405628 0.09362034
0.16502653 -0.11970763 0.04668769
-0.10668252 -0.04768550 0.07824873
-0.36698377 -0.05204008 0.00411914
0.10417912 -0.05216957 -0.07743979
0.08757884 -0.02599764 0.08463518
-0.23214802 -0.05539366 -0.03892361
-0.26543286 -0.00371397 -0.01221415
0.01167958 -0.14832366 -0.04605186
0.03615118 -0.08941706 -0.08265019
-0.29620972 -0.09548195 0.08496133
-0.33742344 -0.05574714 0.07684338
-0.22256035 -0.04033361 0.07277454
-0.06252087 0.05561187 0.00992931
-0.09994685 -0.13785239 0.00862790
0.18692271 -0.12310872 0.05230474
0.36118731 -0.09762980 -0.02453419
0.19744129 -0.05099369 -0.06101098
0.17571022 -0.03449413 0.03536472
-0.35575593 -0.06534389 0.00205371
0.10543989 -0.00444729 0.04051538
0.36489221 -0.04672016 -0.02957497
0.17665790 -0.09622391 -0.05395722
-0.02587022 -0.09741033 0.08125651
-0.32681590 -0.04720913 -0.07528283
0.31955975 -0.03962616 0.00120489
-0.13948448 -0.01524468 0.07802829
-0.04785334 -0.01633418 0.04638851
0.14589572 -0.08776931 -0.04714214
-0.23023519 -0.12318799 -0.03276361
-0.36479130 -0.08207310 0.01038189
0.01531366 0.02023796 -0.01374307
0.03874365 0.02284632 0.06550224
0.04864138 0.04662392 0.01202522
0.30653477 -0.04711835 -0.04666297
0.35923254 -0.08146016 -0.03238455
-0.00589606 -0.06556334 -0.05804152
-0.30183461 -0.03415952 -0.00266465
-0.21132162 -0.01548142 -0.03708072
0.27571714 -0.04667851 -0.01952534
-0.18489811 0.00054365 -0.06718990
0.15563394 -0.02459289 0.06999362
-0.13875370 -0.04413962 0.08226075
0.11829094 0.00564694 0.02942654
-0.17190020 -0.06283749 -0.08409114
-0.23166828 -0.05216642 0.08628292
-0.16158679 -0.02502674 0.07696930
0.12109776 0.03745854 -0.00684689
0.33715564 -0.05500296 0.03792625
-0.22957617 -0.06826898 -0.07057974
-0.12065330 -0.02629428 0.07661670
-0.37852231 -0.10420069 -0.02885625
0.02449531 -0.03117221 -0.07634944
0.38142377 -0.04202589 -0.02714568
-0.41163212 -0.08594956 -0.00225005
-0.19447228 -0.06340923 0.06975245
0.06279559 -0.00216331 0.06612632
0.00189327 -0.03283065 -0.04730872
-0.14702985 0.03460530 -0.01726495
-0.38994893 -0.09760217 0.03210288
-0.13030478 -0.11334301 0.06328211
-0.23363808 -0.08252612 -0.00985947
0.01155582 0.04517837 -0.00240860
-0.26732281 -0.10705554 0.04837498
0.05960519 -0.01654615 -0.06212253
0.18996197 -0.15193674 -0.02993556
-0.03426881 -0.06930906 -0.05531357
0.21445003 -0.04079962 -0.03008078
-0.29754847 -0.09632983 0.06053020
-0.05597964 0.00021444 0.05926973
0.15773265 -0.04501633 -0.05839567
-0.07085727 -0.05274564 0.07820612
-0.22949266 -0.06984612 0.08442438
0.16071065 -0.03215028 0.04815154
0.24456497 -0.11189676 -0.04040890
-0.20843485 -0.07853016 0.05894180
-0.27680653 -0.06508003 0.07344671
0.06804626 -0.15456681 -0.03920376
-0.28097665 -0.13114639 0.01005840
-0.41604784 -0.07071732 -0.02117713
-0.10087561 -0.12326380 -0.01980924
0.07071144 0.04167166 -0.01344951
-0.34097603 -0.11101750 0.01362937
0.38993135 -0.03723778 0.02857517
0.36540353 -0.04535482 -0.03132445
-0.43751884 -0.08822295 0.01172841
0.23376575 -0.02498700 0.01220615
-0.12627424 -0.06365188 0.09088101
-0.34810939 -0.13639799 0.02482094
0.25101864 -0.11591168 -0.04223779
-0.40003055 -0.08268949 -0.02028103
-0.28581426 -0.04648289 -0.06954591
-0.06994373 0.05153722 0.02806885
-0.08280186 -0.05242527 0.04753362
-0.00191817 -0.04912175 0.09140968
-0.19243340 -0.03520668 0.04463585
0.08951719 -0.02903123 0.06881650
0.13576990 -0.14847302 -0.00696572
0.25454348 -0.08283693 0.04647553
-0.15031049 -0.11021034 0.07098208
-0.06436202 -0.04435050 0.04773707
-0.25244784 -0.04240495 0.07404056
-0.10942201 0.01451647 -0.03620381
-0.34502569 -0.06847036 -0.04156420
0.37132582 -0.07643740 0.03624988
0.18266615 0.03121133 0.00410322
0.25099066 -0.05380603 0.05955485
0.24364144 -0.04945390 0.05147818
0.28252104 -0.04513096 -0.03911982
0.02709145 -0.02710658 0.06325939
-0.06370764 -0.03474103 -0.06263909
-0.22909001 -0.04057938 0.01068999
-0.06816672 -0.07119311 0.07044035
0.26515898 -0.03391341 0.05676113
-0.16320932 0.03215554 0.03482659
0.28461495 -0.08568060 0.04473411
0.19775443 -0.09313757 0.06461589
0.22201753 -0.11719833 -0.01598468
-0.41227409 -0.04236444 -0.01770552
-0.09698988 -0.01288949 0.03294276
-0.31557286 -0.08676726 0.07530487
-0.17023063 -0.05544815 0.08318856
0.32182178 -0.05724256 0.04885058
0.33953559 -0.04516309 -0.04780032
-0.39638638 -0.06648555 -0.04964174
0.11108042 -0.00656923 -0.03005277
-0.00647005 -0.00742096 -0.07968184
-0.19714274 -0.02125674 0.07180500
0.39098850 -0.05167619 0.01877836
-0.09419899 -0.00686937 -0.05483873
-0.37718603 -0.05064726 -0.05570419
-0.29179513 -0.08190614 0.03067165
-0.07443877 -0.04349886 0.06164934
-0.11719991 -0.00764389 -0.04393344
0.39990041 -0.03509734 0.01977922
0.07384571 -0.08612200 0.08671997
-0.26159433 -0.06267478 0.05239719
-0.35262513 -0.06871346 -0.04549953
0.16709144 -0.11527228 0.04977693
0.20967974 -0.13633689 -0.00301974
0.02595174 -0.14127199 0.01095779
-0.25826055 -0.06379107 -0.08191259
0.06536357 -0.04877255 0.08399732
0.35481909 -0.05801326 0.03683870
0.25762796 -0.06449413 -0.05178126
0.26742360 -0.12785478 0.01030716
-0.15736434 -0.05955281 0.06905053
-0.27258807 -0.13688177 -0.01066292
-0.35860828 -0.09966351 0.06938265
0.04973586 -0.12990537 -0.02217573
0.01398111 -0.02460881 -0.04077031
-0.15862051 -0.01626666 0.03214295
0.12038203 0.02835089 -0.00364616
-0.19181547 -0.14037102 0.01010954
-0.04015364 -0.03307786 -0.05013960
-0.00510405 -0.13685675 0.02518540
-0.38325593 -0.07061673 -0.05644949
0.18472357 -0.03062448 0.00107409
0.10548785 -0.04474255 -0.07811882
0.22671546 -0.11412284 0.02926384
0.25642532 -0.13072769 0.01096792
-0.20303980 -0.04171209 0.06973771
-0.30230904 -0.12316044 0.02970486
-0.30591831 -0.06010990 0.08115505
0.11370733 -0.02361400 -0.03119343
0.23448975 -0.12121485 -0.05457266
-0.29183906 -0.06404901 0.05995782
-0.09904004 0.01267968 0.01451482
-0.08750702 0.00507255 0.06093486
-0.29899845 -0.08773331 -0.03750109
0.04927887 -0.09713505 0.05177221
-0.09985882 0.02101794 -0.03021772
-0.12531076 0.03689759 0.05004140
-0.31983277 -0.09416699 0.06399238
-0.11988585 0.01826821 -0.06220915
0.03711772 -0.09982888 0.08208794
-0.05643948 0.03090349 0.05661703
0.38877070 -0.07688116 -0.01808650
0.33216077 -0.04049248 0.03582398
0.01954824 -0.12978448 -0.04120803
-0.31602225 -0.10177290 0.06804475
-0.02482522 -0.02641999 -0.08055666
0.32283393 -0.09480838 0.03833804
-0.18444063 -0.03792345 0.06523180
0.20176867 -0.03872181 -0.03308715
0.42654613 -0.07610450 0.00110739
0.22031602 -0.12279059 0.05023601
0.11114015 -0.07628527 0.07746813
0.11126400 -0.08320069 0.07851321
-0.20218521 -0.10318255 -0.03337187
0.01702927 -0.13739358 0.05573413
-0.04765125 -0.03333607 0.04189599
0.01809988 -0.11485295 0.07243366
-0.09683802 -0.04603361 0.03911163
0.01117508 0.03276624 -0.00209457
-0.10691266 -0.10302914 0.02086113
0.18653423 -0.09478938 -0.07503951
-0.05494468 0.00741244 0.07571399
0.12267701 -0.11431242 -0.03017166
0.37014687 -0.04515000 -0.03202929
-0.14619409 -0.08200448 -0.07834146
-0.01703793 -0.11092753 -0.04228599
-0.16357286 0.02327687 0.00998107
-0.03029095 -0.14695673 0.01664007
-0.21751501 -0.00972932 -0.02365492
-0.07241817 -0.04679300 -0.07591413
0.12876473 -0.08759529 0.07114585
-0.19579130 -0.12779650 0.03291443
-0.06613253 -0.08204944 -0.08412178
-0.31754458 -0.03212373 0.00512908
-0.27728498 -0.03077688 -0.01251317
0.11956222 -0.04272585 0.02633336
-0.08783828 -0.04500356 -0.01220486
-0.26585796 -0.12242159 -0.04119255
0.26273164 -0.11611328 -0.04386821
-0.32785338 -0.11055364 -0.06209778
-0.43237680 -0.07148490 0.02604926
-0.15318890 -0.08928531 0.08063954
-0.42033899 -0.03794312 -0.01372121
0.20350054 -0.05921043 -0.06460587
0.08604650 0.00287863 0.06103607
0.00100487 -0.03711936 -0.06900565
0.21500206 -0.02444201 0.00978515
0.01818328 -0.07949284 -0.07708850
0.10850878 -0.10023873 0.07914925
0.14552954 -0.14710197 -0.01450329
0.41780710 -0.03768188 0.01535039
-0.03675306 -0.10323324 -0.07982058
-0.00445945 -0.10087727 0.08311787
-0.17292251 -0.02761315 -0.07802795
-0.30592144 -0.10173488 0.04409692
-0.28320804 -0.13128082 -0.02518253
0.09140223 0.04241504 -0.01349540
-0.09462406 -0.03139301 -0.04494398
-0.28483495 -0.10360033 0.03209287
0.12711102 0.01989824 0.04104257
0.25676772 -0.11148802 -0.03295956
0.08847538 -0.08538263 -0.06827556
-0.26380181 0.01606083 -0.01337253
0.04640455 0.05600335 -0.04359635
-0.40351149 -0.09104273 0.00560226
0.04537554 -0.10964485 -0.04437485
-0.21948716 -0.03924232 0.07781893
0.27684477 -0.12177706 0.02551560
0.20012273 -0.03181792 0.06807236
-0.01740883 -0.01485510 -0.05668122
0.12237947 -0.03891329 0.06403075
0.07466582 0.00400399 0.03278485
0.13194403 -0.03731873 -0.00584239
-0.01833711 0.01429260 0.06929331
-0.08876217 -0.04046364 -0.04296291
-0.09184334 -0.06645174 0.09288808
0.20586099 -0.04181162 -0.07330012
0.23750441 -0.04513024 0.06085973
0.39281109 -0.08521254 -0.01929882
0.18556048 -0.03373465 -0.02176786
-0.08275109 -0.05213158 0.02694669
-0.30938366 -0.06318173 -0.03632353
-0.05330318 -0.07711618 0.08292197
0.10443996 0.04171063 0.02188718
0.07415934 0.05256846 0.04169732
-0.14858152 -0.02010122 0.05229469
0.06138241 -0.06045546 -0.08350548
0.38584983 -0.04185627 -0.01373982
0.13534522 0.02024307 0.01419878
-0.27443686 -0.04216047 -0.04077537
-0.35065296 -0.03051334 0.05765947
0.32453498 -0.10527821 0.01476548
0.11127980 0.03840892 0.00883480
0.39313638 -0.07464697 -0.01447773
-0.05919841 -0.09008715 -0.04735529
0.16696180 0.00372483 -0.01525426
-0.32558510 -0.03166362 -0.00216499
0.06365520 -0.11267100 0.00416331
0.40532404 -0.04041471 -0.01583634
0.01436440 0.04879534 0.01667741
-0.13162145 -0.07300840 0.08498830
-0.24844506 -0.02625858 -0.05295958
-0.10170963 -0.00145616 0.04724583
0.35652098 -0.05612645 -0.03334709
-0.08060448 0.06683499 0.03858335
0.17344634 -0.01885810 -0.00710789
0.11778586 -0.05387626 -0.07235586
-0.20197828 -0.00160113 0.02138313
-0.13454430 -0.03572466 0.02817908
-0.26383668 -0.03771131 0.03182443
-0.25131041 -0.07981634 -0.06890693
-0.16737023 -0.04524176 0.07032460
-0.12268451 0.00447870 -0.07267811
0.01394991 0.00389683 0.06809697
-0.16043085 -0.09449851 -0.07347462
-0.21328965 -0.04853256 0.03191778
-0.00261146 0.02565677 0.05215157
0.21431029 -0.02537839 0.04496439
0.27894402 -0.13329767 -0.02234400
0.12522665 -0.14210784 0.03418169
0.02570527 0.01345085 -0.02603421
0.25290146 -0.04391481 0.03894168
-0.33537409 -0.12800556 -0.01236292
0.32037765 -0.03739992 0.02305141
0.16656962 -0.06516542 0.06613957
0.11959684 -0.01867250 -0.06180999
-0.13822934 -0.05392825 0.08128349
0.16960685 -0.06527647 0.08412115
-0.00998344 -0.07544986 0.08223544
-0.02431203 -0.04996767 0.07454233
0.04744719 -0.03512488 -0.07875538
0.13531476 0.02438625 -0.00643233
-0.16741863 -0.02801562 0.07803234
0.04305729 -0.11678830 0.06085839
-0.05052881 -0.12524725 0.06571440
-0.00810508 -0.03069708 0.06727104
-0.21423428 -0.00904558 0.05807211
-0.26187727 -0.02633799 -0.02176423
0.12310810 -0.03322290 0.08197156
-0.19988446 -0.08801873 0.08072756
-0.14336810 -0.01634362 0.05643464
-0.37289229 -0.07476550 0.05858220
-0.32861927 -0.10567181 0.06010873
0.10391769 -0.03018672 0.01443061
0.41009453 -0.07710964 0.00479056
-0.23878305 -0.13111016 0.01922790
0.13591731 -0.06369176 0.08233946
-0.41173971 -0.05889294 -0.03592275
-0.17293721 -0.08964054 0.08187349
-0.33103338 -0.09817900 0.03874564
0.23901120 -0.04363278 -0.06511390
0.08232003 -0.13318598 0.03443727
-0.27715358 -0.03177858 -0.05025018
-0.16459286 -0.01325563 -0.04264778
0.00082731 0.03117495 0.05785482
-0.13146967 -0.04707648 -0.03060426
-0.00426776 -0.14436199 -0.04079571
0.22484875 -0.09702152 0.01723966
0.22599006 -0.04596557 0.05739178
-0.37543333 -0.05756775 0.03493630
-0.23247479 -0.00551279 0.01687478
-0.31668875 -0.13645399 -0.00108146
-0.31630105 -0.05438688 0.07434095
-0.05882024 -0.14407839 0.01307044
0.20841171 -0.06307308 -0.05843507
0.24580032 -0.12445261 -0.03535042
-0.12026353 -0.02417040 -0.07651407
0.32198179 -0.04706337 -0.02232579
0.08460207 -0.05680172 0.08665621
-0.33502206 -0.04800997 -0.05923034
0.33205792 -0.03671370 0.01833129
-0.08248411 -0.11743300 0.08061441
0.17677200 -0.05536514 -0.06823724
0.24624626 -0.06243756 0.05177652
-0.28683499 -0.11515596 0.07061063
-0.29642522 -0.07571845 -0.07327391
0.04721118 0.03247425 -0.06088107
-0.39137524 -0.05352573 0.02962294
-0.11574873 -0.06082804 0.08162500
-0.36602187 -0.12170004 -0.02903469
0.12118606 0.01017599 -0.05902281
0.03795123 -0.03467805 0.05997341
0.28904131 -0.04842560 -0.04644490
-0.10077555 -0.10055254 0.07824399
-0.27724126 -0.05099085 0.06965653
-0.16084301 -0.13241799 0.00986986
0.30664071 -0.03201168 0.01978505
-0.27877071 -0.12024732 0.06300141
0.22098674 -0.14169228 -0.01814519
0.09029271 -0.04899643 -0.06356582
0.25621435 -0.03504527 -0.03135355
-0.14582157 -0.12097167 0.06750254
-0.11745976 -0.07934119 -0.08003173
0.06007603 -0.04389276 -0.04283846
0.28446257 -0.11845248 0.02424945
0.33396110 -0.06802478 0.03757649
-0.21954747 -0.12568536 0.02861323
0.10982879 -0.05124819 0.04496653
-0.30489290 -0.13992244 0.01192155
-0.20084660 -0.03030325 -0.06719802
-0.29712009 -0.08152919 0.03635931
0.05549373 -0.03875861 -0.06766815
-0.18757442 -0.00172196 -0.05077531
-0.01566703 0.05561700 -0.03518237
0.28585008 -0.13521183 0.03219645
-0.35540777 -0.08203249 -0.06670361
-0.14408691 -0.13463537 -0.02483353
0.19258144 -0.14027929 0.01870478
-0.06268459 -0.07668111 0.09066690
0.24172854 -0.05680355 0.06553151
-0.04424179 0.01294965 0.03509519
-0.21798153 -0.12797166 0.02879352
0.37597728 -0.04330825 -0.01598741
-0.28318727 -0.04735509 -0.07093362
0.43673083 -0.03249247 -0.00149118
-0.01852544 -0.01604554 -0.04272479
0.13835098 -0.06326912 0.07496039
0.24443313 -0.03651042 -0.06100481
-0.15114236 0.00287953 0.01066258
-0.28517896 -0.06057002 0.05619503
-0.25730911 -0.13411509 -0.02910225
-0.16424949 0.02741365 -0.03344908
0.08682311 -0.01049786 0.04762244
0.09460866 -0.05125817 0.04254331
-0.19593130 0.01193058 -0.02306959
0.22056530 -0.07152537 0.05933118
-0.08150381 0.01054549 0.05188019
-0.22658765 -0.06653035 -0.06322429
0.05807818 -0.02266341 -0.06009583
0.31872201 -0.11640720 -0.02222472
-0.25595522 -0.03498771 -0.04348175
0.40906206 -0.05877298 -0.00707836
0.39511007 -0.03880902 -0.01288102
0.00156850 -0.09955634 -0.07496697
0.27485377 -0.03674496 -0.01566428
-0.28670824 -0.07809470 -0.06816493
-0.10464152 -0.11432229 0.06100539
0.28421122 -0.03268691 0.04781079
0.36764857 -0.05091066 0.02725672
0.27249226 -0.08559638 0.04546044
0.21626821 -0.07825682 0.06471990
-0.04528571 0.00891083 -0.01299940
0.04680222 0.00954951 0.06366570
0.29959732 -0.09413648 0.03777988
0.13273136 -0.01329495 -0.00274872
-0.29608855 -0.06545823 0.07635781
-0.13172975 0.01460613 0.07004715
-0.16727048 -0.03841574 -0.00320838
0.15537733 -0.10902667 -0.06143838
-0.03185623 0.07798725 0.02265553
-0.30016923 -0.03933261 -0.03973185
-0.01169871 0.01994758 0.05690634
-0.18891349 -0.04570584 0.06549187
0.05106068 -0.02739541 0.01920827
-0.13004114 -0.09929955 0.07879519
-0.03250475 -0.12982889 -0.02991221
-0.17700720 -0.03805446 -0.06738260
0.31667721 -0.06615502 0.05665851
-0.06929666 -0.11529625 -0.03657885
0.15409055 -0.00820963 -0.04857107
-0.00904145 0.03105230 -0.00516214
-0.26462519 -0.03583232 0.04884594
-0.04198700 -0.14623527 0.00121434
0.11992067 0.00117246 -0.03318540
-0.03929746 -0.02523207 -0.04713952
0.12041981 -0.01324909 -0.05090638
0.06143738 -0.13664281 0.02628349
0.02425891 -0.14223751 -0.00763753
-0.13939291 -0.11839583 -0.04597343
0.00539459 -0.11432146 -0.06411177
-0.13907151 -0.03258952 0.05416026
-0.25593993 -0.00469129 -0.03014679
-0.17057943 -0.12678337 -0.02353780
-0.21247764 -0.11557398 -0.03260851
0.14428034 -0.13115025 0.02379899
0.18314992 -0.07888158 0.07629354
0.06382538 0.00610661 -0.06173972
0.04623038 -0.09619417 -0.08077657
-0.31826913 -0.08660545 0.06430030
0.11338116 0.00075535 0.06591626
-0.12327307 0.01387087 -0.00334109
-0.14689676 0.02334619 -0.01418337
-0.11733047 -0.03748118 -0.02646638
-0.06094784 -0.09381633 0.08214960
-0.25215253 -0.02758136 -0.01822539
0.29845622 -0.08698983 -0.04847223
0.08661744 -0.03834842 0.03794025
-0.08118948 -0.09548348 0.08351672
-0.25465530 -0.12652178 0.03069185
0.05751686 0.03133131 -0.03541215
-0.13531056 0.05798450 -0.04765132
-0.33485019 -0.11587771 0.04845084
-0.03525580 -0.03255416 0.05632614
-0.08169045 0.02203564 -0.04702339
0.02686829 -0.12017030 -0.04897961
-0.04045519 0.07890441 -0.01040603
0.00944810 0.05039829 0.02124750
-0.09782963 -0.04500203 -0.07559548
-0.12353610 -0.11027063 0.06760361
0.37798786 -0.09275998 0.01435220
0.21880278 -0.05763287 -0.06838849
0.06771163 0.01945154 0.00271910
0.14285155 -0.02093176 -0.06330051
-0.12867869 0.01984051 0.01278033
-0.05583443 -0.04118402 0.08685507
0.18522911 -0.08550737 0.07351509
-0.04937748 -0.04269492 0.00554277
-0.03910162 0.10216372 -0.00300956
0.20198686 -0.00539825 -0.03472769
-0.20954028 -0.04254085 -0.06094792
-0.23546168 -0.12642300 0.01720719
0.18331014 -0.10377015 -0.05319243
-0.39968240 -0.11339417 0.03848748
0.09660778 -0.03234681 -0.08020702
-0.07101880 0.02292322 -0.03966146
0.08023924 -0.13596661 0.05541898
-0.12368710 -0.04076861 0.05979791
-0.18719137 -0.00668088 -0.03759840
0.12776405 -0.14821425 -0.00630594
-0.27195475 -0.08079351 -0.06628927
0.14344281 -0.11635280 -0.01210928
0.32282937 -0.06390827 -0.05233123
-0.35991788 -0.06118159 -0.03241667
-0.14841017 0.02558351 -0.04710255
0.21051610 -0.13507517 -0.00391313
0.09019102 -0.14164098 -0.02971801
-0.18645012 -0.06737950 0.08026480
0.08203234 -0.12181293 0.06962369
0.06817400 -0.02559480 -0.04503625
0.39813161 -0.04673921 -0.02794426
0.41015500 -0.04085142 -0.02175482
-0.37773341 -0.04612861 0.00310074
-0.28212610 -0.05476675 0.08301949
-0.03895793 0.01308792 0.02836807
0.08806159 -0.05102930 0.08305394
-0.23602271 -0.04073359 -0.02203760
-0.33126649 -0.03418700 0.06426605
-0.05278895 -0.12893482 0.02495650
-0.10626782 -0.04845275 -0.03987674
-0.10614950 0.00000536 -0.05571038
-0.32470292 -0.10652813 0.00171543
0.39763251 -0.10521912 -0.00373885
0.01422065 0.01524496 -0.05218181
0.08603293 -0.04845714 0.08890815
-0.19878930 -0.07767902 -0.05865906
0.01710541 -0.02315347 0.06104710
-0.08093321 -0.12187531 -0.02446987
-0.28429297 -0.10240167 -0.05251651
-0.02638888 -0.12742814 -0.04361758
0.29458272 -0.06268508 -0.05550879
0.24106069 -0.03262284 0.05708434
0.32306963 -0.03554428 0.01884492
-0.25015444 -0.13216227 -0.02132506
-0.01183112 -0.03492923 0.06993881
0.24111998 -0.02628576 0.01366008
-0.20221074 0.02148251 -0.04376376
-0.16225134 -0.04484921 0.09146294
-0.22006837 -0.05678403 -0.08077982
0.17518564 -0.10390157 0.06745523
-0.34796551 -0.12467628 -0.01777792
-0.27788055 -0.04999483 0.06618638
-0.35046685 -0.03284919 0.02502350
-0.04028124 -0.10600056 0.08102451
-0.02166345 0.05146535 -0.05297380
0.23635300 -0.02474312 0.02042496
0.11929877 -0.03984363 -0.01899821
-0.31856486 -0.12110016 0.01859156
0.10868553 -0.09538968 0.07462565
0.02713693 -0.03796833 0.06607346
0.08942342 -0.03891965 -0.05624299
0.08031738 0.03661169 0.00253951
0.14304860 -0.00218557 -0.03306951
0.19366087 -0.08080244 -0.06039687
-0.34184122 -0.11339879 -0.04057916
-0.03579903 0.01100719 -0.06111041
-0.04394474 -0.06195447 -0.07191982
-0.15922624 -0.06694979 -0.08280247
-0.04378724 -0.07299444 -0.08142021
-0.08828391 -0.00383489 -0.05498441
0.20127279 -0.06741286 -0.07165150
-0.29797962 -0.13010333 -0.01207501
-0.00734655 0.02604169 -0.03895957
0.16014154 -0.13598622 0.00103221
-0.23265624 -0.09570500 0.08758598
-0.30872574 -0.06050602 0.06962960
-0.17789677 -0.01307627 -0.02550447
0.03335281 -0.12434161 -0.06639328
-0.04554339 -0.00463075 -0.05468613
0.08807199 -0.01654629 0.07421235
-0.18001942 -0.08453534 -0.06339223
0.09568083 -0.02984302 -0.05452304
0.06894543 -0.13058695 -0.06277920
-0.06265926 -0.10807829 -0.06926887
-0.35151094 -0.10558373 0.07290139
-0.10731591 -0.05001257 0.08454119
0.21560200 -0.10459754 -0.05663246
-0.35413238 -0.06242286 0.05890092
0.14994244 -0.09838159 0.06945004
0.01033070 -0.09800879 -0.08270300
0.10147163 0.03118282 -0.04606947
-0.04564206 0.04770645 -0.00874062
0.04274346 -0.04134815 0.08543414
-0.11863540 -0.05886440 -0.07168812
-0.32697895 -0.13456425 -0.00243536
-0.06107299 -0.02509357 -0.08247197
-0.23170455 -0.04486030 0.01531986
0.16609693 -0.12164276 -0.02370117
-0.22084902 -0.04982647 0.02962492
-0.03994140 -0.11399300 0.05702689
0.25619832 -0.02651270 0.01147939
-0.21777594 -0.10134532 -0.06528988
-0.13667135 -0.03947571 -0.07162854
0.00270567 -0.05962789 -0.05435062
0.19408590 -0.03158864 -0.02565144
-0.21247463 0.01868916 0.05156538
0.12588207 0.02684467 0.05217839
0.22859049 -0.03625773 0.06232768
0.33045486 -0.05885898 0.04635071
0.08481432 -0.03319338 0.08187725
-0.36350942 -0.08786459 -0.05802625
-0.16963336 -0.13117740 -0.05578390
0.03184306 -0.06354092 -0.05659442
0.37835672 -0.07612110 0.01395812
-0.19278479 -0.03296871 -0.04374769
0.16773532 -0.11827950 0.04950045
-0.31703112 -0.06350033 -0.04923395
-0.24042553 -0.13293605 -0.02251306
-0.35814857 -0.06667197 -0.03530859
-0.07496630 -0.00558367 -0.02682376
-0.14809515 0.00245574 -0.05538750
-0.01567464 -0.04689232 -0.00612453
0.36346090 -0.05648728 -0.02903309
0.02178391 0.03051092 0.05934410
-0.07549547 -0.03155421 0.03706532
0.00214247 -0.09297383 -0.07767779
-0.36668834 -0.04598941 0.00690490
-0.32009530 -0.13289498 -0.02789220
-0.30543199 -0.04020937 0.06638832
-0.08529286 0.01140130 0.05426082
0.42511296 -0.06507355 0.00406776
-0.09328928 -0.03617311 0.05631162
-0.17197360 -0.13043559 -0.05740573
-0.12898259 -0.03174280 -0.02809081
-0.02049354 -0.13293247 0.03075727
0.39587876 -0.08687255 -0.01915940
0.15716414 -0.00277397 0.01239756
-0.22351219 -0.10333970 -0.07652511
-0.12026725 0.01264768 0.01788805
-0.26614526 -0.04627293 0.01931244
-0.31999984 -0.07062151 -0.06607683
0.06257136 -0.03800605 -0.02653317
0.40030503 -0.03478317 0.02147758
-0.10648105 -0.06328280 0.09101681
0.04409605 0.02657173 0.06284366
-0.00088569 -0.11510954 0.05708228
-0.10952932 -0.02984557 0.08579804
0.23089343 -0.03078035 -0.05375113
-0.00028569 -0.13948226 0.05110911
-0.10120925 0.01899052 -0.02458570
0.18205209 0.00633923 0.03354055
0.26558721 -0.05341572 0.05390242
-0.12612097 -0.01050731 -0.03931918
-0.33150509 -0.06042879 0.07263477
-0.04454473 0.05153187 -0.05462884
0.24145097 -0.12290395 0.04513994
0.44509274 -0.03998299 -0.00511836
0.27731425 -0.12636283 -0.03708362
0.37668267 -0.04976426 -0.03508627
-0.23726882 -0.04641570 0.04019396
-0.25953689 -0.02533965 0.07554913
-0.12761626 -0.06328014 -0.06582671
-0.26129302 -0.04815572 0.06517785
-0.24812643 -0.02977181 0.05029797
-0.29136056 -0.03300602 0.02038908
0.02063336 0.10657129 -0.00528524
-0.29621840 -0.03041651 0.01052787
-0.32168895 -0.10910976 -0.03278363
-0.15885121 -0.08756448 -0.06436134
0.23888858 -0.07221720 0.06538243
0.30490026 -0.04864280 -0.03073395
0.19362229 -0.11996765 -0.02627115
0.14645204 -0.02334611 0.06979629
-0.33386332 -0.05594616 0.04347488
0.33814603 -0.10750146 -0.01759685
-0.17209761 -0.10633587 0.06931930
0.11640067 -0.04772724 -0.06990939
-0.23239276 -0.04517841 -0.02190422
0.16962002 -0.06584045 0.07391220
0.26067501 -0.08588685 0.05501359
0.09336926 0.03445507 0.05082168
0.36030158 -0.04618133 0.01837382
0.03067829 -0.04863876 0.09094634
0.06609605 0.00520573 0.03486463
0.37796158 -0.04497123 0.01725890
0.12455393 -0.03091650 0.03275430
0.20592354 -0.01384317 -0.02087966
0.10350718 -0.10989557 -0.07435993
0.06065302 -0.03043880 0.08298172
0.02456799 -0.13017243 -0.05205631
-0.12810838 -0.03586904 0.05803149
-0.38858229 -0.09217878 0.04945845
-0.20565788 -0.12760670 0.02273241
0.10046703 0.03707738 0.01409879
-0.33764070 -0.09850304 -0.05816865
-0.30424422 -0.05294798 0.04656154
0.14968762 -0.11881165 0.05728609
-0.15077767 -0.03178465 -0.07439727
0.16132271 -0.03092045 -0.00462113
0.20127256 -0.07364491 -0.06555641
0.01482510 0.04784963 0.06107723
-0.08576483 -0.07287349 -0.08637577
-0.36764437 -0.06524810 -0.03967229
-0.03447790 -0.13577449 -0.02906837
-0.23387057 -0.08346546 0.08582364
-0.11505792 -0.03109686 0.01828495
-0.11130877 -0.12660684 0.04168398
0.16332087 -0.09363331 -0.05836527
-0.15857604 0.02583161 0.02347872
0.09526511 -0.00047443 0.06407224
0.08909751 0.00577974 0.03920211
-0.07239015 -0.05713563 0.07439448
-0.09791739 0.01515857 -0.02801647
0.13523909 -0.05256636 0.04737053
0.18448582 0.00700596 -0.01790273
0.02591772 0.01977719 -0.05638089
0.27999315 -0.04497781 -0.06681865
-0.12128109 0.02818567 0.00663642
-0.18170227 -0.02523388 0.07461176
0.10797827 -0.08312979 0.06225334
-0.15028793 -0.04509958 -0.00875993
-0.12371509 -0.04252716 -0.07008041
0.09503815 -0.05919883 0.08103821
0.21966773 -0.08773644 0.05278557
-0.10415355 -0.05000465 -0.08214655
-0.31265140 -0.13519964 0.01713232
0.40948257 -0.03844973 -0.01139335
-0.39333826 -0.05916203 0.00158929
0.18695325 -0.11850390 -0.05357805
-0.01529110 -0.02290312 0.02129367
-0.36053234 -0.03172321 0.01305686
-0.00162435 -0.13104099 0.03297023
-0.06157354 -0.07990995 0.08826613
0.33907378 -0.10743007 0.01892428
-0.18627721 -0.03345929 -0.02457054
-0.12175250 -0.04005145 -0.06265978
-0.03531810 -0.04074905 0.04212447
-0.19210732 -0.01985587 0.00720926
0.23549618 -0.10052040 -0.06372742
0.20632471 -0.06816199 0.06773440
0.21648970 -0.04960131 -0.06074746
0.08818149 0.00074552 0.03105786
0.18119901 -0.03598744 0.06802169
-0.28759494 -0.07026871 0.07212110
-0.23190884 -0.03177597 0.08057272
0.27043957 -0.12846610 0.01549797
-0.08635101 0.00976570 -0.02900014
-0.05715424 -0.04474543 0.08083418
-0.07091963 -0.14995536 -0.00970295
-0.05190596 0.01634888 0.01358815
0.01366813 0.02977353 0.03683324
-0.09702298 -0.01323624 -0.05292147
-0.19174001 -0.01100069 -0.02690306
0.31106856 -0.04465728 0.05578588
0.19172704 -0.10785282 -0.06790632
-0.17391990 -0.00111641 -0.06897470
0.32849592 -0.10620447 0.01494399
-0.21237670 0.01644619 0.01198663
-0.33158210 -0.05332924 -0.03407931
0.03673778 -0.07017930 0.08080561
0.07693488 -0.00636446 -0.05901480
0.05973913 -0.00952272 0.06813059
-0.03186263 -0.15107882 0.00655853
-0.14824277 -0.01277283 -0.06888055
-0.20155102 -0.01841601 0.08135946
0.17758572 -0.03162820 0.07301833
-0.25196850 -0.12331217 -0.03080205
-0.19147319 -0.03565617 -0.03174497
0.29990444 -0.02334279 -0.00534452
-0.22422701 -0.07755283 -0.05320931
-0.22570094 -0.03771332 -0.03623421
0.05281508 -0.13027449 0.03978341
-0.16152798 -0.10664617 -0.04077291
-0.25290918 -0.11839988 -0.06133831
0.10645518 0.00855910 -0.01914657
-0.03376631 0.02166447 -0.00610641
-0.31520492 -0.07666235 0.06797653
-0.14122337 -0.06864112 -0.07834685
0.30653673 -0.04837886 -0.04293539
0.00914688 0.06516512 -0.00728490
0.25971153 -0.11306566 -0.02259263
-0.24137418 0.00438405 -0.05169610
0.18967372 -0.12251511 0.03279123
-0.02053684 -0.10247577 0.08576909
0.24781252 -0.07008363 -0.05607861
-0.04851704 -0.05121113 -0.06381050
0.03001169 -0.11316140 -0.07696175
-0.07800078 0.01527525 0.00899218
0.11051932 -0.04158067 -0.02164203
-0.28955323 -0.12032457 0.02180197
-0.18986443 -0.00775672 0.06234043
-0.04452570 -0.14645635 -0.00755316
0.00403620 0.01688621 0.04097939
-0.02437809 0.07926207 0.01172340
0.00400741 0.05379377 0.05788824
-0.15067719 -0.03866191 0.06291229
-0.12061495 -0.05084534 -0.08091972
-0.03226158 0.05607456 -0.01790754
0.01745140 -0.03576376 0.03251824
-0.29095271 -0.12110645 0.02397313
0.16480203 -0.03168914 0.00121151
-0.33065870 -0.11737011 0.00087886
-0.03842220 -0.11688266 -0.04940834
0.01476819 0.01133032 -0.02137027
-0.27838513 -0.07748348 -0.06917655
0.07707764 -0.00517641 -0.04517518
0.18467999 -0.13298002 0.06580324
-0.30331549 -0.05853826 -0.06242175
0.19895506 -0.14429672 -0.00493014
-0.13302392 0.00785642 0.06217477
0.21047285 -0.10552834 -0.06826052
-0.02538437 -0.14351259 -0.03913751
0.10064050 0.05260763 0.02871337
-0.12961578 -0.04309822 0.07435455
-0.13609441 0.05374839 0.00388612
-0.16804887 -0.05803713 0.08179544
-0.07311891 -0.01891212 -0.05582421
-0.39939430 -0.05494804 -0.00654949
0.05266251 -0.13595006 0.00411728
-0.22223133 -0.03024775 -0.02173761
-0.01479007 -0.08081535 -0.07673232
-0.19352178 -0.13543235 0.00062740
-0.05481086 -0.10851758 0.08373797
0.17511652 -0.14193289 -0.04883727
0.13571739 -0.03463271 0.01665409
0.40403152 -0.03489890 0.02295965
0.11709893 -0.06026693 -0.05971245
-0.00034341 -0.06656221 0.02023211
0.15750980 -0.06750022 0.07848056
-0.12118220 -0.06791133 0.06563324
-0.01165470 0.02009044 -0.05374904
-0.16789201 0.03546667 0.03025873
0.02086695 -0.07944870 0.07411139
-0.18067259 0.00757275 -0.02032507
0.01994805 0.03369866 0.05368277
0.16119249 -0.10021243 0.06610174
0.20781156 -0.07425415 0.06413846
0.10978121 -0.02778196 -0.05404551
-0.27426049 -0.12982666 -0.01528719
-0.19988142 -0.08451505 0.07497725
-0.19363442 -0.05408917 0.07298793
0.20977861 -0.13880518 -0.02869895
0.18184778 -0.03689797 -0.02979773
0.17053509 -0.01514417 -0.05217032
-0.20036605 -0.10565043 -0.03377521
-0.37954780 -0.10189466 -0.03588899
0.37351069 -0.07579693 -0.01732719
-0.38759792 -0.05401082 -0.03132301
-0.24216765 -0.07474845 -0.07960802
-0.30919826 -0.05348922 -0.03166801
-0.23845239 -0.02907400 0.00256733
-0.28463557 -0.04124983 0.01861632
-0.08884627 -0.00718633 -0.05937922
-0.04093561 -0.04439870 -0.06240010
-0.13512221 0.00500312 -0.01920148
0.19096021 -0.06987868 -0.07053045
-0.22206406 -0.00023742 0.03534129
0.39894456 -0.06466881 -0.02332092
0.05049870 -0.01938373 -0.05443944
-0.06838767 -0.14130533 0.01872845
-0.13796699 0.01204644 -0.02929350
0.01040366 0.02637812 -0.00954076
0.03535149 -0.04262919 0.08901546
-0.02034368 0.00771148 -0.02537648
0.19155340 -0.04043560 0.00546512
-0.00228149 -0.01059606 -0.04568069
0.21970445 -0.05375702 0.00625569
0.31803650 -0.10666156 -0.03143826
-0.09489460 0.00683397 0.02284929
-0.13426475 -0.14143707 -0.01635866
-0.16391639 0.00130990 -0.00042945
0.29996815 -0.12979241 0.00723977
0.01557939 0.01502345 0.04204949
-0.02576205 0.01055369 0.05753390
-0.22634447 -0.12807837 0.02354755
-0.41062054 -0.07112797 -0.02351061
0.12855822 -0.03046213 0.08164112
-0.38912180 -0.09300982 0.00005181
-0.12917550 -0.00453420 0.03939206
0.10142740 0.03194797 0.00038541
-0.12504043 -0.08604293 -0.04401448
0.16640382 -0.12290746 -0.04456746
0.40177882 -0.04168607 0.02143969
-0.12854797 -0.04892070 -0.05295514
-0.01789727 -0.02762567 0.01720579
0.12473463 -0.04111166 0.01020434
0.32001776 -0.11250487 -0.02584667
-0.20315941 -0.09717614 -0.06009563
-0.09520994 -0.04429517 0.05676116
-0.14778693 -0.06770099 -0.04970484
0.15131983 -0.02062410 -0.05505360
0.05343577 -0.04498942 -0.03735882
-0.34852585 -0.10312650 0.04235031
-0.00735744 -0.02680851 -0.02564139
-0.33661002 -0.08131857 -0.07058659
-0.38048613 -0.05899418 0.05620633
-0.12259310 -0.10641311 0.07009111
0.20019914 -0.07030831 0.07091546
-0.11671688 -0.11227653 -0.07249505
-0.19907483 -0.05299332 -0.07361171
0.07743875 -0.13615042 0.01730729
-0.27377459 -0.10305215 -0.06797640
0.21466130 -0.09704321 0.01858336
-0.25046471 -0.07466458 -0.05160074
0.12142638 -0.04662244 -0.08027372
0.31534025 -0.12372831 -0.03719430
0.10809676 0.00719278 -0.05017737
-0.42258596 -0.08810171 0.02647781
0.09180885 -0.04816840 0.07311600
-0.17676282 -0.06548418 -0.05009594
-0.36163607 -0.08219815 0.06125550
-0.09326763 0.03169172 -0.01217191
-0.12418765 -0.11406496 -0.06693549
0.18715195 -0.01280766 0.03825980
-0.04347292 -0.13625717 0.04211488
0.38063759 -0.08543114 0.02636998
-0.12620926 -0.01857970 -0.04257679
0.24648353 -0.10887516 0.02231697
-0.34844834 -0.03935878 -0.01151541
0.06208118 -0.03379361 -0.04766021
-0.26176125 -0.05242965 -0.05681511
0.12579641 -0.03029178 0.02384022
0.16037977 -0.11899427 0.05951849
-0.14002439 -0.03795068 -0.01566217
0.29379848 -0.06674601 -0.05140661
-0.12361240 -0.05351222 0.09190202
-0.02179441 -0.06466742 -0.06373622
0.02114021 -0.05964746 -0.08331828
-0.07439293 -0.08463899 -0.08058289
0.22446871 -0.02351248 0.01209058
0.05628132 -0.01580883 0.04016499
-0.00378073 -0.04926371 0.08852985
-0.08137531 -0.11584305 -0.05233563
0.20700210 -0.03001874 -0.00085405
-0.43942893 -0.06954826 0.00502060
-0.17122748 -0.13225347 0.01538187
-0.04947153 0.01675369 0.07164983
