-0.11259400 -0.02555680 0.01634640
0.19111200 -0.01065340 -0.09973780
-0.14195400 -0.07269410 0.13652700
-0.14195400 0.07195500 -0.08082540
-0.13969000 0.08532010 0.17300500
-0.20837501 0.39064801 0.08043470
-0.21149901 0.36774400 -0.11742900
-0.14195400 0.10180700 -0.03004740
-0.05608240 -0.02994490 0.17439599
0.13528700 -0.02555680 0.09614550
-0.05099220 -0.01065340 0.05506290
-0.21502000 0.37367499 0.12407100
0.22016300 -0.27913299 -0.16258900
0.05518080 -0.01065340 0.16462500
-0.14195400 -0.07769370 0.10287900
0.05395270 -0.01082060 -0.17470500
-0.14195400 -0.07073810 0.09277440
-0.12705000 -0.12100100 0.09662520
-0.19374600 0.36696199 0.15057200
-0.14195400 -0.11259000 -0.06677190
0.08946660 -0.02555680 -0.02147540
-0.19537100 0.36973900 -0.05728000
0.16866800 -0.03672380 -0.17412700
-0.08249990 -0.01065340 -0.04397010
-0.15262100 0.21936400 -0.03499390
0.22167601 -0.24656500 -0.17206700
0.21414800 -0.16208300 -0.17491101
-0.20102000 0.36894500 0.17476299
-0.18792400 0.32379100 -0.13136999
0.16160899 -0.02555680 0.12116100
-0.12705000 -0.11935700 -0.16148999
-0.21222700 0.39647999 -0.11826300
-0.09131770 -0.01065340 -0.12876201
-0.14195400 -0.04417680 -0.02824780
-0.16590600 0.31114399 -0.16456300
-0.11087400 -0.02555680 0.16119200
-0.12741600 0.13360600 -0.00283167
0.19822501 -0.01065340 -0.10896600
-0.12705000 0.08165070 -0.09658750
-0.13182600 0.18671700 0.12704200
-0.12705000 -0.01395920 0.15242600
-0.12705000 -0.01642260 0.00672091
0.15397500 -0.02555680 -0.15127200
-0.14195400 0.00549169 -0.08749550
0.02946170 -0.01065340 0.11440300
-0.15539800 0.28380001 0.00753266
-0.01542610 -0.02555680 0.06338470
-0.10997100 -0.02555680 0.13120501
-0.20098700 0.36330199 -0.16766800
-0.19833700 0.37476200 -0.08976300
-0.16372700 0.30568299 0.13332400
-0.14676499 0.18608101 0.06065780
-0.02901880 -0.01065340 -0.08313690
-0.14579999 0.17852101 0.03896910
-0.13222300 0.15346301 -0.16766800
-0.22676601 0.40404400 -0.01802530
0.07246480 -0.01065340 -0.09236830
-0.13451999 0.20388100 0.01732650
-0.14195400 -0.04914080 -0.08230830
0.20866901 -0.13764200 0.16990700
-0.13169800 0.18573000 0.00051029
0.12618300 -0.02555680 -0.13318200
-0.06558500 -0.01065340 -0.02677940
-0.16055100 0.29774600 0.04630610
0.20331900 -0.01065340 -0.13197100
-0.12705000 -0.02154650 0.09904170
0.21091200 -0.16266800 -0.17327800
-0.14195400 0.09140760 0.14258100
-0.01270300 -0.02555680 0.12342800
-0.12949900 -0.13845401 -0.10505900
-0.11392300 -0.28163901 -0.16411901
-0.20251600 0.35299799 0.16957501
0.17781800 -0.02555680 -0.12338400
0.18795900 -0.02555680 -0.02487400
-0.14195400 0.10481000 -0.16335100
0.20851700 -0.05110470 0.16591200
-0.14195400 0.08958840 0.06733280
-0.22607400 0.39041701 -0.02623850
-0.07747130 -0.02555680 -0.05852260
-0.18073100 0.30807599 -0.10600500
0.18747599 -0.02555680 -0.02123940
-0.04150270 -0.02555680 -0.01347220
-0.10387100 -0.01065340 0.03897660
-0.12705000 -0.02547640 -0.01271000
0.15147100 -0.02555680 0.03618830
-0.12705000 0.04622190 0.09815850
0.04577050 -0.01065340 0.09738370
-0.09907130 -0.02555680 0.09389150
-0.14230300 0.13282600 0.01886700
-0.06546400 -0.01065340 -0.01756640
-0.14195400 -0.00146662 -0.12048800
-0.12751500 0.13750900 0.04647320
-0.12989999 0.06852250 -0.17344999
-0.14195400 -0.03703490 0.16014700
-0.14427701 0.16580600 -0.13361201
-0.20829400 0.36231500 -0.14551000
-0.07490870 -0.02555680 0.00227785
-0.12705000 0.02977190 0.03150620
0.22773300 -0.02309750 -0.07582450
-0.12705000 0.05387750 -0.07889740
-0.14195400 -0.00743734 0.04114420
-0.12705000 -0.05692800 -0.10683500
-0.13078199 -0.13845401 -0.11109600
-0.14195400 0.05970100 -0.11731000
-0.21342400 0.39829299 0.01989030
-0.19640800 0.34084499 0.08103050
-0.16427100 0.26370901 0.03213180
0.09557690 -0.02555680 -0.02333540
0.02264740 -0.02555680 -0.07852410
-0.17066599 0.28238800 0.12387900
-0.17050700 0.32159999 -0.08016750
-0.14177901 0.11695600 -0.16766800
0.17597499 -0.01065340 0.03144820
-0.13578300 -0.13845401 -0.03828990
-0.14657301 0.18457800 0.16538900
-0.18295500 0.34726900 0.05728130
-0.14387199 0.16048400 0.15965000
0.18153800 -0.02555680 0.11361200
0.05589380 -0.01065340 0.10445000
-0.12705000 -0.06739030 0.11465000
0.00504045 -0.02555680 -0.05138890
-0.22249000 0.38498500 0.13527600
0.21998601 -0.31451499 -0.16355200
-0.14469600 0.16986500 0.03486470
-0.18650000 0.35404199 0.16644800
-0.21782300 0.40109500 -0.13863701
-0.05579010 -0.01065340 -0.17134200
0.14219600 -0.01813950 -0.18088400
-0.12668800 -0.15213700 0.16547900
0.09238700 -0.01065340 -0.12795600
-0.18258600 0.31218800 -0.11202200
-0.14846800 0.26279300 -0.04156650
-0.14617400 0.18145201 -0.09757670
-0.12705000 -0.10821600 -0.02521640
-0.12705000 -0.02690140 -0.11430500
-0.19004700 0.32839799 -0.09247450
0.20551300 -0.02555680 0.09945450
-0.12705000 0.11572200 0.05511220
-0.14375301 0.15893100 0.09030920
-0.12026200 -0.06169690 0.17503300
0.18296100 -0.02555680 0.06281950
-0.14195400 -0.00717321 0.14545800
-0.14372000 0.15850100 -0.09362120
-0.12994900 0.17200100 -0.00937984
-0.18097000 0.30867299 0.05164560
0.16963400 -0.02555680 0.10684700
-0.14195400 -0.08492570 0.11555300
-0.13088000 0.17930201 0.05719430
-0.20176999 0.35109100 -0.08130500
-0.12705000 0.06109710 -0.10975500
-0.06302160 -0.02555680 0.08007530
-0.07428590 -0.02555680 -0.01780490
0.20632400 -0.01065340 0.05034140
-0.13029900 0.17474800 0.02095820
0.11743800 -0.01065340 0.13782901
-0.21402800 0.39920700 0.03184620
-0.17495300 0.33125100 -0.11560700
-0.14195400 -0.07601600 -0.10654000
0.03024240 -0.01065340 -0.01009650
0.15285400 -0.02555680 -0.00505096
0.00390830 -0.04032070 -0.16660599
-0.12705000 0.04851440 -0.13227700
0.04443660 -0.01065340 -0.06779150
0.02573620 -0.02555680 0.08529750
-0.22530000 0.40490699 -0.05779310
0.00090616 -0.02555680 0.01695970
-0.22603600 0.40454799 -0.01524070
-0.10678400 -0.01138510 -0.17651799
-0.02240680 -0.02555680 -0.16940700
0.02804120 -0.01065340 0.16536400
0.02501900 -0.01065340 0.16354901
0.09217280 -0.01065340 -0.00253487
-0.14195400 0.00029683 0.11618100
-0.12705000 0.11277500 -0.15924799
-0.12705000 -0.06570150 0.03606280
0.21482199 -0.38220301 -0.17183900
-0.15655600 0.23629700 0.02192960
0.20964301 -0.16037600 -0.17186099
-0.14204501 0.12268100 0.01273490
-0.22269700 0.40560400 -0.08933710
-0.22425599 0.40530699 -0.10114600
-0.22306500 0.38586700 -0.04242090
-0.13765100 -0.12933800 -0.17436101
-0.01432600 -0.04006840 -0.16993099
-0.14195400 -0.04893030 -0.12045100
-0.16028200 0.24992400 0.00137026
-0.14230201 0.13278100 -0.03301120
-0.15430000 0.28060400 -0.14134599
-0.14195400 0.10545200 0.13633600
-0.14195400 -0.02968660 -0.06279400
-0.13169600 0.18572500 -0.05915660
-0.14195400 0.11049100 -0.07818480
-0.13410200 0.20154899 0.03560620
-0.15000600 0.20582500 -0.16591100
-0.17174099 0.28552601 0.06205160
-0.16155200 0.30022299 -0.16766800
-0.01517500 -0.02555680 -0.08035890
-0.15232000 0.27479801 -0.00769810
0.16361199 -0.01065340 -0.09190410
-0.12580800 -0.01431350 0.03451090
-0.15349700 0.22313701 0.12554599
-0.15505800 0.28281501 -0.10663500
-0.12705000 -0.01228030 -0.04062370
-0.12649100 -0.01590720 -0.00964837
-0.16497800 0.30882600 -0.15057001
-0.21696401 0.40166199 -0.03016420
-0.15512200 0.23013000 -0.03165620
-0.17938000 0.34043801 0.12497300
0.22225200 -0.09095190 0.16408700
-0.12718800 -0.13950101 0.02747680
-0.21053100 0.39391300 0.00694604
-0.03346430 -0.01065340 -0.04781640
-0.12705000 -0.02782870 0.09332150
-0.01026150 -0.02555680 -0.05730960
-0.14195400 0.03771410 0.16079900
-0.17926601 0.30441600 -0.03452040
0.14948300 -0.02555680 -0.07965950
-0.21122700 0.36728299 -0.11708800
0.04913270 -0.02555680 0.16170500
-0.14195400 -0.13355801 0.07599380
-0.14195400 -0.06369980 0.05059650
-0.12705000 0.10251800 -0.05348370
-0.01948290 -0.01065340 -0.03707920
0.14338200 -0.02555680 0.11040200
-0.19148500 0.33143800 -0.11021200
0.11394900 -0.02555680 -0.08521470
-0.12774800 0.14499800 -0.11307300
-0.17779200 0.33740199 -0.03486140
-0.14207500 0.12387400 -0.15012001
-0.13292100 0.19497301 -0.03371620
-0.06136780 -0.01065340 0.16221599
-0.12556000 -0.30663499 -0.16649500
-0.12705000 -0.10453400 0.13627701
-0.14195400 0.04505480 0.06769870
-0.16270299 0.25837100 0.03982740
-0.19964799 0.34704000 -0.09113050
-0.13387400 0.11330900 -0.16766800
-0.15759300 0.28582799 0.17195000
-0.12085600 -0.19944300 -0.17495400
0.18043700 -0.02555680 -0.00287430
0.05571880 -0.02555680 -0.02102450
-0.14195400 -0.03518020 0.13158900
-0.12705000 0.07827380 -0.16738300
-0.13403700 0.20118700 -0.01902480
-0.18376701 0.34882000 0.07639530
-0.12705000 -0.12552100 -0.07129130
0.09411420 -0.01065340 -0.03645750
-0.12705000 0.06860850 -0.03669750
-0.13492200 0.02241130 -0.16766800
-0.14149100 0.22038200 0.17417200
-0.12932301 0.16568001 -0.00777333
-0.19664900 0.34130600 0.02107800
-0.18810700 0.32418799 -0.01785390
0.22895600 -0.01498360 0.15278900
-0.16180401 0.28145599 -0.16766800
-0.09864690 -0.02555680 0.03906950
-0.12944500 -0.05981820 -0.16766800
-0.16973500 0.27967101 0.04107430
-0.14811701 0.25553799 -0.17226200
-0.21147799 0.36984900 -0.16766800
-0.14345700 0.15504600 -0.11973900
-0.14374100 0.15876500 0.16135500
0.04159630 -0.01065340 -0.05248380
-0.07750980 -0.02555680 0.02615140
0.17359900 -0.02555680 0.05194470
-0.14195400 0.00737263 -0.10677900
0.12087300 -0.02555680 0.04473380
-0.13611101 -0.05770630 -0.16766800
0.22671100 -0.02399610 0.09855260
0.21010201 -0.04968410 0.16287699
-0.15976800 0.29578799 -0.09423070
-0.12705000 -0.08631910 0.14565600
-0.16895500 0.31823400 -0.15923899
-0.19904700 0.34589499 -0.05726850
-0.12705000 -0.12962900 0.03488380
0.07765660 -0.02555680 -0.00590315
0.00906591 -0.02555680 -0.08199800
-0.07691860 -0.01065340 -0.08124010
0.05871330 -0.02555680 0.16023099
-0.12705000 0.05550100 -0.09217130
-0.14195400 -0.04836940 -0.09075960
-0.17435899 0.32994500 0.15746500
-0.07226910 -0.01065340 -0.16896500
0.01924530 -0.01065340 -0.12410100
0.06348120 -0.02555680 -0.04656540
-0.12705000 0.00349559 0.14238299
0.10421200 -0.01065340 0.06678460
-0.16533500 0.30971101 0.04260460
0.16143900 -0.01065340 0.05211070
-0.12705000 -0.09560500 -0.09112340
0.07027820 -0.02573750 -0.16629800
-0.12705000 -0.00990500 0.15669601
0.16888499 -0.02206980 0.17970701
-0.22949500 0.39664099 0.15578000
0.02730170 -0.01065340 0.13030700
0.14385501 -0.01065340 -0.00116441
-0.12839299 -0.04138850 0.16767099
-0.14195400 0.11613400 -0.15580601
0.20854700 -0.09761650 0.16961400
-0.13144000 -0.08411800 0.16766800
-0.12705000 0.09099340 -0.07017000
-0.14195400 -0.08635300 -0.14519601
-0.13824999 -0.13845401 -0.00890871
-0.15944500 0.26032200 0.16766800
0.06137100 -0.02926320 -0.17410700
-0.13984400 -0.01275530 -0.17284299
-0.17841201 0.33858800 0.16347300
-0.14195400 -0.08741220 0.00371095
0.02277240 -0.02555680 -0.03803430
-0.12705000 -0.11334100 -0.06521340
-0.04728750 -0.02555680 -0.16147500
0.07541910 -0.02555680 -0.13575400
0.08196980 -0.01065340 -0.04859350
-0.14169399 0.23818099 -0.12472300
-0.13412900 0.18354900 0.16766800
-0.12857001 -0.07386390 -0.16766800
-0.13245600 0.19167700 -0.05749080
-0.13711600 0.15983200 0.16766800
-0.02685160 -0.03684140 -0.17404100
0.10552700 -0.02420760 -0.17761999
-0.18801300 0.32397801 0.16291600
-0.21722600 0.40363300 0.04455650
-0.15518101 0.23038200 0.06134920
0.21720000 -0.01065340 0.04996650
0.04040850 -0.01065340 -0.14506701
0.02885010 -0.02555680 0.15332900
-0.13134700 -0.02943400 -0.16766800
-0.16941100 0.27872401 0.00812555
-0.14195400 0.10611100 0.05514600
-0.14714301 0.25817099 -0.02414090
-0.14195400 -0.03782930 -0.07275260
0.22302800 -0.21397699 -0.16644099
0.02482350 -0.01065340 -0.06368120
0.01046870 -0.02555680 -0.09666240
-0.13724500 -0.06807520 -0.16766800
-0.20123699 0.37967101 -0.03206000
-0.07698880 -0.01065340 0.00957115
-0.12705000 -0.08468080 0.12077200
-0.14623700 0.25501800 -0.13936400
-0.16757900 0.27337700 -0.11059200
-0.20377500 0.35464099 -0.07747360
-0.14195400 -0.06298210 0.05455130
0.09924410 -0.01065340 0.15594999
-0.15452400 0.22755601 0.03717120
-0.06860340 -0.01065340 0.02824530
-0.14195400 0.09005330 0.15305901
0.14454401 -0.01065340 0.01668940
-0.13355100 0.19573300 0.17017500
-0.19282500 0.33399901 0.06901480
-0.14930899 0.20194200 0.01207770
-0.10466900 -0.02555680 0.06845900
0.05884190 -0.01065340 0.16473100
-0.19983999 0.37730399 0.00488120
0.00563983 -0.01065340 -0.04471770
0.05696370 -0.02352910 -0.17850401
0.18401501 -0.01065340 0.15300401
-0.15250701 0.27534500 -0.04668890
0.09806770 -0.02555680 -0.01189510
0.02366720 -0.02555680 -0.13228300
-0.22413200 0.40533099 -0.03310400
-0.14257500 0.24196900 -0.12069300
-0.14165799 -0.13845401 -0.09462450
-0.14195400 0.09697700 -0.03491260
-0.14195400 -0.00123060 -0.13154800
-0.21249300 0.36942101 0.13019100
-0.19062801 0.32965800 0.10186800
-0.14195400 0.07248090 0.15203799
-0.16433901 0.26391000 -0.09570220
-0.14195400 -0.04070000 -0.16623101
-0.13511100 0.03091780 -0.16766800
-0.13596000 -0.14571700 0.05524590
0.01517540 -0.01065340 0.07560060
0.20632100 -0.01065340 -0.05685210
-0.14195400 0.07138140 -0.02160840
0.06857090 -0.02693260 0.17188500
-0.12952100 -0.06391900 -0.16766800
-0.12651999 -0.05268580 -0.16507301
0.08271030 -0.01065340 -0.06346800
0.01985200 -0.03617020 0.17435600
-0.17301700 0.32703000 0.03849500
-0.12733699 0.13052399 0.02705630
0.21183100 -0.26410800 -0.16173901
0.04014990 -0.01065340 0.13759500
-0.14328700 0.15281799 -0.00527588
-0.12319900 -0.01232360 0.17803800
-0.06953470 -0.01065340 0.06282870
-0.18465801 0.35052201 0.12127600
-0.12705000 -0.13745300 -0.16178299
-0.16885200 0.27708900 0.06424680
0.11495400 -0.01065340 -0.07264350
0.02590680 -0.01065340 0.15014200
0.13181201 -0.02555680 -0.06407880
0.22123900 -0.05494110 0.17263700
-0.10497400 -0.02555680 0.13118400
-0.14195400 -0.05258640 -0.05500110
-0.14376400 0.15907300 0.01784040
-0.19011700 0.36080801 0.14993399
-0.12705000 0.00754482 0.03421890
-0.14195400 -0.03042960 -0.08119910
-0.12705000 -0.01042580 0.10225400
-0.14195400 -0.12540901 -0.04283910
-0.05681080 -0.02750470 -0.17263100
-0.12705000 -0.09205950 0.06204640
0.15505201 -0.02555680 -0.02587200
-0.22961800 0.39893100 -0.12906100
0.05386170 -0.02555680 0.02552110
-0.12705000 0.08145660 0.05551550
-0.07674100 -0.01065340 0.13924301
0.16080099 -0.01065340 0.01821640
-0.12705000 -0.01236930 0.01815850
-0.14195400 -0.07576080 0.00501882
-0.13103600 0.18055899 -0.14278500
-0.12705000 -0.06662220 -0.00998058
-0.19900499 0.37588999 -0.01681800
-0.12662201 -0.01988870 0.08912690
0.05906820 -0.03951100 -0.16406000
-0.12524700 -0.29018599 0.16443200
0.20739099 -0.02555680 0.14455700
-0.14480600 0.20639300 -0.16766800
-0.12705000 -0.04330950 -0.04006590
0.05799030 -0.01065340 0.03760460
-0.06332020 -0.02555680 -0.06815340
-0.22498700 0.39636299 -0.12919800
-0.22809701 0.40273401 0.02474080
-0.07192180 -0.01065340 0.08337690
-0.19641300 0.34086600 -0.15417001
0.04028720 -0.02555680 -0.10175200
0.15246899 -0.02555680 -0.02141620
0.19916900 -0.01065340 -0.10702300
-0.13905101 -0.13693000 -0.16766800
0.08124350 -0.01990630 -0.18065199
-0.11141600 -0.02540230 -0.17461200
-0.12705000 -0.07714930 0.05631910
0.02409930 -0.02555680 0.16776100
-0.01820980 -0.03350670 -0.16028200
-0.14674300 0.18591000 0.13159201
-0.14423500 0.16525500 0.15894701
-0.12705000 -0.05186150 -0.14398099
-0.12705000 0.05396410 -0.03214550
-0.12705000 0.03402760 -0.04338680
-0.14092200 -0.14222600 0.14801000
-0.14195400 -0.02740720 0.12983599
-0.14195400 -0.06348040 -0.10932100
-0.11465400 -0.09045480 0.17318800
-0.14195400 -0.02254110 -0.14869900
-0.18934500 0.32687399 -0.12387200
0.16576000 -0.02555680 -0.04624830
-0.11340900 -0.23672900 -0.16359700
0.21431801 -0.01065340 0.16963799
-0.20265500 0.38198599 -0.01019150
0.12202200 -0.03866900 -0.17242900
0.03713630 -0.01079270 0.17449400
-0.13303800 0.06667770 -0.16766800
-0.20395200 0.38395000 0.14221500
0.20997401 -0.02555680 -0.09381050
0.12797800 -0.02492220 0.17628500
-0.12705000 -0.10899200 -0.00754386
-0.12705000 -0.03636540 0.02880270
-0.18466400 0.35055599 -0.14095500
0.18779200 -0.02555680 0.10445100
0.11626400 -0.01065340 0.07403120
0.11815100 -0.02757770 0.16260999
-0.12705000 0.04263780 -0.02086200
-0.09795580 -0.02555680 0.05088840
-0.13629900 0.21381401 -0.08939610
-0.14195400 0.11311200 0.15022101
-0.14403901 0.16267900 -0.06992350
-0.03200230 -0.01065340 -0.16787601
-0.20340300 0.35400900 0.07888280
0.20640600 -0.03692020 -0.16135700
0.21673900 -0.03698780 -0.16034800
0.22594200 -0.01163700 -0.15497100
0.01341230 -0.02555680 0.13121800
-0.21182700 0.39587599 0.04343980
-0.14046501 0.23288500 0.01482250
-0.19046199 0.33919999 0.16766800
-0.14195400 -0.13555300 -0.11201400
0.20033699 -0.02555680 0.13771200
-0.12705000 0.07375170 0.00940049
-0.14195400 0.00738254 -0.03157970
-0.14195400 -0.01010770 -0.08447750
0.20879500 -0.20020100 -0.17021300
-0.14581300 0.17862201 -0.05782030
-0.12741700 0.11941200 0.16767800
-0.12705000 -0.09456980 0.11689500
-0.02431550 -0.02555680 -0.09461900
0.08471520 -0.01065340 -0.15807199
-0.12974100 -0.14411400 -0.12312400
-0.09030290 -0.02555680 -0.16601799
-0.14195400 -0.08053510 -0.12327000
0.04245020 -0.02621580 0.16476300
-0.12820999 0.08427600 -0.17160501
0.00219366 -0.01065340 -0.17275600
-0.15281700 0.27627000 -0.06761420
0.10661200 -0.01065340 0.11447000
0.12262500 -0.02555680 -0.06305050
-0.13923800 -0.13845401 0.14315701
-0.12757900 0.14010599 -0.13826500
-0.14195400 0.03891800 0.05316690
-0.14975800 0.20444600 -0.06862530
-0.14195400 0.05186980 -0.00131467
0.10109200 -0.02555680 -0.17023601
0.19018599 -0.02555680 -0.07942660
-0.13853601 0.15467100 -0.16766800
0.02303010 -0.02589490 0.16553800
0.19219799 -0.02241840 -0.17944001
-0.14195400 -0.12894200 0.09947000
0.10372500 -0.01065340 0.14681700
-0.14155000 0.23754001 0.10478900
-0.14738700 0.19096000 -0.08048360
-0.14195400 -0.06549890 0.06906230
-0.15081100 0.25250801 0.17468999
0.03577380 -0.01065340 -0.02980460
0.15500000 -0.01783440 -0.18085299
-0.05919180 -0.02555680 0.14114401
-0.13211501 0.01656070 -0.16766800
-0.14925399 0.20163700 0.00603970
-0.03583170 -0.01065340 0.10639700
0.08656040 -0.01065340 -0.11541000
-0.14195400 0.09778270 -0.08681450
0.00124589 -0.02546210 0.17415699
-0.18223600 0.34592000 -0.12564699
0.06469120 -0.02555680 -0.10011600
0.13143601 -0.02555680 -0.00718410
0.21375400 -0.23728900 -0.16049300
-0.14401101 0.16230901 -0.10455800
0.20913801 -0.02555680 -0.12787400
0.07357900 -0.01065340 -0.10932400
-0.12922400 -0.13845401 0.10660800
-0.14195400 -0.07035150 0.06277110
0.00002549 -0.01309510 -0.17890500
0.02594990 -0.01065340 0.12155600
-0.14195400 0.06140350 -0.12020300
-0.16222300 0.26940399 -0.16766800
0.05849090 -0.01065340 -0.05634100
0.11051500 -0.01065340 0.15677901
-0.14195400 -0.03908670 -0.01746600
-0.10123100 -0.02555680 -0.09783850
-0.14360800 0.24585199 -0.16072300
0.08622800 -0.02555680 -0.06259110
-0.17348200 0.32783499 0.16833000
0.05567580 -0.02555680 -0.17265700
-0.06104880 -0.02555680 0.02321480
0.21300000 -0.01249980 0.17826800
-0.21499400 0.40067101 0.02012280
-0.06559360 -0.02555680 0.10909400
0.05974060 -0.01065340 -0.17224000
-0.19765700 0.34323201 0.07587170
-0.14195400 0.03796750 -0.15232299
-0.00835086 -0.02555680 -0.03902660
-0.14224701 0.24056099 -0.16271700
-0.01533450 -0.02555680 -0.13667899
-0.19129200 0.36280000 -0.02558130
0.11955800 -0.02555680 0.12127300
-0.12705000 -0.02332920 -0.03961880
-0.12705000 0.05218670 0.07623820
0.06479500 -0.02555680 0.14078000
0.14879499 -0.02555680 0.10072100
-0.12705000 0.10932200 0.10519200
-0.12705000 0.03884190 -0.13654600
-0.11995700 -0.01072610 0.02899450
-0.15121700 0.21256800 -0.16644301
0.16248199 -0.02555680 0.08993750
-0.12705000 -0.05378570 0.04349590
-0.17723399 0.32721201 -0.16766800
-0.03838930 -0.01164600 0.17714900
-0.21767800 0.40398499 0.01264990
-0.13874400 -0.11281100 0.17373200
-0.21598600 0.39930499 -0.17216100
-0.12705000 -0.04916820 0.08314260
-0.14203300 0.12220500 0.07034640
-0.12705000 0.05537630 -0.15120199
0.22701800 -0.02376030 0.14589600
-0.12705000 -0.07107200 0.10438600
0.02203580 -0.02555680 0.12516101
-0.15433000 0.22672699 -0.10912600
-0.14232300 0.13360500 -0.13208400
-0.12705000 0.10502900 0.15700200
-0.14195400 -0.12838501 -0.03090110
-0.12817600 0.15062000 0.03704050
0.10698000 -0.02683660 0.17175999
-0.14994000 0.26784700 -0.00353254
-0.12705000 -0.00242750 -0.10666000
-0.07398020 -0.04027930 0.16629200
-0.12983701 -0.07531360 -0.16766800
-0.08455800 -0.01065340 0.03833810
-0.12705000 0.09532580 -0.15709101
-0.12705000 0.02717410 0.01854790
-0.19405100 0.36747801 0.06692750
-0.12705000 -0.13637200 0.02067270
-0.08032540 -0.01065340 -0.00083281
-0.02918300 -0.02555680 0.04189820
-0.12705000 -0.00601443 0.10838700
-0.14195400 0.00202851 0.06936740
-0.14195400 0.05118240 -0.11270700
-0.14195400 0.09337000 0.13907801
0.02101940 -0.02555680 -0.12455600
0.13040601 -0.01065340 0.12034900
-0.12896299 0.16092600 0.09071670
-0.08722070 -0.01065340 0.02821020
-0.12677599 -0.01871990 0.16691600
-0.13796701 -0.02092670 -0.16766800
-0.14653400 0.18427700 -0.02414610
-0.13401800 -0.13845401 0.09172670
-0.12855300 0.15560700 -0.13066000
-0.17467800 0.33063799 0.07038440
0.06143730 -0.02555680 -0.09092550
-0.13808399 0.05881280 -0.17418200
0.22171199 -0.30064401 -0.16946700
-0.14195400 0.08474530 0.03025000
-0.18909299 0.32632801 0.06209540
0.16969299 -0.02555680 -0.14178100
-0.02469380 -0.02555680 -0.11355500
-0.12705000 0.10253300 0.10499900
-0.13764600 0.22074801 -0.02788230
-0.12705000 0.05400990 0.06084450
-0.14195400 -0.08192550 -0.11998500
-0.15959400 0.27433699 0.16766800
-0.14529601 0.21117000 0.17487800
0.20911500 -0.27617699 0.16940799
-0.20009901 0.34790200 -0.10559700
0.08023240 -0.02555680 0.02597970
-0.12705000 0.06759650 -0.05243390
0.21617800 -0.12998000 0.16027500
-0.12705000 0.08025810 0.01661410
-0.12145700 -0.10675200 0.16046099
-0.19916300 0.37614700 0.15469199
-0.21682300 0.40316501 0.11280600
-0.14195400 -0.01618480 -0.01435610
-0.12705000 -0.07972950 -0.04826420
-0.22032800 0.38172901 -0.08412290
-0.12705000 -0.07038540 0.11113500
0.13289900 -0.02555680 -0.03796130
-0.14195400 -0.00183718 0.13782901
0.16692600 -0.02555680 -0.03740900
0.00472071 -0.01065340 -0.08267700
-0.13481000 0.20551699 -0.05124910
0.05181570 -0.02555680 0.01553830
-0.08159190 -0.02555680 -0.11347200
0.17695799 -0.01065340 -0.08921180
0.14081900 -0.03054120 -0.16069300
-0.12705000 -0.10003600 -0.09623510
-0.16067100 0.29804501 0.03744500
0.22950800 -0.01959390 -0.01724560
-0.12705000 -0.07534910 0.01398930
-0.12705000 -0.07074660 -0.06431690
0.22891800 -0.01489420 -0.10219600
0.08471900 -0.01065340 -0.14032800
0.22171500 -0.31189501 -0.16776399
-0.12705000 -0.04945170 0.01739390
-0.13310900 0.19604900 -0.14756399
-0.18676500 0.32127500 -0.13252300
0.17717800 -0.01065340 0.10579100
-0.13220100 0.18969101 -0.14021200
0.12488000 -0.01065340 0.12287000
-0.14195400 0.04439900 0.11430300
-0.00958098 -0.03400110 0.16034700
-0.12705000 -0.04846210 -0.08968010
-0.14195400 -0.01231240 0.07670380
-0.11867900 -0.31131300 0.16178600
0.17860401 -0.01065340 -0.01817640
-0.14195400 -0.10616300 -0.12366400
0.21558900 -0.08684420 -0.17510000
0.19847800 -0.02555680 -0.16382000
-0.15293901 0.22074300 -0.10518800
-0.12705000 -0.10231500 0.05260220
0.22612500 -0.01176470 0.08491810
-0.19133499 0.33115101 0.07060880
-0.12705000 -0.13466600 0.05448640
-0.12705000 0.05145960 -0.13802500
0.05583550 -0.01065340 -0.03944850
-0.14195400 -0.04408170 -0.00593289
-0.12705000 0.09976480 0.07729770
-0.16078600 0.25168499 -0.08894160
0.11892800 -0.01065340 0.04309310
-0.21326500 0.37073401 -0.15896000
-0.06734660 -0.01065340 -0.00297081
-0.14195400 0.10637800 -0.09948380
0.11761900 -0.02555680 0.00605815
-0.12705000 -0.07219400 0.15615501
-0.14616799 0.18140800 -0.06360040
-0.12705000 0.06389660 -0.13231800
-0.12705000 -0.01105400 -0.15585600
-0.07436080 -0.01065340 -0.14347599
-0.18342599 0.34818900 -0.05580580
-0.15531600 0.28354901 0.14839900
0.20868599 -0.26168501 0.16652299
-0.11082100 -0.01065340 0.14121300
0.18563300 -0.01905190 0.18076400
0.22277400 -0.16737001 -0.16998699
-0.17165001 0.32405999 0.07037430
-0.14434600 0.16670300 -0.06849130
0.01638190 -0.01065340 0.12690300
-0.13819100 -0.14492500 -0.00260758
0.21232100 -0.14742200 0.16108701
-0.18952300 0.32725701 0.13373300
-0.14195400 -0.12670501 0.08705060
0.08193250 -0.02109940 -0.18019301
-0.12705000 -0.08757480 -0.04492360
-0.12705000 -0.07685150 0.05466810
-0.16116400 0.29927799 0.16099399
-0.10622800 -0.02884870 -0.17378899
-0.14454301 0.16867000 0.04754940
-0.10970600 -0.01065340 -0.12682199
-0.16168199 0.25481001 0.16522400
-0.14195400 -0.03858230 -0.11726200
0.22666000 -0.01217540 -0.13503100
-0.14195400 -0.09682250 0.01040070
-0.15824801 0.24282800 -0.08553270
-0.11261800 -0.05956520 -0.16521300
-0.14195400 -0.00996911 0.05692200
-0.11159000 -0.02555680 -0.14807700
-0.14040600 0.23264299 -0.13113600
-0.15574899 0.23282801 0.06919510
0.20833400 -0.17829899 -0.16803300
0.15246400 -0.01065340 0.09384690
0.09567520 -0.01065340 0.11235600
0.09919070 -0.02555680 -0.14138800
-0.17043300 0.32141700 0.01724870
-0.12705000 -0.07825140 -0.09918630
0.03549820 -0.01065340 0.14554000
0.04601530 -0.01065340 0.14118101
-0.16949400 0.27896699 -0.04950330
0.09307030 -0.02731630 -0.16295099
-0.12705000 0.01053670 -0.10725700
-0.14195400 0.00987495 0.10640800
0.13794801 -0.02555680 -0.08184640
-0.18740800 0.35578701 0.00799018
0.22946000 -0.01625450 -0.04410660
-0.12705000 0.10950100 -0.05984250
-0.13495900 0.20635000 -0.08628000
-0.16980299 0.32004800 0.00756066
-0.13133700 -0.08956900 0.16766800
0.07134300 -0.01065340 0.15598400
-0.16003200 0.29644799 0.11981700
0.05971170 -0.02555680 0.14079900
-0.16753501 0.27324399 0.03450330
-0.13196000 -0.13845401 -0.13765500
-0.18417300 0.31563500 -0.00877940
-0.14195400 -0.00925982 0.04424870
-0.10965400 -0.02555680 -0.02542200
-0.08402840 -0.01065340 -0.11240300
-0.20095301 0.34953099 0.05396590
-0.20799100 0.36180300 -0.11196300
-0.15359201 0.22354200 -0.02655580
-0.12993801 0.17191400 0.04013250
-0.15505700 0.28280500 0.00405297
0.03511170 -0.02555680 0.16654301
-0.12705000 0.07427480 0.03658660
-0.12668601 -0.01680710 0.04245720
-0.12705000 0.07269590 -0.06991670
-0.01512170 -0.01065340 0.14556099
-0.12707300 -0.13037300 -0.16784200
0.22069700 -0.11535700 -0.17317601
-0.07856090 -0.02568550 -0.16864499
-0.00386408 -0.03075450 0.17473100
-0.12705000 -0.01494600 0.06690400
-0.17770299 0.33721900 -0.08207580
-0.15247200 0.21872599 -0.07996350
-0.14195400 -0.10436400 0.13234501
-0.14195400 0.11153800 0.00335503
0.11320900 -0.01065340 0.08808010
-0.15277100 0.22000900 -0.07164950
-0.14195400 -0.00087128 -0.06562980
0.03960280 -0.02555680 0.14527200
-0.20423099 0.38437200 0.07748590
0.13276701 -0.02555680 -0.04326680
0.19006699 -0.01065340 -0.11276300
-0.14195400 0.09537810 0.16625600
-0.20512700 0.35695300 -0.15994200
-0.11894100 -0.02555680 0.07379370
-0.12612800 -0.02117970 0.15244301
0.20000300 -0.01065340 0.00946727
-0.06666260 -0.01140500 0.17656700
-0.19505499 0.36918199 0.02822810
-0.02281710 -0.02555680 -0.10941200
-0.18537900 0.32302400 -0.16766800
-0.14195400 -0.00474241 -0.00707892
-0.06193080 -0.02555680 -0.01012460
-0.10059500 -0.01065340 -0.10805100
-0.14215000 0.12681800 0.14110400
0.02393390 -0.02555680 0.14987800
-0.12705000 -0.00326899 0.01226440
-0.14225800 0.13104300 0.07769310
0.00614425 -0.03066970 -0.17469600
-0.15599599 0.23389000 -0.07780670
-0.13412000 -0.13845401 0.14250501
-0.14992499 0.22834501 0.17451400
-0.16247500 0.30255300 0.01954120
0.06205450 -0.01065340 -0.11718200
-0.18548600 0.31849900 -0.02990630
0.21807100 -0.11324300 -0.16063800
-0.17545500 0.29488900 0.02896320
-0.00869351 -0.01065340 -0.08891540
-0.19290900 0.33415899 -0.01535750
-0.03079600 -0.02555680 0.12652101
-0.14195400 -0.02977480 -0.10565100
0.00438047 -0.01065340 0.00554948
-0.12705000 -0.11433200 -0.08396050
0.16801099 -0.02555680 0.13697200
-0.07487200 -0.02555680 0.02827800
-0.14195400 -0.11754400 -0.00420443
-0.14195400 -0.11915800 -0.09225520
0.05995370 -0.01164690 0.17715099
-0.14195400 0.05745400 0.10044500
0.20255899 -0.01065340 0.06040960
0.15461500 -0.02555680 -0.11495200
0.14445101 -0.02555680 0.05736670
-0.13802101 0.22235900 0.01676860
-0.06130840 -0.01065340 0.11357400
-0.07061660 -0.02555680 -0.15694800
-0.15289000 0.22052300 0.07580280
0.15351699 -0.03586380 -0.16085400
-0.13722900 0.21895200 -0.07249420
-0.19381499 0.36707801 0.04998000
-0.16667999 0.31307200 -0.07047410
-0.14195400 0.03970500 -0.03889700
-0.13382301 0.19999699 -0.06789610
-0.14195400 -0.00533137 -0.14787100
-0.14116099 0.23587801 0.03810880
-0.12705000 -0.02107990 -0.02854780
0.14638600 -0.02193350 -0.17981200
-0.14321300 0.15184800 -0.15855600
0.05671200 -0.01065340 -0.03063430
0.19035600 -0.02555680 -0.05098250
-0.14960501 0.26675501 0.00262473
0.07470180 -0.02555680 -0.16368701
-0.04395080 -0.01065340 0.06218260
0.09720850 -0.01065340 -0.12609500
-0.14195400 -0.05240340 -0.01132280
0.10761100 -0.02555680 0.11690300
-0.12712400 0.12217700 0.16617800
-0.16182899 0.25532499 -0.10892600
-0.12145600 -0.33349499 0.17276600
-0.11221600 -0.11130800 -0.16819499
-0.11363100 -0.30087599 -0.16586800
-0.19101200 0.36232600 -0.05900790
-0.09278680 -0.01065340 -0.15017000
-0.14195400 -0.03569670 -0.11089100
-0.11229300 -0.10479000 0.16878100
-0.15799899 0.27224401 -0.17495599
0.06867140 -0.01065340 -0.14430401
0.22054701 -0.14038301 0.17329200
0.06150520 -0.02555680 -0.08099820
0.20907500 -0.27581701 -0.16616800
-0.10059300 -0.02773950 -0.17293701
0.11999100 -0.02538180 -0.17476700
-0.21336199 0.37089801 -0.06332710
-0.14195400 0.06387300 0.04656420
0.17071700 -0.01132650 -0.17637700
0.18862300 -0.01065340 -0.08671420
-0.14195400 0.01286790 0.16131400
-0.09295010 -0.01065340 0.04726610
0.10451100 -0.02890470 0.16150500
0.21985801 -0.05559740 -0.16151699
0.21001901 -0.05386140 0.17235100
-0.11427600 -0.33630201 0.16825899
0.05140140 -0.02555680 -0.13810900
-0.19498000 0.33811700 -0.01808570
-0.20295601 0.38244200 -0.00580993
-0.17529801 0.29449600 0.03273830
0.22305900 -0.23912901 -0.16667300
-0.11764700 -0.10194100 -0.16047899
-0.12705000 -0.07511100 -0.03152060
-0.02733930 -0.03759700 0.16187599
-0.12241600 -0.31614900 0.17281801
-0.17825601 0.33829001 0.02686950
-0.02504900 -0.01065340 0.06271490
-0.12738900 0.13254701 -0.01408080
0.07491990 -0.01065340 -0.05729300
0.12009700 -0.01065340 -0.08460140
-0.14195400 0.09092430 0.08895350
-0.00116516 -0.01065340 -0.15030000
0.21581399 -0.06726040 0.17511000
-0.12705000 -0.04774250 -0.01526570
0.04592060 -0.02555680 -0.14108400
-0.12829100 0.15212300 0.05426260
-0.17841600 0.33859599 0.07470630
-0.14035501 -0.00004954 -0.16766800
-0.14195400 -0.13069800 -0.08637810
0.07091020 -0.01065340 0.05560240
0.19336700 -0.02555680 0.15452000
-0.12705000 0.07480720 -0.15264601
0.12877800 -0.01065340 -0.13732500
-0.12705000 -0.13053800 -0.04100370
-0.13573200 0.21066099 -0.14050500
-0.11490000 -0.01065340 -0.09229370
0.04269140 -0.01065340 0.11450000
0.03592770 -0.02555680 0.11634100
-0.15646000 0.23588800 -0.16337299
-0.13965000 0.22936900 0.01498590
-0.15283200 0.22028600 -0.16142701
0.21321900 -0.12238500 0.17462100
-0.14195400 -0.01361990 -0.00141837
-0.14195400 -0.01435830 0.11556100
-0.12465400 -0.07487580 -0.16223601
-0.13374400 -0.02383670 -0.16766800
-0.14402200 0.24726699 0.03841860
-0.12705000 -0.03890090 0.07951560
-0.15139601 0.21356800 -0.01921750
0.10541500 -0.02555680 -0.02031690
0.13860400 -0.01065340 0.01379640
-0.20524999 0.38591599 -0.09288320
-0.12705000 0.04177390 0.14597200
-0.12705000 -0.04896310 0.10249200
0.19685499 -0.02555680 -0.17208201
-0.18747900 0.32282501 0.04449650
0.20668100 -0.02555680 0.10606600
-0.12705000 -0.08485000 0.14507499
-0.12705000 0.00732885 0.10349600
-0.17312901 0.28909099 -0.15015300
-0.15508901 0.24729501 0.16766800
-0.17241900 0.30151501 -0.16766800
-0.11652900 -0.01065340 0.06756800
-0.22111499 0.40549299 -0.04781830
-0.14637400 0.25547200 0.02366680
-0.12705000 0.07687730 0.10047700
0.15054899 -0.01065340 0.00311257
-0.11177000 -0.02555680 0.00395605
0.16842900 -0.01065340 -0.02967370
-0.22552000 0.38957900 -0.03791270
-0.05072100 -0.02555680 -0.04709960
0.11595500 -0.02555680 0.09561370
-0.14195400 -0.00672555 -0.00542788
0.13960800 -0.01065340 0.01795660
-0.14468800 0.16980200 -0.06770090
-0.13611200 0.19261099 -0.16766800
-0.14195400 -0.03437090 -0.04851960
-0.22829300 0.40244299 0.01182700
-0.12860900 0.15629500 0.13133000
-0.17919999 0.34009400 -0.10619700
-0.15836599 0.29228500 0.15561700
-0.12709799 0.12114600 -0.11524700
-0.08960130 -0.01065340 0.10844800
-0.12705000 -0.08990970 -0.06249740
0.19117600 -0.02555680 -0.14554900
-0.14195199 -0.00060777 0.16768000
-0.22071600 0.40544799 0.02909400
0.21886000 -0.01065340 0.06211830
-0.12555200 -0.11305900 0.16329201
0.10791600 -0.01065340 0.01665940
-0.12705000 0.04852930 0.06988540
-0.07283560 -0.02555680 0.16467200
-0.12705000 -0.11391600 -0.15102200
-0.12705000 -0.07136960 -0.11711100
-0.21230200 0.39659500 -0.12639700
-0.12678300 -0.01754570 0.15590800
-0.13864700 0.22505200 -0.06744480
-0.14312500 0.15068400 0.05513260
0.17867500 -0.03899030 0.16332699
0.08130340 -0.02555680 -0.13016900
0.17565800 -0.01065340 0.02466240
-0.17831600 0.33840501 -0.07106230
-0.14792900 0.19426100 -0.14857800
0.15084200 -0.02555680 -0.03263880
-0.14195400 -0.02655050 0.14420401
0.18903500 -0.03995980 0.17019300
-0.16611201 0.26908699 -0.02097030
-0.07820170 -0.02555680 0.02057100
-0.15342200 0.22281300 0.13525200
0.11707100 -0.02555680 -0.09858130
-0.03694660 -0.02555680 0.14463399
-0.13040300 0.17556199 0.08413540
0.05463090 -0.01065340 -0.03506130
-0.14195400 -0.10277100 0.05854030
-0.12705000 0.03254170 -0.04940430
0.22244200 -0.02553180 -0.08879380
-0.12705000 0.05758740 -0.05034480
0.15783900 -0.03582310 0.17450000
-0.04838770 -0.01065340 0.08308490
0.10616800 -0.01065340 -0.09038120
-0.22850300 0.39410099 0.10000500
-0.12771100 0.14452501 -0.13197000
-0.01809730 -0.02555680 -0.06856700
-0.13533300 -0.13845401 0.15967201
0.11769300 -0.02555680 -0.01976470
0.19845100 -0.01065340 0.17303400
-0.03867930 -0.02537390 0.17482799
0.18344501 -0.02555680 0.03057400
-0.12705000 0.04105520 -0.13798700
-0.12705000 -0.10843600 0.07345200
-0.05812880 -0.01065340 0.14021300
-0.14195400 -0.00934021 0.00626552
0.05465330 -0.02555680 0.02501320
-0.12855500 0.15561900 -0.04995070
-0.12705000 -0.12155000 0.10743100
0.02321080 -0.03089240 -0.17478800
-0.14195400 0.10434200 0.11510400
-0.12686400 -0.05251780 0.16625300
0.12690300 -0.02626180 -0.16465200
-0.22413599 0.38748601 -0.04036930
-0.15901101 0.29389700 -0.06721490
-0.14195400 -0.06197360 -0.00288362
0.21068799 -0.28009799 0.17209300
-0.17308100 0.32716799 0.08853970
-0.12510701 -0.01339980 0.08487790
-0.16725600 0.28197399 -0.16766800
-0.12156400 -0.01100280 0.09932070
0.00641607 -0.02497210 -0.17616400
-0.18649700 0.32068399 0.07726900
-0.12930700 0.16543600 0.13671900
-0.14743599 0.25917500 0.11992200
-0.13254100 0.08869870 -0.16766800
-0.03707230 -0.01065340 0.10116900
-0.12705000 0.07553510 -0.08217050
-0.11116700 -0.02555680 -0.04077700
0.05052930 -0.03869720 0.17239200
0.20083600 -0.02555680 -0.08322320
0.09530660 -0.01065340 0.14505100
-0.13678899 -0.14550300 -0.15983599
-0.22954200 0.39972800 0.13965000
-0.13225700 -0.05384360 -0.17473499
-0.12705000 -0.05739410 0.13578700
-0.15191400 0.27363700 -0.08570010
-0.12705000 0.01909700 0.16396400
0.15963601 -0.02555680 0.16338700
-0.13539800 -0.14579099 -0.00922067
-0.14195400 -0.04331370 -0.14028600
-0.15007000 0.20618300 -0.04290680
-0.13917699 0.22733100 0.01602340
0.09171150 -0.02555680 -0.15175900
-0.12705000 0.10307900 -0.05388380
-0.13249899 -0.14562500 0.13687199
0.15231600 -0.01065340 0.14740600
