0.07646387 -0.07100578 0.00747643
-0.21319057 -0.01559205 -0.00366426
0.10989346 -0.04313695 0.04033197
0.10419028 -0.01680360 0.00426710
0.17096853 -0.03261143 -0.02321945
-0.31078282 -0.02096466 0.09952669
-0.04491240 -0.04451859 -0.02760824
-0.26564029 -0.01033024 0.00354397
0.06005892 -0.05297770 -0.05198065
-0.03252242 -0.04324712 -0.17350304
-0.32650182 -0.02183435 -0.04701032
-0.04204984 -0.04908701 -0.11323977
-0.26454881 -0.02847859 0.00986387
-0.19095370 -0.04281623 -0.02502321
0.24398127 -0.04569513 -0.02436868
0.14250794 -0.01564765 -0.01192635
0.12782186 -0.03616454 -0.03138613
-0.11436532 -0.04577318 -0.02615244
0.00186262 -0.04234244 -0.15657222
-0.01543419 -0.04365094 0.06315852
-0.10345729 -0.05312505 -0.02434621
0.01951552 -0.04982195 0.20764218
0.00168611 -0.05557920 -0.19586965
-0.09406336 -0.04616880 -0.02831005
-0.08085079 -0.04108041 -0.02023461
0.05983722 -0.05010038 0.08772053
-0.17777883 -0.06627453 0.01570919
-0.00019232 -0.04373764 0.07204268
0.16706416 -0.06476510 -0.02820276
0.18756723 -0.01966393 0.01670403
0.02957883 -0.01789922 0.00761057
-0.00252381 -0.04731252 0.13985316
-0.02578885 -0.04870734 0.14723085
0.02938452 -0.03695409 0.02307438
0.16477665 -0.02800139 -0.01790802
-0.04004907 -0.07226020 -0.00132777
-0.03627640 -0.01975028 -0.00828393
-0.03433629 -0.04549721 -0.20451647
-0.06204732 -0.04510646 -0.29074061
-0.32744202 -0.01969668 -0.03017302
-0.32642984 -0.02476475 -0.04184946
-0.00008100 -0.04282717 0.18811125
0.05917535 -0.05947879 -0.04507402
0.02400128 -0.04405753 -0.16928378
-0.00966221 -0.04863469 0.02491163
0.04901522 -0.05335576 -0.06676170
0.09366564 -0.04388277 0.02619769
-0.20771106 -0.04854216 0.02622371
-0.02357537 -0.04627854 0.17804739
0.34224811 -0.04426483 0.00728877
0.03210775 -0.07351238 -0.00634372
-0.04644343 -0.04256721 -0.17454167
-0.27671057 0.01943888 0.00138176
0.14514604 -0.04270751 -0.03431554
-0.01876320 -0.04590549 -0.27027547
-0.05591100 -0.05760755 0.04348718
0.10804211 -0.05556624 0.02000731
0.01195417 -0.04302240 0.06266899
-0.22665650 -0.01598932 -0.00340426
0.15727189 -0.02956019 0.02694318
-0.06997947 -0.04031905 0.32251120
-0.06959268 -0.03974378 -0.31176251
-0.28061619 -0.01450123 -0.00405443
-0.03085318 -0.05187738 0.08296268
0.18566817 -0.01523232 -0.00735625
-0.02935196 -0.04686613 0.09266430
0.08850574 -0.05689173 0.09844234
-0.31148997 0.07124048 0.00258196
-0.26430160 0.01314441 0.00272714
-0.28023860 0.01253437 -0.00213411
0.27598777 -0.06028729 -0.01682927
0.07822888 -0.04445894 -0.03088674
-0.22359556 -0.01051150 -0.00449884
-0.32736835 -0.01137361 0.00033200
-0.13580050 -0.01773302 0.00265971
-0.11183299 -0.06263649 0.02172391
-0.07330373 -0.04232641 -0.26295951
-0.00105449 -0.04452925 -0.02638296
0.15252934 -0.02968673 0.02159492
-0.05725413 -0.04502850 -0.31605279
-0.03506225 -0.06614561 -0.02110419
0.00192459 -0.05605118 -0.02839352
0.16617045 -0.06895263 -0.00968696
-0.00535483 -0.05140173 0.12660114
0.00387374 -0.04721539 0.16111673
0.24385403 -0.05928731 -0.01735809
-0.27892953 -0.01391118 -0.00865031
0.02306411 -0.04998678 0.02936603
0.01109951 -0.05899696 0.16916120
0.00972261 -0.04686565 0.17383608
-0.20339945 -0.02071640 0.01526512
-0.08897556 -0.02794798 0.02200668
0.00819230 -0.04891063 0.02518058
-0.24677457 -0.02437330 0.02917216
-0.01826594 -0.04411448 -0.26339713
-0.33200714 -0.02191462 0.08157565
0.17934491 -0.05272145 -0.02448399
0.05366976 -0.05063738 0.09087595
0.03831663 -0.04623078 0.12600809
0.04356874 -0.04708214 -0.11326155
-0.02476661 -0.01783428 -0.01499641
-0.03600641 -0.04348426 0.22858720
0.33010408 -0.04141077 -0.01287551
0.00412292 -0.05188143 0.08219411
0.10225377 -0.04420441 -0.03570627
-0.05756339 -0.04654443 0.09589972
0.03307085 -0.04704833 -0.02679455
0.04476244 -0.05682207 0.00490447
0.14744873 -0.07127893 -0.00874766
-0.00568095 -0.05068457 0.06224148
0.22307618 -0.06253625 0.01831164
-0.31974059 -0.02623316 -0.01708298
-0.09258907 -0.06646187 0.02424817
0.10933580 -0.04779790 -0.05018992
-0.00129063 -0.04942641 -0.19747184
-0.16909826 -0.06444633 0.01239144
-0.00734795 -0.04610423 -0.12160847
-0.04466217 -0.06464827 -0.02424917
-0.29680574 -0.01883043 -0.06120928
-0.04215139 -0.05796066 -0.03015693
-0.27116862 -0.02808353 -0.01302006
0.16143860 -0.03377600 0.02622290
-0.10984455 -0.02619862 -0.02018776
-0.07401960 -0.04641572 -0.27738839
0.23717186 -0.03629440 0.02401175
-0.31475630 -0.02236549 -0.09699865
-0.31527662 -0.02315682 0.05801978
-0.02842553 -0.04857929 0.22314073
-0.01228839 -0.05446424 0.08024763
-0.27076116 -0.01796331 0.01517922
-0.07099614 -0.04025250 -0.26392239
-0.06744518 -0.04190453 0.24118781
0.08801116 -0.05507546 0.05934293
-0.27866933 0.02373238 0.00380372
-0.29671219 -0.02812048 -0.02052634
-0.18454812 -0.01564215 0.00149061
0.00871949 -0.04914981 -0.11334277
-0.04033271 -0.03964765 -0.29967907
-0.31604826 -0.01345634 0.01300164
-0.32733297 -0.01936216 -0.04200322
0.03786755 -0.04814318 -0.12358872
0.34173268 -0.04784457 0.00515128
-0.12387310 -0.01071034 0.00224915
-0.03277838 -0.04017622 -0.11682632
-0.22322929 -0.04047706 0.02819255
-0.25153509 -0.03044610 0.02274532
0.02180586 -0.05294436 -0.18409662
-0.32726225 0.05422600 0.00143884
-0.07049193 -0.04263595 0.31493199
0.02460447 -0.04417361 -0.07916681
0.00884622 -0.05115347 -0.08611155
-0.00153763 -0.04188874 -0.16284397
-0.22434573 -0.02639146 -0.00727748
0.02966326 -0.07140238 0.01546888
-0.05115134 -0.06671102 0.01671924
-0.08670041 -0.04191399 0.32845521
-0.00375875 -0.04260632 0.16872497
-0.02268351 -0.01707573 0.00685108
0.04300136 -0.06574899 -0.02881140
0.18120325 -0.01842951 0.01503769
-0.04350771 -0.04186992 0.30087131
-0.30671227 -0.01751541 0.04947185
0.16649412 -0.07323481 0.01121485
0.00690610 -0.05444674 -0.21819198
-0.03408730 -0.04378555 0.24974628
0.08166482 -0.06602664 0.02235768
0.01244513 -0.03740343 -0.02421898
-0.13290459 -0.06031469 0.02103303
0.21113101 -0.01507501 0.00075528
0.03615944 -0.06419641 0.10303341
0.01680399 -0.06005411 0.17236769
-0.32227305 -0.02633307 -0.01486112
-0.31103170 -0.02339107 0.03179385
0.16623841 -0.05538785 -0.02557608
-0.03505762 -0.04067288 -0.23861107
-0.04165702 -0.02466992 -0.02574150
0.34213793 -0.04590076 -0.00385518
-0.05091543 -0.04334944 0.20007575
0.01495243 -0.04574990 -0.15252906
0.01843593 -0.04398640 0.09857686
-0.00569671 -0.04521729 0.15113482
0.05256585 -0.04774262 -0.05184323
0.10488913 -0.04008971 -0.02845301
-0.22652397 -0.01752595 -0.00418068
-0.01964275 -0.04474875 -0.02753157
0.02556026 -0.02596729 0.02111100
-0.08147382 -0.04107349 -0.30544785
0.10076320 -0.04971066 -0.07893226
-0.04088280 -0.04674473 0.14605752
0.02466064 -0.04087594 -0.05346665
0.07495642 -0.05637489 -0.10719259
-0.03117658 -0.04722294 0.20673814
-0.21763602 -0.02502417 0.02484453
0.06529470 -0.04810598 0.09258264
0.00364171 -0.02933092 -0.02290231
-0.00833151 -0.04932040 -0.05451318
-0.29516903 -0.04330653 -0.00703399
-0.05102238 -0.04747059 -0.02766083
-0.03938875 -0.04734120 0.16549575
-0.04670435 -0.04171536 -0.18057546
-0.04043461 -0.04038025 0.21928096
0.19018432 -0.07279295 -0.01017706
0.04860300 -0.01906269 -0.01496581
-0.19416083 -0.05623546 -0.02381334
-0.32500827 0.05791395 0.00380955
-0.24753854 -0.03481283 -0.02549217
0.01509560 -0.04812306 0.14716400
0.04625416 -0.04646823 0.08113034
0.07538105 -0.04931866 0.09549242
-0.04829183 -0.04533539 -0.05080368
0.04971910 -0.03713224 0.02516650
0.02799202 -0.04758688 0.09114260
-0.04334731 -0.04602769 -0.04911389
0.09658625 -0.05199770 -0.07841530
-0.00336697 -0.01453335 -0.00088034
-0.03354768 -0.04327356 -0.29958764
-0.15892603 -0.01846487 -0.00091024
-0.01701912 -0.04464843 -0.26227054
-0.01918211 -0.01902994 -0.01003123
0.11256918 -0.05603893 -0.02579555
0.10906529 -0.06407224 0.01833645
-0.13999015 -0.01514808 -0.00084750
0.05807929 -0.04971802 0.09597422
0.06554020 -0.01804038 -0.00944303
0.22831005 -0.01657183 0.01414022
-0.05693289 -0.01956481 0.01674262
0.01529012 -0.04842904 -0.11653484
-0.13306171 -0.07058136 0.00911160
-0.02132023 -0.05985295 0.21250600
-0.27368286 0.01170560 0.00226706
-0.01373400 -0.04590853 -0.18652935
0.07242903 -0.01728499 0.01345878
0.22654361 -0.03989766 -0.02371656
-0.23795789 -0.03788855 0.02357511
0.02321973 -0.04886532 0.06879171
-0.03995175 -0.04389274 -0.20304585
0.25732854 -0.06518699 -0.01232873
0.34821415 -0.05417489 0.01077459
-0.02584075 -0.05060328 -0.10309593
-0.10402022 -0.04289524 0.02800616
-0.31738910 -0.02752657 -0.00890053
-0.30043408 0.03668632 0.00152814
-0.31539524 0.04160273 0.00203294
-0.02296108 -0.04488913 0.17528822
-0.06394083 -0.03906589 -0.32359648
0.00153287 -0.04092854 0.02849655
0.07332178 -0.01961729 -0.01446947
-0.32751232 -0.02195388 -0.06325446
-0.09120373 -0.06279264 -0.02059303
0.25421900 -0.04427210 0.02650016
0.10945094 -0.05743007 0.04334958
-0.00273622 -0.04208151 -0.15777418
-0.02784556 -0.04029839 -0.14005278
-0.10464681 -0.04071389 -0.02952296
-0.04091069 -0.04048129 0.30721378
0.18258415 -0.02033086 -0.01440117
0.23367463 -0.01792954 -0.00932204
-0.01136758 -0.05104760 -0.25295648
0.19807729 -0.05919820 0.02396257
-0.02652150 -0.04724108 -0.22428322
-0.10456026 -0.02482647 0.00973876
0.01150043 -0.04837915 0.02509671
-0.29308131 -0.02609668 0.03207806
0.00518704 -0.04596241 -0.16429925
-0.00329779 -0.04371778 -0.21637249
-0.27041811 -0.02262981 -0.02086593
-0.06952391 -0.04033355 -0.25226545
0.01588546 -0.04708645 -0.13732594
0.12919146 -0.03958204 -0.02331421
0.01785912 -0.07748435 -0.01683134
-0.01991421 -0.04355008 -0.27945259
-0.29691556 -0.02549309 0.02160370
0.01360520 -0.05401075 0.07012245
0.27183697 -0.06956078 -0.00090702
0.31356683 -0.04652641 -0.01476684
-0.04159238 -0.04884650 0.13468532
-0.07090715 -0.04117330 0.31176618
-0.14841297 -0.05601612 0.02211723
-0.07120217 -0.04142221 -0.25919560
-0.07582289 -0.04050386 0.27785358
-0.08818405 -0.01454397 0.00801577
-0.24133024 -0.05668914 -0.00801898
-0.06610435 -0.04055067 -0.32214582
-0.02130338 -0.04969336 0.25972107
0.10490168 -0.05659965 -0.02555446
0.30416730 -0.02472118 0.00693353
-0.09249865 -0.02543671 -0.02732992
-0.30046755 0.03570122 0.00275517
-0.07702593 -0.03740381 -0.34563857
0.00335374 -0.04151305 -0.03851672
-0.00249530 -0.04873735 0.06698158
0.07276206 -0.04268861 -0.01917126
0.00478469 -0.05109258 0.11278073
-0.00469711 -0.04903538 0.09205630
0.30643412 -0.06631643 0.01441306
-0.04896580 -0.04578154 -0.17980103
0.24382615 -0.05857089 0.01912086
-0.29277715 0.04150370 0.00032227
0.03907566 -0.03631006 0.02487616
0.00432494 -0.05044911 -0.20843300
0.02005554 -0.06316832 0.11860082
0.02256768 -0.05212570 0.19319528
0.14290698 -0.06453012 0.02055131
0.03947271 -0.04558539 0.08516903
0.06981149 -0.07240798 0.00813921
-0.30446759 0.01998111 0.00190116
-0.06206138 -0.04745113 -0.29340658
0.24195051 -0.06599933 -0.00992952
0.07556974 -0.07137346 0.00470178
0.03288820 -0.05141552 -0.10048538
-0.28817055 0.03078255 0.00443102
-0.00568938 -0.04884834 -0.12205485
-0.25143400 -0.03395233 -0.02578954
-0.06643214 -0.03718420 0.33386385
-0.16787419 -0.03570899 0.02570015
0.00644881 -0.07286932 0.01966981
0.10240063 -0.06552693 0.03617138
0.16410862 -0.04161973 -0.02472298
0.02129889 -0.04334230 -0.18985434
0.02412589 -0.04669224 0.18678980
-0.03949536 -0.04909477 0.24056657
0.13567567 -0.06123554 -0.02209746
0.34458864 -0.03578265 0.00848979
-0.01414840 -0.03204751 0.02259689
0.15360573 -0.02815720 0.02147855
-0.00974575 -0.03660213 -0.12553906
0.19496961 -0.01688216 0.01375157
0.12914851 -0.04893747 0.02913163
-0.22573441 -0.04133057 -0.02179005
-0.29241163 0.04733801 0.00374890
0.15410548 -0.01458137 -0.01192633
0.06085719 -0.01935818 -0.01571679
0.20753002 -0.03659103 0.02344012
-0.04823744 -0.01823497 -0.01316323
0.03335376 -0.04339318 0.06840318
-0.01646859 -0.04481859 -0.19014454
-0.32868975 -0.01581088 0.07392067
-0.00017617 -0.04265330 -0.16962901
-0.14858241 -0.06569096 0.00626733
-0.00105507 -0.05310765 -0.01614806
-0.05315394 -0.03972641 0.29852289
0.07253973 -0.05234219 0.03085910
0.08439529 -0.05095781 -0.01395642
-0.04748569 -0.04183745 -0.20370547
0.02026730 -0.07048827 -0.01270181
0.03598287 -0.04234368 -0.09780097
0.04337604 -0.03181915 -0.02169889
-0.27982685 -0.04443477 0.01919420
-0.03929535 -0.03368952 0.02660020
-0.04708308 -0.04466475 0.21233766
-0.02053313 -0.04731980 0.09495237
0.11073984 -0.07130502 -0.01903173
0.23756129 -0.04101850 0.02635588
-0.06372056 -0.04523072 0.20539984
0.32080185 -0.02833509 0.01388462
-0.11913364 -0.04459374 -0.02628757
0.28499413 -0.05556732 -0.01224187
-0.02401245 -0.05136056 0.11517208
0.01886677 -0.06529415 0.01968786
-0.05953984 -0.04492109 -0.21501869
0.21677120 -0.01605964 0.00511817
0.10936312 -0.04908382 -0.05133514
0.01922530 -0.05002500 -0.20122796
0.27000502 -0.05427414 0.02224238
0.05383778 -0.01896759 -0.01793546
0.11760107 -0.04772760 -0.04796082
-0.05162401 -0.03938382 -0.27192384
-0.18330902 -0.04324007 -0.02536235
0.00411163 -0.04538600 -0.16904561
-0.30200663 -0.02462007 0.04864593
0.16854599 -0.02102337 0.01652858
-0.01372536 -0.04768943 0.15603516
0.00217158 -0.05147045 0.03760663
-0.07310759 -0.04356587 0.23121229
0.03953548 -0.06131861 -0.04515369
0.05874275 -0.04810721 0.02329651
0.11082240 -0.05430492 0.03357267
-0.05419554 -0.04235568 0.25864041
-0.05875180 -0.04279465 0.27225938
0.15785021 -0.07129651 -0.00811600
-0.08829288 -0.02797286 0.02201973
-0.34289443 -0.02784354 0.00353378
-0.33190408 -0.03553445 -0.00199209
0.03374252 -0.05764213 -0.04590063
-0.11393778 -0.04379455 0.02483690
-0.27651432 0.00164144 0.00013476
-0.22991630 -0.03480094 -0.02209746
0.14392084 -0.01336949 0.00807180
-0.00771729 -0.04933297 0.23803046
0.27063522 -0.06495882 -0.00971739
-0.05072751 -0.04772180 0.15127474
-0.02392718 -0.07534371 0.00236184
-0.03155063 -0.04128888 0.24275400
0.07679684 -0.06374079 -0.03358054
0.10335159 -0.05471090 0.05955600
-0.05259747 -0.03905465 -0.28161654
0.03195715 -0.05627788 -0.09346098
0.13480230 -0.04524658 0.05181281
0.04861493 -0.04752542 0.11422616
0.02846697 -0.05204295 0.09495044
-0.02574337 -0.04368229 -0.20523202
-0.03779823 -0.04632290 -0.28074324
-0.06036770 -0.03763746 -0.29475614
-0.01375859 -0.04239946 -0.22563349
-0.04275959 -0.01559259 -0.00834801
-0.01159787 -0.04684300 -0.12475225
0.01300467 -0.04428885 0.06529569
0.04866510 -0.01473850 -0.00260483
0.15878674 -0.01540037 0.01338822
-0.25498208 -0.03410695 -0.02239915
-0.28637150 -0.01140588 0.00919576
0.24609146 -0.03167033 0.02376761
0.01228566 -0.04915234 0.11180057
-0.00308889 -0.04981384 -0.12302825
0.03526417 -0.06103505 -0.08679140
-0.02593998 -0.04827730 0.15545875
0.25413206 -0.06263316 -0.01667830
0.07246215 -0.06401593 -0.02873972
0.04105786 -0.07326684 0.01210324
0.08182032 -0.03766971 -0.02704661
0.21983512 -0.05359298 0.02593530
0.06902869 -0.04353786 -0.03110318
-0.03818372 -0.05868657 0.03489871
0.09102398 -0.06921298 -0.01402499
0.06396008 -0.04543934 -0.05024088
0.05690912 -0.02965505 0.02151837
-0.17065032 -0.05859466 0.02751928
-0.22083621 -0.06180527 0.01212793
0.06859335 -0.03647672 0.02522459
-0.17441446 -0.02409923 -0.01857814
0.19127709 -0.06574069 0.01806934
0.00216060 -0.04778246 0.23398410
0.02514403 -0.04190046 -0.15114665
0.18264012 -0.07084125 0.01461005
-0.30965784 0.05028107 0.00270014
0.18414380 -0.01505117 0.01376934
-0.27463394 0.01386027 0.00558085
-0.05562565 -0.05883036 0.03457914
0.01294784 -0.05556604 0.01795404
-0.13548759 -0.04358500 0.02648670
0.13304809 -0.01336105 0.00697577
-0.31904951 -0.02843749 0.03137833
0.18804458 -0.07146877 -0.01068617
0.29589289 -0.05386467 0.02179220
-0.00946659 -0.04904397 0.10244551
-0.20098662 -0.01554900 -0.01177161
-0.13191341 -0.06166281 -0.01885254
0.00115057 -0.03254396 -0.02135407
-0.30323723 0.06325465 0.00183610
-0.24737427 -0.02480840 -0.00810693
-0.02324807 -0.04464056 -0.18353289
0.23950647 -0.03558356 0.02449793
0.01624477 -0.07380105 -0.00682632
0.01380265 -0.04980698 -0.20131458
0.06131607 -0.07035378 0.01604962
0.21417394 -0.06241621 -0.01845060
0.01126031 -0.04783662 0.15705670
0.02145783 -0.04411819 0.06271637
0.09017635 -0.06674173 0.02700243
0.30913025 -0.06423853 0.01434597
-0.21971707 -0.05821189 -0.00777338
0.09774371 -0.06667394 0.02729020
-0.14143802 -0.05548617 0.02734352
0.03831393 -0.04862978 0.06771073
0.08510030 -0.01982116 -0.00890925
-0.01828966 -0.04446295 0.21175653
0.19632362 -0.04829324 -0.02435231
0.09362521 -0.05152403 -0.07656939
0.17043915 -0.02845317 -0.01769958
0.29479700 -0.02736939 0.01976181
0.08518656 -0.06488090 -0.02740074
-0.00292716 -0.04469562 0.19612563
-0.00928963 -0.04490127 0.20921899
0.04709369 -0.04908952 -0.14490351
-0.07873014 -0.04443356 0.18610486
-0.26947621 -0.02927575 -0.02093668
0.29431212 -0.03069143 0.01227454
-0.25143951 -0.01900494 0.01531187
-0.17386253 -0.01367449 0.00721011
-0.29876709 -0.01059562 0.00638179
-0.03109491 -0.04970353 -0.12448215
-0.00360731 -0.04191914 -0.02855074
-0.03638123 -0.02063241 -0.01445525
0.02944653 -0.05108964 -0.07211973
0.02630002 -0.02933128 -0.02226242
-0.29381698 -0.04183663 0.01629802
-0.03648650 -0.05059332 0.22637010
-0.26491058 -0.02267937 0.05061290
-0.02935901 -0.04316524 0.23078944
0.27524561 -0.02183194 0.00734457
0.07666401 -0.05617436 0.01963495
0.00565698 -0.04246534 -0.18655480
-0.02712855 -0.04788668 -0.17504330
-0.07192954 -0.04209948 0.26356047
-0.05457145 -0.04411721 -0.24385209
0.01675791 -0.05395328 0.05978017
-0.04592863 -0.03993310 0.02849191
-0.07961570 -0.03309380 0.02437508
0.00845981 -0.04532429 0.13166624
-0.05147796 -0.01723403 -0.00410541
-0.03691189 -0.04969237 0.23173827
0.08723849 -0.04855132 -0.05778784
0.04660961 -0.04861439 0.03786195
0.08577678 -0.05194332 0.02433802
-0.08981018 -0.05076094 -0.02697361
0.10930146 -0.01487882 0.00672994
-0.23591404 -0.05784373 -0.00771027
0.01441342 -0.05394165 -0.04966502
0.00536450 -0.04879407 -0.07419272
0.13373168 -0.04098362 0.02429236
0.04198025 -0.03839795 0.05252419
0.23284757 -0.03096359 -0.02055812
-0.00600200 -0.01650593 0.00677981
-0.04491438 -0.04093206 0.27962703
-0.05504649 -0.04600949 -0.21872324
0.02872861 -0.04333619 -0.07206357
0.00390366 -0.02547131 -0.02113264
-0.02455676 -0.04415813 0.13831562
-0.04359891 -0.04159516 -0.11551276
0.15389088 -0.01302896 -0.00423656
-0.32818997 0.04750939 0.00063734
0.05909944 -0.06280438 0.04758036
-0.02837391 -0.03896452 -0.23756225
-0.02536417 -0.04836006 -0.15061830
0.03651368 -0.01617729 0.01089546
-0.02347676 -0.04626282 -0.06786473
0.08543263 -0.04863518 -0.04263613
-0.06715859 -0.04176936 0.25215182
0.07912278 -0.03881339 0.02613441
-0.01417245 -0.05116597 0.09136885
-0.06903977 -0.04294151 0.26790303
0.03380155 -0.05996199 0.01995811
-0.03666573 -0.04105539 0.20947193
-0.16201508 -0.01707621 0.00886920
-0.29805714 -0.02457833 0.08063892
0.07930040 -0.06489448 -0.02749280
-0.29975781 -0.03996215 0.01319138
0.00695313 -0.02780009 -0.02280273
0.32065028 -0.02122739 0.00587509
-0.21662956 -0.06355830 0.00778949
0.03061478 -0.06016459 0.16610269
0.15964863 -0.05066418 0.02987667
-0.05595148 -0.04781196 0.12857147
-0.03360777 -0.04638962 -0.14125963
0.19643298 -0.04655557 0.02707169
-0.05399029 -0.03850164 -0.31625146
-0.01972395 -0.02810595 0.02300542
-0.00468767 -0.04955651 -0.14085419
0.02999771 -0.06160020 -0.22226085
0.00775465 -0.04254851 0.15867846
0.11628374 -0.04083530 0.06545772
0.32268530 -0.04446896 0.01673503
-0.00505118 -0.04817901 -0.15776141
-0.20168205 -0.04356985 -0.01874999
0.00278550 -0.06171002 0.22727206
-0.01736449 -0.05103966 -0.22071096
0.10555036 -0.02172713 -0.01932455
-0.02851465 -0.04838504 0.23046653
0.13010550 -0.06769379 0.03675345
-0.09534820 -0.02134038 -0.01662381
0.09746811 -0.04022900 -0.02409932
0.02361874 -0.03940359 0.02511614
0.06501660 -0.04109813 -0.02964333
0.16042353 -0.02436627 0.01813648
-0.00109828 -0.04513508 -0.11100852
-0.25669420 -0.04526186 -0.02336342
0.03744435 -0.04308553 0.02908032
0.22289303 -0.06023708 -0.01938381
-0.20917793 -0.01327399 -0.00407481
-0.32176873 0.04087505 0.00107986
0.02520197 -0.02674072 0.02119795
0.04300991 -0.04742184 0.12273999
0.00149013 -0.05986464 -0.02944317
-0.01491892 -0.05074706 -0.10417059
-0.24013816 -0.03290953 -0.02818236
-0.33470830 0.06352092 0.00191679
-0.31704044 -0.02356406 -0.08216477
-0.25544611 -0.03234509 0.01468661
-0.27473694 -0.05324230 -0.01131971
-0.31575894 0.04025277 0.00282302
-0.25181547 -0.03797832 0.02782559
0.12332626 -0.05808631 0.04376704
-0.05182765 -0.04375310 0.22925231
-0.23228927 -0.02103670 -0.01825406
-0.00970352 -0.04997593 0.10493455
-0.33165258 -0.02208578 0.03400070
-0.32775360 -0.01544122 -0.07008041
0.31428885 -0.03860457 0.00975231
0.16110273 -0.02594924 0.01914403
-0.30703992 -0.01534978 0.01326435
0.15467528 -0.06351790 -0.01401183
0.04283420 -0.04565195 0.12631856
0.02870292 -0.04190326 0.07825809
-0.29991934 -0.02682747 0.05938366
0.02096611 -0.04682369 0.10324347
-0.07353225 -0.03979095 0.27857700
-0.08727320 -0.03986839 0.29857987
-0.24935770 -0.01721766 0.00107222
-0.01027213 -0.04313523 0.19293675
0.32761279 -0.03570842 0.01691855
-0.02664670 -0.07280464 -0.01034610
0.03311561 -0.04628705 0.12458386
-0.04543119 -0.04472280 -0.18339765
-0.02872658 -0.04230175 -0.13088666
-0.05056731 -0.04304202 -0.19981293
0.07675949 -0.01676704 0.01301963
-0.33778146 -0.03386896 -0.00580760
-0.11541761 -0.01511070 -0.00574055
-0.17858203 -0.02592135 0.01851621
-0.30882627 0.02405881 0.00563801
0.32513914 -0.06402038 0.00561717
-0.32054752 0.02482183 0.00554601
-0.03045514 -0.05139967 0.04258996
0.04440093 -0.05058635 -0.05835833
0.03068444 -0.05803733 0.06391718
0.04815574 -0.04893019 -0.12126464
0.02805269 -0.04733111 0.18228187
-0.30920440 0.00907658 0.00103946
0.28358495 -0.04518865 0.02580164
0.02242265 -0.04495253 0.11950201
0.00628043 -0.04699915 0.12161011
-0.05152261 -0.04377289 -0.28040758
0.30136511 -0.01608881 -0.00067974
-0.31462529 -0.04269774 -0.00009229
0.12006724 -0.04291994 -0.03520732
-0.01898772 -0.01422925 0.00262982
0.24221200 -0.03827358 -0.02348265
-0.01971499 -0.04912061 0.03042808
0.06217673 -0.07141928 -0.01112778
-0.21747456 -0.02623912 -0.00722629
-0.01794237 -0.04490934 -0.05091371
-0.05264807 -0.04742832 -0.07710652
0.26594040 -0.03969531 -0.02287808
0.31754220 -0.03175734 -0.00835552
-0.29013929 -0.02560791 0.00923203
0.06583817 -0.05514903 -0.03690001
0.00973942 -0.05640972 -0.24316494
-0.24391441 -0.01450269 0.00693533
0.00187439 -0.04930875 -0.21933240
0.13377912 -0.01564428 0.00981408
-0.01879657 -0.04914790 0.15053581
0.19549996 -0.07076423 -0.00447730
-0.17065616 -0.01570187 -0.00109543
-0.04780761 -0.04193025 0.27389991
0.21311681 -0.03313746 -0.02253117
0.27951378 -0.02128665 0.00841088
0.21788394 -0.03031202 -0.02258994
0.07263194 -0.02355499 0.02305490
-0.20847511 -0.02213517 0.01715980
0.07740583 -0.01781083 -0.00920694
0.23052579 -0.07031374 -0.00815215
-0.04946646 -0.04445324 -0.19162241
-0.30977786 0.07660909 0.00355871
-0.22533737 -0.04814829 0.01718275
-0.07584840 -0.04412400 0.02701521
0.07742904 -0.04985658 -0.08039159
-0.04726713 -0.04795366 0.03933154
0.04833514 -0.04780428 -0.08231619
-0.02515869 -0.05781836 0.03647725
-0.00185892 -0.05760079 -0.02827918
0.02330116 -0.04322564 0.04008469
-0.16469824 -0.02927223 -0.02628954
0.20803557 -0.02982292 0.02209604
-0.21975800 -0.01966777 0.01632678
0.00375769 -0.04231907 0.17864195
0.00386574 -0.04455509 -0.17666408
-0.00965522 -0.02626013 -0.03104855
-0.16967645 -0.04849358 -0.02371673
-0.01085349 -0.04341547 -0.15405107
0.01908814 -0.05905797 -0.15013520
0.01171965 -0.02652350 -0.03070835
0.03019346 -0.03731742 -0.03709465
0.07359284 -0.04962141 -0.07765643
0.00792640 -0.04435392 -0.18925393
-0.01965378 -0.04058038 -0.11617962
-0.22531679 -0.01287835 -0.00562668
-0.00663716 -0.04197995 -0.08832059
0.12055816 -0.07116278 0.01006001
0.29519555 -0.01650500 -0.00104305
0.15742531 -0.02043641 0.02453786
0.31478274 -0.04529441 0.01615148
-0.03440920 -0.05094552 0.08857236
-0.00337059 -0.04678236 -0.13863507
-0.04000158 -0.04887268 0.03939561
-0.12861243 -0.03451014 -0.02832165
0.25574133 -0.04021006 0.02530919
-0.31621772 0.00325721 -0.00438874
0.05130268 -0.07097398 0.01602661
0.10654722 -0.02082163 0.02416152
-0.00639072 -0.05007204 0.18351954
0.22218800 -0.06814027 -0.01097315
-0.02858414 -0.04823535 0.10430260
-0.31269696 0.06450622 0.00116231
-0.00959915 -0.05235136 0.11104497
-0.03563522 -0.04888451 -0.05211000
0.06088636 -0.05098884 -0.13582550
-0.11082134 -0.02411553 0.00977662
-0.25259173 -0.04647353 0.01889190
-0.00153458 -0.01966069 0.00027589
-0.25125042 -0.03729783 -0.01823978
0.28173408 -0.04827356 -0.01945874
-0.03097938 -0.04795213 0.03953969
0.02435737 -0.06466660 0.11993779
-0.33320820 -0.01964667 -0.04796599
-0.03460199 -0.05009329 -0.02806070
-0.06148912 -0.04012864 0.25748342
0.00122421 -0.05687730 -0.14922822
0.03545117 -0.04851234 0.02282318
0.05548477 -0.03604438 -0.02695940
0.13717528 -0.04873933 0.02902084
-0.28145337 -0.03707764 -0.00695240
-0.23582613 -0.01521150 -0.00367691
0.20453441 -0.00945328 0.00890630
-0.01157754 -0.04587411 0.06933714
0.01474951 -0.04734297 -0.19041100
-0.00622099 -0.05293170 -0.19998215
-0.27042046 -0.02084908 -0.02304971
-0.00232635 -0.04461415 -0.06688732
0.03362966 -0.07442050 0.01320890
0.07558983 -0.01885615 -0.00921067
0.16269512 -0.02228064 -0.01961844
-0.04884624 -0.04094699 0.27199283
-0.01951758 -0.02679370 -0.02474555
-0.11448705 -0.03603070 -0.02377260
0.13426140 -0.02980074 -0.02697529
-0.29095083 -0.03597163 -0.01962172
-0.17725539 -0.05462011 0.02230269
-0.04968432 -0.05368100 0.03040839
-0.27702436 0.03714555 -0.00144277
-0.01291015 -0.06389216 0.12856875
0.11133220 -0.05608184 -0.03534124
-0.30320126 -0.02514082 0.04653103
-0.13638104 -0.01457864 -0.01448215
-0.07162151 -0.03762378 -0.32572737
-0.16341121 -0.05507015 0.02224491
-0.02114427 -0.04931478 0.22393282
-0.01108580 -0.02278778 0.01683362
-0.31583238 -0.01702519 0.08908428
0.07140467 -0.06102477 0.01186328
-0.05923604 -0.03990825 0.29375035
0.02754889 -0.05901817 -0.01983144
-0.29416817 -0.01989525 0.06121023
-0.03656488 -0.01640062 -0.01498524
0.22677276 -0.04684215 -0.02328754
0.22751313 -0.05939067 -0.02009763
0.14824545 -0.01476046 -0.00168444
0.04227891 -0.04758593 -0.08283069
0.03548121 -0.02599391 0.02649405
-0.15572986 -0.03041849 0.03085136
-0.05261079 -0.04966167 0.13481124
0.01349467 -0.06314122 0.11438448
-0.13823551 -0.01082736 0.00258794
-0.22245212 -0.01478498 0.00539729
0.10784788 -0.04628703 -0.05119831
-0.01990307 -0.05415225 0.07911328
0.27418095 -0.06513759 0.01836912
-0.07680173 -0.07239505 0.00620270
-0.01775491 -0.04307750 0.22592559
-0.02055901 -0.04549593 0.19893788
-0.14731762 -0.06986631 -0.00188308
0.07954992 -0.05525735 0.02330995
-0.01277634 -0.04257381 -0.18995599
0.08455479 -0.04960614 0.02397750
-0.03354480 -0.04169147 0.20839189
0.02095961 -0.04835811 -0.19498917
-0.07103401 -0.04514179 -0.26475066
-0.07948130 -0.04052642 -0.32524413
-0.14159700 -0.04264786 0.02619345
0.11404688 -0.05627778 0.03686064
0.24977991 -0.02504592 0.02191729
-0.31116754 -0.02462820 -0.04109364
0.16727734 -0.05246252 0.02650119
-0.07917034 -0.02647570 -0.02704852
-0.03388800 -0.04185803 0.20427091
-0.29414707 0.01769367 0.00291863
-0.27322915 -0.01882266 -0.00199554
-0.00276439 -0.01745920 0.00706755
-0.03090937 -0.02254501 0.01670123
-0.29430637 -0.01841516 -0.03654268
0.02802274 -0.05028570 -0.10600703
-0.21122804 -0.05462928 0.02387684
-0.18272071 -0.01255724 0.00542602
-0.17311852 -0.05675920 -0.02423411
0.02735419 -0.04458820 -0.18067878
0.02304340 -0.04621683 -0.14757633
-0.08186220 -0.04161037 -0.02959169
-0.17521974 -0.04777825 -0.02389036
0.04772422 -0.04438476 -0.03063653
0.04630183 -0.04579335 0.05411909
-0.05757819 -0.03894310 -0.30488732
-0.14270937 -0.06730393 -0.01170840
-0.06236769 -0.01719370 -0.01375619
-0.02487452 -0.04580059 -0.21078120
0.00002285 -0.04684521 0.15353435
0.14909427 -0.03246566 0.02736798
0.01776564 -0.04704886 -0.15699941
0.05736782 -0.04816837 0.08075564
-0.25821975 -0.02991893 0.02247392
0.02471056 -0.04678466 -0.16303365
-0.02755568 -0.05285496 -0.05085524
-0.08515029 -0.04610458 -0.02561061
0.23203233 -0.03652812 0.02425949
-0.05947830 -0.04349733 -0.28797421
0.27112815 -0.01680931 0.01148055
-0.05787195 -0.07491774 0.00186288
-0.31786594 -0.02374892 -0.04655586
0.02913668 -0.01696329 0.01287101
-0.30417401 -0.01780047 -0.05804807
-0.05918521 -0.04107448 0.30441773
0.04588766 -0.02771272 -0.01833560
0.20965162 -0.01828177 0.01089829
-0.05167934 -0.03820230 -0.27723196
0.00281689 -0.05434760 0.04477986
0.04036671 -0.06527238 0.02179010
-0.06729360 -0.04038631 0.27712953
0.05682351 -0.04214992 0.09010469
-0.17101988 -0.01511746 -0.00132721
-0.02802347 -0.04476417 -0.15674746
0.00621725 -0.04712258 -0.05340851
-0.12572443 -0.06353166 0.01836035
-0.03364411 -0.01656594 -0.00817364
0.01597851 -0.04873865 -0.15079802
0.11083595 -0.04521806 -0.04864097
-0.05758226 -0.04718788 0.15602554
-0.07963786 -0.07301021 -0.00980094
0.05668146 -0.04855344 0.03913206
-0.29731637 -0.02206750 0.05323839
0.28224266 -0.06835780 0.00641083
0.07328829 -0.04415139 -0.06713099
0.09503506 -0.05565954 0.01957474
-0.04840843 -0.04502002 0.24092209
-0.01708575 -0.04240662 0.09481947
0.00386844 -0.05937152 -0.09252705
-0.20541483 -0.01121133 -0.00539268
0.23460151 -0.01359878 0.01392106
0.06581511 -0.04499364 0.07920032
-0.22878362 -0.03314345 -0.02894681
-0.29091418 -0.01419339 0.00192353
0.02359127 -0.04694941 -0.06840874
-0.04484957 -0.04074233 -0.22675647
-0.09504068 -0.01243676 -0.00249371
-0.29980201 -0.02960114 -0.02872248
-0.01254877 -0.04535000 -0.25773400
-0.03621908 -0.03967813 -0.27644917
-0.29684812 -0.00694263 0.00414005
-0.01202836 -0.04304093 0.18049955
-0.00177393 -0.05775667 -0.10124277
0.32317460 -0.06431777 0.00657947
0.12991843 -0.06535668 0.03619714
0.29313269 -0.02032847 0.01495500
-0.30464152 -0.02796484 0.06510575
0.32890031 -0.04952147 -0.01321865
-0.05870262 -0.06818968 -0.01168845
-0.01366986 -0.04740614 0.26024124
-0.00495954 -0.05169230 -0.04868603
0.04602191 -0.05107195 0.12083399
-0.00983373 -0.04577002 -0.05047923
-0.04424369 -0.04146199 0.28749710
0.24697001 -0.02790905 -0.01693327
0.27863747 -0.05943631 -0.01584248
0.02769466 -0.03809448 -0.03540266
-0.07717170 -0.03847996 -0.34204116
-0.29091066 0.02242041 0.00129244
-0.33170399 -0.02003941 0.00295751
0.04241978 -0.06884749 -0.01216635
-0.21449465 -0.02479178 0.01853693
0.02216483 -0.04541622 -0.15662608
0.08372002 -0.06514662 0.03560049
0.15541531 -0.05681213 -0.02293615
0.01027584 -0.04978540 -0.10668997
-0.31377217 -0.01825104 0.09154270
0.01557340 -0.03162267 0.02287935
-0.17893511 -0.01745251 -0.00139434
0.04884505 -0.07143208 -0.01137094
0.19865644 -0.01564493 0.01378909
-0.29335588 -0.03612644 -0.00777548
-0.16256298 -0.03532781 -0.02481241
0.07690343 -0.04906221 0.06553343
-0.02206818 -0.02092811 -0.00032834
0.16630489 -0.03271243 -0.02342742
-0.11859690 -0.02493616 -0.02154776
0.27324802 -0.05805582 -0.01542134
-0.30566865 -0.04569982 0.00346825
-0.04046495 -0.04440755 -0.25890812
-0.05776260 -0.03906685 -0.29487589
-0.05696920 -0.04299198 0.30229396
0.02614222 -0.01895521 -0.01641041
-0.32703903 -0.02317352 0.03468037
-0.01228864 -0.04859683 -0.17758358
0.08992417 -0.03250609 -0.02449284
0.23341517 -0.03901657 -0.02357193
-0.20376678 -0.05353298 -0.02539085
0.03142898 -0.06149756 -0.13403946
0.08491291 -0.01840685 0.01394808
-0.04016288 -0.04206455 -0.21794632
-0.07453248 -0.02233438 0.01443505
0.25876006 -0.04370142 0.02409497
0.14190620 -0.01831098 0.01399220
0.23940524 -0.01513804 -0.00869355
-0.03394006 -0.06661883 0.01691240
-0.01249210 -0.04927140 0.03484626
0.14281332 -0.02310845 -0.00342307
-0.10630406 -0.01294978 0.00309175
0.05373279 -0.05219037 -0.01286150
0.00257691 -0.04801770 -0.11784888
-0.05697072 -0.07320277 0.00161433
-0.00554018 -0.04958473 0.21162644
-0.04321297 -0.04774776 0.16695783
-0.17037684 -0.01710069 0.01384924
0.04284638 -0.04846287 0.11439068
0.16633844 -0.07130870 0.00686557
-0.03915928 -0.02971205 -0.02238439
-0.03149073 -0.04300089 0.21804744
-0.01304810 -0.04439905 -0.13564435
-0.11958856 -0.01586087 -0.00014927
-0.12751719 -0.06820133 0.00735163
0.02645301 -0.04548861 -0.11529581
0.22702992 -0.06614973 0.01753706
-0.10326231 -0.02728754 0.02219029
0.11910295 -0.05283197 0.03469391
-0.03029108 -0.04954321 0.11522660
-0.01716866 -0.04955227 -0.22988242
-0.02337172 -0.04177640 -0.02861523
-0.33091590 -0.02240381 0.04970115
-0.01149096 -0.04843014 0.22061098
-0.00611579 -0.04788793 0.05394363
-0.28773481 -0.01923870 0.01414659
-0.03494089 -0.04240725 -0.22820322
-0.02180708 -0.05157525 -0.16518205
-0.24084657 -0.05290536 -0.01760376
0.31686568 -0.02121102 0.00844067
-0.05497881 -0.01674207 0.01320500
-0.02064542 -0.01525825 0.00690051
0.03066958 -0.04525370 -0.07917651
-0.25765362 -0.02362026 0.02514919
0.07080865 -0.05519519 0.05971823
-0.00795966 -0.04890656 -0.14913025
-0.06227500 -0.03992831 0.27800810
-0.01425334 -0.04540795 -0.17309104
0.02979979 -0.04565608 -0.11831506
0.08024838 -0.04738441 0.07418763
-0.19076417 -0.01084321 0.00105683
-0.01418462 -0.04719729 -0.27963772
-0.28071102 -0.02942271 -0.01911232
-0.03371999 -0.07129472 -0.01028523
0.15925303 -0.02437358 -0.02136171
-0.27977592 -0.02645156 0.03156952
-0.15151843 -0.01599583 -0.00434372
-0.09631174 -0.01462782 0.00178137
-0.04146916 -0.04346171 -0.13838592
0.01759598 -0.04984477 0.09030741
0.02771437 -0.05193774 -0.06817731
-0.00826083 -0.04169009 0.15392329
-0.11234838 -0.01729916 0.00798634
0.04516355 -0.04151044 -0.08123024
-0.00672214 -0.05034649 0.10343188
-0.04915500 -0.05096145 -0.02591704
-0.01909920 -0.04395701 -0.06773620
0.19123103 -0.07324002 0.00843801
-0.30175838 -0.02619174 0.05813105
0.23854035 -0.05462960 0.02770079
-0.08253927 -0.04182480 -0.27168310
0.01604951 -0.05098723 -0.05439623
0.24395305 -0.06878652 -0.01025420
-0.30026814 -0.02977691 0.02354763
0.02406023 -0.03848489 -0.02388234
0.02327082 -0.06316309 0.01476256
-0.05318002 -0.02287376 -0.01278642
-0.02301390 -0.05576754 0.02224420
0.04126431 -0.05138358 -0.05433660
0.08895631 -0.01921432 0.00597650
0.05699583 -0.04067510 -0.03316544
-0.13514805 -0.06967340 -0.00137358
0.04314695 -0.05456679 -0.01796913
-0.05626881 -0.04425530 -0.27211297
0.09237567 -0.02600693 -0.02264639
-0.06947827 -0.04258109 0.23093350
0.23705737 -0.01625692 0.00615007
0.02667454 -0.04609847 -0.03530366
-0.01296245 -0.05408312 -0.01633994
0.15230656 -0.06831104 -0.01886409
-0.02534274 -0.04624303 0.07452132
0.06011277 -0.01411819 0.00326653
-0.01298891 -0.04661218 0.16090038
-0.11452913 -0.04386043 0.03424579
0.11450665 -0.06052920 -0.01544119
-0.02259265 -0.04243584 -0.27271828
-0.15667872 -0.02321067 -0.01576342
-0.15737005 -0.01620514 -0.00185090
-0.20675109 -0.02849150 0.02684240
0.00306099 -0.04511044 0.14050607
-0.03681185 -0.04216756 -0.24288136
-0.29399037 -0.02955233 0.02326930
-0.08095566 -0.03754294 -0.33188134
-0.03109413 -0.04703680 0.01828488
-0.02969789 -0.04428539 0.19451156
-0.09590514 -0.05226796 0.03069576
0.03220933 -0.04720304 -0.15917148
-0.02147845 -0.05381438 0.23056071
-0.05221274 -0.04425678 -0.15681078
0.01831762 -0.04214713 -0.03804589
-0.05517338 -0.05021139 -0.13129885
0.06823498 -0.06695092 0.02278506
0.05501939 -0.04374755 0.08190725
-0.34343514 -0.03297816 -0.00178157
-0.07769062 -0.04448571 0.02503728
0.10345894 -0.04388440 0.02631380
0.00541236 -0.06430475 0.12451628
0.08834802 -0.02542299 0.02344416
0.03420733 -0.04461856 -0.05989462
-0.23538332 -0.02443586 -0.02240836
-0.07243627 -0.03979773 -0.02186254
-0.24044113 -0.02363284 -0.02050764
0.10137275 -0.07096965 -0.00947651
-0.22303575 -0.00977162 0.00045755
0.00807166 -0.05310584 -0.26526704
-0.04771597 -0.02017653 0.01659226
0.01825514 -0.05264733 -0.18634963
-0.01561992 -0.03993987 -0.22730562
-0.00255596 -0.04447338 0.13694705
0.12315094 -0.05303793 -0.03210413
0.29314882 -0.05503074 -0.01672224
-0.30353215 -0.02370485 -0.06172271
-0.00643836 -0.04285789 -0.15650554
