-0.12140900 -0.00556021 -0.01079698
0.19165771 -0.06500652 -0.01796016
-0.34616050 -0.01312663 -0.00196212
0.01281295 -0.06736779 -0.05704071
-0.32404080 -0.00997903 0.07841700
0.05951050 -0.04973930 -0.06219891
-0.15817332 -0.04033518 -0.03089898
-0.13829115 -0.01165776 -0.02274534
0.09178749 -0.04787258 0.03296968
-0.07663324 -0.02368275 0.30504417
-0.25963563 0.02206873 0.00050446
-0.31303981 0.04878697 0.00058195
-0.00190544 -0.04287732 -0.16966443
0.05496907 -0.06948419 0.02079089
0.06057248 -0.06004857 0.04699126
-0.00563537 -0.09131785 0.06086019
-0.33052745 -0.02043657 0.00080922
-0.29384115 0.04516894 -0.00015726
-0.00866696 -0.04493024 0.10715883
-0.04272052 -0.03471410 -0.21765018
0.01514404 -0.04930137 -0.09787828
0.06406184 -0.05984769 0.10548101
-0.20726049 -0.05572832 0.00878512
-0.03828333 -0.06803807 -0.02304130
-0.04062165 -0.03079306 -0.25264108
-0.13758682 -0.02603395 0.03186333
-0.04654280 -0.02836872 0.27450424
0.03409679 -0.04152927 0.06811851
-0.10035968 -0.06600688 0.01103891
-0.21092470 -0.05391575 0.00545863
-0.04179222 -0.06874802 -0.00093744
0.00488131 -0.08678421 -0.05953387
0.00396153 -0.05522260 -0.04085514
-0.02561974 -0.04955424 -0.03102908
0.32190305 -0.02087995 0.01532806
-0.03278047 -0.03754010 -0.17408234
0.26874834 -0.05833908 -0.02243620
0.34891117 -0.04914614 -0.00406017
0.15973456 -0.01567933 0.02830870
0.07393199 -0.04350597 0.03387191
0.22722001 -0.06657040 -0.00583834
0.02123142 -0.06808413 -0.05671732
0.06570037 -0.05905648 -0.10545809
-0.08508997 -0.02475437 0.31164590
0.03872800 -0.04209878 -0.13836941
-0.25463250 -0.01489641 0.01520478
0.05590241 -0.04310536 0.06786201
-0.02134252 -0.04088290 0.15694954
-0.06106832 -0.01112996 -0.02193862
-0.02236402 -0.04530235 -0.11929664
0.11059597 -0.06748594 0.11586856
0.06230399 -0.04596249 0.05015290
-0.32520255 -0.01222604 -0.06654756
0.00163263 -0.02061110 0.02924064
0.00735031 -0.01448592 -0.02435984
0.33795127 -0.04083880 0.01210594
-0.33094177 -0.00885087 0.08757765
0.06330619 -0.08381424 0.10455835
0.00041869 -0.07337879 0.02026813
0.01615012 -0.04464772 0.09937890
-0.04195859 -0.03488914 -0.03389991
-0.01975187 -0.03206477 0.22483996
-0.04771140 -0.02924208 0.03128222
0.09522469 -0.04697195 0.03394217
-0.31948534 -0.01583648 -0.05023749
0.06178121 -0.04508062 -0.09664887
-0.09815743 -0.00407803 -0.01221322
0.12316377 -0.06959940 0.01924052
0.11727800 -0.06768222 0.11470895
0.03905852 -0.06674474 0.02048064
0.14811242 -0.06054175 0.02332998
-0.06142652 -0.03064037 -0.25749895
0.10372681 -0.08503213 -0.09584583
-0.05010503 -0.02670522 -0.29363048
-0.00931319 -0.04460324 0.12888470
0.35426447 -0.03923378 0.00318106
0.08887397 -0.01159330 -0.02564897
-0.22122173 -0.05798538 -0.00054426
-0.16779947 -0.06414966 -0.00124814
0.04437419 -0.05573588 -0.05315085
-0.13291651 -0.01131242 -0.02314158
-0.27675787 0.03511358 -0.00101293
0.09852303 -0.05199345 -0.10342243
0.00313148 -0.08637404 -0.05304253
-0.03045748 -0.06761459 -0.02425093
0.01302994 -0.04832116 0.03262857
0.02244999 -0.05284636 0.10164864
0.02056184 -0.09314656 -0.06141552
0.06553905 -0.07748487 -0.08926638
-0.02871520 -0.06850693 -0.02105940
0.09426228 -0.04929851 -0.03420085
-0.09927867 -0.01395109 -0.02656390
-0.03369963 -0.00289521 -0.00130380
-0.00276977 -0.03505290 0.18882160
0.01051944 -0.04154748 -0.12333720
-0.00365978 -0.04303996 0.13952336
-0.33294725 -0.01228146 -0.06214057
0.21916685 -0.00305107 -0.01220110
-0.28205413 -0.01875683 -0.03057086
0.12410986 -0.04198918 0.03359191
0.25887799 -0.06425338 -0.01916457
-0.05472445 -0.03653106 -0.03391276
0.25830936 -0.01886831 0.02717958
-0.25216311 -0.02223991 -0.01794236
-0.20785229 -0.05448230 0.01707189
-0.30033651 -0.03404321 0.00292739
-0.15569153 -0.01749759 -0.02890613
0.10594983 -0.04658764 -0.03295219
-0.07894675 -0.03452730 -0.03209817
0.07119497 -0.03828380 0.03411869
-0.02789668 -0.03385010 -0.22039203
-0.17819400 -0.02151604 -0.02913043
0.12074699 -0.06327933 -0.08959547
-0.13901153 -0.00614493 0.01413041
-0.25981233 -0.00217781 0.00146305
-0.03111259 -0.03492283 0.22601546
-0.14160612 -0.01046753 -0.02347917
0.22055316 -0.01065782 0.02157412
0.09808814 -0.06872572 0.00138681
-0.31188217 -0.01715718 0.01195479
0.26396629 -0.00975483 0.02076374
0.00656896 -0.04163839 0.15919162
0.27411956 -0.04741647 0.02574431
0.05767943 -0.04359572 -0.08009373
0.27948675 -0.08277631 -0.00122441
0.06930940 -0.00484812 0.01343141
0.02574117 -0.07733095 -0.06085311
-0.01823218 -0.04202314 -0.13659313
0.27770320 -0.00886478 -0.01586113
0.07804451 -0.06013477 -0.07725468
-0.00399324 -0.06824858 0.04238887
0.16325894 -0.05188824 0.02867717
-0.22200942 -0.05414784 0.00370235
-0.01108420 -0.07119257 -0.00735946
0.02257240 -0.02322097 -0.03077271
0.10454783 -0.07424514 -0.08431609
0.26897147 -0.01074053 0.02050665
0.05140110 -0.04571306 0.06617458
-0.21861349 -0.04978794 0.01678624
0.08933012 -0.01266764 -0.02574931
0.34130692 -0.03856990 0.00468485
0.05026849 -0.06762656 -0.03376815
0.04256189 -0.05069709 -0.10585009
0.23149925 -0.00060058 0.00032590
0.00718712 -0.04637675 -0.09380124
0.02269069 -0.04214255 -0.10402513
-0.27593362 -0.00601653 0.00256721
-0.33953494 0.08354148 0.00228225
0.00745384 -0.04388773 -0.15546358
0.14574735 -0.03975888 -0.03336578
0.18597434 -0.00429671 0.01182988
0.15703231 -0.00763286 -0.01928684
0.07494611 -0.05307940 0.10493729
0.07104112 -0.06790972 0.02084714
0.04031106 -0.04294571 0.13452297
-0.09779009 -0.01551052 0.33136630
-0.30135524 -0.01343284 0.05499203
-0.11739684 -0.05466350 0.02659171
-0.13523036 -0.06699713 0.00074900
-0.02357748 -0.00720333 0.01722988
0.01942798 -0.08798882 0.06023815
-0.24141125 -0.01451688 0.01869689
-0.00923059 -0.04249822 -0.13906595
0.01830880 -0.05292137 0.04927989
-0.24975730 -0.01449342 0.01478429
0.02617359 -0.04286499 0.18143113
0.03647699 -0.04709732 0.12168406
-0.30724493 0.06552453 -0.00077172
-0.18923403 -0.05120971 0.02621545
0.00083343 -0.04537911 -0.12221703
0.27612838 -0.03457749 -0.02920952
0.17142475 -0.00571986 -0.01348341
-0.04526374 -0.06025450 0.02429852
-0.25798482 -0.04472494 0.00348657
0.10479829 -0.03946846 0.03453331
0.01102857 -0.04150774 0.16067879
-0.01256379 -0.00723810 0.01749901
0.10106862 -0.08492537 -0.11211227
-0.00647504 -0.06560566 0.01806922
-0.09098887 -0.05688179 -0.02545118
0.28699392 -0.06366290 -0.00648450
0.15170768 -0.06040687 0.02333452
0.06506664 -0.00353583 0.00878330
-0.27730179 -0.00847238 -0.00326651
-0.32189596 0.09112480 0.00117122
0.09910259 -0.04974192 -0.06143672
0.06947997 -0.04959557 0.08189888
0.17265147 -0.06160359 -0.01977066
-0.25839606 0.00173816 -0.00334004
-0.16023499 -0.03649144 0.02854397
-0.00813374 -0.03837997 -0.21349256
0.05943154 -0.04716541 -0.11221994
-0.12079325 -0.00270616 -0.00099821
0.15847264 -0.06249730 0.01979349
0.01872906 -0.05366678 -0.03850184
-0.05520464 -0.03636359 0.21541491
-0.04926855 -0.02773449 -0.27589637
0.23508833 -0.03207933 -0.03201571
-0.26256064 -0.00321599 -0.00431179
-0.00769743 -0.04920629 -0.03299303
0.08399262 -0.01221413 -0.02572679
0.28276879 -0.03740408 0.03146338
0.16314119 -0.00517718 -0.01345139
0.03533615 -0.06403196 -0.02049480
-0.24492081 -0.04810321 -0.00543838
0.07861356 -0.04571084 -0.03375527
-0.13118513 -0.01081605 -0.02503949
-0.17060542 -0.04258490 0.02821311
0.10536119 -0.08450437 0.09875357
0.08816031 -0.03523073 -0.03455397
-0.34784055 -0.00739796 -0.10194809
0.16395937 -0.04027160 0.03307576
-0.19208375 -0.05405405 0.02124614
0.06985205 -0.05888426 0.09758887
0.05759978 -0.06506376 0.09841704
0.12926151 -0.01491478 0.02547388
-0.30688393 -0.01332677 0.05252283
0.02204776 -0.08825288 0.06080753
0.06426070 -0.05832341 0.11285070
-0.03194436 -0.06305198 -0.03214876
-0.03904397 -0.03722856 0.20993127
-0.05522929 -0.02839471 -0.28190625
-0.00021516 -0.03499059 0.19175784
-0.13317434 -0.00741864 0.01908966
0.30207685 -0.00838627 0.00316758
-0.01750519 -0.04147101 0.15326391
0.02118267 -0.04625586 -0.05970526
0.08083449 -0.07795668 -0.09039000
-0.32370859 -0.01609903 -0.04152838
0.31288907 -0.01958250 0.01577014
0.11297787 -0.05819283 -0.10860623
0.19450033 -0.04210607 0.03071546
-0.30955705 0.06476582 0.00015510
0.07215275 -0.08315488 0.08964881
-0.26050556 0.00942969 0.00565822
0.09240050 -0.03681894 -0.03295733
0.01311241 -0.04781469 0.10677374
-0.01486662 -0.04154937 -0.15406707
0.03797380 -0.04414811 -0.10113756
-0.01295840 -0.04195882 -0.16982937
0.22699994 -0.00320168 0.00165895
0.11868715 -0.06454090 0.02394813
-0.15383689 -0.06423996 -0.00774632
-0.29299405 0.04909775 0.00187154
0.01014140 -0.02811863 -0.03164608
0.07868105 -0.07029593 0.09068435
-0.21067873 -0.00712081 -0.01222861
0.02212038 -0.04715032 -0.03120028
0.12560020 -0.04146604 -0.03280386
-0.15816896 -0.00643980 -0.01370583
-0.32919320 0.09243897 -0.00032267
0.08499646 -0.05151283 -0.02718210
0.03052349 -0.05312578 0.08097580
0.03480903 -0.03818184 0.03414641
0.09988279 -0.05379682 0.09922677
0.11581959 -0.07013569 -0.11363518
0.01205523 -0.05453348 0.03630601
0.04115517 -0.05519499 0.07328425
-0.33059743 -0.02591106 -0.00510422
0.34273562 -0.03061311 0.00639742
-0.16822930 -0.03174221 -0.03089107
0.27967498 -0.06573044 0.00979286
-0.04645038 -0.03100369 0.25385183
-0.29730135 -0.01514116 -0.03142773
0.13583843 -0.04229073 0.03401973
-0.17250025 -0.06277607 0.01106104
-0.15181059 -0.06226210 -0.01433651
-0.23032254 0.00273681 0.00321777
0.03917309 -0.04404344 -0.10221072
0.01632847 -0.04615843 0.10323320
-0.01959357 -0.03062703 0.03211159
-0.30909851 -0.02842490 -0.00455135
0.08205181 -0.05222347 -0.05562193
0.05642882 -0.07060216 -0.00370760
0.05589470 -0.05534753 0.06331102
-0.03263725 -0.03968412 -0.18598011
-0.07442627 -0.02480727 0.31720310
0.00967480 -0.02612834 0.03185226
-0.14709295 -0.02018319 0.02792805
-0.06114046 -0.03905115 -0.03311719
0.03264793 -0.02825121 0.03251014
0.04140658 -0.03743549 0.03373102
-0.16299820 -0.05236666 -0.02595575
-0.12421697 -0.06829653 0.00274846
-0.00624756 -0.04584716 -0.10702055
-0.09766597 -0.02232512 0.32905436
-0.29566708 -0.01416974 0.01480145
-0.01617256 -0.04617653 0.11382850
0.00272020 -0.03877237 0.17736922
-0.28361994 -0.03157202 0.01610739
0.06881372 -0.05013295 0.10144922
0.23296030 -0.00604485 0.01682108
0.07425276 -0.06628977 -0.11461753
-0.29191947 0.04436750 0.00002089
0.07808504 -0.07303999 -0.01249277
-0.00990357 -0.07240184 -0.00498128
0.02231300 -0.04247161 -0.16127339
0.10212000 -0.05747336 0.09439024
-0.02087329 -0.03689151 0.19013585
0.02561280 -0.06556418 -0.03541102
0.04143452 -0.04238848 0.12663189
0.02008811 -0.05004102 -0.08416723
-0.33056083 0.07419226 0.00136464
0.01458806 -0.04270102 -0.18720031
0.20202355 -0.06142876 -0.02072999
0.04764345 -0.04687024 -0.07667215
-0.21684720 -0.01944271 -0.02623335
-0.23028299 -0.01048198 -0.01250636
0.08788578 -0.05182230 -0.10412496
-0.18139146 -0.05331711 -0.02487629
0.08608043 -0.00623878 0.01336013
-0.28902587 -0.00319238 -0.00071563
0.03190015 -0.04849946 0.03306515
0.05045952 -0.06149311 0.02661848
-0.32494605 -0.00763698 0.10101333
0.04242779 -0.05950797 -0.03680310
-0.09530533 -0.01485516 0.33200759
-0.03030061 -0.05306963 -0.02991766
0.01580544 -0.04240946 -0.12107898
0.19979738 -0.06570391 0.00391441
-0.01643601 -0.04239405 -0.15220752
0.09249903 -0.01552454 0.02637411
0.20770785 -0.00160364 0.00131381
-0.04012866 -0.06947444 -0.00790612
-0.01413563 -0.02856955 -0.03369313
0.03449487 -0.04968493 -0.09487464
-0.01646025 -0.02904449 -0.03206901
-0.32504404 -0.01439318 -0.05658025
-0.00738989 -0.03203906 -0.21000886
-0.01905293 -0.03995460 -0.16348219
-0.06521743 -0.02479026 -0.29249665
-0.31165802 -0.01750124 -0.03221588
0.19121325 -0.00379129 -0.00488812
0.11793540 -0.01321847 -0.02497974
0.09228823 -0.06075342 -0.02431962
0.23049219 -0.06070754 0.02388095
0.05084363 -0.05156011 -0.09367263
-0.03743630 -0.00313667 -0.00294272
-0.08159361 -0.01373956 -0.02801304
0.09004452 -0.05127706 0.10145596
0.09214470 -0.03274679 -0.03368209
0.30174175 -0.06543314 0.00919042
-0.23715460 -0.00614217 0.01494354
-0.07841536 -0.02717169 0.29185438
-0.20082170 -0.05808780 -0.01330534
-0.01238651 -0.04087593 -0.15548071
0.08588778 -0.00433591 0.00764353
-0.00046278 -0.04408654 0.14308700
0.13165583 -0.04037641 -0.03281723
0.03902804 -0.04113140 0.11181332
-0.30441347 -0.01495245 -0.05518502
0.24151406 -0.02433079 -0.03157414
-0.29832208 -0.00611110 -0.00414854
0.01055917 -0.05362265 0.05314202
0.05005714 -0.07115236 -0.00646628
-0.32237220 -0.01518742 0.05719391
0.00843384 -0.08723502 0.05108539
0.11339626 -0.03944739 0.03456461
-0.24543294 -0.00378556 -0.00587516
-0.15914024 -0.03462651 -0.03342043
-0.01984387 -0.05258111 -0.03075818
0.06992505 -0.04717640 0.03373277
-0.01879992 -0.04764517 -0.09769815
0.03926379 -0.06309941 0.10067346
-0.31304103 -0.01601022 -0.05102379
-0.29726684 -0.03313439 0.00019705
0.15584026 -0.00583019 0.01178162
0.25114557 -0.02343149 0.03096402
-0.04416684 -0.06737595 -0.01044361
-0.31366149 0.09100737 0.00049798
0.04624894 -0.04893946 -0.04450194
-0.32066548 -0.01577750 0.03187086
-0.02034859 -0.04195188 0.16129445
-0.09077698 -0.02106388 0.32140675
0.34068325 -0.04215472 0.01250715
0.27081466 -0.01214723 -0.02272473
0.23572940 -0.02266966 0.03089285
-0.28291044 -0.01674998 0.02687504
-0.02715634 -0.05881647 -0.02677782
0.16374102 -0.03480009 -0.03365292
-0.12933466 -0.00740806 -0.01343760
0.30691049 -0.05754782 -0.01174876
-0.20233721 -0.00880027 -0.01887892
-0.33008957 -0.01428425 0.05091175
0.04537673 -0.04894255 -0.10966801
-0.33408710 -0.01430848 0.04612869
0.04288672 -0.07115310 -0.00648675
-0.11621956 -0.03624839 0.03283843
-0.12995717 -0.00471156 -0.01100995
-0.29081708 -0.01547026 -0.05549964
-0.28841490 -0.01641734 0.02788892
-0.32674557 -0.01106312 0.00139109
0.06618333 -0.04345749 0.08569935
-0.03405797 -0.03899657 -0.19384420
0.07754062 -0.08497392 -0.10747547
-0.18068683 -0.04169110 0.02785197
-0.30590168 -0.02212257 -0.00931566
0.04928782 -0.04589017 -0.05129604
-0.02064508 -0.03987491 -0.20771788
-0.02851100 -0.04052540 0.15077421
0.00777183 -0.04154142 0.19618893
-0.28854719 0.05071072 0.00215842
0.07112069 -0.04541706 0.05333877
-0.02796343 -0.03766870 -0.21063305
0.08961282 -0.08246591 -0.11280277
-0.27678365 -0.01789987 -0.03125786
0.00211361 -0.05180060 -0.06899564
0.02273343 -0.05501092 0.03863619
-0.27859217 0.05269891 0.00116290
0.08992667 -0.08462648 -0.09280713
-0.04139169 -0.03810096 0.16832519
0.08864259 -0.06379705 -0.09152909
-0.02479309 -0.03697250 0.20052187
0.05316796 -0.04938732 0.03768909
-0.19043496 -0.06056987 -0.00058470
-0.03230555 -0.03369451 0.23001087
0.01673656 -0.06930193 -0.01473207
0.07162437 -0.07110415 -0.00676143
-0.33087882 -0.01188636 0.06136055
0.00227736 -0.03904456 0.15318513
0.21225719 -0.06379460 0.01895500
0.14550379 -0.04833717 0.03123253
0.09533966 -0.07006981 -0.01997642
0.06812391 -0.05161673 0.03267540
-0.00357188 -0.04798266 0.03144075
-0.08975287 -0.01301493 0.02475733
-0.28547436 -0.01855293 0.01604070
-0.02602289 -0.06929239 0.00985459
0.11197546 -0.05790801 0.09360130
0.05496322 -0.06771544 -0.02151930
-0.01417820 -0.04333491 -0.14010370
0.11803920 -0.00238068 -0.00276737
-0.32827479 0.05507672 0.00069252
0.03970783 -0.00274768 0.00104544
-0.29504895 0.04946632 0.00169138
0.33266872 -0.02866610 -0.01161064
0.02706014 -0.00993334 0.02124748
0.14351760 -0.02555310 0.03134563
-0.01691590 -0.04043183 -0.20612381
-0.13104412 -0.00260542 -0.00307307
0.02153258 -0.04389415 0.12805219
-0.28100267 -0.00673387 -0.00760009
-0.19140026 -0.00368914 0.00946010
-0.04953850 -0.02712059 -0.27164575
-0.02590335 -0.03999506 0.15865421
-0.21957266 -0.04833361 -0.01542324
0.29447985 -0.06810781 0.00236712
0.05960048 -0.05940321 0.10731786
-0.25190097 -0.03384452 0.01616524
-0.12501247 -0.01754273 0.02747091
-0.02511122 -0.00789734 -0.01898177
-0.19851504 -0.05546059 0.01673038
-0.33663327 0.09434330 0.00073188
0.27572426 -0.05978368 -0.02037791
0.29177216 -0.08935390 0.00033163
-0.23851638 -0.05297347 0.00893770
0.17970501 -0.05960602 -0.02392584
0.07239985 -0.01855948 0.02802486
-0.01720733 -0.04439850 -0.12298756
0.27119362 -0.06228879 -0.02034194
0.16802767 -0.03887958 -0.03307535
0.15372615 -0.05270771 -0.02858045
0.02160115 -0.05071618 -0.09287921
-0.29168087 -0.01708184 -0.03327926
0.07851315 -0.00306118 0.00122200
0.05663979 -0.06846010 -0.11613987
0.01345212 -0.05502788 0.07191955
-0.18479523 -0.06002817 -0.00065192
-0.00154299 -0.04465143 0.12295875
0.10721803 -0.05862029 0.11009470
-0.32955939 -0.01755296 -0.02280528
-0.10696918 -0.01179695 -0.02159187
0.33380604 -0.05488710 0.00913322
-0.00643027 -0.05133007 -0.06836271
-0.31591138 0.09109062 0.00051225
0.01174104 -0.04001072 0.15294726
0.06486489 -0.01303999 -0.02174072
0.02838416 -0.05508493 0.06149108
0.05798181 -0.03818723 0.03410275
-0.28883725 0.02273723 -0.00187064
0.09438046 -0.05619238 0.07864892
-0.27149972 0.00242190 -0.00357796
-0.08867750 -0.02039949 0.32636508
-0.30275440 0.03259008 0.00118096
-0.33562112 -0.00830499 0.09971464
-0.04261575 -0.04231445 0.15648751
-0.08565040 -0.02600599 0.03192693
0.21856064 -0.03601838 0.03282262
0.00927202 -0.09378458 0.06207378
0.02198199 -0.03961163 -0.14235334
0.01551692 -0.05054746 -0.07885446
0.04492742 -0.05842952 -0.05081341
-0.01067937 -0.05069986 0.07242051
-0.14096254 -0.01053651 0.02140726
-0.09480218 -0.01161716 -0.02135997
-0.00920262 -0.03041510 0.03307502
0.06802706 -0.06873312 -0.09233241
0.04491756 -0.04266258 0.11862581
-0.15223782 -0.04441792 0.03188082
-0.03414211 -0.04102604 -0.16435240
-0.32123721 0.04399759 0.00048341
-0.31869203 0.00911587 -0.00047944
0.04245286 -0.07603148 -0.10433690
0.05785126 -0.05759602 -0.08086834
-0.07146525 -0.06952098 0.00001229
-0.00161759 -0.03837696 0.16151750
-0.01100246 -0.03547427 -0.19788794
-0.01035441 -0.04923911 0.07831897
-0.00812057 -0.05062028 -0.08395340
0.08808921 -0.07316201 -0.01239314
-0.02256909 -0.03718532 -0.17548048
0.01934488 -0.09027997 -0.06083129
-0.03209043 -0.06770898 0.02782902
-0.31196046 0.07862091 0.00111786
-0.02762117 -0.04203200 -0.03202492
-0.30300623 -0.01336256 -0.03215737
0.33747023 -0.04568764 -0.01479678
-0.22925569 0.01165679 0.00106983
0.11935686 -0.05585819 0.02768042
-0.22456491 -0.01362731 -0.02407627
0.10433590 -0.07174085 -0.00651831
0.04725836 -0.07028314 -0.10310372
-0.14954032 -0.02099604 0.02841172
-0.01507527 -0.06912899 -0.02645243
-0.03719616 -0.00735341 -0.01770593
-0.05173556 -0.03708387 0.20388192
0.01987579 -0.04699336 -0.04538523
-0.30172095 0.04221683 0.00114389
0.31945619 -0.03329996 -0.02275970
0.04381473 -0.06335456 0.10203578
-0.01455839 -0.05354397 0.08547188
0.09481257 -0.06414543 0.03144358
0.01412040 -0.06270330 -0.02125263
-0.31923935 -0.00594720 0.00139438
0.10660772 -0.06959915 0.01919109
-0.02677398 -0.03496886 -0.20397955
0.14384738 -0.03515043 0.03355349
0.10425013 -0.00260102 0.01223261
-0.07874445 -0.02644120 -0.29400474
-0.26610303 -0.03240193 0.01776807
-0.15029995 -0.05825096 0.01740135
-0.05267029 -0.03351706 -0.23783138
0.01231753 -0.04362905 -0.03385365
-0.28213790 0.05098086 0.00183498
0.01649438 -0.05098545 0.09271920
0.03134944 -0.05766971 0.04550521
0.11661572 -0.00383367 -0.01071456
0.04931945 -0.04942482 -0.03203946
0.00193941 -0.04105485 -0.13580917
0.04801716 -0.04734884 -0.03192497
0.10408307 -0.05770057 -0.09958470
0.07952631 -0.08432367 0.10098623
0.08818203 -0.07087434 0.09220567
-0.05689852 -0.06743136 0.00688959
0.13537277 -0.06834017 0.00898719
-0.00673652 -0.07251199 -0.01843282
0.04452093 -0.04654965 -0.03339547
-0.28730330 0.01336424 0.00358928
0.13042560 -0.04127625 -0.03102806
0.04163612 -0.06002569 -0.10289167
0.02471917 -0.07781255 -0.06042092
0.01708359 -0.04254035 0.18618667
-0.10436552 -0.06742260 0.01315303
-0.10588018 -0.02154773 -0.02904524
-0.15300125 -0.06482876 0.01122000
0.08277801 -0.04653616 -0.03226198
0.02368445 -0.04543394 0.09971230
0.07017199 -0.00385085 0.00868384
0.00615299 -0.06977019 -0.03112263
0.04034761 -0.04543412 -0.05163849
-0.05150447 -0.03132658 0.25356740
-0.13288794 -0.00606041 0.01407209
-0.20713250 -0.05639458 -0.00741996
0.23514189 -0.03749094 -0.03283397
-0.24406070 -0.02466597 -0.02260171
0.11569601 -0.00303463 -0.00098901
0.18942751 -0.03526835 0.03266104
-0.30804825 -0.01417737 0.05620177
-0.25293410 0.01505022 -0.00300611
0.12285105 -0.02771077 -0.03318711
-0.20724653 -0.01171344 0.02087965
-0.22382402 -0.03343807 -0.02807031
0.03073103 -0.00803589 -0.01934030
0.04771386 -0.07120898 0.00170801
-0.00518851 -0.01081793 0.02257501
-0.04722069 -0.03834590 0.03346853
-0.17028914 -0.05520811 0.02132164
0.09943042 -0.05687367 0.09398071
-0.09089545 -0.02249555 -0.31633040
0.10477637 -0.02186465 -0.03075186
0.16072941 -0.06452590 0.01652938
-0.16902101 -0.03157200 0.03121910
-0.07329036 -0.02951086 -0.27025875
-0.14132938 -0.06592133 -0.00870479
0.00536870 -0.04793284 0.10684218
0.02645399 -0.08896692 0.06062327
-0.01518710 -0.04225631 -0.15338437
0.00878927 -0.04920819 0.10078205
-0.06311010 -0.02546634 0.29331437
-0.01200785 -0.03233530 -0.20878942
-0.18536051 -0.00382825 0.00504743
-0.00885110 -0.04486760 -0.11711914
0.22893009 -0.02080758 -0.03058215
-0.27458799 -0.02661328 0.01680432
0.01190544 -0.03944319 0.17905502
-0.33069313 0.05543031 0.00035801
-0.03671169 -0.02952008 0.25331193
0.08130839 -0.04594110 -0.07716040
0.05095687 -0.04741183 0.02919099
-0.00961251 -0.05813669 0.03980444
0.25864112 -0.01195512 -0.02228122
0.20020011 -0.05971001 -0.02352033
0.02219794 -0.04598074 0.08440699
0.00923025 -0.05221002 0.08515396
-0.05531409 -0.02718840 0.27161211
0.10650653 -0.05476310 -0.03789831
0.00227271 -0.08557887 0.05567455
0.00163317 -0.03521790 0.03369514
-0.03563718 -0.03537186 0.21031967
0.02245971 -0.04925346 -0.11098418
-0.31499580 0.06327156 0.00001334
-0.31874138 -0.01116395 -0.06638324
-0.08315866 -0.05189667 0.03069031
-0.23617609 0.00306948 0.00339509
0.00528809 -0.05439227 -0.04694338
0.31016791 -0.05507149 0.01923211
0.07246470 -0.05825902 -0.03787195
-0.21962646 -0.05381725 -0.00667735
0.00270020 -0.04594710 0.11410236
0.08372425 -0.08315939 0.08926641
0.08726115 -0.02703697 -0.03320868
0.08289793 -0.04570367 0.03161936
0.09428526 -0.06203871 0.02730996
0.14290510 -0.02767109 0.03113864
-0.21186918 -0.03510378 -0.02457885
0.01615465 -0.08685152 0.06248986
0.14428611 -0.03209028 -0.03223264
-0.31545621 -0.01049035 0.08709856
0.06966120 -0.07828844 -0.10134707
-0.15590605 -0.04909335 -0.02866157
-0.14157280 -0.04928328 -0.02833271
-0.03124879 -0.00312828 -0.00120222
0.24024849 -0.03256957 -0.03272456
-0.09541728 -0.01499452 0.32918033
-0.04477682 -0.02898148 0.26470849
0.04315668 -0.04903007 0.03788201
0.07437138 -0.05370847 0.10237873
-0.28726199 -0.02000213 -0.01411459
-0.05825984 -0.02769416 -0.27305508
0.07405546 -0.00820636 -0.01632272
0.02617016 -0.01264942 -0.02310717
0.05705711 -0.05933195 0.10935073
-0.18043716 -0.04490142 -0.02786898
0.02682482 -0.04418023 -0.09943964
0.24499804 -0.00550307 0.01500728
-0.29398507 0.02570620 0.00041513
-0.13079873 -0.01000926 -0.02173224
0.00324856 -0.08072299 0.05595852
-0.13395847 -0.04534210 0.03152545
-0.01949104 -0.04441256 -0.03529202
-0.06860576 -0.00526732 -0.01192112
0.08548104 -0.08797828 -0.10258739
-0.31392598 0.05104310 -0.00020495
0.09294517 -0.05940731 0.11730578
0.18080933 -0.06287488 -0.01833818
0.12543955 -0.06687751 0.01946202
0.01673364 -0.09005934 0.05537991
-0.31864944 0.04346567 0.00131717
0.16872093 -0.01871077 -0.02725375
-0.34004894 -0.01092133 -0.07183606
-0.28763989 -0.00458845 0.00310524
-0.22206354 -0.00738725 -0.01220590
-0.20057306 -0.00627183 -0.01391961
-0.27245989 -0.01532390 0.01424011
-0.15632346 -0.05815344 0.02110320
0.00856678 -0.06996778 -0.01364414
-0.00210692 -0.01112150 0.02270592
-0.01811713 -0.03728403 -0.19072489
0.04155040 -0.05167483 -0.09145468
-0.30447191 -0.01473328 -0.01570625
0.25491160 -0.00399263 0.00973254
-0.10298307 -0.02552991 0.03155470
-0.23015380 -0.00656857 -0.01306527
-0.03136229 -0.02946608 0.03241885
-0.02451024 -0.06609816 0.02411425
-0.07529229 -0.02668022 0.29973692
0.00570432 -0.04693156 0.11784194
-0.00767048 -0.04100959 0.03363883
-0.00929054 -0.04257963 -0.03183664
-0.02267400 -0.03684661 0.18080109
0.18081541 -0.02585696 0.03177083
-0.32890752 0.05598266 0.00028815
0.08539724 -0.04158048 0.03280319
0.07237220 -0.08434290 -0.09335200
-0.01448042 -0.05515156 0.05612650
-0.14311253 -0.00350161 0.00457990
0.23109683 -0.00515708 0.01068378
0.01814911 -0.09473493 0.06180619
0.08204591 -0.07244955 0.08993044
-0.03759679 -0.03387192 -0.22621579
0.00609892 -0.03943451 0.15085666
0.09881502 -0.08737610 -0.08878012
-0.28393707 0.00312593 0.00194731
0.16469277 -0.06687656 -0.01584893
0.09553782 -0.06305409 -0.11574655
-0.31364560 0.07528798 0.00190405
-0.04999664 -0.04564168 0.03251055
0.08691597 -0.03927297 -0.03188580
0.12767594 -0.04131175 -0.03106524
0.05750607 -0.04981340 0.10257712
-0.00188420 -0.05850594 -0.03236894
0.24596433 -0.00954746 -0.02241251
-0.03516591 -0.03709393 -0.20229059
0.04082020 -0.06462234 0.09879070
0.10908523 -0.07251894 -0.00619625
-0.09943858 -0.03986385 0.03360599
-0.26991054 -0.04554364 -0.00589780
0.05605171 -0.07184489 -0.09612163
-0.06826235 -0.04865142 -0.03005379
0.27785298 -0.06286192 0.01594819
0.03635586 -0.05256988 0.09896567
0.24937406 -0.03591254 -0.03369032
0.10342201 -0.05403712 -0.03803818
0.03683288 -0.07008588 -0.01552218
0.00721823 -0.02533606 0.03152665
0.01049876 -0.04278396 0.13276558
0.19736560 -0.00558628 -0.01630279
0.02301031 -0.04716909 0.02931274
0.10473449 -0.06157137 0.02525490
0.11149412 -0.08042842 -0.11349773
-0.02448978 -0.04327465 0.14240302
0.10052328 -0.06392988 -0.11658184
-0.32742232 -0.00702701 0.09801424
0.00089851 -0.09243138 0.06129652
-0.18781587 -0.05950691 -0.00143321
0.07770880 -0.04735130 -0.09477825
-0.17201801 -0.03940023 -0.03026000
-0.04349069 -0.03508303 -0.21022920
-0.34451157 -0.00800879 0.10169316
-0.03590443 -0.03337330 0.22925782
0.07678223 -0.06387246 0.03104068
-0.03542295 -0.03658403 -0.22353107
0.08683489 -0.06019563 0.11116436
-0.06634584 -0.02711930 -0.27646151
0.05615093 -0.05026396 0.09525295
-0.05328079 -0.03451044 0.20754367
0.00667994 -0.04018421 0.15786441
-0.32631510 0.06789209 0.00047090
0.08297568 -0.01232211 0.02427315
0.09955110 -0.05560539 -0.06595854
0.10530430 -0.07133239 -0.10693876
-0.01865230 -0.02885618 -0.03215376
-0.01610947 -0.04602834 0.11044610
0.05976205 -0.00723156 -0.01923979
-0.07234089 -0.02724987 0.26511097
0.06874342 -0.05912178 0.04615384
-0.11930840 -0.06554274 0.01282262
-0.10926264 -0.00608387 0.01479402
0.10149648 -0.08717087 -0.10991638
0.16832462 -0.01534791 0.02597884
0.01623943 -0.04950889 -0.03482891
0.02343279 -0.08511729 0.05643858
-0.07095880 -0.05886977 -0.02451259
-0.23890394 0.00294002 -0.00244852
-0.03402516 -0.03043146 0.26350856
-0.29420349 -0.01529920 -0.02815018
0.05306493 -0.05785199 -0.06979416
0.00494821 -0.09235713 0.06365534
0.06519093 -0.06790821 0.11912227
-0.30411896 -0.01428306 0.04294217
-0.28282198 -0.00521772 0.00318827
0.10989451 -0.00254355 -0.00092805
0.25840372 -0.04327924 0.03173793
0.06670610 -0.01444844 0.02581947
0.18778972 -0.03341179 0.03289168
-0.04374958 -0.03626649 0.19853485
-0.33843613 0.07754936 0.00117580
-0.15729569 -0.06377547 0.01105642
-0.00932602 -0.04051374 -0.16174726
-0.06603866 -0.02682388 -0.03171831
0.07568553 -0.06464227 0.08584560
-0.00502596 -0.03685528 -0.22563674
-0.10637736 -0.05038799 0.02622404
0.12989727 -0.07108988 0.00191681
-0.31245852 -0.01298601 -0.04939664
0.24949136 -0.06486661 -0.01926566
0.14068422 -0.00193185 0.00455708
0.25723633 -0.06783401 0.00355518
0.31084949 -0.04829508 -0.01961255
-0.10560331 -0.03968280 0.03323903
-0.22175328 0.00032354 -0.00308059
0.04355017 -0.00859622 -0.01782914
0.19630466 -0.03386259 0.03285619
-0.30981132 0.05076337 0.00226084
-0.26081169 0.02737378 0.00182381
0.09704735 -0.05755092 -0.02968580
-0.21833581 -0.00549321 0.01111297
-0.14437479 -0.05835908 0.02095992
0.09643786 -0.04648024 -0.03276841
0.33404839 -0.02960869 -0.01112998
0.24328560 -0.00224282 0.01059465
-0.14480631 -0.02105473 0.02848930
-0.30170274 -0.01511744 -0.04599040
-0.27490610 -0.00447051 -0.00139513
-0.05995013 -0.02594742 0.30227262
0.20317057 -0.04636642 -0.02954969
0.03658445 -0.05587715 -0.07294054
0.23470618 -0.00344660 0.00153138
0.06542492 -0.05130662 -0.05608126
0.25577247 -0.00461592 0.01003575
-0.21288955 -0.05354774 -0.01679409
0.22268185 -0.06607497 0.01643754
0.02336611 -0.05252427 0.07918093
0.08717453 -0.08268863 0.11292999
-0.27689448 0.01050698 0.00444433
0.00398764 -0.00144685 0.00077958
0.06002533 -0.05563744 -0.05350965
0.00645734 -0.04240505 -0.14271539
-0.05369047 -0.02617210 -0.29744762
-0.13628303 -0.06519447 0.00685266
0.11620039 -0.08433542 0.10672106
-0.13585462 -0.00272459 0.00467750
0.08402811 -0.02474689 0.03033458
0.02767785 -0.04763783 -0.11798522
-0.01599521 -0.03959431 -0.17063859
-0.31353441 -0.01089591 0.06202932
-0.27875039 0.01064936 0.00546613
-0.33187264 -0.01336723 -0.06589898
-0.01774715 -0.03715798 0.22630361
-0.06082622 -0.00499246 -0.01183567
-0.12224499 -0.05440906 0.02595623
0.00196272 -0.04787202 0.11551314
-0.05768122 -0.02758217 -0.28170472
-0.03176770 -0.07003482 -0.00796210
0.10471293 -0.05974503 -0.11482504
0.01616037 -0.04839877 0.03269163
0.10050593 -0.08136563 0.11842813
0.08360903 -0.05772669 -0.05237454
-0.24889433 0.00551290 -0.00252299
-0.07708707 -0.06456655 -0.01641111
0.17671901 -0.05374759 0.02883132
0.04012807 -0.06465027 -0.02039790
-0.01210378 -0.04761660 0.09679379
0.10582104 -0.07015449 0.00959091
-0.05387551 -0.02715271 0.26221257
0.03917053 -0.04689454 0.08759131
-0.01134410 -0.03963741 -0.16449659
-0.00797949 -0.04386677 0.14317410
0.00343715 -0.00298964 -0.00421707
0.06631221 -0.05569513 -0.07643413
0.32176223 -0.04878516 -0.02002185
0.04716238 -0.04243595 0.13377856
-0.04442373 -0.06609961 -0.01749158
-0.33231100 0.06761692 0.00088106
-0.03139419 -0.03218986 -0.24046749
-0.34305730 -0.00902826 -0.10046310
0.02568632 -0.04071084 0.14682925
-0.12673850 -0.01180719 -0.02293838
0.27860156 -0.06584914 -0.00991288
0.01188763 -0.04847739 -0.11311932
0.02528363 -0.05550186 0.06881806
-0.27669328 -0.01029128 -0.01172369
0.07822652 -0.04860168 0.03311776
0.01280026 -0.03631434 -0.16741244
-0.02402201 -0.03651205 0.23397715
-0.14761090 -0.05279515 -0.02730229
-0.03539615 -0.03129501 0.24990046
0.03280756 -0.07282662 0.01329801
0.08663223 -0.05280697 -0.03879207
0.11372581 -0.04817732 -0.03241045
-0.32025817 0.03591562 0.00079770
0.00702453 -0.08451553 0.05663601
-0.32966679 -0.01533584 -0.04216563
-0.25047591 -0.03284562 -0.01749667
-0.01836497 -0.03401131 -0.22854723
-0.33892310 0.09446677 0.00076807
-0.02982330 -0.03491210 -0.20591719
-0.14173871 -0.06305252 0.01156626
-0.20065594 -0.05489369 0.01707598
0.10818814 -0.07055478 -0.11367527
0.07194976 -0.06514324 -0.11632928
0.07395791 -0.04624072 0.05362419
0.07772764 -0.06068381 0.10532136
0.09807583 -0.06886693 0.08788164
-0.26230958 -0.03381250 0.01646236
0.08938294 -0.06719670 -0.02585071
-0.30635282 0.07937661 0.00090357
-0.00949060 -0.04510875 -0.12266085
-0.04909220 -0.03203338 -0.24399078
-0.31981510 0.08912108 0.00069137
0.03457886 -0.05708108 0.07204595
0.06306081 -0.04376274 -0.07799774
0.11308564 -0.07287668 -0.00621617
-0.02068566 -0.06808814 -0.02772819
0.01661751 -0.04251979 0.18164836
0.23642947 -0.05466507 -0.02778135
0.02911226 -0.04674089 0.12024385
0.06856462 -0.00832478 -0.01864488
0.28705961 -0.02153106 0.02631987
-0.05092047 -0.03441366 0.23003606
0.03917744 -0.05454209 0.09411853
0.27506572 -0.08645780 -0.00168155
0.19817759 -0.06776560 -0.00727229
0.10365933 -0.06650237 0.11641693
-0.03444859 -0.07029546 -0.00791699
0.01350590 -0.04300971 0.12414797
-0.00665150 -0.03403402 -0.19632769
0.08829763 -0.07771350 0.11899012
-0.28696010 0.04516247 -0.00076012
-0.32655552 -0.01182755 0.06320786
0.06266541 -0.06683167 -0.09547536
-0.05999811 -0.03338210 -0.23226887
-0.29532108 -0.01974568 0.02243685
0.12887561 -0.01843868 -0.02789538
0.06444388 -0.03561052 -0.03373273
-0.25989768 -0.04417094 0.00209244
0.05814224 -0.07603767 0.11689634
-0.32899296 -0.01138193 0.00365846
0.28904858 -0.02535473 0.02593682
0.06509634 -0.05879348 0.10495429
-0.25879002 0.03371089 -0.00135047
-0.21715124 -0.05319066 0.00943014
-0.02702622 -0.03909656 -0.17917778
-0.25312048 -0.03121976 0.02132161
0.07243720 -0.06424594 0.08614091
0.08850300 -0.00825728 -0.01865405
-0.31520215 -0.01700356 0.03284922
0.00698171 -0.04670316 0.10360900
0.09873862 -0.00350179 -0.00514237
0.00631431 -0.04748120 -0.10460766
0.12576371 -0.06551054 -0.01610824
-0.16926514 -0.05143587 0.02665738
-0.03434117 -0.04204320 -0.15981860
-0.02329400 -0.04285667 -0.15971567
0.07469232 -0.07095037 -0.11071308
-0.02391103 -0.05516569 0.03047258
-0.31466758 -0.01211828 -0.07509270
0.07883096 -0.06525729 0.08569825
0.06712158 -0.06155092 -0.03617487
0.20824261 -0.02035907 -0.03067578
0.09336415 -0.05181326 -0.02829450
0.09968675 -0.06744101 -0.12258374
-0.08437619 -0.06530440 0.01719830
0.10768909 -0.05722664 0.10139915
0.07749230 -0.05974684 0.03472311
0.00471848 -0.03974172 0.15464804
0.00466923 -0.00659194 -0.01270925
-0.17384757 -0.03158329 -0.03097467
0.00613172 -0.05594665 -0.05713211
-0.32813945 -0.00763642 -0.09446064
-0.00204133 -0.05458083 -0.02934325
-0.30857179 -0.01424267 -0.05634983
0.29141271 -0.06792009 -0.00066579
-0.00878539 -0.03591536 0.21756524
0.11783948 -0.05116668 -0.03331226
0.08974808 -0.07664619 -0.12078855
0.09560049 -0.08406256 0.09764405
-0.31022713 0.03325299 0.00107769
0.04726636 -0.04836227 0.02961091
-0.00676051 -0.04462486 0.19138448
-0.33379075 0.07677151 0.00072430
0.09011730 -0.08294137 -0.11278952
0.34235805 -0.03713261 -0.00984544
0.24203151 -0.06266685 0.01364192
-0.08374713 -0.06530002 -0.00950085
-0.23425984 -0.01958835 0.02479531
0.00533397 -0.05669700 0.05505935
0.10314349 -0.07041042 -0.10882732
-0.28660578 -0.02077657 -0.01547621
0.01626798 -0.04387937 0.12802055
-0.11615940 -0.01415470 0.02221983
0.18060698 -0.00980182 -0.02461228
0.02099888 -0.00157048 0.00067998
0.01694193 -0.04819747 -0.10382699
0.06180406 -0.05514288 -0.08421351
0.03916917 -0.05374781 0.10251613
0.05644669 -0.05162842 -0.09362476
0.29724044 -0.01020726 -0.01304469
-0.04363009 -0.03588361 0.20965534
0.14822388 -0.03287975 -0.03204619
0.17457414 -0.00674325 0.01601004
0.00949331 -0.04104038 -0.19852905
-0.21014939 -0.05476079 0.00903991
-0.34185061 -0.00699800 0.10268793
0.06264793 -0.06121065 -0.03645199
-0.06816234 -0.00348050 0.00438459
0.03368642 -0.05013885 -0.11066521
0.08221237 -0.04232887 0.03307074
-0.04211506 -0.03085418 0.24234025
-0.08061133 -0.02244002 0.03070615
0.19965780 -0.06842202 0.00312078
-0.01282179 -0.04117990 -0.17747694
-0.06782310 -0.02233030 0.03039983
-0.03919507 -0.03727898 0.19385463
0.09587733 -0.01186334 -0.02567195
0.06450877 -0.07041316 -0.00582737
0.21555392 -0.02425749 0.03185444
0.03811064 -0.04628897 0.06607289
-0.31296903 -0.01611072 0.02085435
-0.15531164 -0.02054921 0.02820485
0.01293347 -0.05414430 0.02915841
-0.09985690 -0.05130193 0.02841640
-0.31149286 -0.01446042 0.05748352
0.01816148 -0.08554728 0.05576809
0.06952751 -0.00652338 -0.01245539
-0.09865470 -0.03490872 -0.03267735
0.01481224 -0.04330395 0.15063930
-0.12818643 -0.06793228 0.00210681
-0.08507597 -0.02509941 -0.03250419
0.00255876 -0.08575218 -0.05986644
0.01972377 -0.04868240 -0.09382866
-0.31511512 -0.00010717 -0.00052662
0.31347758 -0.01903353 -0.01488692
-0.29066432 -0.01435309 0.05060311
-0.32922122 -0.00919395 0.10293896
-0.00777939 -0.04534775 -0.11084563
0.11409217 -0.04938683 0.03352379
-0.30325091 -0.01814334 0.01985431
0.07474078 -0.01609929 -0.02691343
0.05740134 -0.08337460 0.10355958
-0.14461337 -0.00944538 0.01920032
0.04822130 -0.04436317 0.08521493
-0.00197797 -0.03710352 0.20571041
0.32747757 -0.02763008 0.00740134
