0.00189971 -0.03714444 -0.17643680
0.00602351 -0.05256500 -0.06720975
-0.08629987 -0.00488119 -0.01219371
-0.00889012 -0.05408218 -0.04122683
-0.30611092 -0.01721511 -0.02168573
0.23654748 -0.04748683 -0.03052060
0.06687801 -0.04902619 0.10735183
0.07803798 -0.04053655 0.03324742
0.04512032 -0.05359495 -0.08113007
0.08605749 -0.00285841 -0.00284464
-0.04745009 -0.04760595 -0.03174824
0.03762553 -0.01825331 -0.02916818
-0.23458099 -0.00951108 -0.01183895
-0.17678989 -0.00876798 0.01754746
0.08597937 -0.05835055 0.05714361
-0.00488377 -0.06302408 0.01941453
-0.16110766 -0.00315184 0.00462589
-0.07880984 -0.02287273 0.31735674
-0.31010282 0.00638718 -0.00154859
-0.18649830 -0.03606809 0.03054966
0.01387167 -0.04685424 -0.10903563
-0.05884399 -0.03309282 0.22818863
0.26707363 -0.06162854 -0.01979164
0.05258982 -0.04203176 0.10164413
0.00224353 -0.08850657 0.06496971
0.08355979 -0.05459428 -0.03596491
0.02702436 -0.08600858 0.06312378
0.31192258 -0.06070375 0.00503107
0.29804766 -0.03549468 -0.02906214
-0.30049938 -0.02130479 -0.00881206
0.07939290 -0.05001481 -0.10605446
-0.02478024 -0.03491941 -0.23399124
0.27574992 -0.03727591 0.03165086
-0.06703663 -0.03185784 0.24939032
0.04480259 -0.04220429 0.08496521
0.13267377 -0.05894297 0.02296150
-0.19838879 -0.04180026 0.02755672
-0.01195529 -0.04236203 -0.12942685
-0.00245247 -0.06306348 0.02089306
-0.03246950 -0.03128191 0.03129689
-0.13533999 -0.04123791 -0.03194514
-0.00980752 -0.04117218 0.17971168
-0.06468888 -0.05305024 0.03101248
0.10641449 -0.02813798 0.03163385
-0.14458288 -0.00309694 -0.00849640
0.08046584 -0.05776866 -0.07292856
0.08950336 -0.06988314 0.08823032
-0.28854486 -0.01561254 0.01182022
0.02983578 -0.04294530 -0.11292025
0.08434153 -0.08496332 -0.10419960
0.01779488 -0.05781492 0.05135786
0.05512366 -0.03946729 0.03412681
-0.02966993 -0.00468216 0.00941229
-0.04750201 -0.02463000 0.03081827
-0.12702259 -0.01159824 -0.02260711
-0.24382071 -0.05023161 0.00239765
-0.20636418 -0.00719011 -0.01258852
0.11916512 -0.07151544 -0.08594722
-0.20920998 -0.02119598 0.02437931
0.00141241 -0.01143970 0.02288860
-0.05381212 -0.00775321 -0.01775318
0.01635706 -0.04476323 0.12926131
0.06683584 -0.07815237 -0.10177840
-0.28232652 -0.00878236 -0.00546024
0.09862647 -0.05661884 0.10914943
-0.15790589 -0.03025489 0.03107660
0.32414621 -0.04734491 0.01760741
0.30501127 -0.01328587 -0.01313897
-0.34140840 -0.01171726 -0.00159652
0.20027378 -0.00916472 -0.01876971
0.01888471 -0.06697441 -0.05468488
-0.31887510 0.07346046 0.00223748
0.01273599 -0.07129961 -0.01186685
-0.05649319 -0.06627510 -0.00792007
0.00553304 -0.06843772 -0.02969200
-0.00874759 -0.04669377 0.10216337
-0.32948318 0.07100719 0.00000208
0.19126981 -0.04428970 0.03202463
0.20097214 -0.03376651 0.03174087
0.06157560 -0.07063776 0.00152105
0.20275332 -0.06835727 0.00670458
-0.32157582 -0.00782137 0.10032124
-0.22273679 -0.01401862 0.01838437
0.01240623 -0.04702040 0.11342900
0.03808315 -0.04297334 -0.11330056
-0.12132409 -0.00324650 -0.00203625
-0.05915880 -0.05039138 -0.02901791
0.00529463 -0.05449743 -0.04693687
0.29021034 -0.03617763 0.02994987
-0.02581286 -0.03847449 0.17908154
-0.30788389 -0.02501123 -0.00766142
-0.02983678 -0.06709170 -0.00249796
-0.05290140 -0.03500148 0.20194994
0.08190166 -0.04768879 0.03295590
-0.23332220 -0.03147502 -0.02554666
0.01663704 -0.08760397 -0.06038525
-0.00795430 -0.04366012 0.19628397
0.06913729 -0.04856662 -0.10558191
-0.06132567 -0.03125032 0.24013302
-0.29146916 0.00326588 0.00096805
-0.24379677 -0.01217916 -0.02070777
-0.05846667 -0.03360709 0.22015423
0.32389292 -0.05314134 0.01015064
-0.17941622 -0.05547939 0.02045996
-0.02591653 -0.04664228 -0.10237166
0.19799094 -0.00365131 0.00301109
0.08439735 -0.08650213 0.09820521
-0.21561955 -0.02092215 0.02437866
-0.30502427 -0.01703579 -0.02851066
-0.16214739 -0.00903498 0.01767764
-0.01287002 -0.05234149 -0.08140834
-0.14600286 -0.03424425 0.03215966
-0.01525065 -0.03929675 -0.18762229
0.06634395 -0.06691581 -0.02108542
0.07303485 -0.07780496 0.12287059
-0.10930849 -0.02172771 -0.02868269
-0.09718145 -0.05640236 0.02334835
-0.01437894 -0.03124427 -0.21362847
0.02613026 -0.05704782 -0.10055190
-0.09415046 -0.04013753 0.03271461
-0.05093416 -0.05778263 -0.02622412
-0.27545327 -0.00290709 0.00353239
0.23084931 -0.05664493 0.02416690
-0.30035728 0.02615083 0.00096099
0.01682408 -0.04885205 -0.06889168
-0.05760134 -0.03385237 -0.22275837
0.32636222 -0.02733333 0.00641542
0.04385783 -0.04186913 0.10288410
-0.03070045 -0.06626469 -0.02902589
-0.00710806 -0.04741560 0.09048492
-0.00607289 -0.04852249 0.10065652
0.22800380 -0.03116692 -0.03322925
-0.33400163 -0.00729738 -0.09475344
0.11041763 -0.08621643 -0.10774117
-0.01451828 -0.03904254 -0.16531305
-0.09348796 -0.06178112 -0.01618894
0.04825216 -0.04192971 0.09530807
-0.00595323 -0.04315827 -0.12742817
0.03485785 -0.07210170 0.01094357
-0.06112764 -0.02777465 0.26918769
0.06218127 -0.04624056 -0.11390957
0.00900406 -0.04077153 0.18636799
0.10268570 -0.06450576 0.11369412
-0.00866291 -0.04374209 0.19140014
-0.28276306 0.04027760 0.00030597
0.01929053 -0.08699154 0.05296289
-0.05494273 -0.01012324 0.02171496
-0.01309936 -0.04786979 -0.09438724
0.07418098 -0.06258366 -0.09407198
0.09179897 -0.05755589 -0.10095868
0.07329870 -0.08258759 0.09151010
-0.01081934 -0.00713811 -0.01292646
-0.06723816 -0.02723168 0.28426337
0.01376459 -0.06851617 -0.03031871
-0.00872540 -0.05342790 -0.06009717
-0.13409744 -0.06402071 0.01425865
-0.03320923 -0.03057241 -0.23455590
0.07642466 -0.04530976 -0.07578015
-0.00410623 -0.08804955 0.06897622
-0.06281513 -0.02557486 -0.29099613
0.09209037 -0.04904085 -0.06180242
-0.18109751 -0.05351067 -0.02270278
-0.17512509 -0.00219592 0.00478568
0.24958260 -0.02402613 -0.03303562
-0.23084767 -0.03395371 0.02576452
0.09539185 -0.06465720 -0.08914971
-0.11753851 -0.05833321 0.01790672
0.01593183 -0.06957585 -0.01310876
0.00856596 -0.05259629 0.06243868
0.02506908 -0.07087417 0.01085229
-0.07602228 -0.02160219 -0.32107532
-0.31535608 -0.01804871 0.01418482
0.07581235 -0.06502014 -0.03009335
0.03373542 -0.04134415 -0.09245653
0.01459965 -0.05524851 0.03878177
-0.15745883 -0.03800932 0.03039399
-0.17269988 -0.00265654 -0.00927689
0.01403959 -0.04874189 -0.07992188
0.01029545 -0.06525545 -0.05667142
0.01846038 -0.09079950 0.06004683
-0.02937122 -0.04298546 -0.13571361
-0.10022066 -0.06087239 -0.02158519
0.03225100 -0.04556044 -0.03300555
-0.33832979 -0.00436033 0.10269975
-0.06193858 -0.02554215 -0.29168290
-0.04282581 -0.02930824 0.27404526
-0.24259773 -0.04781834 -0.00601767
-0.00624169 -0.05341146 -0.07835496
0.18727335 -0.01018174 0.02074795
0.00097769 -0.05380705 -0.04857391
0.07835600 -0.05959328 -0.10517539
0.08333286 -0.03071963 0.03354594
0.02522293 -0.01216508 -0.02260201
0.28178772 -0.00475147 -0.00586826
0.06545379 -0.04539454 -0.10346837
-0.04478204 -0.03635032 -0.20632985
0.05383720 -0.05865311 0.04526351
0.10272860 -0.08108554 -0.08910630
-0.02771430 -0.05291172 0.02978890
0.05939491 -0.05112710 0.02943622
-0.06744224 -0.05060177 -0.03086207
0.03817246 -0.04292283 0.08574545
0.03333890 -0.04257457 -0.12865748
0.07235415 -0.04987033 0.09947463
0.13391186 -0.05574756 -0.02701035
0.04072326 -0.05541327 0.10792338
-0.06521790 -0.02399061 0.31303674
-0.17615636 -0.05565637 0.02046027
0.23573413 -0.02264097 0.03033610
0.00995343 -0.01300581 -0.02389652
-0.30317733 -0.01429690 -0.01071315
0.00179203 -0.08689145 -0.06150176
-0.05621921 -0.02482002 -0.28388909
-0.06140339 -0.04906412 -0.03016501
0.04609896 -0.05915886 0.03354396
0.10305941 -0.06746982 0.08852510
-0.27608213 -0.01435526 -0.02319907
0.02925052 -0.01376516 -0.02170510
-0.20983532 -0.00754950 0.01559571
-0.22533610 0.01318831 0.00117235
0.08698975 -0.08514655 0.09507628
-0.06654550 -0.03005702 -0.25474343
0.23156954 -0.01424589 0.02378235
0.00825401 -0.07620533 -0.05161455
0.10254976 -0.06438626 0.11616118
-0.05854705 -0.06455208 0.02255805
-0.04726744 -0.06711563 -0.00282296
-0.02465241 -0.00581716 -0.01301413
-0.03779534 -0.03916512 -0.17527691
0.01964152 -0.05305345 -0.05674877
-0.08838559 -0.02509226 0.03116200
-0.01829783 -0.03978024 -0.16456944
0.23491666 -0.05486703 -0.02727900
-0.02880225 -0.03152775 0.24433394
-0.23560533 -0.03238209 -0.02449260
0.09943611 -0.06263772 0.09023679
-0.04828431 -0.03629034 -0.20584562
0.00187826 -0.01409010 0.02513865
0.22608715 -0.00602011 -0.01671164
-0.08757190 -0.01867969 0.32523558
-0.09899723 -0.01889020 0.32393920
0.03225376 -0.04185383 0.14109671
0.00565774 -0.05624284 -0.03897847
0.05866968 -0.05955696 0.10515931
0.28261510 -0.06259414 -0.00526613
-0.00299562 -0.03485682 -0.19037394
-0.26217204 0.01692884 0.00154658
-0.01085690 -0.04202040 -0.14168766
0.02650100 -0.04293448 -0.10794472
-0.03938485 -0.03691435 -0.21378008
-0.06106967 -0.02650156 -0.29504621
0.07915298 -0.03362112 -0.03328748
0.01240676 -0.04345392 0.15233693
0.10642068 -0.00528131 0.00848659
0.08388250 -0.07579719 -0.08141854
-0.01610837 -0.03647590 0.16829866
-0.28568670 -0.02333994 -0.00912747
0.08806026 -0.07613785 0.11743455
-0.02508050 -0.04186287 0.13916443
-0.19022579 -0.01888352 -0.02560263
-0.03298835 -0.02967396 -0.25116852
0.29680309 -0.06339259 0.01056782
0.12980697 -0.06783189 -0.01228887
-0.01209720 -0.04268573 -0.12521718
0.04255928 -0.04478027 -0.11470708
0.00485448 -0.04767714 -0.11839036
0.01313345 -0.05119971 -0.03755590
-0.31567037 -0.00869557 0.06437378
0.10477147 -0.06315801 -0.11567546
-0.08403950 -0.02591118 0.29908201
0.03550731 -0.04168524 -0.11845022
0.09338530 -0.06161558 0.02668126
0.00932358 -0.05290676 0.05347124
-0.31229928 0.00836384 0.00210875
0.29706645 -0.08233937 -0.00241640
0.01389337 -0.04916871 -0.06656342
0.33887380 -0.04710768 -0.00403868
0.06047246 -0.04294222 0.03253721
0.26877850 -0.03332973 -0.02883446
0.23382431 -0.01419847 -0.02560770
-0.20274821 -0.00649667 -0.01380981
-0.28295022 0.05911274 -0.00138986
-0.04224315 -0.06600912 -0.01229906
0.00085844 -0.05433625 0.05216467
-0.10884075 -0.01186216 -0.02174945
0.00077849 -0.06762800 0.01844957
-0.27898958 0.00224492 0.00139322
0.11002415 -0.06199231 0.08988731
-0.33549628 0.09467493 0.00044111
-0.01940792 -0.04247902 -0.12492646
-0.04743324 -0.03722693 0.18035483
-0.03373406 -0.03174622 -0.22678190
0.03988098 -0.04602304 -0.03366904
-0.32830542 -0.01438563 -0.02465468
-0.32687935 -0.00843802 -0.07585385
0.04574553 -0.06159001 0.03533768
-0.01122041 -0.04691231 0.11108836
-0.08756412 -0.02580961 -0.30746046
0.02270819 -0.06181263 -0.02110062
0.03408174 -0.05647135 -0.03836218
-0.27606308 -0.01660753 -0.01605413
-0.24068682 -0.03394322 0.02560715
-0.32205728 -0.00618949 -0.09383144
-0.01659719 -0.04133616 0.16270405
-0.16086698 -0.00317785 -0.00107822
-0.03158546 -0.03556683 0.22594927
0.12841980 -0.05821336 0.02303908
0.13358364 -0.06840310 -0.00676009
0.10110747 -0.00593221 0.01310764
-0.30304050 -0.01751993 -0.02048641
0.09802597 -0.07952070 0.11122777
-0.03198219 -0.03169949 0.23734848
-0.30080381 0.06728757 0.00108811
0.13559346 -0.01686409 -0.02812769
-0.06459964 -0.06307678 -0.01761102
-0.16111465 -0.03003667 0.03094455
-0.12808783 -0.06440868 -0.01378085
-0.01786642 -0.04701876 -0.09695746
0.24186975 -0.03591673 0.03376332
-0.20217894 -0.02668320 -0.02571617
-0.26522100 0.01486488 -0.00183847
0.26911592 -0.04736948 -0.02833900
-0.04113987 -0.03542545 -0.19900005
-0.15636486 -0.00781950 0.01777303
0.00918193 -0.04709434 -0.10974798
-0.25721872 -0.01740920 -0.02116317
0.21799645 -0.04077661 0.03265542
0.04563297 -0.05663858 0.10327587
0.02826256 -0.00641024 -0.01292336
-0.02380237 -0.03232767 0.21412200
0.04410855 -0.04418928 0.04378565
-0.26590088 0.04005436 -0.00066405
-0.02897591 -0.03452810 -0.20921589
-0.25331098 -0.03128344 -0.01744959
0.24492428 -0.02101383 -0.03068011
0.03007768 -0.05641764 0.03632749
0.00058255 -0.03654038 -0.18109171
-0.31417233 -0.01820505 -0.02082014
0.00629189 -0.04529985 0.09689071
-0.19450076 -0.05877905 -0.00088062
0.19410986 -0.03510420 -0.03415602
-0.19897918 -0.00311715 0.00507112
-0.09766906 -0.03445861 -0.03235195
-0.19045123 -0.04485357 -0.02734252
0.01552700 -0.04825104 -0.11058841
-0.18469007 -0.06229911 0.00249359
-0.01717410 -0.04529172 -0.10781886
-0.22712702 -0.02500545 -0.02234212
-0.30222180 -0.01031125 0.06177467
-0.29815596 -0.01310858 -0.05585789
0.04142113 -0.04267269 0.08363840
0.24346299 -0.06613777 0.01653079
-0.08491549 -0.02315254 -0.33068779
-0.01886048 -0.02754487 -0.03204863
-0.06967911 -0.02556985 -0.28059259
-0.31945211 0.08490302 0.00113811
-0.31027418 -0.00852068 0.00069046
0.28284529 -0.06244999 0.01021752
-0.02407749 -0.04008154 0.19971028
0.02644984 -0.04482622 0.03151038
-0.28450248 0.04914276 0.00191671
-0.18856809 -0.01937186 0.02729640
-0.02577584 -0.05177013 -0.07884207
0.01115292 -0.05932194 0.03417788
0.05467020 -0.05107970 -0.10427813
0.16818358 -0.02432432 0.03104632
-0.17001675 -0.02226052 -0.02835635
-0.15075988 -0.04372957 0.03284490
-0.31445068 -0.01153070 0.04329944
0.03122877 -0.04739327 -0.03036140
-0.08000740 -0.06678981 0.00972424
0.00090995 -0.03874340 0.17875643
-0.28067964 -0.03374270 0.00924484
0.08519381 -0.05600686 0.03622906
0.07861052 -0.00887611 -0.01609368
0.04913772 -0.05889693 -0.10163817
0.08324572 -0.05172454 0.03105872
0.01668231 -0.06745563 0.03728430
0.11261030 -0.05800500 0.10843419
-0.08295013 -0.06493608 0.01669169
-0.01329772 -0.05858054 0.03190839
0.22398010 -0.04166150 0.03261739
-0.01735823 -0.04555105 0.12047444
0.04391469 -0.04138885 0.10744545
0.13164940 -0.04209569 -0.03151285
-0.09597187 -0.06663943 -0.00697682
0.00336846 -0.05257254 -0.06594732
-0.30848500 0.02561201 0.00292473
0.02772051 -0.04198726 -0.16043214
-0.33214074 -0.00849682 0.08572416
-0.04551387 -0.03602750 0.21343297
0.08511754 -0.07643931 0.11972138
0.03491729 -0.06914255 0.00091810
0.00537969 -0.08119567 0.05740021
0.07666457 -0.02268543 -0.03106673
0.04944561 -0.05529646 0.06653800
0.25937405 -0.06373701 0.01440002
0.10750633 -0.06691739 0.09137961
-0.05145473 -0.02568912 -0.29216605
-0.02146423 -0.04210855 0.15151079
0.03230601 -0.04354293 -0.05040522
0.10462577 -0.08572095 -0.11073261
0.00532700 -0.04101790 -0.16326977
0.06644370 -0.06893079 0.09712552
0.23840749 -0.05211445 0.02962280
0.18055607 -0.06572435 0.00646812
0.00466646 -0.03616122 -0.15779993
0.30678713 -0.02677559 0.02343493
0.04288768 -0.05022676 0.08163726
-0.11686035 -0.00581221 -0.00930427
-0.01303435 -0.05438259 -0.05955504
-0.29332763 -0.01594087 0.03363596
0.05940935 -0.06149616 -0.12559228
-0.18727797 -0.01281366 0.02088966
-0.25285712 0.02825547 -0.00061622
-0.06024290 -0.03354104 0.22374640
-0.28569168 -0.00410096 0.00303872
-0.33008406 -0.00625859 0.09666453
0.02947387 -0.05623076 -0.10753985
0.19169283 -0.04271529 0.03035747
-0.11449201 -0.01550973 0.02364976
-0.24653997 0.01389510 -0.00161601
0.05379670 -0.04196597 -0.03292668
0.12050464 -0.05594768 0.09870621
0.03698226 -0.06460153 0.10499067
-0.00495407 -0.04261992 0.13803138
-0.02890972 -0.04939354 0.03302275
-0.18935654 -0.04455964 -0.02433880
0.02778910 -0.04035681 0.15281202
-0.05143567 -0.03321960 -0.23028588
0.13695447 -0.06478020 -0.01636215
0.03716528 -0.01084918 0.02119952
-0.07576963 -0.06578185 0.00767643
0.04426430 -0.04636071 0.03204378
0.12174933 -0.00788252 -0.01808379
0.08751713 -0.08742390 0.09805899
0.00418957 -0.08480608 0.05828857
0.06434217 -0.07073676 -0.01308676
-0.09382954 -0.02038304 0.31959054
0.05794572 -0.04533583 0.05539552
-0.30397788 0.04419279 0.00054497
0.07698409 -0.00753150 -0.02002223
0.31575271 -0.04693696 -0.02077451
-0.13566725 -0.00302585 0.00462693
0.03252701 -0.00861509 0.01769526
0.27797490 -0.00806408 0.01070041
-0.04632653 -0.03555337 0.20895822
-0.19107081 -0.05341714 0.02083067
0.18657610 -0.03951433 -0.03180174
0.13596149 -0.06226618 0.01926374
0.27788767 -0.02787408 -0.03101777
-0.33787993 0.09335125 0.00116073
-0.03312019 -0.04076416 -0.15133482
-0.02912517 -0.03758801 0.18357585
0.22488281 -0.06457616 0.01687333
-0.25509384 -0.03291612 0.01683990
0.07117596 -0.05724600 0.05721942
0.06134394 -0.00288611 -0.00204879
0.25473809 -0.06872626 0.00431201
-0.06521825 -0.02576110 0.29973051
-0.28934398 -0.01534637 0.02016952
-0.05562981 -0.03230713 -0.24501544
0.04325579 -0.04375311 -0.11189874
0.02161213 -0.05939959 0.02255521
-0.33332732 -0.00563461 0.10323310
0.17682825 -0.01605179 0.02788912
-0.01579774 -0.05227086 0.04017402
0.01380024 -0.04172093 -0.12222818
-0.15553023 -0.06125186 -0.01851562
-0.01965293 -0.04074939 0.16700135
-0.11499320 -0.00583535 -0.00927367
-0.30273208 -0.02138529 0.00801514
0.20141010 -0.00369370 0.00306712
0.32674760 -0.04916546 0.01703371
-0.00478295 -0.04232579 0.13359268
0.03248855 -0.07192206 0.00789068
0.04608433 -0.06985485 -0.00199983
-0.33260906 -0.01357703 -0.00105911
-0.13608842 -0.04472731 0.03160702
0.07502855 -0.08618389 -0.09713104
-0.22131097 -0.01164747 0.02087494
-0.03908457 -0.03535855 -0.03389799
0.03516929 -0.04838818 0.10096915
-0.02234050 -0.04019213 -0.21196195
-0.25157782 -0.04341550 0.00412149
-0.07809053 -0.01118238 -0.02149085
-0.32643721 -0.01431076 -0.05072756
0.32285967 -0.04822453 0.02018266
-0.26254058 0.02399414 0.00242732
0.14491291 -0.00521564 -0.01169874
-0.10487609 -0.05928677 0.02068347
-0.30055702 -0.01994553 0.01443033
0.27249232 -0.00895187 -0.01540046
0.12155096 -0.03523225 -0.03228254
0.00008699 -0.04402811 -0.03225975
0.32693687 -0.01738125 -0.00128536
0.10424674 -0.04730472 -0.03326016
0.17954211 -0.06877220 0.00385175
0.06746600 -0.08226819 0.09234315
0.01920108 -0.01351177 -0.02356306
0.06722993 -0.04530291 -0.04933681
0.03862856 -0.04211079 -0.03339289
0.29215443 -0.03741822 0.02785911
-0.00210191 -0.04325408 0.12939887
0.30653435 -0.05871136 -0.01290365
0.01864224 -0.04707971 0.11413044
0.16591218 -0.01635309 -0.02592433
-0.06529342 -0.05904366 0.02334524
-0.13529179 -0.01790438 -0.02805556
0.09889824 -0.06075273 -0.08911249
0.04544991 -0.04821593 0.11290613
-0.00372172 -0.05322926 0.06249060
0.29844049 -0.02840390 0.02533587
-0.12113959 -0.02742414 -0.03169008
-0.01730460 -0.07034559 0.02089388
0.17368571 -0.06748207 0.00634591
-0.27917674 -0.01553954 -0.03320167
0.14800844 -0.00685477 -0.01299234
-0.02599570 -0.03828439 0.17945969
-0.26031959 -0.02530576 0.01506228
0.05206880 -0.04753122 0.10995257
-0.05060397 -0.02725478 -0.27483585
-0.27625248 -0.01188412 0.01122884
-0.27096191 -0.02134837 -0.01472283
0.01097298 -0.04849224 -0.11501203
-0.05141968 -0.03781683 -0.19642057
-0.07997495 -0.02258059 0.33001173
-0.09334257 -0.06187304 -0.01942474
-0.04467316 -0.03833148 -0.19284879
0.14313456 -0.01773998 -0.02809367
0.14200947 -0.02578378 0.03085645
-0.21110851 -0.00850634 -0.01697185
-0.30420449 -0.01265679 0.05663168
-0.04131618 -0.06151711 -0.03068512
-0.05084897 -0.06189336 -0.03030034
0.20774662 -0.02552581 -0.03039951
0.01285799 -0.04739089 -0.11395948
-0.00484444 -0.03993638 -0.15972769
0.02536744 -0.01031880 0.02141951
0.02622541 -0.06971808 -0.01353008
-0.11980332 -0.06615051 -0.00428743
0.18639351 -0.00541918 0.01536890
0.00770572 -0.05141381 -0.05878694
-0.14276561 -0.03161328 0.03146859
0.00770318 -0.07053068 0.00452064
-0.16041715 -0.05512608 -0.02253431
0.29034731 -0.05424831 0.02032289
-0.26418912 -0.01712277 -0.02033342
-0.05669172 -0.04793678 -0.03150484
0.16940226 -0.01647309 -0.02583946
0.20566842 -0.00677574 0.01508055
-0.29847595 -0.02390528 -0.01268412
-0.32012001 0.05733061 0.00074614
0.33856887 -0.04221552 0.01259333
0.02777604 -0.06643564 0.02234335
0.14805917 -0.06607408 -0.01523045
0.09392603 -0.05482054 0.10719804
0.25202489 -0.02358368 0.03076198
-0.32696170 -0.00676009 -0.09331577
-0.01624741 -0.06903571 0.00455682
-0.26157367 -0.03039152 -0.01669183
-0.00978340 -0.04242438 -0.13047215
-0.07833898 -0.06823387 -0.00392594
0.08653353 -0.08488197 -0.09085692
0.16590561 -0.00970090 0.02074146
-0.31117001 -0.01581635 0.03040510
0.22306454 -0.06592193 -0.01315271
-0.01516655 -0.05418163 -0.02896474
0.04420143 -0.04357991 -0.11578672
-0.25931084 -0.00227493 0.00354403
-0.32214904 -0.01382463 0.04680086
0.07171732 -0.06655630 -0.02133767
0.09443168 -0.05600548 0.03195436
0.02357492 -0.04816565 -0.10400115
-0.31860387 0.01791557 -0.00184940
-0.01327484 -0.05029152 0.03139256
0.00299160 -0.04913491 -0.03169001
-0.27288523 0.05147315 0.00067646
0.01719334 -0.04112747 -0.11044864
0.14166929 -0.03687276 0.03316389
0.07428659 -0.04740510 0.03323530
0.06937145 -0.05717020 -0.05222925
0.26935148 -0.01608887 -0.02307839
-0.03513215 -0.03624430 0.21274959
-0.29619983 -0.01487820 0.04927761
-0.26546165 -0.01756993 0.02705172
-0.18497756 -0.05897405 -0.00082618
0.13982032 -0.03743186 -0.03289027
0.06955846 -0.05156785 0.02800669
0.01101721 -0.04256054 -0.10406835
-0.02603142 -0.00864604 -0.01760328
0.10012971 -0.07014855 0.08967921
-0.15185493 -0.00940262 0.02027631
-0.13678309 -0.03052666 0.02949517
-0.01385916 -0.03620177 0.17007791
-0.15009402 -0.02051847 0.02658586
-0.15928991 -0.03955391 -0.03081337
-0.21053572 -0.04083759 0.02636085
0.05379141 -0.01435202 0.02571926
0.05464982 -0.04487215 -0.10188709
0.22067951 -0.05377045 -0.02661544
0.10222232 -0.03972677 -0.03158202
0.15012303 -0.02501302 0.03132347
-0.02923644 -0.03666170 -0.21553908
0.06158078 -0.06285031 0.11669032
-0.09701829 -0.02473663 0.32603893
-0.01602127 -0.04438926 -0.03069807
-0.11514229 -0.05401636 0.02642347
-0.28955257 -0.01337407 -0.04529893
0.25209549 -0.06713977 -0.00986506
0.00861604 -0.05697150 -0.03786627
0.20736991 -0.00211734 -0.00011110
-0.03111505 -0.03039568 -0.23829716
0.03741612 -0.04090893 -0.13975802
-0.00015796 -0.04684713 0.11215034
0.19693255 -0.00679916 0.01226566
-0.17078666 -0.05914366 -0.01359489
0.02581676 -0.03833174 -0.03422366
0.08542825 -0.07484211 -0.08602503
0.07546448 -0.04823452 0.08469751
0.06522425 -0.05813899 -0.11483833
0.04712454 -0.07752480 -0.10223123
-0.23723097 -0.03040698 0.02077813
-0.28896773 -0.01246752 -0.05560791
0.18310268 -0.06601842 -0.00840479
-0.03544354 -0.03595503 0.19350681
-0.06519039 -0.03137498 0.24509597
0.02562701 -0.05881339 0.05368757
0.09150159 -0.07618226 -0.11864344
0.03775603 -0.05644511 -0.10184381
-0.30837750 -0.01091457 -0.06688865
-0.07738172 -0.02631515 -0.28640282
-0.00820431 -0.04055020 -0.14800407
-0.02702568 -0.03353389 0.22666046
-0.18966164 -0.00595482 -0.01434493
0.10511421 -0.05877391 -0.02802829
-0.31604373 0.00095438 -0.00068253
0.01488540 -0.07176727 0.00368582
-0.00116600 -0.00395592 0.00243109
0.07849228 -0.06795211 -0.02087173
0.10856689 -0.04982644 0.03110321
-0.29742786 -0.01459278 -0.02252450
0.21206820 -0.01152682 0.02421038
0.19507940 -0.05654001 -0.02447618
0.02302323 -0.04743068 0.11263335
0.06899510 -0.08157656 -0.09482337
-0.02293279 -0.03762399 -0.17740494
-0.05467625 -0.03447696 0.20567864
-0.01779198 -0.00817883 0.01701636
0.18938902 -0.03385217 0.03192138
-0.02783617 -0.04064190 -0.15271483
-0.05907171 -0.00392247 0.00906026
-0.11895218 -0.02007574 -0.02893734
0.01800450 -0.03944222 0.16156133
0.05477045 -0.08153841 -0.10929132
0.23017710 -0.02180297 0.03074541
0.01358579 -0.06776989 -0.03003072
-0.02857571 -0.00325947 -0.00305242
0.12942234 -0.02258057 -0.03051788
0.09029243 -0.06581871 -0.02614101
-0.05981717 -0.02673120 0.28757581
-0.28658035 -0.01628652 0.01218741
-0.18949206 -0.06116900 0.00258059
-0.04701154 -0.00468252 0.00907238
-0.24723445 -0.04663494 0.01700929
0.07040378 -0.00815157 -0.01960311
-0.03856678 -0.02969632 -0.25536510
-0.10891189 -0.00591074 -0.00917401
0.02041143 -0.07127997 0.00218699
0.10445838 -0.06916995 0.11422959
0.06424262 -0.06596363 0.02965239
0.14972392 -0.01070506 -0.02455641
-0.12187536 -0.05974935 -0.02150595
0.05070032 -0.07373602 0.10135559
-0.07238147 -0.02430710 -0.29346913
0.09612212 -0.05313343 -0.02626183
0.10693491 -0.08072077 -0.09180126
0.08674994 -0.08684907 -0.09674469
-0.21445003 -0.05401638 -0.00745725
0.10327554 -0.05562419 0.09940377
-0.16335495 -0.00398805 -0.00097293
0.05490483 -0.06921210 -0.00200571
-0.02987733 -0.00663060 -0.01442456
0.19058062 -0.01125823 -0.02453831
-0.31815660 -0.01016202 0.08039556
0.27525026 -0.06406860 0.01052209
0.06655642 -0.04195881 0.06932331
-0.08994375 -0.02372478 0.31990370
0.01708184 -0.05633649 -0.03872007
0.24202475 -0.01437550 0.02395369
0.00311290 -0.03932330 0.15684591
-0.04099410 -0.03749367 0.20322677
-0.29143804 -0.01570214 0.02189326
-0.01362803 -0.04149565 -0.13219294
0.23275331 -0.06528825 0.01665702
0.05386160 -0.05884924 0.10580325
-0.03605160 -0.03562051 -0.19437674
-0.09369332 -0.01703137 -0.33316258
0.27882478 -0.06746195 -0.00141875
-0.29402021 0.02760193 0.00013182
0.04420234 -0.04661391 -0.10126003
0.07946586 -0.05300552 0.10339804
0.04579712 -0.00589455 0.01078281
-0.19212708 -0.01195407 -0.02428900
-0.25544658 0.03328178 -0.00187259
-0.24908383 -0.03151922 -0.01740007
-0.00025369 -0.01135749 0.02264328
0.04953163 -0.04378588 0.06779149
-0.29523939 0.07763214 -0.00068543
0.10222997 -0.06536902 -0.12046462
0.10151808 -0.03113861 0.03381898
0.05630319 -0.05439132 -0.07727359
0.00262023 -0.05578620 0.04667848
-0.01274011 -0.04842494 0.09410910
-0.25438169 -0.01615426 -0.02160289
-0.00237898 -0.04847065 0.09297363
0.22245258 -0.01062334 -0.02079011
-0.30916867 -0.01206374 -0.05594125
0.06137582 -0.06825499 -0.02783219
0.29943392 -0.06709129 0.00002847
0.30692285 -0.04561342 -0.02445362
0.12117087 -0.00360796 -0.00204641
0.05873375 -0.06646755 0.02743113
0.01155910 -0.03942177 0.17519568
0.06898405 -0.02531650 0.03209881
0.12150297 -0.05948085 0.02283555
0.03568342 -0.00296439 0.00089699
-0.07817605 -0.03978530 0.03301809
0.12464457 -0.04146378 -0.03262359
0.26642910 -0.02952132 0.03100063
0.01122082 -0.04328404 0.14365740
0.10166905 -0.07355682 0.09448265
0.04951338 -0.04642578 0.03212980
-0.14921704 -0.05838104 0.02070792
-0.15110999 -0.05155769 -0.02643673
0.02111385 -0.05127690 -0.03812679
0.02166538 -0.04915907 -0.11112116
-0.11019070 -0.02678553 0.03120446
-0.00025082 -0.05163034 -0.07020370
0.09730447 -0.05596717 -0.09858562
-0.30671442 -0.00235606 0.00155184
0.05931963 -0.07172804 -0.01124176
-0.32079542 0.05550803 0.00147801
0.26919737 -0.00463943 0.00984905
-0.27238095 -0.00882164 -0.01353180
0.04916981 -0.05486475 0.07535946
0.23882200 -0.06567883 0.01661445
0.19147837 -0.01964503 -0.02881565
-0.18379657 -0.00201340 0.00234696
0.16919249 -0.05541743 0.02469356
-0.31976277 -0.01386996 -0.01058214
0.20754932 -0.05976843 -0.02006095
-0.06675424 -0.02292737 -0.31118658
-0.29044476 0.04431685 -0.00050610
0.18338066 -0.06040725 -0.01986507
0.05579131 -0.06343604 0.09414823
0.00568982 -0.07813785 0.05195797
-0.31551003 -0.01016853 0.06827027
0.10761400 -0.00519951 -0.01388690
0.21514115 -0.00785989 0.01545918
-0.03240851 -0.04850625 -0.03391256
-0.31553826 -0.00958850 -0.07730579
0.24081033 -0.01575349 0.02743928
-0.28156209 -0.00186973 -0.00049358
-0.31086650 -0.01017909 -0.07092100
0.08391396 -0.07453293 -0.11758672
-0.28344813 -0.01669198 0.03095996
-0.31142563 -0.01228871 -0.04434984
-0.29227775 -0.01424421 0.03907925
0.01870430 -0.05466330 0.03746695
-0.07709385 -0.04326035 0.03185361
0.02908902 -0.06386338 0.03213971
0.11610673 -0.00859849 -0.01835631
-0.28102881 -0.00491135 0.00293555
0.04174884 -0.01449847 0.02553157
0.13065197 -0.01881356 -0.02830471
-0.24560317 0.00617279 -0.00322424
-0.23166919 -0.02221178 0.02011251
-0.05467355 -0.06269848 -0.01797370
-0.04314972 -0.01969139 0.02866478
-0.03770186 -0.03872719 0.17218459
0.00549819 -0.04406621 -0.13355017
0.00492631 -0.04750466 -0.08822177
-0.07939686 -0.02676627 -0.28535467
0.04383072 -0.05520324 0.10777617
-0.30932939 0.07642232 0.00119874
-0.06110233 -0.02535451 -0.30618745
0.09521227 -0.08709820 -0.10164885
-0.27111533 -0.01799576 -0.02918733
-0.10903645 -0.01336831 -0.02584029
-0.24988967 -0.00832471 -0.01163567
-0.31812391 -0.01151343 -0.06554874
-0.20165697 -0.02128961 0.02450308
-0.12119750 -0.04819524 -0.03088631
0.00605311 -0.04052733 -0.13559331
-0.32012811 -0.00349831 -0.09713385
-0.00318145 -0.08245367 0.05466117
0.26708335 -0.05080162 0.02769321
-0.09260081 -0.01896202 -0.33055517
-0.32171944 -0.00973229 -0.08423169
-0.32519829 -0.00561387 -0.09503650
0.04072594 -0.04871297 0.10214270
-0.05975305 -0.02742900 0.26322621
-0.31004953 -0.01015234 0.05487511
-0.26185918 -0.00335138 0.00318122
0.29946467 -0.00899108 -0.00723512
-0.02656838 -0.04243890 -0.13774854
0.22888240 -0.01597574 0.02739801
-0.19250195 -0.01986218 -0.02551179
-0.15103638 -0.04839242 -0.03009842
-0.13179004 -0.06522359 0.00566513
0.09629899 -0.05820392 0.11297435
0.09235328 -0.00324329 -0.01107185
-0.07694625 -0.02090385 -0.32617706
-0.03024196 -0.04246435 0.14161928
0.00802529 -0.05283595 -0.07403833
-0.31269294 -0.01655501 0.03546475
0.32851887 -0.02927836 0.01480613
-0.18622467 -0.00320121 -0.00885021
-0.27337191 -0.01526957 -0.02898600
0.05243554 -0.05792152 -0.10138018
0.03666448 -0.05108533 -0.08015544
0.08347180 -0.08679240 -0.09895090
0.25546274 -0.02755769 0.03172604
-0.01072481 -0.06726389 -0.02892146
0.08844861 -0.05703482 -0.11430945
0.20918952 -0.03709823 -0.03396307
0.15096641 -0.01900645 -0.02761099
0.23267360 -0.00301469 0.00096146
0.00015585 -0.04348223 -0.12505591
-0.32992038 -0.00653670 -0.08995822
-0.07220118 -0.02709754 0.28821683
0.05943282 -0.07437927 0.10881375
0.00765147 -0.07709899 -0.04761773
0.16226803 -0.02489051 -0.03340580
0.30349112 -0.05660105 0.01952562
-0.01651290 -0.05107661 0.06442202
0.10089307 -0.05319525 0.04492106
-0.24263379 -0.00587350 0.01096314
0.05464827 -0.04958258 0.08083338
0.09862904 -0.01214194 0.02241210
0.09077921 -0.02868040 -0.03248517
-0.28946152 0.00940542 -0.00059555
0.08303169 -0.07966597 -0.11697505
0.10433169 -0.04765403 -0.03307595
-0.12393557 -0.04119338 -0.03184077
-0.00775750 -0.07044254 0.00337419
-0.33911335 -0.00482823 0.09725264
-0.25416291 -0.04301359 0.00388525
-0.05705499 -0.03267250 -0.24298495
-0.21993081 -0.02315980 0.02276385
-0.15417591 -0.03587356 -0.03169914
0.08367217 -0.05327268 -0.03844129
0.08876140 -0.06044735 -0.02287735
-0.06826945 -0.05300585 0.03095380
0.01690675 -0.05294575 -0.05490499
-0.01632179 -0.00315859 -0.00103632
-0.31488386 -0.01615686 0.00558700
0.09222875 -0.05345052 -0.02482069
-0.33945489 -0.00570790 -0.10569906
-0.30777881 0.00459104 -0.00194774
-0.16689739 -0.02204299 -0.02872311
0.01614027 -0.04645988 0.08981204
0.10426361 -0.05575377 0.09738422
-0.30051607 -0.00208692 0.00173010
0.29273510 -0.08419885 -0.00145651
-0.14222668 -0.00966170 0.02034234
0.00373822 -0.07638250 0.05615493
-0.23554030 -0.01575249 -0.02212583
0.07107314 -0.06718862 0.02765055
0.03311952 -0.07325815 -0.10736383
0.05769039 -0.05044948 -0.06861897
-0.15229331 -0.06408188 -0.00253459
0.13323931 -0.05044863 -0.03105433
0.02005749 -0.06110410 -0.02204763
-0.05376746 -0.06652346 -0.01231622
0.10040985 -0.05018885 -0.03274396
0.01647209 -0.04546579 -0.07709068
0.02357490 -0.05258444 -0.02853892
0.27553892 -0.00915640 -0.01544644
0.10871972 -0.00790887 -0.01848929
-0.00863713 -0.03395332 -0.20448379
0.20879605 -0.04627103 -0.03087731
0.09640214 -0.07364911 0.09387019
-0.09086826 -0.01654531 -0.31973681
0.18503349 -0.03238904 0.03221797
0.16222012 -0.03271168 0.03285389
0.10805937 -0.04043974 -0.03132178
-0.07500169 -0.02118008 -0.32601374
0.00150372 -0.05762782 0.04364896
0.08653773 -0.08525875 0.10350199
-0.00152969 -0.03687422 0.14770314
0.05246969 -0.00899044 -0.01607505
0.01893832 -0.04156293 -0.12327397
-0.22528553 -0.00661219 -0.01289399
0.10195482 -0.05875918 -0.02742994
-0.00741405 -0.03356815 0.19896011
-0.06094829 -0.03609989 0.21935724
-0.01141650 -0.03933427 -0.18582277
0.26903087 -0.01050529 -0.02148005
-0.13171098 -0.04368993 0.03155515
0.14499825 -0.06226419 0.01711220
-0.25288686 -0.04589062 -0.00556561
0.03584140 -0.05282706 0.09958374
-0.03182712 -0.03122658 0.24379395
0.03915804 -0.05406614 0.07998816
0.29150659 -0.05847319 -0.01970100
-0.01097998 -0.03436157 -0.20249063
0.08477319 -0.08669424 0.09532408
0.25526184 -0.06736378 0.00512657
-0.33168900 0.06265039 -0.00033947
-0.02422421 -0.01922539 0.02873074
0.00376884 -0.07932681 0.06194659
-0.03996279 -0.03418642 -0.23384801
-0.29297981 -0.00715287 -0.00592481
0.03673228 -0.05968684 -0.02631199
-0.24621794 -0.02165439 -0.01726490
0.07423393 -0.08484684 0.10878608
0.08893370 -0.05139479 -0.10470943
-0.18792182 -0.04305540 0.02660058
0.19186042 -0.00946797 0.02090140
0.30690783 -0.05823034 0.00241232
0.06437180 -0.04197961 -0.05037105
0.01841049 -0.04345860 0.04704529
0.00654104 -0.04240047 0.13440242
-0.09676541 -0.01615980 -0.32871553
-0.00956052 -0.04255476 0.14232603
-0.03884120 -0.03777226 0.18696952
-0.02878265 -0.03547361 0.19278519
0.29239804 -0.05924563 -0.01961507
-0.02679766 -0.03383275 -0.24595423
0.09317576 -0.08144820 -0.09675645
0.21210715 -0.06091278 -0.01866210
0.05626161 -0.04618732 -0.11440315
0.05274155 -0.04502973 0.05390179
0.07873842 -0.05168247 0.03080510
-0.02525733 -0.04072433 0.17232017
-0.29215270 -0.01295262 0.01323615
-0.04570629 -0.02909527 0.25751629
-0.32521331 -0.01149226 -0.06603757
0.23007649 -0.03401568 0.03455846
-0.02782047 -0.04574645 -0.11804839
0.07252503 -0.05641842 -0.04184093
-0.16603419 -0.05358183 0.02546309
-0.00769156 -0.04197775 0.15082020
-0.12809049 -0.05844937 0.02036950
-0.31192225 -0.01329590 -0.04394734
0.26587275 -0.00436604 0.00075457
0.23707017 -0.04717016 -0.03060995
0.27598152 -0.06441218 0.01086065
-0.24072938 0.00145602 0.00468831
-0.16943012 -0.06012025 -0.01841500
-0.32164770 -0.01294709 -0.04399411
0.03691288 -0.06915673 -0.00972233
0.23102704 -0.01285121 0.02258964
-0.05935751 -0.06630415 -0.00298422
0.11345722 -0.08125726 -0.09349217
-0.02335131 -0.04307349 -0.12959002
-0.32666072 -0.01225051 -0.06383665
-0.32201046 0.04382837 0.00001624
-0.32695481 -0.00558608 -0.09461260
-0.00739173 -0.03539364 -0.19734532
0.28242651 -0.01733820 -0.02389595
0.04491007 -0.06969787 -0.00208868
0.27646858 -0.00775752 0.01058496
0.06926776 -0.05425923 -0.10052593
-0.08898655 -0.01344639 -0.02658994
0.07123822 -0.04304868 -0.05155113
0.33426666 -0.04144469 0.01146102
0.00476981 -0.04882728 -0.09247994
0.09714285 -0.06745335 -0.10840420
0.31096655 -0.01542855 -0.01395948
-0.26939747 0.01460202 -0.00146428
0.09741703 -0.04062427 0.03329695
0.00867046 -0.06114297 -0.02197927
-0.03128117 -0.04403275 -0.03351046
-0.31542873 0.03396392 -0.00042253
0.17553449 -0.06777658 0.00391243
0.05892922 -0.06999978 -0.10187146
0.01405740 -0.04276386 -0.15330656
0.02662919 -0.05179355 0.05342261
-0.29611462 -0.01581899 0.03252342
0.08102737 -0.07092797 -0.00713479
0.08866817 -0.00891113 -0.01613250
-0.01610477 -0.06714602 -0.02711610
0.00242654 -0.05112523 -0.03700199
-0.01926306 -0.04287624 -0.13728899
-0.05129569 -0.06526127 0.01997269
-0.04574213 -0.01102890 -0.02085707
-0.22874330 0.00230466 -0.00252852
-0.10300899 -0.00941531 0.01958222
-0.05686511 -0.02320874 -0.03212135
-0.00408986 -0.08233477 -0.05215286
0.08910579 -0.08097703 -0.11275739
0.10388213 -0.05665612 0.09603661
0.20498890 -0.05637389 0.02503043
-0.05835644 -0.02728270 -0.28464615
-0.31733829 0.04255190 0.00159025
-0.01505581 -0.04174905 -0.15321705
-0.04806664 -0.06636016 -0.00197515
0.02496352 -0.04770135 0.07440069
0.02688101 -0.04438799 0.06543083
0.30052814 -0.04507942 -0.02536524
-0.03662376 -0.05582362 0.03033064
-0.06485089 -0.02556269 -0.30293176
-0.32090104 -0.01462669 0.04256519
0.24270853 -0.07126689 0.00255828
0.08195446 -0.06006255 -0.10774618
-0.31513834 0.07499773 0.00162279
0.10655645 -0.08231919 0.10467471
-0.01549143 -0.03209079 0.22344968
-0.06143400 -0.03071948 0.03264925
-0.03795129 -0.03470335 0.20550051
0.11288355 -0.05832086 -0.02643497
0.00388694 -0.03942653 0.17102502
-0.29113293 0.04943166 0.00113583
0.00839158 -0.03874654 0.14789233
-0.05154568 -0.00312012 -0.00549189
-0.30482918 -0.01696892 -0.03200864
-0.08799529 -0.01791773 0.33783975
-0.19873472 -0.04110067 0.02756423
-0.31549025 -0.01283251 -0.05261115
0.15431152 -0.02037379 0.02819012
0.09651224 -0.00922417 -0.01884132
