-0.10567302 -0.04667658 0.10654788
-0.05768378 -0.07887243 -0.05057533
-0.27047232 -0.04310165 0.05066585
-0.07113668 -0.02920123 -0.12065348
-0.11290913 -0.04236795 0.10485270
-0.13787915 -0.06584485 -0.04382425
0.06853833 -0.05807441 0.07755136
-0.15478614 -0.04578414 -0.17708927
0.21987891 -0.04795130 0.06327204
-0.03382942 -0.03481977 -0.08656950
0.21723208 -0.06620372 0.07916554
0.10159459 -0.06671373 -0.12926178
-0.23104428 -0.06034067 -0.07291504
-0.03104914 -0.06461401 0.07812782
-0.29181227 -0.01690533 -0.10941193
-0.01626464 -0.00281149 0.06959038
0.10281610 -0.08430780 0.02831948
-0.29789412 -0.02927237 -0.01325107
-0.08855192 -0.06971072 -0.08684821
0.27608541 -0.07511161 0.01558070
0.30107951 -0.05112257 0.02289118
-0.10851940 -0.06874593 0.10054818
-0.19520552 0.03684676 0.04816559
-0.28781527 -0.03959456 -0.30304945
-0.21237420 -0.02415479 -0.01841339
-0.29566917 -0.04540274 0.31854168
-0.19975427 -0.05277735 -0.07521649
-0.12100343 -0.08254503 -0.06872454
-0.04650489 0.00922462 -0.06648549
-0.22964303 -0.06094669 -0.04927887
-0.23676270 -0.06515148 0.13436306
-0.04791368 0.00638876 0.04490833
0.02262558 -0.06059984 -0.09191523
-0.18078090 -0.00362814 -0.00900770
0.19947658 -0.00993217 0.00220371
-0.13427514 -0.02872536 -0.08584695
-0.12526514 0.00028845 -0.03298492
0.03003805 -0.07609838 -0.02774914
0.14334418 -0.04023406 -0.13468280
-0.27965099 -0.04911878 -0.32093814
-0.11365858 -0.07097103 0.01500084
-0.17387329 -0.04559299 0.25074187
0.01424997 -0.08174619 0.04783176
0.18727911 -0.05061242 -0.02753854
0.03081862 -0.07233111 0.03947719
-0.27897686 0.02562346 0.03310746
-0.26874074 -0.03791580 -0.10713335
-0.22549497 0.04645222 0.02621667
-0.27388626 -0.01644724 -0.09404656
0.00318059 -0.07934279 -0.05377363
-0.27412814 -0.04882417 0.29070896
0.06808405 -0.08099898 -0.03595934
0.19294718 -0.05372996 0.10456333
-0.20217089 -0.07388148 0.06297911
0.09993126 -0.06060807 0.10859063
-0.22127616 -0.05219168 -0.15433942
-0.16653243 -0.01095211 0.04832771
0.12568682 -0.04572808 0.10924517
0.03500094 -0.08259328 -0.12600859
-0.20051399 0.00478022 -0.04011686
0.16190250 -0.06195558 0.03197113
-0.19279389 -0.03097352 -0.14743145
-0.00026277 -0.07605525 0.11145902
-0.04788321 -0.06101343 0.13683638
0.04717211 -0.03967582 0.08914626
0.03682988 -0.08336080 -0.12513436
-0.18119293 -0.02353702 -0.09058043
0.05842791 -0.05451996 -0.11849677
0.16088486 -0.02440657 0.00564058
-0.21330470 -0.04065330 -0.21917219
-0.21730730 -0.01156558 0.06165135
-0.00020489 -0.04465682 0.06360044
0.05183849 -0.01749087 0.07141790
0.15109111 -0.05129506 -0.06777604
-0.14945397 -0.05618420 -0.22906159
-0.12361062 -0.02746613 -0.03537337
-0.20428395 -0.08128319 -0.11447520
0.11694276 -0.00598154 -0.04965731
-0.22442873 -0.03340792 -0.13300511
-0.25400305 -0.06690596 0.12054043
-0.31552342 -0.05585413 -0.26395366
-0.27358606 -0.04898770 0.11666615
-0.28561759 0.01767802 -0.03560460
-0.20259374 -0.07553004 -0.01844845
-0.03223743 -0.08176508 -0.11921422
-0.27422199 -0.06395930 0.02779038
0.21600464 -0.04593620 -0.07951271
-0.00364451 -0.04207048 -0.17760333
0.11068896 -0.06835202 0.10996212
0.22182663 -0.00645161 0.01320821
-0.01010277 -0.05542071 -0.21172625
-0.26878142 -0.05048696 -0.21017507
0.23090702 -0.04944278 -0.00032634
0.19024754 -0.01777417 0.03484411
-0.20637693 -0.07223530 -0.05032217
0.07876110 -0.05937861 -0.16074333
-0.27088201 -0.06005836 -0.18157201
-0.30256584 -0.06200258 0.13979141
-0.17255445 -0.05066650 -0.14290322
0.13616739 -0.00022956 0.02686762
-0.21779497 -0.01428048 -0.05130851
0.28719065 -0.04291748 -0.01675976
0.15446891 -0.02022515 -0.00915246
0.11340486 -0.01762669 -0.02789934
-0.06623991 -0.04687323 -0.11649182
-0.19675988 -0.01534050 0.07833710
0.04736121 -0.07307413 0.03669741
-0.21526968 -0.02794353 -0.07097577
-0.09714627 -0.08174276 0.04511260
-0.30137271 -0.05119664 -0.09416489
-0.24940389 -0.00365683 0.05785172
-0.02180602 -0.06412714 0.13486364
0.10037154 -0.05938217 -0.09094951
-0.09083625 -0.05461780 -0.15396376
-0.29559183 -0.01427711 0.03762656
0.13429323 -0.08703841 -0.04549714
-0.03870388 0.01132147 0.04464640
0.27483594 -0.05340794 0.03889716
-0.24263428 -0.02586077 0.00187277
0.11956308 -0.08617059 -0.02049284
-0.28844252 -0.04984283 -0.23413898
-0.02313664 -0.08409613 0.16132799
0.12081467 -0.03033183 0.09038395
-0.20239523 -0.05198528 0.27983707
0.05253805 -0.04222688 0.04094080
-0.18926808 -0.03198967 -0.07114857
0.22579063 -0.06585846 -0.07074090
0.18496487 -0.01276601 0.02767984
0.22038823 -0.07068745 0.04874034
0.13177516 -0.03012263 -0.11687897
0.23768112 -0.04794392 -0.00027813
0.04672868 -0.05944069 0.12441278
-0.19422939 -0.05925975 0.28015310
0.10888954 -0.05370326 0.15859318
0.10651293 -0.07422936 0.09259374
-0.14934510 -0.06002760 0.12008911
-0.28913510 -0.04369263 -0.29085046
-0.21100837 -0.05882246 -0.18655255
0.19565691 -0.05543093 0.11847951
-0.25228408 -0.02045805 -0.07164285
-0.08249375 -0.01198210 -0.03812065
0.23042858 -0.03520753 0.06081061
-0.18147241 -0.00779595 -0.02624585
-0.05677467 -0.07533474 0.03735886
0.14403161 -0.04658619 -0.02506183
0.02597133 -0.02383339 -0.05891816
-0.02332473 -0.04542036 0.17169651
0.02399169 -0.03433976 -0.13340493
-0.27059790 -0.00203506 -0.11368152
-0.00674634 -0.04803305 -0.08435936
0.16816409 -0.07926586 -0.03349961
0.10961685 -0.05988366 -0.10463333
0.06980325 -0.02836363 -0.07561475
-0.25582647 -0.06319924 -0.09837220
0.12490214 -0.00375766 -0.01777580
-0.28981909 0.02005516 0.04515208
0.16079143 -0.06013881 0.06721148
-0.28657395 -0.03420809 -0.16002811
-0.27253598 -0.04019114 0.29842901
0.02691998 -0.02669683 0.05814037
-0.19930106 -0.05184461 -0.29902470
-0.25888878 -0.05465617 -0.13492982
0.18068993 -0.04824406 0.07051735
0.01410425 0.00901372 0.00431351
-0.09779744 -0.06066997 0.09477361
0.28112626 -0.03879695 0.02767093
0.04098401 -0.01586118 -0.05065671
-0.28756237 -0.01619108 -0.09192718
-0.23707482 -0.03710432 0.19032092
-0.16585296 -0.06531084 -0.20443274
-0.19295920 -0.05218134 -0.29742512
0.25430879 -0.04847567 -0.08267066
-0.28922948 -0.04641126 -0.07778417
-0.25444740 -0.06800258 -0.02804519
0.09520907 -0.02520374 0.06134442
0.27591500 -0.03204722 -0.03713901
-0.17944594 -0.00564754 0.00779481
-0.22401316 -0.01446838 -0.07608498
-0.02878195 -0.07137466 -0.11598623
-0.18376692 -0.06167708 -0.08755329
-0.25151142 -0.04254048 0.29323295
0.17202847 -0.06776918 0.08337030
-0.09531795 -0.07033853 0.11433640
-0.06116625 -0.01812204 0.04860158
-0.04815507 -0.05302398 -0.09937854
-0.02381088 -0.05662736 -0.11246219
-0.21695526 -0.06631982 -0.11348396
-0.20592037 -0.07016814 -0.12214608
-0.23886621 -0.06164696 -0.17037900
-0.04634682 -0.02762915 0.08148860
0.14662530 -0.04876015 0.09552829
0.29903734 -0.05725759 0.01302685
-0.16908075 -0.06124381 -0.12711199
0.15976955 -0.07890168 -0.02864219
-0.09729000 -0.05173448 -0.07437389
0.02370766 -0.03723857 0.15249932
-0.30543062 -0.01119812 0.01037611
0.09878170 -0.04957059 -0.10440555
0.26831308 -0.05688554 -0.07786336
-0.20319501 -0.01991266 0.04266086
0.21581021 -0.01065493 -0.00521129
-0.28750271 0.02546604 -0.05921491
-0.19597673 -0.04041287 0.22636265
-0.22115195 -0.06110133 -0.20878556
-0.16846688 -0.01696655 -0.07059658
-0.19222289 -0.06734489 -0.20375571
-0.25876278 -0.05801510 -0.00029111
-0.01742313 -0.04500128 0.09166742
-0.05868988 -0.06442418 0.14452405
-0.02198169 -0.06426735 0.04352529
-0.08102231 0.00963448 -0.02540065
-0.03144174 -0.07006145 -0.04640828
-0.17420669 -0.06539371 -0.11738986
-0.03549528 -0.01466838 0.05868365
0.23282973 -0.02684595 -0.04722973
0.27159488 -0.02733924 -0.01291759
0.26558626 -0.04218759 -0.04184027
-0.21355455 -0.00528718 0.08112060
-0.18610814 -0.01727335 -0.08625372
0.06140438 -0.02460169 -0.11100160
0.25341395 -0.03056771 -0.05524128
-0.09282610 -0.06690667 0.19307183
0.19106054 -0.00035650 0.02998396
-0.01748349 -0.05262249 -0.02456338
-0.13565585 0.01168550 -0.04648755
-0.20550323 -0.07971937 0.06616642
-0.13413890 -0.08308724 -0.09436733
0.08200474 -0.04160138 -0.11266890
0.10294572 -0.08191068 -0.00880867
-0.25405264 0.02491079 -0.00699162
0.03090464 -0.05471065 -0.14717886
-0.28537971 -0.04276934 0.08779024
-0.16529073 -0.03513340 0.09330073
0.13769124 -0.02244912 0.06680912
-0.24262102 -0.05725380 -0.02553015
0.14648713 -0.04144358 -0.02647562
0.03719957 -0.06435353 0.13573925
-0.18997833 -0.04474055 -0.16405830
-0.16092460 -0.04576939 -0.19813481
-0.31295782 -0.04690003 -0.31648278
0.00367221 -0.06255861 0.08233393
0.11870091 -0.06120461 0.07576469
-0.19143647 -0.04355889 0.19122133
-0.18651138 -0.04341460 -0.25381392
-0.06340948 -0.04063422 0.17892504
-0.01307685 -0.03465367 0.11479583
-0.08987683 -0.05289603 -0.16737168
-0.18496579 -0.03535280 -0.03725909
-0.29244339 -0.05331368 -0.12964402
-0.02063488 -0.04121649 -0.13832158
-0.25744033 -0.06985685 -0.04538348
-0.21619944 -0.06692706 -0.01216605
0.01857540 -0.07521075 0.09774206
0.09229720 -0.05219695 -0.14571798
-0.10453115 -0.06479696 0.09236138
0.08311792 -0.08788298 -0.04831861
-0.11487986 -0.01326901 0.04560220
-0.13695854 -0.08064729 -0.08750830
-0.21470237 -0.04939774 0.18173750
0.22101131 -0.00971509 -0.03177442
0.05588142 -0.08850317 0.03486783
-0.24396272 0.00296164 -0.07781513
0.23122673 -0.04703455 -0.00020910
0.29728106 -0.05706233 0.01823726
0.04082486 -0.03429370 -0.03748145
-0.29485753 -0.00489048 -0.01858562
-0.27553675 0.00527829 0.01242135
0.17910457 -0.04999221 0.03547332
0.28258711 -0.04856551 0.00259558
0.24467841 -0.07442874 -0.03249556
-0.06513774 0.01173700 0.00320002
-0.02132413 -0.00256722 -0.07673914
-0.27656126 -0.04277875 -0.21154320
-0.25143054 -0.04517169 0.27098525
-0.15166126 -0.06911487 0.20850997
-0.19333546 -0.03367386 -0.12567097
-0.08595601 -0.06465542 0.07154923
0.21739751 -0.06806420 -0.06064459
0.06117411 -0.03014506 0.06406181
-0.22369434 -0.06605903 0.10344645
-0.11473973 -0.03575816 0.17888086
-0.17005606 -0.05734747 -0.10898975
-0.15999812 0.00543879 -0.04675008
-0.02554093 -0.07917690 -0.10979427
0.10708296 -0.07965240 -0.00237654
-0.27110991 -0.06115115 0.06730366
-0.15316948 -0.07884829 -0.06203941
0.09892427 -0.06960344 0.14199214
0.14215425 -0.05047364 -0.01948741
-0.18623556 -0.07321492 -0.08363757
-0.08109583 -0.07609923 0.08153366
0.01328612 -0.08203255 -0.13319488
0.20744775 -0.07935423 0.08922200
-0.27464390 -0.00599454 0.02402485
-0.19908561 -0.05974655 0.20063268
-0.24030401 -0.07563063 -0.14442679
0.21417236 -0.01047701 0.00906080
-0.11736870 -0.05785257 0.21550095
0.28798515 -0.04685186 -0.00174318
-0.03041435 -0.04998825 0.23610538
-0.15226796 -0.06737410 -0.00616887
0.02279318 -0.06781118 -0.06955193
-0.30414617 -0.02260659 -0.05263700
0.18092795 -0.06011230 -0.06744973
0.10427769 -0.06092908 0.02356548
-0.22087128 -0.04851055 0.11982688
-0.26318553 -0.06452709 0.25658277
0.17908567 -0.08138759 0.10593631
-0.25020242 -0.04697509 -0.26297471
0.27101967 -0.02485400 -0.02079554
-0.29843953 -0.05535341 -0.09429459
0.06731928 -0.03131628 -0.07430692
-0.24277431 -0.03482338 -0.24411142
-0.06255081 -0.06996309 0.08387647
-0.17412236 -0.02214636 -0.10543514
-0.15695411 -0.03747554 0.21240497
-0.20288122 -0.07154896 -0.07190268
-0.29039198 -0.05084943 -0.27932692
0.03423380 -0.02737653 0.04389203
-0.24569619 -0.05066403 0.01575689
-0.07569759 -0.01011048 0.09438787
-0.28298423 -0.06341202 0.21061665
0.22050580 -0.02896465 -0.04896086
-0.00589683 -0.03751127 0.12537321
-0.22790980 -0.07208431 -0.07197248
0.07723142 -0.02801789 -0.08418019
-0.25791755 -0.02988064 -0.12508261
0.14042194 -0.03985988 -0.12622914
0.08370177 0.00131067 -0.01593678
-0.06272064 -0.05937985 -0.22109120
0.14107291 -0.00546433 -0.04936614
0.09584264 -0.03604591 0.09937716
0.21762960 -0.01037657 -0.02636690
0.00574851 -0.08730519 0.01079758
-0.23327413 0.00659558 0.04595422
-0.19735093 -0.04566586 0.14316119
-0.00659039 -0.06676596 -0.01535825
-0.11485346 -0.05973698 0.02641649
-0.19009474 -0.06573759 -0.01801949
-0.28778571 -0.04458752 0.06139990
0.29544222 -0.03752345 -0.00248618
-0.02882241 -0.05052068 0.17627992
0.05555524 -0.06079916 0.07979514
-0.18403240 -0.04691597 -0.14622137
-0.16784376 -0.05804478 -0.07421525
-0.18764079 -0.02022407 0.12035885
0.06594801 -0.05660405 -0.08383761
-0.27625999 -0.04550034 0.20593274
-0.03933829 -0.05146122 -0.01965475
-0.24689351 -0.04650438 -0.27366951
0.25978544 -0.04953594 0.05125194
-0.28022054 -0.04739368 -0.26753509
0.08481756 -0.03174059 -0.09417307
-0.02547477 -0.04973684 0.22492139
-0.22599629 -0.06830809 0.06004471
-0.18285020 -0.07273614 -0.03214362
-0.32084635 0.04034889 0.06627686
-0.09716295 -0.01031856 0.04062262
0.00822007 -0.07461885 0.01590772
0.20675308 -0.02068451 -0.00170018
-0.28926569 -0.05784632 -0.03990566
-0.07899232 -0.08215061 0.01076683
-0.02558936 -0.07582042 -0.05004615
-0.22234495 -0.06609049 -0.05656645
0.09776223 -0.05864861 -0.14180814
-0.28575137 -0.04430612 0.24810484
-0.24221644 -0.04109452 0.16232803
-0.14234634 -0.05728807 -0.24481139
-0.19553559 -0.02141413 -0.05937785
0.10862038 -0.01326937 -0.02845409
0.11475043 -0.02428708 0.08179604
-0.08593428 -0.03424411 -0.20934913
0.25249660 -0.05152247 0.05600346
0.12213892 -0.07147340 -0.11231481
0.10221970 -0.07954893 -0.05728715
0.12212190 -0.03798734 0.00763719
-0.01337009 -0.06645714 0.15629062
-0.23889112 -0.05051930 0.07528488
0.07784438 -0.05290661 0.13984352
-0.15464491 -0.06891894 -0.13839275
-0.17580771 -0.03984746 -0.24243958
0.18018231 -0.04790498 -0.01747611
-0.31155244 -0.05257386 0.00982145
-0.08857538 -0.06232278 -0.19888516
0.15693583 -0.08548021 0.07858135
-0.02770292 -0.04825708 0.20842625
0.29090342 -0.05204550 0.03411056
-0.10682313 -0.03736562 0.12602372
-0.08106934 -0.07477332 -0.07686570
0.23158474 -0.02848870 -0.00054745
0.04594058 0.00609028 0.02554106
0.01415562 -0.06185718 0.08114485
-0.23150480 0.00946373 -0.01900692
0.20558685 -0.04148797 0.05079891
-0.06140291 -0.06314908 0.03484454
0.11215168 -0.04787574 -0.02087196
-0.06092853 -0.04091962 0.09722817
0.24289477 -0.01629003 0.02238183
-0.17174307 -0.05126812 -0.21890455
-0.15828255 -0.06057973 -0.27021128
-0.10262189 -0.04400083 0.15493706
0.10566463 -0.05628891 0.03231733
0.19988884 -0.04990793 0.04544595
-0.29113153 -0.05005084 0.23637964
0.02120639 -0.04186521 0.09086140
-0.25294435 -0.03352681 -0.21330076
0.25693184 -0.01765795 0.00358193
-0.14853817 -0.06031646 -0.12588494
0.07054932 -0.07972419 -0.05734144
-0.11377032 -0.05255602 -0.10948000
0.23088130 -0.04158008 0.07335147
-0.25196448 -0.04548892 -0.25389144
-0.23053885 0.02531972 -0.03488952
-0.28028467 -0.05139534 0.34235531
-0.23628449 -0.03379096 -0.23279954
0.29855189 -0.03708796 0.03365446
-0.06352026 -0.00102286 0.06729496
0.12259927 -0.03633485 0.12917872
-0.16473562 -0.05149828 -0.20160313
-0.29396960 -0.04708303 0.30821005
-0.06232488 -0.06658725 0.18401171
0.15591122 -0.07843355 -0.01853785
0.14382765 -0.06661209 0.06246544
-0.23420541 0.04296025 0.00438508
-0.10888905 -0.06787874 -0.01305820
0.29821676 -0.04988084 0.01751045
0.01899440 0.01223764 -0.01392758
-0.28185642 -0.08494542 0.10015915
0.23663305 -0.00354758 -0.00690296
-0.17057534 -0.07558413 0.08452508
-0.15167864 -0.05177362 0.22334550
0.21872255 -0.01869287 -0.02311974
-0.16445142 -0.05678042 0.25686502
-0.20740533 -0.06423671 0.13120353
-0.28410634 -0.04935237 0.01872572
0.07896791 -0.07100808 -0.15671238
-0.03279809 -0.08224788 -0.08241881
-0.18194358 -0.04713420 -0.16034319
-0.17501321 -0.03188476 -0.09584904
-0.07175943 -0.00530065 0.06449311
-0.19740449 -0.04423793 0.17649344
-0.16739118 0.00734528 -0.05628585
-0.22819021 -0.05834971 0.06681687
0.24594203 -0.07025829 -0.06405485
-0.04733184 -0.08360037 -0.02751424
0.18058112 -0.04614386 -0.04325316
0.03797647 -0.04891309 -0.14832613
-0.31271476 -0.04396407 0.10747136
-0.13296887 -0.08232095 -0.00149117
-0.26920569 -0.06329067 0.08165379
-0.14948235 -0.07290108 -0.03494820
-0.27560312 -0.05625566 -0.01812639
0.30231377 -0.03395147 0.02657153
0.05748129 -0.05183614 0.12839888
-0.13074438 -0.06268416 0.12923153
-0.27603969 -0.01925273 -0.11762021
-0.19403864 -0.05664773 0.01897583
-0.24112126 -0.02799733 0.19813104
-0.11740848 -0.07499848 -0.02797772
0.23793924 -0.04882242 -0.07907686
-0.17612143 -0.01296751 0.01179498
-0.06585779 -0.05423622 0.16406441
-0.01172024 -0.03817632 0.11175110
0.03130766 -0.07444987 0.09888389
-0.31870142 0.02561674 -0.10121624
0.23567115 -0.05033472 -0.06811380
0.24223925 -0.07417638 0.01128048
-0.09919940 -0.02177931 0.06251861
-0.03962174 -0.05233274 0.16400710
-0.18805532 -0.06704110 0.00168895
-0.25871807 -0.01262631 -0.08869912
-0.16856839 -0.07338440 0.04891225
-0.07897114 -0.06577759 0.07234709
-0.25698656 -0.05671195 -0.25952989
0.14169782 -0.07360449 -0.06713331
-0.03322133 -0.04813807 -0.20953965
-0.01362130 -0.02965568 -0.13627365
-0.06201547 0.01094403 -0.01332763
-0.26353204 -0.06445100 -0.02342063
0.29360649 -0.05264422 0.02680843
0.10128804 -0.04677817 -0.07878198
-0.06553747 -0.05740809 -0.16223735
0.10734879 -0.00814359 0.01777775
-0.23905706 -0.05752513 -0.06340691
0.14310068 -0.05308179 -0.05073076
-0.19365156 -0.04748378 -0.17571121
0.15253344 -0.07800081 -0.02443534
0.07689489 -0.02118483 0.09078433
0.07688999 -0.07751209 0.07690464
-0.28529844 -0.03655608 0.11780301
-0.25363430 -0.04841354 0.21310213
0.08664831 -0.08112453 -0.05254700
0.12568870 -0.05937359 0.06665228
-0.14635581 -0.03816472 0.22016542
-0.00187851 -0.08336098 -0.04163968
-0.12342121 -0.03406707 -0.18525276
0.08471838 -0.06921241 0.10124565
0.08633624 -0.00553266 0.03876210
-0.27621499 -0.02802137 -0.04783245
-0.15685454 -0.03361805 -0.09756687
-0.14160950 -0.05503300 0.15297607
-0.12817904 0.02159214 -0.03162260
-0.15194461 -0.08256667 -0.10838055
0.17438459 -0.05076010 -0.13819709
-0.02414950 -0.04493869 -0.08814096
-0.26586190 -0.04787374 -0.13618322
-0.12549217 -0.03003399 -0.12093976
0.07556950 -0.06517144 -0.10869814
-0.19094619 -0.05478637 -0.27004641
-0.18099898 -0.05726071 0.21279420
-0.20060587 -0.07692631 0.00083772
-0.28753173 -0.04501598 0.11668085
0.12093940 -0.06797480 -0.10352777
-0.23926628 -0.03561942 -0.10602936
-0.02408958 -0.02023025 0.04812399
-0.01689692 -0.06277635 -0.13623710
-0.13454546 -0.05940564 0.03287368
-0.05750427 -0.07750365 -0.02244618
0.06384254 -0.02836929 -0.06811651
-0.25210530 -0.04602941 -0.06547041
-0.06571285 -0.00374920 0.03611141
-0.23592570 -0.04472753 0.12892930
-0.29348886 -0.00297048 0.00118268
0.17194772 -0.05513762 0.05212323
-0.00763699 -0.05817306 -0.00724587
0.06408763 -0.06649114 -0.05391904
-0.23992950 -0.04359739 0.27473575
-0.15598384 -0.08020835 -0.04278559
-0.08560207 0.00749308 -0.00620366
-0.10936701 0.00746219 -0.04085530
-0.17973773 -0.06827755 -0.14177947
0.12604386 -0.04602493 0.09737292
0.18195142 -0.00891324 0.00072680
-0.09043484 -0.04277055 -0.22170173
0.08558489 -0.07553867 0.10092936
0.05650060 -0.05227315 0.13561428
-0.01057220 -0.07233038 0.09806488
-0.07376477 0.00532939 -0.06381575
-0.01853248 -0.06358931 0.14965150
-0.26249447 -0.02916409 0.04493996
-0.27991366 -0.08044448 0.00249404
-0.24614035 -0.00334674 -0.09784243
0.12477634 -0.05748288 -0.16241018
-0.28754309 -0.05047896 0.34059474
0.16319309 -0.00944200 -0.05100014
-0.09440814 -0.06358146 -0.07946056
-0.24815100 -0.04548506 0.18177676
-0.08911522 -0.05480361 -0.23046871
-0.24264753 -0.04647155 -0.17411596
-0.16136417 -0.04263263 -0.11986907
-0.10134561 -0.05217857 -0.17389262
-0.30107170 -0.03753800 -0.05521199
-0.19852957 -0.04014438 -0.17563255
-0.32004172 -0.06144373 0.10896887
0.09959255 -0.04724234 0.10974971
0.02477414 -0.08808877 0.00369897
0.04514538 -0.06275295 0.04271531
0.00889883 0.00790144 0.00371277
0.25098574 -0.06965230 -0.06916948
-0.24887332 -0.07853825 0.00121741
0.15552196 -0.01445452 0.00841185
-0.19688974 -0.03904388 0.09286512
0.19850634 -0.02756506 -0.06775116
-0.24348697 -0.06083244 0.02489073
-0.17948993 -0.04460185 0.20108235
-0.07937609 -0.07487677 -0.00636794
-0.20019454 0.00346102 -0.05729703
-0.12952197 -0.04768573 0.17820132
-0.28181928 -0.06930338 0.14124839
-0.21116981 -0.03306155 0.03177649
-0.13023703 -0.06940293 -0.07195859
-0.12213033 -0.05768485 0.17804472
0.18507069 -0.03083782 -0.07992904
-0.04251341 -0.00159271 -0.01151445
-0.15108129 -0.05032836 -0.15539463
-0.22833745 -0.03764555 0.09216685
-0.27366135 -0.05611587 -0.25861895
-0.19995511 -0.07729095 0.00186502
-0.06630321 0.00561361 -0.05258162
-0.05512585 -0.00395275 0.04064200
0.15178290 -0.08120970 -0.06173812
-0.02263433 -0.04786853 -0.19983955
-0.31154361 -0.04262082 0.03288872
-0.25974464 -0.04692042 0.31703949
0.28630012 -0.05252543 0.01374224
-0.09722897 -0.08472387 -0.08599057
0.22218665 -0.03493510 -0.07523242
-0.20987712 0.04929898 0.00716136
0.23403472 -0.02706043 -0.04188775
0.15914214 -0.05750683 0.14869700
-0.15307689 -0.03444493 0.20975365
0.13591723 -0.05242420 0.14039242
-0.17410171 -0.07656648 0.01124802
-0.14122595 -0.04825175 0.18911965
-0.32416022 -0.01265255 -0.00520963
-0.24611898 -0.04119349 0.30531919
-0.23065096 -0.05697762 0.01691019
-0.30034164 -0.05928329 0.24014220
0.04395435 0.00360470 0.01870110
-0.19368468 -0.06004773 -0.11491800
0.08623376 -0.06412134 -0.07232675
0.20439880 -0.04821371 0.08147755
0.08472012 -0.05897591 0.10302977
-0.28002188 -0.06273963 0.04880048
0.01092526 -0.03777350 0.14744298
0.21017404 -0.07531988 0.03229607
-0.20580731 -0.04234993 -0.21600980
-0.03409977 -0.07873946 -0.12860475
-0.11613402 0.00668173 0.00072390
0.00138818 -0.08468600 -0.01605188
-0.20693062 -0.07029309 0.02012474
-0.07966448 -0.06896654 -0.09358332
-0.22804090 -0.05887064 0.03614327
0.24681167 -0.07429828 0.02505465
-0.15224862 -0.03422254 -0.21478739
0.02344708 -0.03690457 0.07859576
0.07965213 -0.06284781 0.09068673
-0.20423988 -0.07361834 0.00388960
0.18702501 -0.00739225 -0.04559211
-0.25494838 -0.00452557 0.00183446
-0.22042900 -0.06259989 -0.20744851
-0.10000832 -0.06589117 -0.07037791
-0.08602195 0.00413669 0.04501209
0.24660337 -0.07495237 0.02192901
-0.25095409 -0.06815936 0.09442433
0.03475705 -0.07767922 0.08180373
0.12882344 -0.08017136 -0.04870930
-0.25871521 -0.06440779 0.27746996
-0.11837816 -0.08342873 -0.07974560
0.23201357 -0.05304015 -0.06835022
-0.30690116 0.01230249 -0.06161182
0.03478255 -0.04399674 0.13874854
-0.24166648 -0.03292233 0.23790941
0.29067063 -0.04296593 -0.02058277
0.07987878 -0.08114304 -0.04765501
0.08028839 -0.05432786 -0.09056711
-0.02687678 -0.04091205 -0.18538509
0.25430563 -0.02808187 0.03243335
0.05822140 -0.06388820 -0.11666214
-0.04290069 -0.08303528 -0.03552211
-0.01546676 -0.05864642 0.09057096
-0.05014021 -0.08445817 0.06013658
-0.14661938 -0.05367633 0.08271869
-0.06312852 -0.08451717 -0.03344656
0.11557204 -0.04391989 -0.13226132
0.14077725 -0.05616165 0.10101796
0.09608252 -0.04685716 -0.08451083
-0.00113943 -0.08685701 -0.05754066
-0.24815643 -0.05868399 -0.15124440
-0.12940064 -0.06655368 0.09100083
-0.03508646 -0.07325146 -0.11817337
0.24015412 -0.03517442 -0.05609561
0.05989084 -0.06637610 -0.13952488
0.23516838 -0.04950181 -0.06963795
-0.20600256 -0.04431234 -0.16157316
-0.18390416 -0.05877678 0.07035914
-0.24192515 -0.04839852 0.17997402
-0.18451390 -0.04653346 -0.11137820
0.23983300 -0.04104902 0.07391919
-0.12690826 -0.05848543 0.20901915
0.15750782 -0.02404698 0.05791115
-0.15252079 -0.01947574 0.09769948
-0.21781072 -0.05061890 -0.08276509
0.15604644 -0.03273280 0.09578130
-0.27134839 -0.05207318 -0.26733249
-0.18279058 -0.05384237 -0.03327876
-0.23679808 -0.04009047 0.18649761
-0.28162244 -0.00514063 -0.04460624
0.07029419 -0.05084035 0.10610664
0.20540679 -0.01829165 -0.01668187
0.20208365 -0.05968351 0.06783943
-0.24391374 -0.04277385 0.31460789
0.07707275 -0.01065109 0.01455555
-0.29782724 -0.03569963 -0.09368859
0.22550103 -0.00715669 -0.05174055
-0.26086441 -0.04531725 0.31046227
0.02958303 -0.03106787 -0.10021508
-0.18527761 -0.07807399 -0.02256219
-0.13340108 -0.08549598 -0.02335192
0.06923601 -0.06129538 -0.09907332
0.04865767 -0.00683620 -0.00172047
-0.05974831 -0.07456136 0.14501733
0.15994735 -0.07298619 0.09758881
-0.04116017 -0.07766043 -0.03144896
0.08331402 -0.05981552 -0.15298235
-0.27273518 -0.04900688 -0.32461712
-0.29813045 -0.06387836 0.13370164
-0.11022259 -0.02247285 0.03545862
-0.02092825 -0.03940216 -0.19376008
-0.09561574 -0.06339554 0.17073162
-0.11634247 0.00023280 -0.01729007
-0.18610658 -0.03721281 -0.15394564
-0.26892424 -0.07080925 -0.11701705
0.08973658 -0.01560129 0.06130217
0.07735302 -0.04274900 0.14914085
-0.08286784 -0.05328593 -0.25235385
-0.06361535 -0.03397210 0.17433104
-0.25097135 -0.04559656 -0.31208879
-0.24587724 -0.06309152 -0.15240896
-0.18167037 -0.05881908 0.11904258
-0.19952558 0.01124425 -0.01915357
-0.22829917 -0.02297143 0.16949259
-0.21259721 -0.04114716 -0.22842439
0.05315204 -0.06341834 -0.08965724
-0.11871672 -0.07671221 0.02756414
-0.06059925 -0.08264975 0.03924754
-0.27621883 -0.02432421 -0.03179875
0.01132282 -0.05991739 -0.18851283
-0.09014474 -0.04704991 -0.12465416
-0.29089215 -0.04827702 -0.13081354
0.13365051 -0.04121601 0.15426581
-0.20022868 -0.02369581 -0.07143907
0.05785402 -0.05312790 -0.14046162
0.28361279 -0.03882998 0.00808117
0.05665062 -0.08928000 -0.04632205
-0.17978355 -0.05850193 -0.27789530
-0.02666007 -0.04969345 -0.10164800
0.08832146 -0.03353321 -0.10535283
-0.23634055 -0.06377703 0.05493473
0.21037054 -0.04219230 -0.07071354
-0.16268885 -0.06820580 -0.16074541
-0.14096497 -0.03699565 0.11600678
0.03976972 -0.02213876 -0.09312640
0.04446750 -0.06286403 0.18172663
0.24751541 -0.01756022 -0.02756379
-0.24621516 0.02557584 0.01378217
-0.02019964 -0.07186225 -0.09641379
0.20503725 -0.02794325 -0.05557653
-0.25123608 -0.07110207 -0.05844285
0.16296937 -0.03803110 -0.08462472
0.07924932 -0.06499314 -0.09770155
0.07393441 -0.02103983 -0.07136217
-0.22392173 -0.02963057 0.00698126
0.12566929 -0.04024624 -0.09773277
-0.07381292 -0.07136677 0.14354894
-0.20114616 -0.06248233 0.00055779
0.07325422 -0.07721116 0.12976359
-0.04434958 -0.06579313 0.14447850
0.02681347 0.00499057 -0.01913071
-0.10371459 0.01948993 -0.00237902
0.20865971 -0.07579835 -0.01946897
-0.29506001 -0.00318162 -0.09587324
0.20478491 -0.04681849 0.06787211
0.04291267 -0.06144862 0.15420255
-0.02965106 -0.04010570 0.16713373
-0.18810868 0.01726764 -0.03346754
0.08772529 -0.01469293 -0.04421681
-0.23812170 -0.04823834 0.30252305
-0.27270430 -0.07081295 -0.10344217
0.17714824 -0.07876632 0.02010460
-0.12698983 -0.01917214 0.04861043
0.12706968 -0.06043407 -0.10381119
-0.27534178 0.01729199 0.02777075
0.08127511 -0.08913337 0.00429816
-0.14162254 -0.06960540 -0.06415693
-0.29273912 -0.07251250 0.14083590
-0.12365315 -0.05536470 -0.08733992
0.04585550 -0.07899846 -0.04320324
-0.24782090 -0.04652203 -0.30932519
0.15113896 -0.08065013 -0.08240926
-0.32397926 -0.00749872 0.02619290
-0.06201217 -0.00163602 -0.09447572
-0.07208423 -0.00544784 -0.07764333
0.05506652 -0.04900509 -0.09559686
-0.29937494 -0.04700456 -0.10190369
0.12398009 -0.06509390 -0.06593417
-0.21450830 -0.05203070 0.29862031
0.17209893 -0.06247272 0.02657847
-0.15888411 -0.03667770 -0.23007688
-0.32571015 -0.04761323 -0.02911096
-0.16418490 -0.04446223 -0.12602343
0.20765311 -0.03551573 0.06451313
-0.19790316 -0.04470910 0.08412048
-0.26683724 -0.05636923 -0.17554331
-0.21505015 -0.08197854 -0.06491078
-0.11932996 -0.06264519 -0.03342877
0.04874922 -0.03424839 -0.15164311
-0.17158619 -0.01254688 -0.08173295
-0.28710333 0.04321194 -0.05529580
-0.17906426 -0.03760189 0.27028811
-0.14357620 -0.01982757 -0.05368472
-0.01072828 0.00615136 0.00738508
-0.29621297 -0.00192004 -0.03496749
-0.10575676 -0.06967360 -0.05390490
-0.13014792 -0.08282252 0.02740790
0.03260194 -0.08786410 -0.04162462
0.12108044 -0.07957678 -0.05572318
-0.03548415 0.01440212 -0.00096518
-0.29743773 -0.07584791 0.19101989
-0.22534978 -0.08374796 -0.10645876
-0.17005506 0.01885091 -0.02718386
-0.12776539 -0.04204028 -0.10356633
-0.21951456 -0.03191052 0.17147550
-0.03469596 -0.02701243 -0.08342167
-0.00414049 -0.07322596 0.09500328
-0.28741840 -0.00575937 0.03692038
-0.22703506 0.01008798 -0.01528056
0.16650961 -0.03414239 0.11517597
0.16355647 -0.05978434 -0.08841965
-0.23784253 -0.04330426 0.30891573
-0.29214770 -0.05568158 0.23423493
-0.11166763 -0.05581379 -0.23690382
0.21708706 -0.00590324 0.00910093
-0.08192039 -0.06255633 -0.18296580
-0.26134959 -0.04319202 0.21092750
0.12705581 -0.07930818 -0.04010561
0.18644662 -0.07783958 0.02780544
0.13751891 -0.01218901 -0.02683994
0.03023606 -0.05913801 -0.10357985
-0.18890072 -0.04957539 -0.28336427
0.18058956 -0.07622010 -0.06508170
0.06897238 -0.02944447 -0.05254116
0.11170431 -0.04696967 0.09616382
0.01874067 -0.05655024 0.17286350
-0.16006595 -0.06157383 -0.09091286
-0.20448859 -0.05976842 0.11025313
-0.07855865 -0.02196550 0.09870613
-0.13584313 -0.05589181 -0.21367693
0.13505673 -0.03810216 -0.01164952
-0.12522669 -0.06656467 0.13515027
-0.10780885 -0.06914884 -0.08291094
-0.10789344 0.00376777 -0.05991174
0.11830349 -0.06898164 0.10752565
-0.23111124 -0.03947578 -0.26828617
0.03126404 -0.08620187 -0.01534882
0.15580559 -0.05987416 0.05520126
0.04422063 -0.01591462 0.01508432
-0.04566787 -0.03358023 0.12432968
0.13902225 -0.02417651 0.00634075
0.12787664 -0.07716327 0.06291148
-0.13228461 -0.01489812 -0.05661682
-0.09475333 -0.01618906 0.04856686
-0.18671136 -0.02944183 0.01643407
0.11811018 -0.02789247 0.15195549
-0.15913455 -0.02405765 0.10026757
0.11134656 -0.01341712 -0.02713732
0.21241599 -0.02051267 0.08040261
-0.04384098 -0.00580945 0.04399712
-0.16945955 -0.03347269 -0.11200015
-0.21477169 -0.05072301 0.11341032
0.10823742 -0.08088976 -0.01828511
-0.16991839 0.01268107 -0.01247602
0.29480171 -0.05967854 -0.01545177
-0.03012471 -0.02749731 0.13577145
-0.29657847 -0.03864158 -0.22568296
0.26700583 -0.03314165 0.00843616
0.08547214 -0.07764409 0.05329185
-0.29855484 0.04970459 -0.04390798
-0.03540287 0.01448995 -0.04176866
0.23925506 -0.02734830 -0.01256507
-0.27284560 -0.01639755 0.03896337
0.24316150 -0.01531708 -0.02070787
-0.09963789 -0.05734367 0.18770739
0.17030421 -0.05545509 0.12318827
-0.17700000 -0.01070439 0.04480778
0.25807053 -0.03952836 0.02442650
-0.17782901 -0.04509424 0.27620333
-0.27382591 -0.06481076 0.17738880
-0.25042653 -0.04602821 -0.12021524
-0.03978803 -0.03437106 0.14145835
-0.16341095 -0.07008374 -0.14495003
-0.14533120 -0.06166569 -0.08135601
-0.27823618 -0.03696275 -0.23034349
-0.30484393 -0.05004344 0.32712907
0.26533797 -0.03129720 -0.06486382
-0.23586340 -0.02987901 -0.17340353
0.01487927 -0.05711381 0.18275638
-0.09540334 -0.08326320 0.04986120
-0.23301439 -0.06774894 -0.02029397
-0.17545202 -0.06376296 -0.21199915
-0.11682838 -0.02180454 0.18957849
-0.24171059 -0.01437509 -0.09315343
-0.30879384 -0.06950843 -0.12856653
-0.13563532 -0.06779560 -0.13216783
-0.17651206 -0.05407255 -0.15124980
0.21908435 -0.04385799 -0.05994043
-0.21654806 -0.04093089 -0.19235644
-0.07990955 -0.07008591 -0.14162233
-0.01245495 0.01864987 0.01130013
-0.15903434 -0.06693360 0.11148116
0.17518602 -0.06918192 0.06444882
-0.24829645 -0.03588019 0.17757429
0.27818403 -0.06127307 0.01052624
0.03972597 -0.06629039 -0.06035284
0.14720809 -0.01473247 0.01406903
-0.13776192 -0.06773823 -0.09005889
-0.17265505 0.00815317 -0.01829331
-0.11079244 -0.00952261 -0.07728691
-0.16800983 -0.02133912 -0.17777056
0.00262367 0.01624088 -0.03298489
-0.21444961 -0.04478794 0.18373568
0.13623340 -0.02279608 0.07883345
0.14149976 -0.08012500 -0.00553959
-0.23718880 -0.05857532 -0.28761429
-0.06697632 -0.05357985 -0.18646754
-0.21254100 -0.03949345 0.25706398
-0.07177871 -0.05905575 0.19147180
-0.23106490 -0.01853894 -0.07557542
-0.13467100 -0.05285905 0.23062828
-0.20944345 -0.01675800 -0.05794760
-0.21623427 -0.04021384 -0.23903668
-0.00539302 -0.02764646 -0.05409100
-0.25030476 -0.04434095 -0.18169603
0.28758025 -0.06149908 -0.01741103
0.24320595 -0.02051490 -0.00956194
-0.32404247 -0.04572266 0.24376501
-0.31989348 -0.04548792 -0.25667909
0.11209106 -0.08071453 0.04306749
-0.07251524 -0.03071635 -0.17203215
-0.02145927 -0.01129880 -0.06294370
0.11979387 -0.06506320 -0.07040533
-0.27017266 -0.06010501 0.01808457
-0.13867635 -0.06024659 -0.18455619
0.08769706 -0.03461703 -0.09642079
0.16776341 -0.00215329 0.03346547
0.26012677 -0.03034759 -0.06664857
-0.18832341 -0.06651092 0.01814763
-0.18586402 -0.00911653 0.05470679
-0.26573426 -0.06315334 -0.05613578
0.15889098 -0.00854181 0.00557735
-0.14198057 -0.05531015 -0.21256830
-0.01428254 -0.05412688 0.17092159
-0.29295489 -0.01669042 0.06675260
-0.22517666 -0.02226357 -0.12306407
-0.19810945 -0.06935469 -0.16315113
-0.17104375 -0.02803750 0.19418408
-0.28551280 0.00324278 0.03155788
-0.12152326 -0.01339013 -0.06765170
-0.27790108 -0.06100440 0.02803382
-0.12929787 -0.05877638 -0.22314972
-0.23985155 -0.04321409 0.11993179
0.21370596 -0.01983440 0.00118524
-0.11393657 -0.01395219 0.01622021
-0.09986904 -0.03848691 0.14925236
-0.29806596 -0.04492443 0.04358112
-0.11551844 -0.05332215 0.22413035
-0.29376736 -0.03403958 0.14893794
0.11763497 -0.03689604 0.01653302
0.15306368 -0.02596278 -0.08167031
0.20347583 -0.00388986 0.00256771
-0.08999134 -0.01625432 -0.02290839
-0.05391888 -0.03583625 -0.15029578
-0.27109677 -0.03580393 -0.22288659
0.13313895 -0.05350073 -0.12266123
-0.02456240 -0.04480464 -0.11506462
0.26834664 -0.03129671 -0.00226644
-0.18826668 -0.00993191 0.01785041
0.27947587 -0.04148168 -0.02272521
-0.30551979 -0.04173924 -0.25442043
-0.02758456 -0.07659134 -0.11854326
-0.09911960 -0.02585669 -0.18680342
-0.25026619 -0.04409567 -0.13120250
-0.21727872 -0.07710456 -0.00145053
0.06099295 -0.02581204 -0.04355748
0.06642941 0.00221423 0.01913541
0.11408192 -0.06826274 -0.12862277
-0.08489159 -0.04642439 -0.17849599
-0.14576070 -0.03891005 -0.22827122
0.24392763 -0.00330450 0.00371980
-0.13914683 -0.08136514 -0.09479494
-0.05064770 -0.07918578 -0.04405156
0.16062398 -0.00744227 -0.04418843
-0.23581575 -0.05271180 -0.19286677
-0.01884614 -0.08706263 0.01965596
-0.00135211 -0.07093562 0.01503475
-0.12055783 -0.04802273 0.14428854
-0.05336511 -0.03294697 0.13558990
0.11071166 -0.03816791 -0.09554720
-0.24377596 -0.00452340 -0.06207555
0.12568489 -0.05517299 -0.10499547
0.09044822 -0.07195171 -0.07149981
0.17971516 -0.02749569 -0.04445400
-0.21967563 -0.05111010 0.19694537
-0.04024888 -0.01989463 -0.03513633
0.07568253 -0.06299865 0.12466817
-0.28505433 -0.05495476 -0.22420307
-0.31671196 -0.05111872 -0.32025298
-0.15826279 -0.04248162 -0.09895785
-0.21768126 -0.06110319 0.11732136
-0.18559274 -0.02016685 0.07444962
0.21534534 -0.07166585 0.05774744
0.10357790 -0.00963974 0.01096850
-0.29791215 0.05403506 -0.08423361
-0.10889786 -0.05051834 -0.14842999
-0.04688836 -0.05451133 -0.11437215
-0.00020814 -0.08241301 -0.09962900
0.18677546 -0.04449350 -0.02642770
-0.06935760 -0.04911032 0.18880785
0.06875359 -0.08527101 0.04745675
0.20493732 -0.06614389 0.06644294
0.10331394 -0.08386873 0.04911412
-0.24199004 -0.02331286 -0.20921357
-0.06486141 -0.05518320 -0.08193827
-0.31224433 -0.04339126 0.25816545
0.11000179 -0.06528952 -0.11077326
0.12577620 -0.06990102 0.09340160
0.09980221 -0.04308813 -0.14526212
0.13575082 -0.05686503 0.04009732
-0.18087463 -0.06032251 -0.13210732
0.10533165 -0.04889789 -0.09718662
-0.00174489 -0.04768179 -0.12205186
-0.14373806 0.01765788 -0.04573806
0.03562351 -0.03028902 -0.08206273
-0.06209632 0.01036958 0.01588961
-0.11840267 0.00758762 -0.04430331
0.22552647 -0.05823957 -0.07152304
0.08198190 -0.05358687 -0.15416409
-0.17900866 -0.05126366 -0.27488616
-0.24658023 -0.07916377 -0.03753987
-0.12989587 -0.03724212 0.17142272
-0.18746546 -0.03965178 0.08450429
-0.08369365 -0.05690610 0.24201164
-0.27602565 -0.04860091 -0.26893586
0.16895561 -0.00007681 0.00351255
-0.26316589 -0.00274079 -0.13538843
-0.28611749 -0.02387232 0.07361560
0.01425198 -0.06901904 0.08328398
-0.06079443 -0.08385960 -0.01745150
-0.07858150 -0.01827025 -0.07125806
-0.28469515 -0.04471540 -0.07907292
-0.12206123 -0.05399044 -0.07036585
0.01636445 -0.04787655 -0.12328402
0.17833480 -0.02687027 -0.07694962
0.09132373 -0.05876807 -0.14766601
