0.00994023 -0.04306007 -0.04233125
0.27148527 -0.09275997 -0.02059211
0.00208436 -0.07438925 -0.11959451
-0.02172304 -0.06944725 0.12584399
-0.05813709 -0.05131928 0.03995635
0.08400058 -0.10446311 0.09096770
0.05514064 -0.10572665 -0.13019298
0.15040323 -0.01589293 0.00987423
-0.22224689 -0.01888604 -0.00864140
-0.04998861 -0.09475372 -0.01708593
-0.11417490 -0.03783909 0.03682402
-0.07341669 -0.06182488 -0.20206912
0.00109291 -0.06533301 0.12715453
0.04980072 -0.07565594 0.12556908
-0.05214957 -0.06402247 -0.17930092
-0.04528071 -0.07115713 0.11575327
-0.02704941 -0.06121282 0.20286649
0.00960931 -0.02553807 -0.02512984
-0.01676399 -0.07476874 -0.04396830
-0.03597912 -0.07605921 -0.09500030
0.04232128 -0.08178148 -0.09337074
-0.28215662 0.01740411 -0.00023629
-0.07815833 -0.05780145 -0.23519193
0.03027521 -0.08788243 -0.03743199
0.24164282 -0.10919420 -0.00179477
-0.05102289 -0.06715182 -0.13949382
0.29277837 -0.08949652 -0.01186928
0.01099715 -0.07956079 -0.07555563
0.19340760 -0.05351675 -0.03923301
0.02286817 -0.06637032 -0.09936944
-0.18972029 -0.07895725 -0.01554905
-0.25364199 -0.03754284 0.01863174
0.21839800 -0.08652660 0.02830564
0.09784256 -0.07340202 -0.03897312
0.23693299 -0.09697972 0.01067186
0.03209836 -0.10268923 0.13044368
0.02291767 -0.06381439 0.12484767
0.03117449 -0.06441095 0.11916030
0.04905786 -0.08184770 -0.03459118
0.00097322 -0.07692070 -0.10631298
-0.02437132 -0.08808342 -0.03742364
0.00725453 -0.11541880 0.06053740
-0.26932800 -0.02228597 -0.07448585
0.30027428 -0.07273372 0.01929985
0.09315301 -0.08223179 0.08983280
-0.05432211 -0.06176716 -0.03764142
-0.28973892 0.02218625 -0.00049161
0.25956163 -0.03546885 0.02717061
-0.03618095 -0.05658163 0.22439773
0.06005472 -0.08739877 0.04042858
0.01913055 -0.10373643 0.08716981
-0.25178143 0.03244060 0.00398340
0.17965570 -0.01397049 -0.00535555
-0.06185706 -0.02886253 -0.02926598
-0.01137778 -0.08207751 -0.08122738
0.10388203 -0.01541677 0.00958161
0.20009927 -0.09923872 0.00435781
-0.02044619 -0.06432651 0.16456366
0.07855221 -0.10466039 0.08943531
0.00854026 -0.11265980 0.06460416
0.28812531 -0.08242124 0.01713574
0.12365657 -0.04777967 0.03916813
-0.05893121 -0.05665943 0.23740155
-0.04646138 -0.05824667 -0.20457087
-0.07369539 -0.08827838 0.02818722
-0.20529933 -0.04536714 -0.03245974
-0.04017401 -0.07594179 0.09981902
-0.07723947 -0.05927374 0.23856865
0.23769705 -0.07140766 0.03607741
-0.30414921 -0.01482932 0.00326372
-0.03983386 -0.05582746 0.04391184
-0.03201310 -0.07403062 0.05855574
0.27947360 -0.03147324 -0.01649168
-0.02440451 -0.11416241 0.05871635
-0.02071147 -0.07874710 0.03622198
-0.05084768 -0.06237580 -0.20130561
-0.14733696 -0.01352864 0.01473883
0.16921414 -0.09796999 0.00118419
-0.24874535 -0.06492809 -0.00047789
-0.18996263 -0.07627378 -0.02442861
0.01041305 -0.04858322 -0.03595833
-0.04784337 -0.06981794 -0.14674941
-0.17193167 -0.05850083 0.03237716
0.03121941 -0.05295831 -0.03739042
0.23034509 -0.09806420 -0.01426911
-0.00737436 -0.08606333 0.03494492
0.04065290 -0.07106256 -0.12895243
-0.06388954 -0.05162544 -0.27177647
0.01350801 -0.07724127 -0.11725619
-0.29151630 0.06186084 0.00352368
-0.19975135 -0.03997447 -0.03308170
0.15038049 -0.08884398 -0.02782958
-0.12367555 -0.07578356 0.03302588
-0.14747721 -0.03916120 -0.03878934
0.14594689 -0.06289436 0.04078914
0.06657787 -0.02538339 -0.02479429
-0.10819007 -0.04358892 0.33883068
-0.04888295 -0.06240093 -0.19303732
0.07562669 -0.07914966 -0.03357020
0.02356420 -0.07984108 0.11418780
-0.07357324 -0.05775683 -0.03879590
-0.16984212 -0.08936825 -0.00436202
-0.31689709 0.10957950 0.00094127
0.00784020 -0.07123940 0.12853923
0.06842534 -0.08377161 0.11677860
-0.08397615 -0.06362307 0.03649789
-0.24954507 -0.01483056 -0.00174993
-0.30605826 0.10208808 0.00272553
-0.07864890 -0.04359650 -0.03907268
0.29225564 -0.07523110 -0.01724151
0.03864002 -0.06927601 0.07337619
0.08044135 -0.03359212 0.03512944
0.08403200 -0.08895283 -0.03514926
0.32477030 -0.05581670 0.00463799
-0.21931833 -0.06638364 -0.02915243
0.04275313 -0.06907836 -0.08898713
0.26120850 -0.02420912 0.01321917
-0.01979268 -0.07838839 -0.03703171
-0.03222360 -0.01563823 -0.00312692
0.05329305 -0.06880593 -0.07566154
-0.00086365 -0.08199471 -0.04253349
0.06476142 -0.09246299 -0.03825182
-0.05132928 -0.06790392 0.15598153
0.01953508 -0.06848405 0.03559409
-0.02208535 -0.07340014 -0.06523573
-0.07289569 -0.06074348 -0.21774498
0.02514506 -0.10206350 -0.09987722
0.00586207 -0.08234762 -0.04118454
0.05852068 -0.09845700 -0.14450437
0.27906445 -0.03046611 -0.01185927
0.21934767 -0.04113466 0.03355994
0.21216792 -0.03696071 -0.03357803
0.05556902 -0.08323225 -0.12670605
0.00861638 -0.06885888 0.05777873
0.02452457 -0.09182072 0.02637910
-0.18494043 -0.01395687 -0.00603937
0.22605586 -0.07845036 0.03422710
-0.06100575 -0.05758428 -0.03960887
-0.29306129 -0.02962215 0.01148343
-0.05374108 -0.08145398 0.03477712
0.10414932 -0.07316513 0.03786073
0.25295413 -0.11667665 0.00012155
-0.22699074 -0.01788655 -0.00743019
-0.24933131 -0.01438164 0.00229523
-0.04823534 -0.07875124 -0.03266357
0.06968608 -0.08045405 0.11553752
0.05185072 -0.03040379 -0.02907794
0.33299538 -0.07044964 0.00197867
-0.26374200 -0.05631192 0.01293829
-0.24529600 0.00212309 0.00268399
0.06349710 -0.09300925 -0.12732510
-0.13514216 -0.05862058 -0.04171879
0.00761251 -0.06848826 0.14786035
0.05341615 -0.07079143 -0.10496746
0.11596400 -0.09492779 0.01942836
0.08572379 -0.08581679 -0.03688807
-0.04409498 -0.06142381 0.22522928
0.25883260 -0.09833951 -0.01208339
-0.05896794 -0.05558063 0.25032464
0.23279558 -0.09744961 0.01143770
-0.02735095 -0.08165499 0.03636970
-0.05260640 -0.06678358 -0.14297861
-0.28710654 0.11594856 0.00088786
0.27236363 -0.05107982 0.03078019
0.01204297 -0.06478955 -0.17744352
0.02232638 -0.08410037 -0.03333884
-0.01129550 -0.11283466 -0.06187646
0.06899197 -0.07829002 -0.06272519
-0.29147547 -0.02298736 -0.11098186
-0.25334445 -0.04825627 0.02433043
0.18243058 -0.06448654 -0.03882675
0.02349136 -0.06413722 0.11725001
-0.21534485 -0.02375532 -0.02674559
-0.05247597 -0.01631735 0.01585207
-0.23616323 -0.03033400 0.03621272
-0.00003131 -0.06171449 -0.03668292
0.06471317 -0.07925721 0.11152154
-0.07773591 -0.05889367 -0.22593296
0.06477017 -0.03380643 0.03495115
0.00750975 -0.02662045 0.02552041
-0.24591246 -0.04284796 0.01964908
-0.07214028 -0.05383333 0.26333401
-0.27253377 -0.03074766 0.06746411
-0.02967930 -0.06166377 -0.20225441
0.03646895 -0.06645697 0.12359872
0.14756516 -0.08079158 0.03527328
-0.04477753 -0.05610114 -0.23905830
-0.00799132 -0.11496527 -0.05649416
0.15757240 -0.09748319 -0.00972684
-0.04408390 -0.06874382 0.16231433
-0.06649759 -0.05075922 -0.28208259
-0.26725096 -0.02657161 0.09437899
-0.11056045 -0.04231752 0.33948421
0.22191642 -0.07070648 0.04051312
-0.04479933 -0.09871686 -0.01265346
0.17399956 -0.07116854 0.03894922
-0.03154307 -0.06167148 0.03808273
-0.29630563 -0.02117878 -0.09142662
0.28596735 -0.03058667 0.00170288
0.02846196 -0.08251534 0.12553151
0.05382948 -0.07786166 0.07081749
0.02746490 -0.07976721 -0.02913324
0.03972523 -0.07261478 -0.10875503
0.11747152 -0.01493677 -0.00318818
-0.08436315 -0.05594568 -0.28826201
-0.01910580 -0.06678095 0.15418342
-0.26107827 -0.04179509 -0.02590827
0.28681529 -0.05086734 -0.03251654
-0.27420673 -0.01214123 0.00156122
0.30433139 -0.05625649 0.01774308
0.03057650 -0.06324622 -0.03957992
-0.01086705 -0.09261175 -0.01394070
-0.05959154 -0.03695173 0.03378509
0.10619242 -0.06375397 0.04123994
-0.00069378 -0.09301785 0.02896236
-0.23990582 -0.01760816 -0.01507427
0.09170994 -0.03683488 -0.03241876
-0.03855596 -0.07469819 -0.05951549
-0.24782597 -0.02797318 -0.05013220
-0.03857452 -0.06476484 -0.17987019
-0.03697153 -0.06711716 0.15442725
0.05029308 -0.01596612 -0.01196553
-0.23794319 -0.03497331 0.02609915
0.07017571 -0.09502948 0.02627567
-0.04463473 -0.06847157 0.17155291
0.06737758 -0.08758027 0.12281336
-0.02466066 -0.07653022 0.09159319
0.10215075 -0.02073728 0.02224115
0.00303322 -0.09308162 -0.12764834
0.18622649 -0.04824072 0.03986511
0.29725176 -0.05711078 -0.02403636
-0.07537071 -0.05958439 0.23015817
-0.29745451 -0.02901148 0.07513931
0.06251637 -0.11193683 -0.10698778
-0.03901736 -0.06698810 -0.15373175
0.02754393 -0.03229200 0.03722326
-0.09523983 -0.05211117 -0.28192469
-0.27736589 -0.02916902 0.04199357
0.31330255 -0.04726181 -0.01793052
0.05825086 -0.09562291 0.02884445
-0.29871389 -0.02728412 0.06195028
-0.30279806 0.09425849 -0.00022019
0.06429734 -0.06484430 -0.04031819
0.01728453 -0.11467338 -0.05170350
-0.08492932 -0.04789713 -0.30980471
-0.00526860 -0.06434333 -0.18400058
0.08389083 -0.07540774 0.05528766
0.00698660 -0.01839943 -0.01484437
-0.03098782 -0.06689271 0.17237891
-0.03661812 -0.04703673 0.04388570
-0.28529972 -0.03177388 0.06231406
-0.03192612 -0.06642151 0.14191292
0.16328111 -0.09814405 -0.00080016
-0.01858325 -0.07407919 0.05605755
0.05564151 -0.03300649 0.03341620
-0.10018460 -0.04601373 0.32063526
0.07451185 -0.07810965 -0.04753729
-0.08095454 -0.05039661 -0.29684633
0.22171023 -0.09532296 -0.00930090
0.20999527 -0.10027973 -0.00311294
0.24134116 -0.01765652 -0.00323749
0.00713318 -0.09798098 0.04009748
-0.28115764 -0.02828573 0.11219596
-0.00548389 -0.06830631 0.04587135
-0.08330619 -0.05529921 -0.28130022
-0.24175012 0.03774138 0.00275824
-0.00174980 -0.07973723 0.07595314
0.04991373 -0.07625835 0.10798158
0.02714863 -0.09373102 -0.03249305
0.23859361 -0.01762859 -0.00308460
0.08987747 -0.10709546 0.11383989
0.26987240 -0.09583473 -0.00297853
-0.13614999 -0.01625918 -0.00975012
-0.01905301 -0.05990323 -0.04294677
-0.12210149 -0.05972689 -0.03526893
-0.07362255 -0.06071544 0.24703544
-0.14765926 -0.01611391 -0.00991441
0.05077685 -0.08367397 0.11073634
-0.03845317 -0.07367147 0.10405248
-0.29210392 -0.01972265 0.00183976
-0.23149677 -0.01701153 -0.00889142
-0.13218325 -0.09455388 0.00527128
0.24604954 -0.07087286 -0.04038553
0.03171847 -0.09986934 -0.00526990
-0.01003734 -0.02103761 0.02286499
-0.04688045 -0.07780018 -0.03440596
0.24018852 -0.01795195 -0.00258595
0.08274512 -0.10179740 0.13731030
-0.02583140 -0.07112564 -0.04466448
0.03090526 -0.09042783 -0.13558105
-0.20562951 -0.01443211 0.01432317
-0.24030861 -0.01276221 -0.01094738
0.01662089 -0.07936753 0.08000424
0.31203228 -0.05641930 0.01529244
0.01754636 -0.08011149 -0.02870131
-0.28736961 0.03865284 -0.00360805
-0.05542008 -0.06575342 0.15925449
-0.04026213 -0.05784416 -0.20079765
0.00158910 -0.06665333 0.04499897
0.05855433 -0.09793763 -0.01242132
0.15805919 -0.01868830 -0.01054273
-0.01371625 -0.06054882 -0.18152048
-0.18630202 -0.01220907 0.01684836
-0.22919710 -0.01086191 0.00618590
-0.05288860 -0.06791388 0.16025682
-0.03399637 -0.07009251 -0.12893604
-0.04955953 -0.06133667 0.21216333
0.01037316 -0.06678537 0.10761981
-0.27431288 -0.04326726 -0.01967102
0.14910051 -0.07501545 0.03902017
-0.04015518 -0.06588714 -0.17354575
0.23293266 -0.04324624 -0.03589894
0.08118160 -0.07216042 -0.04475213
-0.02608268 -0.09883440 0.00862982
-0.05106726 -0.06943562 -0.13502002
-0.08139291 -0.05500545 -0.25600097
-0.17265281 -0.04174780 -0.03569894
-0.09032537 -0.05321696 -0.29770085
-0.00179093 -0.08077824 0.12097735
0.06065040 -0.06241731 -0.05173478
0.07335928 -0.02900128 0.02919772
-0.31320354 0.07799748 -0.00258032
0.26046252 -0.09202833 0.02039346
0.03825704 -0.09987727 -0.00255439
0.03954570 -0.04326382 0.03953000
0.06787760 -0.10744505 0.09951665
0.08798303 -0.08305969 0.10588434
-0.02929910 -0.07481007 -0.07928983
0.02784308 -0.02067624 0.02017813
-0.11746402 -0.09059360 0.02270404
0.28092831 -0.08249530 0.01574319
-0.13195127 -0.02471999 -0.02736679
0.14245282 -0.04374783 -0.04027552
0.12902193 -0.01413552 -0.00339653
-0.30968907 -0.02177409 0.09147113
-0.09520726 -0.05242478 -0.27250910
0.26795492 -0.02798864 -0.01829661
-0.31266749 -0.04639497 0.00497304
-0.07125433 -0.06074659 -0.20530616
-0.01079873 -0.05890369 0.03987779
0.06299566 -0.02562718 -0.02852234
0.00040791 -0.06757269 0.03544357
-0.06133238 -0.01515157 -0.00190906
-0.11961135 -0.04329553 0.34363002
-0.30841637 -0.02895622 0.00506280
-0.29422212 -0.02145622 -0.11262530
0.00306142 -0.08007880 -0.06583771
0.07942209 -0.02073754 0.02266023
0.13642927 -0.03406492 -0.03358502
0.04612102 -0.09228748 0.11662584
-0.19825444 -0.01266393 -0.01061031
-0.17095652 -0.05121800 0.03965291
0.06387626 -0.07560971 0.11234310
-0.18374182 -0.07895567 -0.01420364
-0.18940118 -0.08241727 -0.00774695
-0.00844834 -0.06196961 -0.19596665
-0.07924726 -0.09200751 -0.01534791
0.01113200 -0.09560947 -0.12701720
0.05381703 -0.09972919 0.00170238
-0.27380565 -0.02778794 -0.07473584
-0.26948768 0.07251534 0.00130862
-0.21600544 -0.07087275 0.00984788
0.05708751 -0.02304107 -0.01887386
0.01422200 -0.07046995 -0.03736280
-0.15400654 -0.07983628 0.03882235
-0.09236010 -0.05035723 -0.30108428
-0.31582817 -0.01783305 0.13383900
-0.31649154 -0.02242103 0.11424839
-0.22428361 0.02252537 0.00191464
0.14053893 -0.03749288 -0.03351447
-0.05329732 -0.06123668 0.20415869
0.15060525 -0.02757595 0.02885588
0.07071764 -0.08778355 0.12964250
-0.03077281 -0.07247420 0.03659638
-0.03150950 -0.06583162 0.10180699
0.09385453 -0.09011822 -0.04041008
-0.04757730 -0.07084421 -0.12218542
-0.11114477 -0.06006440 0.03957034
-0.01989415 -0.02087046 0.02117705
0.01774494 -0.08278717 0.10595872
-0.09345292 -0.05075396 -0.30676425
-0.01712306 -0.07676911 0.13342781
0.02024571 -0.06676212 -0.06178121
0.08518743 -0.08732004 0.13507526
0.02468559 -0.08227465 0.10733949
-0.25283897 0.01276366 -0.00038316
0.00526861 -0.06817751 0.06829160
-0.01621277 -0.05556622 0.03922666
-0.22061831 -0.06753383 -0.02016951
-0.02569349 -0.04729706 -0.03744321
0.27725789 -0.03604568 -0.02551918
-0.10011222 -0.04865754 -0.32609251
0.04173588 -0.05917857 0.04933574
0.20825581 -0.07750478 -0.03243035
-0.05983590 -0.06290533 -0.18157201
-0.07568661 -0.01894416 -0.01452769
-0.23780267 0.02591263 -0.00237079
0.31243449 -0.04481906 -0.01587075
-0.05207666 -0.08768273 -0.03100393
0.00621051 -0.08015139 -0.12122849
-0.31598061 -0.03753338 0.00905861
-0.09676009 -0.05174577 0.28348100
-0.28696978 -0.02934124 0.05362641
0.06694960 -0.07239128 -0.04151274
0.17194925 -0.01610031 0.01099656
-0.02543520 -0.06839789 -0.14387360
-0.04130534 -0.06692848 -0.15836999
-0.05345522 -0.06309653 0.18553004
0.10222183 -0.07621139 -0.03925165
0.13552734 -0.06220626 0.04051598
-0.06701504 -0.05238312 -0.28831285
0.09175975 -0.09095497 -0.12753697
-0.03245565 -0.06483563 0.16759278
-0.03466509 -0.06674551 0.16312379
0.18204936 -0.06229857 0.04026129
0.06263913 -0.08768345 -0.08096571
0.12757276 -0.09689485 -0.01052524
0.30652195 -0.05623376 0.01493547
0.00451059 -0.07673947 -0.03890194
-0.12421414 -0.08195522 -0.02943117
-0.08839992 -0.05082911 -0.29420847
-0.28713405 0.03919910 0.00061200
-0.26627836 0.08335042 -0.00016211
0.28058863 -0.02848017 0.00946472
0.09401744 -0.07932551 -0.12783872
0.29378197 -0.06086740 0.02663316
-0.04330142 -0.05645911 0.21171613
0.28027400 -0.02902831 0.00192022
0.09383342 -0.09828135 -0.01211477
0.25322852 -0.09193928 -0.01722334
0.07853730 -0.06388731 -0.04861400
-0.02445893 -0.07567562 -0.08711153
-0.01091722 -0.06399951 -0.12275421
-0.15165839 -0.08594084 0.02217555
0.08410837 -0.03629749 -0.03330690
0.06217988 -0.07920585 0.09492124
-0.20325889 -0.01276786 -0.00451759
0.24335626 -0.02802285 0.02200380
0.25073338 -0.08541296 -0.03131246
-0.25817364 -0.03528092 -0.02049983
0.07060049 -0.05958207 -0.04489455
-0.17165366 -0.07971019 0.01613219
-0.07647368 -0.09591504 0.02175686
0.03575461 -0.10448313 -0.13257790
-0.10007249 -0.01806915 0.01967380
-0.08941288 -0.08419533 -0.02719131
-0.31137526 0.04521536 0.00257860
0.04645471 -0.08419731 -0.12532823
-0.27232510 0.04859164 -0.00062790
-0.30367315 0.05863484 0.00078358
0.06352046 -0.08421706 -0.12408994
-0.06539129 -0.05427256 -0.26425716
0.01305233 -0.04836752 -0.03828025
-0.05710083 -0.06636300 0.18278679
-0.26289991 -0.04686768 0.02213750
0.03312729 -0.06723695 0.06206905
0.05307997 -0.01604592 0.00611179
-0.22264615 -0.01473543 0.01942576
-0.17529404 -0.07793176 -0.02060690
-0.03874965 -0.07184797 -0.10608874
-0.03575964 -0.02809806 -0.02875712
0.06241628 -0.10965072 -0.12487450
0.00001731 -0.06244239 -0.15104555
0.00957734 -0.10044358 -0.10505136
-0.01822879 -0.10764209 0.07946888
0.13101819 -0.04203990 0.03457698
-0.05019831 -0.05959327 -0.22952332
0.31692889 -0.08207438 0.01230460
0.06372372 -0.04135346 -0.03641689
-0.31588373 -0.01707176 -0.12939881
-0.10897503 -0.04823842 0.31104502
-0.03946216 -0.02160200 0.02195339
-0.10336140 -0.04440401 0.31740975
0.00367101 -0.06508735 0.14179553
0.04816233 -0.07936911 -0.11273611
-0.09115286 -0.07540628 -0.03360368
-0.02650556 -0.07621352 0.09627870
-0.14361328 -0.02039255 0.02782871
-0.00296391 -0.06211734 -0.16893674
-0.28953376 0.03234855 -0.00117969
0.05150188 -0.08559982 -0.13095149
-0.04510353 -0.05795401 -0.22075365
-0.07454810 -0.01502202 0.00304062
0.00986812 -0.07750878 0.09515816
0.21370824 -0.02311041 0.02187771
0.05756993 -0.09750541 0.13828509
-0.28963932 -0.03094342 -0.05514068
0.11217838 -0.07347374 -0.04074564
0.06447668 -0.08204216 -0.12569332
-0.00762492 -0.06918691 -0.05064886
0.22815847 -0.09534828 -0.00786406
0.12844984 -0.09306710 0.02280554
0.06668901 -0.10026161 0.01276597
-0.24643233 0.06470961 -0.00082033
0.01646707 -0.08121246 0.11064806
0.04194814 -0.02970782 -0.03048890
0.28200534 -0.05030815 -0.03314101
-0.06773959 -0.06489605 0.19319496
0.29688039 -0.04359986 -0.02365034
-0.21840891 -0.07056336 0.01963446
0.30784574 -0.06960295 -0.02211814
-0.30387241 -0.02509706 -0.08018460
0.02711398 -0.01707484 0.01686319
-0.10622967 -0.01380685 0.00965369
0.03853885 -0.07529697 0.11834586
-0.10469138 -0.01599170 -0.00977893
0.05605542 -0.07866769 -0.04884907
0.03891366 -0.07506548 -0.12711714
-0.28805751 -0.01924771 -0.12308482
0.07016981 -0.02085187 0.02087109
0.25914577 -0.02267952 -0.00357274
-0.16507186 -0.08004495 0.01767536
-0.30705053 -0.01634727 0.11311663
0.16359651 -0.09745794 -0.00838047
0.03512852 -0.07051626 0.10412268
-0.04883047 -0.05843871 0.24553780
-0.09076855 -0.04788520 0.32429275
-0.11412609 -0.04690279 0.32727149
0.03873755 -0.07569765 0.03518708
0.06797049 -0.06063279 0.03943499
-0.23853214 0.03229863 -0.00465018
-0.05850069 -0.05480891 0.25486526
0.00022108 -0.06476802 0.14096004
-0.09814808 -0.04596716 -0.33667529
-0.22749890 -0.03524577 0.02590130
-0.01084817 -0.07101425 -0.12606397
-0.10687230 -0.07450540 -0.03429602
-0.04963603 -0.06724957 0.17292796
0.02187808 -0.07174885 0.04440477
-0.00387006 -0.08291051 -0.07456999
-0.01703590 -0.07969157 0.07683445
-0.07627358 -0.05901641 -0.22277430
0.02544122 -0.10789612 0.10718771
-0.29205877 0.10037638 0.00113449
-0.12178109 -0.07073385 -0.03687599
-0.04857834 -0.07098415 0.12640902
-0.10187016 -0.04351020 0.04323664
0.10714501 -0.09158704 0.09189742
-0.15248686 -0.05923651 -0.03914627
-0.02170917 -0.07451101 0.09315066
-0.06224570 -0.09713549 0.00730948
-0.24620205 -0.05975175 -0.01473644
-0.01021908 -0.06206550 0.03748085
-0.11903254 -0.05915880 -0.03753529
-0.03023612 -0.05641961 -0.21445309
0.00936566 -0.07890721 0.07758501
-0.10817636 -0.05658956 -0.03645660
-0.04073533 -0.05626630 -0.23687221
-0.08093663 -0.05351770 -0.28582475
0.02507121 -0.07562166 0.12148989
-0.11148117 -0.01481846 -0.00938029
0.05343692 -0.10615514 -0.12596352
-0.04768053 -0.05761879 -0.20776702
0.10525332 -0.04040318 0.03794824
-0.16905372 -0.02765418 -0.02670842
0.21470979 -0.04265464 -0.03469595
-0.29821301 -0.02456977 -0.08226225
0.18546377 -0.02615914 -0.02540362
0.10307359 -0.07911692 0.03762490
-0.10390789 -0.04827598 -0.33287290
0.11823071 -0.09326060 0.02592847
0.07982787 -0.08068597 -0.10025786
-0.29459378 0.07437833 0.00337965
0.20207703 -0.09772346 0.00703747
0.04788185 -0.07150437 0.07374945
0.05959981 -0.07490782 0.05825755
-0.21218529 -0.00226214 0.00455500
0.22105029 -0.07124060 -0.03737174
0.29520202 -0.06853798 0.02894418
0.21644899 -0.04057153 0.03667338
-0.05682043 -0.08922426 0.02817662
0.02980193 -0.08541854 -0.09226295
-0.01668617 -0.07795942 -0.09075432
-0.10916919 -0.04234105 0.33196360
0.27280772 -0.08242387 0.02224660
-0.04117077 -0.06505717 0.18306990
0.01718813 -0.06692544 -0.15046625
-0.03803935 -0.09881903 0.00992991
0.00291174 -0.07923897 -0.06671076
-0.00633029 -0.05912461 0.20357077
-0.06266913 -0.05913779 -0.22654600
0.09235974 -0.08731919 0.11746661
-0.25974545 -0.02366288 0.01827880
-0.12881429 -0.03871077 -0.35047618
-0.03471624 -0.07880494 0.04261683
-0.10581692 -0.05218760 0.29134989
-0.04922972 -0.05518473 -0.24846683
0.28266698 -0.04263723 -0.02373338
-0.01076943 -0.01715558 -0.01463765
0.06089227 -0.04386036 0.03833836
0.25029787 -0.08010244 0.03206399
0.04808824 -0.08377595 0.11518579
-0.24297459 0.06640122 -0.00218258
-0.17576882 -0.01777565 -0.01212260
0.02202190 -0.10158621 0.12821765
0.25375816 -0.02434764 -0.01733521
-0.13392261 -0.02583942 -0.02803691
-0.06924896 -0.05430682 -0.24241203
-0.06971503 -0.06200385 -0.20734647
-0.06539746 -0.05420899 0.26182979
0.23050706 -0.02092274 0.01781583
-0.27960625 -0.02991904 -0.05421461
-0.28197721 -0.05650955 -0.00235778
-0.04191270 -0.05807536 0.21992797
0.03109748 -0.08346316 -0.05731791
-0.06124136 -0.05140214 0.03589233
-0.03619230 -0.07627576 0.10266948
-0.20742430 -0.05105459 -0.02620985
-0.11033788 -0.03711461 0.03444252
-0.17661472 -0.01167321 0.00412901
-0.23864841 0.00692464 -0.00380685
0.01482267 -0.04302318 -0.03593745
0.29186291 -0.04275354 0.02268458
0.12058336 -0.06334587 -0.03822743
0.01366586 -0.07859927 -0.08562769
-0.28887010 0.08132172 0.00029067
-0.05828253 -0.05767955 -0.21383475
-0.31347993 -0.01728494 0.14385898
-0.14927240 -0.05731652 -0.04042653
0.27253056 -0.08080562 0.02364058
-0.28842461 -0.03173989 0.01769377
-0.25765675 -0.02875966 0.03116074
-0.06055452 -0.06360555 -0.17081615
-0.05442883 -0.07280269 0.04651318
-0.15614197 -0.06022242 0.03539719
0.20254035 -0.02317132 0.02238064
0.18808050 -0.02083969 -0.01532873
-0.27186587 0.06256477 0.00047812
-0.11792956 -0.04792468 -0.32988596
0.08822032 -0.10209081 0.12688385
-0.01753636 -0.01634044 0.01682311
-0.05651877 -0.06097504 0.21721742
0.01078253 -0.07995677 -0.06495290
0.06586704 -0.07950594 0.11810360
0.00265719 -0.07624765 0.10569723
0.08558100 -0.06539173 -0.03790122
-0.01396728 -0.06222444 0.04621636
-0.27572665 -0.03482780 -0.04129310
-0.28362399 -0.03887475 0.02193805
0.07996020 -0.08207108 0.09700876
0.17627382 -0.09050626 -0.01902550
0.01466143 -0.09437467 0.01687510
-0.19104603 -0.00155531 0.00373813
0.03162108 -0.07378091 0.10094364
-0.01728704 -0.05992694 0.20775649
-0.12598225 -0.02499372 -0.03022898
0.05417012 -0.03302714 0.03561119
0.19283064 -0.05497888 0.03985109
0.00339679 -0.03226085 -0.03186356
-0.09933326 -0.05057850 0.30647263
-0.07537626 -0.06372675 0.19739006
0.26909178 -0.05148668 0.03158341
-0.08404220 -0.08814723 0.02928890
0.21879604 -0.08946840 -0.02232130
-0.25639874 -0.03193605 0.02573281
-0.27592766 -0.02239336 -0.00663132
0.04654361 -0.03858846 -0.03293851
-0.07353623 -0.05135830 -0.29488373
-0.11452002 -0.04266559 -0.34276181
-0.07729214 -0.05994703 0.21707444
0.11350964 -0.09497125 0.02102268
-0.01051228 -0.08310301 -0.07408136
0.06131704 -0.09730249 -0.02168672
-0.05768652 -0.09579209 0.01660090
-0.28447002 -0.02897592 0.03998109
0.02167009 -0.08010050 0.10523464
0.13396139 -0.09726693 0.00320727
-0.01270373 -0.09789234 0.01603043
0.15632534 -0.09310628 -0.02268727
-0.04497507 -0.07584367 -0.10266164
-0.07545249 -0.09645180 -0.00469603
0.07413998 -0.08673594 -0.11154635
0.04633458 -0.10348636 0.12282831
-0.01982852 -0.07601627 0.09908154
0.02792959 -0.07996465 -0.06656519
-0.00839555 -0.03220650 0.03006851
0.05657433 -0.08207143 0.09806122
-0.02587731 -0.05915476 0.03807763
0.28292707 -0.05195748 0.02602096
-0.00672405 -0.08089194 0.03673809
0.02968101 -0.05781943 0.04006460
0.02026805 -0.02139986 0.02286556
0.04264287 -0.07593635 0.10791766
0.01653089 -0.06068846 -0.04177315
0.13347261 -0.08568225 -0.02926226
0.01071210 -0.04690940 0.04358835
-0.27378851 -0.01591972 0.00056295
-0.08880382 -0.02268296 -0.02375581
0.02408678 -0.07148117 -0.11506662
-0.00893568 -0.08065204 0.09010606
-0.09601384 -0.04720079 -0.33187693
0.19365875 -0.03598729 0.03590120
0.04273976 -0.06913007 0.03582291
-0.31229275 -0.02784308 0.00297941
-0.02979480 -0.07098478 0.12526259
-0.28125250 0.03146565 0.00133330
-0.04078536 -0.06227876 0.19178739
0.21750608 -0.07112350 -0.03483278
-0.30549967 -0.02735832 0.00219114
-0.03435909 -0.06224999 -0.19080696
0.07686666 -0.11062548 -0.10303089
-0.31007335 -0.02551018 -0.00230146
-0.30234927 -0.01763288 0.11145189
-0.04360406 -0.07305942 -0.08550629
-0.05530939 -0.06599755 -0.15886165
-0.25174171 -0.01438765 0.00361121
0.07663492 -0.04401518 0.03516879
-0.11968379 -0.04588201 0.32685417
0.28945440 -0.07530328 -0.02044643
0.05574087 -0.05968270 -0.04207177
-0.26394683 0.05109577 -0.00189153
0.03263391 -0.08757000 -0.04757448
0.26827309 -0.11751327 -0.00254261
-0.25195801 -0.04705086 0.01820130
-0.28128478 -0.03163408 0.03311704
-0.25814384 -0.04767148 0.02318007
-0.02496342 -0.07155939 0.04432424
-0.00203095 -0.06159496 0.15886252
0.05872338 -0.06780592 -0.05943047
-0.11943623 -0.04524476 -0.33943456
0.14240137 -0.02983123 0.03279611
0.04920856 -0.07511591 0.11449062
-0.04566567 -0.06914397 -0.13025902
0.02769827 -0.07894728 -0.08012513
0.01297187 -0.07457791 0.08575178
0.05175363 -0.01450838 0.00322181
-0.26375768 0.01868217 0.00157519
-0.04237896 -0.07648262 -0.07023223
0.23671997 -0.08636004 0.02644194
0.01777642 -0.07414272 -0.12822954
0.08291408 -0.08244579 -0.02895262
-0.13655227 -0.03602462 0.03671804
-0.05848581 -0.06766956 -0.15727860
0.15989870 -0.07679823 -0.03418478
-0.14971682 -0.02571569 -0.02416243
0.04968569 -0.04372347 0.04104187
-0.27359012 0.05388965 -0.00314093
-0.25746590 0.04362963 0.00375625
-0.01721261 -0.05935500 0.16875510
-0.03171021 -0.07580379 0.13169844
-0.01903965 -0.07022002 -0.13632716
-0.27183235 -0.02076919 -0.07734633
-0.24432109 0.03981032 0.00174063
-0.00685009 -0.06514009 0.14894505
-0.15819789 -0.04152842 -0.03289070
-0.00762351 -0.06893505 0.04413018
0.02633078 -0.09862977 -0.12185761
0.00058601 -0.06310844 -0.13860200
0.23096189 -0.02582746 0.02428634
-0.04497434 -0.07060011 -0.13164252
0.26418608 -0.03611324 0.02445786
0.00387609 -0.01837889 -0.01463459
0.15904076 -0.04916326 -0.03849214
0.01806148 -0.07971863 0.07605183
0.10896013 -0.08999150 -0.03230259
0.21524005 -0.02590847 0.02409471
-0.29830557 -0.02411314 0.11567818
0.00179337 -0.07756755 0.06674060
-0.03045004 -0.05570857 0.03697558
0.26078093 -0.06916987 -0.03511743
0.00363421 -0.06477379 -0.11575952
0.21307699 -0.09319316 0.02244002
0.03787133 -0.07024281 0.04493920
-0.17216851 -0.02530913 -0.02388941
0.21996449 -0.09861054 0.00330339
-0.08689786 -0.05195096 -0.30205515
-0.18526326 -0.05736629 -0.03220915
0.18855040 -0.01848083 -0.01125177
0.01148164 -0.09715941 -0.11173932
0.07158234 -0.08000468 -0.04483853
-0.12729919 -0.03771432 0.04395706
-0.29094806 -0.03361870 -0.03974447
-0.00761366 -0.11161520 -0.06571705
0.22950044 -0.04074614 0.03443830
-0.01730860 -0.06512412 -0.17740701
0.03396298 -0.07015672 -0.06877176
0.17091851 -0.09234512 -0.02224652
0.08110600 -0.06052510 -0.04338177
-0.04800047 -0.06433730 -0.17128587
-0.01310858 -0.08572337 -0.05966190
-0.07905719 -0.05326528 0.28429070
-0.30857387 -0.02405171 0.09178326
0.24248800 -0.04167324 0.03484660
-0.07986729 -0.06046402 0.22341447
0.14602561 -0.09775082 -0.00030742
0.08011931 -0.09237038 0.10063720
0.04676223 -0.07939281 0.09681421
0.00433633 -0.09063366 -0.03184919
-0.26306468 0.00782204 -0.00853189
-0.16871463 -0.01146505 0.00311127
-0.12995811 -0.03674300 0.35268328
0.03168640 -0.07472369 0.12385985
0.05436041 -0.08330122 0.11836787
-0.05372701 -0.06284016 -0.19144285
0.00763906 -0.06378549 -0.04254740
-0.03064495 -0.10133022 -0.06576562
-0.12043487 -0.01374318 0.00986717
-0.13381132 -0.09122008 0.00510308
0.06625055 -0.08788505 0.12412859
0.09845965 -0.09019782 0.03508565
-0.02461414 -0.07321917 -0.11032652
-0.01780300 -0.09977920 -0.01298799
-0.00237285 -0.09705898 0.00480681
0.02381114 -0.07949143 0.07616759
-0.08422977 -0.05917158 -0.22634424
-0.27916938 -0.02779344 0.08189572
0.07077892 -0.08169611 0.03356250
-0.00398248 -0.11628795 -0.05150089
0.01625119 -0.07706833 -0.10931637
-0.31848279 -0.02370312 0.09526145
-0.30535534 -0.02275418 -0.11842927
-0.25459215 -0.02448977 0.01645200
-0.10932932 -0.03054774 0.03430917
0.14930132 -0.09741174 -0.00664714
0.15058242 -0.03184608 0.03123615
-0.30984917 -0.02518012 -0.08477485
0.19024584 -0.07733808 -0.03089945
-0.09174753 -0.09645138 0.00475830
0.08557137 -0.08197088 0.09306544
0.03192460 -0.06657845 -0.11601662
-0.28904358 -0.03045858 -0.04829833
-0.06008008 -0.05618576 -0.25683713
-0.11608072 -0.02978970 0.03514102
0.05585353 -0.09257456 0.02898053
0.14430915 -0.09017313 0.02367315
0.05683126 -0.01949162 0.01471532
-0.01479502 -0.11271107 -0.05850442
0.17353408 -0.09251557 -0.02550961
0.03296980 -0.10652675 -0.13160984
-0.31284836 -0.02675565 0.00116644
-0.08352923 -0.07778453 0.03906348
0.24971311 -0.11695044 -0.00385398
0.13335583 -0.03260652 0.03217924
0.27217609 -0.09310377 0.01458296
0.01044453 -0.09448908 -0.01453508
-0.24255309 -0.01391811 0.00857007
-0.01666670 -0.09527667 -0.02449399
0.09610870 -0.06906310 0.03968670
-0.07511848 -0.05522307 -0.25697961
0.01847940 -0.07246628 -0.12127598
-0.12046905 -0.04425702 0.34158337
0.12242984 -0.05633888 -0.03723970
-0.16567986 -0.06588799 0.03497839
0.13879666 -0.03857215 0.03687042
-0.25496617 -0.02240979 0.00025835
0.24804482 -0.09231889 0.01985395
-0.04433934 -0.09593891 0.01492335
0.15241630 -0.08116376 0.03186148
-0.03335644 -0.06416386 -0.17666186
0.24721326 -0.03298125 0.02954154
0.02628234 -0.09571443 0.02620236
-0.29018712 -0.02114370 0.01460278
0.00707526 -0.06194616 0.13907045
0.03850619 -0.11183645 -0.10663712
0.08202415 -0.08863448 -0.09408032
0.02252471 -0.08747992 -0.03901580
0.07278569 -0.07971816 0.11465727
0.17684974 -0.04082201 -0.03593107
0.01105909 -0.07920705 0.03958463
0.02220439 -0.06701509 0.12108239
0.16042532 -0.03981037 0.03718643
-0.26461622 -0.03323040 0.04423871
0.07658982 -0.02169815 0.02288825
0.13672367 -0.08917833 -0.02710722
0.01873808 -0.07622029 0.12778905
-0.28011268 -0.02281271 0.01651578
0.13664094 -0.02434584 -0.02361912
0.08235233 -0.08722827 -0.12450267
-0.04322606 -0.05708734 -0.21475354
0.22115451 -0.05022096 0.03875579
-0.04526697 -0.07202992 -0.07501397
-0.07767144 -0.06120940 -0.20229346
0.31963918 -0.06909035 0.01254485
0.29702947 -0.07347889 0.01619945
-0.01272577 -0.11115053 -0.07306917
-0.01717050 -0.06622149 -0.08028468
-0.29540816 -0.02387049 -0.10752553
-0.31342068 0.10022250 0.00499008
0.08545869 -0.08711483 0.12181723
0.19038083 -0.06468485 -0.04035715
-0.26940238 -0.02412622 0.07930738
0.04287169 -0.07947429 -0.11203934
-0.06924856 -0.06560117 0.17148151
-0.05558648 -0.06020799 -0.22629821
0.08238728 -0.03286306 0.03413759
-0.30576462 0.03143498 0.00252798
0.03024115 -0.07748502 -0.11973810
0.00987019 -0.08304163 -0.05662378
0.05101261 -0.11185243 -0.10563523
-0.06282043 -0.05278409 -0.26758873
-0.05073244 -0.06497717 -0.16323002
-0.25750747 0.06440205 0.00002826
-0.29946771 -0.01578860 0.00420027
0.00228021 -0.06285091 -0.11654272
0.29870850 -0.07584343 -0.02311348
-0.16189443 -0.02775773 -0.02611350
-0.22996435 -0.06507847 -0.02208573
0.13048792 -0.04276145 0.03719817
-0.02425682 -0.07339965 0.10041773
-0.06692139 -0.06476305 0.19918887
-0.11888609 -0.01154665 0.00197481
-0.02183337 -0.07240538 0.06952600
-0.15543516 -0.02367635 -0.02752225
-0.01343137 -0.06673610 0.04644729
-0.00694321 -0.07232925 0.07195881
-0.04518563 -0.05602219 -0.24340305
0.05858067 -0.07822432 0.07928669
-0.00732031 -0.06158651 -0.16056108
0.04132774 -0.06918573 0.04242619
-0.04179499 -0.07702300 -0.04087085
0.20136407 -0.08617085 0.02825059
-0.12445889 -0.08133084 -0.02972136
0.24704045 -0.05022341 0.03676238
-0.14331307 -0.05796072 -0.04009413
-0.08568034 -0.04901424 -0.31056896
-0.06255314 -0.01961467 -0.01464003
-0.03374437 -0.06579950 -0.16245697
0.25767967 -0.09759767 0.00554236
-0.26586837 0.03893175 0.00485497
0.09916190 -0.08529444 -0.02926848
0.01245230 -0.09053439 0.02282409
-0.03380339 -0.07197692 -0.11401016
-0.21130264 -0.06215252 -0.02943824
-0.06504329 -0.06740913 0.15467852
-0.26643541 -0.05502907 0.01784905
-0.06519523 -0.09768185 0.00205335
-0.29312626 -0.03932992 0.00890245
-0.07976004 -0.05045600 0.28314441
-0.03517840 -0.04596166 -0.03642959
0.27167660 -0.09814842 -0.00007901
-0.16527671 -0.07314591 -0.03301054
0.04658477 -0.08767258 -0.04217255
-0.04251733 -0.01844060 -0.01708221
-0.02677208 -0.04317043 -0.03847451
-0.00880885 -0.08094849 0.11715268
-0.24576345 -0.04437529 -0.02344363
0.09623420 -0.08004775 0.09923471
-0.24192342 -0.03464200 0.03031148
-0.06460623 -0.05289752 -0.26573655
0.00106726 -0.04848370 -0.03558411
-0.15792975 -0.05143589 0.03852165
-0.05917484 -0.02283937 -0.02607050
0.32589814 -0.06923521 0.01506730
0.32961720 -0.06313570 -0.00624847
0.11515425 -0.04216183 0.03831719
-0.03589324 -0.09658366 0.02249160
0.06550945 -0.07810950 0.09680407
0.08660822 -0.02217122 0.02310247
0.07609690 -0.06719279 0.04970392
-0.08221263 -0.09543727 -0.01140418
-0.13303903 -0.02445702 -0.02908454
0.00727891 -0.01782139 0.00829241
-0.01210535 -0.09450179 -0.01328667
0.03659863 -0.08292936 0.11662656
0.09109014 -0.07965329 -0.04762200
-0.20060150 -0.01441073 -0.00268404
0.26251245 -0.09704084 0.00453778
-0.10515647 -0.08508163 0.02366979
-0.13551497 -0.09305936 0.00061082
-0.09736942 -0.01779562 0.01942666
-0.03421144 -0.07163078 0.15463763
-0.01594808 -0.07722108 -0.11983609
0.05706967 -0.10023452 -0.11075819
-0.03503334 -0.04638389 -0.03890056
-0.14189164 -0.01497658 0.00468785
-0.03505917 -0.08779632 -0.02865155
-0.26334974 -0.04027987 0.01800019
0.19666874 -0.09989135 -0.00060786
0.24751297 -0.09087045 -0.02391727
-0.26029807 -0.03832858 0.02350528
-0.23845871 0.01648701 0.00372400
0.11245925 -0.06190756 0.03919745
0.26436731 -0.02310907 -0.00421567
-0.29365057 0.02837666 0.00205519
-0.07149690 -0.06199945 0.23453780
0.09712623 -0.09462644 0.01611601
0.23583169 -0.09713060 0.01094294
0.23406896 -0.09781935 0.00766757
-0.03042543 -0.07641768 0.11687544
0.07244353 -0.08658995 -0.10060792
-0.11435260 -0.04250405 0.03745830
0.15065880 -0.01724580 -0.01194680
-0.02620552 -0.06526867 -0.17140800
0.25966823 -0.09765592 0.00751408
-0.23558156 0.00043241 0.00251624
0.03217642 -0.07616285 -0.12514375
-0.12626022 -0.01237466 0.00175228
0.04244749 -0.07071785 -0.10717169
-0.09425347 -0.08378981 -0.03365014
-0.04341782 -0.07448859 0.05766617
0.06570537 -0.08264005 0.09998480
0.07189630 -0.06872021 -0.03324479
-0.06746914 -0.01880225 0.01915466
0.12533972 -0.07459341 0.03828457
0.01780216 -0.04311704 -0.03766534
-0.08750524 -0.05537707 -0.26107287
0.18787803 -0.06239239 0.04021270
-0.01509249 -0.04639204 0.04120785
-0.25495732 -0.02455732 0.01926528
-0.00568263 -0.07866924 0.06732596
0.29673600 -0.08745390 0.00700915
-0.08563868 -0.05444276 0.27576730
0.05864080 -0.08342244 0.11217612
-0.19941872 -0.03668999 -0.03020658
-0.05930628 -0.01559125 0.01492403
-0.00518407 -0.07259150 0.06867868
-0.10426359 -0.05273081 0.27604127
-0.32297069 0.11644444 0.00090772
-0.03503686 -0.07157481 -0.12069402
0.12144340 -0.02130691 -0.01972166
0.01307081 -0.07239343 -0.11951721
-0.10951488 -0.04029169 0.34768471
-0.30626890 -0.01896373 0.11929769
0.29301289 -0.08619508 0.01184799
-0.09967820 -0.07866691 0.02906819
0.00285256 -0.07020516 -0.03762951
0.07071933 -0.09923170 -0.14207464
0.10574006 -0.09507693 0.02026974
0.05936292 -0.07535997 0.05504987
0.01487420 -0.06394885 -0.04018464
0.00696295 -0.07444149 0.03520753
0.12333240 -0.04396730 -0.03606266
-0.09807736 -0.01463673 0.01232988
-0.21153671 -0.01596550 0.00565011
