0.12190475 -0.13422300 0.17180881
0.07303524 -0.28283593 0.20051320
-0.13758203 -0.39096197 0.17295536
-0.06804912 0.41681582 0.03403927
-0.13573554 0.33057338 -0.12800843
-0.13790199 0.33497855 0.05980585
-0.13543601 0.07239161 -0.04724311
-0.13748309 -0.13867202 0.14120768
0.11660563 -0.17152233 0.14590539
0.11591666 -0.20968044 -0.19557784
0.07356721 -0.42913979 0.08039299
-0.13411236 -0.23575836 -0.16241893
-0.09339848 0.41566294 0.14242502
-0.08879758 -0.35741261 -0.20519255
0.10545806 0.25131276 -0.19758722
0.11948042 0.23808300 0.01787045
-0.10905987 -0.31947410 -0.19921154
0.05089820 -0.10353377 0.19711939
0.03720298 0.25353774 -0.19795451
-0.12783840 -0.28351068 -0.20646749
-0.10806128 -0.42228106 -0.20140529
0.11578222 0.34952146 -0.15387334
-0.07951913 -0.41453767 0.13009797
0.05143398 0.34520701 0.19966452
-0.02348901 0.01433238 0.19904007
0.12119830 0.07013576 -0.04482184
0.09737752 -0.16856328 -0.20250595
0.10643865 -0.17493589 0.19543661
0.12123317 0.02276751 -0.13127664
-0.10343006 0.13118389 -0.19885367
-0.12382943 0.39052856 0.20559160
0.04471029 0.05295186 -0.19901504
-0.13846432 -0.16522290 -0.06531120
0.12402327 -0.36862162 -0.12157680
0.11536819 0.07604889 0.15176775
-0.06109685 0.35995963 -0.19884919
0.05363446 0.38024655 -0.20404154
-0.13971873 0.29774073 0.06352780
-0.14363907 -0.12129121 0.02872456
-0.13212615 -0.40123487 0.05893540
0.02261167 0.42827421 0.17760593
-0.13686454 -0.06781983 -0.15809824
-0.13842639 -0.27417952 -0.16500990
0.02177428 -0.39885363 0.12646633
-0.12717009 0.02451118 -0.19862223
-0.04722293 -0.27060935 0.19733608
0.12284516 -0.18343580 -0.18307072
-0.01654301 0.20931879 -0.19657855
0.12008248 -0.19036911 0.18838394
-0.02891257 0.41780913 0.02792817
-0.09048735 -0.41519657 0.05692838
-0.02689302 0.36235735 -0.19804011
0.12367757 -0.12285784 0.16527650
0.12111885 -0.35344192 -0.07566170
-0.13774602 0.38275912 0.06489263
0.11925361 -0.04680061 0.01360302
0.12181637 -0.06618308 -0.10165939
0.11932696 -0.09096356 0.03117048
0.07145888 0.06643025 -0.19866055
-0.13961181 0.29740193 0.07929003
0.00499047 -0.31304753 -0.19959900
0.11922692 -0.12936123 0.14769781
-0.03963927 0.17230335 0.20472692
0.07627613 0.42336375 -0.07524906
-0.13760197 -0.22165519 -0.03661567
0.12102700 -0.24959746 0.13101794
0.11757348 -0.05943684 0.09210146
0.12175751 0.17064664 0.05165712
0.06901236 -0.39680409 -0.20183629
0.10353944 0.26704782 0.20057844
0.01037475 0.34275204 -0.20209181
-0.00265257 0.33878332 -0.20042583
0.11980183 -0.00275418 0.19231781
-0.13566889 0.12319560 -0.08674027
0.11924118 0.17995383 0.08102543
0.11719134 0.00411870 -0.05116151
-0.13899221 -0.19984874 -0.18431607
0.12609641 0.34453586 -0.04452801
-0.13736226 -0.20693517 0.14085662
-0.12272196 -0.12640809 0.19570701
-0.01539594 0.01242934 -0.19895671
-0.10185558 -0.43061695 0.19565880
-0.04898365 -0.37150982 0.19931535
0.08003164 0.42403579 -0.05718206
-0.04794321 -0.41718209 0.19970484
-0.06135774 -0.40568426 -0.20296709
-0.01678264 0.40935883 0.20357712
0.09207743 -0.27558112 -0.20404929
0.11963914 -0.39459619 0.04041525
0.06233909 -0.18999425 -0.19956182
0.12416954 0.20758799 -0.10213494
0.11968753 -0.26217213 0.11220293
0.00498333 -0.41251320 -0.13273008
-0.13600445 0.06052344 -0.13671665
-0.01660233 0.32913697 0.20132411
-0.00493460 0.14171495 0.20314337
-0.01366894 0.27010658 0.20156629
-0.00424210 0.34696701 -0.19821106
0.12281656 -0.13304642 -0.00661057
-0.11297059 0.09322394 -0.20128287
-0.13538945 0.14063461 -0.17932566
-0.13645457 0.14178719 0.03861620
-0.13730747 0.36211163 -0.03774505
-0.13595995 0.00246339 -0.05496297
-0.00265295 -0.38756353 0.18882447
0.02765306 -0.40578124 0.18249029
0.11419158 0.34979343 0.18484262
-0.01772188 0.17598712 0.20384485
-0.09750531 -0.27820730 0.20639789
-0.13552454 -0.42008701 0.10293972
0.10869631 0.37718183 0.18597521
-0.00332379 -0.05919444 0.20256482
-0.13342275 -0.28121713 0.00585546
-0.13762501 0.31505311 0.07641122
0.00256359 -0.43112901 0.03194223
-0.13146490 0.13331567 -0.17062436
-0.13605203 -0.15175660 0.15211284
0.11961698 0.34332338 0.07812095
-0.14252608 -0.20620507 -0.13267188
-0.01641909 -0.19222046 0.19752121
-0.13853888 -0.20327310 -0.06350291
-0.13674039 -0.40699753 -0.17661686
-0.06149041 -0.20544527 -0.20063789
0.06962818 0.00645810 0.19896477
-0.13170710 -0.39536366 0.19887230
0.11965538 -0.38963833 -0.02052646
-0.13627318 0.28846955 -0.02546636
-0.12378725 0.28719482 0.20035653
-0.13762543 -0.22960083 0.01941014
-0.10949122 0.05002160 -0.20139965
-0.09439716 -0.04099679 0.20581965
-0.13669752 -0.00449274 -0.04188505
0.02986539 -0.18076728 -0.20119475
-0.04939612 -0.35100165 0.20005628
-0.13754234 0.33529142 -0.06910136
-0.13647375 0.24411483 0.06334806
0.12230660 0.23771438 -0.05507964
0.05227921 -0.22585127 -0.19903217
0.12025364 0.13336495 0.06856088
-0.13673012 0.06281313 0.06315657
0.01690988 -0.41687381 -0.06991280
0.12197215 -0.33628401 -0.00512838
0.12204941 0.39749765 -0.11415972
-0.00835011 -0.02523296 0.20110153
0.12022641 -0.24367373 0.18116462
-0.14027822 0.32982814 -0.04776959
-0.13702716 -0.16397244 -0.05455652
-0.13488756 -0.12563063 -0.09779467
-0.13713212 -0.10077457 0.07826401
0.04147371 0.19512697 0.20039716
0.11437932 0.02565642 0.19755709
0.11841196 -0.26287812 0.06976306
0.12463586 0.30701110 -0.03193490
0.11724187 0.40193415 -0.07450262
0.09067361 -0.33997747 0.19645709
0.04863790 -0.20984843 -0.20270337
0.02866990 -0.20583265 -0.19725710
0.03679343 0.41573319 -0.00126562
0.12148612 0.31771061 -0.10900511
0.12099259 -0.03260703 0.06384470
-0.07455389 0.25522807 -0.19941956
-0.13693534 0.07301736 0.02818083
-0.13775174 -0.29954675 -0.05272046
-0.03955096 -0.42263710 -0.14136544
0.00554975 -0.03953628 -0.19921072
0.12000463 0.20888034 0.06640118
0.10814096 -0.08760396 -0.19638897
-0.11093109 -0.41634458 0.10062190
0.09796153 0.01716395 -0.19757566
-0.05466321 -0.33768675 0.20070912
0.08908947 -0.21109833 -0.20127536
-0.13422820 -0.05220099 -0.03988746
-0.13717051 -0.25007293 -0.00415384
-0.14027408 -0.14443447 0.00177693
0.12338606 -0.21892175 -0.03156381
-0.13721886 -0.42054582 -0.18061733
0.02650363 -0.31860200 -0.19753915
-0.14000382 0.30794528 0.08371626
-0.07552579 -0.41495323 0.20109282
-0.00619749 -0.40224376 -0.19812730
0.04835112 0.40520194 -0.19425768
-0.00258009 0.02610813 -0.19547543
-0.02552448 -0.04053733 -0.19715023
0.12025452 -0.36862445 -0.02888253
-0.02102089 0.25838131 0.19679904
-0.13070770 0.00952016 -0.18034747
-0.11543020 -0.39419979 0.13360843
-0.13955799 -0.13356221 -0.03220288
-0.06725466 -0.42562678 0.06790517
0.11659551 0.08647256 0.14742528
-0.13604800 -0.16965589 0.07249182
-0.02480306 -0.42565703 0.13994294
0.12297640 -0.30185619 -0.05639891
-0.13572846 -0.18232222 -0.07242465
0.11119443 0.20311302 -0.19776094
-0.13782088 -0.08119708 -0.17289695
-0.13686411 -0.06552246 -0.06933638
-0.02792577 0.12093761 -0.19896963
-0.02164168 0.40804574 -0.02877641
-0.13940720 0.07527442 0.15935881
-0.13954160 0.21710221 0.01590416
0.10753389 0.30428556 0.19702731
0.11998247 0.00782614 -0.16049866
-0.13424939 -0.28847322 0.07282246
0.11456548 -0.38111860 0.18422475
-0.13787276 -0.34181023 0.04245088
0.11861961 -0.09432799 -0.19464627
0.12183790 -0.14996010 0.16899286
-0.10860042 0.08115133 -0.20086320
-0.13766909 0.33574301 -0.04705373
0.01168672 -0.26544148 0.20016409
0.11370809 -0.42034268 0.21025273
0.12014631 0.23199540 0.10278498
-0.05461466 0.17752378 -0.20120785
-0.07160641 -0.42457810 -0.08214667
0.12131411 -0.28041989 -0.05226743
-0.11298397 0.24525774 0.20200104
0.12314940 0.11115194 -0.04580648
-0.07622571 0.26850304 -0.20491044
-0.06059963 0.41845834 -0.00347364
0.01839208 -0.42579040 0.06903701
-0.13832344 -0.09408499 -0.19391228
-0.03959526 -0.10390495 -0.19846161
0.02922490 -0.02689747 0.19899945
0.11187952 -0.31319046 -0.19449373
-0.13743430 0.33911487 0.09105426
0.06292956 -0.17321984 0.20316632
0.01823536 -0.38273650 -0.19750252
-0.00504227 0.32371163 0.19594061
0.11677431 -0.42220321 0.01481752
0.12150773 0.08490954 0.02427630
0.11508257 -0.40760896 -0.03985672
0.12047523 -0.32167387 -0.14507636
-0.04108652 0.41744095 0.12798834
0.06290411 -0.41315734 0.16760869
0.11657325 0.06922540 0.09944627
-0.13708016 0.16430838 -0.18116939
-0.13495767 -0.41878974 -0.10875259
0.10972635 0.15360010 0.20096140
-0.04118775 -0.19817260 -0.19728962
-0.06335024 0.26265034 -0.20378867
-0.14059865 -0.17189449 -0.14181553
-0.12483705 -0.16628909 -0.20114489
-0.12126900 0.07616195 -0.19454451
0.11013386 -0.04977659 -0.19625020
-0.13518544 -0.09412971 0.08069129
-0.13188654 0.21074314 -0.18849686
0.11695129 -0.39065933 -0.14046845
-0.13813278 0.08912319 0.09398729
-0.13727568 0.40110046 -0.12436598
0.05626469 -0.38232705 0.20137347
0.11903951 -0.22658111 0.15243830
0.11933119 -0.28548220 -0.19439833
-0.09519879 0.24836384 0.19881092
0.03733462 0.19346805 -0.19790366
-0.04878789 0.35805699 0.20510516
0.06025647 -0.08879925 0.19840312
0.12143178 0.05059083 -0.11062343
0.11636460 -0.03606477 0.14060658
-0.13409549 0.20312428 -0.19421272
-0.06714389 -0.43166739 0.01216241
0.05579715 -0.41961035 0.05406817
0.11950938 -0.13934328 -0.17446646
0.12019651 -0.26461634 0.03728978
-0.13457482 -0.25952682 0.01378685
0.00689799 -0.28096235 -0.19742857
0.03908316 -0.40788245 -0.07508591
0.11329670 -0.42764774 0.04367717
0.11981268 -0.09059361 0.06453037
0.00181787 0.37716860 0.20016670
0.12021044 -0.13657862 0.09256132
-0.07830008 -0.33906862 -0.19924915
0.02913290 0.05940343 0.19893722
-0.09240020 0.32493120 -0.20111890
-0.13230255 -0.20541728 0.17042394
0.12225688 -0.19115289 -0.07801487
-0.14122057 -0.20815636 -0.02689160
-0.00555390 0.42324841 0.18251203
0.12097938 -0.22722064 0.09586032
0.10136026 0.41608560 -0.20100451
-0.13903774 0.28019524 0.05317160
0.10808276 0.24762425 -0.20015341
0.12386661 0.26645026 -0.01337868
0.02196301 0.41608909 -0.00381519
-0.13650434 -0.32196569 -0.01695169
-0.13649026 -0.35577664 -0.01375364
-0.04625411 0.25360537 -0.20217749
-0.12746990 0.01413038 -0.19078256
-0.13599052 -0.02560740 -0.09507120
0.12204829 0.32471997 0.00264654
-0.04770728 0.09626909 -0.20313996
-0.06975479 0.14568031 0.19765098
-0.13801347 0.16024014 0.08070126
0.12139666 0.34756920 -0.12527797
0.01492551 -0.17229152 -0.19764085
-0.13567691 -0.36121324 0.04696140
0.04472677 0.31542927 0.19781625
0.11115544 -0.04804660 0.19542807
-0.13760327 0.09263208 0.04129433
0.12534977 0.01345925 -0.17670208
-0.13930678 0.11791699 0.12596692
-0.13390052 0.05302850 -0.00009462
0.12277033 -0.09171584 -0.00669529
-0.13762799 -0.16317451 -0.05704482
-0.13244526 -0.42183113 0.09575268
-0.13950117 0.00191563 -0.17798047
-0.01620423 -0.07797387 -0.19755851
0.11789095 -0.25580370 -0.13625591
-0.04427769 0.05186467 0.20594685
0.11896795 0.13800576 -0.08802348
-0.13860083 0.32632914 0.06179659
-0.13784021 -0.12659284 0.09962478
-0.07568581 0.01488025 0.20001991
-0.12055334 0.20729774 -0.19909087
-0.13595927 -0.31640989 0.06081035
0.10756011 0.16885382 0.19801247
-0.13700245 -0.24787685 -0.12983721
-0.13519984 -0.16408005 0.02963854
0.11422484 0.06222620 0.01324891
0.08828411 0.18319046 0.19921085
0.04465948 0.37969789 0.20108493
-0.13830368 -0.14754583 -0.06804423
0.05188796 -0.39580169 0.15851487
-0.05112397 -0.43235382 0.20075822
0.11838953 0.24048066 0.17558029
0.09276132 -0.36773920 0.20296529
-0.14166293 -0.20303233 -0.14260739
0.12445147 0.37558895 0.14142217
-0.13947999 -0.04125325 0.02828116
0.00399339 0.25577715 -0.19936302
-0.13524681 -0.38087472 0.08789983
0.08782291 0.20385830 0.20307437
-0.12637299 -0.08027022 0.20270124
-0.14012651 -0.36645645 -0.03755348
0.11724844 -0.24957222 0.14078918
0.04991593 -0.30705196 -0.19846013
0.12121835 0.03638614 -0.04439092
0.12657711 -0.14647381 -0.18117541
-0.13478155 -0.19824219 0.08819818
-0.09878446 -0.31310946 0.19943321
0.11914246 0.23545544 -0.18125448
0.12444201 0.29250607 0.01486875
-0.13971573 -0.12599702 -0.18223785
0.02889928 0.41781178 -0.19629987
0.12049103 -0.00754829 -0.17234801
-0.11748268 0.42423764 -0.16723128
-0.14148001 -0.23694640 0.03105926
-0.04035646 -0.18765762 0.20218582
0.11296149 -0.09229308 0.18828914
-0.07250162 -0.19514169 0.19972913
-0.09810238 0.02842489 0.20163979
0.12200247 0.40988499 0.01323770
-0.14241399 0.16570736 0.15806253
-0.11962868 -0.41951519 0.20174487
-0.13929047 0.00302468 0.03428302
-0.13690437 0.16374612 0.17834949
0.01263031 0.42527756 -0.05166510
-0.01412205 0.28433552 -0.19985311
-0.03713841 0.17469718 0.19885270
-0.06313274 -0.29257804 -0.19793712
-0.13481136 -0.14895962 0.05906522
0.01709365 0.25962973 -0.20277342
0.12012412 -0.20931901 0.10000315
0.02728750 0.20620276 0.19866604
0.12466046 -0.24988632 0.11006256
0.11987153 -0.17042021 -0.17786109
-0.10110506 0.42198640 0.04785892
-0.13679908 -0.09065165 0.11601654
0.12116437 0.24994110 -0.12134613
-0.06473667 -0.02066986 -0.20026074
-0.13885300 -0.06008548 0.17108013
0.13012250 0.41244540 -0.16731453
0.12184387 -0.31879824 0.13824895
0.01153485 0.08403113 -0.19875436
0.11483245 0.07476706 -0.17556584
0.12597872 0.30234417 0.01805458
0.12111181 0.29561532 0.07461213
0.10290995 -0.20538369 -0.19818121
-0.13732438 -0.07120845 -0.12706673
0.05807263 -0.22370668 0.01118686
0.12011673 0.33110484 0.15507245
0.11985520 -0.13224091 -0.13664010
0.03373565 -0.03401694 0.19702283
0.11979143 0.13112801 -0.19709121
-0.13370812 0.20068030 -0.17766492
-0.13922098 -0.27909049 -0.03081450
-0.13756530 0.40706626 0.05688820
0.02227206 0.30540645 0.20166314
-0.13410990 -0.36081815 0.08428164
0.10957658 -0.42810515 -0.02367363
0.12228893 -0.14636616 0.19382428
-0.13222297 -0.07012629 -0.02467547
-0.00467183 0.12466903 0.19796608
0.03745280 0.42386326 0.01295032
-0.13556275 0.41180834 0.00689030
-0.13877086 0.18705878 -0.09358479
-0.04762788 0.42063308 -0.11783257
-0.13744561 0.06429240 0.14959584
-0.01912751 -0.11958398 0.20453514
0.09554793 -0.00321601 0.19582655
-0.08436693 0.39624795 0.20092832
-0.13820201 0.09481923 -0.13550639
0.03807533 -0.25742745 0.20050493
-0.14105472 0.21670586 -0.05859252
-0.13372546 0.07493891 -0.16537926
-0.11325730 -0.42888516 -0.18340178
0.06555060 0.38450497 0.20128103
-0.06680027 0.27852008 -0.19824040
-0.13742347 -0.16491228 -0.07808748
-0.13279198 -0.34521428 0.19553214
-0.12001459 0.42583770 0.16537091
-0.10820447 0.42566136 -0.06571427
-0.06812463 0.41449285 0.17444104
-0.09871503 0.28291541 0.20038177
-0.13625433 -0.03661181 -0.02664477
-0.13645086 -0.28577864 -0.13125399
-0.00943371 -0.41348317 0.02810762
0.06633561 0.08422354 -0.20060085
0.11650939 0.04148405 -0.03386423
-0.12558477 -0.32248294 -0.19478199
-0.12800568 0.38804513 0.18708143
-0.11810192 -0.08952351 0.20157492
0.12229848 0.18998702 0.06008301
-0.09331696 0.42336440 -0.00107194
-0.07032198 -0.19270578 -0.20290890
0.11917574 0.17213488 0.12094338
-0.13550411 0.23071533 0.20019095
0.12463344 -0.35606444 -0.13125081
-0.13573964 -0.28348750 -0.17741932
0.01191816 0.22139306 0.19689825
0.11976835 0.32433549 0.11995091
0.04541824 -0.07294804 0.19785929
0.01532083 0.08647107 0.20143063
0.00253652 0.31910101 -0.19625013
0.07787521 -0.10943490 0.19727574
-0.00320635 0.28257689 -0.20033893
-0.13701779 0.18021548 0.09372982
-0.07505389 -0.41338891 0.15701118
0.11969520 -0.25645417 0.18189198
-0.13502550 -0.25880155 0.09196509
-0.11470266 0.42411423 0.09992010
0.12075705 -0.00125743 -0.17519277
-0.13970812 -0.19196251 -0.08880808
0.12364835 0.25060564 0.05107506
-0.13564475 -0.03642141 0.09169265
-0.12475816 0.26978299 -0.19750464
-0.00286939 -0.14558627 0.20272553
0.11692216 0.26145887 -0.12579869
0.04903651 0.42004123 0.06225324
-0.02228517 -0.12819079 0.20377572
0.12147424 -0.39126477 0.08846226
-0.13814086 0.09999763 0.19570470
0.12730509 -0.09959817 -0.10962875
0.00798748 0.00007499 0.19944616
0.00659567 0.33518851 0.20180063
0.12116987 -0.32932341 -0.14249666
0.12077110 0.21751532 0.06332789
-0.13617618 0.36549738 -0.11061207
0.12232970 0.23544179 -0.05103951
-0.13581629 -0.21047397 -0.13630615
-0.13451190 -0.03439049 0.05290814
0.12453395 -0.24552144 0.12869352
-0.05507563 -0.40854228 -0.19349883
0.12316589 -0.30155620 -0.00712842
0.01226663 -0.27595797 -0.19719169
0.01441199 0.02245752 0.19723180
-0.14152907 -0.06423321 0.14498456
-0.02224606 -0.41436929 0.16466676
-0.13580406 -0.40014750 0.17241059
-0.07810205 0.08518689 -0.20006655
0.10078685 0.27826485 -0.19798858
0.12103312 -0.07705157 -0.05313366
0.04258516 0.17823730 0.20433716
0.11289896 -0.40132910 0.02449831
0.12162500 -0.23734164 -0.13560745
-0.00864475 0.42178282 -0.12774569
0.03334475 -0.14924560 -0.20435990
-0.06714753 0.25250953 0.19830760
0.11963531 -0.19680132 -0.11897463
0.12037556 -0.03157224 -0.07203300
0.12125029 -0.32869983 -0.17503367
0.11595166 -0.36319801 0.12097640
-0.12112958 0.24885099 -0.20394404
0.10338349 -0.41685200 0.17799959
0.12682422 0.05952079 0.03701553
0.10864095 0.11227755 -0.19779718
0.01660095 0.16900355 0.19894153
0.01570469 0.42052886 0.16292270
0.03979640 -0.28813878 0.19879515
0.09177323 -0.41795215 -0.14169934
-0.04504535 0.41934419 0.19759315
-0.13705495 -0.17174500 -0.04573835
0.07329371 -0.09824374 0.19971284
-0.02999214 -0.30444765 -0.20015411
-0.04169030 0.17287353 -0.20059636
0.11398152 -0.32114732 -0.03660279
-0.09797534 -0.12349002 -0.19796894
0.04363444 -0.27716702 0.20197278
-0.13770248 -0.00026185 -0.13099946
-0.09868251 0.39925423 0.20503375
-0.13333108 -0.04703848 -0.01616203
0.12247261 0.31130338 -0.07317378
0.11888701 -0.17160895 -0.13956124
-0.10668965 0.42586505 -0.18413216
-0.09941478 0.42258677 0.09939200
0.07605602 0.39311430 -0.16151012
0.12091672 -0.13442478 -0.16679077
0.12227955 -0.39722025 0.00185793
0.10890929 -0.42212313 0.02580943
0.03804283 0.22088975 0.19850227
-0.13704975 -0.21657874 0.16820361
-0.13529658 0.11098647 -0.16911849
-0.13679205 -0.05473901 -0.00075743
-0.13842270 0.31586450 0.14357992
-0.03682021 -0.40149671 -0.15505582
-0.13678950 0.34789032 0.04833958
0.12098835 -0.18836218 -0.01677760
-0.13721038 -0.02654283 0.11417343
-0.13822345 -0.18633510 0.05231154
-0.13560465 -0.07825001 0.19713390
-0.13600712 -0.29139990 -0.07620601
0.04787348 0.13498801 0.20385475
0.09072729 -0.38240063 -0.20087250
0.12090126 0.07938576 -0.04778914
-0.08195302 -0.04186914 -0.19900671
-0.13855140 -0.02137258 0.14204925
0.06078092 0.41834235 0.12687702
0.12644726 -0.36117578 0.03695872
0.10932608 0.39125362 -0.00429858
-0.13626578 -0.26987943 0.01344207
-0.08097346 0.24646842 -0.19885370
-0.13698988 -0.27518570 0.14435700
0.10880267 0.38902843 0.19895408
-0.13893439 0.01456893 0.09220233
-0.07241677 -0.16176966 0.20161821
0.08843027 -0.30346888 0.20193382
-0.13886198 0.08609675 0.00901550
0.05524038 -0.38142580 -0.17957199
-0.14074090 0.28876305 0.04020104
-0.12428185 -0.43228781 -0.07407628
0.09242227 -0.38018996 -0.20080745
0.11519728 0.42504251 -0.12936695
0.12219502 -0.27079302 -0.15423016
0.08358465 -0.43499523 0.00866996
0.11979639 0.22681803 0.09457587
0.12505342 0.21911530 -0.15611140
-0.13665001 -0.18371606 -0.00028646
0.11980689 0.41487533 0.15616298
0.02692490 -0.38812926 0.19994125
-0.13318095 -0.33493149 -0.16671221
0.12396036 0.34985518 -0.17061648
0.11925428 0.21632394 0.07733393
0.12055270 -0.05193809 0.00651107
-0.13653256 -0.15929535 0.09333946
0.03078947 0.42111450 -0.01431605
0.12004304 -0.40367013 0.01727368
0.05411956 -0.41023257 0.04507862
0.12083808 -0.04902901 -0.13457397
-0.13728535 -0.36946148 0.11856058
-0.13827243 -0.15456912 -0.18503065
0.12354764 0.32378834 -0.14603712
-0.13563588 -0.25134462 0.09267088
0.12132404 0.33885977 -0.15988155
-0.04854541 -0.01993321 -0.20188735
0.12093531 -0.26041734 -0.05830079
-0.08155572 -0.23884782 -0.19696270
-0.06838128 0.33419850 0.20488369
0.12658435 0.37104851 0.11280374
-0.09301100 0.06758598 0.19940691
-0.09171829 -0.22037272 -0.20049493
0.08326307 0.26043963 -0.20070878
0.11531355 -0.44446683 0.19020918
0.11971642 -0.19444348 -0.03850368
-0.13577558 0.01694398 0.10336106
0.11734781 0.02169593 -0.13418341
0.12937625 0.40991625 0.17598414
0.12201193 0.20807973 -0.00633368
0.12028642 -0.02885726 -0.09567863
0.11968439 -0.21430622 -0.11127017
-0.13785002 0.28167289 0.17374580
-0.10181259 0.29030314 -0.19796842
-0.08414263 0.26627448 0.20098042
0.12039293 -0.08445053 0.16039498
0.12185181 -0.23407948 -0.13062243
0.05559124 0.04392720 -0.19646670
-0.09602964 0.41929579 -0.05422721
-0.02099948 0.13216966 -0.20093015
0.11941971 -0.25455984 0.01720298
0.07678919 0.41202191 -0.20248222
-0.10422486 -0.41408563 0.09280334
0.11563015 -0.23861167 0.18603769
0.12455414 -0.20593153 -0.10311469
-0.13742298 0.02818042 -0.11636677
0.12297816 -0.20465153 0.06369969
0.11733042 -0.03686276 -0.17970073
0.12239780 0.34697807 -0.00183569
0.11382642 -0.07371780 -0.19655035
-0.07077167 -0.22383514 0.19842532
-0.13015024 -0.43280834 -0.12612630
-0.05220291 0.42358670 -0.00239965
-0.08281551 0.41659325 0.06479853
-0.13515781 -0.22755772 -0.18644947
0.04654367 0.40618533 -0.16706783
0.07337109 0.41688913 0.18667357
-0.12002058 0.04817559 -0.19735225
0.11203994 0.17303492 0.19487886
-0.11134101 0.21030444 -0.20692137
-0.13709843 0.37448528 0.16106832
-0.11100512 -0.30956221 0.20184287
-0.13616903 0.25300246 -0.12161399
-0.10749578 0.41353917 0.16793257
0.11877009 0.29500058 0.00480444
0.12304225 0.05310817 0.17186271
-0.13699895 -0.11632475 -0.08647522
-0.13813880 0.24602553 -0.10864355
0.11696097 -0.08157317 -0.18366340
-0.13814500 -0.10539825 -0.13844322
0.12319889 0.23918311 -0.00195075
-0.12493177 -0.31836370 0.19700180
-0.13289408 0.38081527 -0.19686382
-0.10956202 0.13320297 -0.19974032
0.00971667 0.39373612 -0.20266204
0.09133791 -0.42338786 0.20008294
-0.13426384 0.01751138 0.14030115
0.08748699 0.40036398 0.20193677
0.11337411 0.38516027 0.17032830
0.11933590 -0.14964820 -0.08491223
0.06267963 0.05350253 -0.19915225
0.00307742 -0.39672548 0.20075227
-0.10540559 0.12740257 0.19612001
-0.13934605 -0.35456488 -0.05773680
-0.09507037 -0.20710567 -0.20186299
-0.13731603 0.40746915 0.07492902
0.12043326 0.35984862 0.10739636
-0.08893010 0.33769810 0.19848779
-0.07056730 0.41210553 0.20402594
0.09090826 0.41975391 -0.18511535
-0.07140160 -0.12688439 -0.19801877
0.12031750 0.29435325 -0.09197579
-0.11172187 -0.44353652 -0.14697580
0.11584756 0.00408348 -0.16763172
-0.13547665 -0.22942401 0.01125423
-0.00607203 0.15112858 -0.20006059
-0.13850459 0.40416905 0.03855062
-0.01893049 -0.40850085 0.20136195
0.06485814 -0.16948423 0.19964589
0.06327610 -0.42712483 0.08482922
0.09303608 0.41908506 0.08099958
0.12514387 -0.38994586 -0.04064590
0.12109897 0.23314585 -0.09307124
0.02852144 0.24881692 -0.20060289
-0.13973176 0.34766805 0.11835080
0.12015003 -0.33386624 -0.09864810
0.08397272 -0.05318459 0.19536777
0.05932669 -0.27836856 0.19957867
0.06656492 0.41832411 -0.17806831
0.06226748 0.41197351 0.17594396
0.10019727 -0.31222978 0.19128492
-0.13738331 -0.03784012 0.16997533
0.05221742 -0.03621735 -0.19931738
-0.02620006 -0.42252642 0.00928572
-0.13324037 0.19956154 -0.06045492
0.11574741 0.09662690 0.08739633
-0.13415134 -0.30477285 0.06621882
0.11470608 -0.34038562 -0.14701630
0.10574779 0.11415449 -0.19941226
0.11892784 0.42438295 0.04373646
-0.01301732 0.09223685 0.20100063
0.12286551 -0.23726258 0.03484393
-0.11265361 -0.00830014 0.20387524
-0.13823910 -0.14950471 -0.03764926
0.02028356 0.41953754 -0.13666447
0.01885265 -0.34358302 0.19638251
0.12076660 0.38803822 -0.03960223
0.12229959 -0.34659398 -0.03197432
0.12056962 -0.39295325 0.06230966
-0.13808224 0.30032375 -0.01484037
0.09614129 -0.30659857 -0.19550931
0.12790795 0.38742289 0.17709684
0.11550607 0.35276413 0.19865999
0.06432623 0.42010283 -0.02251286
-0.13878798 -0.04089770 -0.13956910
-0.13940880 0.01628792 -0.03282879
-0.13480763 0.39255270 -0.01178909
0.12091055 0.26992613 -0.16180167
-0.02317067 -0.39546898 -0.19763695
-0.09696098 -0.28897867 -0.19911128
-0.10370534 0.42044729 0.05706745
0.12182033 -0.33980787 -0.02614082
-0.07653687 0.36625129 0.19926721
-0.11774956 0.16747524 0.19910702
0.12155237 -0.00135648 -0.05100768
0.12205302 -0.16241010 -0.10012114
0.04124739 0.42297223 -0.04058520
-0.01318590 -0.28610998 -0.20395969
0.11924507 0.30139986 0.12624662
-0.13329138 0.11518244 -0.19911130
0.12274770 -0.25480774 0.09834642
0.11604879 -0.41683865 -0.03198652
-0.02347982 0.11627437 0.20189489
0.12177651 -0.29983085 0.10068654
-0.13598341 -0.22774160 -0.11113770
-0.11771032 -0.01977002 -0.19982931
0.12082116 -0.30970502 0.15590979
-0.13892356 -0.21432406 -0.01047103
-0.08056664 0.36008227 -0.19982295
0.03712323 0.23868611 0.19703212
-0.13635975 0.08366576 -0.02038811
-0.13556230 -0.13806263 0.12712583
-0.11150189 -0.40197465 0.05551117
0.06115461 0.30536240 -0.19641908
-0.12407619 -0.24010007 0.19912772
0.01093557 0.23937613 0.20056829
-0.13516143 -0.20550048 0.09630632
0.05735999 0.11653807 0.20378608
-0.13634515 -0.24062185 -0.11175810
0.06129270 0.28105783 0.19881286
0.00153499 0.41814873 0.11150357
0.11718288 -0.27182382 0.03770098
0.12187814 -0.23627980 0.01457985
0.12281671 -0.02581117 0.00129297
0.11242419 -0.35767961 -0.19900300
0.12480754 -0.03353196 -0.18020588
-0.13640270 -0.28786048 0.07111558
0.03655928 0.17840599 -0.19665553
0.11807309 -0.31906202 0.06889138
0.12463675 0.38187546 0.09395449
-0.02740301 0.41435617 -0.17313795
-0.05864497 0.03622324 0.20502253
-0.13624349 -0.00490460 -0.09537394
0.05643665 -0.05649499 -0.19916217
-0.13862033 -0.02187742 0.06583478
0.09361229 0.39777848 -0.18287145
-0.13714370 0.10487861 0.04113080
0.11788762 0.01746493 0.11344521
-0.02933204 0.18843091 0.20267697
0.11974733 0.19759512 0.01818516
-0.13262740 -0.03059621 -0.18153025
-0.13696246 0.00169733 0.00800209
-0.14202762 0.24362718 0.18368067
0.06843187 -0.41648504 -0.20394881
-0.13402466 0.34958184 -0.17407523
0.12366702 0.09608843 -0.03128503
0.12232164 0.21255147 -0.15725695
0.11411715 -0.18051133 0.19748200
0.08165078 0.40898672 0.13837078
-0.13704646 -0.25394461 0.04050531
0.11492652 0.41622201 -0.15959331
0.11954653 -0.18126662 -0.15562283
0.00961421 0.41678047 0.13355964
-0.07685051 0.14450946 -0.19867702
-0.01799429 0.24468639 0.20104490
-0.14223555 -0.11438237 -0.13991980
0.11984453 0.13649657 0.10815921
0.12492765 0.40722412 0.14401689
-0.10043658 -0.22168687 -0.20373610
0.04092063 -0.35626286 -0.20193136
-0.04745022 0.05796542 -0.19846424
-0.09972802 0.39136726 0.20416099
0.12062199 0.33133483 -0.09681094
0.12602489 -0.14552745 -0.09577953
-0.13710149 -0.35254931 0.12985705
-0.12825611 0.38064769 0.19554076
0.01135258 0.41971079 0.08577761
0.10719443 0.41604042 0.05323558
0.05158681 0.42139333 0.17211996
0.04466103 0.27933499 0.19896734
0.00128642 0.10574473 -0.19963071
0.12039188 0.11409149 0.14616305
-0.08252337 0.29440728 0.19674073
-0.04641337 0.41849187 -0.06121228
-0.14002313 -0.08853410 -0.17374167
0.09394667 -0.19939548 0.20680515
-0.14000101 0.40125936 0.16412956
0.08274060 0.42241955 -0.01429552
0.11855133 -0.27905405 0.07764611
-0.04136024 -0.41128731 0.10894014
-0.02311957 0.06974492 -0.20020595
-0.13588524 -0.24268928 0.13797843
0.11963971 -0.22016552 0.01597632
0.11359265 -0.03063789 -0.19278097
0.11982957 0.31182259 0.02203793
-0.13070552 0.40944749 -0.04469854
0.12184685 -0.29765949 -0.03415382
-0.10447975 -0.35068330 -0.20507677
-0.13580483 -0.28102770 0.18368372
0.11958183 -0.07084619 0.12387135
-0.05940710 0.42421448 0.01137330
0.02911439 -0.41454312 -0.15251751
-0.08207589 0.41916603 -0.04786656
-0.13711706 0.37399957 0.13161340
0.04485432 0.42167303 0.20253706
-0.12239789 0.42000017 0.17259295
-0.13391818 0.03690195 -0.01101739
0.06825287 -0.13585132 0.20056015
0.12177620 -0.11412176 0.00898926
-0.14046176 0.40341142 0.01786420
0.10684565 -0.34200430 -0.20264450
0.11844321 -0.08432264 0.05181621
-0.07061332 -0.22366717 -0.19562697
-0.12631024 -0.16710544 0.20126034
0.11269998 -0.40624729 -0.13466221
0.12211253 0.06394456 -0.00451109
0.12170821 0.35344464 -0.03220519
0.08612669 0.02622540 -0.19784500
-0.13649446 -0.11558029 -0.04254650
0.07998128 0.41999149 0.18160769
0.11830553 -0.18412954 -0.11269485
-0.13605352 -0.41689482 0.00468233
-0.12288827 -0.43508339 0.19593269
-0.13502066 -0.29087949 -0.09198223
-0.02831661 -0.39848447 -0.20099466
0.12297497 0.09578136 -0.17376715
-0.12215294 0.19736128 0.20249085
-0.03579229 -0.24404770 0.20264348
-0.13984793 0.27422613 0.05520689
0.03681170 0.41465443 0.06035865
-0.13653314 -0.41058022 0.08852093
-0.05488863 0.40907189 0.17217176
0.12222065 -0.17928617 -0.09323316
-0.13624606 0.21611616 0.15930511
-0.13620710 0.06379431 0.05204706
0.11587263 0.38515255 -0.18026328
-0.13720112 -0.15443456 -0.17764376
0.12136385 -0.10765859 -0.16249305
-0.13463359 -0.21009430 0.19316964
-0.13913971 -0.30530474 -0.16519445
-0.13636227 0.27202782 0.03971348
-0.09914429 -0.00359178 0.19867848
-0.07865670 -0.40779978 -0.02332180
0.03553088 -0.34320655 0.20034346
0.12140643 0.31810883 0.04715692
0.11932326 -0.27385384 0.16094723
0.12381501 -0.36529297 0.01811606
-0.09175532 -0.31188467 -0.19965167
-0.02697004 0.42277756 0.13256527
0.12131640 -0.17533904 -0.13097285
-0.13810688 -0.07413262 -0.17846613
-0.12912020 0.41642106 -0.02891429
0.04263068 0.15226874 0.20472051
0.03932342 0.39564812 -0.19643386
0.05908200 0.25464967 0.19835562
-0.05509698 0.11698352 -0.19933486
-0.13814121 0.01403129 0.06928375
-0.13867290 -0.36436218 0.14434771
-0.13722777 -0.28244862 0.15554498
-0.13800608 -0.03937186 0.08792707
0.05329487 -0.06659004 -0.19691765
-0.11058798 -0.40734589 -0.01756729
-0.13599613 -0.05319363 0.11768013
-0.05579236 -0.30309793 0.20324999
0.12152373 -0.09352639 0.06227972
0.10356680 -0.35981780 -0.20060882
0.01832414 -0.18495554 0.19827335
0.12183306 0.18607882 -0.02909295
0.11508383 -0.26846457 -0.15635610
0.11896699 0.01810710 -0.09190378
-0.13646986 0.06709381 0.10949733
-0.13409008 -0.42423978 0.17887589
0.03898264 -0.20970064 0.19839011
-0.13866232 0.09678471 0.06008754
0.01863423 0.42496717 -0.10408995
0.12230080 -0.38249063 -0.00356318
-0.10782497 -0.27880692 0.19681832
0.10535224 0.41975725 0.01064878
0.03656191 0.23357402 0.03895393
-0.13640100 -0.21846800 0.13008294
-0.13680889 0.25839540 -0.16874206
0.08772292 -0.43020463 0.01314899
-0.13643064 0.17714784 0.17294590
-0.05402368 -0.42565674 0.00139462
0.12082284 -0.02080335 0.15787674
0.00691622 0.28879988 0.20120426
-0.13654111 -0.24697068 -0.02246872
-0.09402287 -0.05913099 0.19787097
-0.11129896 -0.21221493 0.20454685
0.11894804 0.24999605 0.10396897
0.11216939 0.37638345 0.15372184
0.11814903 -0.03514572 0.04052342
-0.13479002 0.09390929 -0.09688941
0.07436597 0.38446301 -0.19905123
0.12112951 0.06830573 -0.08393798
-0.07949004 0.42628077 -0.01408635
-0.13503793 -0.00261788 -0.19820209
-0.13733344 0.12855555 0.17968218
-0.13786076 0.16030130 -0.11357047
-0.13734980 -0.24401528 0.12242528
0.11733042 -0.21431756 0.16866226
-0.13472098 -0.31095228 0.08314476
0.11281443 -0.43346903 -0.19282754
-0.12185383 -0.29092586 -0.20292775
-0.07887243 -0.24567869 0.19887748
0.11864210 -0.07431673 0.10724476
0.11817835 -0.03525804 0.15498513
0.12088901 0.39422625 0.02892881
0.06051081 -0.14031520 -0.19762278
0.11912737 -0.11972801 -0.15958327
-0.11916050 0.21091512 0.19989014
0.03183326 -0.43263245 0.16783693
0.06889606 -0.08982071 -0.19958961
-0.02003660 -0.43079668 0.08016954
-0.08388019 -0.22835852 0.20258804
0.12397721 0.33560696 -0.05834939
0.11898391 -0.06313807 0.10568691
-0.10448706 -0.42403764 0.18047804
-0.04383672 -0.41098759 0.01380788
-0.13157901 -0.18808277 -0.20243929
0.09635439 -0.03786751 0.19513138
0.08013254 -0.22669207 -0.19685677
-0.13957901 0.21213299 -0.15069187
0.12112570 0.04058355 -0.13582237
-0.13712281 0.33222124 0.19500770
-0.14035581 -0.17748578 -0.04590917
-0.11898432 -0.12600991 0.20149954
-0.05476933 0.00727042 0.20442842
0.12340901 0.03568725 0.11689480
-0.07209925 0.41770452 -0.04914963
-0.13727903 0.06759369 0.02836985
-0.01379059 -0.03078894 0.20443216
0.10970358 -0.06106142 -0.19838005
-0.13760477 -0.38127396 -0.08691646
0.11954233 0.32351410 0.14108853
0.11974119 0.42686146 0.09078948
-0.05272619 -0.03428012 0.19873434
0.12241486 -0.36937311 -0.13875923
-0.13534014 0.37228000 0.03585679
-0.01227043 0.33252698 0.19439270
-0.03243580 -0.02179277 -0.19739643
0.12461337 0.02817070 0.03692475
-0.02222432 -0.23202242 -0.20125763
-0.12532331 -0.04372215 0.20268980
-0.13479206 -0.02745760 0.06377240
0.09670354 0.03625621 0.19873494
-0.10749813 -0.30702507 -0.20225121
-0.13489664 0.18805234 0.01985640
-0.09913632 -0.34162337 0.20181155
0.00677650 0.42302996 -0.09677619
0.10636706 0.39723665 -0.08631641
0.00009557 -0.34548360 -0.19802916
-0.06219601 -0.43879625 -0.14262936
0.12244329 0.00694424 0.16020498
-0.10097104 0.05591338 -0.20272933
0.11822668 0.11855731 0.05668329
0.05110952 -0.42725056 0.10219763
0.11289407 -0.10407418 0.18814358
0.11941968 0.27076596 0.09102328
-0.10875830 0.23881179 -0.19747745
-0.13521117 0.06921593 -0.07007232
0.04700352 -0.29379496 -0.20196080
-0.13711376 -0.31277546 0.05275945
-0.10634760 0.42044786 0.19678602
0.12002738 -0.14971033 -0.09514616
-0.04402192 0.09452628 0.20179552
-0.12466698 -0.13056891 -0.19654551
-0.14115314 0.16876319 0.18492909
0.12238510 0.28075054 -0.18385921
0.12089576 0.16338088 -0.10725746
0.11965130 0.27779579 0.18149388
-0.03252854 -0.41539732 0.19407383
0.11865229 0.17641085 0.14270023
-0.13872381 0.07961607 -0.08234583
-0.13573527 -0.42003977 0.17172143
0.06475004 0.42380381 -0.04285586
-0.13713786 -0.22686106 0.12375179
-0.01780156 -0.31166071 -0.19786486
-0.13798159 0.06569856 -0.06112092
0.12153111 0.36357254 0.07635336
0.00754584 0.12559740 0.19989727
0.12408285 -0.28995878 -0.08852838
-0.13845153 0.31692645 -0.16542388
-0.13911957 -0.31761894 -0.02901179
-0.13042717 0.31829265 -0.19448386
0.06564116 0.40488428 -0.11854813
0.12545347 -0.18350513 0.17963468
0.11881234 -0.13868497 -0.02791635
-0.13371797 -0.35326234 0.19465186
-0.13581388 -0.19328612 -0.16187772
0.12206640 -0.23775421 -0.01418430
0.11510162 -0.29788575 -0.07548671
-0.04781037 0.41944480 0.20333648
-0.11122165 0.31662393 -0.20218775
0.11455122 0.22195980 0.19698273
-0.00366969 -0.31327868 0.20079491
-0.04239270 -0.40028244 0.09399699
0.10875107 0.28265569 0.19780120
-0.04678833 -0.34205785 0.20194063
0.12142856 0.20626839 0.13120645
0.11666760 -0.08413702 0.17838505
0.11706185 0.04903091 -0.07844745
0.02388108 0.41824192 -0.04908206
0.02463648 0.41534612 0.20156308
-0.08772936 0.42653358 -0.20400001
-0.02384142 0.27628133 0.19956654
0.11693937 0.26578796 0.18896469
-0.04172520 0.35931242 -0.20453230
-0.01965706 -0.12187418 -0.19780192
-0.10736454 0.41992489 0.14126773
0.11562062 -0.14053807 -0.19434275
-0.10232262 0.42545909 0.06250668
0.11484542 -0.11080545 -0.19491282
0.05170364 -0.01191247 0.19909412
0.12364013 -0.18421541 0.05158193
-0.00547785 -0.21900894 0.20273902
0.12506625 0.31949976 0.04274228
0.12374852 0.27538845 0.01007302
-0.13700464 0.39958915 -0.04671242
-0.14153314 -0.36221331 0.03846535
-0.13470004 0.26426700 0.09479719
-0.13601390 -0.12476358 -0.10973068
-0.08548051 0.24431467 0.19562790
0.05724744 -0.32081273 0.20048495
-0.07196388 -0.41759196 -0.12601683
-0.07342831 0.11873119 0.19553076
0.06082465 -0.41712308 -0.00610179
-0.07094654 -0.19807778 0.20141834
-0.14051357 0.36429560 0.10857759
-0.13854426 -0.27181524 -0.17743586
0.11774954 -0.29079938 0.19432132
-0.11821147 0.31495598 0.20230296
0.08116747 0.26693776 0.20070232
-0.05349065 0.42211559 -0.03056017
0.02985768 0.16988228 0.20487536
0.02055511 -0.35899675 -0.19598928
0.12048043 0.02090741 -0.10792031
