-0.13277604 -0.39423108 0.09503512
0.08814982 0.42445880 0.05303531
0.02901847 -0.01431746 0.20413807
-0.06076940 -0.41564795 0.04728419
0.12099224 -0.30271232 -0.18352906
0.03530964 0.03765693 -0.20342429
0.01556333 0.34351784 -0.20205946
0.12437550 -0.00466035 0.15729101
-0.13671905 -0.41300613 -0.09200218
-0.12121443 -0.07352892 0.20780835
-0.13539518 0.41293436 0.20635937
-0.13760465 -0.05580920 0.02381396
0.10582361 -0.42238587 -0.02125280
0.10805611 -0.35063648 0.18118379
-0.05753467 0.34521928 0.20828256
-0.13916543 0.34948921 -0.17227563
0.04107567 0.07067573 -0.20700984
0.12027004 -0.11573866 -0.00453433
0.01705786 -0.42570615 0.19096816
-0.06440887 -0.23963468 -0.20799348
0.11837448 -0.18194517 -0.08421028
-0.07575455 0.01350517 0.20262755
0.07860251 -0.11247294 -0.20451087
0.03181997 -0.42509750 0.13830513
0.10027095 0.41080907 -0.15634188
-0.14060931 -0.36906865 0.16853121
0.05071336 -0.26030219 -0.20579982
0.11904411 0.17130075 0.13726430
-0.12463231 0.27764371 -0.19810362
-0.13070722 -0.33459693 0.07262357
-0.13504410 0.02229197 0.04795384
-0.13976167 0.20541020 -0.18052939
-0.09655310 -0.26514444 0.20744887
0.09088828 0.42183554 -0.11951745
-0.07451823 0.41523096 -0.13616771
-0.13449547 -0.25830510 0.10383079
0.12419694 0.33281326 -0.05281444
0.11895762 0.27341568 0.13583173
0.12301877 -0.19430442 0.04859977
0.12412082 0.13029549 0.18770374
-0.13728929 0.16518974 -0.12628251
-0.13583368 0.11275283 -0.17281301
-0.05769674 -0.05437628 0.19940092
-0.13736047 0.23844199 -0.06040652
0.12372116 0.10966022 0.04032882
0.03101781 -0.40502706 -0.12425487
-0.13621731 0.26471162 -0.06171430
0.12062538 0.27672580 0.11377520
-0.13447490 0.41341048 -0.10930534
-0.02499893 -0.23851857 0.20624211
-0.03035611 -0.43676841 -0.16035040
0.04329711 -0.42591363 -0.00441001
-0.13167900 0.08517203 -0.20035225
0.12099501 -0.04664378 0.06529577
-0.13859893 -0.25204459 0.20215501
-0.12179291 0.37802640 0.01223580
0.09563380 -0.41033414 -0.06827556
0.05747396 0.36138061 0.20608425
0.00993126 0.20802453 0.20448317
-0.01178331 0.34815988 0.20843512
0.12129749 -0.13455017 -0.18216695
-0.12681885 0.36054119 -0.02189855
-0.13338481 0.17445914 -0.18666634
0.11867017 0.11979897 -0.01411266
-0.00469669 -0.06521691 -0.20789988
-0.13662070 0.39674971 0.04122259
0.12081734 0.26308995 -0.05059682
0.12415333 0.33596745 0.01674442
0.06063251 -0.21055588 0.01572505
-0.14007130 0.32855088 -0.16755950
-0.13942470 -0.37416914 0.05886115
-0.02269258 0.12026063 0.20724526
-0.09791622 0.23084345 0.20798121
-0.13083844 0.05662287 0.20400931
-0.07032825 -0.12370950 -0.20568962
-0.02069439 -0.12104938 -0.20177674
0.11884952 0.23084244 -0.08450910
-0.04805478 -0.23200531 0.20763913
0.11582704 -0.37356922 -0.06791478
-0.13196301 -0.37914932 -0.08145697
0.11955833 0.04980147 0.04449597
-0.14198494 -0.09898776 -0.13551308
0.12003624 -0.19495253 -0.01695644
0.11935653 0.17694391 0.11607745
0.11973996 -0.17234063 0.19258019
0.12086758 -0.28712237 0.08824041
0.01315828 0.42084455 0.09748687
-0.04329704 0.25191274 0.20688434
-0.13584347 -0.13057025 0.05253076
0.11865783 0.20313060 0.02413638
0.06121970 -0.12783475 0.20353293
-0.13767228 0.19970794 0.16369674
0.09016938 0.42403141 0.10676409
0.07984718 0.26516712 0.20388582
0.12036807 0.20128003 -0.14636311
0.12095106 -0.13847323 0.02374532
0.11969593 0.22464383 -0.16447107
-0.13686852 0.11483295 -0.05821368
0.11180177 -0.06242907 -0.20309509
-0.02522715 -0.39324641 -0.20598570
0.09530394 -0.07801026 0.20245871
-0.06088153 0.23352942 -0.20467652
0.11892558 -0.23365328 -0.15844648
0.12220506 -0.22750545 0.04846172
-0.12898695 -0.37905520 0.19737755
-0.11495500 0.41953442 -0.15017051
-0.13873367 0.33679941 0.17100227
0.11943702 0.23970984 0.11295785
0.04566655 -0.09120592 0.20433350
-0.13898356 0.22877020 -0.01862771
-0.10816760 -0.32405800 -0.20491655
-0.00626685 0.41741991 0.07095045
0.12104413 0.17209598 0.00606014
-0.06194470 -0.38295802 -0.20594078
-0.04390187 0.27689561 -0.20548853
0.02297818 -0.34987897 0.20812030
0.11899974 0.23062940 -0.11149788
0.12296829 0.29996076 -0.06602016
0.08145493 0.15994170 0.20396984
0.12083266 -0.14961742 -0.13340455
0.11317910 -0.35871917 0.00655277
-0.13304049 -0.22411263 -0.13953348
-0.14306870 0.20500696 0.00533854
-0.10519554 0.36968970 0.18133482
-0.09165327 0.08926740 -0.20378312
-0.13657136 0.29512978 0.02524139
-0.13960275 0.15203369 0.15038073
-0.13562854 0.07754937 0.20175035
0.12092719 0.33908898 -0.12049565
-0.13407664 -0.36432555 -0.10467042
0.12125816 0.05803566 0.06784410
-0.07078455 -0.12453230 -0.20329663
-0.13626590 0.30222738 -0.19720514
0.12159089 -0.14779329 -0.14621483
0.11181244 -0.39845312 -0.19555047
0.12410203 0.19068873 0.10847768
-0.01594014 -0.31220892 -0.18272512
-0.00057527 0.21578328 0.20225094
0.10250868 0.23508544 0.20148046
0.12267015 0.21797262 0.11314799
0.11820986 -0.28347245 0.08940966
0.07971987 0.21267158 -0.20473857
0.02715025 -0.43310416 -0.11121766
0.11948047 -0.15427208 -0.05495173
-0.14047429 0.03000841 0.15576154
-0.05949253 0.30305061 -0.20389868
0.11887446 -0.07507497 -0.15456679
0.10089803 0.41715255 -0.07663253
-0.03809452 0.25637019 0.20957042
0.02075255 0.42298642 0.06252931
0.06542882 0.31262177 0.20815866
0.11837350 -0.08088139 -0.12138311
0.07950571 -0.42923221 -0.17683168
-0.14119549 -0.12625086 0.03168174
-0.13899451 0.29396605 0.01127078
0.11009794 -0.38724390 0.00695661
0.00830133 -0.04990609 0.20635839
0.06148901 0.20758735 -0.20262919
-0.05863080 0.00597524 0.20663464
0.07962786 0.39093331 0.20663083
-0.01502607 0.15962099 -0.20618178
0.11927363 -0.16213459 0.03336056
0.02036535 0.21988370 -0.21436839
-0.11896089 0.27614081 0.20361777
-0.13616101 0.27876106 -0.01534902
0.12164661 -0.28679794 -0.18415350
0.11900629 -0.27794403 -0.04677879
0.12179607 0.26921409 -0.15335622
0.10114852 0.41513878 -0.15248334
-0.14029741 0.19413307 0.09913763
0.11803359 0.36223519 -0.15827829
-0.13894193 -0.07354574 -0.12832478
0.11981080 -0.08685511 0.03299591
-0.04118500 -0.05901565 -0.20606558
-0.05836059 -0.17361183 0.20316392
-0.13800319 0.32174715 0.05244657
-0.13946192 -0.36544749 -0.17081055
-0.07339802 -0.01655681 -0.20520347
0.07105687 0.24893577 0.20546554
0.12243077 0.06804194 0.05234421
-0.01824243 0.42215142 -0.06541020
0.12242109 -0.04995765 -0.16542777
0.12324637 0.20259587 0.03911516
0.02398206 -0.42652932 -0.00836156
0.06001241 -0.24631429 0.21078177
-0.13750701 -0.00063630 -0.03150084
-0.04987024 -0.41001499 0.02429349
0.07435346 -0.32300574 0.20210735
-0.13704343 0.17271271 -0.00560034
0.11477952 0.07670027 -0.20416015
-0.08560792 0.42037860 0.10095435
-0.13449445 -0.41465026 0.13925129
-0.13591401 0.08227713 0.00895140
-0.07465124 -0.09037901 -0.20326076
0.11792862 0.26628247 -0.02713986
0.11827166 0.02077386 -0.03058789
-0.08081366 -0.42629752 -0.00320104
0.10527798 0.19516683 -0.20578395
0.02400427 0.16831750 0.20794381
-0.13690579 0.28624275 -0.15883291
0.03265996 0.42259315 0.18426147
0.10371409 -0.41751453 0.06633363
-0.02494293 0.23547313 0.20435363
0.12250661 0.41462103 -0.07101597
-0.04092298 0.17397887 0.20607717
-0.13628148 0.22793622 0.05839944
-0.14137043 -0.16750622 -0.18671644
0.00686865 -0.42476067 0.09561835
0.06313130 -0.00479337 0.01189382
0.11974848 0.13608268 0.04682332
-0.13486437 -0.41826957 -0.03479008
-0.07531679 0.36592269 -0.20986786
0.11774015 -0.17198725 -0.04071780
0.00066577 0.09531318 0.20326196
-0.13828516 0.30383790 -0.01798238
-0.13664265 0.16550991 0.20147003
-0.12325563 0.05690211 0.20110352
-0.13659590 -0.30344999 -0.13187115
-0.12982748 0.34084025 -0.19611715
0.10760367 -0.37616643 -0.20388049
0.02904610 0.41944152 0.17313242
-0.11252452 -0.25918421 -0.20676804
-0.13343921 0.12058616 -0.05324636
0.11504123 -0.09847394 -0.04863708
0.05146468 -0.18435805 -0.20674635
-0.09363094 -0.41970235 -0.07763128
-0.07657969 -0.28346133 -0.20660512
-0.01327436 -0.42163670 -0.03365658
0.00657726 0.37790650 -0.20507278
0.04012922 0.17618921 -0.20587941
0.12191600 0.14834833 -0.04824176
-0.14003219 0.12188778 0.15394256
-0.14057671 -0.29460081 -0.05773523
-0.13845955 0.35180506 -0.09722021
0.12142186 0.39689770 -0.04539470
-0.10500479 0.06209059 0.20362715
0.11688311 -0.06199586 0.17390011
0.11957898 0.35198474 0.02123778
0.12025753 0.03509387 0.18570110
0.11849918 0.03057273 0.09023174
0.12360796 0.32324320 0.05633891
-0.13414225 0.11975889 0.20126674
-0.12271516 0.22691746 -0.20469140
0.02178583 0.42412525 -0.13583021
0.12038752 -0.10340176 0.02462026
0.02964148 -0.18843764 0.20916601
0.11923036 0.06387577 -0.18113799
-0.13667196 -0.06184594 -0.17708652
0.05850312 -0.41948590 -0.19089656
0.11334197 0.31012574 0.20333643
0.05097568 -0.37219754 0.20497309
0.03653901 -0.41574922 -0.20758770
-0.04322527 0.33609003 -0.20834786
0.10003242 -0.42643401 0.11681860
0.01536693 0.41742814 -0.19986488
-0.08981036 -0.40372148 -0.20307462
-0.07467448 0.42035455 0.05097408
-0.13658939 0.37182668 -0.03704266
-0.13555144 0.16524856 -0.06360136
0.04572448 -0.14259188 0.20475733
-0.13079725 -0.10606217 -0.18074653
-0.06617714 -0.00172618 -0.20413236
0.11939953 -0.12022671 0.00282487
0.12988874 0.40041468 -0.15397301
0.11833625 -0.16690880 0.03215667
-0.12809880 0.41372994 0.12763588
0.11990833 0.05723298 0.04278525
0.11982417 -0.03149857 0.18239015
0.12333897 0.30368039 0.03459620
-0.11163456 0.42380548 -0.18355881
-0.13593757 -0.29648498 0.14512806
0.09062259 0.26985723 0.20753551
0.11961600 0.06715673 0.16766950
0.11881948 0.07973865 -0.05280012
-0.13825183 0.31645855 -0.17300712
0.12273957 -0.21160671 -0.13004932
-0.14139393 0.06067272 -0.13137800
-0.13580874 0.30857345 -0.08225277
-0.02612873 -0.43172556 -0.06397157
0.12135210 -0.18849009 -0.10758937
-0.13358073 -0.31637737 -0.05682782
-0.13593112 0.24549636 -0.05346999
0.11938917 0.03601778 -0.02087345
0.11028026 -0.28229827 -0.20633379
-0.13520674 0.20875843 -0.02646961
-0.01014034 0.08376095 -0.20584072
0.11776896 -0.10058812 0.10127859
0.09382868 -0.42253765 -0.00367360
-0.13768893 -0.41293013 0.00905420
-0.09216093 0.42147842 0.11731888
-0.13953750 -0.26197258 0.12744758
-0.04640584 -0.18397984 0.20159577
0.11909094 0.28004125 -0.04443276
0.12058365 -0.18633319 -0.15008293
0.12429246 -0.08778867 0.16038072
-0.13854416 0.29030088 -0.02053949
-0.08800627 -0.17438994 -0.20248738
0.10975738 -0.07993593 0.20477252
0.12342819 0.20696995 -0.10695418
-0.13638848 0.14784862 -0.06897160
-0.06520238 -0.26059744 -0.21134138
0.11546680 0.39814726 -0.11293107
-0.13895540 0.21060257 0.05418345
0.10191882 -0.14523976 -0.20608316
-0.13655552 -0.25958130 0.01806002
0.01480855 -0.41518730 -0.16559079
0.12250233 0.27232185 0.00289718
-0.00318475 0.39696839 0.21157466
0.10852879 -0.33526728 -0.19614421
-0.13917190 -0.02432986 -0.18447757
-0.13661474 0.14807226 0.12375402
0.10439344 -0.17544135 0.20583440
-0.13991474 -0.37654814 -0.06709421
-0.14004813 -0.04197321 -0.04125476
-0.03448210 -0.42052233 0.06345523
-0.09545457 0.42249253 -0.18283316
-0.06778206 0.41633773 -0.11643857
0.11809080 0.06291102 -0.13313721
-0.13900778 -0.35495254 -0.15862440
-0.06665459 -0.09870861 -0.20282407
-0.13506401 0.26489505 -0.03684580
-0.07649326 -0.42955995 0.17906374
0.12355918 0.18937638 0.08137914
0.11005139 -0.41855934 0.18594858
0.12045373 -0.11147398 -0.02109574
-0.13520530 0.22263004 -0.00196875
-0.14194955 -0.35063297 -0.19123900
0.11843640 -0.39172909 0.01330885
0.02265141 -0.22200991 -0.20548572
-0.07362132 0.41954145 0.05842419
-0.08686630 0.20807000 0.20820203
-0.08848663 0.42085227 0.00087116
0.11097591 -0.42262501 -0.13053182
0.12328976 0.41465184 0.20113397
0.12305352 0.24466860 -0.11760636
-0.13787536 -0.18457781 -0.00121068
0.11693012 0.15438132 -0.16221511
-0.13679129 -0.18909933 0.07174085
-0.07125150 0.42365319 0.01457383
-0.08976313 -0.42152166 -0.00553999
-0.07655150 -0.05445206 0.19971149
-0.12930110 -0.42579901 0.20484704
0.11086891 -0.42550686 -0.09747192
0.12484997 0.23087159 0.17646588
0.12634899 0.16148853 0.17315367
0.07636812 0.42249897 -0.12579714
0.04445845 -0.38586578 0.16477293
0.02540473 -0.42484936 -0.15539144
-0.13252443 -0.05438580 0.20392515
0.00108883 -0.10692308 -0.20871417
-0.11349722 -0.42855337 -0.01307910
-0.13686776 0.22705765 0.02462256
0.11752011 -0.33494169 -0.04921825
-0.13795139 0.28914145 0.14307871
0.09720582 0.08205292 0.20025042
0.11830198 -0.04587778 0.18614265
0.02413056 -0.07378216 -0.20329507
-0.10803650 0.18024009 -0.20411997
0.12063003 0.31728408 -0.05556730
-0.13674547 -0.10507034 0.13634086
-0.08207987 -0.35809585 -0.20826395
0.11818838 0.12569238 -0.10437709
-0.07613147 -0.34068513 -0.20608467
-0.13666226 0.11457643 -0.08723214
-0.14269219 0.22068803 0.01914089
0.11788946 0.04752851 -0.13949791
0.10316398 -0.04601746 -0.20729478
0.11861356 -0.33522770 0.08765279
-0.13539284 -0.33121991 0.13764928
-0.09452315 -0.14888567 0.20473444
0.12033097 0.12864606 0.15673862
0.05147874 0.42452556 -0.04670429
0.12151059 -0.16154921 0.04038464
-0.13736197 0.00682466 -0.05445586
0.06191723 0.41164806 -0.05941062
0.12003494 0.20282805 -0.20317864
0.11711958 0.00705071 0.20030387
-0.04638759 -0.15961441 0.20791188
0.03312861 0.12918910 0.20865364
-0.13037418 0.23426986 0.18252042
0.04614481 -0.35618186 0.21073696
-0.13690282 0.24934962 0.11326393
-0.05178265 0.42013937 -0.11187424
0.05134071 0.42384312 -0.07988531
-0.13562533 0.00042861 -0.03771375
-0.13569818 -0.15782373 0.07824518
0.07600981 -0.28098509 -0.20739451
-0.07649135 -0.41082641 -0.18718871
-0.11785689 -0.24145256 0.19947559
0.11285987 -0.37154132 0.09066480
0.11938272 0.12136449 -0.00544954
0.12511821 0.11850873 0.18521407
-0.05470714 -0.16151991 0.20446569
-0.04916523 0.17814118 -0.20616032
0.10793765 0.13751601 -0.20534477
-0.09343544 0.02302311 -0.19865151
-0.06166346 -0.27802742 -0.20967099
0.12044680 0.08299762 0.17470622
0.11274924 -0.12638780 0.20762658
-0.10509007 0.39677411 -0.20588315
-0.01805746 0.35970649 -0.20306554
-0.02527967 -0.04248682 0.20675451
-0.13291791 -0.41639927 0.10767404
-0.05676747 -0.41493380 0.17560096
-0.13845569 0.20468636 0.18854569
-0.07473631 0.08630466 -0.20403223
-0.14124094 -0.26326957 0.16085914
0.09511118 -0.18694724 -0.20776032
0.02402737 0.01764678 -0.20670465
-0.13617095 0.29956168 -0.07917560
-0.04870408 -0.09452426 -0.20736347
-0.13273129 -0.15021798 0.00539255
0.12188509 0.33414304 -0.01549334
-0.13869265 0.39996079 -0.10580385
0.00949324 -0.40923080 -0.16833282
0.11322720 -0.33162990 -0.17172372
0.11754122 -0.08254382 0.05965590
-0.04559105 0.42094535 0.12280731
0.12129919 0.02091447 -0.18342313
0.07524592 0.41403627 -0.16867822
-0.13973729 0.37944722 0.08516967
-0.14160538 -0.18240738 0.02126325
0.12064763 -0.20327681 0.04360818
-0.14162911 0.39552197 -0.16723979
-0.14289251 -0.18828218 -0.11282659
0.12554143 -0.27182117 -0.01597791
-0.13830419 -0.01805216 0.20353124
-0.13318725 -0.18946037 -0.17668216
0.11781015 0.09490763 -0.16385230
0.12501676 0.30474848 0.18815067
0.00364352 -0.42389131 0.11195540
-0.13812035 -0.06120937 0.12129340
-0.14249225 0.06503856 0.18063122
-0.13572718 0.17592962 0.15361929
0.11679352 -0.06914119 0.12862843
-0.13709992 -0.02816769 0.03126238
-0.13464868 -0.23141818 0.07959981
0.07257888 -0.23989351 0.21050426
-0.13950165 -0.31969887 0.15388981
0.01427138 -0.10587750 0.20276532
0.11996842 0.23603508 -0.08342192
0.12264414 0.21440123 0.02137955
-0.13438143 -0.09733026 -0.06941076
-0.13893799 0.24874109 0.15260021
-0.13703924 -0.43340328 0.20011437
0.12128092 0.06185397 0.11948229
-0.12710442 -0.17407835 0.16910712
-0.12698063 -0.09212723 0.18755037
-0.00312966 -0.33575040 0.20309517
-0.08049689 0.04827990 -0.20232795
0.11825427 0.16633382 -0.11557765
-0.05283178 -0.27881083 0.20032494
-0.05839107 0.01538560 0.20577428
0.11569939 -0.40723816 0.07486184
-0.13541378 0.07942446 -0.05785197
-0.11303015 -0.43102553 0.10183418
0.11974084 -0.37472537 -0.09513246
-0.04882629 -0.40648341 -0.01255852
0.10680429 -0.33093908 -0.20620660
-0.07455495 -0.25553292 -0.20611505
0.12091275 0.10087609 0.10789837
0.12248728 -0.28750882 0.01877146
0.11676364 -0.28826368 -0.04446732
0.00541889 0.15853639 -0.20301105
-0.05563638 -0.42904642 -0.00674723
-0.11657105 0.29445055 -0.20681843
-0.02795286 -0.31365183 -0.20666006
0.04601357 0.01185417 -0.20497452
-0.06998555 0.17006777 0.19964550
-0.12333158 0.36416656 -0.14793202
-0.13400260 -0.39639258 0.19641286
-0.14046232 0.40180036 -0.03101163
-0.13763776 0.01106594 -0.16175953
-0.01065610 -0.41181791 -0.06058735
-0.05578486 0.21740074 0.20578730
-0.13726334 0.02124362 0.03577657
0.12574305 0.41866702 0.13735278
0.12239812 0.14349951 0.01235771
-0.03826947 -0.38422596 -0.20609708
-0.04620043 -0.40641949 -0.04926436
-0.08633292 -0.36230004 0.19877940
0.03093126 0.22155793 -0.20433274
-0.11108651 0.25540614 -0.20709361
0.09700149 0.41886032 0.11329592
-0.09837356 0.24159229 0.20811999
-0.13627002 0.19160751 -0.02019395
0.12885788 -0.08073721 -0.11120519
-0.13911746 -0.22782329 -0.01820373
0.06815424 -0.30819568 0.20410700
-0.13839756 0.38571149 0.20151055
-0.12985428 -0.07753304 -0.19391263
-0.14091736 0.14582512 -0.16091093
-0.05089173 -0.43623409 -0.15123522
-0.12503271 -0.42280665 0.17245461
0.11929529 0.10941176 -0.01333823
-0.09744707 -0.22850862 0.20570093
0.00649548 0.41820559 0.05710583
0.06595057 0.07619718 0.20712149
0.12026081 -0.17418693 -0.08921340
0.10460097 -0.23569641 0.20874867
0.08016638 0.42224288 -0.04516243
0.12174553 0.21662119 0.15225615
0.11832425 0.37160748 0.15731071
0.08153971 0.25036228 -0.20433763
0.10527141 -0.40168262 -0.13422135
0.07065759 0.41900182 -0.14791304
-0.13738731 0.20373811 -0.08511590
-0.12822555 -0.38828743 -0.09395671
0.05236236 -0.40030733 -0.20104435
0.12134758 0.06939997 -0.03307321
-0.12743515 -0.40834868 -0.10794333
-0.13711382 0.24740933 0.12611893
0.09061721 0.35173225 -0.20615786
0.08753777 -0.42772758 -0.20011823
-0.13988009 0.20818941 -0.00785275
-0.08367868 0.02358828 -0.20446528
0.11943745 -0.39781252 -0.03358985
0.05255895 -0.00011074 -0.20464353
-0.00255118 0.41674706 0.11135142
-0.13781367 0.28836238 0.16611221
0.11026908 -0.41230121 -0.04372892
0.06686703 -0.07337093 0.20571162
-0.13541469 0.23391324 -0.04755191
-0.05234633 -0.41999868 0.19169623
0.09238628 -0.34512034 0.20917290
0.06880800 0.10249750 -0.20314196
0.12293970 0.09640680 -0.03755419
-0.13182555 0.01362593 0.20455335
0.01623739 0.24640945 -0.20432681
0.11454456 -0.32908043 -0.18801174
-0.01054139 -0.05867610 0.20293653
0.12032273 0.00919361 0.11076085
-0.12355282 -0.27576762 -0.20562561
-0.13378702 -0.14897209 -0.09333712
0.11732034 -0.01475185 0.09252186
0.12265991 0.11635313 0.17178299
-0.13709760 -0.22043082 -0.08640330
-0.11158163 0.28852797 -0.20598240
0.02494240 0.19363154 0.20215449
0.11687660 0.14741215 0.14086798
0.04036492 -0.43849424 -0.18444902
-0.13918804 0.04959704 0.17287984
0.11202353 -0.42768455 0.17725761
-0.06741779 -0.41654140 0.06067478
0.11647021 -0.29041213 -0.20454432
-0.05366534 -0.40657568 0.02143547
0.11647092 0.12012292 -0.11172490
-0.13903055 -0.33594447 0.10420801
0.09134986 0.28582045 -0.20773894
0.11974687 0.06842268 -0.09467643
-0.13909791 -0.06286293 0.14988689
0.11001388 -0.26578858 0.20648803
-0.12560338 0.16278097 0.20518911
0.12207295 0.15429731 0.06384096
0.11753146 0.02500769 -0.11115886
-0.13830531 0.38910991 0.13611020
-0.13611959 -0.23198003 -0.08047500
-0.14060241 0.31694934 0.10357451
-0.01695712 0.09549861 -0.20615306
-0.10322464 0.41610277 0.20046440
-0.04876429 0.39401874 0.20446363
-0.13552715 -0.34236458 -0.06529501
0.12301792 0.39537603 0.14719328
0.11500913 0.29128364 0.16653961
-0.13743222 0.18969348 0.13304843
-0.12783782 -0.42289126 0.08154151
-0.00810473 0.11288609 -0.20550290
-0.01816761 -0.06450003 0.20530488
0.00306867 -0.23038951 -0.20844361
-0.03922127 0.15808500 0.20673694
-0.14233744 0.02612126 0.20257278
-0.01443819 -0.39467409 -0.18515323
0.01889957 -0.30961239 -0.18245167
-0.13738143 -0.00725951 0.13668516
0.01793618 -0.05287902 0.20274779
0.12093891 0.21278478 0.10985318
-0.02984387 0.40444812 0.17751151
-0.06793015 -0.08479618 0.20497400
0.12047305 0.28950983 -0.11260036
0.07130496 -0.43167698 -0.15689504
-0.13875286 -0.09082076 -0.14893514
-0.14076664 -0.13439029 -0.00007194
0.11990440 0.18935695 -0.00902766
0.04633572 -0.14540146 -0.20882706
0.11464629 0.13030724 0.20158985
0.11959849 -0.21525127 -0.14868903
-0.02196211 0.36545157 0.21072094
0.12126202 0.23176964 0.05395343
-0.13594449 0.18082641 -0.03539982
0.06427395 0.01618985 -0.20327082
-0.09327179 -0.41613549 0.01559861
0.11649283 0.20824759 0.17972830
-0.13945068 0.30282196 -0.06515421
0.04495412 0.40948972 -0.20110175
0.12050194 -0.00361201 -0.02600584
-0.13496198 0.26799357 0.00627829
-0.13444349 -0.28965116 -0.17316355
0.10570260 0.36292285 0.20445578
0.07629150 0.42312744 -0.03294773
0.11327066 -0.40974167 -0.12048285
-0.14203863 -0.00730594 -0.14324936
0.11661036 -0.06745747 -0.01728689
0.11561058 0.39752132 0.16038845
0.08001443 -0.15483564 0.20400564
0.11848432 0.36577755 -0.10233724
-0.13404292 0.17060247 -0.13572609
0.06725853 -0.08010282 0.20369390
-0.02753584 0.19717756 -0.20754084
0.02730718 -0.01756196 -0.20333217
0.11531141 -0.36371434 0.10511663
-0.10112587 -0.38898739 0.19000658
0.03713031 -0.15618098 0.20771253
0.11471809 -0.35625497 -0.13706237
0.11093382 -0.40613645 -0.01618614
0.12015416 0.05279783 0.06654997
0.09465231 -0.06758112 -0.20445268
0.12158216 0.24674441 0.13165534
-0.13897470 -0.33956200 0.01015010
0.11999049 -0.14901638 0.08592690
-0.13459986 -0.30909792 0.02046225
-0.13118571 0.36626175 -0.18227459
0.12112991 0.32480800 -0.03987565
0.11645659 -0.14195268 -0.20368029
-0.13792101 0.30535656 0.15327968
0.12308845 0.19666883 -0.19570623
-0.13361581 0.20936754 -0.18554625
0.11822249 -0.09574772 0.08858708
0.11987792 -0.08466627 0.02535011
-0.11707506 -0.08542007 -0.19407159
0.11851734 -0.21987081 -0.00524361
0.12063032 -0.09385385 0.03172617
-0.09603738 0.19288017 -0.20593725
0.12337442 -0.21544246 0.15199326
0.00916131 0.42256328 -0.01157703
-0.11544734 -0.42370239 -0.07470704
-0.13758747 -0.24819167 -0.09097911
0.02975527 -0.42640692 0.12145051
0.02865633 0.39198625 -0.21089830
0.11933155 -0.11455472 -0.05728339
-0.01904308 -0.40438232 0.20478244
0.12498087 -0.05869352 -0.18197164
0.08465886 -0.38937080 -0.20771845
-0.13463089 -0.02261353 -0.09049508
-0.13891223 0.39798555 -0.16056541
0.12121193 -0.11874655 -0.14052540
0.11640903 -0.18878448 -0.14110401
0.07548365 -0.43169734 -0.04727525
-0.04807315 -0.40010303 -0.19635257
-0.12640546 -0.21643096 0.18948759
0.04354082 0.15086611 0.20693029
0.13283403 0.40368569 0.19768345
0.11955742 -0.26222897 0.00676130
0.01860763 -0.42828107 -0.10881580
0.12482910 0.35497126 -0.02217623
-0.13701136 0.05293753 -0.14461446
0.09875741 0.34912613 -0.20968738
-0.10376801 0.42044374 0.06648769
0.11620139 0.40477449 -0.16941926
0.12502132 0.19263238 0.00242113
0.11623950 -0.06199088 0.14715862
-0.10785080 -0.06850896 -0.20344225
0.02404373 -0.28982770 0.20887044
0.12013125 -0.07217757 0.17176038
-0.13695391 -0.29022184 -0.01414002
0.11871226 -0.20355971 -0.06452934
-0.01836983 0.01976328 0.20457284
-0.05063112 -0.41677457 0.03592455
0.12181864 -0.19337828 -0.08254642
-0.06375334 -0.23473369 -0.20649400
0.11875323 -0.24924974 0.04537573
0.07880645 0.13671856 -0.20512159
-0.07679004 -0.26057413 -0.20521048
0.02050188 -0.02348273 0.20373030
0.12421203 -0.31901500 -0.12997229
-0.13708064 0.03543406 0.03531653
-0.10078919 -0.42143136 0.14285976
-0.03411581 -0.34836614 0.20714512
0.05985595 0.14762388 0.20176581
0.04135583 0.27617136 -0.20312282
0.11341190 -0.41933951 0.09788676
-0.13630387 0.01802825 0.06484197
-0.09452067 0.25470632 -0.20372270
0.11633827 0.10989176 -0.14589871
-0.14022201 -0.34593710 0.11800206
-0.13654417 0.09595817 -0.17419599
-0.13316853 -0.06136981 -0.20370696
0.12017753 -0.22438520 0.16365772
0.06370525 -0.37617615 0.19340888
-0.09396708 -0.38652635 0.20674154
-0.13587560 0.10853016 0.20318140
-0.09082789 0.05305221 0.20137087
0.04145009 -0.26746702 -0.20215295
-0.13746746 0.07552011 0.20417723
0.12049758 0.01687923 0.18016665
0.00603966 -0.35807019 -0.20724465
0.05559023 0.42206824 0.03597468
0.11875311 -0.05511573 0.14648527
-0.13931271 -0.25274146 -0.15682694
-0.13809288 -0.15711705 -0.06997261
-0.13678847 -0.16443233 -0.17687963
0.05273757 0.42262027 -0.00381463
-0.13620402 -0.02519495 0.08194534
-0.13621026 0.14261070 0.10743816
-0.03442498 -0.34994200 -0.20771909
-0.13777252 0.22186697 0.13447280
-0.10116065 -0.03954289 -0.20505281
-0.12923156 -0.16325781 -0.20386977
0.12258451 0.24578479 0.00301464
0.10668641 -0.40794370 0.16960251
0.11545298 -0.24266025 0.19135435
0.11588757 -0.33077320 0.10089809
0.09289370 -0.21268961 -0.20849234
-0.11396755 -0.43413541 0.14685601
0.12237134 0.07377432 -0.01584833
-0.08133813 -0.34341416 0.20326008
-0.02615997 0.40826088 -0.18683811
0.12154062 -0.19262712 0.14280714
-0.00673465 0.41826040 -0.06841428
-0.13845925 -0.15444399 -0.19817935
0.12282372 0.16154319 -0.03403848
0.01328624 -0.24690886 -0.20774795
-0.02570735 0.22076328 -0.20665827
-0.05299312 -0.35176757 0.19036233
0.12093857 0.29997370 -0.03587396
-0.11783191 -0.41205588 0.05914485
0.12189324 -0.16974682 -0.00977711
0.10982614 -0.39095223 -0.03958683
0.11963543 0.13714732 -0.10588653
0.00732503 0.37778023 0.20496204
-0.02070693 0.41574609 0.16545698
-0.13444293 -0.12021661 -0.06895133
-0.11264843 0.07127488 -0.20491356
-0.13699381 0.26579171 -0.14112540
-0.13775708 -0.37224853 -0.01611663
0.12281411 0.31865633 0.13270496
0.12323546 0.19625784 -0.11594229
-0.10755816 -0.01275516 0.20573370
-0.11236329 -0.42669371 -0.10298092
-0.09010655 -0.42622930 0.02673128
-0.06232226 -0.07122568 -0.20451172
-0.07605622 -0.42686370 0.15158452
0.12142706 0.35078159 0.02374989
-0.13802256 0.22462295 -0.00712755
0.12181079 0.24120320 0.09558804
-0.12532313 -0.23973884 -0.20440677
0.00349228 -0.42099380 -0.12557976
-0.03658026 -0.07055388 0.20246735
0.12342647 0.36300725 -0.08578348
0.11885149 0.05155853 0.10599686
0.00133339 -0.42422351 -0.12459879
-0.13650645 -0.13865191 -0.04238282
-0.01426286 -0.32596472 -0.20615809
-0.13848917 0.18594086 0.00704771
-0.02186996 -0.43390149 0.18724500
0.12284523 0.24839449 0.03572150
-0.13892488 0.01971295 -0.15524901
-0.07219703 -0.03915668 0.20614876
-0.11299030 -0.31661701 0.20695223
0.12350821 -0.22134826 -0.18340616
-0.06969477 -0.08787414 -0.20502643
-0.13815531 0.12434388 -0.15807721
-0.07413258 0.41901818 -0.09849257
-0.13762820 -0.38530600 0.07446288
-0.00760167 -0.19010326 -0.20595616
0.11109863 -0.36640784 -0.15303276
0.08862418 0.41294172 -0.20577575
-0.08298878 -0.00254012 -0.20221224
0.11927912 0.05753937 0.01556532
0.12181843 0.24495374 -0.09831128
0.12274683 -0.29965118 -0.16191217
0.11893448 -0.17243376 -0.14408083
0.00802214 -0.34898454 -0.20612727
0.11830463 0.00688649 0.13736655
0.12176176 0.29098406 0.12443129
0.11966018 0.26334104 0.08355653
0.05846590 -0.17671867 -0.01146019
-0.14378041 -0.16634351 -0.03281380
-0.13676509 -0.17338428 0.06086879
0.01344798 -0.00702445 0.20151240
0.08217245 -0.43020231 0.18187855
-0.13904524 -0.14654204 0.07690473
-0.13571803 0.26487431 -0.11854844
0.00615205 -0.11796318 0.20897846
0.12148174 0.09087855 0.08229254
0.12214660 0.16553825 0.11683433
0.11457844 0.20494185 -0.20383427
0.11988207 -0.28895959 -0.12082002
-0.14309424 -0.15250099 -0.12647128
0.11334053 0.41648802 0.12496933
0.01766562 0.42761657 0.18328239
-0.13784066 0.07824445 -0.20285740
0.08373404 -0.16437083 0.19571215
-0.08013961 0.10985389 -0.19815309
-0.13590685 0.19090347 -0.04446970
0.11873002 0.00121077 -0.20421614
0.11893701 -0.13385862 0.12994190
0.10753475 0.26578745 -0.20459375
-0.13724065 0.21273847 -0.09949967
0.11327524 0.09931836 0.20619382
-0.04096601 0.31927371 0.20744866
0.12556377 -0.11060853 -0.01385590
0.03934054 -0.19724417 -0.20592780
-0.13730396 -0.37672773 -0.12313799
0.11660298 -0.32212868 -0.00211856
0.07842810 -0.38489550 0.17273845
0.12583958 0.36139542 -0.00366688
0.06175381 0.32040077 -0.20800810
0.11734384 0.17429025 0.18396558
-0.05843765 0.11485475 -0.21053059
-0.02372298 0.12209003 0.20898557
0.12168901 0.40464324 0.07039767
0.11771094 0.11542455 -0.02931377
-0.13746968 -0.30023077 -0.09156604
-0.13578117 -0.03932852 0.06488046
0.11824555 0.08969633 -0.10005799
-0.13567168 0.15928717 0.06661747
-0.09741316 -0.03026611 0.20818001
-0.13399471 0.28106579 -0.06757347
-0.13602585 -0.13823149 0.11502159
0.04518450 0.41815346 0.02508432
-0.13392457 -0.39980674 0.12745899
-0.04960766 0.03611406 -0.20401546
-0.13504058 0.05783383 -0.10710894
0.11057648 0.04571618 0.19746287
-0.07538175 -0.30905741 0.20565832
-0.13578400 -0.20719726 0.17237917
0.09935500 0.41442856 0.05564922
-0.14006178 0.22842661 0.15347357
-0.11771270 -0.32169271 -0.20758891
0.11682799 -0.39369842 -0.14419702
-0.13409846 0.28825781 0.20581347
-0.11706159 0.12598383 0.20039810
0.10554171 -0.42918992 -0.18290566
-0.11336731 -0.39206797 -0.03046572
0.11331239 0.29058367 -0.20619810
0.02103592 -0.11704112 -0.20371291
0.11124806 -0.42418411 0.17489137
0.00781792 -0.42302763 0.14809799
0.11336271 -0.36005372 0.03558583
0.11841308 0.41415396 0.04346648
0.11356176 -0.30705985 -0.10601417
0.12083216 -0.13952962 0.08076825
0.11775821 0.26038447 0.12383556
0.10724142 -0.01530111 -0.20324676
0.11134809 -0.39262700 -0.09545209
-0.13956249 0.26944777 -0.16821767
-0.13648525 -0.29071316 0.10742325
-0.13781853 0.22926608 0.12367609
0.09567016 -0.06328505 0.20853333
-0.12935799 -0.13783939 0.16872683
-0.13812552 0.09126449 -0.11679197
0.10556299 -0.19490245 0.21032833
-0.12956093 0.40570265 0.15749367
-0.07611345 0.22649942 0.19903763
0.12062895 0.19855027 -0.14271310
0.07953506 0.41961718 0.07092831
0.11929379 -0.00983122 -0.11620529
-0.14119436 0.09912845 0.17869864
0.01972411 -0.08768991 0.20257726
-0.02059788 0.06868461 0.20599921
0.11452258 0.22842786 0.12078123
0.11761941 -0.19543715 0.11831773
-0.13782893 -0.16747843 -0.12289432
0.11980335 -0.09394992 0.06169787
0.03115673 -0.29412824 0.20137531
-0.04812725 0.04708521 0.20748152
0.05049950 -0.19403817 -0.20442450
-0.13730270 0.20992362 0.05238060
0.06955176 0.33310506 -0.20318441
-0.11142567 0.42024955 0.18700379
-0.02572873 -0.29909676 -0.20389856
-0.06865212 0.18280822 -0.20427619
0.11501008 -0.09316801 0.18729877
-0.13471566 0.41615921 -0.15809594
0.12058953 -0.01585807 0.10683520
0.08624844 -0.33990777 0.20467867
0.00624350 -0.42202598 0.21058831
-0.05871018 0.13757548 -0.20281266
-0.13534103 -0.18125412 0.09121429
-0.12988147 -0.28443259 -0.03538800
-0.13511658 -0.38262767 0.13982984
0.00215271 -0.41878551 -0.15599215
-0.13554944 -0.32022563 0.05850076
0.12038652 0.09651727 0.02458649
0.12035842 -0.06828685 -0.04381994
0.12149965 0.02720018 0.00114380
-0.13837703 0.15655269 0.17242979
-0.03570115 0.29326245 -0.20398696
0.11897542 -0.26140198 0.20164204
0.10755365 -0.42150712 -0.00177530
-0.03559118 0.13818569 -0.20593774
-0.13328870 0.31827462 -0.20453456
0.03196354 -0.30926666 0.19606714
-0.13683572 0.26369724 -0.11304088
-0.02072610 0.33439460 -0.21063273
-0.08316526 0.02817708 0.20356619
-0.10622449 0.32948017 -0.20560160
0.12190173 0.03377157 -0.06334828
0.11415073 -0.14350405 0.19918188
-0.13754034 -0.10553898 0.04175340
-0.13478366 -0.05049971 -0.00997856
-0.01519387 -0.29855427 -0.20550407
-0.10030152 0.26867205 0.20031306
0.12365889 0.30027631 0.08610230
-0.13887781 0.13432476 0.20075291
-0.09612347 0.03066630 -0.20818765
-0.13569348 -0.02200912 -0.19512250
-0.13926722 0.23017338 0.19292991
0.03880335 -0.42594376 -0.19554241
0.12115400 -0.30455714 -0.06408042
-0.06703050 0.38347945 0.20234121
-0.06345184 -0.41880032 0.20627263
0.12132331 0.32067725 -0.16112736
-0.08345284 -0.25677148 0.20605253
0.12210009 -0.26474237 -0.03826968
0.11637449 -0.37645537 0.15141635
0.10934044 0.01365752 -0.20310679
0.06177205 -0.24901971 -0.20860161
0.11213013 -0.19453196 -0.20385107
0.03980190 -0.05437554 -0.20323950
0.12001673 -0.09332396 -0.12507430
0.12001958 -0.07148385 0.02231026
0.08197230 0.41820592 0.19957188
0.06735436 -0.01733541 -0.02039498
0.09030253 0.42530394 -0.05277904
-0.13764423 -0.17119306 -0.06987458
0.11932030 -0.02646211 -0.04048450
0.11963746 -0.13962846 0.10769914
0.09384739 0.42095494 -0.19411419
0.11695910 -0.19213796 0.09942201
-0.14097109 -0.31298855 0.11414331
-0.02171369 -0.06118568 0.20480588
-0.02005680 0.42176473 -0.09056213
0.10840529 -0.41273627 -0.04066058
-0.13237661 -0.35903928 -0.08809697
-0.03018118 -0.42136312 0.08154801
-0.13807602 -0.21797810 -0.10909116
-0.04192512 0.33371204 0.20053940
-0.13870545 -0.25795570 0.02688868
0.12393917 0.32713640 0.00443548
0.06468920 -0.11036739 -0.19862774
-0.08110450 -0.18763354 0.20610353
-0.08800604 -0.11893021 0.20599198
-0.01259529 0.10685644 0.20650408
-0.13817081 0.30241695 -0.03495039
-0.13856769 0.11102462 0.15515217
0.11602177 0.15019938 0.20167446
-0.09240222 0.01924621 0.20406978
0.11140093 0.25544757 0.20236555
0.02608465 -0.34522280 -0.19411016
0.11070471 0.00697601 0.20131065
0.02171047 0.41907960 0.02419785
0.11709050 0.15908355 0.01023439
-0.10709296 0.41901246 -0.04508702
0.01403224 -0.41788796 0.05610318
-0.13546108 -0.04970559 -0.02106744
0.06498661 -0.02081790 0.00183074
0.12109325 -0.02568265 0.00199282
0.09241317 -0.28098661 0.20230408
-0.02504365 0.34818691 0.20496979
0.11074013 -0.26008970 -0.18538426
0.06024226 -0.42365763 -0.12033127
0.09390254 -0.10065609 -0.20489454
0.11509594 0.12408651 -0.20492432
0.12001060 0.25245395 -0.16940153
0.12239768 0.00136128 -0.10581002
-0.13701035 -0.04472234 0.11724184
-0.07687001 -0.38276294 -0.20767106
0.05225969 -0.05814224 -0.20509216
-0.09350954 -0.32911280 0.19293357
-0.13125633 0.42019507 -0.20165136
0.01638457 -0.41064793 -0.18279646
0.11464645 0.21712616 -0.01510303
-0.13780692 0.30598453 0.13728912
-0.00736973 0.41307515 0.20746094
-0.09895517 0.41983980 0.10786083
0.02060679 -0.01829308 -0.20590401
-0.01521748 0.10958185 -0.20275328
-0.05565163 0.10005018 -0.20300429
0.10753915 -0.42795855 -0.05971736
0.08046688 -0.26654375 0.20544791
-0.06993116 -0.29505399 0.20654875
-0.02207778 0.34799334 -0.21110758
0.07893290 -0.40440670 -0.20743579
-0.13859004 0.39339900 0.19904266
-0.01036972 -0.42976132 0.14943223
0.11555295 0.09603395 -0.04083333
-0.13482110 0.10573228 -0.02189597
0.01297175 -0.16248734 0.20397709
-0.13718875 0.28273427 0.14100154
0.00112576 0.42129028 -0.03596180
-0.13997136 0.29684192 0.15118559
0.11888638 0.23478144 -0.04524650
-0.13717987 -0.09284365 0.11465186
0.09232160 -0.42282343 0.13881662
-0.08080302 -0.38882941 -0.20454991
0.05544583 0.41470438 -0.18189387
-0.00897113 -0.07782958 -0.20465738
0.12154979 0.16421647 -0.05570362
-0.06114613 0.13223659 0.20621412
-0.09681406 -0.06269164 0.20617257
0.12319515 -0.10244694 0.10261517
-0.05203020 -0.42321539 -0.17769556
-0.13073874 -0.05681022 -0.19303341
0.11184386 -0.36074027 0.20149678
0.12228891 -0.18664697 0.04027685
0.11984898 -0.05334594 -0.12564698
0.07876296 -0.15742970 -0.20660715
0.12301530 -0.16668418 -0.18769275
0.11937027 -0.24315323 -0.07732705
-0.01367026 0.21065229 -0.20375551
0.04010810 0.31576866 0.20688479
-0.14087580 0.27261844 -0.09378707
0.10956371 -0.24070802 0.20427354
-0.13491164 0.38487667 0.05165561
-0.13898952 -0.33960041 0.09666862
-0.02043135 -0.28027904 -0.20243248
0.12113488 -0.26356226 0.09886719
-0.13742493 -0.29944253 0.12360717
-0.05271245 0.11238433 0.20478974
0.12254894 0.00263454 0.08836756
0.11738198 0.36925113 -0.15353498
-0.13414776 -0.10105312 0.10072001
0.05895425 -0.28598830 0.18713184
