-0.09497099 -0.09763477 -0.08941314
-0.28691182 -0.09278905 0.01526481
0.37398633 0.01218843 -0.03153674
0.38920876 0.00304276 0.08099639
0.35328463 -0.09451185 -0.13344868
-0.15586804 -0.05084164 0.17548116
0.33724055 -0.09474172 -0.16593945
-0.36959523 0.04786668 0.06384384
-0.43199173 -0.04407512 0.03558587
0.28910077 -0.09998181 0.11449794
-0.13390644 -0.04750332 0.03691287
0.16922168 0.04816549 -0.00212812
-0.06260382 -0.09270667 0.15773506
-0.15121451 0.11075933 -0.03288688
0.02717188 -0.04062694 0.14544265
0.12435286 0.05573485 0.12541652
-0.01585023 0.12373455 0.04097236
-0.29592741 -0.03383980 -0.17361756
0.18806092 -0.10123762 0.14283617
-0.02155044 -0.07917775 0.02830130
0.12593764 0.00113325 -0.17367235
0.27316180 0.00743703 0.17230840
0.26631689 -0.01384500 -0.14126004
0.24713512 -0.09712145 0.17334341
0.18514258 -0.09798437 -0.01131241
-0.21998857 0.09338675 -0.00621637
0.00681234 -0.07506162 -0.16178334
-0.27431661 -0.01443237 -0.17713009
0.33322471 -0.02108920 0.12784310
-0.18655676 0.06108856 -0.12584317
-0.18202513 -0.01164149 0.14135072
0.31552491 0.02160938 0.05510163
0.30092391 -0.07089415 0.16332869
-0.15933211 -0.09648652 -0.11028919
0.18605632 0.04389038 0.10131349
-0.00278717 0.09544456 -0.12706815
-0.36062640 -0.03767730 0.16797212
0.30871326 -0.00412863 -0.10620386
-0.11015143 -0.03185195 0.17633684
0.41837674 -0.04241256 0.06840245
-0.01705149 -0.08641368 0.16866021
0.05531912 0.04416352 -0.15322883
-0.18936168 -0.02752547 0.13419327
0.17278630 -0.07802083 -0.13572757
0.37899777 -0.00662852 -0.12941776
-0.06584723 -0.07258575 -0.15218383
0.27215022 -0.04375064 0.13376465
-0.25263372 -0.07778339 0.15032028
0.21942602 -0.04043423 -0.16732913
0.25098860 -0.01028666 0.13924077
-0.34137356 0.03320816 0.15335576
0.24936421 -0.00044473 0.17292631
-0.23400420 0.00870377 0.11031028
0.28721252 -0.00253076 -0.12126155
0.30252218 0.02345245 -0.13730334
-0.19619270 -0.03566590 -0.13309304
0.29768753 -0.06715652 -0.12447767
-0.00783750 0.09937866 -0.12711865
-0.16715562 -0.09817408 0.06683856
-0.31439662 0.00615874 0.16483395
-0.26251194 -0.10269620 -0.14010671
0.40570900 -0.01126589 0.04394174
-0.15867768 -0.09946743 0.09238619
0.06462829 -0.09629594 0.04834903
-0.03516079 0.00456653 0.17330670
-0.30128726 -0.03507464 -0.15379958
0.28122562 0.00312970 0.12699044
0.25210670 -0.04129590 0.11711644
-0.25841427 -0.03980613 -0.05744046
-0.21468371 0.09647544 0.07870527
-0.41650361 0.00746973 0.03346892
-0.27835664 -0.10904743 -0.14792922
-0.22495851 -0.09413704 -0.11373100
-0.15380897 0.09330610 0.08342912
0.28526035 -0.09596112 0.17314357
-0.20630230 -0.03796429 0.12506026
0.01665454 0.10381531 -0.09916022
0.23865336 -0.12067492 -0.16498210
0.08142574 -0.03431405 -0.17150946
0.01705405 0.09341874 0.12670329
0.36274597 -0.05292517 -0.16113064
0.19385368 -0.02997075 -0.16736312
-0.20407289 0.04808725 -0.15793529
0.24048866 -0.07018152 0.16449876
-0.07043134 -0.08898248 0.02050388
0.09685224 -0.09590064 -0.11585495
0.12224209 -0.09607379 -0.13738987
0.37406808 -0.09945755 -0.09074341
-0.19455239 -0.03259343 0.09395126
-0.30977044 0.04733944 0.13538668
-0.27328888 -0.11966845 0.13974877
0.19816224 -0.08798227 -0.13391046
0.12859499 -0.09128072 0.14616694
-0.16833963 0.06932341 0.12795447
-0.34288588 -0.03283395 -0.16679859
0.22137213 -0.05466671 0.15145248
-0.09700321 -0.09113982 -0.13528533
-0.17739227 -0.09734472 -0.07143967
0.25710833 0.03792091 -0.02969829
0.04872810 -0.08202820 -0.11145458
0.38261288 0.00385496 0.04559698
0.06709042 0.08059407 0.12138049
0.00111403 -0.07868463 -0.00011802
0.28241143 -0.08864716 -0.16095896
-0.24443385 -0.00156599 -0.13076513
0.05766728 -0.04241943 0.14498311
0.34152764 -0.06266274 0.15371798
-0.35048565 -0.08677236 0.08349110
-0.23553225 0.01787828 -0.16551393
0.42198920 -0.02345589 0.03143258
-0.11852920 0.10674033 0.10874465
-0.39601406 -0.06112346 -0.12157255
-0.26740369 -0.06959958 0.17183824
0.35910019 -0.01332224 -0.13149054
0.16925272 -0.10101105 0.03801231
0.40495986 -0.09706046 -0.04533742
-0.14291403 0.05444407 0.14514360
-0.20789938 0.00471705 0.00444244
0.27139747 -0.11927449 -0.14501907
0.36336040 -0.01315981 -0.11984824
0.25135577 -0.00179638 0.15324593
0.36179358 -0.08850545 0.15980275
-0.10126806 -0.04828877 0.03005042
0.38199905 -0.00777668 -0.11874098
0.18811785 0.03774805 -0.13825506
0.00952012 -0.09443175 -0.13432559
-0.41168320 0.02284158 0.05621936
0.26417157 0.03234285 0.10590721
0.08111838 0.09135681 0.06962746
0.00945044 -0.07585183 0.10736050
-0.19500972 -0.05146081 0.15585908
-0.17064649 0.11088730 0.04273126
0.14135079 0.06063598 -0.04161067
-0.29374513 -0.00114961 0.13348739
-0.02532459 0.12070383 -0.00909421
-0.05501660 -0.09509373 -0.12807536
0.13794753 0.03440116 -0.00633840
0.00269755 -0.09448948 0.13648318
0.42568582 -0.08268151 0.04260904
0.22262810 -0.05996292 0.15107356
-0.43361142 -0.02248081 0.02978585
0.27136055 -0.03745610 -0.14076349
0.12823607 -0.06902020 -0.13124746
-0.08374663 -0.09761896 -0.04496349
0.17791972 -0.09508057 0.09936060
-0.43757790 -0.04641648 0.00010307
0.13267593 -0.09382083 -0.09587257
0.26234114 -0.10904543 0.13321036
0.32352111 -0.08244937 -0.16912621
-0.28898820 -0.09075111 -0.17072506
-0.31207508 -0.03028378 -0.17214307
-0.17140128 -0.02149683 -0.10338797
0.14908712 -0.09122799 -0.16966183
0.21293353 -0.08000598 0.13931309
0.17690679 0.04802353 -0.00992668
-0.04064327 0.01963556 0.16696566
0.15504426 -0.00006396 0.17347424
0.00860338 -0.09414712 -0.11393250
-0.30118051 0.04167540 -0.15557852
0.14854106 -0.00998276 0.13646446
0.23822577 -0.09747954 -0.10305247
-0.18223268 0.10833239 -0.00661250
-0.31471536 0.04953243 -0.08124803
-0.18350053 0.09790820 0.09260931
-0.10130496 -0.09694797 0.07971196
0.25415432 0.00275599 0.14751783
0.33707744 -0.08572982 0.12714891
0.30996904 -0.01903856 -0.14177856
0.27459338 0.00008447 0.10277754
0.38404429 0.00371683 0.08961664
-0.13117775 -0.09788963 -0.04609729
-0.40082157 0.02553642 0.07529772
-0.38501805 0.02822421 -0.13605767
0.24979179 0.00160501 0.14006095
-0.13097209 0.07084674 -0.11214599
0.36775005 0.01290172 0.01231936
-0.40023115 0.03443938 0.07443475
-0.12118311 -0.09785257 0.08879489
-0.24143033 -0.05228720 0.10182261
0.12771176 -0.00938471 -0.17451003
-0.23001206 -0.05989142 -0.14605404
-0.10049171 0.09409834 -0.12228898
-0.08657505 -0.09496520 0.16602020
-0.07066630 0.03932709 -0.15668552
-0.15577875 0.08958039 0.12381246
0.09471298 -0.04001781 0.17350046
0.31411114 0.02633416 -0.08816423
-0.30545983 0.06234841 -0.07387124
0.10633915 0.03458752 0.14523035
0.26539502 -0.02909902 0.14854486
-0.08477933 0.10602131 -0.09878647
-0.24522126 -0.03188165 0.11124264
0.32595304 -0.00507729 0.16304371
0.17659979 -0.09815759 -0.12400655
0.34187853 -0.09050117 0.11740379
-0.37057236 0.03856006 0.13105257
-0.15126316 -0.09912833 -0.05019110
-0.15374805 0.02424338 0.17080681
0.21710767 0.04150186 -0.07537656
-0.08854573 0.07585213 -0.13510783
0.28706470 -0.01322637 -0.12279613
0.07479574 0.08522265 0.07396206
0.21177234 -0.10658493 0.14894660
0.22007890 -0.08193821 -0.17301667
-0.09288029 0.12076417 -0.06587306
0.40084186 -0.09794060 0.05167656
0.04990127 -0.00041206 0.15189667
-0.09259856 0.12003627 0.04443637
0.34896803 -0.10425740 0.12916377
-0.33747366 -0.04631209 -0.15749833
0.41252306 -0.04441044 -0.02708587
0.29006222 -0.07283439 0.15830086
-0.18081294 -0.04228959 0.13446848
-0.14576524 0.04649903 0.14966461
0.42005175 -0.07982252 0.00976130
0.17827505 -0.09944287 0.07622358
-0.41127571 -0.07470360 0.08671355
-0.34633684 -0.08572203 0.16143583
-0.30868781 -0.04427444 -0.17896996
0.08284728 -0.09878296 -0.11293533
-0.24981941 -0.08185410 -0.05449806
-0.02735986 -0.03913683 0.02199206
-0.08253792 -0.09571072 -0.09539354
-0.33725253 -0.07275668 0.07927747
-0.02865587 -0.09916331 0.00179786
-0.14759873 0.10782242 -0.09890013
0.18760078 -0.02568872 0.12671630
-0.31192783 -0.00573033 -0.08960541
0.29952985 -0.06384506 0.14328718
-0.36361617 0.04535589 0.05068102
-0.32406646 -0.06420457 0.13848464
0.17507224 -0.04503448 0.17423086
-0.17844097 -0.09582572 -0.05437149
-0.08692693 -0.09802327 0.01350789
-0.42789677 -0.01748137 -0.04146691
-0.02622002 -0.01496556 0.16943271
0.23809975 -0.10669881 0.14339481
-0.19608682 -0.02217556 0.17203362
0.10788754 -0.10000490 -0.13605155
-0.25358537 0.05378307 -0.01633717
-0.33930054 0.06234400 0.03859055
0.02690475 0.10609101 -0.11468627
0.24767743 -0.10312191 -0.15701661
-0.10378902 0.06975687 0.13120931
0.29758343 0.01425362 0.15313466
-0.13389537 -0.05722189 0.17127787
0.02534009 -0.09104254 0.16818301
-0.11833803 0.01224714 -0.16343084
0.18606734 -0.09589963 -0.07585457
-0.27660322 -0.09920445 -0.14852192
0.32954460 -0.02728934 -0.08755802
0.16103470 -0.09284714 -0.09187008
-0.23485737 -0.01545362 -0.11943428
0.16659342 0.04879392 0.07315984
-0.34982130 0.04831626 0.00031527
0.06227720 -0.09867091 0.08078057
0.06401535 0.03829822 0.15467277
-0.43878800 -0.03537805 0.01864895
0.38240045 0.00253925 0.09180433
-0.17281514 0.07542677 -0.12575068
0.30737084 0.01547170 -0.15347604
0.35607216 -0.09857830 0.06997565
0.06016456 0.10470384 0.05412243
-0.15174945 0.11188063 -0.06065184
0.32694745 0.02296182 -0.08997940
0.33026522 -0.09952632 -0.06631511
0.21655077 -0.03458227 0.17454101
0.24898329 -0.09741605 0.06376942
0.22725600 0.03579928 0.13801816
0.03371283 0.10197029 -0.09001972
0.28322199 -0.06206606 0.16545781
0.04715674 -0.05687039 0.14679377
0.21871772 -0.09399666 -0.16772036
-0.14605804 -0.09127403 -0.16685580
0.35464257 -0.09635389 -0.06586489
0.25641394 0.03186037 -0.08204638
0.31766966 -0.09910677 -0.11422008
0.02138475 -0.02751798 0.17264275
-0.06962460 -0.09541634 -0.04500483
0.01252103 -0.05266100 -0.07471325
0.23977119 -0.02947010 0.17153126
0.30441380 -0.01945011 -0.12399462
-0.26006883 -0.11688059 0.13342968
0.09242220 0.08904324 -0.04025999
-0.42113394 -0.00912300 -0.05850848
0.31960377 -0.07166228 -0.16978730
0.41604808 -0.09627733 0.07454517
-0.06717393 -0.09776573 -0.02828999
0.06346840 0.06218904 0.11277778
-0.06364833 -0.07283936 -0.17163628
-0.18920822 0.09406634 -0.06934751
-0.11666947 -0.09202136 -0.06123849
0.40769118 -0.01403853 0.08936888
0.27766827 -0.06853297 -0.12382782
0.31044915 0.02920976 -0.05657245
-0.09462917 0.04679613 0.07592344
0.31684026 -0.03653657 -0.15964603
-0.33673194 -0.08605151 -0.02825617
-0.42593157 -0.07092140 -0.04892979
0.38249394 -0.09234164 0.10967139
-0.24180804 -0.06776141 -0.11915077
0.40960926 -0.00828808 0.04736084
0.29844609 -0.03661674 0.15269569
-0.19763176 -0.09324714 -0.08845975
-0.29114726 -0.11496672 -0.16484979
0.31068614 -0.09396961 -0.14634787
0.34762123 -0.04073720 0.16031983
0.28841296 -0.09888111 0.03200635
-0.00533287 -0.09752706 -0.15962318
0.27005532 0.00273434 0.13456267
0.20241977 -0.01782513 0.17569599
-0.27547443 0.00758074 -0.16541453
-0.07720192 -0.04999909 -0.16963679
0.15610698 0.05433363 -0.04792353
0.26495510 -0.00392083 0.15335035
-0.28876275 -0.08808345 0.09996670
-0.27977121 0.05346733 -0.13783224
-0.31950730 -0.07059957 0.16128094
0.10883203 0.04147457 0.16327505
-0.03830658 -0.05379290 0.17239891
-0.23461621 0.08737652 0.07607511
-0.24738683 0.08094472 0.10394736
0.27772310 -0.10020452 0.15047514
0.14919110 -0.08047411 0.16986644
-0.26485255 0.06756890 -0.12480118
-0.20255661 -0.09455764 -0.09182473
-0.09677722 0.00730826 0.17265916
-0.38001651 -0.08096399 0.09804252
-0.25575727 0.07711016 -0.07977492
0.26697972 -0.11681917 -0.11565336
-0.26649904 -0.12062977 -0.13594620
-0.29046762 -0.06902820 -0.12701750
-0.22526282 0.00106605 0.13344954
0.08204350 -0.04477302 0.14456938
0.38192019 -0.09710576 0.14179939
-0.30994168 0.05646122 -0.10658633
-0.20033453 -0.02605905 0.03285171
-0.15133035 -0.09727781 -0.11898989
0.41349918 -0.01236359 -0.02845004
-0.28756830 0.06795263 -0.08995982
-0.26589689 0.07389921 -0.08470299
-0.31452155 0.04866626 -0.04174707
-0.31493387 0.06655780 0.07978426
0.42904097 -0.07992896 0.05543260
-0.30115601 -0.00574382 0.11723076
0.14421795 -0.09878856 0.06398240
-0.15563151 -0.04374786 0.01542911
-0.01400051 -0.09515304 0.10898874
0.20586917 0.04109574 0.00489287
0.20398599 -0.00622220 -0.16801584
-0.08444197 0.05552439 -0.14763722
-0.28269747 -0.05000605 0.10759651
-0.10870101 -0.08107714 0.15423717
-0.12670356 0.05171130 0.14357048
-0.23732397 0.00694254 0.13971473
-0.24062973 -0.03892177 0.15658008
-0.07884778 -0.09393242 -0.02408915
0.18453728 0.04492388 -0.06208954
-0.38199002 0.03993787 -0.12030647
0.41150683 -0.09375859 -0.09665377
0.02770345 -0.09400670 0.13837461
0.09811568 0.01376151 -0.17220615
-0.42464289 -0.05586144 0.09689637
-0.18888983 -0.05372597 0.17607719
0.00701847 -0.10046191 0.09286894
0.28794485 -0.02238610 0.17312576
0.35302684 0.01506239 -0.08872508
0.25785717 -0.09921139 -0.03468480
-0.01675130 -0.02992372 0.16748831
-0.17073390 -0.01607717 0.16347378
0.27901813 0.02839716 -0.06454960
-0.27485856 -0.08837818 -0.06750955
0.40752873 -0.00432540 0.03450674
-0.08508097 0.04263561 0.08378711
-0.32556832 0.05871563 0.07643067
0.25784668 -0.08947898 -0.13948423
-0.30000037 -0.02864760 0.17220581
0.37503594 0.00245039 -0.12125676
0.26453793 0.03775068 0.06584741
0.06560899 -0.09699783 -0.07346931
-0.18007153 0.02591942 -0.16849646
-0.03948475 0.12180568 -0.03504870
0.01554153 -0.09524261 0.06775694
0.07722577 0.09237558 0.05611844
-0.43746760 -0.04699714 -0.01711223
0.06524626 0.09209387 0.10839538
0.40311643 -0.03268873 0.09392335
-0.26133764 -0.01392765 -0.14243439
-0.27229631 0.06527122 0.09744551
-0.30856699 -0.05709672 0.16595994
-0.18125713 -0.05132756 0.08164129
-0.27158201 -0.08240792 0.16815156
-0.26858500 -0.07002792 -0.15636803
0.20359172 -0.03892124 -0.09468201
-0.07607701 0.12097712 -0.00147359
-0.18945895 -0.01215800 0.15524465
-0.36146939 0.00728809 0.16044466
-0.06937367 -0.01992316 0.14238319
-0.24553134 -0.01180304 0.13795902
-0.39635307 0.05143451 0.02543120
-0.04641245 0.02497167 0.08236020
0.35707584 -0.09213687 0.14623454
0.31925869 -0.06450526 -0.14545594
0.13028048 -0.02638749 -0.17160578
-0.11032352 -0.02428412 0.17618662
-0.29340488 -0.02393973 -0.11126054
0.42725408 -0.02734000 -0.02145691
0.31840265 -0.06305987 0.12587187
0.10210259 0.04593215 0.14585118
-0.34594712 -0.08167603 -0.15743382
-0.26911947 0.06408523 -0.11554075
-0.26790088 -0.12269731 -0.16279863
0.41631135 -0.07935545 0.08087498
0.34778243 -0.09830333 0.00030474
0.33519128 -0.03207812 0.15747875
-0.24082485 -0.07518300 -0.15691255
-0.03454548 0.05957408 -0.14384541
0.14250597 0.02095852 -0.15741645
0.13182500 -0.09423032 -0.02542534
0.30239904 -0.01806344 -0.14212370
0.18272927 -0.05617900 -0.11533061
0.17910013 -0.07036382 -0.17253046
0.23430237 -0.08468031 0.16174349
0.23860033 -0.09936905 -0.06366237
-0.27596089 -0.04038235 0.15076490
0.04652103 0.06186546 -0.14062704
0.43101162 -0.04902105 -0.02188756
-0.10949491 -0.08593222 0.17230399
0.31872910 -0.00409808 -0.14285693
0.08288919 -0.05901243 -0.15937282
-0.20043857 -0.09990136 0.00204371
0.28344226 -0.11662295 0.13348706
-0.26779258 -0.03067925 -0.16492216
0.19521397 -0.00605266 -0.11130629
-0.33588511 -0.04231009 -0.16632932
0.28249002 -0.10035102 -0.02099423
0.36628923 0.01660083 0.01431254
-0.37588379 -0.08251709 -0.00753784
-0.29367140 -0.00777574 -0.04808623
-0.41516104 -0.05287177 -0.11414784
0.30096790 -0.09808306 -0.01938919
-0.12881981 0.05001913 0.06032220
0.00963166 -0.04243718 -0.14371629
0.02767604 -0.09639061 0.09594326
-0.17342886 0.10807615 0.05145381
0.10918818 0.06977656 -0.12037494
-0.19200325 0.09889487 0.10158982
-0.10295776 -0.09151505 -0.03031922
-0.01218412 0.11955835 0.06217587
0.19140221 0.00958075 -0.17322300
-0.37261084 -0.08206312 -0.08190044
0.26726928 -0.05660986 0.10977627
-0.24027422 -0.09943658 0.01384937
0.30612877 -0.02766385 -0.10836717
-0.30694714 -0.05894784 -0.13165453
-0.00172925 0.11688028 0.04366966
0.26807040 -0.02105997 -0.17454109
0.23180039 -0.01968353 -0.11593680
-0.26862302 0.07602316 -0.10672134
0.21903609 -0.07404308 0.14502926
-0.29423854 0.00274343 -0.12836362
-0.18682204 -0.06959017 0.09257179
0.28566688 -0.06876005 -0.12722561
-0.21891403 -0.02679864 -0.16394816
0.30780774 -0.02608366 0.17089511
0.36263072 -0.09715513 0.11585296
-0.20614779 -0.05733820 0.13348024
-0.31079808 0.05768012 0.01311662
-0.20341764 -0.00261662 -0.09932750
0.05092102 0.09007511 -0.12765647
-0.40899730 0.03161009 -0.01980659
0.03817934 0.11311130 0.01256774
-0.17098673 0.10379311 0.08708849
0.09013363 -0.04758112 0.16797695
0.10057423 -0.08835536 -0.13648520
0.02543639 -0.03622135 -0.14298931
-0.00763233 -0.06604204 -0.08653373
0.23307186 -0.10144167 -0.14959836
-0.26174507 -0.00293815 0.10262780
-0.24108903 0.08759099 -0.10124338
-0.39955354 0.02178886 -0.12018049
0.00867672 -0.09593380 -0.07588311
0.13459682 0.04964168 -0.11388312
0.20945525 -0.09693722 0.08177831
0.40761721 -0.08062646 -0.07548349
0.39769432 -0.00203291 -0.02292962
-0.07456908 0.12234284 -0.00480738
0.20993137 -0.10215761 0.08286149
0.17925893 0.03936537 -0.10903032
0.20719217 0.04475969 -0.00682938
-0.05771212 -0.05906243 -0.15243150
0.00191438 0.05548275 -0.14447248
0.40623444 -0.02372560 0.07932635
0.02125213 -0.09203729 0.01870985
0.10966441 -0.09894328 0.04444320
-0.27668625 0.00376651 -0.14845833
-0.35173711 -0.04723833 0.14505996
-0.27762645 -0.08289627 -0.16022681
-0.03550113 0.05785897 -0.13199559
-0.07280029 -0.09848693 -0.01043215
0.23457207 0.03531187 0.06636917
-0.17005809 -0.03467989 -0.13887008
-0.22652045 0.09390415 0.04261139
0.26500267 -0.11331247 0.11007439
0.32670635 -0.01734434 -0.14995809
0.23527715 -0.03753166 -0.11376080
-0.16466719 -0.05912824 0.17391324
0.29187313 0.03185304 0.02670004
-0.20661898 0.09617303 -0.08242980
-0.29400590 -0.03559865 -0.15633626
-0.42138538 -0.04698161 0.05271319
0.39486489 -0.03149979 0.12541297
0.34478968 -0.01385220 0.14238583
0.14032821 0.03660573 0.15874410
-0.37182140 -0.02682270 -0.12086251
-0.01693555 0.00357951 0.15111928
0.05118498 -0.07507695 -0.11470462
0.10843731 -0.09553763 -0.06600972
0.04543831 0.08529617 -0.11666029
-0.25639203 0.02079123 0.17075559
-0.38326007 0.02618800 0.14135297
0.25372452 -0.06061182 0.17077720
-0.15639743 0.11385482 0.02193233
0.00204870 0.11585072 -0.02931974
-0.06257103 0.06598543 -0.13271450
-0.26440391 0.00948996 -0.15205565
-0.16529658 -0.09506983 -0.01632111
-0.01202006 0.11977250 -0.05516743
-0.35543770 0.04205513 0.13888070
0.13550599 0.06326400 0.02989941
-0.35077333 0.04611090 0.08088240
-0.43020400 -0.00871629 -0.04519214
0.26952696 0.02831353 0.10901886
-0.03928754 0.12388696 -0.00539704
-0.10144754 -0.09780356 0.00719081
-0.39904314 -0.07405487 0.14198630
0.20506451 -0.05252093 0.03403979
0.39601648 -0.01963765 -0.10412294
0.06446674 0.04290491 -0.14595979
-0.31968918 -0.02150255 -0.17460938
0.05098069 0.09184451 0.11562931
0.00342992 0.11446099 -0.04462792
0.28088343 -0.09988768 0.05596939
-0.43870348 -0.04226042 -0.04054000
0.26540127 -0.12324952 0.14299431
0.15772758 -0.09779696 -0.04246268
0.39232871 -0.09312657 -0.10736742
-0.38066480 -0.07897870 0.11522563
-0.09913901 -0.09197301 -0.03480880
0.22576809 -0.03308079 0.09931481
0.22415848 -0.11941279 0.14345315
-0.32039285 0.05172140 0.00678826
-0.29628852 -0.04652802 -0.17214774
0.01141498 -0.06286170 0.16377668
0.03064914 -0.09733924 0.01720708
-0.22831613 -0.02893243 0.17089637
-0.03579061 -0.09292886 -0.13609479
-0.19365123 0.10489447 0.04202978
-0.27655211 -0.00845558 -0.16477366
0.30203322 -0.02532380 -0.10442419
-0.28479016 -0.03595391 0.15042078
0.42770228 -0.03921885 -0.05783376
-0.42598525 -0.03044268 -0.01814320
-0.29092914 -0.07674676 0.12554733
-0.23389788 -0.06915979 -0.17190531
-0.16054779 0.08241443 0.12549594
-0.03938836 0.12232479 -0.04762013
-0.41339573 -0.07522394 -0.03355651
-0.26641127 -0.11874814 0.17429218
-0.17253096 -0.07047597 0.13888213
-0.20020998 -0.00139176 -0.12769146
-0.22314918 0.09599056 -0.01891072
0.24921599 0.03735883 -0.00893580
0.02213300 -0.05635739 -0.05365361
-0.41615212 -0.00407368 0.02049801
-0.38131309 -0.05903454 0.15444039
-0.02082793 -0.09388752 -0.12940250
-0.25501105 -0.01078447 0.15525128
-0.29818660 -0.02081619 -0.14957510
-0.23359694 -0.03412688 -0.13605255
0.04427076 0.03386175 0.15520772
-0.27436644 -0.11377656 -0.15813336
0.27036566 -0.12050065 -0.15224561
-0.21713150 -0.03198414 0.17205225
-0.42162982 -0.00158884 0.00588689
0.29165983 -0.09894345 -0.12759854
0.04189599 0.01061412 -0.17340557
-0.33921063 0.04506867 -0.06633849
0.41815606 -0.04346776 0.08066704
0.29552862 -0.10456255 0.14685355
0.32754153 0.01598266 0.11503101
0.14530358 0.05385049 -0.06227590
-0.27108938 -0.09260663 -0.08386201
-0.11270805 -0.09965919 0.08971851
0.33450100 -0.01811648 0.16390496
-0.38023084 0.04080039 -0.11440020
-0.35166320 0.05837183 -0.00181004
0.03470032 -0.09936694 0.16590664
-0.39950246 0.03535824 -0.07518158
0.31895906 0.02046362 0.12280966
-0.25857565 -0.07448266 -0.10800394
0.05042070 0.09610956 -0.08341411
0.32955763 -0.06284185 -0.14253122
-0.19965516 -0.09531550 0.10920344
0.17481919 0.01343047 0.17122075
-0.04541961 -0.07793123 0.17019889
0.07757778 0.03776672 0.15324810
0.32810679 -0.06709704 -0.14374198
0.29266182 -0.04455781 0.13305350
0.20468698 -0.09384094 0.17629936
0.15191498 0.04806575 0.08358971
-0.29033267 -0.10303178 -0.14412200
0.10482765 0.06744023 0.11364499
-0.07856981 0.01076685 -0.16754000
-0.07301865 0.05925057 0.11517882
0.09753139 0.08169744 0.01779193
-0.23050606 -0.10368587 -0.16213922
0.06413125 0.03176961 -0.15585554
-0.15197411 -0.09913827 -0.13238606
-0.31763700 -0.09048093 -0.17148259
-0.27140468 0.00518358 0.09002167
-0.00398286 -0.07416365 -0.15249044
0.32047087 -0.06576838 -0.13718630
0.24170330 -0.06965107 -0.13111737
0.42012954 -0.09269404 -0.05224570
-0.23435371 -0.11714964 0.17611456
0.20192452 -0.09610400 0.03186744
-0.34041005 0.01972519 0.15744561
0.20310149 -0.10258678 -0.10811125
0.08765967 0.08471572 0.00823321
0.28708789 0.02892487 -0.10134027
-0.30636755 -0.08981171 -0.13894981
0.42280570 -0.09258009 -0.01778869
-0.09389582 0.02390796 0.16610046
-0.28846881 0.05996611 0.11064245
0.29138109 -0.00998822 0.15563624
-0.09561040 -0.03636074 0.02833656
0.41547638 -0.09350378 -0.08035357
0.15466818 0.06039172 0.03285410
0.15015395 0.04795964 0.10222499
-0.19034845 -0.00178277 -0.13355154
-0.04266524 -0.09069231 0.13826668
-0.20789309 -0.09653143 0.05882896
0.11379991 0.07373639 -0.07363819
0.02167583 0.03399747 0.15940356
-0.19996449 -0.03611128 0.10766259
-0.23546621 -0.04006459 0.17391956
0.15306696 -0.07369629 0.17363533
-0.32368955 -0.08980118 -0.00705902
-0.43779698 -0.03466257 0.03573725
0.27004048 0.03353389 -0.05269106
-0.40006691 0.02392475 0.09370054
-0.15603609 -0.04937208 -0.12246072
-0.41594458 0.00123175 -0.02945013
0.21998565 -0.09814558 -0.06213383
-0.26166245 0.08147363 0.07271624
-0.27412888 -0.05957489 0.12291444
-0.38305587 -0.08295940 -0.08329427
0.31215993 -0.07148442 -0.13466364
-0.08725663 0.11797383 -0.07298979
0.02329053 0.11138122 0.08847883
0.30333969 -0.09760688 -0.09664620
-0.19091642 -0.05054366 -0.09231095
0.40358835 -0.02780822 -0.11346893
0.09246576 -0.04613377 -0.17445311
0.27675435 -0.05299204 -0.14337626
0.40357104 -0.09645412 0.04131965
-0.27466434 -0.00842251 0.11641760
-0.24797356 -0.07968120 0.16033997
0.27116898 0.03260940 0.09973491
-0.13104290 0.10368361 -0.11150482
-0.18482052 -0.01500701 0.10274144
-0.25817564 -0.12158550 -0.12856421
0.24504991 0.03776760 0.09151092
0.14680806 -0.09649488 -0.05582532
-0.40242913 -0.07023712 0.14200163
0.29415786 0.02850707 0.13139781
-0.39050159 0.01473794 -0.13303606
-0.14374557 -0.03431996 0.16104603
0.19775657 -0.05856530 -0.03410066
0.20064411 -0.03868154 0.17086177
-0.38004062 -0.08233714 0.07903056
-0.13340813 -0.08661736 -0.16650495
-0.27396035 0.00579887 0.13161382
0.41847780 -0.04334064 -0.08989576
-0.15172863 0.04373252 -0.14054801
0.33056718 -0.10015471 0.09483658
-0.21921828 -0.10577118 -0.17031342
0.31680706 0.02551655 0.05318077
0.30438980 -0.00331555 0.16357656
0.24016571 -0.11566351 -0.15466703
0.32868749 -0.09894930 -0.02979048
0.00493984 -0.02141090 0.17126785
0.36160237 -0.09727171 0.02999970
0.41523618 -0.08152457 0.10147443
-0.05437967 0.12352952 0.02269233
0.28233415 -0.02023658 0.11658689
-0.10366666 -0.02820986 -0.14550456
0.17597418 -0.09535411 0.01946943
-0.28609133 -0.06751101 -0.12214429
0.22524942 0.00311587 -0.17426585
0.22448884 -0.03769564 -0.12851001
0.38725835 0.00058893 -0.03694467
0.16726063 -0.09412985 -0.07372568
0.19261114 0.04318364 0.04244562
-0.20877238 -0.04512660 -0.12331974
-0.13824871 -0.09747544 0.13114075
-0.20433031 -0.02280715 0.13159223
-0.33203492 0.05546924 0.01590850
0.10537942 0.07412703 0.07966138
-0.22113074 -0.11489364 -0.12239656
0.25722381 0.02795704 0.15405184
0.10705914 0.05038112 -0.16296194
-0.17195097 -0.04427266 0.11486745
0.21807954 -0.04210806 -0.11986912
0.02031966 -0.03404324 -0.17261901
-0.19428070 -0.03440522 -0.14749105
0.30532455 -0.09912098 -0.08360320
-0.19055220 0.00126632 0.17430361
-0.32166567 0.04696523 -0.12793356
0.33288139 0.02041556 0.08363861
-0.22165118 -0.01577120 -0.14438616
-0.05769174 0.12066212 0.05758801
0.26290131 -0.07666487 0.13638133
0.29034692 -0.03234515 -0.17187355
-0.15824398 0.01753151 -0.16457212
-0.11876614 0.11785010 0.08733275
-0.05165463 0.00392295 -0.16697165
0.07684907 0.09627750 0.02299643
-0.32736871 0.05312818 0.02933689
0.24486734 -0.12102736 -0.15541546
-0.24565278 -0.06491329 -0.16466776
-0.25167939 0.07241057 0.11720349
-0.25260621 -0.01941467 0.14096339
0.14259310 0.05719107 0.10679343
0.25755069 0.03552741 -0.01520061
-0.04543396 -0.03906916 -0.16745225
-0.21918765 -0.02597722 0.14949067
-0.14706603 -0.02757788 -0.08666412
-0.19378912 -0.09523091 -0.07224664
0.37437016 -0.05180956 0.16271515
-0.29413515 0.00570623 -0.16689318
0.43315277 -0.05105173 0.06442633
-0.10021659 -0.06779242 -0.17095436
-0.21344085 -0.00774634 0.17636026
-0.36306307 0.03398715 -0.14471792
-0.22499149 -0.09269163 0.09812052
-0.08000918 -0.06003706 0.09888092
0.38650444 -0.10041569 -0.10219721
0.16908793 -0.09984907 -0.08478409
0.12388805 -0.09343728 0.09750452
-0.16916566 0.09647851 -0.10073174
0.10896286 0.08054356 0.01118199
0.41608879 -0.01765661 -0.00697311
0.18471222 0.04503169 -0.07864683
-0.30253962 -0.00770677 -0.07986672
-0.40962327 -0.07160066 -0.10734598
0.11469849 -0.05746429 -0.02577858
0.35332474 -0.09764883 0.12672292
-0.42060599 0.00096539 0.07406050
0.08002281 0.08695593 0.10842529
0.19914359 -0.09558626 0.14581238
-0.25789168 0.00064348 0.17077695
-0.24346463 0.06025843 0.05590375
0.18668424 -0.02869782 0.15553851
-0.23834947 -0.08461922 0.15742366
0.28931776 -0.10865951 0.16059968
0.36753473 0.00924721 0.06143437
-0.24518968 0.05005295 0.02431821
-0.29191718 -0.02670105 0.17314962
0.23149747 -0.11908099 0.17264953
-0.18809503 0.04967802 -0.14697558
-0.22112125 -0.11640383 0.17198864
0.16574907 -0.09151769 0.10576486
-0.08345106 0.02297712 0.12669031
-0.00596082 0.10260206 -0.12243012
-0.03745156 -0.04084715 0.05372782
-0.40339485 0.01353838 -0.11704308
-0.16785297 -0.06264140 0.13818817
-0.24104562 -0.12314054 0.14957988
-0.04582678 -0.09613395 0.03559690
-0.14008334 -0.09572808 0.08677293
0.08792289 -0.09686416 -0.16526787
0.41486427 -0.01536760 -0.05816650
-0.36668599 0.04418151 -0.12425857
-0.21656491 0.09502985 0.06985222
-0.15134890 -0.10325593 0.16555901
0.32655048 -0.07228532 -0.17278677
-0.40738690 -0.07580306 -0.05230772
0.00070885 0.11782763 0.07348557
0.16255468 -0.09961014 -0.15520205
0.30439115 0.02862054 -0.01644215
-0.20859456 0.02689693 0.16520619
0.00207904 -0.05612182 0.03127213
-0.35990715 0.01152930 0.13898370
0.06648284 -0.03712966 -0.10886902
-0.22860850 0.06522912 0.13687918
0.03322950 0.11225285 -0.03046621
-0.21405332 -0.09200170 -0.04395720
-0.04164977 0.03460803 0.15481529
0.00070473 -0.05300147 -0.15999845
-0.28890318 -0.11875515 -0.13089867
-0.22302634 0.01256057 0.17492239
0.30781594 0.02605362 0.06615010
-0.40972963 -0.07593887 -0.02439385
-0.41004866 0.01188530 -0.07725418
0.24267893 -0.03702622 0.13257161
-0.39705184 0.04506411 0.03301056
0.22352619 0.03904451 -0.02219813
0.30570433 -0.08351300 0.15228419
-0.05396273 0.12434435 0.04088242
-0.26712456 -0.00533133 -0.14979066
-0.26973236 -0.05835734 0.10164815
0.03627496 -0.07365971 -0.17088090
0.26665804 -0.07589695 0.14183918
0.06438208 0.08770872 -0.12378743
-0.06436202 0.11857946 -0.09151416
-0.28114623 0.05702645 0.12197088
-0.00009049 0.11727259 -0.02767196
-0.29201609 -0.01830575 -0.13365795
0.39383546 -0.02444136 -0.12654875
0.30785352 -0.09938130 0.08161922
0.01239778 0.03155632 0.16031638
-0.40281266 -0.07241189 0.10418180
-0.19707084 -0.09389975 -0.00403259
0.04905644 0.02117289 0.17046966
0.16415523 0.04388135 0.12086314
-0.02755392 -0.09368254 0.09189247
-0.24874982 0.00373825 -0.15756567
-0.16348474 -0.01767270 -0.16807729
0.20342258 -0.09433995 0.01074296
0.00956729 -0.07468614 -0.16652294
0.04259094 0.03331387 -0.15976790
-0.22839731 -0.04379325 0.15703753
0.28706664 -0.04132469 0.10786489
-0.08809066 0.12151040 0.02803870
-0.26338717 -0.00476477 0.15346430
0.27649397 -0.01019147 -0.13315907
-0.13330609 -0.09512839 0.13135906
-0.01314352 -0.08160133 -0.16909522
0.29941717 -0.06640376 -0.15847075
0.23562200 -0.04044364 -0.17062092
-0.10886843 0.09588727 -0.12539196
0.00897402 -0.04689156 0.09803273
-0.28025523 0.04928994 -0.14893588
0.00817170 0.11716471 0.03974854
-0.15811628 0.09567643 0.11751083
-0.18208048 -0.03377381 -0.08994715
0.04029663 0.05467311 0.14452071
0.29292798 -0.10357340 -0.15695196
-0.08751673 0.01965524 -0.16435021
-0.23138683 -0.09463018 -0.08372727
-0.29292822 -0.09156173 -0.06445330
-0.29732487 -0.07347675 -0.08732322
-0.03048015 0.01396100 0.16815461
0.35153383 0.01552460 -0.01018021
-0.39518055 0.00501339 -0.14084511
-0.20573449 0.08024531 -0.08473502
0.04556168 0.05854230 0.14703520
0.09184865 -0.09520324 0.10319330
-0.20085599 -0.02251630 0.00333894
-0.28292328 0.05650169 0.11860679
-0.11264188 0.11887930 -0.05116528
0.29970020 -0.03479129 -0.16293794
0.38348642 0.01163467 0.05065699
-0.18046175 -0.09048689 0.11027481
-0.42040685 -0.06496157 -0.04988962
0.40488079 -0.02363881 0.08042019
-0.23710506 0.00530272 -0.03644606
-0.03114852 -0.09327527 -0.03587216
-0.41486698 0.00011398 0.08603952
-0.07433328 0.11870476 -0.08300340
0.18835157 0.04423260 0.02564142
0.36524719 -0.00378420 -0.14074540
0.09579659 0.02987398 -0.15992340
-0.29747093 -0.06709238 -0.13658638
0.25861433 -0.05728507 -0.14479937
-0.40127423 -0.02290209 0.13022837
0.29694086 -0.09700959 -0.14932458
-0.09225561 -0.01233258 -0.17224826
0.25215566 0.03735652 0.05147416
-0.30278277 -0.06881327 0.13440895
-0.26602849 -0.09283408 -0.07716066
0.09459064 0.04225520 0.12708735
0.30770335 -0.01843335 0.14122698
0.43445837 -0.04765198 0.00013511
-0.27592558 -0.08201434 0.15155230
0.08292482 -0.09482936 -0.11693727
0.27625665 -0.00347263 -0.07085289
-0.10300368 -0.09649665 0.01230415
0.33524445 -0.03624686 0.16280386
0.14517900 -0.05056437 -0.16660164
0.27374655 -0.01507319 0.09882414
-0.21653925 -0.00574845 -0.14609890
-0.12272961 0.11690155 0.06972122
-0.15494663 0.11184657 0.02950001
0.02747469 -0.07741166 -0.15540938
-0.37362072 -0.00523058 0.15102255
-0.32829568 0.03740425 -0.12892786
-0.24172617 -0.05655885 0.17074378
-0.26487598 -0.00464167 -0.16526991
-0.25104541 0.05812106 0.04186383
-0.31809470 -0.08309497 0.16305952
0.36843303 -0.04708845 0.16283880
0.31531480 0.01543501 0.15705837
-0.13893390 0.04866179 0.14952287
0.33233875 -0.06970429 0.16977249
0.29433188 -0.02830814 0.12340388
-0.25964347 -0.12095398 -0.16228756
-0.26667520 -0.09476406 0.14531574
-0.26681075 -0.00576104 -0.12743630
-0.20990451 0.01359229 0.16904363
0.06719685 -0.07031037 -0.13832027
-0.18615460 -0.00116659 0.13464198
-0.23137151 0.05137669 -0.14407073
0.30080789 -0.06447335 0.12078772
-0.07658581 0.01981594 -0.07545015
0.27972201 -0.06894191 -0.15775764
-0.10229250 0.11743926 0.09107518
0.26880240 -0.09920990 0.16951582
-0.32512298 -0.05737618 -0.09456810
0.03695146 0.04251707 -0.15765327
0.24808867 -0.08822675 -0.15719272
0.26305422 -0.00332204 0.15034905
0.11595874 0.04755116 -0.08008199
-0.16751166 -0.06364197 -0.14345169
0.37093467 0.01364486 -0.02103509
0.16380507 -0.09430381 0.13419637
0.10077804 -0.09563200 -0.16544570
0.35193080 -0.04050814 0.16788961
0.19856361 -0.05231321 -0.15584254
0.09001814 0.05550526 -0.13726808
-0.17032276 -0.09447930 -0.14530356
-0.41073436 0.04057771 0.03180116
-0.38870165 -0.07287955 0.07344405
-0.14655104 -0.09631740 -0.01356843
0.25530380 0.00957807 -0.00006614
-0.32344383 0.05893782 0.08598033
0.30600137 -0.09311604 -0.15665385
-0.33859006 0.04504077 0.12777682
0.16741043 0.05155841 -0.02639843
0.29868975 0.02458157 0.13701229
-0.07231632 -0.01277447 0.17312393
0.30164319 -0.07322976 0.15340003
0.32713100 -0.03717672 -0.16649920
0.20899329 0.04585791 0.04649766
-0.36450446 -0.08175097 -0.06858819
-0.35314396 0.04913204 0.07641811
0.11345809 -0.02642309 -0.02832372
-0.39127266 0.05614262 0.00900161
0.29765180 -0.11169097 -0.17192729
-0.12398367 -0.09758165 0.00802634
0.20638305 -0.09940136 -0.09564929
0.18301727 -0.05285870 -0.13541996
0.19021679 0.04471544 0.09822126
-0.28605187 -0.12124795 0.17303908
-0.28572601 0.06757056 0.06012569
-0.37637711 -0.07819735 -0.05290329
-0.22748299 0.00442063 -0.11561570
0.36233109 0.00105038 0.12468209
0.15253477 -0.09542863 0.06460655
-0.29707441 -0.07304309 -0.12379622
-0.06288381 0.04168499 0.06554255
-0.40399462 0.04149000 0.07065479
0.30567613 -0.09386334 0.13162899
0.13039584 0.05345003 0.04276915
0.24938387 -0.09425176 0.15851155
0.39782459 -0.09469795 -0.13092363
0.15279551 0.03865091 -0.15289751
-0.37268612 -0.08050012 0.05074631
-0.03025259 0.07703269 -0.13630296
-0.26273325 0.04428558 -0.15384687
-0.02927253 -0.07495994 -0.15571566
-0.02223920 0.11797825 -0.02033328
-0.28339136 -0.05431374 -0.16475016
0.28899959 -0.07218408 -0.11395873
0.16631220 -0.09675232 0.10867770
-0.29936436 -0.07505190 -0.17116886
-0.13695841 0.10952975 -0.11259260
0.12507668 -0.00433754 0.09863901
0.04959264 0.00142115 0.16803500
0.31258526 -0.00766270 0.11871807
0.33877999 0.01422807 0.10397988
-0.33687100 -0.08990455 -0.00871874
-0.31896237 -0.08846902 0.05006884
-0.30280811 0.05961853 -0.01189984
-0.06520306 -0.09757277 0.02386492
0.37903234 -0.00573301 0.11979473
0.19716702 0.03505690 0.13256541
-0.34792894 0.04208177 -0.13938844
0.30071566 -0.04811808 0.16195787
-0.25814909 0.07791428 -0.03533429
0.22525364 -0.00597843 -0.13510333
0.32358748 -0.05268252 -0.17301875
-0.16695075 -0.02594873 -0.07052976
-0.41908675 -0.07360823 0.00305656
0.29142743 -0.06173551 0.13756934
-0.24909525 -0.09840299 -0.15367743
0.17185570 -0.09597331 -0.02477559
-0.28052151 -0.00334529 -0.14842676
-0.20172109 0.10294832 -0.04893094
-0.24876767 -0.00309739 0.14632478
0.25986502 -0.01543581 0.13821349
-0.10143157 0.11832623 -0.08452264
0.25420907 -0.00157174 -0.09126396
0.16137938 -0.03815182 -0.17577279
0.11425681 0.07415706 0.07376057
-0.37770757 -0.07598230 -0.04502513
0.17281193 -0.06189615 -0.17563242
0.41286820 -0.04403135 -0.01611598
0.28945810 -0.00554458 0.17451620
0.21649580 -0.11908526 0.16532034
0.00651142 -0.09802634 -0.05864302
-0.19561395 -0.09436005 0.10535739
-0.23937477 0.09086991 0.03491282
-0.00661528 0.03082064 -0.16145381
0.21749297 0.03198722 -0.12671825
-0.26808232 -0.01136123 0.12198611
0.29322049 -0.07163855 -0.09910167
-0.41071483 -0.06461586 0.07419413
-0.32605955 -0.04538622 -0.12822142
0.33122644 -0.08327537 -0.15829150
0.13075827 -0.10042323 -0.14718273
0.17285503 -0.01745784 0.17001624
