0.38081652 -0.06949440 0.10225075
0.12801719 -0.06391516 -0.02194205
0.25510368 -0.00267641 -0.13822357
-0.09963021 -0.07870750 0.05473205
-0.22655642 -0.11099607 0.16205049
-0.04634182 -0.03728597 -0.16076772
0.21033123 0.03397744 -0.01368874
-0.03455854 -0.00411605 -0.07640379
0.00012122 -0.07782691 0.01161601
-0.07624116 -0.04936346 0.09496753
0.21067294 0.03915188 0.05105096
-0.44195506 0.03354807 -0.08566460
-0.18748830 0.10446949 -0.03690211
-0.04177098 0.01981073 -0.15914001
0.32116333 -0.04880279 -0.10092356
0.00800131 -0.04991132 -0.05666360
0.38859078 0.02242286 0.07909293
0.30103743 -0.06859674 0.01463577
-0.42519057 0.02949018 -0.15562406
-0.42846945 0.01679880 0.07936563
0.25491813 -0.04094160 0.12525992
0.31067482 0.01934693 -0.15502369
-0.17163128 -0.04426248 -0.04574357
-0.05992772 0.03856215 -0.14482108
-0.06548454 0.00622469 0.06742637
0.42325211 -0.00665981 -0.15747726
0.23330647 -0.00103361 -0.14547788
0.09701812 0.07290027 -0.07446920
-0.28027147 -0.08567522 -0.15721217
0.34233490 0.02708493 -0.03571413
-0.16946667 -0.02263218 -0.14826195
-0.23920456 -0.01185712 0.16101554
-0.22561990 -0.10740873 0.15517233
0.10151078 -0.02927741 0.15841731
-0.21463691 -0.04423779 0.15492983
-0.16805454 0.05473635 0.14245465
-0.43768808 -0.02703945 0.15835491
-0.24030405 -0.04796645 0.15367837
-0.38425967 -0.05505706 -0.07397766
0.26871136 -0.03192947 0.14090233
0.31003734 -0.07837400 0.11083862
0.25425971 -0.03683530 -0.07995687
-0.00219603 -0.02988947 0.03371675
0.16579674 -0.06244804 -0.15193284
0.21503823 -0.07561783 -0.15520741
-0.19406027 -0.04398194 -0.09081297
0.08454667 0.09596742 0.04304310
0.42399293 0.01194660 -0.10867688
-0.04028324 -0.06452576 -0.06573975
-0.36357158 0.04143879 -0.15743321
0.11494835 0.00079272 -0.16217960
0.23242901 -0.02275639 -0.11517719
-0.13311753 -0.03651214 -0.10296521
0.37327510 0.02657825 0.02449330
0.22702675 0.02122046 0.15811539
0.18263668 0.03275856 -0.05617615
0.33605444 -0.01701816 -0.07186310
0.12322560 -0.08301355 -0.11078348
-0.42543170 -0.03684288 -0.07135470
-0.42369005 0.02387373 -0.00991662
0.04821523 0.07661470 -0.09047750
0.22954234 0.02551403 -0.04109108
-0.28963172 -0.03817108 0.12135977
-0.05999420 -0.02368172 0.13339128
0.39998439 -0.03106476 -0.09747295
0.06863905 0.09510745 0.02218768
-0.17334160 0.05660189 0.12420639
0.15511012 -0.08262693 -0.03608342
0.11078657 -0.07165015 -0.00964846
-0.11270206 0.04201347 -0.13831966
-0.25365841 0.03396549 -0.14364102
0.40728945 -0.02354556 0.12959771
-0.25310498 -0.10202266 -0.12639871
0.28438482 -0.07308438 -0.10529771
0.14796756 0.04452812 -0.03888893
-0.35213998 -0.06648077 -0.07135867
0.36785105 -0.07034941 0.06919841
-0.44156522 0.03142947 -0.03206179
-0.22870797 -0.00070399 0.16461414
-0.05596957 0.01771249 0.14958580
-0.45402396 -0.01278012 -0.03543349
-0.08080871 -0.00098028 0.11852725
0.42992571 0.00909025 -0.04583152
0.19473511 -0.02455286 -0.14100514
-0.31512648 0.04835975 -0.08519208
0.41770709 -0.06501753 -0.01937736
0.04108078 0.02126005 0.13191909
-0.36756295 0.05260697 0.09020659
0.07458550 0.01795056 0.15042797
0.16341886 -0.07833318 0.00860560
0.33031562 -0.04784714 -0.07397130
0.33454975 0.02797225 -0.06274907
0.25016296 -0.03313985 -0.06161923
-0.42967343 -0.05054924 0.14732605
0.19240376 -0.07666101 -0.10812272
0.28784332 -0.07106607 0.13154894
0.15929149 -0.07968596 0.07839856
-0.24734391 0.04685875 -0.03594921
0.35227734 -0.06909590 0.06415410
-0.06122221 0.01622360 -0.10678284
-0.24974154 -0.04600953 0.14623541
0.10859126 0.02277787 0.15435261
0.19177400 -0.01549356 0.09030033
-0.18896092 -0.10039738 -0.16022453
0.04093834 0.02516793 0.13639063
0.15301777 -0.07574584 -0.14916614
-0.15120934 -0.04389004 0.15497431
-0.06778815 -0.07891420 0.09108364
0.24537142 -0.07860676 -0.06911188
-0.27389520 0.00444081 -0.12859908
0.24103294 -0.09509607 -0.08658069
-0.03285054 -0.02467038 0.16304426
0.08809445 -0.07940774 0.05164192
-0.33131644 -0.01960572 0.15851820
0.06194250 -0.07767031 0.01353642
-0.31821245 -0.05894957 -0.15650767
-0.28418425 -0.08406401 -0.06392785
0.13458462 0.04408819 0.11877915
0.04850936 -0.04759361 -0.03701976
0.21158226 -0.03213810 0.15052623
-0.16113734 -0.03402723 -0.03140270
0.23014997 -0.01638575 0.15644215
-0.10921889 -0.01434861 -0.16413523
0.14579222 -0.07517290 0.02738679
-0.19343749 -0.03171129 0.14676534
-0.01481968 -0.02340331 0.13283327
-0.42937323 -0.00297640 0.12725544
-0.38269833 0.04152002 -0.07546733
0.18674789 -0.00844640 -0.16463169
-0.39864826 0.02761895 0.12056083
0.02234732 -0.06404984 -0.11877970
0.31461883 -0.09682012 -0.09247912
-0.09710861 -0.08137365 -0.02622895
-0.03967780 0.10947840 0.11336505
-0.08572516 0.11086206 0.08226410
-0.30006921 -0.06005480 0.10959619
-0.07015865 -0.07114978 -0.11676588
0.01723711 0.01558969 0.16158296
-0.01350886 -0.04530267 0.02427754
0.08288147 -0.07907977 0.02588661
0.27257633 -0.02406712 0.12744471
-0.38331705 -0.06216199 0.10311645
0.30219623 0.02888188 -0.09564207
0.44275436 -0.02815986 -0.10598505
-0.17758881 -0.02050080 -0.02392368
0.34822917 0.01842445 0.04166901
-0.31238037 0.02704331 -0.15393974
-0.04575198 0.07463065 0.01193014
-0.34686801 0.05451242 -0.00167827
0.38776943 0.02098610 0.13053545
-0.17246798 -0.08025545 -0.02553614
-0.34756249 -0.06624644 0.00446106
-0.06745420 -0.06017484 -0.15774557
-0.21867508 0.06266678 0.07256270
-0.43011659 0.01774950 -0.15652360
-0.27666688 -0.11777011 -0.13192460
0.00070109 -0.05354702 0.15935487
0.15581325 0.03191006 0.12237427
-0.43687272 0.02569185 0.11463521
0.39009300 -0.00386156 0.15024440
0.13242304 0.05185576 0.10841782
-0.01788360 -0.04220938 -0.15684697
0.22342798 -0.01371408 -0.09872460
0.03027709 -0.04496158 -0.07861873
0.15497670 0.01199240 0.15610936
-0.25017890 0.00753569 0.13114610
0.23552099 -0.02953952 -0.09036179
-0.39672729 0.03966150 -0.12896053
0.40689886 -0.06550345 0.08604093
0.27936453 -0.01355772 -0.15960197
0.16016702 0.03051563 0.14851037
-0.24418713 -0.07132705 0.15544221
0.03396535 0.01427962 0.15767260
0.35289621 -0.06026720 0.09868883
-0.23572251 0.03801332 -0.15905730
0.13864459 -0.00584211 -0.11587016
0.34718430 -0.03536753 0.15446344
-0.18682927 -0.04234962 0.11987042
-0.33910242 -0.05598299 -0.10167803
0.01922800 -0.02015034 -0.13252740
-0.30186778 0.05589208 0.11763458
-0.20094959 -0.07661648 0.08499344
-0.13043979 0.02270667 0.16111779
-0.42893106 0.00452575 -0.14016517
0.14863771 0.04394563 -0.03597876
0.05816215 -0.02013756 0.10023929
0.41380510 0.01272588 -0.00818056
-0.25387907 -0.05344009 0.03252576
0.16991739 0.03025679 0.04933627
0.29256812 0.03561146 0.06314527
0.40151602 0.01650922 0.05955212
-0.23793948 -0.00530233 0.13462508
-0.15210760 0.01849304 -0.13358769
0.05588239 0.05747142 -0.12867050
0.04344271 0.10237953 -0.04886443
0.06996827 0.07268039 -0.11253595
-0.04057772 -0.07839042 -0.05690136
-0.36803311 -0.05226130 0.01710102
0.15378989 0.03478588 0.10626690
0.26712152 -0.07690714 0.02407644
0.17638826 -0.07678121 -0.05065697
0.21087629 0.03976341 0.04122512
-0.13126314 0.10121083 -0.04363115
-0.08172439 -0.04248139 -0.00929346
-0.08469802 0.02536916 0.16053635
0.31185639 0.00239817 -0.05181948
0.42157510 -0.04820260 0.06743544
-0.13849302 0.11132576 0.04962948
0.25784808 0.00470560 0.16252631
-0.03593283 0.00827392 -0.16084771
0.41730103 0.00427477 0.06714004
-0.00457069 -0.07663609 -0.15088183
0.22197197 -0.08618210 -0.12608640
-0.02275287 -0.05539219 0.01798792
0.37604737 -0.06976897 0.14841010
-0.21221969 0.04051691 0.15403162
0.07161239 -0.06816669 -0.02077732
-0.28266534 -0.07008435 0.02171600
-0.33956078 -0.05698219 0.11655675
-0.29710215 -0.03600349 -0.10938171
-0.37444672 -0.02152376 0.14205806
-0.44672236 -0.04053448 -0.08394957
0.09009404 -0.07148259 0.01033475
-0.42570442 -0.04880330 0.00580132
-0.40001079 0.04109553 0.01980899
-0.16424465 -0.03405146 -0.15917890
0.23774143 0.03433228 0.07286403
-0.39785206 -0.05835033 0.05920617
0.41914508 -0.02564569 0.03257107
0.08407284 0.01467029 0.16022384
0.32922053 -0.09798609 -0.11467886
0.32454866 -0.09750550 0.15567090
-0.35731325 -0.05794248 -0.01355202
-0.17132953 -0.07944447 -0.07049564
0.08297188 0.08121618 -0.09847940
-0.34215274 0.04249548 -0.14805523
-0.00415915 -0.02352026 0.12404373
0.25579521 -0.10204273 -0.11024227
-0.43963385 -0.00016614 -0.03184709
-0.05225568 0.10940962 0.11098337
-0.17089288 -0.04592026 -0.08875452
0.35735720 -0.06671315 -0.01364659
0.10366901 -0.06752820 0.15398604
0.22520374 0.03515561 -0.06138546
-0.24960722 -0.02897957 -0.11526167
0.09319598 -0.04358722 -0.03803428
-0.24987803 -0.11972373 0.15432751
0.42969099 -0.05445468 0.10939908
0.37005803 0.02601508 -0.01290306
-0.42769337 -0.03061012 -0.04170023
-0.41315740 0.05060924 0.08415239
-0.18014561 -0.09619251 0.13877323
0.25256279 -0.10967691 0.15688111
-0.05470146 0.02441849 -0.14410380
0.16017450 0.02794575 0.14035091
-0.08641043 -0.05256363 0.16272157
0.10610392 -0.07924005 0.05832487
0.14150667 -0.04637071 -0.01187620
0.23281504 -0.08651302 -0.11574885
0.18274824 0.01704103 -0.15584019
0.21648072 0.02001535 0.15062705
-0.26620072 -0.04866403 -0.12528113
0.36500451 -0.04525826 0.11407308
0.44051957 0.00717982 -0.01515345
-0.00941173 -0.07447757 -0.03615032
0.29032463 -0.09882959 0.11006952
0.19683212 -0.07665309 -0.14668159
0.05729244 0.10590135 0.02427348
0.05509787 -0.07962396 -0.06335765
-0.04662846 0.01078078 -0.02308918
0.40587434 -0.06682365 -0.02928983
-0.24128498 -0.07179124 0.00666704
-0.09001512 0.02610917 -0.15681976
-0.03756173 -0.00538820 0.05654431
-0.25071648 0.06627527 -0.12816399
-0.18492237 0.05621092 -0.07422771
0.10459328 0.07678560 -0.04952311
-0.16613458 -0.07420890 -0.09661642
-0.21840596 -0.06558102 0.10641943
-0.12849271 -0.07481792 -0.06251364
-0.31875226 0.04612530 0.10051401
-0.09072360 0.03352648 -0.14899835
0.31255656 0.02452165 0.11982204
-0.18107526 -0.01738160 0.16209976
-0.04533197 0.07304516 -0.02371746
0.09854361 -0.08286333 0.07455438
0.30611685 0.03126545 0.06158539
0.13111967 -0.08622763 0.06318090
0.09608892 0.03191357 0.14798743
-0.17110305 -0.01638842 -0.14772744
-0.27989161 -0.04021779 0.12376074
-0.41808367 -0.00469634 0.06344715
0.03762564 0.04140982 0.14587688
0.30273089 0.00169654 0.15353425
0.32904562 -0.07173103 0.03548720
-0.05844672 0.10796572 -0.10117786
-0.02310658 -0.07739091 0.12271237
-0.24647403 -0.08362219 -0.13001630
0.25316045 -0.10566032 0.15725239
-0.27912587 -0.08600444 -0.12855479
-0.34181696 -0.03812692 0.15505683
-0.15449570 -0.05664090 -0.06717233
0.08899616 -0.04248352 0.16175281
-0.02849326 -0.01159785 -0.13616566
-0.13033333 0.04149933 0.12193149
-0.19979115 -0.08862487 -0.13675117
-0.11451439 -0.06725074 -0.02895326
-0.32061416 -0.07284136 0.10666223
-0.43823883 -0.00911370 -0.15097411
-0.14343436 0.01969725 -0.12695384
-0.41605833 0.01559183 0.06301043
-0.11096835 0.04296826 0.14871214
0.43291980 -0.05153949 -0.08592431
0.13823038 -0.02422100 0.02467421
0.20340145 -0.03028189 0.12885500
-0.01404553 -0.07861558 -0.08027487
-0.08275530 -0.05690683 -0.02698158
0.39803874 -0.06823574 -0.15124284
-0.43169317 -0.04990396 -0.10043863
0.03523592 0.09509957 -0.11406491
0.03935721 -0.04556952 -0.10415477
0.09598990 0.00117931 -0.16225553
-0.33892009 0.04953001 0.13414185
-0.12188496 0.10115087 -0.10150257
0.26818132 -0.07438382 0.00434185
0.13643505 -0.08284279 -0.03919363
0.26372403 -0.00729636 0.16361345
0.32722610 -0.07490528 0.06766890
-0.08506842 0.05213057 -0.09976134
-0.19431210 0.10125609 0.03683063
0.19212894 0.03944145 0.05738814
-0.43824118 -0.00941120 0.01033287
-0.24422680 -0.00355015 0.10359901
0.44346267 -0.03923345 -0.01120406
-0.17956376 0.09306541 0.03661966
-0.03579230 -0.04833481 0.08129485
0.29463443 -0.10240444 0.15139666
-0.00287629 0.11840548 -0.01917619
0.14489153 -0.06876265 0.14983593
-0.18074371 -0.03125471 -0.15486963
0.11549979 -0.07619750 -0.05557480
0.42579809 -0.00855841 0.07425211
-0.37273899 -0.05567061 0.04865605
0.31914493 -0.04820306 0.13653868
-0.09694171 -0.08317716 0.08145535
-0.14149193 0.10883253 0.04977346
-0.40753496 0.04314124 -0.02736527
0.42307681 -0.02203671 0.06817313
0.39604765 0.00154935 -0.10684408
-0.23300537 -0.07136511 0.03076060
-0.44183823 -0.04045766 0.10135676
0.36497995 0.02561045 -0.05220406
0.09861259 0.00271142 -0.11897267
0.24152960 -0.05440846 0.15650953
-0.25957680 -0.01209045 0.10919458
-0.20270813 0.00603808 -0.08239576
-0.24091883 0.05565261 -0.12066733
-0.29964408 -0.06164449 0.02762141
-0.21100684 -0.08414374 0.15619370
0.16296601 0.03446424 0.07292771
-0.16766927 -0.04225175 0.02176604
0.18368401 -0.01028740 0.13789336
0.13534635 0.03702847 -0.07788765
0.23603067 -0.04173243 0.15706351
-0.01845364 -0.04858828 0.16110109
-0.43871331 -0.00668556 0.00633621
-0.09462948 -0.02949439 0.01899748
-0.24731886 -0.07302510 -0.01838230
0.36948872 -0.06581964 0.11312920
-0.01162389 -0.03647716 -0.00942178
-0.31322968 -0.08466799 -0.11408666
-0.23449159 0.08295245 -0.11352853
0.04391333 0.04121965 -0.14584880
0.01992284 0.11068986 0.10384968
0.07914748 0.01496742 0.02275498
-0.28715229 -0.05886643 -0.12718581
0.23145108 0.03457075 0.07835145
0.07681093 -0.06897899 -0.00934228
0.24632269 -0.03981879 0.15615177
-0.22576453 -0.00790492 0.13713126
-0.42612609 -0.03181981 -0.14798442
0.30997437 0.00696754 0.13461548
0.11640971 -0.01188807 0.16057003
-0.08936948 -0.07499337 0.11383682
-0.37218007 0.04953124 0.04424728
0.01834475 -0.04150858 -0.13286825
-0.14036776 -0.07432446 -0.10466685
-0.23600876 -0.00940271 -0.09486544
0.15609851 -0.08469779 -0.12568028
-0.27804595 -0.05117838 0.14755554
-0.19497173 0.06494347 0.13100664
0.41013604 -0.06698060 -0.02752956
0.03874715 -0.08211279 -0.08010722
-0.18725957 0.09184338 0.11608179
-0.11947326 -0.05192420 0.16157186
-0.37269852 0.05225783 0.06632546
-0.14031170 -0.05987593 -0.11804496
-0.19764099 -0.06035321 -0.12786911
0.35774103 -0.06885759 0.02457372
0.29846409 -0.01083596 -0.15537600
-0.19900368 -0.11233446 0.15266745
-0.24000354 -0.03514411 -0.07729823
-0.36631185 -0.06035404 0.00242951
-0.35739854 -0.06797580 -0.04099840
-0.20070288 0.00573465 -0.12494162
-0.35964862 -0.06092981 -0.07362908
-0.11694323 -0.08163238 0.05681642
0.29359984 0.02947563 -0.09961027
-0.17509869 -0.03398605 0.14782439
0.30383131 -0.07342409 -0.01644788
-0.05249560 -0.08082284 0.07447889
-0.16321771 -0.07802559 0.01967424
0.34409678 -0.03958984 -0.14642616
0.25893849 0.03462797 -0.03622772
-0.28667906 -0.00932668 0.13911030
-0.16589978 -0.04012232 0.11775903
0.21565618 0.03145309 0.11405656
0.29680616 0.00105803 -0.06554125
0.44855526 -0.03119493 -0.02813516
0.32957318 0.02640156 -0.11075336
-0.43405017 -0.01137862 -0.01063444
0.04148243 0.06665127 -0.12135991
-0.16001703 -0.02157731 -0.12114149
-0.29908741 0.04715627 -0.01536235
0.15415744 -0.03874433 -0.11563163
-0.19176261 -0.08919932 -0.15648520
0.13479847 -0.08195845 -0.06166095
-0.02282659 -0.03112529 -0.12094072
-0.19118918 -0.03879016 -0.10692721
-0.23803876 -0.06728090 -0.01499310
0.31624416 -0.00645842 0.14148156
-0.16007189 -0.00321029 -0.10108426
0.26923305 -0.03478856 -0.13908866
-0.43932196 0.01185700 -0.10603071
-0.19583400 0.03755274 -0.15256561
-0.11640002 -0.04078761 -0.04120268
-0.13292688 -0.07591972 0.00720027
0.32543236 -0.10028539 0.12037813
-0.20493001 -0.02530491 -0.06290068
-0.16878407 0.09072259 -0.10979292
-0.18643305 -0.01485321 0.07860452
-0.08621603 -0.07215793 0.03058510
0.09831831 -0.04710772 0.00002685
0.17040436 -0.08338557 -0.15590131
0.19180417 -0.02031476 -0.01429445
0.20635197 -0.01242364 -0.10594292
-0.23705225 -0.01774262 -0.14304817
0.10720461 -0.04954038 0.01342713
-0.20097968 -0.07363002 -0.07476241
0.44280222 -0.03955647 -0.06117843
-0.07977457 -0.07946906 -0.05880243
-0.43472207 0.00662180 0.02595615
-0.12068311 -0.08079890 -0.02870489
0.20740592 0.03337639 0.03441959
-0.15148039 -0.08210909 -0.04955059
0.38856807 -0.06629876 0.08345293
0.31074980 0.00230977 0.04394332
-0.33805156 -0.06469773 0.08524065
-0.02236051 -0.03334916 -0.12389441
-0.25889456 -0.01246645 0.13169697
-0.30204052 -0.06990986 0.01283945
0.43258584 0.01081745 0.10455265
-0.18627548 -0.07860713 0.01066406
-0.16466832 -0.07473902 0.11856634
0.28081775 -0.07261687 -0.08786520
-0.43027797 0.03228711 -0.07786041
0.40239885 0.01938106 -0.02262193
0.41562629 -0.05591927 -0.14243811
0.37951666 0.01755651 0.15178145
0.23469765 0.02789797 0.11845789
0.25101787 -0.00995282 0.16072142
-0.32049155 -0.06358165 0.07760446
-0.34287688 -0.07222211 -0.14765315
-0.11772621 -0.07546964 0.14663126
-0.24458718 0.04496500 0.12672813
-0.15749653 -0.08061625 0.07616515
-0.19237521 0.04733944 -0.10319445
-0.44076750 -0.02694776 0.06728720
0.39408886 -0.02654506 0.01357641
-0.15484214 -0.03404354 0.08022202
0.10458872 -0.01522453 0.13875063
0.05551102 -0.08335492 -0.07078320
-0.31348822 -0.02664309 -0.02959353
0.25109223 0.03684456 -0.02767193
-0.18927516 -0.02360367 0.10486862
-0.21323404 -0.11920848 -0.15646222
0.23896559 -0.06208519 0.13195048
-0.16980216 -0.03413790 0.06482365
0.43660340 -0.04968718 0.03296916
0.25966275 -0.05419322 0.12116873
0.08236689 0.08862087 -0.07868163
0.11455148 0.04141582 0.09143499
-0.00170990 0.04647394 0.11140933
0.42561993 0.00387414 0.05715577
-0.23539406 0.08255445 0.03428639
0.23234674 -0.07741453 -0.13116416
-0.32314882 -0.05715105 0.10275909
0.31320909 0.02468858 0.03946795
-0.22381218 -0.06190977 -0.15618558
0.32247829 -0.01089042 0.11684634
0.04711789 -0.06233162 0.00829308
-0.32312432 -0.04904783 -0.13545182
-0.40425879 -0.05925478 -0.12049510
0.00523404 0.05690902 -0.10172652
-0.15993939 0.02132342 -0.15979928
-0.24529299 0.03369829 -0.11629631
0.30585754 -0.00867586 0.14402801
-0.18880436 -0.01923090 0.14523467
0.15857932 0.00490786 -0.16169196
-0.20304459 -0.07921461 -0.15002589
-0.30653203 0.02164064 -0.15857546
0.20124708 -0.01997931 0.09740736
0.04770551 -0.06197850 0.11627001
0.03562332 -0.06102223 0.15696788
0.39884663 -0.02460097 0.13030425
-0.14134559 0.06889114 0.13521504
0.32834774 -0.06957600 -0.10496144
0.20748848 0.03002628 -0.14412886
0.32778472 -0.01059971 -0.11259000
0.22610985 -0.04537093 -0.02950647
0.18229870 0.03479249 -0.11161415
0.11362040 -0.07874706 -0.05686656
0.20310169 -0.07872298 0.11956041
-0.34075412 -0.06100401 -0.08021732
0.00894093 -0.07871012 -0.13943480
-0.29650739 -0.06892531 -0.12894030
0.18873592 -0.02198085 0.16158739
-0.18065321 -0.03888539 -0.15408769
0.09031084 0.05638685 -0.13523136
0.21574639 0.03227012 -0.03360128
0.01805465 0.01431086 -0.12375329
-0.07426520 -0.03566520 0.14694126
-0.10507403 -0.07464813 0.00306322
-0.43944949 0.02966585 -0.05835704
-0.16438293 -0.07308576 0.03400191
0.44084436 -0.04656421 0.02447445
-0.22841592 -0.03343927 -0.00285886
0.10651895 -0.08001059 -0.15285407
0.01630620 -0.03395604 0.15777354
0.27820575 -0.01514612 -0.13344781
-0.32435700 0.05737351 -0.05757604
-0.13376324 -0.07992433 -0.05261648
0.11613422 -0.08624066 -0.13906471
-0.01218515 0.11812872 -0.00437568
-0.27599442 -0.07034367 -0.05277525
-0.22705057 -0.02720615 0.07839105
0.06303613 0.07410219 -0.10934083
0.20814452 -0.02419555 0.00143466
0.29718828 -0.07584424 -0.01974332
0.06033351 -0.08296125 0.05700504
-0.27378175 -0.01251300 -0.12042014
-0.28370374 -0.06886015 0.09497268
0.23541984 0.03175131 -0.01163468
0.20889507 -0.06748070 -0.14133291
0.09438665 0.00855546 -0.15642366
-0.42922208 0.03240313 0.03163491
0.15807389 0.03558384 0.00115128
0.33636716 -0.06217508 -0.13994330
0.01251872 -0.07728616 -0.02118839
-0.06947277 -0.07905120 0.05117584
-0.19769883 0.02016716 -0.01455896
0.22563575 -0.04685046 -0.10566084
0.31611812 -0.06769386 -0.00378280
0.37980875 -0.02150396 0.15171221
0.27665290 -0.03810120 -0.11439399
0.18490675 -0.01037837 0.15771529
0.44261178 -0.03761423 -0.06219112
0.03571365 -0.07793893 0.07970742
-0.01303335 -0.07889923 0.01773644
-0.10888546 -0.08179756 0.05589562
0.17068602 -0.08308986 -0.03864568
-0.16910686 0.10225482 0.08633572
-0.23266393 -0.05359569 -0.15338439
-0.22899090 0.09292379 -0.03533391
0.19523734 -0.05089541 0.15872197
-0.17051244 -0.01951985 0.16621830
-0.35243940 -0.06290703 0.05715279
0.31488639 -0.00825210 -0.09358403
-0.29256642 -0.06757096 -0.05278904
-0.25762284 -0.09727980 0.16063195
-0.00428065 0.05198027 0.14234568
0.22515112 -0.07256718 -0.08157597
-0.18054633 -0.05663590 -0.07009839
0.02797466 -0.00502293 -0.14296140
-0.39593342 0.04421871 0.00394710
-0.27153486 0.06822086 0.03006708
0.34241337 -0.05849384 -0.15822908
0.35542646 -0.05132220 0.16409251
0.19603592 0.03642987 0.06566168
-0.22609557 -0.01179476 -0.15723932
0.42681813 -0.06275491 -0.05416319
0.08649072 -0.07484283 -0.03714040
0.28948888 -0.02603488 -0.10717980
0.41175002 -0.06554780 -0.05388419
0.06851903 -0.08197271 -0.02767414
0.41421241 -0.00358644 -0.15845256
-0.04114640 0.00768364 -0.05577643
-0.39736897 -0.00369742 0.15977609
-0.03280916 -0.05944056 0.15340772
0.21075784 -0.03141108 -0.12286375
0.36385250 -0.02743410 -0.15387785
0.05272783 0.00802269 -0.16256373
-0.05285681 -0.04314161 0.15540622
-0.14966831 0.07985826 0.00523601
-0.19070871 -0.09643470 0.13113667
-0.36445364 -0.05501539 -0.02463679
0.09112504 0.07582141 -0.00571647
0.10075322 -0.08085160 0.09306081
-0.05317743 -0.08014742 0.10323855
-0.43235013 -0.03096238 0.12509662
0.28440955 0.00813705 -0.16100562
-0.31587222 -0.07954694 0.12666392
0.17284067 0.03712996 0.02878949
0.12378433 -0.05051701 -0.00396316
-0.39908701 0.03752230 0.07249855
0.31821573 -0.10016767 0.11225056
0.29488128 -0.05870414 -0.15408115
0.15808807 -0.04928213 -0.15941614
-0.17655525 -0.08053201 0.15001090
0.20720065 -0.05135769 0.09261776
-0.08116265 0.00899780 0.16166881
-0.01953643 -0.05082918 0.09299835
-0.01701358 0.00600800 0.13746616
0.44285911 -0.03129456 -0.01582312
-0.08012801 -0.07805552 0.11604433
0.28846362 -0.08141190 0.12485903
-0.29815584 0.01110313 -0.16265683
0.14330445 -0.08081231 -0.01148419
0.41076219 -0.00702462 0.10072100
-0.12541467 0.08116073 -0.12730652
-0.24600063 -0.06811001 -0.00624762
0.38307157 0.02049640 -0.03398714
-0.12005246 -0.08157898 -0.06992195
-0.03907723 0.04115662 -0.14294584
0.07722279 0.04871826 -0.12575732
0.04398271 0.10972367 -0.04882474
-0.09464175 -0.03211891 -0.13652283
0.27191585 -0.11000209 -0.13044553
0.03804331 0.03512760 -0.14903609
-0.38993478 -0.03793118 -0.14399698
-0.20028591 -0.09110043 0.15725367
0.00527874 -0.07277203 -0.06212131
-0.26687419 0.07266032 -0.01589776
0.05865507 -0.06320614 -0.15418750
-0.25171250 -0.08771013 -0.15416880
0.33101225 -0.03631501 -0.16274185
0.41469654 -0.03831389 0.14091553
-0.23144819 -0.00862863 -0.12356287
-0.36947900 0.04847141 0.01809069
-0.14206153 0.08130343 0.05863635
-0.24030644 0.06609934 -0.12616825
-0.23423046 -0.07486729 0.08514423
-0.11755618 -0.08175761 -0.11697192
0.24345019 -0.06581701 0.15113255
0.16064538 0.02996148 0.03108799
-0.25386792 -0.07146628 0.03773226
-0.36889037 -0.06164344 -0.13588853
-0.17198239 0.01183134 0.07226618
-0.30520904 -0.06057755 -0.12037645
0.00309833 0.11659220 0.04336165
0.26843435 -0.00534294 -0.06389473
-0.17951822 0.09538002 -0.06562825
-0.05822081 -0.06563535 -0.10109724
0.18336181 0.03820577 -0.01712545
-0.11240923 -0.07393947 -0.11148714
-0.15227331 -0.07554774 0.02337859
0.31672385 -0.07618943 -0.14069490
-0.07841174 -0.08358170 -0.10221986
0.33909380 -0.01176936 0.08074933
0.36286941 -0.05931988 0.11699568
0.43170083 0.01198213 -0.13738011
0.30098385 -0.07868756 -0.13856268
-0.29889774 -0.10650567 -0.12426156
0.14980000 -0.08475355 0.07757401
-0.43861309 -0.04854351 -0.05451265
0.22880723 -0.07739826 -0.03541027
-0.06173299 -0.00912128 0.15596884
-0.32597822 -0.05991739 0.03162818
0.05871390 -0.05320338 -0.02114474
0.12873448 -0.00873973 0.16140683
-0.14005786 0.04606224 -0.14868921
0.29129905 0.02737297 0.08043557
-0.16005543 -0.08010215 -0.06954843
0.14070889 -0.08150039 -0.02697778
0.29972020 -0.07262377 -0.02279519
-0.24972695 -0.07240225 -0.15711151
-0.13205311 0.05148860 0.14214969
-0.22434698 0.00161630 0.00523388
0.15791963 -0.00997532 0.12936459
-0.22495382 -0.04963036 -0.09228937
-0.29573786 -0.06677054 0.02797168
0.23027661 -0.02386025 -0.07670537
0.07940811 -0.08275840 0.03528067
0.04942369 -0.08211139 0.15020405
-0.28307593 -0.03919674 -0.10136397
-0.25162736 -0.03381634 -0.09948136
0.32463738 -0.04695761 -0.11515708
-0.11561067 0.07784832 -0.09966569
-0.08917661 -0.00360625 -0.12045553
0.21897450 0.02824484 -0.05368679
-0.32561609 -0.02409234 -0.10230108
0.28013381 0.03404348 0.00165734
-0.06129225 -0.05098844 0.11393917
-0.15850313 0.10621008 0.05022457
-0.22733782 -0.06651124 -0.15519227
0.44707885 -0.03822207 0.02092849
-0.18923515 -0.09561630 -0.11034375
-0.26041633 -0.01000868 0.07607451
-0.29827708 -0.07287535 0.11648776
-0.12326583 0.05779825 0.14236782
0.35893449 -0.03256321 0.14872584
-0.20856732 0.05666991 -0.13579962
-0.17681314 -0.00609357 -0.10709560
0.18075137 -0.03168303 -0.08093064
0.11793761 0.04783104 0.04057997
0.13674265 0.04742959 -0.07848954
-0.28031790 -0.07373548 -0.01578364
0.12214606 0.01808381 0.13694215
-0.19793163 -0.02622788 -0.06375502
-0.22448012 -0.01980709 -0.09606410
-0.20536423 -0.03020278 0.13080765
-0.06873629 -0.08047588 -0.07760631
0.06951171 -0.08360904 0.13641320
-0.16267577 -0.03722261 -0.08716033
0.01875767 0.05863354 -0.13860786
-0.23659001 0.06877829 -0.13157418
0.38035834 -0.04944676 -0.11598113
0.00021495 -0.07144652 -0.05918853
-0.18250947 0.03929877 0.14984183
0.43087474 -0.00719882 -0.15305227
-0.02186495 0.03324035 0.15006782
0.14393733 0.00234373 0.03763261
0.25840843 -0.11585961 0.15850110
0.16262989 -0.00881456 -0.16658860
0.12317243 -0.08032440 -0.04678866
0.11132205 0.04135724 0.12084880
-0.32316524 0.04733101 0.14696310
-0.14923921 0.10344639 -0.08615182
-0.44373351 0.02689791 0.13614817
0.43809178 -0.05273508 -0.06385241
-0.13903861 -0.07638702 -0.04074212
-0.07882749 0.01684233 -0.09726774
-0.12299813 0.01708389 -0.12656762
-0.24243650 0.08753274 -0.04825878
0.16805881 -0.08401287 0.07656026
-0.22022864 -0.07039572 -0.03516589
0.12921412 0.01132408 0.13162522
0.19340277 -0.01341725 -0.01834612
-0.00479858 -0.07716187 0.09846707
-0.26721469 0.06001445 0.03700177
-0.03089237 -0.03449237 0.13806909
-0.16174245 -0.04637743 -0.12513302
-0.25938842 0.04509284 -0.14706779
0.14209370 -0.08212616 -0.12416194
-0.40288782 0.00203744 0.14577666
0.15254682 -0.06383301 0.14435756
-0.21466839 -0.02573630 0.07847466
0.11372834 -0.04803890 -0.01655143
0.11399024 -0.08253388 -0.12254112
0.22058648 -0.11365959 -0.15184590
0.26623535 -0.04744833 0.15114246
0.31868359 -0.00862265 -0.11041936
0.13157442 0.03632922 0.12404688
-0.25659782 -0.07626739 0.11009111
0.07925907 0.09086217 0.07453990
-0.31832284 0.04851933 -0.00798668
-0.16459705 0.05953136 -0.11660167
-0.44499868 -0.01727243 -0.05435017
0.43824589 -0.02842580 0.02500199
-0.04878962 0.00845668 0.05493767
-0.18969345 0.01673550 0.12329048
0.25125009 -0.00740645 -0.15932328
0.12605995 -0.06333155 -0.13653058
0.33550850 0.03050465 0.02751290
-0.02531285 0.11549152 -0.01036478
-0.19777301 -0.07242526 -0.06798098
0.18833074 -0.06346965 0.08483628
-0.43965697 -0.00549386 0.05506862
0.42302826 -0.00955504 -0.05559292
-0.10244328 -0.06040793 -0.04877508
0.31360164 -0.04074530 -0.12414867
0.10367800 0.06087436 0.11938960
0.26418376 -0.01806092 0.14822470
-0.20166036 -0.00770508 0.16234109
0.09725256 0.07474180 -0.07722642
-0.24645199 -0.07176743 0.15023284
0.43469194 -0.03954947 0.10888495
0.12112733 -0.08455028 0.01453096
0.18230890 -0.08350779 -0.06940295
-0.03319722 0.08224781 0.12445984
-0.33757484 0.04932801 -0.11205988
0.15967886 0.03560331 -0.02061776
-0.23506942 -0.00785497 -0.06656142
0.22010545 -0.03708617 -0.13912177
-0.17871957 -0.08082902 -0.15028085
-0.43957409 0.02661793 0.02435736
-0.04719381 -0.00294640 0.04758857
0.14073135 -0.07546518 0.01183290
0.00674618 0.00328143 0.15799142
-0.17302194 -0.03613300 0.12810382
-0.07694082 -0.02897651 -0.16357012
-0.35200724 0.05551023 0.07168350
-0.07080582 -0.07445192 -0.03337111
-0.06585310 -0.01524543 -0.14698778
0.14139649 0.03630039 -0.01977774
0.20362730 -0.01219354 -0.15543495
-0.11327269 -0.07638868 -0.15135238
-0.15790801 -0.02851498 0.11145782
0.41375428 0.01582809 -0.08832848
-0.31540939 -0.02031899 -0.00236223
0.27438098 -0.04686150 -0.10821791
-0.16530734 -0.08099137 0.03762289
-0.26360667 -0.08634664 0.06376097
0.30593428 -0.12039389 0.15571569
-0.30712405 -0.07652815 0.12112220
0.15902095 0.03494311 0.02900656
0.41696590 -0.00047766 -0.10988864
-0.16641675 -0.04565371 0.12769586
-0.03903415 -0.07231475 -0.15249375
0.33487800 -0.01616655 0.14752422
0.26725057 -0.05818195 0.08718400
-0.20908168 -0.09210891 0.05816108
-0.36742020 -0.04786661 -0.05950907
-0.27965778 -0.06804696 0.08607252
0.38904035 -0.06660651 0.13382705
0.34785751 -0.06931037 -0.04361912
-0.29759428 -0.02540345 -0.00164389
0.08129790 0.09419288 0.00362093
-0.19350997 0.06200734 -0.12775037
-0.08580995 -0.06845455 -0.15566488
-0.07747101 0.09740847 0.08136416
0.13035604 -0.08231647 -0.01141769
-0.23343256 -0.08526640 -0.12477819
0.26348135 -0.07337851 -0.08051764
0.18247893 -0.01068542 -0.15787059
0.36535212 0.02500588 -0.10478936
0.29524460 -0.11285032 0.14433581
-0.18820588 0.00921190 0.16524549
-0.20856839 -0.05554557 -0.14949113
-0.42720678 -0.03981803 -0.15026909
0.36782753 0.02360114 -0.07033801
-0.27696523 -0.10092828 -0.08751354
0.13754892 -0.00739569 0.16467692
0.15958264 -0.08138461 -0.01669015
-0.41174397 -0.05006275 -0.06497888
-0.23403144 -0.07108724 -0.05481005
-0.02491947 -0.06882687 0.05068142
0.21271814 -0.02757641 0.12527290
0.27685803 -0.03339101 0.09729483
0.09418401 0.06416809 -0.06256908
-0.04188156 -0.04359717 0.01117469
0.32125315 -0.05774521 -0.08382724
0.19463162 -0.08201044 0.05931419
0.03885003 -0.04376774 -0.16112472
0.28363952 0.00334487 -0.04814786
0.32808635 0.02581419 0.09406878
-0.00773942 -0.07106005 0.14449494
-0.36509860 -0.06280149 0.08798982
0.08727544 -0.08509076 0.09026828
-0.00495465 0.05096795 0.03967778
0.15415162 -0.05857316 0.16009718
0.19240503 -0.10233372 -0.12389036
0.10696469 0.03772316 -0.11274214
0.20595467 -0.00211546 0.03277141
-0.31229395 -0.00978111 0.10908763
0.24959822 -0.07066560 0.12090171
0.32292405 -0.00020304 0.02584449
0.42995355 -0.00578646 0.03441461
0.29662547 -0.10843056 0.10914030
0.00465962 0.03536128 -0.14636217
-0.40822890 -0.05878700 0.01219120
0.06324144 -0.04954158 -0.09401219
0.27435979 -0.07736328 -0.02330428
0.05106685 0.07805546 -0.13002212
-0.31515324 0.05401717 0.08980440
0.12536496 0.06676300 0.06530916
0.40586594 -0.01251810 -0.07480636
-0.28107014 -0.06280045 0.11709299
0.13928513 -0.06281567 -0.15180312
0.27146277 -0.01155547 -0.15416007
0.31148106 -0.07190348 0.03915776
0.03065604 -0.00563019 0.15881470
-0.19358981 0.10041663 0.03582047
-0.29571578 0.06155475 0.06780261
-0.31584179 -0.03613938 0.10935937
-0.03246494 0.02473983 0.03577203
-0.44096029 -0.02759940 0.03609438
0.42925742 -0.06083980 0.12923300
-0.44894487 -0.02422885 0.05953462
-0.01980371 0.01659047 0.16079469
-0.23741594 -0.02098107 0.13987012
0.31240654 -0.01454614 0.15055422
0.33785954 -0.01146995 0.16228309
0.29607037 -0.07503223 -0.11859073
-0.43790352 -0.01797098 0.06549473
0.27446690 -0.10020918 0.11912951
0.19383286 -0.02801340 0.03232128
-0.02244890 0.02921604 0.12596296
0.02895770 -0.07879366 0.10638406
-0.37842184 0.04989852 0.09727360
-0.41257790 -0.05809215 -0.14032896
0.24882764 -0.06913716 0.15409589
0.03064888 -0.00032279 -0.13488510
0.28918740 -0.02088216 0.11536324
-0.22202937 0.07616197 -0.05542656
-0.17967314 -0.04858066 -0.13693649
0.37790528 0.02003841 -0.03178455
0.40804568 -0.06366927 -0.04715270
-0.03966317 -0.07504237 0.12952228
0.33058891 -0.00987388 0.12244286
-0.30574456 0.04907932 -0.07197534
-0.20557587 -0.06774814 -0.11176135
-0.41906059 -0.00283566 0.09995527
0.15016097 0.03322752 0.02452402
0.03649164 0.06473867 0.13287431
-0.12735029 0.08451959 -0.11811276
-0.20157151 -0.07586824 -0.00495078
0.25014448 -0.00243414 0.14013301
0.08589873 -0.07610516 0.04310939
-0.37871081 -0.04265239 0.14773032
-0.10112504 -0.04582655 0.01165823
0.41977713 -0.00235018 -0.08994687
-0.19116931 -0.08459118 0.15657996
-0.21731862 -0.06643026 0.15403008
-0.01421385 -0.05737859 0.11537643
-0.16119504 -0.07721560 -0.05079368
0.26019624 0.03592492 0.03242004
-0.24880180 -0.05743026 0.07447556
0.01550299 0.10612908 0.00246751
0.12818059 0.04995870 0.02680597
0.04170150 -0.08003121 0.01875740
0.08664602 -0.07776377 0.02189261
0.09998122 0.02997360 -0.10887350
0.07620364 -0.07469786 -0.09081979
-0.01409798 -0.07580344 -0.12045673
0.30426979 -0.07346940 -0.14288296
0.15095149 -0.08146682 0.01288236
0.22640584 -0.09526138 0.12098539
0.05946326 0.09167534 -0.11272439
-0.30363488 -0.07115393 -0.07182267
0.02821165 0.01634758 0.15389642
-0.44535601 0.02016132 0.04376134
0.27888101 0.03073586 -0.12826702
0.10325415 -0.06628054 -0.03679051
0.03432103 -0.08542897 0.03144558
-0.14461410 0.10880134 0.00865891
-0.25493526 0.07880219 0.03218106
-0.16542336 -0.08014061 0.15415399
-0.15415046 -0.09838961 -0.15715674
0.01176252 -0.06889287 0.02609666
-0.22014853 0.04135406 0.06853399
0.15847991 0.02837892 0.00753524
-0.43135297 0.02490436 -0.02140518
-0.29900539 0.05839180 0.09514297
-0.19512542 -0.00293083 0.11285554
-0.39731312 -0.04224984 0.15966785
-0.18959178 0.05958408 -0.13620055
-0.09691649 0.00597627 -0.16338056
-0.07163030 0.02968441 -0.15167651
0.09849230 0.00231189 -0.16329978
-0.18281922 -0.07185601 0.15365963
-0.17598300 -0.06727125 0.13418168
0.16229255 -0.08344176 -0.06391853
-0.40260899 -0.01813475 0.16173019
0.19088462 -0.08207291 -0.06931799
0.12016929 0.01432657 0.15519628
0.02729113 -0.03862806 -0.03234658
0.44221091 -0.01413285 -0.04564275
0.25703147 0.03534637 0.02264865
0.06554986 -0.00981214 0.16370641
-0.23408900 0.08588580 -0.00672322
-0.16107272 0.06190429 -0.07183645
0.11665738 -0.04370761 -0.03182787
-0.25088158 -0.10306144 -0.12073514
0.38894075 0.01960007 -0.06378025
-0.10314033 -0.07978312 -0.02165304
0.25162059 0.03558756 0.02043337
-0.06695587 0.04837451 0.08915350
-0.19694501 -0.03949103 -0.15480612
-0.05215603 0.08202770 0.12763032
-0.28416431 -0.09675908 0.12964752
-0.06383347 -0.04331350 0.06876832
0.11976760 0.02469604 0.15688121
-0.23590767 0.03126310 -0.02926075
-0.13538900 -0.03257666 -0.13174680
-0.19483142 -0.05440282 -0.11810037
-0.26941684 -0.01450024 0.11810554
-0.14767820 -0.05499050 0.14057207
0.34858456 -0.03122806 -0.08032644
0.17980900 -0.04201432 0.15194319
-0.21510313 -0.10153739 -0.14271687
0.40564650 -0.01759845 0.04972617
-0.07495664 -0.02067580 -0.13392246
0.24372095 -0.01560327 0.14715049
0.21749392 -0.05097299 0.11583495
0.16328722 -0.08395964 -0.07756266
-0.17312224 0.10736760 -0.01142139
-0.36543569 -0.04794984 -0.01638152
0.28254893 -0.00728203 -0.08390650
0.40781340 -0.06531159 -0.06142645
-0.27391595 0.06201246 -0.12313364
-0.20109494 0.09568785 0.03672993
-0.06386887 -0.04581460 0.12698679
-0.02893682 -0.07867433 -0.02116612
0.29157811 -0.00705366 -0.10964556
0.25615618 -0.02035571 0.14217964
-0.30603829 -0.04649090 -0.13849850
0.07156654 0.09169550 0.04767634
-0.32788119 0.05621456 0.00750925
-0.09558244 0.00152478 0.15909077
0.35381103 0.02653190 -0.12975991
-0.41566861 -0.05586584 -0.06107076
0.14377660 0.03895269 0.08124531
0.21460915 -0.00815133 0.12996991
-0.33552623 -0.01331785 -0.15787809
-0.30462179 -0.00716395 -0.15925916
0.33443749 -0.05805842 -0.08641197
0.28143582 0.00047960 0.16588870
-0.33448574 0.05587885 0.06069674
-0.35603103 -0.06491868 -0.03014400
-0.16627353 -0.07766840 0.14532200
0.31058669 0.00002923 -0.12308586
0.09082329 -0.08861029 0.14089729
0.16660757 -0.04957614 0.15986788
