-0.39304411 0.03049461 -0.11312158
-0.02156926 0.11285373 -0.07401973
0.07953262 -0.08700003 -0.08581737
-0.24211518 0.00867894 -0.11319048
-0.15783072 0.08531947 -0.12500471
0.31176987 -0.01536458 -0.17594838
0.30845869 -0.08405005 0.02807628
-0.40190899 -0.04776306 -0.12452395
0.23033938 0.01141228 0.08195350
-0.11775918 0.00761565 -0.17998399
0.38779515 -0.03962838 -0.12123042
0.30346179 -0.04809731 0.11317790
0.34137288 0.02195608 -0.09603263
-0.10232729 0.03194601 0.17745459
0.08841893 -0.08607429 -0.09864458
0.41854152 -0.03097576 -0.10599864
0.40459231 -0.02037971 0.07491851
-0.25772864 0.07601187 0.09475625
0.15835935 -0.08655144 -0.03646689
0.23324567 0.00678196 0.13110504
-0.25089821 -0.07078391 0.15572178
0.38738829 -0.07251129 -0.14600414
-0.19675213 -0.02496745 -0.17805032
0.09005122 0.04627919 -0.06989612
-0.39952737 0.05284360 -0.06789538
-0.21341665 0.09034798 -0.09571750
-0.21694815 -0.09880099 -0.13901605
0.18466100 0.05350183 0.10653612
-0.02293684 0.09066319 -0.12595546
-0.18936618 0.09028082 0.03668158
0.38440967 0.00931008 -0.04332313
0.04487818 0.02075875 0.15502949
0.16603667 -0.07962092 0.12936155
0.25971824 -0.11069956 -0.18751168
-0.38750514 0.03149837 0.15124978
0.22470571 0.04628674 0.07862826
0.01407551 0.04712234 0.16971843
-0.40141633 -0.06279235 -0.08494058
0.19175677 -0.08156296 0.17249949
-0.41570270 -0.00612766 -0.11386464
-0.18823093 -0.06975827 0.12639362
-0.19806248 0.06525487 -0.12792960
0.12839967 0.05514077 -0.11951561
-0.19240141 -0.03091832 -0.18805818
-0.33561134 0.05098684 0.12470231
-0.21542735 -0.07653370 -0.12582174
0.28521883 0.03052354 -0.10097647
0.21451052 -0.07978558 -0.02393475
-0.37036067 -0.07077353 -0.14416453
0.16023543 -0.04258228 0.04274787
0.05085259 0.03601620 -0.17751281
-0.40110278 -0.02041118 0.13094319
0.21161273 -0.10402640 0.17789744
-0.04801660 0.02915158 0.18047389
-0.29484880 0.06777438 -0.10726390
0.08712336 0.03110166 -0.14395884
-0.34642139 -0.07275479 -0.10690057
-0.00124516 -0.08507589 -0.12798208
-0.03148411 -0.05860722 -0.11394083
0.23325394 -0.10190577 0.14727654
-0.00909748 -0.08323611 0.12529017
0.27442285 -0.04856110 0.17024869
0.00593222 -0.01183576 0.18221313
-0.16227487 0.05306247 -0.12644261
0.10786588 -0.08767359 0.01905865
-0.35210514 -0.05417542 -0.17824538
-0.04255570 -0.02722068 0.05407415
-0.18142647 -0.08996284 0.17636487
-0.24326028 0.08159393 -0.10804992
-0.22297825 -0.03350169 0.16442123
-0.18971615 -0.05761573 0.14046192
0.16276731 -0.07503676 -0.18630964
-0.30232593 -0.09510726 -0.18270551
0.26672286 0.02258327 -0.17144345
0.38010773 -0.08638042 -0.13258080
-0.03566782 -0.04981641 0.04238136
-0.33908001 0.00759734 -0.15992549
0.31759432 -0.05505582 0.16478290
0.34184188 -0.08322527 -0.07343471
0.30492857 -0.01123484 0.17379349
-0.00761467 -0.07981931 -0.04997492
0.10342505 0.05145029 0.10517139
0.05931410 -0.08109748 -0.01226877
0.01302107 0.09171128 0.13074465
-0.40553686 0.04892706 0.06411735
-0.31302080 -0.02431015 0.18959290
-0.14087799 -0.08396884 -0.04973322
-0.02987970 -0.06002547 0.02295076
-0.15268473 -0.07805291 0.08909551
0.19536370 -0.08158413 0.13723227
0.34003535 0.02439272 -0.06443368
-0.02606455 -0.04474287 0.12493984
0.23800358 -0.10692234 -0.15848513
-0.01141969 0.00578370 0.18674195
-0.21534453 -0.08436652 0.17217998
-0.24289793 -0.02456955 -0.13782796
0.27931535 0.01113462 0.14203338
-0.13810828 -0.02569887 0.03938005
0.09415056 -0.07956243 -0.03014408
-0.12630309 -0.09011751 -0.05229114
0.27898669 -0.07250986 0.16562957
0.28159723 -0.01333704 -0.19000427
0.20706452 0.05152388 0.04447264
-0.41350988 0.03397800 0.06690428
0.31550235 -0.04380464 -0.07484958
0.35849312 -0.00988269 0.10799176
0.10728559 -0.00691867 -0.17874099
-0.41588646 -0.01018745 -0.09880363
0.04166523 0.10439387 -0.09581393
-0.18085702 0.01815590 0.04699164
-0.38271442 0.04402095 -0.12940860
0.14734404 -0.08898730 0.13004777
0.27725652 -0.08141387 0.15289612
-0.16778892 -0.01125884 0.05794178
0.04090771 0.10822571 -0.06516664
-0.04130806 0.11010709 0.05833210
0.26902467 -0.05863353 0.18160325
0.21870326 -0.09001109 -0.06366660
0.26278254 -0.02440483 -0.15631421
-0.22531521 -0.08997148 0.03547324
-0.32398659 0.06562714 -0.00384669
-0.38563731 -0.06414676 0.07176115
0.22745022 0.04690120 -0.07008106
-0.32434887 0.00272797 -0.10524443
-0.11311867 -0.08496337 -0.15118241
-0.00007348 -0.07193947 0.09706160
-0.22498460 0.05963392 0.12639153
-0.22647637 -0.03382837 0.18885481
-0.27892858 0.01778254 0.09423366
0.20253663 0.04493190 -0.09331821
0.16301127 -0.04628628 0.00266710
0.18511377 -0.08790825 -0.03215146
-0.30038098 0.06655110 -0.06248782
-0.24378747 0.06731390 0.08848408
-0.25209552 -0.04161486 -0.13489264
0.19383051 -0.07084221 -0.18128546
-0.17416477 0.10457787 -0.09002359
0.41361696 -0.01199385 0.00498386
-0.24773420 -0.07990190 0.10471583
-0.16224861 0.06212404 -0.15007053
0.11980231 0.05524243 0.11883785
0.16220973 0.06030806 0.09102613
-0.38085261 -0.05895851 0.05394286
-0.06264101 -0.08721267 -0.02368258
-0.22151251 -0.09237621 -0.09140795
0.17742024 -0.03912367 0.00825469
-0.21456540 -0.02972044 -0.18286912
-0.18983491 0.05496500 -0.16480361
-0.26408052 0.07499114 -0.01107979
0.34007496 0.01815523 -0.13951801
0.42665383 -0.02723453 -0.00466126
0.16692670 0.06358089 -0.02845041
0.24099043 -0.07304955 0.11187959
0.35730511 -0.05636510 -0.17299259
0.34604234 -0.00829323 0.16380826
-0.25830042 0.02560306 -0.14673515
-0.08375471 0.06088508 0.08759070
0.10241282 0.05210987 -0.15055594
0.28946468 -0.01229521 0.18263382
-0.12613808 0.11052951 0.01181032
0.20787315 -0.10733455 0.18780957
0.22212873 -0.11317160 -0.12965488
-0.41926557 -0.03160882 -0.10487975
-0.04492100 0.12307639 0.00478179
0.29088202 0.03590700 0.02451393
-0.18065728 -0.08513059 0.11570270
-0.02662251 -0.02754019 0.02146098
0.32694218 -0.01007676 -0.14873920
-0.00210611 -0.07816635 -0.14508832
0.24858740 0.04672926 -0.04819321
0.38303310 -0.00251258 0.09466094
-0.33903092 -0.08024786 -0.14391635
-0.00611638 0.12147572 0.00879315
-0.33225358 -0.08037530 0.06041649
0.22588712 0.01068651 -0.09187419
0.40761766 -0.08095726 0.09775966
0.37532315 -0.08646049 -0.07034031
0.28630409 0.01358739 0.18726614
-0.33489934 -0.01085864 0.15484712
-0.05735158 -0.01258371 -0.14700736
0.07715259 -0.08527566 -0.15254675
0.11315820 -0.00623831 -0.18614647
0.26123393 0.03350977 0.08225079
-0.05757373 -0.07156201 -0.16764118
0.32201466 -0.00804664 -0.14532807
-0.34482077 -0.07320536 -0.07455333
0.14365044 0.03539587 -0.17461631
-0.10090678 -0.07789951 0.06681435
-0.19359145 -0.02425347 0.17248945
0.41341311 -0.02015797 0.08879323
0.40457222 -0.02205877 0.10185736
0.42479607 -0.04146015 0.08079194
0.16613048 -0.08605444 -0.08426237
0.13184854 -0.08067437 -0.13118964
-0.20161377 0.09593619 0.10169645
0.26089707 -0.08185765 -0.09698342
0.33003819 0.03527559 0.00488801
0.05065707 -0.08365308 -0.03807335
0.31657082 -0.03343432 0.08587038
-0.41885096 -0.03122162 0.06601854
0.34357488 -0.08944670 0.06054454
0.27900434 -0.08874935 -0.10096624
0.08594539 -0.08435292 0.08758728
0.11963228 -0.08400693 0.03616281
0.18611935 -0.02333202 0.18440281
-0.07044980 0.11635565 0.07116655
-0.35313517 -0.07492050 -0.02926191
-0.29545143 -0.07952268 -0.09054260
0.17151357 -0.03133305 0.18099171
0.24806008 0.04300411 -0.06627392
-0.39406452 0.01243518 0.14369951
-0.10632083 -0.08304337 -0.02144603
0.22464088 0.04293266 0.07102657
-0.21046357 -0.04299474 0.11273061
0.22195841 0.01208508 -0.17871885
0.00742499 -0.08049403 -0.06182938
0.21084477 -0.03201492 0.10516983
-0.31267270 -0.00440841 -0.17270327
0.21336588 -0.05486362 -0.17247173
-0.19592001 0.06147035 0.15482296
-0.04512846 0.12096240 -0.05777742
-0.17232327 -0.08658715 0.12027007
0.12633312 -0.01855900 -0.02310725
0.31740555 -0.00968187 -0.16024075
-0.04590767 -0.06392800 0.17924717
-0.31670561 -0.02730918 0.14589810
0.04709487 0.08507022 -0.12461448
0.28856874 -0.04270672 0.18809603
-0.07702664 0.04601689 0.15168783
0.14935964 0.07232702 0.02801509
0.35105360 -0.08997759 -0.15641165
0.14961375 -0.08637823 -0.08984289
0.22588794 0.04800009 0.05499635
-0.36244807 0.02916087 -0.12761566
-0.16664386 0.08639839 -0.12642962
0.06437311 0.08398006 -0.13780022
0.28194392 -0.02425892 0.18778686
-0.05628160 0.05573018 0.14366338
-0.22077394 0.08055666 -0.08341523
-0.28792101 0.00530948 0.13119085
0.09663181 -0.08276772 -0.06178190
-0.36555606 -0.07323018 -0.15373802
0.30311549 -0.04856955 0.14537546
-0.22525036 -0.07764959 0.08957213
-0.17780110 0.10531333 -0.02863627
-0.32389212 0.05203388 0.11466829
-0.04296814 -0.01604906 -0.18342276
0.18269056 -0.02491986 -0.11922709
-0.24627239 0.07584786 0.10232341
0.20219730 0.01558812 -0.18007410
0.10439148 -0.08918682 -0.11997603
-0.04605803 0.04753171 0.14993739
0.10397194 0.06677645 0.13440756
0.11578038 0.08117499 0.04872802
-0.25022829 -0.06506366 -0.15386809
0.38011229 -0.02363144 0.14309870
-0.12108038 -0.08365988 0.13050966
-0.15850979 -0.08096053 -0.08237013
-0.13595034 0.06345734 0.15412818
-0.14040366 0.10846880 -0.10521678
-0.31981137 0.05749696 0.13635233
-0.30011564 0.00807967 0.16125469
0.17239010 -0.05260497 -0.16903709
-0.03190961 -0.02212909 0.15593384
0.23997141 -0.04168035 0.15686360
0.14416489 -0.08139989 -0.02284229
-0.28616282 -0.00344862 0.19005793
-0.36763161 -0.05248019 0.17430724
0.19941348 -0.03387601 -0.18375364
0.23142238 -0.10475794 0.17526090
0.39619106 -0.08288188 0.05567979
0.35126871 0.02101615 0.03977897
-0.42931855 -0.03117559 -0.07455591
0.11626841 0.04559185 -0.17674351
0.09079959 0.04900089 -0.17703758
0.29862526 0.02840301 -0.07068561
0.38871852 -0.08619213 -0.01589148
-0.40786791 0.03023669 -0.06010133
-0.26847017 -0.11543266 0.14434686
-0.35787448 -0.07600015 0.14738043
0.34850413 -0.08529104 -0.12135148
-0.25962570 -0.07290030 0.02090926
-0.41090465 0.01454466 -0.08069524
-0.18702413 -0.01288345 0.18749696
-0.41600716 -0.03484596 0.06033297
0.14247385 -0.00740398 0.14658523
0.29525644 -0.08360726 -0.03405798
-0.39996079 -0.02540289 0.14170733
-0.33016160 -0.02057030 -0.10112928
0.41345337 -0.08180209 0.05335959
-0.20717931 -0.10032662 -0.17397803
0.18463933 -0.05953560 0.18396634
-0.14088175 0.04988934 -0.12411162
-0.04390794 -0.05162234 0.14835802
0.28392804 -0.01855138 0.18908694
0.10123795 0.04675531 -0.15693250
0.33643219 -0.08353207 0.14968243
0.19228809 -0.03158153 0.14265369
0.12011735 0.06789294 0.12389126
0.37124613 0.00973438 0.05735078
-0.15708524 -0.05085107 -0.15258333
-0.23366627 0.09006263 0.04871951
-0.25676018 -0.11108753 0.14081290
0.31293574 0.03383437 0.04561993
-0.21402200 -0.02011635 -0.13859205
-0.13121018 0.04887923 0.16618921
-0.32171819 -0.07734466 0.07495600
-0.35752690 -0.04555011 -0.17566456
0.05053950 -0.07932046 0.07552863
-0.19791879 -0.04639146 0.13105297
0.25405508 -0.04993385 0.12098697
0.06621109 -0.08615239 -0.07827763
-0.09131899 -0.03321561 -0.12463769
0.04885241 0.03510515 0.09723116
0.06959238 0.05244098 0.16606772
-0.10274160 -0.08518448 -0.01886977
0.28160831 -0.00283972 -0.14360069
-0.30846766 0.04191381 -0.17568278
-0.15473063 0.05053503 -0.07928380
-0.12421675 0.11572909 0.04239295
-0.37871307 0.03329230 0.09834229
0.16341819 -0.08660764 -0.03264915
0.10292288 -0.07364661 -0.18355136
-0.10532362 0.10915774 0.09057561
-0.33540013 -0.02367415 0.14509635
-0.36857533 0.04577588 0.15094608
-0.13472311 0.06764394 0.14317292
-0.27827379 0.00137819 -0.08745390
-0.17904902 -0.03601299 -0.16900803
-0.27939227 0.01394525 0.18910728
0.13244624 0.05339224 -0.02776287
-0.33821559 -0.05869443 0.13623565
0.22862960 0.00546239 -0.13014895
-0.23757187 -0.11231796 -0.15576629
0.06970669 0.05728099 -0.15172359
-0.19578032 0.06453257 -0.14497407
-0.21643275 -0.07761086 0.16348107
0.03270496 -0.08395894 0.05012378
-0.06011614 0.04262733 -0.17469744
0.21955307 0.00333965 -0.13829027
0.19728015 0.05049793 -0.06402101
-0.23190346 0.01761454 0.17027830
-0.39337632 0.05173687 -0.07834905
-0.15859908 -0.08765588 -0.07760222
0.28692493 -0.00112684 0.12093457
-0.07252433 -0.08450553 -0.10951847
0.03297185 -0.00934423 -0.18233533
-0.07520610 0.11378857 -0.03839204
-0.16939084 -0.03092820 0.17753324
-0.01215888 -0.08118740 0.14062385
-0.19910514 0.07502621 -0.12301548
-0.16895539 -0.01380470 0.18788289
-0.17316218 0.04523049 0.17965148
0.26310271 0.00524068 -0.18169697
0.08440413 0.01886761 -0.16810291
0.37615818 -0.08609910 0.15633075
-0.39932185 0.05360420 -0.05269625
-0.21833023 -0.04009235 -0.18585740
0.06331689 0.10189658 -0.04452101
-0.40144238 -0.06324366 0.01982985
0.08462165 -0.08184911 0.05984036
0.29133049 -0.00178712 -0.15950155
-0.21115227 -0.02487716 -0.17681175
0.16028665 0.04915135 -0.07229300
-0.27497661 -0.04706979 0.16690977
-0.10566144 0.11813372 0.04541620
0.08542897 -0.07944003 0.08271153
-0.14601365 -0.08585557 -0.18131804
-0.39636922 0.00694037 -0.07967249
-0.35534042 -0.05201311 0.15724537
-0.26999128 0.04428176 -0.17432237
0.15591557 -0.08779629 0.11399238
-0.10794538 -0.08190186 0.14450887
-0.28136125 0.04864625 -0.01146442
-0.02637650 -0.03242317 0.18157364
-0.17434214 -0.03218911 0.18143868
0.10286354 0.08536188 -0.08066712
-0.28769651 0.07256253 -0.09328812
-0.01785756 -0.08434412 0.09082399
0.37271354 -0.05874126 0.14048904
0.31874922 0.02603545 0.11487975
0.27116075 -0.08357319 -0.07792158
-0.00070438 -0.08227453 -0.12770808
0.22737864 0.04331988 -0.10002593
0.40093085 0.00098131 0.04807932
0.22384657 -0.00643684 -0.15148810
-0.18303448 0.06197185 0.07019482
-0.41147169 0.00084930 0.09025713
0.31376943 -0.02840919 -0.16066597
-0.32387766 -0.09546752 -0.14550136
0.34692851 -0.05529202 -0.14243880
-0.30448392 -0.02291734 0.18699785
-0.23140450 0.07637670 -0.08421212
-0.23127241 -0.10133363 -0.14099097
-0.08720866 -0.02248766 0.18450092
0.07004888 -0.03330487 -0.17255299
-0.42821068 -0.02315722 0.07338482
-0.42436066 -0.03532033 -0.01272122
-0.32226047 -0.06447032 -0.16356212
0.22643495 -0.08493628 -0.03618567
0.27589250 0.03109935 -0.14084488
0.37749606 0.01343049 -0.02196110
0.30100414 0.03552917 0.04323214
0.20647973 -0.04460003 -0.17481178
-0.19680953 -0.08157396 -0.09342819
0.35953060 0.02066280 0.06873167
0.01407569 -0.01184183 -0.17318857
0.12829643 -0.08546592 -0.07598910
-0.30157411 0.01514573 -0.17208661
0.20372856 -0.06873733 0.17300639
-0.20535098 -0.01483632 0.16938025
-0.40479228 0.05608733 -0.03785914
0.39608654 -0.05267674 0.13223054
-0.41825035 0.00965152 0.00193173
0.25133476 -0.06468001 -0.15662819
-0.00277298 -0.01968001 -0.18273662
0.20476039 0.00931273 0.16505407
-0.20547958 0.09920591 -0.02825240
-0.11986987 0.05047435 0.15428431
-0.41772512 -0.00055499 0.00583832
0.27946261 0.03352434 0.08841766
-0.27516761 -0.05119007 0.13664092
0.04163228 -0.04690581 0.17677401
0.25480151 -0.05227164 -0.14293720
0.22618705 -0.10192724 -0.17391755
0.20578988 -0.01647985 -0.14304776
-0.31472522 0.05831283 0.14762585
0.07256903 0.05941501 0.13735785
-0.20907179 0.09198976 -0.02683247
0.28688639 -0.08905301 0.09995502
-0.22315057 -0.09994564 -0.16546138
0.10457268 0.05260543 -0.15617156
0.06710865 -0.03034992 -0.18607558
-0.39912847 0.04230780 -0.00398074
0.19901247 -0.00234371 0.11293241
0.16260692 -0.02406573 -0.15806027
0.23853615 0.01985291 -0.18469520
0.24642552 0.00303574 0.17198086
0.30651948 -0.03522013 -0.13628106
-0.29598138 -0.11141723 -0.16570382
-0.07030135 0.12168480 0.03856475
0.06341857 -0.08691472 -0.11640629
-0.37955338 -0.02900614 0.13768852
-0.28008303 0.07100262 -0.07569716
0.19336051 0.04608797 -0.13315672
0.14015590 0.06706461 0.09960154
-0.01279418 -0.07756221 0.15032205
-0.41891617 0.01551429 -0.00589480
0.27965897 -0.00862883 0.14513457
-0.23575193 -0.10004244 0.18717009
0.19953296 -0.05120852 0.11166517
-0.05468207 0.01587434 -0.17758076
-0.19937621 -0.02666797 0.11756949
-0.15205935 -0.03097856 -0.03284916
0.18919937 -0.07156182 0.16008034
0.39554515 -0.07200318 -0.11538578
0.12338952 0.06820629 -0.12153205
0.10606350 0.05153397 0.09387140
0.13392238 -0.05624847 -0.17763677
-0.00007023 0.10513868 0.10119833
-0.02289441 -0.07477143 0.12041488
-0.08236864 0.10244656 -0.07383768
0.30509347 -0.03342401 -0.18815885
-0.33078521 -0.01474035 -0.17579171
0.09333581 -0.08501535 0.10800826
-0.26728565 0.00726979 0.16423939
0.22757286 0.00808187 0.11733797
-0.27502066 -0.02162797 0.18234661
-0.19101815 0.09863745 0.08264160
0.32654291 0.00786677 0.13721347
0.34776264 -0.06452015 -0.15377517
0.22552164 -0.10168292 0.12254047
0.04690344 0.03766573 0.04067428
-0.26021191 0.07002099 0.06292365
-0.33945218 0.01549650 -0.17565392
-0.42568421 -0.02523177 0.05472710
0.20359367 -0.01412621 0.16158941
-0.26428923 -0.07857196 0.10463689
-0.01551546 0.11978644 0.05442817
0.02279122 -0.04698789 -0.14705186
-0.26683578 0.07037463 -0.13418469
-0.30071306 -0.01056056 0.18853010
-0.30807993 0.05281528 -0.16646294
0.32203227 0.03109358 0.03944474
-0.22053815 -0.00683272 -0.13385274
0.36059430 0.01713263 -0.00590591
-0.30070925 -0.00136962 0.12703173
-0.03322911 -0.08668713 0.02697682
-0.17072839 -0.02539455 0.17085488
0.39323178 -0.00317623 0.03358800
-0.37219030 -0.07202338 0.12470878
0.29371196 -0.00348686 0.13248859
-0.10720111 -0.04530248 -0.18874829
0.06415416 0.08871894 0.11637399
-0.34951499 0.02791360 -0.14572635
-0.28415316 -0.02948810 -0.17234336
-0.20655237 -0.08397092 0.09944768
-0.16637515 0.09564054 -0.05803039
0.29403377 -0.07517439 -0.16948694
-0.23353256 -0.11063734 -0.18819994
-0.37606570 -0.06641530 -0.10222721
0.17473541 0.04066078 0.11715831
-0.25291789 -0.05598963 0.16952293
-0.32710883 -0.01847534 0.18327340
-0.15412374 -0.08892830 -0.04654327
0.27000651 -0.07343397 0.17827219
0.32085907 0.01798247 0.17020035
-0.03243802 0.08883986 0.10864567
-0.19163682 -0.01922875 0.15898657
-0.20729275 0.03320248 0.17072067
-0.30150920 0.05771395 0.08607192
-0.12228180 0.04990635 -0.15885897
0.18257542 0.04604467 -0.14027022
0.23723997 -0.04513726 -0.10019502
-0.27626741 -0.01502847 -0.18391603
-0.40837604 -0.05787155 0.11541612
-0.36832201 -0.07507947 -0.00587547
-0.24916942 0.01558577 0.11214397
0.20281307 -0.02808215 -0.13699220
-0.22076476 -0.04191577 0.11773542
-0.15591423 0.06949366 -0.13094564
0.14784102 -0.08238140 -0.12330244
-0.38515168 -0.00261032 -0.05414788
-0.10102130 -0.08381693 -0.06727348
0.16826491 0.04305216 -0.13000362
-0.07516476 0.11164184 0.00624803
-0.33897510 0.05965614 0.00082290
-0.18775867 0.07483549 -0.13159446
0.17909373 -0.02878475 -0.15949896
-0.06618392 0.05646708 0.15722494
0.22333732 0.01298742 0.10553028
0.34865004 0.01948526 -0.10257593
0.39877960 -0.00518646 0.09845211
-0.28999329 -0.04076104 0.17915437
-0.11965016 0.09233904 0.13348401
-0.06196434 -0.05725642 0.12998758
-0.19393748 0.07492907 -0.11248097
0.37903756 0.00119579 0.09271772
0.26417351 -0.03780148 0.13892663
0.21345256 -0.08232182 0.15706801
0.12253734 0.07797533 -0.07739288
0.38095576 0.00829506 0.03290772
0.15936360 -0.04316079 0.09657639
0.39061427 -0.04036113 -0.09598121
-0.25733620 -0.01165552 -0.16077627
-0.00683777 -0.04694268 -0.12808010
0.34149221 -0.00499363 0.09404413
-0.33307832 -0.04159268 -0.18621707
-0.07567953 -0.05495384 0.16064540
0.18083827 -0.06764589 -0.11163242
-0.17317003 0.01588088 0.07232197
-0.35441792 0.06048987 -0.10318326
-0.21352492 -0.03573798 0.18971205
0.34999502 -0.00964692 -0.14356068
0.24804473 -0.11277927 0.15940103
0.25356263 0.00782538 0.10392192
-0.28457946 0.00724857 -0.04875914
-0.08926189 0.06473126 -0.13569450
0.42037797 -0.01760329 -0.01249949
-0.24688192 0.02510446 -0.18446064
-0.12631698 0.09793188 -0.11938965
0.12902206 0.04632226 -0.16885516
0.20202930 -0.09892624 0.11699460
0.02568901 -0.08348763 -0.10138419
-0.02734108 -0.07901137 -0.01929360
-0.18774645 -0.06573580 0.16058736
0.17708766 -0.02041517 0.18415760
-0.19575714 -0.08321098 -0.11227097
-0.18626046 -0.08217284 0.08401050
0.40014884 0.00167906 0.02781269
-0.18304202 -0.08205593 0.08628538
0.14079851 -0.01926558 -0.03209107
0.07468048 -0.08125461 -0.07156329
-0.24625762 0.07520777 -0.12656862
-0.20346344 -0.04501127 0.13682750
-0.00540246 0.11950111 0.03083682
0.01577884 -0.04706290 -0.12362969
0.31438914 -0.08576992 -0.15378289
0.16490819 0.05571627 -0.08014192
-0.28016284 -0.02599460 -0.11519550
0.10426602 -0.04870237 -0.18449697
0.31008971 -0.00930569 0.18942413
0.22592323 0.01366180 0.19124250
-0.02416841 0.03413923 -0.17748794
-0.13030674 -0.08586792 -0.17017159
-0.01039317 0.07016036 -0.14711060
0.02534134 -0.08744647 -0.05285809
0.00554678 -0.08555309 0.06855227
-0.36868483 -0.07199358 -0.02361527
-0.30137059 0.00693686 -0.08831246
-0.36483887 -0.07537519 0.15593696
0.35759723 -0.01173158 0.12983128
-0.21483597 -0.07663522 -0.06610762
-0.36058924 0.04097345 0.16100892
-0.15148322 0.08338933 -0.11558735
-0.21785706 -0.01076259 0.18765524
0.13728008 -0.08213857 0.14554541
0.28925949 0.03825530 -0.05883978
-0.35949415 0.02950773 0.13859239
-0.11683899 -0.06018907 -0.18212005
-0.32539192 -0.06152967 -0.18215986
-0.00011678 -0.08358041 0.00986394
0.00203152 -0.03340067 0.18384977
-0.18603157 -0.03448672 -0.08524466
0.06829599 -0.07876894 0.15740484
0.05722699 -0.08713147 0.01189814
-0.35228655 0.01977031 -0.17044857
-0.07554486 0.01304619 0.18140693
-0.28947452 0.04096645 0.17258908
0.07017212 -0.05183226 -0.18689343
0.17745942 -0.02466951 0.16287237
-0.06895608 0.11816962 0.01600039
-0.03529074 0.11443376 0.09902354
-0.12615177 0.07029209 0.11484351
0.25006053 0.03858000 0.00943837
0.12554799 -0.08598776 -0.14295752
0.30904496 -0.07116599 0.11852533
-0.26949656 -0.07376485 0.17136851
-0.01597520 -0.08592819 -0.13069242
0.30963573 -0.09836239 -0.18808806
0.38301390 -0.05917476 0.13189965
0.11497542 -0.00664026 -0.17079768
0.01643442 0.04978386 -0.16437687
-0.09664492 0.11163059 -0.04335103
-0.02805306 -0.05240029 0.07081252
0.23757660 -0.08080241 0.17204711
0.07317952 0.02866559 0.18121731
-0.23404786 -0.05867450 -0.12923682
-0.20694605 -0.00994813 -0.09407998
-0.15423922 0.02334012 -0.17600593
-0.23448569 0.00580169 0.18022484
-0.17433988 0.07260928 -0.13919576
0.08246220 0.09498733 -0.06754278
-0.18169923 0.09872961 -0.07357064
-0.38816577 0.02287194 0.13795832
0.22152795 -0.03142036 -0.14013317
-0.29475600 -0.02040885 0.03901847
0.29551557 -0.09642027 0.18608373
-0.29441425 0.00024621 -0.13611311
0.12292703 -0.08893588 -0.06420286
0.01361604 0.06785198 -0.11999866
0.25478339 0.01078117 0.16005243
0.23393363 -0.10822023 -0.15707760
-0.33987337 -0.01971493 0.16239850
0.08954756 -0.08455410 -0.05535152
0.41249275 -0.07919331 -0.06414503
-0.16930054 0.01431561 0.18172263
-0.00286077 -0.08410545 -0.10968226
-0.39986718 0.03117704 0.10189740
0.34645909 -0.06569518 0.17964591
-0.29732004 -0.10316952 0.18843997
-0.39354351 0.05526831 0.03832857
0.32887685 -0.08583172 -0.10739471
-0.00826784 -0.08408508 0.05622760
0.18304138 0.00172644 0.18104300
-0.27524614 0.05374881 -0.01723274
0.24439006 -0.10083617 0.18345341
0.26138777 -0.04325793 -0.17238046
-0.32933280 -0.02142124 -0.17886609
-0.30007502 0.06514741 0.08242439
0.07998119 -0.00472888 0.17967686
-0.04504848 -0.04696105 -0.18343231
-0.28795615 -0.09593020 -0.18942748
-0.32258815 -0.07756485 0.00297616
-0.33712998 0.04841297 -0.13349637
-0.29964536 -0.08982621 0.12790406
-0.08285725 0.02764146 -0.12431402
-0.02185874 0.10398357 -0.10608003
0.39846918 0.00204996 -0.01793907
0.10081442 0.06028327 0.12334360
-0.39984810 0.00918797 -0.12327047
0.34940612 0.00715997 -0.14250968
-0.18333010 -0.05135581 0.18485546
-0.34528545 -0.07465349 0.11238503
-0.10961548 -0.01113824 -0.18679060
-0.03934459 0.05192953 0.11048949
-0.42626843 -0.01656408 0.00716244
0.29728454 -0.05573786 0.17069888
0.14756805 -0.02340752 -0.15117809
0.00684119 0.00099320 0.09085852
0.13649243 0.03658168 0.17690685
-0.33220497 0.04890796 0.15768147
-0.22997206 -0.07098025 -0.15417525
0.18322629 -0.05989078 -0.10423144
-0.23218878 0.07842800 0.12069868
-0.14911643 -0.07798970 0.14652964
0.01661120 -0.04841208 0.04374050
-0.26179519 0.05031541 0.16665496
-0.29168057 -0.06810073 -0.13277274
0.29625162 -0.06187753 -0.10616639
0.22624239 0.00890153 -0.18902691
-0.18418944 0.09009068 -0.03170436
-0.05635700 0.11372859 0.10857441
-0.39413378 0.01036348 -0.08313179
0.21957274 -0.02342572 0.17985268
-0.05536567 -0.05237700 -0.03803820
0.20927088 0.05192688 -0.03983639
0.06863961 -0.08596210 -0.17988297
0.10625859 -0.08378159 -0.05990424
0.23301910 0.00320985 0.18911687
-0.25957116 0.00692723 -0.13701904
-0.08176526 -0.08783672 0.18280286
-0.14870952 -0.06665310 0.18995941
0.32322806 -0.08996806 0.11313061
-0.20250121 -0.08321939 -0.06514395
0.20093568 -0.03377338 0.14792666
-0.09488317 0.09624523 0.11699897
0.01247276 0.10267027 -0.08315143
0.29915258 -0.10655453 -0.18034026
0.26525229 -0.01060714 -0.13164091
0.34801611 -0.08792813 -0.09056407
0.19241418 -0.02477489 -0.14311187
-0.20901996 0.09418855 -0.05338354
0.24142304 -0.04058405 0.16339514
0.04267522 -0.08622323 -0.10515982
0.25599080 -0.11160104 0.16200432
-0.02649834 0.00263055 -0.15505339
-0.36297613 -0.07444307 0.07767512
-0.12565984 0.11604704 0.06260392
0.20765033 0.05522859 -0.02523223
0.36154616 -0.00738318 0.12931903
0.17746739 -0.04237024 0.14277701
-0.38286361 0.05447081 -0.05840770
0.38435322 -0.08746608 -0.04724798
0.17298952 -0.06730801 -0.18114196
0.05463200 -0.06140133 -0.17749991
0.25712806 -0.07335401 0.06568620
0.29613194 -0.08550175 0.14202429
-0.20214394 -0.01335553 -0.08025675
-0.29190466 -0.07566799 -0.07213651
-0.30336547 -0.05823426 -0.13329396
-0.40874934 0.02855654 0.09607952
-0.13271661 -0.07826176 0.02049217
-0.23816350 0.07920477 0.05593593
0.24388294 -0.11123113 -0.17848168
-0.24741031 -0.00262489 0.17458035
0.21719925 -0.06673946 0.16331773
0.07156099 0.08528150 -0.12928806
-0.26276538 -0.07467517 -0.11489520
0.25565657 0.03820309 -0.07708894
-0.28503746 -0.08095423 0.04756837
0.10995307 0.08298676 -0.07197882
0.33863023 -0.02905864 -0.16381945
0.13461667 0.05600027 -0.09449370
-0.13281395 0.10477738 -0.09163484
0.08497456 0.05007085 -0.02344219
0.32971311 -0.02725447 -0.17682195
-0.11057399 0.06840079 0.03729637
0.22402988 -0.10172926 0.16805552
-0.14187370 0.11277952 0.03561435
0.17586683 -0.01460238 -0.16797879
-0.16722180 -0.08495395 0.10926602
0.14273001 0.04234573 0.16719003
-0.39737603 0.01940152 0.07077461
-0.06367381 0.12093753 0.04801638
-0.33439142 0.01186979 0.16783029
0.18207856 0.05026815 -0.11431612
0.40545487 -0.03826863 -0.06223758
-0.37433019 0.05892489 0.01250316
0.19494128 0.00904725 -0.17859463
0.18966278 -0.08084639 -0.11015885
0.31549129 -0.03678684 0.13196449
-0.18328366 0.05958023 0.09847051
-0.23680288 -0.00024706 -0.17827544
0.20619282 0.04444360 -0.07159773
0.18473050 -0.07577576 0.17128263
0.20967004 -0.05767042 -0.16045161
0.40854108 -0.03680322 0.10878721
0.27978265 0.03757581 -0.05786356
-0.25134665 0.02693203 0.17257278
0.00724794 0.03390025 -0.14055988
-0.20606706 0.05815025 0.06790657
0.08016364 -0.08395792 0.03324012
0.05781551 0.10243515 0.07839516
-0.19448775 0.01239253 -0.11653275
-0.30106747 -0.10873670 0.14305089
-0.06685871 -0.07910421 0.10168266
-0.07037669 0.10991208 0.05012709
-0.18685991 -0.09465899 0.15264705
0.23329027 -0.03116496 0.10365635
0.34924293 0.01534130 -0.06228596
-0.07552252 0.11509803 -0.10398633
0.02557116 -0.08504668 0.08387838
-0.33681467 -0.07663362 0.02168127
0.07132390 -0.06086811 -0.18422407
0.01745895 0.04919038 -0.14979896
-0.29732281 0.00642006 -0.18475068
0.04931425 -0.08486830 -0.08778775
0.14297664 -0.08182104 0.13885038
-0.31902063 -0.08116895 0.06320716
-0.28655016 0.01870317 0.18811557
-0.20222394 -0.02588332 0.18266930
0.16162696 0.05757780 -0.00962525
-0.27207702 -0.01871683 -0.17993429
0.05478898 0.10861672 -0.00950108
0.11498154 -0.08669816 0.07199789
-0.24796215 0.02298037 0.10689766
-0.35916132 0.05021304 0.12401389
0.34392622 -0.08835457 0.14153934
-0.40819219 0.02332590 -0.09376929
0.36063418 -0.08170115 -0.13537866
-0.03643798 -0.08352926 -0.05837626
0.28219342 0.00482518 -0.15953131
0.37790886 -0.02726518 0.11508340
0.05914948 0.09587178 0.11909261
-0.22701545 0.08304502 0.01806583
-0.16585740 0.10276119 0.01172414
0.23228148 0.01269964 -0.14348698
0.05924379 0.10780057 -0.01595088
-0.23223770 -0.10143390 0.14492069
0.03578889 0.03708230 0.08230257
-0.04160432 -0.00876282 0.18080679
0.16179237 0.00149497 -0.12316417
0.09836027 0.05243914 0.10022888
0.34820157 -0.07203889 -0.15522900
-0.11118179 -0.08268511 0.00998917
-0.42105567 -0.03448940 -0.11097157
-0.41471136 0.02934780 0.03238971
0.23544994 -0.02878589 -0.16000563
-0.01962463 0.01990419 -0.17382535
0.07203487 -0.07867002 0.11605164
0.03016654 -0.07348833 0.04985366
-0.07904122 0.03021426 0.17799518
-0.30475023 -0.09158555 0.18262300
0.28287125 -0.04556593 -0.18961051
-0.20615199 -0.03206721 -0.18006684
-0.12594400 -0.08159031 -0.03647484
0.41656956 -0.02038649 0.02345237
0.18646327 0.05811298 -0.02547433
0.42077866 -0.02292074 -0.06246879
0.05753451 0.04069094 0.10741065
-0.21785177 0.08898514 0.06615788
-0.37349620 -0.06119817 0.04188038
-0.18743892 0.09029262 0.12151496
-0.03788110 0.12006965 -0.06741137
-0.40434730 0.00321766 -0.06806318
-0.23020606 0.01108269 -0.12814060
-0.27274695 0.04816270 0.17437004
-0.40755579 -0.00865976 0.12927641
0.39800462 -0.00110575 0.03763635
0.20399357 0.04507105 -0.14305927
-0.23491979 0.06028612 0.14901967
-0.37605047 -0.07513706 -0.09162141
-0.33864561 0.05393462 -0.03859512
0.08985190 -0.07161528 -0.18138488
-0.24606898 -0.01661395 0.18053192
-0.11998505 -0.03494479 -0.14495312
0.09020828 -0.08953360 0.14504492
-0.12868150 0.08939820 -0.11068494
-0.24563634 0.07570849 -0.07274157
0.05528817 0.10546962 -0.06380174
0.19349556 -0.08489963 -0.18591060
-0.08798845 -0.08426702 0.07469022
0.29162240 0.02298016 0.16336219
0.27614015 0.03677943 0.04046096
-0.10087512 0.11040413 -0.06139140
-0.38313499 0.05443494 0.07776043
-0.41056186 0.00411802 0.10442866
-0.25088921 0.00007026 -0.18010908
0.42708912 -0.04319639 0.02947069
0.30136091 -0.01102837 -0.18903148
0.02128756 -0.08060943 0.13834618
0.28702927 -0.08295321 0.15766156
-0.28252682 -0.07688223 0.11001188
-0.42394245 -0.04456359 -0.03741041
-0.12303957 -0.08461514 0.13615817
-0.32639533 -0.03641031 -0.16281092
0.38364404 -0.01830461 -0.11080520
0.12013839 0.08388220 0.01748021
-0.02849149 0.11565559 -0.08307118
0.23495826 -0.11059370 -0.13732387
0.09677138 0.01620595 -0.17514940
-0.24965774 -0.06666724 -0.13746208
0.30588964 -0.08488265 -0.06610159
-0.38365662 0.01428702 0.12838589
0.02865752 0.11049680 -0.07329223
0.17467643 -0.01791685 0.15659335
-0.19738884 0.00567687 -0.10398288
-0.23193514 0.08661494 0.08579758
0.29906988 -0.03202542 -0.18332063
0.39962247 -0.05366572 0.06605998
-0.24651685 -0.00395362 -0.13761137
-0.12644865 -0.08269194 -0.07679322
-0.10404523 0.03257936 -0.16520128
-0.11095628 0.04329700 0.17540105
0.17680588 0.04937023 -0.13207828
0.14530919 -0.07694037 -0.17874362
-0.10297552 0.06903648 -0.14412057
0.36255726 -0.01140387 -0.15983386
-0.06988289 -0.04879130 0.18004344
-0.08818103 -0.08570394 -0.09473087
-0.39937565 -0.02337909 0.09727429
0.27380165 -0.00367048 0.12537841
-0.19096568 -0.07423901 -0.18320931
-0.30081564 -0.05418485 -0.09272186
0.05747872 0.05809265 0.16501360
0.23688439 -0.07631187 0.12789138
-0.25243953 -0.06302392 0.17765263
-0.21560515 0.00865352 -0.16442063
0.04959486 0.11128475 -0.00081508
0.32593244 -0.05194686 -0.16543551
-0.32445309 -0.07502897 0.17716064
0.31228861 0.02985610 0.07184853
-0.38290974 0.02898096 -0.05375163
-0.25841376 0.04947254 -0.17168064
-0.12112411 -0.08555004 -0.18655162
0.05288551 -0.07712398 0.05298489
-0.28678888 -0.09962563 0.14754410
-0.38268673 -0.06952912 0.03546258
0.18073212 0.03350272 0.17842311
-0.20092385 -0.00559298 -0.12900850
-0.19535980 -0.02746598 -0.13906761
0.20807126 -0.08704115 0.18046255
-0.32111669 -0.07385547 0.09472670
0.16369131 -0.08555631 0.01470560
0.15523353 -0.06449676 0.18673089
0.33746213 0.02399623 -0.08298251
0.37134439 -0.08608398 -0.05745760
0.04416703 -0.08058953 -0.16894118
-0.29890701 -0.10153334 -0.13874125
0.12753996 0.01404485 0.18234697
-0.38035789 0.04496980 -0.12047978
-0.41060495 -0.04479622 -0.12810057
0.29057860 -0.00661804 0.12604472
-0.21809027 -0.01040753 -0.11783338
0.10037652 0.06031956 -0.14033800
0.04840551 -0.08786456 -0.05026469
0.00792795 -0.07501958 -0.07054463
0.13067554 0.04637730 0.05746477
-0.25189972 0.05120813 0.01396091
-0.01186323 0.05431141 -0.15867892
-0.09093584 -0.08531778 0.00377103
0.39786047 -0.08523863 0.07836055
0.27304938 0.03594440 0.12113645
-0.03860955 0.10195290 0.12927042
-0.31612563 -0.01857497 -0.18228087
0.41180980 -0.00756604 0.00966108
0.07937154 -0.08318572 0.16980286
-0.33537328 -0.03422509 -0.13524497
0.14008710 -0.08775723 -0.00601554
-0.39120615 0.01717900 0.09677235
0.03429937 -0.02651989 -0.15081391
-0.11877644 -0.07899266 -0.15492518
-0.24449869 -0.04689085 -0.18565226
-0.18980189 -0.06221753 -0.12487342
-0.09718460 -0.06898095 0.04948492
-0.13951921 -0.02196300 0.18287362
-0.27198341 0.03765587 0.17722560
-0.08221228 -0.08022252 -0.03391603
-0.28978622 -0.04945055 -0.17707679
0.09135186 0.04863886 0.00093281
-0.10507519 0.09704880 0.12303498
0.13761984 -0.08128455 -0.01054273
-0.28391388 -0.10504147 -0.18962589
0.28757563 -0.08637495 -0.08699903
0.29672918 -0.01036817 0.15500936
0.31482491 -0.02978782 0.18653734
0.18752377 0.04660633 0.13350043
0.04473694 0.03794189 -0.17783509
0.19069532 -0.04335545 0.12605563
-0.02468685 0.11986053 -0.05863131
0.18041533 -0.08144730 -0.18751411
-0.21851373 -0.00121692 0.18917353
0.30259988 -0.08327768 -0.13092066
-0.39494625 0.00971373 0.08245053
0.29962489 -0.00557640 -0.15556084
-0.35783026 -0.07231381 0.01830323
-0.10149499 -0.02605881 0.18235889
0.19625615 0.05596865 -0.05003686
-0.17525214 0.10533373 -0.07819708
-0.26413086 0.07601371 -0.03109321
0.07805532 0.07596311 -0.12877126
-0.18972732 0.09779832 -0.06825076
0.36730027 -0.03009316 -0.13080654
0.06105191 -0.08812506 0.08944352
-0.31953874 -0.00332133 -0.18321125
-0.38064462 -0.00912683 -0.16109048
-0.26509902 -0.10709446 -0.19339019
-0.25079238 -0.09999961 -0.19028707
0.12887263 0.07582703 -0.06783289
-0.39880446 0.05329339 -0.01657351
-0.01276182 -0.00967986 -0.17564037
0.00703139 -0.00076495 -0.15307637
0.40061516 -0.08685195 0.10244312
-0.15511262 -0.08396406 -0.09309349
-0.22167675 -0.10814370 -0.15089667
0.17030446 -0.08403911 -0.17412888
-0.26952633 -0.04455642 -0.16180168
-0.02484085 -0.08689290 -0.05933537
0.07814369 -0.03291532 -0.18671083
0.00322854 -0.04504099 -0.12542590
-0.23243594 -0.08020906 0.11069911
-0.36821261 0.05790262 -0.02925216
-0.22607276 0.01196988 -0.14926873
-0.33083519 -0.05780151 -0.16895923
-0.26973146 -0.04920821 0.12375460
-0.33537143 -0.04107918 -0.09442624
-0.24332309 0.02477612 -0.15404235
-0.21514130 -0.08439838 -0.05763702
0.31749201 -0.05933990 -0.17910384
0.42888719 -0.07832570 -0.01224367
0.25018212 -0.08922391 0.16848826
-0.33917567 0.06598648 0.01578513
-0.27771586 -0.07270753 -0.11093937
-0.24788466 0.01726149 0.19140998
-0.14271164 0.10538028 -0.08244769
0.28412482 -0.02019183 0.17642233
-0.38471836 0.05764869 0.01592486
0.01215346 -0.04469098 -0.15240733
0.25346190 -0.10241811 0.18541743
-0.26392487 0.01901678 0.18976551
-0.23002923 0.05252948 -0.02605483
-0.24090572 -0.11173109 0.18587990
0.16807500 0.05756216 0.08720338
0.08103205 0.06436363 -0.12728600
-0.01857329 -0.08251445 0.03675385
0.14267068 0.05278902 0.13487454
-0.29766232 0.00966359 -0.03195189
0.22152703 -0.00367220 0.19392671
0.14953323 0.02788263 0.17097913
-0.06927565 -0.08327083 0.06510756
-0.08300546 0.08438614 -0.13101143
0.36259347 -0.00987260 -0.14081897
0.33242446 -0.02732730 0.17905332
