-0.36886701 -0.02460158 -0.13450153
0.43799835 -0.07437646 -0.00604023
-0.12251874 0.06509355 0.13427947
0.27967930 -0.08904263 -0.03076446
-0.13029987 0.11004303 -0.09828667
-0.23126255 -0.00821551 0.11676371
-0.32433990 -0.05624619 -0.15082806
0.34246707 0.00607220 -0.13291155
0.38206857 0.00656831 0.08164635
0.31747860 -0.03452896 0.12997963
0.15662667 -0.09470913 -0.14342481
-0.31102347 -0.08298119 -0.14714885
0.30059484 -0.09229702 -0.13615750
-0.26933092 -0.01843281 0.14204189
0.16502680 0.04647280 -0.07697150
0.05209164 0.00553030 -0.16012356
0.40613768 -0.04453739 -0.10757881
-0.22016606 -0.11392638 -0.15281977
-0.14272547 0.01635376 -0.15829228
-0.08592952 0.11933969 0.04993263
0.06323847 -0.03437515 -0.15537642
-0.24455772 -0.10586018 0.14962889
-0.09906118 0.10161662 -0.10888455
0.10369981 0.05584608 0.12755810
0.25969321 -0.06034008 0.11721142
-0.24618480 -0.11646569 0.13120455
0.34299856 0.01608929 0.03106678
-0.23697162 -0.05410727 -0.15277472
-0.20288904 -0.09090400 -0.10325739
0.13645326 0.04888868 0.07476725
0.37839571 -0.08851884 0.02175121
-0.38988605 0.06374660 -0.09851930
0.06432463 -0.09369863 -0.13021617
0.16196086 -0.08981783 -0.00206360
-0.20413089 -0.08807403 -0.04594878
0.09560155 0.01054962 -0.13049865
-0.01461141 -0.02373900 0.14621013
-0.44269624 -0.01734749 0.00544491
-0.09014922 0.01904351 -0.12796327
-0.30183479 -0.06992695 -0.14254771
-0.25355649 -0.02131236 -0.15660568
0.35910723 -0.08516398 -0.11474721
-0.13289648 -0.08085480 0.12444770
0.13123061 -0.08536858 -0.15187468
0.23616856 -0.11097027 0.15723236
-0.03546612 -0.08416429 0.11549202
0.18914613 0.01436931 0.13314776
-0.23209901 -0.02841442 -0.14955793
0.07302889 -0.07091202 -0.15713532
-0.07889877 -0.00311902 0.15119785
0.08521488 0.03739026 0.14888851
-0.42368087 -0.04008991 -0.12679139
0.20776525 -0.09369914 -0.11939313
0.30909616 0.01576830 0.10875092
0.15951338 -0.03442736 -0.02583780
0.00201418 -0.06425638 -0.15162498
-0.34265643 0.02533707 -0.14932331
0.08832424 -0.08400882 0.03865932
-0.27495307 -0.02721050 0.13709898
0.22309989 0.02160636 0.14776964
-0.10802010 -0.07481170 -0.14929450
-0.16344015 -0.03096875 0.15480441
0.01733991 -0.07806302 0.03346968
-0.24539566 0.05634949 0.04864767
-0.14506255 0.11611891 -0.00372497
0.17868596 -0.05354967 -0.10255594
-0.22789569 -0.08688053 0.03787979
0.24138959 -0.08994458 0.06436250
0.00293763 0.04483712 -0.13586585
-0.23456393 -0.11930438 0.13570286
-0.25375596 -0.08675320 0.13911936
-0.05335925 -0.08797365 -0.03077666
-0.01616268 -0.06151861 -0.03690344
0.29328921 0.01020414 0.13923468
-0.00437440 -0.09135328 0.02961860
0.20722467 -0.06653294 -0.15588783
0.22413214 0.03854571 -0.06032350
0.28436986 0.00554819 -0.14747597
0.21983945 0.00424152 -0.11584064
-0.19378152 0.10827968 -0.04189964
0.07285520 0.04730674 0.13140729
0.14136891 0.05929799 -0.02027792
0.25602114 -0.01217925 0.12435792
-0.32081777 0.06642255 0.02460859
0.41889441 -0.03557203 -0.10677990
0.20849019 -0.05828352 -0.14508314
0.25887024 0.03373169 -0.06481119
-0.16240917 -0.04005735 -0.04846348
-0.34807128 0.05621096 -0.04856963
0.23004451 -0.06749386 -0.14599109
0.23362094 -0.02462598 -0.15411684
0.09228483 0.06495987 -0.09037568
0.36757126 0.00853355 -0.03894664
0.38667995 0.00916969 -0.04809333
0.15042230 -0.05508576 0.12990579
-0.17632462 -0.08156806 -0.11525616
0.35145772 0.01866773 -0.02124766
-0.20699054 0.10094459 0.08511933
0.35716975 0.01844170 -0.09007059
0.21052702 -0.01536645 -0.11588925
-0.12539488 -0.08720011 -0.08851193
-0.33985683 -0.07940350 0.06040167
-0.44014230 -0.03002073 0.07388691
0.13059519 0.05997621 0.04223508
-0.16764146 -0.01472976 0.11622041
0.43266138 -0.02860308 -0.04132209
-0.44162890 -0.02635352 0.00061136
0.38914546 0.01105709 -0.02569638
0.04553890 -0.03363585 0.14980879
-0.22190005 -0.06702336 -0.12470759
-0.29714149 -0.04297741 -0.15871465
0.39183915 -0.00850423 0.11755383
0.30333304 -0.06001398 -0.15195878
0.23783052 -0.04448916 -0.14114119
-0.21592896 -0.09287493 -0.14290294
0.05778733 -0.09631464 0.14616133
-0.32023621 0.06535977 -0.10295935
-0.43986177 -0.01972887 -0.05772924
0.18421511 -0.02504941 -0.15916619
-0.24729477 0.09262859 0.02089252
0.16005462 -0.06321356 -0.14601836
0.11382891 0.06614581 -0.03785221
-0.05661623 0.11568545 -0.00856213
0.32148930 -0.06433903 -0.13090865
-0.30410179 -0.08319449 0.10310954
0.09873813 0.06719966 -0.06571489
0.29672959 -0.00354772 0.11136366
-0.15394516 -0.01626151 0.15951046
-0.37511277 -0.07336610 0.12148029
-0.32969856 0.06090184 -0.11765558
0.16815683 0.03906136 -0.03210425
-0.37908080 -0.07401125 -0.11043970
0.24992082 -0.08423237 -0.10685599
-0.34576246 -0.07924408 -0.13739194
-0.24766771 -0.01752339 -0.12965059
-0.08428007 0.11906052 0.01854320
0.23572987 -0.07883276 -0.15445761
0.22780138 0.03912434 0.00542185
-0.17848840 -0.03298486 -0.13358727
0.03612112 0.08168051 0.12157926
0.24330555 -0.08844928 0.14792128
0.41072166 -0.02336315 -0.10105651
0.31521824 -0.09386647 -0.10790722
0.34537929 -0.00307028 -0.14172915
-0.02355837 0.09105203 -0.09476543
0.28536046 -0.05559860 0.14266329
0.07794301 -0.05891946 0.15523303
-0.42376518 -0.05486088 -0.10686602
0.30336291 -0.00539416 -0.08838712
-0.02711716 -0.07645385 -0.14870067
0.20458798 -0.05179324 -0.14117792
0.25596780 -0.00367697 -0.16298240
0.31213468 -0.02752097 -0.14474376
-0.27431104 0.08962768 0.06356892
0.01582179 0.11022013 -0.02969702
0.07127318 -0.09332696 -0.09155419
0.13045271 -0.04094624 -0.15727891
-0.30429786 -0.00706288 0.11030494
-0.31348300 0.04242555 0.13449027
0.01452126 -0.04971566 -0.16174322
0.11783075 0.03986491 -0.14716372
-0.23372960 -0.05473313 -0.14036182
-0.30126798 -0.02440408 -0.15576345
0.37101912 -0.00096369 0.12532437
-0.17701967 -0.08291599 -0.09429867
-0.18174168 -0.01886706 0.16058797
0.01285263 0.10750590 0.01741056
0.28767022 -0.09846925 -0.13869773
-0.10163910 -0.08834042 -0.10043837
0.23492484 -0.11414666 -0.15419586
0.25912628 0.03186236 -0.06413624
0.09241046 -0.08727370 0.02264097
-0.30139711 -0.07276330 0.04665346
0.11581761 0.05721530 0.09425896
0.40673795 -0.00467061 -0.04901407
-0.06734928 -0.08939316 0.14793940
-0.27701932 -0.08749369 0.07975529
-0.04728591 -0.02662351 -0.13630183
0.19070029 -0.00848635 0.13202460
-0.28475773 -0.08344682 -0.15097132
0.42776057 -0.07560512 -0.06635031
0.27899376 -0.09482866 -0.00343833
0.27281463 -0.04415656 -0.15329988
0.11209430 0.05877326 0.08995259
-0.15454336 0.04073417 0.14924085
-0.15052623 -0.05349611 0.15773970
-0.03331800 -0.08706554 -0.12211360
-0.31267071 -0.03312634 0.15178236
0.42697486 -0.00829846 0.01255263
0.40315500 -0.00463974 -0.09439872
-0.19835496 -0.01245272 0.14196177
0.10141560 -0.04392188 0.15523681
-0.44751787 -0.03363333 -0.01706306
-0.19627792 -0.02601665 0.09890371
0.16709991 -0.08692359 0.06334457
-0.17477302 0.06911802 -0.12598941
-0.38141605 -0.07271282 0.07871635
0.23679766 0.03447727 -0.10276707
0.15249746 -0.08857884 0.09296656
-0.39150006 0.06204137 -0.07633801
-0.06628294 -0.08955762 -0.01037079
-0.42432952 -0.06853801 -0.09074038
0.04638588 -0.08530412 0.10951664
-0.18232517 -0.02085136 0.04344836
-0.15355372 0.11485863 0.01230476
0.29946646 -0.08994205 -0.08080086
0.20478091 -0.03213090 0.08282720
0.07056552 -0.02586291 0.16096264
0.15498038 -0.08658501 0.09948336
0.30222923 -0.03174029 0.12693363
0.42299375 -0.08455918 -0.02886597
0.20061772 0.03602589 0.02187635
0.07007006 -0.04584628 -0.06672581
0.02945695 -0.05609801 -0.01767033
0.20103979 -0.01727756 0.14912808
0.33332157 -0.09438802 -0.13034746
-0.28117481 0.05747542 -0.10772243
0.03859395 -0.06738992 -0.06008486
-0.16613655 -0.03561732 -0.15430069
0.39388865 -0.01614632 0.09603945
0.17668515 0.03869555 -0.04660529
0.34310734 -0.08928453 0.14742059
-0.23977682 -0.02062549 0.12663329
0.26003823 -0.10503247 0.12015153
0.30489060 0.02627427 -0.03271184
-0.20263807 -0.07897247 -0.15076241
-0.27663818 0.00397673 0.13757664
0.03898526 0.08181764 -0.11995018
0.37389371 -0.08813784 0.02882868
0.15673296 0.05427152 0.04712652
0.14288117 0.04225668 -0.13052985
0.14058656 -0.09080532 -0.10217463
0.14011909 0.05173347 0.07741000
0.08027892 -0.08236526 0.09500770
-0.25374523 -0.10350218 -0.15333235
0.08938084 0.05646407 0.12848333
-0.10046013 -0.08451074 -0.11921009
0.31208318 0.02355870 -0.07694942
-0.41812736 0.02998911 0.11744252
0.03686752 0.06209233 -0.13892092
0.02051893 -0.08558233 0.01174577
0.11014221 0.03192372 -0.04094993
0.14020362 0.03616391 0.13936110
-0.21642660 0.10610466 0.05456990
0.07023592 -0.09297180 0.06254242
-0.32171950 0.06144825 0.08120186
0.19803083 -0.07930714 0.16099802
0.07182119 0.09352336 -0.03265377
0.03108377 0.09620657 0.10774842
-0.10117715 -0.01370076 0.15702082
-0.21210232 -0.05486528 -0.11780173
-0.12637891 -0.05404370 -0.15239608
-0.00570572 -0.08657233 0.11369228
-0.22737084 -0.08289503 0.00545945
-0.22849935 -0.08731840 -0.01747766
0.20336930 -0.03982095 -0.15574853
-0.03935672 0.00499636 0.12642942
-0.00263498 -0.08683234 -0.04088905
0.39541262 -0.01823273 0.09479497
0.24958783 -0.04723064 -0.05390770
-0.21683523 -0.00269604 -0.13543718
0.15144983 -0.08687106 -0.11513559
-0.03409540 -0.08563922 0.15428585
0.37765670 -0.03430491 -0.13908127
0.25823373 0.02741376 -0.06814079
0.18919805 -0.02669498 0.11790583
0.27894089 -0.10804737 -0.14429128
0.25829387 0.00801875 -0.15705656
-0.29225358 -0.04042441 0.15493509
-0.20445168 0.04555907 0.00889940
-0.08038427 0.00768144 0.16056404
-0.25713536 -0.06572157 0.13544607
0.01100040 0.07988341 0.12325472
-0.41192392 -0.06908064 -0.07365420
0.25875247 -0.00074946 -0.02277268
0.04934707 -0.07778465 -0.15055317
0.06138751 -0.07891063 -0.06113360
0.34384668 0.01489851 -0.08087157
0.27437377 0.00384753 -0.15446924
0.08372228 0.08088385 0.02030468
-0.07103559 0.11779644 0.01375238
-0.12551634 0.09911542 0.11077115
0.00892574 -0.05427043 -0.03637587
-0.04064467 0.10895150 -0.10485980
-0.14747685 -0.00169429 -0.15741678
-0.05451435 0.11818298 -0.00331558
0.24363732 -0.03586771 0.09713414
0.21710259 -0.05064664 -0.16146822
-0.08726585 0.11347844 -0.03677130
-0.06789017 -0.05764003 -0.15312871
0.33941919 -0.01388199 -0.13576874
-0.24410406 -0.08316685 0.03492679
-0.38412434 -0.07287348 0.00674860
0.13863710 -0.09014251 -0.00450034
-0.13015792 0.05402625 0.13170965
-0.42002156 0.05666237 0.05807081
0.40042570 0.00987512 0.04296671
-0.19076644 -0.00794267 -0.10140382
0.04341145 0.06401101 -0.13484484
-0.41261572 -0.06719837 0.09533225
-0.26014683 -0.08830372 0.10016174
0.37798336 -0.09417791 0.09967133
0.25977501 0.00409162 0.15883920
-0.18322967 -0.09200701 -0.00731660
-0.05085328 0.04188610 0.14716065
-0.42683041 0.00884512 -0.10466284
-0.21200946 -0.03810541 0.12446425
0.42542973 -0.03690318 -0.09863836
-0.21512584 0.10252447 0.01783045
-0.13015881 -0.01637458 -0.15646905
-0.24186343 -0.11136150 0.10895653
-0.26398033 -0.01854478 0.13724843
-0.07416130 -0.07861834 0.10363372
-0.22337632 -0.04463857 0.07956903
-0.06003089 0.01124951 -0.11801634
-0.31326580 -0.06332651 -0.15139714
-0.35175321 -0.07763788 0.09087050
-0.16201350 -0.03481565 0.14322141
-0.06182902 -0.02360746 0.15714972
0.27897376 -0.09040711 -0.02453991
-0.13671169 0.11735488 0.08033299
-0.02335837 -0.05576617 0.13773589
-0.17488115 -0.05140706 0.15533808
0.21141666 -0.05091603 -0.14716010
0.14209309 -0.06720679 -0.15713400
-0.38940960 -0.02718382 -0.14233513
-0.13291837 -0.01533583 0.15987766
0.22767530 0.03470676 0.06290688
0.08744869 0.02838292 0.07955732
-0.39544028 0.06651674 0.07887638
-0.25719684 -0.05872633 -0.09688993
-0.20014840 -0.02955355 -0.13298184
-0.42281464 -0.06799150 0.01260631
0.41046554 -0.00114097 0.06411519
0.30454189 -0.10536472 0.13015027
-0.10621960 0.04411205 0.14250241
-0.22220489 0.07260341 0.12102981
0.40901107 -0.00996887 0.08572783
0.29557851 -0.11369752 0.14599645
0.24401401 -0.11524324 -0.11638821
-0.21302965 -0.08250068 -0.01542746
-0.27309251 -0.07552142 0.14087148
-0.35184267 -0.07539917 -0.05069346
0.15678857 -0.08964917 0.10235313
0.25894830 -0.00131330 -0.13490148
-0.17579508 -0.04237273 0.01505322
0.10917772 0.05991028 -0.12601660
-0.26005220 0.10023515 -0.03749190
0.02246576 -0.05755813 -0.15286227
-0.21852933 0.10914585 0.01405013
-0.40950149 0.06051742 -0.02133795
-0.24767712 0.00336861 -0.09724490
0.32465526 -0.02131167 -0.15402129
0.24333146 0.03208011 0.06810995
-0.10911112 -0.09786469 0.13314387
0.03896468 -0.08150315 0.15488154
0.13373774 -0.08587266 -0.14096242
-0.38306382 -0.07650714 0.02302681
0.07144596 -0.06590326 0.12359229
0.18028274 -0.06761905 -0.11403239
-0.09881094 -0.00867637 -0.15852638
-0.15095547 -0.03694628 -0.15483052
0.17864466 -0.09238991 -0.01833727
0.42058900 -0.00593028 -0.03807534
0.29740277 0.02954728 0.03698473
-0.18058015 -0.08482196 0.11030010
0.21572301 -0.06943724 -0.15194671
-0.24370596 -0.11112919 0.14366588
0.12855288 -0.02842078 0.15822189
-0.01952132 -0.00460217 -0.15374903
-0.08640242 -0.08015099 0.11593520
-0.07898247 0.11554474 -0.05594124
-0.12025833 0.11576772 -0.01970320
0.24096151 0.02933801 0.09286036
-0.14046192 -0.03303003 -0.15955997
-0.23204550 0.00649479 0.15618804
-0.16197997 -0.08862491 0.09359996
-0.19567597 0.00387433 -0.14175515
0.10614496 -0.05235944 -0.15371464
-0.34092844 -0.07920319 0.07541073
-0.40621039 -0.00022090 0.14001486
-0.19040574 -0.06696809 0.13758355
-0.26024091 -0.00863608 0.15443736
-0.05061972 -0.01552119 0.16058470
-0.42102185 -0.05496500 -0.11887219
0.12798242 -0.08953895 0.03651302
0.37043658 0.00858854 0.09932521
0.17553124 -0.04580260 -0.16134879
0.33225834 -0.09010942 -0.07312597
0.27419218 0.00682884 0.01966012
-0.26787350 -0.07395114 0.15166417
0.41342729 -0.08577918 -0.10352170
0.36173972 -0.02410945 0.14942196
-0.20408003 0.09114634 0.10420933
0.00054545 0.08811837 -0.11474203
-0.27481005 -0.12039024 0.15560995
0.26659101 -0.11660687 0.12521143
-0.08843955 0.01475480 0.12316076
0.15225987 0.05392554 -0.02818369
0.00010723 0.11015287 -0.08059581
-0.02514767 0.08742043 0.10400383
0.28585276 -0.04237847 -0.12917806
0.43707481 -0.05659844 -0.00558762
0.10866956 0.00913953 -0.15892322
-0.29311770 0.06878232 -0.11242197
-0.38243231 0.06545787 0.03742636
-0.05228913 0.01676538 -0.06486934
-0.09608005 0.04557046 -0.13938002
-0.42006487 -0.06705502 0.09282460
-0.27521586 -0.05624505 0.11854059
0.37981987 0.01448488 -0.06414530
-0.23878266 -0.00866057 0.10677630
0.09198074 0.04016535 -0.05623548
0.06285416 -0.08686174 0.13518755
0.04289114 -0.03903880 0.02320307
-0.09635254 0.08372897 0.12063990
-0.06309001 -0.08102914 -0.12429207
0.00264296 -0.05435527 0.15274143
-0.27339286 -0.09934527 -0.12688918
0.01888609 0.07882725 0.12175244
-0.12759791 -0.09013898 -0.13843127
-0.23440464 -0.05682634 -0.14976230
0.24492058 -0.08492655 -0.12891504
-0.32903677 0.06275946 0.10126682
0.36277857 0.01004607 0.08743721
0.11467544 -0.04992263 0.15211776
0.30843779 -0.03039899 -0.12357158
0.24230640 -0.01219560 -0.13089557
-0.28938025 -0.08276407 -0.07590077
0.22839402 -0.02004512 -0.15809777
0.22707261 0.03952485 0.04332885
-0.21245854 0.10334321 0.06932448
-0.29840776 0.07955738 0.00912129
-0.27638260 0.08032100 -0.05679514
-0.31475458 0.05443278 0.13243252
0.22913653 -0.00581703 0.15654875
-0.01329422 -0.04812392 -0.14062452
0.31475535 -0.09810113 -0.15310106
0.39374799 0.00488385 -0.03413413
-0.22089633 -0.10058628 0.13595237
0.09072261 -0.08832491 -0.11052886
0.07731707 -0.08998162 -0.01006608
-0.32800892 0.00013523 -0.15731572
-0.01903141 -0.01798695 0.16137867
-0.09816670 0.11600039 0.06211092
0.27049711 -0.00087740 0.12473683
-0.11704704 0.11162356 -0.09309042
-0.26190403 -0.01127446 0.14114855
0.31705582 -0.04208861 -0.13117106
-0.40790924 0.05227329 -0.07119295
-0.25057513 0.05752236 0.12773825
-0.17727064 -0.08952201 -0.07228567
-0.10898053 0.10936711 -0.10051224
0.32099915 -0.07162906 0.05629756
0.21008694 -0.09277941 -0.03682045
-0.42924160 -0.00336853 0.08580662
-0.37982658 -0.01693291 0.14919193
-0.13870619 -0.00801980 -0.15412085
-0.20350863 -0.01938318 -0.15701284
-0.03476634 -0.09045674 0.07218318
-0.19152689 -0.04130312 -0.11036222
-0.07153111 0.00488378 -0.15290508
0.34065810 -0.04891089 -0.13684538
-0.40573189 -0.07470229 -0.03830874
0.16013722 -0.08656114 0.01896168
0.18603154 -0.00303238 -0.15449578
0.24780442 -0.02131695 -0.15393779
-0.23283656 -0.01865702 -0.15235096
-0.28430080 -0.04942552 -0.15872094
0.19750375 -0.04448266 -0.13217089
-0.30537334 -0.05271158 -0.13358153
-0.27979743 -0.09521347 -0.15536088
-0.27232122 -0.00679113 0.10642488
-0.13082236 0.11422263 -0.04423694
0.00932443 -0.00030433 -0.13617022
-0.23064090 -0.03160097 0.14267939
-0.40000421 -0.04348247 -0.14293262
-0.14626791 0.04853603 -0.13998637
0.38681138 -0.06618622 -0.13997392
-0.03427158 -0.08024620 0.14729659
-0.30912367 -0.00811070 0.15311757
-0.24183875 0.09521218 -0.10355685
-0.14832264 -0.06527662 -0.10331428
0.17268668 -0.05839515 0.10694046
-0.09804174 0.07404535 0.12776749
-0.08073261 0.10983701 0.10982735
0.33944920 0.00825978 -0.10723896
0.25149992 0.03057872 -0.13282125
0.07993153 -0.08704105 0.12756835
0.21463233 0.00117215 -0.16250604
-0.21909444 0.04949736 0.13132675
-0.43250534 0.00128076 -0.11058236
-0.17686318 -0.09840536 0.15656422
-0.32040721 -0.06404970 0.15211146
-0.16596766 -0.09048007 -0.11093916
0.19429004 -0.02989530 0.13979489
-0.15678838 0.11805589 0.07711589
-0.24575682 0.02005184 0.15307458
0.00266345 -0.08126651 0.14806776
-0.38888541 -0.07074035 -0.00679677
-0.32633740 0.03527303 -0.13673428
0.18645728 0.04168931 0.07541543
0.06667578 -0.08122656 -0.13996634
0.16567305 0.04238038 0.01753236
-0.28594366 -0.07606073 0.14912255
-0.40718502 0.06560303 -0.10931017
-0.05654056 -0.06357474 -0.14985247
0.18127576 -0.06879284 -0.14228606
0.22668682 0.03230671 0.02689379
-0.19411440 -0.07063913 0.11593436
0.30788091 -0.08953986 -0.05058071
-0.06092762 0.05241806 0.13814738
-0.24911050 -0.00160189 0.12964018
-0.28887242 -0.07377888 -0.13966049
0.03503055 -0.03730115 -0.12450476
-0.41680509 0.01325537 -0.12860186
-0.16024946 -0.06411102 -0.09494267
-0.39834651 -0.07206630 0.10366696
-0.15717962 -0.05760184 -0.13014106
-0.36883655 -0.07490583 0.11320791
-0.39956212 -0.06984852 -0.09937752
-0.42461786 0.03428964 -0.08577219
0.27394757 -0.02225671 0.13396186
0.28238374 -0.08308078 0.14914818
-0.19094211 -0.02768060 0.15332510
-0.06821729 0.03624787 0.14375010
0.11078871 0.04756975 0.12785828
-0.00935423 -0.07706418 0.02938309
-0.32643452 -0.02356668 -0.15321916
0.21293619 -0.08970824 -0.05704312
0.31454682 -0.09037478 0.02982271
-0.03803018 -0.06066392 -0.03741300
-0.15434715 -0.09019150 0.13108669
-0.09762448 0.01540677 -0.12781784
0.18718973 -0.09074886 0.14440858
0.34516788 0.02086590 0.02685255
-0.23723933 0.01320872 -0.13609096
-0.16831288 -0.03933135 0.07125530
0.26255557 -0.08803298 -0.08272002
-0.42242053 -0.05001055 0.08646952
-0.14983183 0.10677817 0.10466461
-0.42893854 -0.05607463 0.12023841
-0.25149056 0.06570469 -0.11903814
-0.11743316 0.11523498 -0.03342738
0.13348897 0.00344219 -0.15782101
-0.42776117 -0.07028688 -0.02001736
0.12839802 0.01378768 0.15321890
-0.33670479 -0.08127245 -0.02606819
0.00674572 0.03388308 -0.14249080
-0.27931643 -0.07832495 -0.15256113
-0.29221761 -0.02837139 -0.11032853
0.20180918 -0.02534011 0.07652090
0.39428201 -0.00356967 -0.09005194
0.40830445 -0.08895783 -0.05984698
-0.07125382 0.02228356 0.15279984
-0.06549805 -0.08665603 0.14323889
0.32703078 0.01819940 -0.12643880
-0.27672654 0.00566005 0.13314717
-0.09910305 -0.08370500 -0.15130442
0.41976941 -0.00553630 0.05525512
0.10130343 0.06782880 -0.00403202
-0.35470161 0.05545066 -0.07548445
0.09137467 0.02758962 -0.15584674
0.03755280 0.09851254 0.08768844
0.08588458 0.07070656 0.05059312
-0.18397869 -0.07768505 0.11964214
-0.04236392 -0.08931993 -0.11958026
0.37981102 -0.01455529 -0.11685214
0.12404191 0.05987367 0.02291870
-0.13088752 -0.07747937 0.02729582
-0.09207284 0.03730479 -0.14710191
-0.14614211 -0.09025183 -0.02407505
-0.13692304 -0.08133113 -0.13627654
-0.28533649 0.06973753 -0.10479999
-0.22161098 -0.11204489 0.15600072
-0.27150127 -0.04346612 0.10064231
0.34871823 -0.09158384 0.07842410
0.38931316 -0.08985545 -0.08436368
-0.23471585 0.09569674 0.09330367
-0.08497983 0.11295313 -0.08549019
-0.24365906 -0.07072478 -0.15298465
0.33357584 0.00825610 -0.14530250
0.20425875 -0.09906065 0.10434755
0.29109210 -0.09582094 0.14201811
0.15372640 -0.08463686 -0.15453853
0.30398020 0.01824253 -0.12583049
-0.22706535 0.05446558 -0.13972276
-0.24245110 0.08504097 -0.10682391
0.32467264 0.01040884 -0.13340688
-0.14199175 -0.09018084 0.03819766
-0.14322211 -0.08304735 0.04399899
0.28756791 -0.02988215 -0.10254385
0.13796465 -0.08667594 0.12278125
-0.22510874 -0.02721590 -0.14769320
-0.12787372 0.05375782 -0.13925704
0.23219529 0.02870583 0.13871323
0.32638374 -0.01047899 0.15201503
-0.20073786 -0.08597050 -0.06532821
0.02597850 -0.08959600 -0.14321266
-0.19162612 0.00997129 -0.15358564
-0.35292724 0.05934731 -0.12993607
0.27459472 -0.04447979 0.10231330
-0.39328045 -0.06888536 -0.09975973
-0.18919323 -0.03028509 0.11436281
0.36572596 0.00901202 0.10114371
-0.14468341 0.11715372 0.02575132
0.41448507 -0.08478797 -0.02775799
0.23315421 -0.08892050 -0.07438769
0.42165449 -0.08718120 0.03117901
-0.29822457 0.06752267 -0.07646590
0.36780614 -0.05177838 -0.14967057
-0.31356853 0.07505289 -0.02870508
0.20572941 -0.07455593 0.14835714
0.15281458 -0.08727399 0.03252338
0.06713495 -0.06681508 -0.08776452
-0.26680270 -0.11817611 0.13292634
0.39847612 -0.00757439 0.08682251
0.23834023 -0.06380222 -0.14266993
0.16452737 0.04035894 -0.03500099
-0.18164851 -0.04723568 0.13818380
-0.25192428 -0.06111117 -0.14990707
-0.43523607 0.00058963 0.03761486
-0.23014972 -0.00394920 0.13890509
-0.22307329 -0.10104385 -0.13403730
0.42193761 -0.01420874 -0.00869401
-0.16484174 0.03547540 -0.14894499
-0.42820710 -0.05236001 -0.11978438
0.22980957 -0.03757161 0.10460430
0.26711354 -0.09759527 -0.13218291
0.23980616 -0.10759277 -0.14182276
0.22393230 -0.09082206 0.06657892
0.04108044 0.10385749 -0.02832851
-0.30864826 0.07515829 -0.02118483
0.01593130 0.02861582 -0.14818791
-0.10140245 0.12144431 -0.05146126
-0.10806894 0.01706227 -0.13039197
-0.23217981 0.06223520 0.12443143
-0.16335814 0.10670837 0.10144949
-0.05862888 0.07585844 0.12671913
0.27451077 0.02613373 -0.11269943
-0.01927775 0.11327220 0.04497925
-0.13828455 0.11139186 -0.07503451
-0.27768886 -0.05988665 0.14756164
0.17600836 0.02230242 -0.14245708
-0.43028659 -0.00291413 0.08340979
-0.11233456 0.11380585 0.07636516
-0.22993362 -0.07955474 0.09141765
-0.05499107 -0.07354755 0.02406397
-0.34586957 0.02847112 0.14030267
-0.01819008 -0.02785981 0.13915923
-0.09374644 -0.03611654 -0.15013610
0.23157261 -0.00520571 -0.15924312
0.21699363 -0.08614781 0.12637793
-0.29258612 -0.08036954 -0.15311413
-0.20205365 -0.10852087 0.10985421
0.29629895 -0.08727871 -0.09800255
-0.24770202 -0.01309709 -0.12534349
-0.21287401 0.00430586 -0.03051174
-0.17320876 -0.08816006 -0.01615263
-0.43783152 -0.00653846 -0.06460904
-0.24169374 -0.08163042 -0.09495219
0.26069966 -0.02012295 -0.09216437
0.21502888 -0.02319952 -0.11310129
0.38041493 -0.01334741 -0.13717480
-0.34999141 -0.05476487 -0.15161917
0.34375623 -0.07269490 0.09143749
-0.30726027 0.06703658 0.06190185
-0.13166682 -0.08890424 0.12988724
0.08982075 0.07418217 0.02976155
0.27570474 -0.09102470 0.03126299
-0.21440533 -0.00204386 0.14399791
0.11937553 0.04741308 0.10209593
0.20275348 0.04198782 0.00736714
-0.28162727 -0.04147013 -0.14751968
-0.02969941 0.11030295 0.10520905
-0.28944054 -0.09471309 0.14677018
0.34829935 -0.05063020 -0.10352322
-0.10873930 0.12168141 -0.05856121
-0.26399073 -0.07912645 0.08913357
-0.06798286 0.06718266 -0.09728987
0.26041570 -0.08865201 0.01141370
0.42986649 -0.05700533 0.01665646
-0.30962554 -0.08407128 -0.05787700
-0.23421977 0.08149576 0.10523404
-0.16080438 -0.09018458 -0.07838535
0.06317058 -0.06812060 0.15191160
-0.26452559 0.05412240 -0.01691860
-0.31005916 0.01944514 -0.15282206
0.34696370 -0.00184588 0.14362557
0.25067988 -0.05031766 -0.13795899
-0.40106386 -0.07003433 -0.11439040
-0.09340229 0.07801164 -0.12410686
-0.40932196 -0.06175956 -0.11445785
0.16088797 -0.09397727 0.10449058
-0.21525139 -0.08912054 0.05698429
-0.21407129 -0.08946326 0.06179737
0.18867356 -0.03695448 0.15414439
-0.19199106 0.11220860 -0.05726152
-0.02282357 0.11206907 -0.06017637
-0.10997311 -0.04747491 0.16143921
-0.34365392 -0.07600264 -0.07029368
0.07888468 0.01405327 0.15110867
-0.40034121 0.05080746 -0.12333336
0.06696621 -0.03243785 0.13093689
0.03213619 -0.08560628 -0.07864150
-0.02068920 0.11393583 0.06963965
0.29897588 -0.02568370 0.13068987
-0.35294148 0.05026291 0.14186403
0.01664305 -0.03149640 0.13569057
-0.30710280 -0.07533823 0.12897912
0.00891412 -0.08775277 0.07265428
0.25517371 -0.00627976 0.15776427
0.10269061 -0.00023516 0.09270412
0.00432808 -0.08254813 -0.12450628
0.41138461 0.00177897 0.02147678
-0.24016637 -0.02857056 -0.12913461
0.26026666 -0.09181820 -0.06156224
-0.17819753 -0.03665596 -0.15450346
-0.03268760 -0.01548455 -0.15075298
0.36615539 -0.08481753 -0.11975987
0.25014853 0.00172342 0.13028295
-0.21017545 -0.02812841 0.13851552
0.21724194 -0.07110506 -0.15233490
-0.16886520 0.06238359 -0.12948678
-0.44648874 -0.02661633 -0.04813050
-0.11721057 0.01186503 0.16135147
-0.18865556 -0.08456969 0.07720241
0.39566982 -0.00232872 -0.07859769
-0.28675604 0.07223084 -0.04169892
-0.25977248 -0.02548889 0.11005934
0.12389827 0.05458524 0.09703171
-0.05385145 -0.05189080 0.08679068
-0.13395345 0.11497286 0.05504726
-0.07665417 -0.09093997 -0.12409599
-0.42576107 0.01974034 -0.08453196
-0.26369327 0.09315605 0.06774319
-0.40782717 0.00606006 0.11990163
0.01371879 0.05017685 -0.13756236
-0.19219700 -0.08250189 -0.10678788
0.05469268 0.03408816 0.14441028
0.23006059 -0.01443885 0.15958963
0.05902898 -0.05714357 0.15455478
-0.00045488 -0.08877352 -0.03501127
-0.19941925 -0.01577479 0.15670882
-0.39404184 0.05657690 0.12238535
-0.09660581 -0.09082866 0.06003353
-0.26277348 -0.06435038 -0.14998630
0.08159193 0.06952436 -0.03237933
0.00899305 -0.00865334 -0.15520592
-0.26308987 -0.04927754 -0.15012215
-0.11596145 -0.08373477 -0.04798108
-0.21270888 -0.09423387 -0.11544781
0.37647411 -0.02208175 -0.12767191
0.37043962 -0.09015223 -0.01215936
0.18783295 0.03965922 -0.00308416
-0.39081311 0.07261989 -0.09466482
0.37727290 -0.05146301 -0.14297837
-0.35970759 -0.07096571 -0.10839443
-0.01167641 0.06703161 -0.12879607
-0.10928519 -0.07170668 0.15419002
0.21704625 -0.03468613 -0.08726017
-0.22484364 -0.01333250 0.12305818
0.42607513 -0.08504877 0.00427264
0.16063298 0.04536423 0.09507664
-0.17241406 0.04405716 0.13570723
0.27426186 0.02863834 0.06442165
-0.29472786 -0.08229651 0.11912614
0.08632717 -0.04969069 -0.15668128
-0.12758765 0.11219550 0.10343223
-0.28980109 -0.11059524 0.15466890
0.14757080 0.04865513 0.02325955
-0.19439927 -0.01593223 -0.14520133
0.14862196 -0.03724474 0.15792723
0.40619102 -0.06611705 -0.11558845
-0.07419296 0.11251397 -0.07153498
0.06281137 -0.06466641 -0.14403439
-0.26480854 0.04465924 0.14581542
0.13258956 -0.08893532 0.05348212
0.30284050 -0.05785498 0.12598847
0.25637794 -0.05963703 -0.14831465
-0.12605001 0.11230634 0.07088830
-0.18298061 -0.02694479 0.04596328
0.15785372 0.03837855 -0.11011396
0.17485048 -0.09087921 0.05434323
-0.29037037 -0.01140726 0.12207157
-0.39331779 0.06272621 -0.06479860
-0.29361469 -0.07307725 0.12879167
-0.28822261 0.01138465 0.15604149
0.25895858 -0.00517314 -0.15892163
-0.02040325 0.05457573 -0.13408345
-0.41419342 0.02969216 -0.10191277
0.27844375 -0.10845190 0.10833830
0.28703851 -0.07595320 0.14295724
-0.20554343 0.08931240 -0.11358926
0.03679826 -0.00071167 0.15894108
0.42558461 -0.08637205 0.03841716
-0.43183911 -0.00413257 -0.11834992
0.05843392 0.03352853 -0.15307064
0.01589006 0.03745606 -0.15227272
-0.42822209 0.01329116 0.07801740
0.29317468 -0.09105269 -0.13532960
-0.20301190 -0.00436045 0.13494202
-0.23235631 -0.09785365 -0.15225160
-0.33146596 0.05597479 -0.04611867
-0.14557149 0.01668055 -0.13811404
-0.42982802 0.04534303 -0.03837114
0.30825624 -0.07877793 -0.13260844
-0.01226393 0.11443127 -0.04000971
-0.28267199 -0.07999136 0.09256773
0.06189968 -0.08851100 0.14673267
-0.08697083 0.11575441 -0.00196845
-0.24556139 -0.09495524 0.15505053
-0.23040348 0.00409355 -0.15335435
0.22068879 0.00721306 -0.15267435
0.26667631 -0.06936602 -0.14053026
-0.23031560 -0.00629098 0.15931280
-0.07268232 0.07596456 0.12858333
0.34700319 0.02022393 -0.01476634
0.19438457 -0.03372349 -0.08897519
-0.11883391 0.10923067 -0.07391626
-0.14955127 0.07186557 -0.12532191
0.43134773 -0.03808507 0.03368921
0.15541066 0.04145835 -0.05084046
-0.06683018 -0.07059020 0.14939652
-0.43633503 -0.00213146 -0.09162204
-0.26018432 -0.08647328 -0.08186529
-0.37322834 0.04794476 -0.13426524
-0.37238324 0.05819588 -0.03357129
0.28236079 0.00854543 0.15397291
0.19792348 -0.03189438 -0.13309053
-0.39451167 0.00771644 -0.12708817
-0.23804733 -0.00302387 0.11405410
-0.23165135 0.00717318 -0.14964056
-0.44043651 -0.03745205 0.05211838
0.13111146 0.04011111 0.14011978
0.31389779 -0.01015939 -0.15015960
-0.26915103 -0.05843120 -0.12311368
-0.36231118 0.05514273 0.10835830
0.35053375 -0.00010663 0.13331866
0.17318738 -0.01377957 0.14944473
0.21391663 -0.05474955 -0.11775234
0.06809007 -0.04949558 0.15759489
-0.00562486 -0.08419496 0.14690064
-0.02641701 0.11509008 0.00835617
0.37012556 0.00133917 -0.10991519
-0.35106531 -0.07736027 -0.08940287
0.33775797 0.00990672 0.12568928
0.05355779 -0.09125265 -0.06496717
-0.00514256 0.01007160 0.14641070
0.04333069 -0.09022204 0.06260397
0.30796677 -0.01013055 0.12602977
0.07095306 -0.07353817 -0.15334687
-0.20218700 0.10412491 0.07791267
-0.27768818 0.00948626 -0.15153645
-0.06475482 0.04778928 0.05336758
-0.12134741 0.04757050 -0.13182220
0.20714310 -0.09364544 -0.08822271
-0.16541643 0.09225710 -0.11533216
-0.30812880 -0.08368194 0.00731231
0.02645035 -0.08568393 -0.10292527
-0.21268129 -0.09088176 0.09595814
-0.42292950 0.00037211 -0.09126103
0.02781502 0.03903614 0.14137745
0.21952757 -0.08542471 0.15155852
0.24530281 -0.05417399 -0.13104923
0.03941926 0.05041269 0.13580376
-0.15790261 -0.02322810 0.15870388
-0.25730184 0.05373118 -0.00818782
-0.03788326 0.11475907 -0.02191493
0.14504272 0.03985604 0.11116862
-0.27674559 -0.00188442 -0.15162563
0.12827007 -0.09412907 -0.14784338
-0.26134869 0.06740929 0.09102988
-0.18693566 -0.06339985 0.13268618
0.02091910 0.04340446 -0.13653730
-0.14653379 0.04271528 -0.13598409
-0.43714759 -0.00315525 -0.09633670
0.39593059 -0.00147940 -0.06087796
-0.24521567 -0.02257627 -0.15303776
-0.22419955 -0.00741194 0.10913736
-0.22925158 -0.01111319 0.14356363
0.11738103 0.03336949 0.14147855
0.43755195 -0.02325941 -0.01376497
-0.24389227 0.00724324 -0.10710824
0.38014621 -0.00449138 -0.11487506
-0.25689331 -0.11772452 0.12334602
0.30121744 -0.00639338 0.09971768
-0.22681826 0.00554874 0.06043841
-0.07250429 -0.03831053 0.03187974
-0.32796988 -0.08253310 -0.12356710
-0.17481834 -0.08681153 -0.07417571
-0.41165006 0.06782866 0.03289966
0.34327412 -0.02911981 -0.12341018
0.32436523 0.01645964 0.10467764
-0.26664695 -0.00133269 -0.11479598
0.06492131 -0.09092034 -0.06879196
-0.31224850 0.05991992 0.04908302
-0.42428291 0.03800373 -0.07463156
-0.24019028 0.01920415 0.15967615
-0.35112900 0.06269521 -0.06530230
-0.19833438 -0.08877328 0.07451273
0.17916770 -0.09347101 0.14598025
-0.21025112 -0.07670547 -0.14456174
0.33357108 -0.08457485 -0.13098261
-0.34377256 -0.07842473 0.05264291
-0.42613298 0.02428865 -0.07411967
0.42956585 -0.07385535 0.04838773
0.30508834 -0.02978610 -0.09969449
0.32111517 -0.09427375 -0.12725717
0.19497330 -0.03897984 -0.15426090
-0.37823150 -0.07186092 0.08517276
-0.14499250 0.11514844 0.02273353
-0.06991987 -0.06600209 0.15664250
0.22416849 -0.03327871 0.15808254
0.10447048 -0.09649714 0.07097109
-0.34771881 -0.07670048 -0.07999595
-0.32264215 -0.02684918 0.14846034
0.26050952 0.00320983 0.14661613
-0.19969584 0.09052675 -0.11298168
0.03613957 -0.04878503 0.02254127
0.14124817 -0.07523601 -0.15663993
-0.41513458 0.03359838 -0.11194125
-0.43389419 -0.04474468 0.08212770
-0.33537820 0.06774565 0.00525380
0.31754723 0.02447188 0.07663301
-0.16289935 -0.09194874 0.10335904
-0.28973016 0.05773439 -0.01219953
0.38376033 -0.02365827 -0.13773280
-0.38699678 0.06337064 -0.06467859
0.37181753 0.00520603 0.10218529
0.15195096 0.04808128 -0.00975515
0.41427267 -0.05237735 0.07984480
-0.26403171 -0.01167007 0.12321712
0.16574068 -0.04877031 0.02896639
-0.29907998 -0.07457652 0.09447196
0.24536495 0.03126673 0.12701201
-0.07549407 -0.07160908 0.00647468
-0.23398253 -0.11080791 0.15368004
0.30753827 -0.04935011 -0.13697460
-0.35396698 -0.07528714 0.04978065
-0.09511844 -0.01570833 -0.15441948
-0.18447000 0.04902042 0.13385530
0.02059152 -0.03485303 -0.13303500
0.01051359 0.11055405 0.05686060
-0.26942524 -0.04136529 0.13857447
0.34278107 -0.02714053 -0.14680578
-0.31826097 -0.05798395 -0.12936647
0.28378347 0.02503109 -0.08419880
-0.44579217 -0.01615475 0.02735085
-0.07654220 0.11907402 0.01032314
-0.31514752 -0.08236627 -0.00638290
0.32724658 -0.09080575 -0.00883215
-0.14849055 0.11815292 0.00965212
-0.35787302 0.06116370 0.01738993
-0.19605412 0.03737810 -0.15102035
-0.38856810 0.07049510 -0.11880900
0.27404875 -0.03702427 -0.14935377
-0.17472357 -0.07842930 0.11427651
0.18877994 -0.05521550 -0.00281429
0.24807477 -0.03560203 0.15340710
-0.10424805 0.05727707 0.10741010
0.28678739 -0.08770843 -0.10131536
-0.42414060 0.00829232 -0.05911883
0.31528300 -0.04724067 0.11857650
0.28446037 -0.05300501 0.15619878
-0.17547633 -0.05088787 0.14962092
-0.12711087 -0.02474789 -0.15452302
-0.42173383 -0.00246478 0.11019646
-0.02706372 0.04064265 0.14776662
0.33633658 0.01481578 -0.11076209
-0.27298433 0.08654504 -0.06074520
-0.15771475 0.09668626 0.10842213
-0.00899631 0.01071854 -0.15973213
-0.21143022 0.10261986 -0.08983137
-0.18270083 -0.06494941 -0.15594058
-0.04374369 -0.04733555 0.13683845
0.34461001 -0.08727355 -0.08836225
0.29408869 -0.11340274 0.12180758
-0.23227714 -0.09555547 0.12020726
0.07998678 -0.09238879 0.11538874
0.03291655 -0.08804637 0.01683538
0.32761359 -0.08758979 0.12229045
-0.27518818 0.02843131 -0.14996490
-0.30242348 -0.04014932 0.15627831
0.22718348 -0.01408475 -0.12336228
-0.09028766 -0.03532784 -0.16065636
0.27704042 -0.07455275 0.13427314
-0.00986362 0.11318685 0.06968106
0.15334471 -0.09005199 0.12328038
0.30657056 0.01690297 0.13150184
-0.35618880 -0.07482729 -0.10117497
-0.08867148 0.04808471 0.06527538
-0.44233793 -0.04199832 0.01883525
0.21313304 -0.07067605 0.14541201
-0.42579988 -0.06524724 -0.05172810
-0.30130085 -0.07694273 0.09945498
0.41824332 -0.00075371 -0.00783631
0.21409342 -0.04592280 0.15353772
-0.30861467 -0.03391849 0.10876704
-0.17314640 -0.03349850 -0.10606301
-0.30963603 -0.07543080 0.09702162
-0.15893531 -0.03670263 0.12470564
-0.15949965 -0.00176106 -0.15106623
0.27016622 -0.08732578 -0.03191695
0.41968080 -0.05428490 0.00498535
0.19022083 0.03978960 0.00572133
0.26087308 -0.01099536 -0.12850720
-0.05546263 0.09685829 -0.10790014
0.42906350 -0.08132532 0.03154100
-0.15814748 -0.01200286 -0.15520494
0.13840747 -0.06555987 -0.14725478
-0.20869686 0.01658664 -0.13868068
0.38809216 -0.01623704 -0.12357152
0.19966124 0.03238249 -0.11907700
0.14635900 -0.07546552 0.15520141
-0.09604983 0.05527970 -0.13326138
-0.10429848 0.11745065 -0.03583111
0.20429337 -0.09038231 0.04391068
-0.27269411 -0.05425152 0.09038090
0.19211836 -0.07223223 0.13775094
0.24016945 -0.04399638 -0.14556922
-0.42609617 -0.06127561 0.01041776
0.36682585 0.00915194 0.00792808
0.12229818 -0.08573849 -0.05550946
