-0.14111006 -0.39348373 -0.06920175
-0.10677699 -0.38045806 0.03389909
-0.17265935 -0.34743685 0.01329373
0.07413126 0.32268602 0.08898093
-0.13883471 -0.38785073 0.03439594
0.03190131 0.28694996 -0.13322765
-0.11069224 -0.38863298 -0.01361195
-0.20405054 -0.38505006 0.01043476
-0.10338400 0.29217449 0.02469957
-0.13561107 0.27723137 0.00374274
-0.00757961 0.36281905 0.00924699
0.07143953 0.37416050 -0.02073903
0.17331019 0.24856693 0.14107232
0.15819681 0.26861992 0.15693058
-0.17088693 -0.22267170 -0.00662006
-0.16658752 0.09930526 -0.00728089
-0.14895719 -0.28816020 -0.00490663
-0.19911291 -0.37895313 -0.01068337
0.08108226 0.28348437 0.12484685
-0.17956641 -0.31322277 0.01646130
-0.09664155 0.26277226 -0.06168070
-0.11350855 -0.39100590 -0.01699279
0.14344315 0.32529360 -0.07371052
-0.13484563 0.25857344 -0.02803711
0.21210764 0.29579616 -0.00739360
-0.17616001 -0.38268858 -0.08057338
0.08202725 0.29922765 -0.11586811
0.21156941 0.24512091 -0.11837100
-0.15492982 -0.36402589 0.02409729
0.19629763 0.26666081 0.11708666
0.08656241 0.32359147 0.12016436
-0.11153053 -0.39353597 0.03515858
-0.15440474 -0.19147757 0.01005795
0.03350085 0.38254437 0.04580630
0.15881905 0.27543890 0.11093222
0.05398168 0.25239214 0.15328090
-0.14442770 0.07364482 0.00083118
0.19633043 0.26744723 0.08635660
-0.14716680 0.16382571 0.00042062
-0.07511048 -0.40146175 -0.05241360
0.06623442 0.27459362 -0.14923471
0.10236160 0.26881313 0.15162134
-0.18765479 -0.38854584 -0.07057916
0.15773682 0.29928568 -0.09992072
0.20026289 0.30621046 0.02335452
-0.20394076 -0.38160336 0.02227001
0.13329187 0.31919956 0.10393836
0.13192137 0.34340158 -0.07431766
-0.14434732 -0.12042680 -0.01921219
-0.18067980 -0.38300827 -0.06754101
-0.11362621 -0.38156742 0.02390751
-0.09709653 0.26461649 0.03665025
-0.20308709 -0.38603121 -0.04833594
0.15417035 0.36345020 0.01234330
0.11334398 0.36809155 0.05564131
0.16504817 0.24786051 0.15130630
0.19133855 0.27684593 0.08151415
-0.13605946 -0.38471776 -0.05670289
-0.04935364 0.31721365 -0.02657715
-0.13256255 0.31282777 -0.01310135
-0.22709522 -0.38986483 0.00783126
-0.23015663 -0.40185773 -0.00220301
-0.04831839 0.31650215 -0.03159989
-0.18917449 -0.38649273 0.06229457
-0.15306766 -0.10057143 -0.00946693
-0.17797893 -0.36736602 -0.01244462
0.03745729 0.37724543 -0.05367308
-0.07466745 0.27300093 -0.07835741
-0.15118968 -0.00221814 0.00676082
-0.14126296 0.07879559 0.01250254
-0.12852310 0.29704982 -0.04175687
-0.15124820 -0.39409760 -0.04967977
-0.18116589 -0.31175759 -0.00213364
-0.11656988 -0.38051638 -0.02291998
-0.14347602 -0.37942693 -0.07062228
-0.18378471 -0.39715299 -0.01147686
-0.16307583 0.16412441 -0.00454499
0.16867553 0.23801559 0.15149364
0.08907169 0.23435873 -0.16192558
-0.16515677 -0.38534397 -0.09678543
-0.16565207 -0.39200071 0.03366126
-0.20848507 -0.38541821 -0.02207411
-0.00318413 0.29485998 0.08015051
-0.15734252 -0.38691542 0.07897758
-0.16206889 -0.39749378 0.02741746
-0.12289701 -0.38014936 0.00588340
-0.17504209 -0.36209822 -0.00517669
-0.19345412 -0.39282882 0.02102857
-0.19135229 -0.40171960 -0.04939900
-0.17220065 -0.39566353 0.07861461
0.01861210 0.32022038 0.07732748
0.08943411 0.33226842 0.06271689
0.07176858 0.30184564 0.10631094
-0.11508095 -0.39228612 -0.04720606
-0.16519515 -0.39554527 0.05199148
0.05718659 0.28844747 -0.11471890
0.22640443 0.22844040 -0.08264149
-0.16854639 -0.18830881 -0.00445978
-0.12113603 -0.37949148 0.07192783
0.21525994 0.30646515 -0.00703935
0.15016292 0.28727257 -0.12048860
0.01041227 0.35886192 0.01870059
0.15305586 0.35904855 -0.00553492
0.02098082 0.36659724 0.05927806
0.08337137 0.33583951 -0.09108263
0.05581061 0.25070921 0.17054167
0.10181741 0.29861355 -0.15776047
-0.14303732 -0.38733396 0.03699086
-0.21452175 -0.38562617 -0.01598869
-0.24342662 -0.38441181 -0.01304893
-0.05774881 0.33096850 0.00532115
0.18627112 0.25311774 -0.15195240
0.06637241 0.26982230 0.15839209
0.15668297 0.26299247 0.13085370
-0.11937737 0.34857744 -0.03134027
0.19718653 0.25617412 0.11678327
0.02492199 0.26571262 0.14972493
-0.16318335 0.22331300 0.00816726
0.08312061 0.35760367 -0.01614507
-0.15308933 -0.29595980 -0.01771818
0.04824448 0.24773689 0.14139906
0.08242481 0.22066683 0.16573673
-0.24119227 -0.38347578 0.03568027
-0.14424028 0.15962379 0.00132748
0.21005927 0.29868844 -0.03392213
-0.07858735 -0.38531411 -0.01853630
-0.12768605 -0.39316335 0.02692180
0.12759876 0.33499026 0.00092440
-0.18050838 -0.37440771 0.00777644
0.08768792 0.30550542 0.09834281
-0.10126506 -0.38516128 -0.02973630
-0.15116288 0.17382757 0.01533474
-0.00796068 0.28334233 0.08317215
0.07267834 0.24135120 0.16363616
-0.16281790 -0.39072806 -0.04940321
-0.16228749 -0.07794741 -0.00279599
0.17365001 0.28580278 0.00266928
-0.21067166 -0.39257523 -0.04153789
0.14892127 0.33579010 -0.05715092
-0.21355236 -0.37744138 0.04442554
-0.08169121 0.31443614 -0.06696369
0.03962114 0.36592194 -0.08151331
-0.15017392 0.06785504 0.00274715
-0.13963465 0.10720648 0.00481314
-0.14864294 -0.33796412 -0.01705733
-0.16723868 -0.39333761 -0.05230407
-0.02784989 0.27974358 0.04616302
-0.14995718 -0.38450500 -0.01565756
-0.15713078 0.29137161 0.01193223
0.18847865 0.30273885 -0.04034895
-0.10296933 0.30661803 0.01412226
-0.15099619 0.01222791 -0.00742692
0.11357240 0.35529739 0.04560154
-0.15980275 0.11485573 0.01441589
0.03710481 0.33194724 0.09793390
-0.11099978 0.35999012 -0.00153260
0.04872057 0.32019490 -0.09461004
0.14366190 0.28553760 -0.14327699
0.17482349 0.25982478 -0.13289107
-0.22084513 -0.38734463 0.01767078
0.02315423 0.37058693 -0.06214811
-0.16922742 -0.37331137 0.06628806
-0.03579748 0.36421180 -0.01994821
-0.18408598 -0.38398844 0.07517301
-0.15122215 -0.40256295 0.03223026
-0.15720563 -0.07930628 0.01320270
-0.10556322 -0.38754019 -0.03755150
-0.10744715 -0.38325074 0.07347633
-0.10288529 0.29429477 0.01972935
-0.03243358 0.33300894 0.05517401
0.15498395 0.25224939 0.13367204
-0.13732609 -0.07475708 0.01106849
0.08499041 0.33185884 -0.10850824
-0.13147248 -0.38605204 0.06539998
-0.13493079 -0.38763434 -0.03109997
-0.16138618 -0.38533682 -0.02793411
-0.08470190 -0.40187448 -0.04715680
0.16086332 0.26280284 0.12839085
-0.13909252 -0.07699148 0.00517321
-0.15065461 0.14093947 -0.01634602
-0.16965754 -0.39114353 0.08052775
-0.20644844 -0.39117664 -0.03256842
0.05363286 0.36453947 -0.00783167
0.17664912 0.31357348 0.07034224
0.20509672 0.30925909 0.00902896
0.17507173 0.27194729 -0.10526646
-0.15058008 -0.08416282 0.00327527
0.18247783 0.25521055 -0.14254366
-0.17915249 -0.39200896 -0.06924209
-0.11371558 -0.39767325 0.01534767
0.14663221 0.24727449 -0.15053533
0.17115282 0.31545341 -0.07708122
-0.12835516 -0.39257255 -0.04229165
0.15408905 0.28489116 -0.10911152
-0.21372546 -0.39042225 0.03882320
-0.15375289 -0.24946785 0.01036885
0.04751156 0.22410035 0.13977829
0.05850188 0.34381640 -0.08387578
-0.18896641 -0.37976503 -0.06454227
0.20286918 0.29398766 -0.04949346
-0.12068383 -0.39411691 -0.02271639
0.10958628 0.29783666 0.09637293
-0.14382553 -0.26512268 0.00246873
-0.14009385 0.21961288 -0.00587941
0.21436416 0.27531642 -0.00604067
-0.13465968 -0.33535311 0.01236697
-0.15851961 -0.17626774 -0.00168670
0.08532602 0.26719221 0.16440377
0.20283063 0.26177949 0.11005230
-0.16384789 -0.27483875 -0.00274346
0.15758742 0.36836576 -0.01483651
0.04245858 0.28554374 -0.13705172
0.06863181 0.29456580 0.13709839
0.22112966 0.27777395 0.01805857
0.09075502 0.29706031 0.13831654
-0.17379566 -0.20066178 -0.00364245
-0.14443223 0.05631455 0.00177773
0.15856402 0.28258187 -0.12738739
0.10325027 0.29199192 0.12587354
0.22417194 0.26508650 -0.02590885
-0.15070365 -0.03930119 -0.01046878
-0.13794482 0.33852577 -0.01885761
-0.14652732 -0.39575541 0.07674430
0.00123686 0.38476679 -0.03030160
-0.22711341 -0.37999418 0.01203020
-0.14764549 0.02782653 0.01262350
0.00745086 0.36747330 0.00925048
0.09808101 0.28737509 -0.08563517
0.03509852 0.39263406 0.01983238
0.03837812 0.30746141 0.11881205
-0.01882870 0.35823715 0.01413824
-0.13435702 -0.39453897 0.05781883
-0.17294972 -0.39344406 -0.07766141
0.03916943 0.30137509 -0.11460036
-0.11275787 -0.38973534 -0.02624086
0.19619423 0.25396815 0.11071321
-0.14393109 -0.39541784 -0.01558660
-0.17092924 -0.26152056 0.00394329
-0.15802409 -0.17221025 0.00489867
-0.19425313 -0.38685435 -0.05256981
0.09519313 0.32928199 -0.10718058
-0.15454388 -0.39312735 0.03841118
-0.14885007 -0.17546210 0.01138847
-0.09293728 -0.37951639 -0.01350234
-0.23091468 -0.39206421 0.00251540
-0.17430817 -0.28857914 0.00813006
-0.08330375 -0.37925363 -0.00528492
0.22080314 0.30306339 0.00893733
-0.10887156 -0.39082819 -0.04726605
0.08013094 0.34141451 -0.09746618
0.20681964 0.29443094 -0.03904029
-0.15085787 -0.00226861 -0.00193282
-0.18938944 -0.38909379 0.06771298
-0.19218965 -0.38547054 -0.07482762
0.07510678 0.24060541 -0.13693640
-0.22830105 -0.38370454 0.03592867
-0.13763902 -0.38980138 -0.01888462
0.22068328 0.29895037 0.00341963
-0.05623918 0.32478395 -0.04034836
0.17056434 0.27867723 0.10138529
-0.14577311 -0.30625409 0.01473076
-0.10653696 -0.39164507 -0.00328169
-0.11641053 -0.38945371 0.06025188
-0.13653083 -0.36779663 -0.02788975
0.11956084 0.20716164 -0.16987264
0.17130451 0.28239372 0.11744389
-0.19026662 -0.38737321 0.02812316
-0.23233168 -0.39600962 -0.02839051
-0.16268241 -0.39072248 0.00987885
-0.14089176 -0.16981317 0.01529401
-0.03171970 0.29639524 0.08919733
-0.16887753 0.04069009 -0.01366352
-0.09619745 -0.37523675 0.00784878
0.03172920 0.37932619 -0.01195291
-0.16648556 -0.26463079 0.01134406
-0.18176195 -0.39422864 0.06991294
-0.19569038 -0.38600758 0.01632140
-0.15508971 -0.39180043 -0.06867586
-0.12082523 -0.38254082 -0.04606824
0.08993597 0.30079082 0.14201872
0.02025662 0.29407585 0.06221951
-0.15140240 -0.39357296 0.08409208
-0.18531059 -0.37261111 0.01540787
-0.15164468 -0.39266801 0.07875910
-0.12111756 -0.36943308 0.01512672
-0.18951444 -0.34078956 0.00657727
0.05020972 0.27043614 0.15299156
-0.13020384 -0.37891799 -0.06712298
-0.08818931 0.27189809 -0.04624490
-0.08378468 -0.39577064 0.01099100
0.18327475 0.25050128 -0.13523923
-0.15598002 -0.39337903 -0.07427815
-0.08956607 -0.39376280 0.02761113
-0.11472714 0.29729071 0.00488623
-0.10238254 0.29121721 0.02896724
0.11372790 0.36575621 0.06779147
-0.10922924 -0.39076611 0.03311072
0.06242203 0.28693053 0.13210811
0.17214586 0.29458439 0.10629589
-0.15583540 -0.15461203 -0.00976272
-0.15699714 -0.38021865 0.06825257
-0.11479922 -0.39707354 -0.06121346
0.15786281 0.26595005 0.11262874
-0.03097052 0.28844738 0.06784198
-0.22987641 -0.38006449 -0.01136108
-0.15938269 -0.08226087 -0.00661318
-0.14440885 0.23647386 -0.00481170
-0.14659388 -0.30300057 0.01992125
-0.15588887 0.02126997 0.00019113
-0.12314235 -0.39048475 -0.02562596
-0.08858401 0.29680240 0.02400466
0.16303378 0.33276635 -0.01187188
0.05422661 0.37609133 -0.01300636
-0.09077101 0.35646379 0.03525909
-0.00223432 0.27265087 0.08886579
0.03564852 0.32145968 0.10144926
-0.14281738 -0.20985675 -0.00516095
-0.16708277 -0.39167568 0.02351843
0.04599994 0.25181341 -0.11722723
-0.14716288 0.13502602 0.00198132
-0.14678758 -0.39581314 -0.02515818
-0.12253688 -0.38850150 -0.04647055
-0.15533759 0.01454496 0.01277749
-0.14883707 0.04374836 -0.00565814
0.02802554 0.36402711 -0.04546447
-0.09742224 0.32912284 -0.01114621
-0.16512717 -0.37984535 -0.07338557
-0.08540481 0.27854976 -0.02694247
-0.21304698 -0.39520621 -0.05480789
-0.14610273 -0.38971692 0.05625355
0.05358639 0.36238608 -0.09751550
-0.20539626 -0.37318304 0.02967579
-0.16651057 -0.05201245 0.00332176
0.21341017 0.30165243 0.01713333
-0.19148278 -0.32193029 0.01518209
0.10172362 0.32052949 -0.09334280
-0.03515939 0.30479857 -0.04142541
-0.17724344 -0.39783230 0.07092939
-0.01564169 0.28053823 0.10085761
-0.11468129 -0.06146045 0.00975161
0.22514589 0.26581901 -0.03632003
-0.07240937 -0.39751801 0.00860053
-0.10614492 -0.38148919 -0.03283732
-0.12290576 -0.39038292 -0.01844508
0.22815618 0.25803077 -0.02137371
-0.14495659 -0.39347300 0.07761233
0.14645831 0.26830459 0.16005783
0.17961165 0.34080634 -0.01525166
-0.16088481 -0.14470543 0.01054781
0.12810633 0.31199503 0.11562599
0.08776384 0.29603168 0.10782112
0.06935912 0.33234939 -0.06610514
-0.22814247 -0.39408648 -0.00440472
0.21197328 0.28692615 0.01471606
-0.00802832 0.37987888 0.02000101
0.04466219 0.31318462 0.10767829
-0.24561845 -0.39365637 -0.00079229
0.16356215 0.34879982 0.00212121
-0.11627612 0.17987445 0.04418498
0.17075817 0.32286084 -0.06610642
-0.17967355 -0.39579579 0.07649057
0.12340706 0.22244826 -0.16809727
-0.22086886 -0.36507693 0.00478271
0.04151289 0.37725556 0.03150249
-0.12198742 -0.37936318 -0.05121551
0.09259576 0.23864470 0.17229316
0.15615699 0.29763675 0.13193998
-0.00104870 0.31356230 0.11305057
0.02542135 0.36325786 -0.02913046
0.21669085 0.26701772 0.01021340
0.17897792 0.29974827 -0.07856537
0.10402460 0.35024938 -0.08305167
0.19922651 0.32947800 0.06013279
0.16507789 0.24250451 0.15562558
-0.12678535 -0.39326558 0.04770027
-0.15532461 -0.38463083 -0.05131782
-0.22538531 -0.39049587 0.02138192
0.02221462 0.21379575 0.05258137
-0.15194601 0.14533485 -0.00396548
0.00718638 0.34858415 0.02553670
0.12617071 0.30985633 -0.09288236
0.17296110 0.36249003 0.00118252
-0.22677234 -0.38685849 -0.03038414
-0.12535247 -0.38743055 -0.02466248
-0.16526917 -0.13881147 -0.00115895
-0.22445942 -0.38460687 0.01799644
-0.10088625 -0.39265648 0.03526073
0.10567322 0.32978585 -0.09908078
-0.11619683 0.32901016 0.00613651
-0.16286021 -0.37652698 -0.01847824
0.19118924 0.25633278 -0.15342812
0.17059366 0.29006928 -0.00479263
-0.16981244 -0.39499259 0.00239247
0.19218667 0.31176376 0.02155796
0.00723335 0.30913717 0.11651954
0.11582222 0.32706276 -0.09868143
0.04888762 0.23654978 -0.16731636
-0.15083672 -0.15608624 0.01153589
-0.03474943 0.31325459 0.08761631
-0.15594794 -0.38167268 0.06872860
-0.21728094 -0.38097787 0.02496840
0.06055791 0.31829628 -0.09829772
-0.09032756 -0.39477432 0.00816721
-0.13466382 -0.36293873 0.01278453
0.09499895 0.26325968 0.14645365
-0.03152893 0.32443908 0.06188777
0.09498569 0.30998009 -0.14426482
0.01253369 0.34872317 0.03663768
-0.13681217 -0.38244614 0.06737179
-0.12324385 -0.00209148 0.00444205
-0.21505481 -0.39271808 -0.04879135
-0.12336805 -0.38298717 0.05658377
0.03193135 0.26760599 0.14186838
0.15257946 0.28435546 -0.12259569
0.10144415 0.33317301 -0.11875055
-0.11721811 -0.38988316 -0.05310561
0.02369256 0.31405556 -0.07119338
0.16760042 0.28386688 -0.11561957
-0.12274298 -0.39194414 0.08565545
0.14210086 0.23023929 0.15341218
-0.02597820 0.31447491 0.07242913
0.11420301 0.30601683 0.13387269
-0.13882057 -0.40202713 0.01787280
-0.12520465 0.24263173 -0.00347487
-0.12581444 0.25933850 0.01500640
-0.01008689 0.26073670 0.10617860
-0.13686280 -0.14034693 -0.00590218
-0.12100474 0.29607034 -0.03623667
0.06399092 0.29910749 0.11518217
0.14465213 0.29091850 -0.10958713
0.14897387 0.36637986 0.02284878
-0.07945320 -0.38711107 0.02244729
-0.01642722 0.25044513 -0.10377465
-0.02281594 0.31200704 0.07253040
-0.11176474 -0.39174819 0.01489336
-0.08069047 -0.39330125 -0.02415111
-0.11117125 -0.39235276 0.03905051
-0.23163657 -0.39110401 0.04537509
-0.14372879 0.21110927 -0.00983388
0.20894164 0.29132336 -0.08032170
0.01060659 0.38431275 -0.03257381
-0.07418099 0.30999938 -0.02507289
-0.08382677 -0.37792361 -0.01067019
0.15103470 0.30388677 0.10927377
0.21102491 0.30219746 -0.00040419
-0.16038235 -0.00666694 0.00704133
-0.16826251 -0.39565301 -0.07087525
-0.12961365 -0.39395559 -0.02813395
-0.12893255 -0.06417344 0.00776216
-0.19656785 -0.38774961 -0.04723462
-0.12504630 -0.14949769 -0.00192269
0.02190508 0.26923025 0.14488728
-0.20985535 -0.38865158 0.06811345
-0.13404101 -0.37898111 -0.04246817
0.04822212 0.37973461 0.01578413
-0.14121336 -0.39021775 0.05412815
-0.20020124 -0.38176152 -0.05802722
-0.17935346 -0.38792223 0.01330170
-0.14936772 -0.39475226 -0.00677577
0.11089949 0.23893528 0.16172513
-0.15201116 -0.11277130 0.00611354
-0.16707078 -0.23446599 0.00724203
0.20011744 0.25809675 0.08866075
0.20951469 0.26137596 0.05529515
-0.16264015 0.07981426 0.00378722
-0.02659582 0.23697244 0.05292794
-0.10874993 -0.39000043 0.02292901
0.05076841 0.28252766 0.13559358
-0.13597035 -0.26978621 -0.01202854
-0.15043488 -0.30633059 -0.03423576
0.13823615 0.27187833 0.12663835
0.16695112 0.27774113 0.13253252
0.00401547 0.28203821 -0.11218141
-0.13430485 -0.38630560 -0.03832865
-0.15150383 -0.08661756 -0.00307402
0.22265662 0.25390229 -0.03479072
-0.13435841 -0.38689929 -0.04372907
0.13273679 0.36706743 -0.03693870
0.08828460 0.33254364 -0.12153585
0.23740864 0.24355836 -0.02594836
-0.21349160 -0.39311108 0.05545335
0.19150707 0.26552963 0.09125713
-0.10132419 -0.39033103 0.00049553
-0.11818846 0.24369045 0.02044587
0.01589186 0.36433423 0.00132876
-0.14269657 -0.26343700 0.00394142
0.18862975 0.28398579 -0.06814843
-0.04365946 0.31438464 0.04422615
-0.13457368 0.26741484 0.00290997
-0.11257038 -0.39581898 -0.05656656
0.18134840 0.36013314 -0.01982446
-0.15852669 -0.40032595 0.04610371
0.17310916 0.28715715 0.10824197
0.18678793 0.35668427 -0.04972022
0.00111828 0.25715303 0.04906741
-0.14488365 0.06958999 0.00417007
0.20260170 0.24592245 0.09558725
0.08628581 0.30746946 0.13250721
0.11527473 0.35212129 0.03960789
-0.11651287 -0.36704674 0.02069948
0.18114381 0.26658508 -0.15147556
0.21282472 0.29797262 -0.05882315
0.04730424 0.26960140 -0.13771659
-0.10833388 0.33340493 -0.02865167
0.15536393 0.27919051 -0.15081720
-0.15691994 0.17850469 0.00815301
0.17825754 0.30453658 -0.12841226
-0.20674117 -0.39854556 -0.03354543
0.20685497 0.31414133 -0.00157607
0.06746876 0.32926098 -0.11043168
-0.12861224 -0.39811808 0.00885589
-0.14554016 -0.02630450 -0.00669027
0.16324624 0.31560296 0.03179174
-0.12153865 -0.38083631 -0.05155623
-0.13140270 0.27777547 -0.02705285
0.22347006 0.30578688 -0.06804030
0.22734171 0.24901225 0.04642758
-0.17825401 -0.36570588 0.03267201
-0.00574336 0.30121964 -0.09140149
0.18726750 0.34201434 -0.04388268
0.15988155 0.29117912 0.09782866
-0.23774916 -0.39476120 -0.00422662
-0.07050132 0.34063563 -0.01578531
0.01047873 0.31287485 0.07869200
0.06675067 0.22637814 0.15770200
-0.01573609 0.36909735 -0.03701803
-0.15606655 0.07154159 0.00225885
0.19246650 0.29136139 -0.12992783
-0.14908242 -0.34690034 -0.02372277
0.12206865 0.25216097 -0.16376670
-0.13795558 -0.26927716 -0.00864338
-0.09277113 0.35032299 0.02196288
0.16701414 0.29553005 0.11664578
0.18819447 0.30249551 -0.04942298
0.07413812 0.30474940 -0.08599769
0.15655389 0.33816168 -0.06280858
0.08023391 0.30463701 0.13304479
0.15959026 0.25397006 0.16169822
0.21335164 0.29336846 -0.04882525
-0.03386300 0.32051361 0.06245967
-0.14059660 -0.03705896 0.00699610
0.23081835 0.26655719 0.04314778
-0.11067607 -0.39262742 0.05154415
-0.15253207 -0.39224270 -0.02371272
-0.17873248 -0.34777051 -0.00156885
-0.06788892 -0.39333749 -0.02057848
-0.16186327 -0.16467986 -0.00311307
0.07343772 0.28811613 0.14844356
0.23738359 0.23989341 -0.01613066
-0.22756314 -0.38678545 0.02127085
-0.13806258 0.05898655 0.00165576
-0.09953484 0.29882517 -0.03555593
-0.22464345 -0.38993314 0.04024667
-0.14897454 -0.39167026 -0.00474561
-0.12585780 -0.38628405 0.03359969
0.14144787 0.27506468 -0.13832594
-0.08298989 0.34919780 0.00937621
0.16991335 0.27921426 0.12396890
-0.18946861 -0.39730936 0.06648032
0.18263446 0.24016127 0.12347672
-0.08664484 0.33087313 -0.00320514
-0.14559211 -0.36835441 0.03018252
-0.08492328 -0.39347473 -0.01785157
-0.11268714 -0.36689475 0.00687744
0.13266018 0.34159192 0.06734534
0.15126112 0.34631282 -0.06494640
0.16145837 0.29578152 0.04267061
0.11778384 0.28347552 -0.10999189
-0.20212176 -0.39430583 -0.04760274
0.04676157 0.30571669 -0.12608576
0.09196922 0.35916346 -0.02059707
-0.12843841 -0.39614499 0.05276748
0.10689737 0.30302429 0.08992047
-0.12414747 -0.38037401 -0.04196381
0.03600142 0.37761879 -0.01562947
-0.16440651 -0.26308563 -0.01158841
-0.13326234 0.24433351 0.01894171
-0.00612372 0.33840844 -0.04112762
-0.13176572 0.11355087 -0.00316459
-0.17245543 -0.38228199 -0.05425363
0.11410688 0.26272887 -0.15455517
0.13840163 0.34413117 0.05415966
-0.13871449 -0.23015043 0.00611919
-0.15292965 -0.20643286 0.01315263
-0.16179262 -0.38660535 -0.04368140
-0.03303529 0.31310689 0.05185387
-0.15659697 0.09633968 0.01722871
-0.22630799 -0.39423081 0.00011933
-0.19404075 -0.37602639 0.00743909
0.02017065 0.31638092 -0.07722410
-0.04262169 0.36266372 -0.00281349
-0.11841895 -0.39584029 0.04305497
-0.17874184 -0.37350118 0.03397741
0.04482102 0.30642816 -0.10868355
0.19214438 0.32120821 -0.02301345
-0.21769433 -0.40749261 0.00186431
-0.16081467 -0.39235833 -0.06426328
-0.09220929 -0.39183149 -0.00999071
-0.13544412 0.21790184 0.01822707
-0.16270871 -0.36762211 0.01502564
-0.14610019 0.00516961 0.00757668
-0.16724724 -0.02186870 0.01084715
0.21644349 0.28964201 0.01562147
0.15642463 0.33177173 -0.03490547
-0.21110700 -0.38694525 0.01060405
-0.21177877 -0.38160491 -0.02727976
-0.15243222 -0.09362911 0.00018281
0.15943278 0.32446969 -0.08323125
0.11703911 0.21957080 -0.16807368
0.17033786 0.30918509 -0.08199762
-0.18334956 -0.38977534 0.04426806
-0.02710395 0.29296303 0.06866618
-0.14694387 -0.39185566 -0.01651517
0.10356852 0.26007342 -0.17396614
-0.07077505 -0.39219770 0.00481108
-0.13847564 -0.34997654 0.01532191
0.10315046 0.28678104 -0.11942115
0.09846921 0.27368805 0.15312818
-0.24277480 -0.38680592 0.00761918
-0.13579856 -0.34776846 -0.03736588
0.02644318 0.27184096 -0.11799761
-0.13560005 0.05458577 0.00684957
-0.21261826 -0.39747840 0.03464276
0.17194137 0.22200850 -0.15805255
-0.18806937 -0.39253941 -0.00940105
-0.15097994 -0.39035061 0.03324743
0.21307920 0.23792055 0.08861500
-0.01889057 0.30455488 0.07589321
0.18131995 0.31214517 -0.03135490
0.12249894 0.31485811 -0.08968064
0.13610637 0.29286423 0.12270182
0.11640683 0.30448806 0.11875892
-0.12828021 -0.38630596 0.05627868
-0.23154497 -0.38837126 0.01171921
-0.08754709 -0.39120454 0.01824219
0.11748347 0.35471001 -0.00355802
-0.13342929 0.15425952 0.00150162
-0.12994097 0.24867687 0.01092666
-0.15865177 -0.39120570 0.05554711
0.09987329 0.25434545 -0.09732075
0.22251317 0.26228467 0.04111123
0.18000440 0.20865275 -0.16199723
0.11965946 0.32963407 -0.12387849
0.23886362 0.26372227 -0.04302966
0.22288963 0.27564076 -0.00172270
-0.16881678 0.20959851 0.00905278
0.09237847 0.24038306 -0.15940751
0.18017156 0.29841217 -0.08063343
-0.12174353 -0.39402738 0.04472858
-0.17663570 -0.38953963 -0.03149040
0.17844039 0.25558245 0.12851858
-0.20814052 -0.39072752 -0.06111233
-0.16447605 -0.07309180 0.00384766
-0.13620998 -0.38838908 0.05671984
-0.11408482 -0.37735695 0.03820194
-0.14072733 -0.23364998 0.00629918
-0.17022674 -0.13908656 0.00778917
-0.10954613 -0.39284909 -0.01903605
0.15947573 0.29331514 -0.10401033
0.01865101 0.32509828 0.07568036
-0.15473685 0.18560086 0.01602536
-0.13374919 0.28848851 -0.00208014
0.03782720 0.39543706 -0.01931647
0.17195351 0.32638878 0.05636834
0.09745866 0.27319115 -0.16435291
-0.12164491 -0.39027753 0.05255667
-0.14618343 0.03710847 -0.00073866
-0.15439607 -0.31157851 0.02042424
-0.13080753 0.32808238 -0.02347337
-0.01037755 0.31482989 0.07269059
-0.14629342 -0.07268915 -0.00064282
-0.21603209 -0.38815436 0.03996392
0.07754595 0.37911519 0.02400800
0.01979803 0.38815394 -0.04223453
0.13108353 0.21615344 -0.17053354
-0.17496179 -0.39097935 0.04931489
0.18807478 0.24259754 -0.14500661
-0.17316155 -0.18518214 0.00337562
-0.09976637 -0.38956559 0.01854412
0.12313230 0.28555927 0.13115160
0.20403567 0.23561567 0.10296056
-0.12939481 0.30172274 -0.02960813
-0.14907306 -0.16340604 -0.00422816
0.12616655 0.37314734 -0.04511982
-0.05094816 0.32234055 0.00847396
-0.14265159 -0.38577279 -0.05457826
0.22231847 0.27629501 -0.05878627
-0.11241136 -0.39360219 -0.03301056
-0.03037966 0.29901871 0.07543395
-0.18167259 -0.37620008 0.06062621
-0.05735680 0.33979791 0.00034238
-0.11388391 -0.39052343 -0.06136854
0.13834424 0.28071073 -0.13959840
-0.13427994 -0.39748442 -0.05571275
-0.12434386 0.23369981 0.00692639
0.03079429 0.24262141 0.12931161
-0.10149600 -0.38418487 -0.04081373
-0.09518884 -0.38652202 -0.00732662
-0.04100689 0.30654994 0.07361832
0.17532118 0.21388610 -0.16076869
0.06821347 0.22541025 0.16134636
-0.15004160 -0.29064351 -0.00949242
-0.10612676 -0.39386645 0.06286819
0.15905415 0.32675782 -0.04949437
-0.19482492 -0.39242291 -0.05921274
-0.17041408 -0.18669321 -0.00162637
0.17654777 0.33436286 -0.02565231
0.20571950 0.27355883 0.06083711
0.22025312 0.23661159 -0.08886819
-0.16092813 0.28904480 0.00948571
-0.14817289 0.04595917 0.00308687
-0.03056165 0.28748989 0.07881185
-0.13737801 0.25041857 0.01756141
0.18296513 0.29603136 -0.07234441
0.09938007 0.23078355 -0.15276249
0.18742585 0.34950906 0.00248794
-0.16737714 -0.20103431 -0.00785044
0.21316677 0.26252159 0.07274984
-0.20885000 -0.39696461 -0.00887082
-0.22653367 -0.37995845 -0.00468213
-0.12398260 -0.38529095 -0.03095752
0.08038247 0.34588024 0.05079988
-0.12890983 -0.38756886 -0.04032857
-0.12269343 -0.39714086 0.04876341
0.04520644 0.35033360 0.09332504
-0.14803432 -0.38897088 0.06839294
-0.13894024 0.09812901 -0.00134881
-0.13256046 -0.37961876 -0.02947096
-0.14123154 -0.37425423 -0.00864045
-0.17923403 -0.39419997 -0.05130206
-0.15796848 -0.38997439 0.06964588
-0.14502530 0.25312969 -0.00543871
0.10478032 0.31759992 -0.11546766
-0.11014394 -0.39166504 0.00985970
-0.12621051 0.28967220 -0.00605785
0.15311716 0.22447868 -0.15485756
-0.10207757 0.32000965 -0.01108848
-0.05966222 0.31094462 -0.03748574
-0.14932676 -0.03189334 0.00124303
0.20265117 0.25956500 0.09310964
-0.15895589 -0.33493257 -0.00384845
0.12900722 0.23785022 -0.16377531
-0.14473504 -0.16072762 0.00185178
0.07262968 0.25448170 -0.12244410
0.14700970 0.33988178 -0.08564848
-0.15555835 -0.39031997 0.07575323
-0.16345075 -0.30602762 0.00019011
0.20492379 0.24668238 0.11262916
-0.16129586 -0.39107400 0.01821630
0.21835648 0.29299375 0.03121760
0.11419684 0.25974411 -0.15460546
0.03802210 0.29351968 0.04639668
0.04143309 0.26944369 0.15341446
0.18763798 0.28747502 0.08119109
0.09384600 0.27135411 0.13782941
0.16257708 0.29448149 0.04181575
-0.08765945 0.32473511 0.04034806
0.19042985 0.23205636 -0.12318329
-0.13360360 0.27927488 0.00655492
0.02093318 0.39024764 -0.00823180
-0.12658177 -0.39175883 -0.04236114
-0.17375168 -0.04458980 -0.01321789
-0.13295600 0.22117539 0.01992060
0.18790144 0.26866752 -0.14487958
-0.09517215 0.32775915 0.01778061
0.01194725 0.35952473 0.01329522
0.18535072 0.27850801 0.08677622
0.13573307 0.29082248 0.12976080
0.15419134 0.30409944 0.11564265
0.12522054 0.27489412 -0.11678313
0.20912378 0.30350685 -0.02108207
0.13074201 0.29698506 0.11815675
-0.10162871 -0.38913709 0.00192262
-0.23337838 -0.37563330 0.02294885
0.01687471 0.29482737 0.07686871
-0.19549352 -0.38153684 -0.02815413
-0.20754518 -0.38236478 -0.02845855
0.19978417 0.35644597 -0.02367270
-0.15391418 -0.39395791 -0.07746114
0.16170467 0.37250796 -0.02308519
0.14346683 0.23739260 0.16101474
-0.14567916 0.03845251 0.00509785
-0.18047731 -0.39640197 0.06621208
0.15169652 0.33610341 -0.04607186
0.18040878 0.24522363 0.14910169
-0.15833198 -0.04327473 0.00093062
-0.10961062 -0.38999572 0.01054301
-0.09461571 -0.38386199 0.00218767
-0.19736519 -0.37360090 0.01746151
-0.16111046 -0.04047534 0.00231141
-0.14192693 0.17385991 0.00056581
-0.12094549 0.26060426 0.01633286
-0.14464113 -0.10460687 -0.00364384
-0.16694102 -0.21196677 -0.00380715
0.01321422 0.36645481 0.00090162
0.06608544 0.34315041 0.05809404
0.07311878 0.27732849 -0.03880346
-0.14286563 -0.38148409 -0.00716963
-0.18113039 -0.33581173 0.03526715
-0.02886910 0.30878025 0.02668606
-0.13539585 -0.27253950 -0.00602890
-0.12224554 0.29284692 -0.02716438
-0.07307101 0.31768849 -0.02480314
0.16252448 0.22644082 -0.15689507
-0.08448873 0.34169286 -0.03828108
-0.10376975 -0.38847157 0.05562073
0.17394604 0.32461187 -0.00388533
0.08499778 0.29695553 0.14033899
0.14331649 0.33210918 -0.09157833
-0.16992243 -0.20047809 -0.00376531
-0.05178152 0.31026390 0.06515910
-0.22267933 -0.38998559 0.04732462
-0.00690526 0.39154884 0.01132123
-0.11132653 -0.38283882 -0.04242461
-0.13639033 -0.38307586 -0.02756197
-0.00978955 0.34891355 -0.06717823
0.13703439 0.28876945 0.11394907
-0.17301036 -0.39129224 0.08854378
0.16716823 0.37045377 -0.02042678
-0.03202514 0.26748890 0.04530987
0.04256020 0.30045024 0.12430039
0.01300301 0.37343207 -0.03182442
-0.17365451 -0.38796481 0.01526852
0.06195344 0.37260172 0.08290144
-0.17205282 -0.37110639 -0.02572352
0.16109315 0.30328399 -0.09721433
-0.13628398 -0.38360557 -0.03734237
0.06425491 0.24810758 0.15620711
0.08021421 0.34985623 0.09950280
0.20102006 0.26077604 -0.12855335
-0.17402576 -0.37007463 0.02327495
-0.11782526 -0.39298680 -0.02700145
0.12219258 0.37891698 -0.04521488
-0.14132133 0.18155667 -0.00917012
0.07145268 0.32296592 -0.10152421
0.20032912 0.27618456 0.08177862
0.19779862 0.34087357 -0.00719050
0.06226022 0.29847378 -0.12939322
0.18910019 0.27299279 0.08549289
-0.15159796 -0.02666721 -0.00001885
0.06980024 0.27148592 -0.14351182
0.19576256 0.26271385 -0.12804568
-0.18376377 -0.27592742 0.00700632
-0.19386408 -0.39049840 -0.04167928
0.03596116 0.26174572 0.14894871
0.19302805 0.26030630 -0.13838549
0.15595564 0.30141404 -0.04507439
0.22352378 0.27168041 -0.03775558
0.19041677 0.29560679 -0.04403503
0.18476865 0.25611967 0.12741727
0.10407861 0.31889135 -0.10887996
0.20911613 0.27807990 0.05622689
0.07251861 0.26716974 0.16205466
0.15645562 0.29962644 -0.06878211
0.17261039 0.27265185 -0.10531995
0.09796663 0.28018343 0.14519970
0.10535077 0.26125062 -0.15195620
-0.14246343 0.24836677 -0.02174946
-0.24688202 -0.38794702 0.00061057
0.15220062 0.24795060 0.16183022
-0.15465471 -0.39354685 -0.06701688
-0.16612612 -0.13399015 0.00145001
0.18929982 0.31227607 -0.01709413
0.19212547 0.33324367 -0.04076461
-0.07598621 -0.39894187 -0.01476094
-0.15603055 -0.07740633 -0.00394711
-0.02575869 0.33445343 -0.05892861
0.04158613 0.30687112 -0.08289257
-0.09154323 0.28854361 -0.01767829
-0.22500700 -0.38950607 -0.02687574
0.21473004 0.24316067 0.10320569
0.15010308 0.29088631 -0.10194708
-0.08915479 -0.38269877 0.03520018
-0.15180492 -0.13204661 -0.00607213
-0.16134927 -0.01191914 0.00826922
-0.23917472 -0.39439413 0.03345816
-0.17949884 -0.38191381 0.05267989
-0.15532485 -0.29920280 -0.01224346
-0.13541588 0.28766373 0.01300289
-0.17932709 -0.38631225 0.07680006
-0.14638558 0.30138174 0.00896635
-0.13763930 -0.22392476 -0.00265423
0.05970096 0.32386205 -0.12884359
-0.19086011 -0.39164975 -0.06641356
-0.13762671 -0.39450145 0.07545406
0.04471626 0.24315928 0.15279785
0.09122179 0.28766230 0.14332916
-0.08654673 -0.38676286 -0.00163070
-0.22516312 -0.37362012 0.03644086
0.13654093 0.23928183 0.15324822
-0.16914749 -0.10618410 -0.00109548
0.13850948 0.32513726 0.08990536
-0.11986908 -0.39300480 0.01882576
-0.15554182 -0.00910974 0.00238243
-0.13779287 -0.40264043 0.07747307
-0.08465616 -0.38306069 -0.01321362
-0.08686180 0.34932548 -0.01794167
-0.14604233 0.31668848 -0.01242088
0.04276197 0.22969913 0.14922419
-0.14756681 -0.03902023 0.00220171
0.18403189 0.26500788 0.09946372
-0.13952713 0.24907364 0.01510571
-0.14272587 -0.16680750 0.00436098
-0.13349129 -0.38918215 -0.01503207
-0.00936725 0.28748253 0.08058335
0.16740832 0.32877022 -0.01757207
-0.15360524 -0.09783484 -0.00915450
-0.14261091 -0.37676167 0.00695085
-0.18728222 -0.39466467 0.05327705
-0.07620788 -0.39083329 0.01601344
-0.23068418 -0.38938352 -0.01616302
-0.14360671 -0.15397289 0.00602145
0.21896683 0.28558704 -0.01283611
0.01004875 0.23446284 0.12572481
-0.11985563 -0.38484800 0.00540099
-0.16460662 -0.39405236 -0.07742073
-0.20949431 -0.39605629 0.00359140
-0.13372353 -0.39361870 0.06770513
0.10397474 0.27706406 0.14581853
-0.12766404 -0.39414844 0.04188341
-0.14480071 -0.01075684 0.00645690
0.18235697 0.25515625 0.11800228
-0.17095082 -0.39600411 0.02905839
-0.08921237 0.32509318 -0.01831377
-0.15975671 -0.38970575 0.07874127
0.05743059 0.31407905 0.11000402
-0.12059747 0.31077379 -0.00336364
-0.13765216 0.29111022 0.00595205
-0.16848819 -0.39527273 0.04090716
-0.09287508 0.33298114 0.00500857
0.02754400 0.36402026 -0.01218581
-0.13410679 0.24880424 0.00386597
-0.10256466 -0.39363167 0.04965017
-0.11308298 -0.38979062 -0.06042250
-0.16311297 -0.38955575 -0.05794909
-0.17342858 -0.19949493 0.00177799
-0.12829790 -0.40181446 0.07689543
-0.21113518 -0.38405988 -0.02895613
0.01545059 0.36738577 0.02153704
-0.13033052 0.33322620 0.00438523
0.16082761 0.37230682 -0.05644318
-0.01031569 0.31020591 -0.11037529
0.11434440 0.28851599 0.14247844
-0.13172404 -0.38352782 0.04619766
0.00504777 0.37881902 0.04894931
0.12529290 0.20632972 -0.17188096
-0.00665041 0.31319991 0.09154443
-0.19545408 -0.39742738 -0.03588111
-0.08086440 -0.39251289 -0.00869420
0.00297162 0.27613151 0.12762810
-0.14952172 -0.38917863 0.07632408
0.09707145 0.25944090 -0.09450980
0.11292161 0.30528739 0.11858588
-0.16000003 -0.20890427 -0.00046998
0.04907819 0.22814608 -0.15766260
-0.19159950 -0.39799115 -0.02116203
-0.11705316 0.36764759 -0.00534719
-0.05486765 0.33956686 0.00539450
-0.17674595 -0.38484326 -0.04736168
0.21592085 0.28324050 0.00551446
-0.15031342 0.09232523 0.00394930
-0.13919671 -0.03902600 -0.01715609
-0.12272920 -0.36830848 0.01483039
0.09552310 0.31112462 -0.14229754
-0.03853098 0.30295742 0.07317737
-0.00472332 0.35621426 0.00442698
0.02109483 0.36080852 0.07627465
0.03269062 0.24118367 0.15430966
-0.19521260 -0.34411669 0.00445425
0.15616061 0.28391716 -0.12343622
-0.15221614 0.12534668 0.00506514
-0.13353194 0.18818896 -0.00807242
0.16685234 0.26274306 0.14055827
0.08325259 0.28874972 0.13560037
-0.23030926 -0.38068295 0.01095468
0.07194014 0.39652011 0.00856201
-0.09285636 -0.38520041 0.04282311
-0.17728838 -0.33814511 0.03642444
-0.17378810 0.08622039 0.01179819
-0.16393584 -0.28188127 0.01017927
-0.05529028 0.33863118 -0.00397369
-0.11788237 -0.37087834 0.00558399
0.08764186 0.36875135 0.03198809
0.06804632 0.30072111 0.13111915
-0.11894239 -0.38834313 -0.03967212
0.11059936 0.27460060 0.14910884
0.03732628 0.31633899 -0.06440533
0.13072078 0.22617549 0.15477471
-0.14929454 0.05456589 0.00121878
0.11271846 0.22684725 -0.16592178
0.12364586 0.37473434 -0.05142725
0.06711118 0.33743852 0.10517666
-0.11715358 -0.39152920 -0.02410594
-0.10960756 0.23015371 -0.02418236
-0.13724197 0.26618966 -0.00850101
0.04815127 0.22875866 0.14985186
0.18831187 0.30268499 -0.01548508
0.03896613 0.23344566 0.15799588
0.16938587 0.31614161 0.02121532
0.15015276 0.26152909 0.10892056
-0.11899257 0.31436178 -0.03010941
-0.13380459 -0.39382821 -0.00116486
0.19269639 0.33822864 -0.03792332
0.11170323 0.32786730 -0.12868881
-0.04429398 0.31817168 0.06961722
0.22786611 0.24489146 0.05892535
-0.16678889 -0.11742550 0.01257888
-0.13548851 0.01060694 0.00888881
-0.14986524 -0.19598766 0.00053023
-0.14172280 0.30751005 -0.01113789
-0.15061830 -0.21682373 -0.00514989
0.17879248 0.36063379 0.00439950
-0.01257870 0.32704145 -0.07112236
0.01058265 0.36832514 0.02519915
0.08931542 0.28162622 0.14233321
0.08307801 0.34715813 -0.00944528
-0.04365601 0.33385414 0.01244990
-0.15148710 -0.39127341 0.06906883
-0.19924583 -0.38619006 0.02472234
-0.11358589 -0.38800561 -0.04238921
-0.19170898 -0.38686365 0.02466963
-0.21098007 -0.40044743 0.05230856
-0.07177254 -0.39438638 -0.03207845
-0.13770351 -0.38916409 -0.02405911
