0.03127182 -0.04215049 0.11016209
0.16151643 -0.01140940 -0.27194777
0.14848714 0.05197511 0.41385716
-0.16760550 -0.09660076 0.14442155
-0.16097319 -0.08787489 -0.42286551
0.15789482 -0.01798201 -0.01632940
-0.17049770 0.17592548 0.03621458
-0.15158458 -0.17023130 -0.40913343
-0.12244669 0.02162636 0.23308532
-0.11381155 0.15397289 0.20168759
-0.01677388 -0.00116632 -0.25879449
-0.16369264 -0.09785508 0.12320379
-0.14758985 -0.08920806 -0.37793899
-0.06192914 -0.09131561 0.22151750
-0.10967698 -0.07445090 0.07565778
-0.10925703 -0.01329015 -0.26471004
-0.16844465 0.08662762 0.12201378
0.15768188 -0.02509976 -0.41767928
-0.06103599 0.02099218 -0.14584343
0.02281784 0.00644431 -0.36869204
0.08643164 0.00411903 -0.04236443
0.14761505 0.03472100 -0.42325714
0.05498463 -0.08349477 0.34525916
0.07507782 -0.10165173 -0.01659392
-0.16793007 -0.08014604 0.41785195
-0.13443385 -0.02788205 0.41616246
-0.13530503 0.07734035 -0.16061789
-0.16390766 0.06912076 0.12454794
0.01964583 -0.09599862 -0.29991490
-0.15514386 -0.00426157 0.21176465
0.12543783 -0.09549424 0.03037876
-0.02026872 0.00671148 -0.40633342
0.04705553 -0.09135810 -0.05663327
0.15455566 -0.10061789 -0.05410027
0.15854841 -0.09081451 0.03532176
0.06557792 -0.10267778 -0.35633281
0.15800214 -0.09511742 -0.36636367
-0.06122995 -0.00482847 0.21854474
0.14043190 -0.16838139 0.39456111
0.15137938 -0.05985980 0.40466812
-0.16941172 -0.10103497 -0.30224422
-0.17091987 0.15451376 0.09250160
-0.03592462 0.13748692 0.41679454
-0.16920921 -0.06740546 0.37524593
-0.14781602 0.08391301 0.10189235
0.10049578 0.01600983 -0.15287691
-0.16828203 0.06797495 -0.16988058
-0.11882792 0.05592296 -0.36728829
-0.09589989 0.14739123 0.03555858
-0.16241838 -0.02875838 -0.38448098
0.14516824 -0.09881584 0.10350688
-0.07933253 0.04336344 0.25042307
0.05842153 -0.03206790 0.02220422
-0.10784962 0.17174922 0.31124848
-0.01650568 -0.09126988 -0.00942321
0.16305859 -0.08321453 0.22127712
-0.16411890 0.13881195 0.42080566
-0.08086751 -0.09501474 0.15819211
-0.15598084 -0.10322874 0.41994774
0.04806915 -0.09402186 -0.23181538
-0.02858227 -0.08973189 0.02920120
-0.11867777 0.17284578 0.22859892
-0.15863656 -0.13134027 0.41027874
-0.17362466 -0.06969921 -0.08789333
0.10126676 0.13762145 -0.41067016
-0.14424399 0.01135662 0.12356099
-0.15324906 0.03314542 -0.04868547
0.08585645 -0.03890759 0.42191035
-0.11043718 0.11820828 -0.11003891
0.15530041 -0.07610633 -0.15668648
0.14116909 -0.09504084 -0.06719022
-0.17410068 0.11408293 -0.11200839
0.03669827 -0.08679623 -0.11135453
-0.09639855 0.06366356 0.21829921
0.14943384 -0.02230738 -0.00426442
0.03330941 -0.09883060 -0.12492052
-0.17318955 0.13715887 0.37393945
0.07884924 -0.08266539 0.36632967
0.04704388 -0.07900321 -0.36441389
0.01946140 -0.10382114 -0.41094708
0.16406602 -0.05452967 -0.33873406
-0.09076949 -0.08981917 -0.12053279
0.15981291 -0.01200302 -0.20750618
0.11548226 -0.08312808 0.37663224
-0.10526752 -0.08257762 -0.41970205
-0.10184087 0.05415229 -0.35226467
-0.05073442 0.01897219 -0.16152480
0.02358797 0.02626710 0.24605630
0.04405707 -0.02920064 0.28589380
-0.15905885 -0.09040503 -0.36441413
-0.08341075 -0.06340302 -0.16724937
-0.04939915 -0.06639114 0.42024913
-0.07666636 0.02724974 0.21650001
-0.04482248 -0.03909266 0.18185900
-0.00498825 0.02563076 0.29842630
-0.16850173 0.06196703 -0.04012496
-0.02047756 0.12520099 0.42367235
-0.08600432 -0.15413532 -0.39086658
-0.00978360 -0.09093076 0.23918930
-0.13287751 0.01209456 0.31240490
0.16037217 -0.09274623 0.18269630
0.07623181 0.01035207 -0.19081958
-0.05331396 0.05426514 -0.35517356
0.14160393 -0.10446388 0.32749733
-0.11931701 0.02692992 0.32999936
-0.10375355 -0.10006852 0.17066595
0.11937237 0.07909743 -0.41726965
-0.14709303 0.01631177 -0.22505789
-0.01781268 -0.09424525 -0.32229134
-0.04922027 -0.09659497 -0.06218269
-0.17327279 0.13401078 -0.14028421
-0.02796661 0.02473055 0.36560142
-0.00030014 -0.01346051 0.40261686
-0.11414070 0.00882756 0.40386239
-0.13204274 -0.08671251 -0.23953973
-0.00509420 -0.09700742 0.32556987
0.09288036 0.07445102 0.42269942
-0.17429882 -0.05374825 0.37355456
-0.10993639 -0.04101940 -0.42494580
-0.06029382 -0.09798468 -0.20175029
-0.10875420 -0.03404526 0.07365750
0.06288636 -0.09232007 0.35662574
0.00789563 -0.09870028 0.10164990
0.01374194 0.13363995 -0.37037820
-0.09422453 -0.08552331 0.37155136
-0.14466929 0.18715549 -0.03492226
-0.15077183 0.09276810 0.42073661
-0.04205117 0.08697644 0.42300361
-0.02389527 -0.01101842 -0.32394880
0.12203731 -0.09843356 0.04800240
-0.02570104 -0.00760763 0.14314598
0.02237907 0.00021903 -0.23002894
0.12811700 -0.05061783 -0.28635359
-0.13638423 -0.02891669 0.23584372
-0.16905767 -0.06725874 0.00280458
0.03570216 0.05605569 0.36189082
-0.11969174 -0.08392765 -0.30845061
0.04990572 0.13370530 0.42084849
-0.12293438 -0.09441503 0.12309837
-0.16926733 -0.02099849 0.33592328
-0.16876461 0.10902189 -0.23175672
-0.08908486 -0.09979352 0.00918465
-0.13182440 0.08543636 0.33279654
0.10416356 0.12424849 0.42204073
-0.09854043 0.05838404 0.26867428
0.10966762 -0.09755928 -0.16410579
-0.15807644 -0.12642397 0.37103170
-0.16815084 0.07433623 0.04097271
0.04903968 -0.09125067 0.28171164
-0.07927674 -0.12791149 0.41268134
-0.15484789 0.04318896 -0.09525558
-0.16558562 -0.08663274 -0.35069647
0.09078276 0.00732327 0.09152284
-0.16903391 -0.08592024 0.36343423
-0.12923066 -0.02823440 0.02030181
0.04516287 -0.04679087 0.00275865
-0.09832256 -0.09636095 0.08833925
0.15860491 0.01623882 0.38521394
0.16187488 -0.04568231 -0.24845782
0.02939242 -0.10896081 -0.37955332
-0.09158680 -0.10037541 0.02553466
-0.04587150 -0.09191185 -0.31061628
0.16613477 -0.05901806 -0.10325205
0.14034110 -0.04866350 -0.25665465
0.06731891 0.01428167 -0.17449275
-0.16887093 0.11599760 0.23536123
-0.04256628 -0.00580399 -0.35972068
0.01119428 -0.03582087 -0.28367338
0.16481605 -0.06322727 0.14218052
0.05991998 0.01337815 0.13601719
-0.02078043 0.11922753 -0.40394777
0.14556782 -0.10285418 0.18281701
0.01428557 -0.05514187 0.00306081
-0.01694787 0.12360401 0.41707021
0.02071026 -0.09571591 -0.04812738
0.04182252 -0.09734187 0.35871470
-0.03104365 0.10389468 -0.36029491
-0.15021947 0.15184361 -0.07301760
-0.12326825 0.03531210 -0.07005136
-0.16333595 0.01705784 -0.18739155
0.12853605 -0.08954631 0.04061146
-0.08420248 0.08624083 0.13555172
-0.14538127 0.02008019 -0.26430184
-0.16858757 0.15167758 -0.35876971
0.10647576 -0.09613575 0.35848826
-0.01990657 -0.04835381 -0.18406059
-0.00953828 -0.09506475 -0.01902422
0.15795891 -0.01681672 0.04566040
0.00351251 -0.01091164 -0.42687944
-0.11275332 0.16139930 0.07922199
-0.04450578 -0.09855385 -0.15469177
-0.11029372 0.12063465 0.29622597
0.00228086 0.14671502 -0.39647773
-0.10469998 0.11968534 0.21466057
0.14815471 -0.10565048 -0.38165918
0.01001136 0.01682992 -0.23043253
0.15760548 0.00944373 -0.36289722
-0.10514958 -0.09365481 0.09369801
0.16135970 -0.00765764 -0.13071004
-0.05611180 0.05435492 -0.38758734
0.12476680 0.01658542 -0.02617706
0.15864533 -0.07628084 0.12308574
-0.11067872 0.10799433 -0.33435428
0.11288153 -0.06421530 0.42337707
-0.12638932 -0.09357917 0.33645943
-0.10810483 -0.04098643 0.19640382
0.15523583 0.01673014 -0.31616181
-0.05588335 -0.05517830 0.09773851
-0.14824429 -0.14388849 0.33667415
-0.04721308 0.15639897 0.39111590
-0.16531391 -0.06307232 -0.28144079
0.05262833 -0.02660381 0.42312062
0.13313226 -0.03234173 0.34564421
-0.06700841 -0.09040958 0.11927889
0.15279777 -0.09294990 -0.21492133
-0.17016056 -0.08163074 0.12996185
-0.12661117 0.03450232 0.41258457
-0.11091547 0.01963923 -0.40013665
0.16229041 -0.04281877 -0.04842343
-0.12060285 -0.03504262 0.42071953
-0.09229940 -0.09792650 -0.04115285
-0.06362747 -0.01312392 -0.28099751
-0.14924668 -0.02138063 -0.31677926
0.04439338 -0.10067715 0.06734072
-0.06403708 -0.09490681 -0.09954189
0.06598155 0.01484468 -0.00593692
-0.15837537 -0.03533686 -0.41717476
-0.06087694 -0.04196015 -0.41696140
0.15373805 -0.10173637 0.25437620
-0.15666261 0.11307839 0.41991913
0.02479926 -0.09611570 -0.16392674
0.16107163 -0.07257757 0.17138150
-0.00115262 -0.08323801 0.29973358
-0.01176949 -0.08505246 -0.34978139
0.16058245 0.08881922 0.38239887
-0.16867223 -0.08620340 0.24614103
0.01151284 -0.03457909 -0.17034248
-0.11247160 0.15820457 -0.39985651
-0.02050924 -0.08508919 0.10674553
-0.15214197 -0.15967801 -0.41382173
-0.03299122 -0.08616357 -0.16861472
-0.10871771 0.14264992 0.29973745
-0.09513133 -0.02284839 0.21556365
-0.14129783 -0.04735135 -0.06689245
0.15155153 0.13416234 0.37135601
0.09290460 -0.00868435 -0.29317987
0.03602033 0.01573642 0.10422857
0.10983016 0.07379329 0.42301124
-0.07836935 0.00888379 0.19544901
-0.14440659 -0.14629340 0.38138619
0.07707518 0.00502754 -0.19683610
0.12836328 -0.09687661 0.12884448
-0.15431531 0.18370618 0.07141913
-0.16779134 0.07643481 0.14026332
0.15593968 -0.08570530 -0.40863270
-0.14901385 0.06933501 -0.11416164
-0.16926926 -0.03378516 0.18993542
0.03351775 0.12500179 -0.35373408
0.10689118 -0.06193966 0.29544696
-0.03362564 0.05098519 -0.26177266
0.16134118 -0.01170801 0.02088862
-0.16552077 -0.09467402 0.23102662
0.08566296 0.09271246 0.36592028
0.16397357 -0.07610290 -0.25507683
-0.01660974 -0.03183808 0.37499598
-0.09323945 0.15853347 -0.34294391
0.03926468 -0.09488823 0.25804359
-0.17107011 0.10070287 0.02145782
0.15722077 -0.09350937 0.17344067
0.06972665 0.06960585 -0.42023158
-0.03631921 0.01020661 -0.27794045
-0.16803396 0.07634366 -0.12838207
-0.11604232 -0.05683407 -0.13474868
-0.14750320 -0.10013256 0.06924657
-0.01417337 -0.02882093 -0.35904533
-0.16986635 -0.03756416 0.07885980
0.14885293 0.00096411 -0.14704393
-0.16127144 0.12611721 -0.37722498
-0.02465145 0.10823522 0.40358704
-0.16738126 0.05145651 -0.03863357
-0.10135768 0.11631154 0.17395359
0.15425678 -0.09133330 -0.09281145
0.07753053 0.00724356 0.20377237
0.03022306 -0.10015425 0.37106529
0.12678978 0.07836822 0.42240334
-0.08562897 0.02508687 -0.38947377
0.01594199 -0.08941384 0.08776497
-0.17558004 0.15465586 0.36670822
-0.15005790 -0.10409044 -0.36861271
0.14723468 0.05078856 -0.36976802
0.08210111 -0.09947491 -0.33351046
0.16107401 -0.02769491 0.24892937
-0.12654838 -0.08966204 -0.39576495
-0.03212591 -0.09037562 -0.21921159
-0.14940184 -0.13924667 -0.38169679
-0.08827117 0.10377787 -0.03236619
0.15869534 -0.05119744 -0.27155378
0.05306042 0.12370880 0.39384228
-0.16971900 0.02433312 0.28267246
-0.15740012 0.04217118 0.04629543
0.02218892 -0.07698832 -0.36319754
-0.16535091 -0.09082095 -0.41659945
-0.10561629 -0.02342046 -0.39501640
-0.17070961 0.14326759 0.27119303
-0.16395178 -0.02273898 -0.30455554
-0.03629361 -0.05675215 0.17706865
-0.02507332 -0.06297223 0.00763572
0.15920419 0.02016149 0.38376111
-0.09536535 -0.02294361 -0.14448217
-0.05332795 0.08993440 0.34116000
-0.10705540 0.15992239 -0.04850107
0.02456948 -0.10127562 0.02557606
-0.08613712 -0.09482243 0.00166428
0.15104643 -0.09301745 0.06528198
-0.02792005 -0.09862938 -0.27660334
0.07569164 -0.00503926 0.15967496
0.16732840 -0.05253084 0.21816967
-0.16841789 0.04513057 0.15290171
-0.14423472 -0.04362412 0.02874802
-0.09204312 0.02728391 0.09411667
-0.03322067 -0.10359984 0.38778648
-0.06574911 -0.04982170 0.22125998
-0.16585770 0.03566267 -0.27718252
-0.05032441 0.02004485 0.00639705
-0.11401645 -0.09777411 -0.08451405
-0.06231172 -0.05565296 0.13715079
0.15948810 -0.10880218 0.41679433
-0.00648958 -0.07367724 -0.03279705
0.12282457 0.00158726 0.35705262
-0.05990569 0.00911515 -0.09997854
-0.00193770 -0.03798478 -0.10639806
0.06105797 -0.09580033 -0.27348328
-0.11431438 0.14855601 -0.39075273
-0.10070018 -0.05937466 -0.42018953
-0.00839760 0.02089423 -0.06357910
0.08830447 -0.15418802 -0.41010764
0.05506349 0.03552815 0.41997802
-0.09442835 0.04190402 -0.34440473
0.15947101 -0.06444822 0.18553261
-0.16968086 0.13246524 0.02640970
0.16277264 -0.04702227 -0.12784702
-0.16979197 0.01626123 0.26057902
0.00674119 0.02195552 0.28396636
-0.03711292 0.02374459 0.13213564
0.14322069 -0.10458048 0.22372741
0.15229210 0.08018000 -0.41922688
-0.13826887 -0.10818773 -0.31451148
-0.15510806 0.13046041 -0.38747627
-0.02495625 -0.08044678 -0.42120981
-0.08118978 0.03413562 -0.26111585
-0.10642098 -0.08858310 0.20301284
0.08471087 -0.01600277 -0.31920043
-0.15457654 0.00248294 0.26583049
-0.09732577 0.12644981 -0.42211655
0.15836318 -0.10151456 0.18216798
-0.09883839 -0.09851672 0.22848827
-0.15949994 -0.14435764 -0.38781369
-0.17009476 -0.02249911 -0.20414215
-0.03400915 0.00806947 -0.00538830
0.10627379 -0.09106252 0.26958582
-0.07876760 0.04376945 0.11444412
0.14203267 -0.10165418 -0.04364742
0.13966307 -0.10877036 0.37883866
-0.12420472 0.03883335 -0.04143326
-0.11345096 0.09410770 0.20638031
-0.14936712 -0.10586626 0.06421635
-0.06784578 -0.03347780 -0.36468154
0.15792561 -0.09079503 0.28594956
0.01817752 -0.08472880 0.26313165
-0.02938804 -0.08406676 0.14852607
0.13946812 -0.13103265 -0.41283277
-0.00022927 0.02298523 0.06314708
0.10994071 0.01532215 0.24740428
0.01272828 -0.06703141 -0.36988312
0.13186620 0.12070340 0.37640300
-0.09938963 0.13244052 -0.38305479
-0.09741824 0.11293742 -0.02327917
-0.08910869 -0.07479630 0.40082756
-0.07151867 -0.03313934 -0.12545900
0.03174527 0.10247458 0.42172152
-0.14992790 -0.09755946 0.27542037
-0.17122306 0.16594996 0.01892471
0.08654381 0.01878929 -0.22090544
-0.17370042 -0.03418719 -0.38253522
0.00911631 -0.05404786 0.42074776
-0.14499998 0.18259616 0.28847829
-0.12710536 -0.09397521 -0.06058133
0.02232983 0.04231044 -0.32902524
-0.01625380 0.11502067 0.37309971
0.05661786 0.01918740 -0.11556290
-0.16529307 -0.07956421 -0.38227475
-0.15363725 0.09486510 -0.02922584
-0.16822670 0.14457977 -0.10520713
-0.16492067 0.18612078 -0.35709420
0.09362984 0.01359538 -0.18337175
-0.17107692 0.08840371 0.25719798
-0.16456833 -0.09185378 -0.26693583
-0.03043136 0.12578554 -0.38093179
-0.11995375 -0.09480990 -0.41096106
-0.10016079 0.13354933 0.17281651
0.08362989 0.12904204 0.42430827
0.14974727 -0.11080883 0.35755715
-0.15936276 -0.11895811 -0.39322823
-0.11348035 0.04238900 -0.14847887
-0.01925502 0.01942531 -0.10255884
-0.16150641 -0.09519669 -0.33862561
-0.10918262 0.14584185 -0.20829256
0.12296735 0.02952203 0.02484355
-0.12669931 0.18560046 0.08848374
0.09995612 -0.02124176 -0.09505165
0.16256386 -0.04578827 0.23275945
-0.11846498 0.14978315 0.17270876
0.10261728 -0.04110866 0.42239934
-0.16801341 -0.09309246 0.25813168
-0.11233315 -0.09852478 -0.26695710
0.16011269 -0.05762196 -0.01942579
0.11708619 0.03582309 -0.38436908
-0.16211845 -0.03263901 -0.08910380
-0.14427714 -0.05084390 0.24814402
-0.11603031 0.09158070 0.05268656
-0.03187003 -0.09651531 -0.31332645
0.10344038 0.01859740 -0.02729117
0.01302731 -0.09631182 -0.04119045
-0.16779697 0.13874912 0.01244626
-0.11779279 0.18029211 -0.36369228
0.16439545 -0.00462585 0.02470342
-0.06116235 0.02775895 0.13815139
-0.17195174 -0.02290901 0.18248878
-0.12601224 0.18308544 -0.13022235
-0.17173034 0.16216040 0.24876377
-0.16037649 0.05486597 -0.06830075
-0.01626602 -0.09637422 -0.01553052
0.08635631 0.12063026 -0.31645977
-0.04612877 0.14715070 0.40567166
-0.11760312 0.06439361 -0.34457451
0.00549328 -0.09621751 -0.16271728
0.00020611 0.14982557 0.39597297
0.16424446 -0.01308602 -0.27348158
0.00792248 0.09355523 -0.42259577
0.11988828 0.05355204 -0.37444001
0.04534734 0.14470370 -0.39284924
-0.03537545 -0.09947815 0.10605451
-0.06155261 0.02254817 0.03705528
0.05757613 -0.07579899 -0.42293754
-0.16828465 0.10695869 0.16371293
-0.09368653 -0.09895442 0.22342533
-0.07546030 0.04930350 0.32299179
-0.02216513 -0.07356729 -0.34798759
-0.17114316 0.11742544 -0.00867558
-0.12544046 0.18584539 -0.23108263
0.12731978 -0.09306949 -0.10452355
0.14648749 -0.01095289 0.01466861
-0.00485949 0.04745118 -0.41361767
0.00366548 -0.10391074 0.40610877
0.15541634 -0.09110414 -0.42121971
0.03862051 -0.09684533 0.01234228
-0.06191940 0.16027993 0.40620014
0.09415963 0.01330604 0.10481653
-0.17028728 0.09678791 -0.30714655
-0.08521061 0.01212024 -0.12117893
0.03311947 -0.09337433 -0.08410577
-0.11634719 -0.09857728 0.21109366
-0.16786046 0.15269651 -0.32480115
-0.17444372 -0.03756692 -0.01285555
-0.16900447 0.16672757 -0.35225531
-0.13080785 0.03539192 -0.31888252
-0.04694035 -0.05600533 0.27011648
-0.04696397 -0.05633920 -0.41591024
0.12239421 -0.05420996 0.41817808
-0.09117582 0.03558003 -0.23273563
-0.16173930 -0.04432099 -0.05807121
-0.17181624 0.18735611 -0.10421686
-0.17536613 0.14589918 -0.11843024
0.01942400 -0.09317344 0.33667397
-0.00570147 -0.05973949 -0.18488000
0.01718102 -0.09995368 -0.26538765
-0.07570220 0.04676942 0.40955403
-0.16615921 0.03920969 -0.10361747
0.07539725 0.12312187 -0.33744675
-0.12405884 0.00403989 0.27683312
-0.16869701 -0.06330169 -0.31314024
0.05099202 0.01538336 -0.13498926
-0.11125583 0.06556159 -0.19131410
0.15663794 0.02215064 -0.12329276
-0.03926278 -0.08786681 0.06973558
0.07015318 0.04469757 0.41704527
-0.10706653 0.08671913 0.41505876
0.14704350 0.08758485 -0.31950206
0.13791706 -0.00595855 -0.10548951
-0.12302163 0.03400959 0.29657733
0.09233942 -0.06921134 -0.37669846
0.16357592 -0.04822240 -0.08932675
-0.11861856 0.08958985 0.17053282
-0.12861492 -0.09252570 0.09034492
-0.12408638 0.01920458 0.37064579
-0.14127335 0.06372355 0.28348389
-0.09233315 0.15217692 0.29774246
0.09570079 0.00748670 -0.26959160
0.15661445 -0.10873242 0.36000586
-0.13772048 0.13567249 0.15976050
0.14269151 0.02548827 0.42341316
-0.17138952 0.13878472 -0.23975281
-0.10910623 -0.07323144 -0.05733873
0.07414018 -0.05787015 0.10220192
0.10819527 0.00597916 0.36160985
-0.03100582 -0.09703196 -0.16287181
0.16153467 0.02507085 -0.39381012
-0.03378927 -0.07736502 0.41965169
0.02948971 0.02193923 0.23603748
-0.05503258 0.03673116 -0.38196886
0.16215305 -0.06752661 0.07790828
0.13499711 -0.03320786 -0.22024879
-0.16941355 0.01817397 -0.13933256
-0.01291487 0.01732538 -0.15369768
-0.14766750 0.00351052 -0.35975361
-0.08690783 0.08016808 0.08949882
-0.10743674 0.08907261 0.22217810
0.06376114 0.01927964 -0.31438330
-0.04554938 -0.04105001 0.00365307
0.01915836 -0.00222483 -0.08857712
0.15904897 0.02437836 -0.31703427
-0.13875633 0.18393095 0.24436755
-0.16439846 -0.05645838 -0.42485541
-0.11273053 0.17149824 0.24406245
-0.10173925 0.13472983 0.21275289
0.12744299 -0.08950025 -0.07532482
-0.17369378 0.09137439 0.15939963
0.06262081 -0.06825981 -0.37650096
-0.17227294 0.00653235 0.39908561
-0.14585878 0.11909235 -0.10138261
-0.09386915 0.10170747 0.28744167
0.14192182 0.14031529 -0.38912323
-0.17479427 0.08351546 0.25613803
-0.00724017 -0.09318252 -0.19880360
-0.05747814 0.00350105 0.17283741
0.13480484 -0.07849605 0.06244194
0.01728728 0.08511315 -0.42414990
0.10215047 0.12850767 0.37589499
-0.00964691 0.06995357 -0.42608914
0.03397257 0.12217809 0.42397806
0.16225745 -0.04832889 0.01204325
-0.05588999 0.02219425 -0.12705703
0.10749914 0.00706496 -0.21267255
-0.17137372 0.13943912 -0.22860242
-0.10295219 0.16818687 -0.02133999
-0.10295497 0.14813763 0.26616174
-0.14990652 -0.02038963 0.07346219
0.14711465 0.01359324 0.01891670
-0.17133808 -0.08164669 -0.11755925
-0.07535850 0.01089513 0.32340166
-0.17079328 -0.04528026 -0.39018679
0.14481792 -0.12076516 0.41312563
-0.12159546 0.17942043 0.36896160
-0.17176011 0.18622988 -0.00513254
0.05575643 -0.09793347 -0.10424338
-0.14999495 -0.04659215 -0.41828284
-0.02154491 0.01916083 -0.18077788
-0.06000311 -0.09873014 -0.17886363
0.15777881 0.02640914 -0.42288178
0.04066858 -0.10191275 0.17949256
0.15407592 -0.08045579 -0.12408857
0.02479143 -0.09615414 -0.12291317
0.12981845 -0.09686119 -0.12597281
-0.11094500 0.09468412 -0.39919814
0.01844972 0.06596594 0.37304041
-0.05736604 0.14282285 0.35439253
-0.14565226 -0.00549704 0.39041650
0.05698409 0.00816849 -0.28986192
-0.09279256 -0.00530386 0.42114857
-0.11508970 -0.04674474 -0.29344860
-0.16693360 0.08966979 0.08213488
-0.06544062 0.09754840 0.42338651
-0.03607629 -0.09227429 -0.34372568
-0.12061796 0.02557550 -0.18187454
-0.14843629 0.19034569 -0.27753967
-0.11835473 0.15317392 0.36057720
0.08484345 -0.09204610 0.04190010
-0.07711071 0.09954159 -0.42589784
-0.06604974 -0.03179570 0.04529686
0.13359027 0.02680109 0.15911998
-0.16946287 0.03344401 0.31082359
-0.06237038 -0.07329226 -0.42389262
0.16609503 0.01081140 -0.28698400
-0.17312407 0.17337416 0.22579941
-0.17154771 0.15452270 -0.35778856
0.01804751 -0.08411691 -0.37585104
0.04828094 0.01684406 -0.24196985
-0.04515242 0.02205128 -0.38217291
-0.13194166 -0.05164358 0.04047148
0.15278772 -0.10556796 0.17526962
-0.12098698 0.11506524 -0.26120713
0.14012334 0.09718509 0.40700823
0.01487517 0.12783149 -0.41129220
0.09457603 -0.09816580 0.41735145
0.10230455 -0.02636996 -0.42103878
-0.11041733 -0.10359893 -0.42187282
-0.14715336 -0.01671660 -0.01160658
-0.10025974 0.04595078 0.37352419
0.11689799 -0.10680838 -0.41420558
-0.16686551 -0.09434839 0.35797819
-0.07411876 0.13004427 0.37518331
0.10781996 0.10332191 0.42105985
-0.11162037 0.08298276 -0.41981861
-0.03525451 -0.09396319 -0.13090701
-0.05807023 0.00592195 -0.16802189
0.06080119 -0.09203043 0.02560616
-0.12795478 -0.09757296 -0.40360600
-0.03944396 -0.09625006 -0.30796438
0.01683830 0.05472626 -0.42475346
-0.03385432 -0.07031193 -0.01504838
-0.16889717 0.01332731 -0.19479606
0.07232632 -0.01010715 -0.42371422
-0.11040266 0.00617261 0.18156639
-0.12128649 -0.09174431 0.20379497
0.14300211 -0.10217668 0.18733388
0.10203063 -0.08960175 0.01697452
0.15691108 -0.08444607 0.28045666
-0.16825245 0.12237434 0.08249190
-0.16798064 0.08457905 -0.40228936
0.13838358 -0.11270729 -0.40673026
-0.06173933 0.09214444 0.36638659
0.11166207 0.02663730 -0.42435637
-0.13006610 0.14308113 -0.34074491
-0.08868702 0.05503755 -0.08787118
0.14388959 -0.16751270 0.40977973
-0.17146349 -0.09103557 0.19526789
-0.01014435 -0.10164985 -0.25737527
-0.08632296 0.08957021 -0.16992846
0.09764561 0.10857130 -0.42522720
0.02974734 0.07335863 0.42083272
-0.13849705 -0.09939971 0.05754099
0.15617993 -0.05704149 -0.13065086
-0.11715760 0.17888799 0.11227636
0.15275936 -0.09483051 0.32733068
0.06002992 0.01058165 -0.06575643
0.08313498 -0.02821536 -0.35778552
0.00466528 0.02752542 0.42220575
0.15614006 -0.03683480 -0.18700221
-0.16226971 0.14066012 0.30145168
-0.07152055 0.03298463 0.16240069
-0.15916519 0.16364853 0.41145962
-0.17347287 0.08325996 0.32956970
-0.08018227 -0.03327399 0.41492531
-0.16867588 0.02015032 -0.03174031
0.14298488 -0.10261811 -0.06211507
-0.12111019 -0.00944533 0.18729198
-0.07888752 0.09346581 -0.30406061
-0.13433848 0.11283373 -0.01005855
0.10940584 -0.09984027 -0.30646837
-0.12762591 0.17181882 0.40105477
-0.11219756 -0.08352522 0.42142096
0.07336968 -0.04020816 0.42176482
-0.16124269 0.14441776 -0.38641706
0.16140833 -0.04093700 -0.06580861
-0.12403746 0.07775656 -0.42399031
0.16004354 -0.09906147 -0.04239157
0.16212972 -0.07022180 0.37480527
-0.09953748 0.01543905 0.34264091
-0.17021668 0.11154158 0.41845652
-0.08223495 -0.07997639 0.15350260
-0.01865705 0.01169986 -0.33431336
-0.11542491 0.02847239 0.25418660
-0.14522031 -0.11745275 -0.39920813
-0.04655661 -0.04449364 -0.14994827
-0.11176491 0.05021781 -0.42487109
-0.16788943 -0.00721033 0.04911321
0.02980868 -0.07034610 -0.07665895
-0.17010424 0.07934927 0.25799358
0.09702277 0.00602787 0.05680697
0.00313421 -0.10334021 0.36252841
-0.13040709 0.18604204 -0.11381185
-0.09755404 -0.09668474 0.35184559
-0.04567726 -0.09499897 0.03427575
-0.04825366 -0.09634235 -0.24788666
0.09887931 -0.09779117 -0.26955777
0.08617137 0.00584120 0.14669763
-0.15790085 -0.02248090 -0.42139649
0.07506183 -0.04809082 -0.14618026
-0.13345191 -0.02468910 0.42076412
0.11880159 -0.03053891 0.42461181
0.09135415 -0.05084933 -0.04937897
-0.09764021 0.02955810 0.18340035
0.16204837 -0.04113517 0.39075279
-0.12287634 0.06256195 0.42128494
-0.09237013 0.07437304 0.12549882
0.04091489 -0.09631149 -0.13201927
0.11959979 0.12489895 -0.33122098
0.15911755 -0.00020573 -0.02228399
0.03873333 -0.03305647 -0.35336408
-0.07439282 0.08432363 -0.36100963
-0.17051122 -0.07696055 0.22278996
-0.00792884 0.01833784 0.07740247
-0.06722254 -0.09120049 0.32723179
-0.01181175 -0.01947652 0.20090707
0.15857466 -0.08686434 -0.00328806
-0.03121567 0.02171451 -0.35792148
-0.06059390 -0.10618228 -0.41500628
0.14456645 0.01930580 -0.40266788
-0.17609772 0.11954048 -0.37187845
0.14748523 0.02539198 -0.38963303
-0.12433532 -0.00397555 -0.15168484
-0.08884685 0.14825514 0.10214210
-0.16511534 -0.10000408 -0.24608389
-0.17098235 -0.09240912 -0.21903354
0.02834671 0.01373306 0.33315295
-0.14750032 -0.04035556 -0.11056427
-0.12387051 -0.10185719 0.20694311
-0.03304860 0.10404687 0.42276916
-0.00403333 -0.02782242 -0.09812269
-0.03318216 -0.09540384 -0.32528862
-0.17264186 -0.16936983 0.40055496
0.16274756 -0.02137962 0.11735324
-0.00878468 -0.09720417 -0.10782550
0.15679979 0.05263570 -0.39991862
0.10005160 0.00410594 -0.37973690
-0.04689442 -0.10041863 -0.34062049
0.14730097 -0.00714906 0.18478106
0.02527039 -0.09499537 0.17890817
-0.10896576 -0.08178029 -0.37131011
0.15831207 -0.10640510 -0.41761136
-0.12378971 0.06898919 0.07300350
-0.04310082 -0.09532328 0.33958068
-0.14596435 -0.05016457 -0.08086587
-0.13654396 0.07990229 0.26414707
-0.14197654 -0.08621091 0.17478284
-0.11826465 0.14190610 0.00985876
0.16600513 -0.01377986 -0.08746353
-0.09811114 -0.09709209 -0.23382473
0.16116059 0.03218561 -0.38332883
-0.16884103 -0.07619611 0.33029151
-0.07686759 0.07382961 -0.10361297
-0.00001973 0.01603370 -0.18740910
-0.12267031 -0.09181541 -0.01026074
-0.02381852 -0.09144234 -0.02773991
-0.16436265 -0.08008747 0.19437850
-0.00240024 -0.09680277 0.01407704
-0.12591320 -0.03201633 0.04092424
-0.13785917 -0.15912221 -0.40465051
-0.11039936 0.08636853 -0.42456305
0.15797190 -0.08854161 0.08638897
-0.06556252 -0.09644568 0.06476758
-0.12666494 0.17765428 -0.39161372
0.14949025 -0.01721692 -0.06336803
0.09518868 -0.03627060 0.28993168
0.07956056 -0.04447822 0.36537758
-0.15100001 0.13809183 0.41327071
0.16968371 0.08097863 0.39770457
-0.14632855 0.06358401 -0.06871098
-0.15999699 0.17928649 -0.15645280
-0.14859238 0.07737955 -0.38001403
0.05808435 -0.10071038 -0.09932660
0.02471299 0.01346741 0.16007592
-0.16674657 -0.08313587 0.38954043
-0.12671572 -0.09181155 0.28046614
0.14035863 0.01132936 -0.37159240
0.14272407 -0.03601358 0.42317206
0.05997233 -0.04284260 -0.12664761
-0.12143084 0.06895313 0.37003806
0.15598382 -0.06502178 0.26494268
0.10146471 -0.09376854 0.35116580
-0.00701815 -0.02248847 0.35290995
0.08799608 -0.09485555 0.32845971
-0.10470077 0.17099282 0.29572904
-0.07802574 -0.09198301 -0.01554146
-0.16218790 -0.10039613 -0.21109036
-0.00326797 -0.10030580 0.03666019
0.05528599 0.01668316 0.24889891
0.05787512 -0.09121378 0.14925399
-0.09101123 0.10506598 -0.29518452
0.14506431 -0.01389378 -0.36933431
-0.13305378 -0.09899535 -0.10367577
-0.10068183 0.10116577 -0.37986025
-0.11185851 0.01450893 0.16183598
0.08936061 0.04276305 -0.14344171
0.03172048 0.09385973 -0.42781225
-0.04014641 -0.08293373 -0.12252881
-0.06024844 0.06936190 -0.36429146
-0.03209876 -0.03898081 0.06262336
-0.03067020 -0.00977439 0.23762879
-0.11955704 -0.05440037 -0.13306116
-0.03486826 -0.09898435 -0.00658187
-0.01939650 -0.08811295 0.35292077
0.06557937 -0.09708049 -0.15887266
0.15120502 -0.08016273 -0.39867333
0.15827198 -0.09254790 -0.25582656
0.11714999 -0.00112382 -0.06072028
0.01166152 -0.01115547 -0.42448133
0.13035114 -0.10405602 -0.06505518
-0.15453936 0.02459706 0.37951565
-0.03439495 0.07468198 -0.41903996
0.15803432 -0.09988645 0.24015109
-0.01436017 -0.09761203 -0.02861703
0.09219968 0.11630350 -0.42364350
0.12288965 -0.09321252 0.25513566
-0.10341591 -0.08283154 0.42075607
-0.07767457 0.01027916 0.31779671
0.05820592 0.08966116 -0.42630416
-0.17598900 -0.07150201 -0.31163758
0.15757419 0.01058261 0.18375552
-0.11438493 0.15288982 -0.32123336
-0.16068743 -0.02882541 -0.20032740
-0.01639762 0.02199380 0.24151993
-0.11016256 -0.07619698 -0.28035277
-0.17379187 0.15520522 0.33700451
0.03618941 -0.09498277 -0.26127458
-0.09271867 -0.07259338 -0.35482895
0.14928713 -0.10033824 -0.02077571
-0.16691019 0.06594639 -0.37876105
-0.10873519 0.04307462 -0.02992093
0.13472225 0.12291406 -0.33719569
0.16340454 -0.08523868 0.05261919
-0.17132759 -0.01658647 0.15641418
-0.07969429 0.02118164 0.41972873
0.09312902 -0.01717824 -0.11875553
-0.05697323 -0.09552113 -0.14536789
0.16274425 -0.01290451 0.38396698
-0.15825440 -0.11954417 -0.37108272
0.04168472 0.01844020 -0.05723830
0.00953227 -0.07072987 0.39054117
0.00454475 -0.09914196 0.36698812
-0.11122642 -0.09118919 0.18158929
-0.16769749 0.16300857 0.39849892
-0.13242723 0.12404545 -0.40791878
-0.17147952 0.02362390 -0.38051659
0.16257912 0.06794029 -0.42175969
0.15747647 0.01143541 0.01062331
-0.00091872 -0.09768566 -0.30369514
-0.11412910 0.17571586 0.12865373
0.10698716 0.01790254 0.18276864
0.16298200 -0.07966694 -0.01565957
-0.09774943 -0.02838662 0.36632508
-0.14343514 0.04365094 -0.42239639
0.16543758 -0.07091866 -0.22107953
-0.16517526 -0.10331246 0.07073794
0.01082558 -0.04500514 -0.34304777
0.00595770 0.08142433 0.42224568
-0.02379700 -0.04509246 -0.07200959
0.13100401 -0.09764118 -0.31381607
-0.07849014 -0.09638344 0.17495459
0.01115899 -0.00731260 -0.42500064
-0.10249810 -0.09177661 0.24831493
0.01236098 0.05125977 -0.37626460
-0.15989438 0.08567505 -0.09612857
-0.15831594 -0.12332150 -0.37254357
-0.12625210 0.05194065 -0.38603550
0.12855706 0.01132115 0.12090921
0.04015097 0.02673978 0.15748201
-0.11647165 -0.05664348 -0.26825127
-0.15418333 -0.05820139 0.01784714
0.06647941 0.00262601 0.17724022
0.16653788 -0.06633731 -0.17789078
0.02704998 -0.09283455 0.07286976
-0.15089136 0.18932010 0.25044498
0.14319487 -0.03037332 0.42178771
-0.06246299 0.08483200 0.41341552
0.07406750 -0.09161855 0.17415258
0.09616597 -0.09107979 0.30364859
-0.15921322 -0.01930247 0.35013115
-0.15795764 0.01057223 0.32677481
-0.16618854 0.04789042 -0.06083789
-0.16341048 0.07405586 0.16755445
-0.10889518 0.06575795 -0.00787120
-0.17399287 -0.06980282 0.08284115
0.04101572 -0.09726019 -0.39886570
-0.14432576 -0.01775017 -0.07872079
-0.17194881 0.12385547 -0.20856611
-0.17301092 0.00694251 0.35970530
-0.08913831 0.09811410 -0.42364207
-0.05644704 0.00893425 -0.00928285
-0.16609180 0.01702076 -0.41606301
0.00820524 -0.10045379 -0.37435690
0.16824555 -0.01308532 -0.04683905
-0.16241460 -0.08936302 0.21626015
-0.05811108 0.08694386 -0.37783587
0.02022097 0.01982953 -0.13892187
0.16457339 -0.05875931 -0.26922923
0.15658611 -0.09721179 -0.32261151
-0.01414530 0.02606640 -0.42355424
-0.01810019 -0.04802780 -0.24662943
-0.12273609 0.15368724 0.01338795
-0.13062274 -0.06916855 -0.34782207
0.00059353 -0.08194295 -0.27294478
0.06985866 0.01565005 0.08292638
-0.12687124 0.11614765 0.21875687
-0.08150896 -0.02364286 0.18363571
-0.06782824 0.02537935 -0.12402344
0.01958796 -0.07552855 0.41923302
0.06385272 -0.09024172 -0.38337204
0.04204759 0.14009629 -0.36006001
-0.16557807 0.08099242 -0.07238565
0.08443066 0.01501250 -0.16307479
0.01617716 -0.08435658 0.16524574
-0.17007373 -0.00697503 -0.09530497
-0.17158169 0.11744316 0.19351570
0.06773336 -0.06382360 -0.25393599
0.06290233 0.01462033 0.24095953
0.02648664 -0.03820601 0.02364852
0.00448878 -0.09557287 0.14641580
0.14934139 0.13873565 0.41653487
-0.17294288 -0.08178277 0.17756379
-0.16949442 -0.00795964 0.14985020
-0.11353517 -0.09621194 -0.07614598
0.03182935 -0.09924840 -0.32590368
-0.11956032 0.17434886 -0.16760068
0.15598086 -0.10124400 -0.25478819
0.04439602 -0.09772873 -0.13894948
0.07941131 0.01828078 -0.30768681
-0.16607720 -0.09354630 0.15577027
-0.07948607 0.16277303 0.36033812
-0.07927385 0.06902020 -0.01762790
0.12588030 0.01408357 0.28872168
0.12237839 -0.09850249 0.21284340
-0.06018037 -0.09758064 0.13079827
-0.11678298 0.17908108 0.01791285
-0.13064928 0.00113259 -0.10396905
-0.13530312 -0.04585119 0.21162355
0.16697998 -0.01424559 -0.21090072
-0.16719688 -0.04547529 -0.08642527
-0.01713411 0.08842862 -0.42434815
0.07171260 0.09127718 0.42419809
0.14700383 -0.09551670 0.18031746
-0.14172731 -0.13520050 -0.39397493
-0.15146123 -0.01121360 0.11169909
-0.06089023 0.00779882 -0.26966435
-0.07592534 0.09344690 0.24014008
0.08468935 -0.09744311 0.19210443
0.08094451 0.00254449 -0.21088734
0.09943736 0.00575877 0.01995258
-0.17104150 -0.04188676 -0.23317614
-0.05767684 -0.08505419 -0.38667044
-0.04137817 -0.10144401 -0.18428265
0.12635835 -0.04471665 -0.26583236
-0.10112994 0.17049675 0.37382987
0.16152799 -0.01169450 -0.18067092
-0.17073855 -0.01755062 0.26131180
-0.17262343 0.11515671 -0.06781655
0.09672169 0.07896642 0.42293486
-0.15133081 -0.00507877 0.11589681
-0.07339164 -0.09929774 -0.01867755
-0.16928861 -0.08315051 -0.06549698
-0.05643880 -0.08326477 0.38463444
-0.14663047 0.18474938 -0.16370076
-0.16818255 0.18780626 0.19881451
-0.00998051 0.05273578 -0.37203735
-0.14637443 0.16443123 0.37584147
-0.08855149 -0.09925628 -0.34367004
-0.16793644 0.06592385 -0.24615814
-0.14970259 -0.12035323 0.41727161
-0.16574198 0.18024021 -0.12400474
-0.11417808 0.14400168 -0.00504612
-0.17216216 0.15036885 -0.21062498
0.14129719 -0.16892223 -0.35596699
0.16023491 -0.06865223 0.30398241
0.15774640 0.00185203 0.25402817
-0.16764925 0.16912708 -0.17243822
-0.10538133 0.11925087 -0.35514545
0.07424626 -0.08862749 0.41336071
0.10541840 -0.08049669 0.42111319
-0.10392387 0.03096114 -0.33644807
0.07871706 -0.10030945 0.36269537
-0.08708489 0.14780566 -0.18143049
-0.17565487 0.18046086 0.07055357
-0.17463754 -0.09190474 0.38528347
0.16723830 -0.02280407 0.02720904
-0.14321558 -0.10679040 0.33791548
0.00228415 -0.09088314 0.14667913
-0.04733535 0.02479769 0.15764846
-0.11804048 0.17811769 -0.08148628
-0.05282619 -0.02173512 -0.29834393
0.02934282 -0.08523645 0.16639981
-0.05951196 -0.09899637 -0.32055828
-0.11321753 -0.02560537 -0.40745774
-0.11893941 0.00955763 0.26724577
-0.09727684 0.00411792 -0.02072636
-0.10999560 0.17555051 0.29248068
-0.09957738 0.07489417 0.42132273
-0.17101769 -0.06235813 -0.07937833
-0.13474481 -0.06412993 -0.42417666
-0.07715327 0.12237758 -0.25281543
-0.01251646 0.04273888 -0.31365559
-0.06960145 0.10192256 0.21211776
-0.16544706 0.09867679 -0.35851836
-0.17346761 0.08157358 0.39183217
-0.05817347 0.08913139 0.32335868
-0.08395395 -0.09310271 0.33195087
0.15063980 0.05715606 0.37323365
-0.12985545 -0.01994827 -0.32201269
-0.16873987 -0.07776473 -0.01778871
-0.12042694 0.18503276 0.14636910
-0.15390645 0.01675254 0.01142531
0.06325248 -0.06018293 -0.42434567
0.04323358 -0.05915152 -0.26621056
0.09995779 0.13446492 0.38924131
-0.14051184 0.19043830 -0.31500456
-0.16963586 0.14244929 0.39185184
-0.07521053 0.08965693 -0.32626432
-0.02911415 -0.09221734 -0.35568506
0.14037396 0.00033542 -0.28504878
0.04576878 0.01406370 -0.35651687
-0.17063707 0.03843034 0.10082966
0.15965326 -0.09835808 -0.30096513
-0.16970910 0.00612164 0.01296721
0.07809238 -0.00101418 -0.25450361
-0.00224785 -0.08659558 -0.13674159
-0.17304392 0.11558936 0.23998539
-0.16563608 0.09545308 -0.03760293
0.14132529 0.03847443 0.36263308
0.11807463 -0.10493625 0.02408024
-0.16705082 0.04117154 -0.16969468
0.11337979 0.15486798 0.41446978
-0.08597273 0.11568463 -0.14728001
-0.16170473 -0.16279097 0.39014253
0.01118360 -0.00464970 -0.06519169
0.00349273 -0.09072139 0.33591112
0.04961681 -0.03630336 0.16802815
-0.04540818 -0.07909895 0.15519336
0.07412639 -0.01864738 -0.05729914
-0.15079039 -0.02180324 -0.38567054
-0.08368681 -0.09816904 0.02857234
-0.10508630 0.16786818 -0.00665284
-0.16440447 -0.04622671 -0.37670496
0.09934662 -0.05038062 -0.09866780
-0.14589415 0.07295558 -0.40816548
-0.16706482 0.03164142 0.36262557
