0.07015829 0.15255652 0.44414771
0.01716214 0.00440152 -0.14331543
0.03725380 0.02722443 0.26129538
0.08123443 0.03778073 0.30540314
-0.02926765 0.03036677 -0.38888842
0.03209911 -0.01366129 -0.39280674
-0.07539780 -0.03625616 0.23003155
-0.08049886 -0.03568457 -0.30360854
0.10185447 -0.05053804 -0.05102401
-0.10657721 -0.07070210 0.14802893
-0.10943209 0.08470933 0.41072771
-0.12670183 0.01732493 0.32803944
0.09828012 -0.04823191 -0.00639478
0.04052940 -0.04160397 0.31215265
-0.02653801 0.11012556 -0.40794083
0.07320438 -0.05599071 -0.17595956
-0.04297613 -0.04337170 -0.32553908
-0.14822604 -0.02024571 -0.33706239
0.14918712 -0.06631037 0.02551091
-0.12724562 0.06280700 0.39176032
0.09530324 0.05359301 0.35763088
-0.10550374 0.01765720 0.35118914
0.07159412 0.01184781 -0.39613932
0.07938132 -0.03953488 0.01704199
-0.02793060 -0.07150500 -0.23786315
-0.15079550 -0.04100293 -0.36162406
0.11686829 0.10434105 0.30495945
-0.15165731 0.07361200 -0.13388976
0.05160279 0.14895813 0.43311307
-0.15587164 -0.06589115 0.20258689
0.08254039 -0.04169276 0.13031483
0.07018385 0.15683499 0.39824259
0.00189192 -0.03468067 0.02619236
0.13849612 -0.05391136 0.24417353
0.14859261 -0.05759437 0.26555863
0.06497169 -0.00012250 0.29109222
0.10520379 0.04312871 -0.35711238
0.02316514 0.01719122 -0.21473861
0.03792234 -0.04629039 0.18901795
-0.00146052 0.00094383 -0.37656069
-0.08451580 0.12572725 0.43276820
-0.13069092 -0.03977748 0.17601952
0.14979549 -0.06294180 0.13396868
0.12173244 0.05680805 0.34549326
-0.06866605 0.00516480 -0.22875229
-0.15080728 -0.01339909 0.20555228
-0.02465679 0.00981936 -0.24313843
0.10143261 0.02206337 -0.35216430
0.11011398 0.07662918 0.35387722
0.12657388 0.13879888 0.41240382
-0.14774500 -0.02286126 -0.34177619
0.08719406 -0.01338600 -0.08184350
-0.03581613 -0.00229504 -0.39443576
-0.11957004 0.08470144 0.40859404
-0.10775585 0.03246211 0.39255920
0.04869692 0.01386691 0.18213812
0.15387174 0.00777654 -0.39556763
-0.11902790 -0.04859648 -0.00741231
0.06657248 -0.03370535 0.13074437
-0.03679867 -0.04604907 0.15796681
0.11669866 -0.00887843 -0.05616521
-0.03329215 -0.00877360 0.17280398
-0.16014354 0.02568720 0.35601163
0.13159189 0.01705073 -0.24692130
0.14090461 0.01419196 0.32282838
0.01906380 0.01857607 -0.16995987
0.05811035 0.06650513 -0.43167832
-0.12431343 0.00208246 -0.32485974
-0.11401296 0.03704239 -0.32136282
0.02995371 0.05372535 -0.41028732
0.02676461 -0.04000818 -0.22828163
-0.02307974 -0.01198030 0.13098060
-0.12144928 0.02032406 -0.37760121
-0.04360437 0.05031805 0.34664792
-0.01935131 -0.04711088 0.11820868
-0.09035265 0.01014897 -0.04241290
0.12563400 -0.05280302 0.05151953
-0.04783704 0.00854077 -0.33880138
-0.12764758 -0.13757612 0.29313532
0.05885356 0.15922084 0.40368515
-0.15478635 0.05732240 0.34690592
-0.01765400 0.02025663 0.28249466
-0.04520360 0.01087929 -0.31204048
0.09322432 -0.01985301 0.03976474
0.00406112 -0.01909198 0.03462953
-0.05014366 -0.04368071 -0.08350362
-0.11313514 -0.01731486 0.17198870
-0.13682479 -0.02873952 -0.23122282
-0.06826469 0.16651547 0.43629506
-0.06934810 -0.04767561 -0.15144938
0.03109838 -0.04056530 0.15355860
0.13243805 0.00348911 0.08090342
0.03579927 -0.03877660 0.07279076
-0.02145521 0.04762122 -0.32840860
0.14978077 -0.00777242 -0.10917807
0.13743520 -0.02259112 0.38625813
-0.14225245 -0.05912092 -0.33327019
0.06170008 0.01703550 -0.21777040
-0.08212513 0.00482632 0.16656034
-0.12197401 0.09640563 0.39405996
0.10770544 0.01935404 0.30581185
-0.02684896 -0.04247614 0.20831209
0.11124154 -0.01009287 0.06590769
-0.14958529 -0.00579045 -0.03792534
-0.01165620 0.01505423 0.33094484
-0.12169892 0.04914587 0.33919653
-0.00709482 0.18026593 0.43887523
0.03497219 0.04585346 0.41092065
-0.09657201 0.04032981 0.32448307
0.13899636 0.13980298 -0.42654973
0.14536038 -0.04883478 0.11122624
-0.09571074 0.10786280 0.32076216
-0.12876415 0.08432037 0.21442145
0.12780367 0.12493584 -0.40435240
-0.09135477 0.04422907 0.17893295
-0.16094002 -0.05160447 -0.19618183
-0.01994236 0.01842364 -0.01801715
0.06448438 0.01742009 -0.40571997
-0.04769767 0.00820255 -0.05863622
0.11502653 0.00756908 0.03489839
-0.13136473 0.08944815 -0.42542502
0.10820087 0.02738384 -0.37125406
0.06480458 -0.03932055 0.22926499
0.00836540 -0.03010110 0.09835612
-0.14835800 -0.00452750 -0.22893690
0.14418922 -0.03131517 -0.27028301
0.01423013 0.01352340 -0.24249020
-0.14938022 0.14257643 0.37300956
0.12421029 0.00212540 -0.09358048
0.02038616 0.01819961 0.36778152
0.12470677 -0.03673012 0.32960582
0.08220979 0.05092390 -0.33310884
0.08307996 0.08697081 0.36035711
-0.15386274 0.07712042 0.30633909
-0.06919790 -0.05894721 0.03569792
0.12776458 -0.05393682 0.00455900
-0.08877141 0.02081676 -0.40438479
0.15366241 -0.06010098 0.22591597
0.04124415 -0.04678855 -0.25538567
-0.13118275 0.08252475 0.38782427
-0.13654932 -0.05620048 0.28357190
-0.12521890 0.01286514 -0.40309450
0.05583470 0.00667679 -0.01224257
-0.13239263 -0.00652449 -0.09546865
0.08712500 -0.05858692 0.30108380
0.10433888 -0.05099483 0.01155817
0.09152244 0.00164775 0.00918635
-0.12096523 -0.01476512 -0.29182214
-0.09664515 0.02003654 0.37577263
-0.14614847 -0.03615079 0.31834182
-0.05144489 0.01573664 0.22628962
0.09281696 0.07041255 0.38014182
-0.10544690 -0.05090105 0.34923741
-0.13549960 0.10072232 -0.44121391
-0.08589892 0.02295627 -0.30401832
-0.01597736 -0.00428705 0.22641850
-0.09411443 0.00066505 0.34879294
0.13044405 0.01272375 0.32906514
-0.16010828 -0.05035117 -0.29850090
-0.02020729 -0.06649095 0.15105748
0.01454617 0.13547361 0.45031545
0.12141907 0.13311061 -0.41878194
-0.12489523 0.05032366 0.39032286
-0.09619857 -0.00648049 0.05443733
0.09877158 -0.03924954 -0.20422935
-0.15293075 -0.05888907 -0.31301779
-0.09539904 -0.04021886 -0.24819973
0.02441954 -0.05413429 -0.08165124
0.00013298 -0.04933567 0.09999453
0.10075949 0.03932757 -0.41654786
0.14217596 0.01416009 0.37635425
-0.13600150 -0.04102196 -0.34575498
-0.12874447 -0.03925297 -0.38662836
0.15250823 -0.05543627 -0.14552546
0.12199247 0.07329732 -0.40729672
0.14052682 -0.05008495 0.22452827
-0.13955039 -0.06752091 -0.36603591
0.13485925 -0.03699565 0.06870829
0.06643242 -0.05164004 0.00612298
-0.11379546 0.00929386 -0.15183118
0.06776176 0.09645021 0.39325738
0.13654856 -0.00422074 0.37641063
-0.08328202 0.00757062 0.12975821
0.11238540 0.15673682 0.43186742
0.04943529 -0.05483332 0.02065944
-0.07884736 -0.04633295 0.06658010
0.00709390 -0.01355233 -0.16864353
-0.15334910 -0.04163424 0.01505823
0.08519875 0.00292337 0.11676650
-0.14739312 0.03274588 -0.33447856
0.13568659 0.14152625 0.39002475
-0.06904987 0.01429045 -0.38549933
0.05041439 -0.06188171 -0.03112725
-0.15488933 -0.05911708 0.30417794
-0.07590707 -0.00076911 -0.10897435
0.09096228 0.02528095 0.35086036
0.16743314 -0.01069875 -0.39212057
-0.02695011 0.12531400 -0.41313881
-0.14553195 0.13031028 -0.43360993
-0.14348029 0.02699899 -0.25567713
0.11445878 0.03591508 0.39646053
0.11855786 0.10416280 0.40868035
0.14124408 -0.01580977 0.31220326
0.12638386 0.13385136 -0.39345163
-0.09315468 -0.04527189 0.11813456
-0.02284625 -0.04658398 -0.28215453
0.06329389 -0.04844617 0.04764474
-0.09846789 0.01280995 0.27206427
-0.15643394 -0.02288955 -0.16446359
0.09552112 0.11158413 0.44326535
0.00379622 0.12307745 -0.40504697
-0.08249824 0.01036383 -0.32975563
0.04515936 -0.00017688 0.31783509
0.07680562 -0.04409049 -0.27496031
0.01213889 -0.03531482 0.11027578
0.09285407 0.06295314 0.33322376
-0.01359360 -0.02957260 -0.05958257
-0.12834406 0.00405502 0.13639846
0.09616040 -0.00308051 -0.15015343
-0.14878546 -0.04533427 -0.36057734
0.06528047 0.01329898 0.36999547
-0.05388565 -0.05056547 0.11197497
0.15395661 0.00077360 -0.02998825
-0.12956493 -0.02465712 0.33620584
-0.10867920 -0.03832800 0.38272789
0.12318830 -0.02112465 -0.16924790
0.13835803 0.06051452 -0.36081797
-0.06004390 0.08183999 -0.42451438
-0.13156752 -0.03581429 0.27966231
0.13509695 0.00767019 -0.26762009
0.14614527 -0.05078931 0.14673670
-0.13064364 0.00767673 -0.09791077
0.13592356 0.10530514 -0.38592401
0.05373147 0.03383215 0.31540412
-0.03015168 -0.03165010 -0.38268393
-0.14929341 -0.04858663 0.02190005
0.09029779 0.01850998 -0.37068740
-0.05427220 -0.04701280 -0.07989409
0.10225312 0.00393536 0.23135823
0.01126048 -0.05196177 0.19586323
0.15076184 -0.04023664 0.15178475
0.01642657 0.09982356 -0.44278488
-0.16469605 -0.01193042 -0.35702553
0.01457460 -0.05311977 -0.28185770
-0.14612967 0.13228208 -0.41825289
0.11517414 -0.04980665 -0.16325656
-0.02411525 0.11854364 -0.44263670
-0.01957328 -0.05168643 0.22146295
0.06576402 -0.04046088 0.21726228
0.07810119 -0.00903947 0.30424842
0.02514414 0.06495937 -0.37225440
-0.05942159 -0.00192229 0.03294902
-0.10484289 -0.04531214 0.08157279
0.14819857 -0.06815939 0.01790538
0.10960688 0.00998593 0.37772566
0.14570138 -0.00938500 0.03725793
-0.01831928 -0.06085847 0.04678891
-0.10459645 0.02204505 -0.06679067
-0.07740286 -0.13241062 0.32205692
-0.04931693 -0.01023433 0.22868624
-0.06273255 0.00802091 0.06785906
0.00821772 -0.05400929 0.13712542
0.12467028 0.15199013 0.43726423
0.13495012 0.05837009 -0.34754336
-0.01104641 0.02793479 -0.31774724
-0.08663365 -0.04209971 -0.02204605
-0.05076454 -0.00055689 -0.25747752
-0.13877115 -0.05290333 -0.28447267
0.09992591 0.09471598 0.37675741
-0.15291572 -0.04050212 -0.37042224
-0.11109079 0.00144769 -0.31996033
0.08546620 -0.04919059 -0.36280262
-0.14090489 -0.00512663 -0.29162419
0.11737981 0.02275761 -0.40013400
-0.07333071 -0.01401168 -0.02516620
0.13234003 0.01462765 -0.01336925
-0.14545786 -0.03376425 -0.16268119
0.07726944 0.00437623 0.38821781
0.14293370 -0.02435531 -0.30865061
-0.15538037 0.15179735 -0.43670923
0.12717986 -0.02297447 0.29418066
0.09781073 0.03416129 0.29665747
0.09101872 -0.03892234 -0.29280111
-0.15730268 -0.06140536 0.31825981
0.13855024 -0.02326647 -0.34318841
-0.04776133 -0.04349218 -0.11772880
-0.12747753 0.03716495 0.39962739
-0.10123244 0.00257846 -0.19851667
0.01229305 -0.01181140 0.15499578
-0.08266270 -0.02588071 -0.37444016
-0.11369748 0.17132260 0.43359816
0.02536808 0.03027956 -0.37263319
-0.11550528 -0.01351909 -0.13515480
0.00783074 0.10503705 -0.42235422
0.13797487 -0.03342422 -0.35643002
0.03059476 -0.04363675 -0.28244546
-0.09905199 0.03122238 0.21578409
0.08602308 0.17866154 0.42231965
-0.02874184 0.03681137 -0.39036903
-0.11580294 0.02387073 -0.38017157
0.07028032 -0.04873824 0.29759416
0.06893719 0.11124220 0.31449416
0.12250037 0.05595543 0.38883960
0.02648042 -0.05548143 -0.16210912
-0.03436780 -0.06198259 -0.23935829
0.13747500 -0.12607107 -0.34819755
0.03191518 -0.05501004 -0.21673882
0.02178949 0.03421111 0.34755576
-0.15345150 0.00355940 0.25917426
-0.05736735 -0.02381730 -0.35502952
-0.11489747 -0.04916433 -0.03961654
-0.15143080 -0.01643334 -0.26103979
-0.13398971 0.07803702 0.28912860
0.10719548 0.00924551 0.13643838
0.11601281 -0.03325213 -0.32578081
0.12845543 -0.05246659 0.19005376
-0.13975309 0.08662370 0.34535545
-0.05883779 -0.00658839 -0.22542869
-0.14283425 0.00506371 -0.19377252
-0.14700700 -0.00346714 -0.27748519
0.13859001 0.15405406 0.42997029
0.12492698 -0.02961620 -0.40563476
-0.05926237 0.06955191 0.31320012
0.13238551 -0.04999573 -0.14860043
-0.03986295 0.10037785 0.44237497
0.03505572 -0.04802063 -0.26637459
0.08370735 -0.02334451 0.26573351
0.13771345 0.15340966 0.43823221
-0.13286020 0.00557243 -0.34002510
0.01338095 -0.04992809 -0.34106058
0.13118248 -0.05520825 0.02360682
-0.08447400 -0.06395179 0.20276734
-0.12546581 -0.05195005 -0.20481040
0.09660624 -0.01205950 0.27916902
-0.14497948 -0.01941129 -0.26641771
0.01143160 0.01543928 -0.19580728
0.03508435 0.03450850 -0.38247234
-0.14003359 0.11090867 -0.40547752
0.11205237 0.14876901 -0.42060202
0.01089465 0.09574126 -0.36776754
-0.15411057 -0.06283355 0.13705529
0.14512877 0.00605323 -0.33490244
0.08915345 0.08673570 -0.28535247
-0.09521221 -0.00838230 -0.23784111
-0.14539865 0.16778976 0.43029156
0.05371585 -0.00348819 0.12791720
-0.06850859 -0.04506768 -0.28913048
-0.13576086 0.10989071 0.43347034
-0.10603553 -0.00369760 -0.31624147
0.12808412 -0.01054386 -0.01728674
-0.11333988 -0.04402030 0.28775069
0.02399869 0.11785290 -0.41141054
-0.14042531 0.03070067 0.40211946
-0.08587206 0.03573287 0.26620641
0.00571880 0.00803642 0.27793369
0.03890550 -0.00183288 0.35997483
-0.12563382 -0.02480320 0.32223514
-0.02247850 0.00051974 0.32039097
0.03218061 -0.04053299 0.36162007
-0.02002988 0.03958116 0.37265873
-0.13393316 0.12490875 0.41945401
0.02377021 -0.03987165 -0.37609243
0.12964153 -0.02660801 0.26007089
0.12639795 -0.00099278 -0.31671631
-0.06956996 0.00952970 0.32174909
0.15161866 -0.01413748 0.35314462
0.15628971 -0.00587898 0.01121017
0.06742680 0.12267481 0.40999290
-0.14406532 -0.02660317 0.04503785
-0.05419070 0.07155438 -0.37602669
0.06968121 0.12773821 -0.43561667
-0.15047047 0.06947655 0.41633412
0.10369536 0.02718639 0.35189059
-0.11857861 0.02343281 0.35312295
-0.11606590 -0.03695871 0.33974367
-0.08648968 -0.00469540 -0.10960062
-0.16184588 -0.05257253 -0.06285435
0.12940332 -0.00343063 0.05476585
-0.08783051 0.01585298 0.31383356
-0.02952099 0.01498002 -0.38070613
-0.06881189 0.08908871 0.30803907
0.08678562 0.10679221 -0.42154691
0.06916276 -0.00594612 -0.34582216
0.07400582 0.00914504 0.33894819
-0.13716283 0.12932521 0.43962869
0.03918127 0.00303112 -0.17547637
-0.08006511 0.15506932 -0.43211976
-0.03290668 0.05652108 -0.37660959
0.04632733 -0.04610161 -0.07128184
-0.12681915 0.11900215 0.43926540
-0.07501253 0.11860760 0.41372508
-0.11764196 0.09020850 0.40477797
0.11578843 -0.07035776 -0.20377539
-0.10610002 -0.00362526 -0.03039796
-0.09310512 0.10545970 -0.42838711
-0.01812431 0.09983902 -0.42389637
-0.12847266 -0.03737195 0.37310159
0.07197681 -0.03738590 0.18834850
0.11506347 0.14581513 0.42446992
-0.12735833 -0.05732770 -0.06949515
0.14716424 0.01167995 -0.38417751
0.07969161 -0.08407737 -0.32896307
0.11480037 0.16344215 -0.41129911
0.04790655 -0.04046517 -0.12212067
0.09734976 0.00023840 -0.32631707
-0.15207136 -0.05157940 0.30221617
0.11668332 -0.05250577 0.06746010
0.08803613 -0.01983229 -0.03621993
-0.14125049 0.10402270 -0.41492772
-0.05091145 0.00476247 0.01047030
-0.00310942 0.03034765 0.33791652
-0.09010848 -0.01991656 0.05497417
-0.13069937 -0.03320845 -0.26113072
-0.05174948 0.04683948 -0.38204151
0.05414090 -0.03353751 -0.16172481
-0.04994643 -0.03643468 0.35171777
0.13815054 -0.02383219 -0.18389335
-0.13340424 -0.05360410 -0.01626495
-0.12665333 0.02417489 -0.29466334
-0.15846959 -0.00909474 0.24161366
-0.11716629 -0.01169791 0.07486105
0.10768850 -0.01465789 0.36557525
0.01290169 -0.05268573 -0.00311447
0.14445199 -0.01126994 0.14413992
-0.12687680 0.11423583 0.28398734
0.11455103 0.02668681 0.12206744
-0.01737368 0.12151014 0.39600956
0.13933483 -0.01380803 0.10042293
-0.00667153 0.11355831 -0.38777965
-0.07092230 -0.04295928 0.12748016
-0.08213174 -0.06974334 -0.16740371
0.07320141 -0.05260884 0.03728921
-0.12374434 0.06290084 0.31572941
-0.07123293 0.00822561 0.03753330
-0.14641859 -0.00329197 -0.03508074
-0.03995878 0.01538671 -0.30835122
-0.12895392 0.00286753 -0.32738882
0.00185262 -0.01614846 0.18873981
0.14368542 -0.02161709 -0.41171923
-0.11085846 0.09001421 0.37577713
-0.04828807 0.12392125 -0.44195372
0.01972606 0.01172157 0.23017024
0.14736554 -0.01015355 0.31959811
0.09732193 0.01627754 0.11029660
-0.10627148 -0.01169607 0.07193971
0.05653430 0.01999925 -0.22327250
-0.07863493 0.14373511 -0.42267549
0.13644627 0.14474650 -0.40796521
-0.03141241 -0.01379945 0.17722826
0.07050385 -0.04096875 0.05768747
0.05977109 0.12864891 -0.41843736
0.14659116 0.07604229 0.38764235
0.07412311 0.08300142 0.44155276
0.11588195 0.05791210 -0.40137991
-0.09174131 -0.01200722 -0.17033163
0.00053828 0.02111271 -0.38852352
0.04794490 0.09270222 -0.41846430
0.14420453 -0.00981919 -0.36947668
-0.04702055 0.04361180 0.35841525
-0.03981994 -0.05637407 0.02928181
-0.15598291 0.09378429 -0.42551231
0.08458018 -0.02171031 0.05779348
-0.01412666 -0.04890531 -0.27556336
0.13450713 -0.02700208 0.24318098
-0.12604204 -0.00216571 -0.28413868
0.11808828 -0.03326075 -0.37172461
0.13440137 0.15649427 0.44141889
-0.00999362 0.00034580 0.10708622
-0.14204970 -0.00108705 0.17645971
0.08957449 0.00787854 -0.25240719
0.00035416 0.10085437 0.41758808
-0.11863317 0.11607804 0.39794496
-0.12449279 0.07608905 0.39451483
-0.12697367 0.05715678 0.35754457
0.06047694 -0.00347201 -0.05896754
0.10177509 0.02417013 -0.35865471
0.14568831 0.03765998 -0.34537178
0.15086612 0.00912819 0.33228520
-0.14909577 -0.01872842 0.23131138
-0.00434078 -0.04997282 0.05576073
-0.04127664 -0.01133061 -0.14860430
-0.01952098 0.07103425 0.36467415
-0.08467214 -0.07859874 0.09271566
-0.08880657 0.00939981 -0.28619689
-0.11062263 -0.00670533 0.30630720
0.01739665 -0.04308921 0.18143943
0.02289017 0.08448042 0.40723914
0.13277014 0.09620486 0.38700578
-0.08085912 0.01550807 -0.35849991
0.15277636 -0.01302903 -0.20948245
-0.13033378 0.00043929 -0.04422578
-0.05762070 -0.03798765 0.26076278
-0.08781799 0.00907743 0.38598096
-0.14885490 -0.00584998 0.05881002
0.04096720 0.00592298 -0.24956372
0.05678276 -0.04759681 0.18310383
-0.14316320 -0.00094091 -0.31770974
0.13953520 -0.06820486 0.00262693
0.11714610 0.10423963 -0.33263427
0.00753840 0.03963694 0.36089280
-0.11692710 -0.04945733 0.18201879
0.03005257 -0.02970974 -0.25787142
-0.14785199 -0.05192641 -0.30541703
0.10773814 0.10673936 -0.42849743
-0.04687469 -0.05361646 0.36114886
0.01917387 -0.04011517 0.19027451
-0.12906462 0.02895303 -0.40753156
-0.02735756 -0.00656273 0.14523032
0.11188063 0.00096298 0.06849032
-0.00789084 -0.06365509 0.06271257
-0.06550389 -0.03882270 -0.32610646
-0.12285440 0.11006694 0.38606808
-0.05261706 0.00916377 0.14530824
0.08906810 -0.02390960 0.30713138
-0.05868442 0.00669192 -0.15852547
0.11663966 0.08214873 0.32354254
-0.01079975 -0.04707791 0.30717126
0.06230056 -0.04668071 -0.00176387
0.09743583 -0.02003464 -0.01398167
0.14564902 0.00005507 -0.17726958
0.15339155 -0.01083597 -0.19310699
-0.13216254 -0.02486460 0.11038681
-0.14175929 -0.03123307 0.12063293
-0.05582261 0.08789538 -0.38319206
-0.09216205 0.08796880 0.37883776
0.14244774 -0.00675579 -0.05719459
0.00158048 0.02072799 -0.27332127
0.12115133 0.00343407 0.03236756
-0.07947370 0.13534760 0.42337865
0.04343431 -0.04710491 0.08087522
0.00387721 -0.05249243 -0.31668839
-0.12323855 -0.04362189 -0.33873412
-0.06736884 0.02191184 0.28023073
-0.05593497 -0.01254991 0.37847519
0.09764373 0.00798470 0.33467883
-0.08403944 0.08230438 -0.43804297
0.13998127 0.09687549 -0.39098293
-0.09268299 0.00466886 0.16046725
0.03380129 0.00177802 -0.19217819
0.08839262 0.11071239 0.40641102
-0.00287976 0.02886457 -0.10272825
0.10560338 -0.04602036 0.07098840
0.12366462 -0.06278498 0.03523810
-0.13526256 -0.03587779 -0.41185591
0.12227584 0.02379972 -0.38121682
-0.11134945 0.01743548 0.37288496
-0.11685827 0.02612081 0.21009713
-0.09912293 0.05481809 -0.35759783
0.12511423 0.01183269 0.11906750
0.07447820 -0.04439349 -0.19184107
-0.10269142 0.05228199 -0.36015764
0.06300357 -0.04974437 -0.08086668
-0.04684087 -0.05635499 -0.13185216
-0.12268070 -0.05555150 -0.06022049
0.13144174 -0.00556109 -0.28849393
-0.06559452 -0.05265170 0.00641867
-0.01888894 -0.04986750 0.23181817
0.13568290 0.14849158 -0.41231620
0.02147120 -0.04662844 0.20418592
0.15576178 -0.05962534 0.23814955
-0.00409513 -0.04418981 0.14934990
0.14691602 0.08784600 0.39319941
-0.00241584 0.08869409 -0.41099602
-0.02005995 0.03001442 0.30370888
-0.03159473 0.03355961 -0.34943524
0.00522759 -0.04949989 -0.39999989
-0.05272369 0.00804934 -0.30609542
-0.05797419 0.06396300 -0.43026438
0.13607818 -0.00284337 -0.33342600
0.07810573 -0.01915899 -0.36800092
0.12646677 -0.03995056 0.26151133
-0.04226482 0.16207209 0.44262740
-0.06123559 -0.00398673 0.04055872
0.12960568 0.14196789 0.44130540
-0.13344269 -0.05778489 -0.19592981
-0.13683656 -0.00217931 -0.11773351
-0.04043031 0.00326673 -0.03183969
-0.16015489 -0.00765627 0.37675118
0.09523417 0.12085710 0.40861621
-0.14067629 0.01458191 -0.10720839
0.04343504 -0.04351047 -0.20271890
-0.11936224 -0.04790042 -0.36951220
-0.02912537 0.00093926 0.31627488
-0.02285377 -0.01421086 0.12416940
0.12629285 -0.02717938 0.29301864
0.03828562 0.07912090 -0.36255264
-0.14065422 -0.00653414 -0.33244783
0.08310647 0.03038976 -0.37666065
-0.15710673 -0.04383457 -0.12813574
-0.11024755 0.10780908 -0.44570383
0.09174360 0.02807578 -0.26256844
0.11566214 0.00846399 -0.08900994
0.11450025 0.00491738 0.08374207
-0.03721754 0.09031238 -0.42777878
0.13811558 0.00404653 0.14670047
-0.14922088 -0.04768181 -0.08514255
0.02663936 0.04658155 -0.39530224
-0.14135718 0.15934998 0.41251904
-0.14681838 0.01831507 0.30567071
-0.00422399 0.02084233 -0.25120780
0.07681829 -0.04104966 0.31851143
-0.14256556 -0.10133386 -0.34774581
0.14414483 0.13461509 0.43070647
-0.01197168 0.09893027 -0.41801810
-0.03151296 0.00892917 -0.22791685
-0.10804138 -0.05204137 0.34079927
0.11365889 -0.05341696 -0.12457597
0.14330065 0.11402355 -0.41079190
0.01474624 0.00224187 0.19701692
-0.08702300 0.00027983 0.38653514
0.09357712 -0.05196950 -0.13118105
0.08187222 0.00024695 -0.37922549
0.14398907 -0.05735998 0.10599183
0.13030373 -0.01930888 -0.24537018
-0.13079627 -0.00608866 0.09158993
0.12134881 -0.05007371 -0.10337362
-0.05972360 -0.04077424 0.20157768
-0.04542838 0.00770857 0.03873370
0.09837320 0.12473743 0.30473393
0.04553028 0.16833247 0.39777926
-0.00359148 0.03195276 0.34192389
0.09750491 0.10423813 -0.35182175
0.13248590 0.04319574 -0.34389260
-0.15043445 -0.07632576 -0.14048886
-0.07239562 0.01293250 -0.22188675
0.05503272 0.04080380 0.36736330
-0.01563145 -0.03411070 0.14248274
0.07680820 0.00667415 -0.26780879
-0.10410677 0.00999843 -0.25499621
0.11523341 0.04913601 0.38326663
0.14434874 -0.04792146 -0.22355090
0.12431224 0.15762451 0.43762201
0.11891492 -0.05231803 -0.24914172
-0.01438266 0.10878380 -0.36930117
0.01919367 -0.03336790 0.23474216
0.13847429 -0.08983497 -0.00215200
-0.13445327 0.00481549 -0.28609753
-0.11247117 0.10339380 0.43772405
0.06099624 0.09801013 -0.42062628
-0.14159068 0.13035716 -0.39945170
0.07187221 0.03235365 0.35498485
-0.13588899 0.02026119 0.21891795
-0.14764909 -0.04864054 -0.06126963
0.11473970 0.00563049 0.31232488
-0.04009920 0.06260885 -0.37924978
0.06527287 0.06565607 -0.33240688
-0.06200600 0.00387928 0.16902992
-0.08933532 0.01489133 -0.02781434
-0.04078231 0.01535036 -0.17930470
0.17090981 0.09083967 -0.40097466
0.02557200 0.03715884 -0.37914065
0.13888304 -0.08035524 -0.36196551
0.04262479 -0.05354264 -0.06976254
0.11023818 -0.06415971 -0.34568623
-0.02580486 0.00391241 -0.06760181
0.11663065 0.01665548 -0.21697526
-0.09891760 -0.05382176 0.23762110
-0.09513816 0.06442245 0.41305876
0.13836814 -0.02118186 -0.37194169
-0.06275801 -0.05046936 0.07507268
0.12166511 -0.06222754 0.00776615
0.07117737 0.00167742 -0.00228083
-0.01469134 0.01279961 0.13684039
-0.02540543 0.09477426 -0.40286943
0.04722602 0.04454832 -0.36008072
0.09553201 0.00606453 -0.16443749
0.00195716 0.00134519 -0.13001657
-0.04988205 0.01657777 -0.01646718
0.10901260 -0.03945937 0.14239565
0.02973530 -0.05507171 0.27531162
0.03162298 -0.04290123 0.29162857
-0.15013081 0.06082759 0.38978854
-0.03992147 -0.00212826 -0.29388016
0.11131836 0.00208948 0.00643412
-0.09605929 0.07659185 0.31495482
0.12461627 0.02764326 0.14980488
-0.11177564 0.00116384 -0.30764100
-0.11188523 0.04169096 -0.39777911
0.07483015 -0.04517650 -0.04866910
0.12517026 0.02695630 0.37416142
0.08557810 0.13887902 0.43782368
-0.13677607 0.00473306 -0.06326668
-0.11505891 -0.02742001 0.05014160
0.11792547 -0.01878195 0.05352315
0.12563056 -0.04012515 -0.14982340
0.14183199 -0.06065643 0.22756325
0.12747365 -0.01764913 -0.20907867
0.00406722 0.01812363 -0.14827469
-0.09681228 -0.05357976 0.19616389
-0.13907418 0.13405928 0.39547575
-0.15264162 0.00115827 0.30857533
0.10637780 -0.06863862 -0.31294349
-0.14462744 -0.03745015 -0.20840028
-0.12079202 -0.01182443 0.14288840
0.13957544 0.07494817 0.31408888
0.06367410 -0.03770977 -0.14111765
0.07339752 -0.05692964 -0.22176504
-0.06198355 -0.04653863 -0.11139716
0.08347087 0.00489020 0.16465132
0.08479089 0.08869553 0.38149413
-0.07189806 0.01617437 -0.35505453
0.07063961 0.16776161 0.43663555
0.14553723 -0.03364049 -0.10074815
0.09523176 0.04878143 0.34345061
-0.03592054 -0.07413977 -0.21962203
-0.10394917 -0.01459426 -0.20995262
0.11777459 0.05617249 0.30020842
0.03812042 -0.02783489 0.33992910
-0.06154761 -0.05996463 0.29742169
-0.01076168 0.03928842 -0.33499438
-0.09252149 0.06212123 -0.42212361
0.14444540 -0.06378259 -0.01275157
-0.12421761 -0.00654061 -0.39485362
0.14810628 0.01377569 0.12754853
0.13551722 0.00754141 0.34641486
-0.08921215 -0.00783700 -0.17504472
0.13054910 -0.00409194 0.03576054
-0.07562810 0.00181400 -0.11707054
-0.05725634 -0.05441261 0.10987963
-0.04722452 0.01886011 0.37045845
0.07315546 -0.04057838 -0.31124583
-0.11554354 0.04704098 0.30383369
0.00753479 0.02937935 -0.23795761
-0.14561169 -0.00842482 -0.13616210
-0.03795958 0.02169857 0.34625506
-0.13876651 0.02112470 -0.03370515
-0.04788519 -0.01385993 0.22450216
-0.10255308 0.02522699 0.12808262
-0.04093111 -0.02532378 0.18375218
-0.13732134 0.02490966 -0.36618075
0.08497610 -0.03950464 0.12572129
-0.05049860 0.02395927 0.29620174
-0.13185780 0.14585477 0.31608081
0.11353955 -0.05614405 0.27894747
0.09277911 0.01500797 -0.34692395
-0.12681435 -0.08220883 0.06546768
0.13650006 -0.03781093 0.31980315
-0.15272972 -0.04333813 -0.04423060
0.13418487 0.00811210 -0.31746027
-0.15121682 0.13430761 0.38559029
0.03171206 -0.04077050 0.01731769
-0.00857233 -0.05049672 -0.08533239
0.14118502 0.12157284 -0.43483043
0.09565328 0.02331771 -0.35990694
0.13226132 0.00293143 -0.12035392
-0.02372768 -0.01089139 0.30167910
-0.15063082 0.01312263 0.24922818
0.12509389 -0.00110105 -0.07062765
0.04040402 -0.02992887 -0.03305044
-0.13902372 -0.03016244 -0.39578024
-0.16000463 -0.06038529 0.24346629
-0.12445563 -0.07315142 -0.36506423
0.13515112 0.00494606 0.16492364
-0.06423160 -0.03192633 -0.37156218
0.03270157 0.10947978 0.32371005
-0.08650398 -0.04679763 -0.32042748
-0.06572291 -0.06730314 0.32169053
0.00337024 -0.00833496 0.03553667
-0.14738742 0.07945552 -0.38456047
0.09656506 0.02418480 0.33400711
0.09366337 0.14712034 -0.39993191
-0.15110882 -0.05079274 -0.31988308
-0.13887866 0.00450945 -0.27964145
-0.06559426 0.06323084 0.39509392
-0.02951793 0.01557870 -0.20178968
0.02223377 -0.01945625 -0.24327773
0.01388275 0.01064506 -0.07354799
0.14545959 0.00852500 -0.04684320
0.11091330 0.02094761 -0.25753695
-0.01206244 -0.03052346 -0.24253944
0.13372557 -0.04505752 0.10460392
0.10251955 0.02040597 0.36712745
-0.15621589 -0.01967237 0.31107402
0.00515702 -0.06156588 0.23883182
-0.00438504 -0.00398328 -0.23681676
-0.08140108 0.00884640 -0.35590404
-0.13430241 0.09752668 0.34322208
0.04938699 0.06610902 -0.42771938
-0.14462407 -0.05736161 -0.23716259
0.13860537 -0.02549163 -0.12371843
0.02932518 0.03959609 0.39640820
0.03495383 0.02655960 -0.04516392
0.06925884 -0.04373492 0.26464364
0.15130241 -0.02106059 0.13935935
0.13688284 0.04598985 0.36124370
0.06729780 0.06840378 0.36893150
-0.11765364 0.01340116 -0.14950223
-0.06837748 -0.00588774 -0.05074135
-0.02631614 0.09111401 -0.39382538
0.01361907 -0.05876247 -0.15468392
-0.03682289 0.00402281 0.14270957
-0.07444707 0.02024442 0.40116173
0.10812879 -0.04392075 0.00468411
0.06775402 -0.03767056 -0.15663368
0.13154866 -0.00692790 -0.08014005
-0.14791086 0.14412582 0.39394009
0.14859709 -0.04772478 0.02589086
0.11064107 0.00494123 0.05680494
-0.08973471 0.03809514 0.29604214
-0.01613532 0.01175358 0.02070208
-0.02889956 0.02176958 -0.20965844
0.03850337 0.10706881 -0.40559518
0.00795913 -0.00642579 0.33274633
-0.15316623 -0.05782648 -0.35615370
-0.04342006 -0.04210318 0.20065932
0.09620480 -0.04731428 -0.11459350
-0.14225298 0.05941100 0.38549429
0.03079638 -0.04895844 0.16239047
0.06771915 0.01144587 0.35216826
-0.03613956 -0.05503831 0.11580148
-0.14086019 0.03009998 0.36398718
-0.10842527 0.10193957 0.33078578
-0.11861573 0.09430559 -0.42843258
-0.08935839 -0.00600934 0.11688247
0.13413101 0.00692087 -0.24442048
0.03432675 -0.01184420 -0.35101119
0.11450919 0.14508347 0.44172493
0.14722207 -0.06493624 0.06952923
-0.07171780 0.06797668 -0.42756298
-0.04456179 0.00971894 -0.33759812
-0.05690465 -0.01872958 0.10141420
-0.07647386 -0.00639428 0.34633410
-0.12586883 0.02801858 0.24490310
-0.00009248 -0.05112876 -0.09306245
0.12121549 0.00862686 -0.32462066
-0.14506730 -0.03491537 -0.14400911
0.04493813 0.00671002 0.32951558
-0.04073905 0.08091865 -0.35653269
-0.12910740 -0.01004787 0.18478237
-0.14116478 0.02181637 -0.13949966
-0.10562404 0.00771336 -0.19593640
-0.06023116 -0.05139592 -0.22826415
-0.05886593 0.01727789 -0.05638541
-0.06122971 0.01833525 0.21864513
0.12297807 -0.04906769 -0.02886110
0.11435941 -0.05024892 0.08402174
-0.07946932 0.00940577 0.17420739
0.09909396 0.00989500 0.35916150
-0.14297041 -0.06493974 0.23589852
0.02971427 -0.03119845 -0.38875490
0.02343823 -0.00769986 0.17556484
0.12924498 0.02077109 -0.32726347
-0.10020631 0.01417900 0.38297138
-0.09150618 -0.04627185 0.22606303
-0.09540325 -0.00114294 -0.00863545
0.09095773 -0.11510984 0.32582933
-0.05526817 0.12048145 0.43686491
-0.03599102 -0.05609395 -0.10997900
0.05524135 0.06296017 0.40194166
-0.15127012 0.07218225 -0.39024329
0.06320830 0.09772566 0.38602993
0.10375104 -0.05111811 0.09553356
0.15096794 0.00498940 0.07491534
0.09661369 -0.04875025 -0.00352240
-0.13666748 -0.06485822 -0.31531021
0.12325889 -0.04682716 -0.32486811
0.11870994 0.00125958 -0.32985523
-0.10885612 -0.09315032 0.33021554
-0.03865862 -0.07967282 -0.19310270
0.11020387 -0.04644852 -0.05140355
0.09808768 0.00511868 0.07459271
-0.12379844 -0.02261900 0.28866559
-0.03472650 0.01316001 -0.07338935
-0.15324950 0.07451684 -0.32812667
0.07431631 -0.03265473 0.06123400
0.08609658 0.12100686 -0.37974274
0.01978761 0.16663429 0.38904324
0.08943479 -0.02040146 -0.06622404
0.07729706 0.02501771 -0.21837509
-0.13496380 -0.05002319 -0.04732029
-0.11207999 0.07318945 -0.39633271
0.10278647 -0.05006946 0.38370594
0.14094514 -0.02144789 -0.35761067
-0.14567851 -0.03085678 0.20227769
-0.11315556 -0.05179681 0.32306889
0.04428292 -0.00027559 0.04754069
-0.00156626 -0.00218919 0.31287014
0.05721767 0.04753522 0.37833723
0.10222197 0.00572753 0.27704212
-0.04980026 -0.04476003 0.19904007
-0.14062020 0.03007544 0.00397666
0.05549080 -0.04214209 -0.34867623
-0.12855805 0.01689789 -0.12499957
-0.01136297 -0.00877712 0.31281379
-0.14585049 -0.00782489 -0.18806075
0.10958306 0.00821150 0.05521367
-0.08597553 0.01642468 -0.36848786
0.11879588 0.12522537 -0.39196438
-0.14879425 -0.06860165 0.19362739
0.05576453 0.01548617 0.20569924
-0.15257141 -0.00578133 0.28282025
-0.01264550 0.02097431 0.31851605
0.15110531 -0.01683893 0.33936691
-0.10809562 -0.00860631 -0.29768711
-0.04260151 -0.04372943 0.22417618
-0.04196241 -0.01048605 0.19062622
0.08407071 -0.04525210 0.11000521
0.03683239 0.00597868 0.25331348
0.01894132 -0.04226905 0.00598703
0.01996012 0.05974467 0.37629750
-0.03718309 0.02128877 0.26034823
0.11047065 0.06971119 0.37823254
0.09560740 -0.00059011 0.00399867
0.08602204 0.16650429 0.42662230
-0.05596172 -0.00088939 -0.27970669
-0.09206659 0.03531342 0.29598957
-0.00030569 -0.05147303 -0.20568576
-0.03565349 -0.04021474 0.15085025
-0.04975103 0.01178306 -0.37960690
-0.13125913 -0.05548138 0.15032353
0.12564541 -0.00397901 -0.10817693
0.04822187 0.03223082 -0.38394997
-0.08049525 -0.03568171 -0.21397749
-0.09370144 0.00997672 0.32399771
0.09828373 0.03814895 0.38896430
0.10456904 -0.00403062 -0.35696781
-0.13946335 -0.05042247 -0.10845461
-0.14271101 0.01549652 -0.36600065
0.11326376 -0.13466983 0.31179264
-0.12248093 0.09780397 0.42409390
0.10544635 -0.00356860 -0.18001176
-0.07108009 0.16629341 0.43120363
-0.14186387 -0.03566770 -0.25385025
0.09614453 -0.02280758 -0.11743007
0.03901742 -0.00032034 -0.39332658
0.14229687 -0.00448485 -0.15288706
0.08433560 0.06153165 0.41060969
0.02457483 0.02129224 0.31530213
-0.01539984 0.11087937 0.39348236
0.07600251 0.11781195 -0.43694663
-0.14122760 0.00810109 -0.30267280
0.10307987 0.01246302 -0.33905825
-0.10212569 -0.03775670 -0.33270571
0.09454547 0.15639789 -0.41830617
-0.07857434 0.01513367 0.06203154
0.05853606 -0.05275388 0.19276309
0.03936278 -0.02973534 -0.26762164
-0.09586364 0.11487862 0.33588532
0.11334861 -0.04562525 -0.21182689
-0.12852930 0.06462895 -0.38142684
0.09807587 0.03289314 -0.37263972
0.13433169 0.00887704 -0.35225320
-0.04625558 -0.00266577 0.26398006
0.09882904 0.09483403 0.40960228
0.11770216 -0.02396136 -0.11819497
0.13293047 0.14719275 0.42368299
-0.01921270 0.06891187 -0.39221695
-0.15269497 -0.07670738 -0.35128137
0.12772731 -0.01780201 0.26912415
-0.10514732 0.02134774 0.28870556
-0.02847492 -0.05096477 0.15885130
-0.04099497 -0.01020669 0.13831410
0.07304919 0.02298714 0.09090785
0.08757259 -0.05823896 -0.06792608
-0.13394627 -0.14170864 0.30196452
-0.05773021 0.04868201 -0.33778298
0.13049813 0.00393279 0.26519895
0.14162202 0.00847930 -0.03299466
-0.07653403 -0.04139110 0.28749868
0.13070634 -0.01557883 -0.32524103
0.11804707 0.01246556 0.27023712
0.07088764 0.13652109 -0.41968736
0.14083493 -0.03421964 -0.09800103
0.13196242 0.05896272 0.37783265
-0.05058957 -0.04322424 -0.14381912
-0.11743496 0.01449944 0.31265420
-0.02027809 0.04389367 0.39548415
0.12325582 0.11750716 0.35286126
-0.14852569 -0.01623950 -0.39873683
-0.12171508 0.07815507 0.28145075
0.14474277 0.15425101 0.43167824
0.05947042 -0.01255762 0.15758257
-0.08493250 0.14308858 0.44531891
-0.15569308 0.00031123 0.35262614
-0.09137061 0.05362849 0.41111812
-0.10320921 -0.00796327 -0.24356428
0.09809826 -0.02834168 0.23069534
-0.00815685 0.10083735 -0.39339858
0.13370140 0.03556022 -0.37103546
0.11088469 0.00404683 0.11282347
-0.00685924 0.14775042 0.43267471
0.02195187 -0.04747868 -0.31118217
0.11535069 -0.07884341 -0.00875333
0.14078414 -0.04314451 0.31990686
-0.02342343 -0.00956404 0.29265296
0.09322583 -0.04693949 -0.10784394
0.05082588 0.02640479 -0.04366518
0.08520061 -0.05429025 -0.04438296
0.04231195 0.15636411 0.40013048
-0.06414702 0.04607254 0.40538645
-0.15028554 -0.01582720 0.06079534
0.04638362 -0.01474229 -0.32019654
0.06491603 0.00402837 -0.20997347
0.10295171 0.06451810 -0.40462118
0.13995336 -0.04200903 -0.32973221
0.14756565 -0.04650622 -0.21211863
-0.10511098 -0.05044645 0.11334838
-0.09840520 0.03499318 -0.18578763
0.10781080 -0.12437759 -0.33417806
-0.15021673 0.03024233 -0.29417893
0.16259019 0.00136138 -0.40673304
0.05032499 -0.05625008 0.14485972
0.07132223 -0.04793113 -0.22948188
0.05874120 -0.01380617 -0.10174286
0.04249308 -0.03890250 -0.21478400
-0.12797685 -0.00929801 0.18278737
0.09713986 0.01438062 0.16776556
0.14138238 -0.04832410 0.02936721
-0.08367643 0.01410745 0.01663104
0.14260431 -0.04705476 0.17277841
0.12051753 -0.00760567 0.27192143
-0.05821237 0.05780273 0.40300223
0.13291921 -0.01214613 -0.01238254
0.09860540 0.01362480 -0.35311475
-0.10167814 -0.05720415 0.09545087
0.06204166 0.05634125 0.32682365
-0.13294807 0.09714349 0.23087265
0.06377725 -0.05670377 -0.32153159
-0.08785852 0.04049142 -0.39557549
-0.13421765 -0.07354458 0.20343013
0.12625650 0.00254442 -0.30010885
-0.00645250 0.08217420 0.31340864
0.10180109 -0.06087353 0.03768948
-0.00636951 0.10552341 -0.44956985
