-0.16699325 0.05143429 -0.12816703
-0.13667059 -0.10961892 0.14963880
0.01370914 0.16662738 0.24149401
0.05695639 -0.10661193 -0.34240922
-0.14157043 -0.11527250 0.29231817
-0.10479550 -0.11624502 0.18031779
-0.08161724 0.00681303 -0.30016726
-0.16655549 0.08140355 0.23218711
-0.16936989 0.09445878 0.05926304
-0.06493487 -0.03763336 -0.38250253
0.02566077 0.03384610 0.40950441
-0.16487309 0.04159832 -0.25235766
-0.06099401 0.15244763 -0.39067927
-0.07873546 0.06747560 -0.40213647
0.12698700 -0.15806879 0.39338997
-0.17063527 0.16229612 -0.08240056
0.09126665 0.08616706 -0.32649180
-0.16971877 -0.05095208 -0.29171711
-0.15454590 -0.03142785 -0.38780862
-0.16656013 -0.00827325 0.11724747
-0.11449330 -0.10153694 0.00258288
0.11752933 -0.13225317 -0.39338616
0.16295756 0.13953412 0.30411637
-0.16488886 0.02305884 0.14471458
-0.17390379 0.18330596 0.01308508
-0.05264144 0.16130784 -0.40798354
0.13185424 -0.12913921 -0.33971468
-0.12356640 -0.12329780 -0.22080249
0.12505123 0.10836084 0.28114712
-0.09300838 -0.12755449 0.18745722
0.13996696 0.06695551 0.41360557
0.05855253 -0.12281024 -0.18674837
0.16193782 -0.01154912 -0.28049558
-0.16743568 -0.02040866 -0.33825907
0.12341274 0.02607876 -0.21854806
0.16872282 -0.10200774 -0.17338872
0.00212144 -0.04873982 0.34546423
-0.16782393 -0.02227906 -0.23893172
-0.16797513 -0.04162540 0.07511707
-0.13070749 -0.12399742 -0.09930446
-0.05205396 -0.12281063 0.11290246
0.16481176 -0.03646694 0.09628794
0.16743866 -0.10645340 0.40621442
-0.15621912 -0.10066379 -0.33258194
0.09805501 0.17905386 0.35694006
-0.05638460 -0.11644064 -0.15708369
-0.16628554 -0.04218341 -0.10143239
0.10890963 -0.11637311 0.02761338
-0.10272986 -0.02697407 0.00720895
-0.02491572 -0.03175969 0.40210021
-0.16074382 0.20310612 -0.38201261
-0.04318346 0.18786949 0.36450806
-0.16412720 -0.13905871 0.37023705
-0.11817268 0.15254843 0.26693994
-0.01888859 0.19373408 -0.24295707
0.13095126 0.05384114 -0.35658473
0.16875447 -0.10673226 0.03644861
0.02709395 -0.07937494 -0.40214315
-0.16499251 0.16659538 -0.14701171
-0.11341255 0.12059971 -0.35380864
-0.14994746 0.21988039 -0.15625581
0.08079267 0.10607413 0.12165753
-0.14756380 0.20564270 0.07613957
-0.16768394 0.20249847 0.29709694
0.16618122 0.03755493 -0.25093293
-0.01167936 -0.08670671 -0.40414274
0.15680791 0.00861056 -0.40985170
0.16146459 -0.08573754 -0.39673868
-0.13243848 -0.12105316 0.09715791
0.16900842 0.14777420 -0.37145761
-0.17114939 0.16501237 -0.25627321
-0.13100830 0.04490301 0.30992478
0.14275315 -0.04570235 0.29751694
-0.01244369 0.20199661 0.10548852
-0.12008307 0.12695332 0.06306556
-0.11078773 0.03037718 -0.33214852
-0.16772245 0.12684098 -0.33065662
-0.07085968 -0.02315827 -0.36511177
-0.07343367 -0.11794966 -0.03751642
-0.04523491 0.17567331 0.23104118
-0.06952803 0.10116237 0.34799361
-0.08550529 0.10180999 -0.40795559
-0.17094678 0.17892209 0.07186159
0.10091795 0.08306646 -0.12324427
0.02690247 0.00560442 0.30492651
0.02290362 -0.10422456 0.37699187
0.07693461 0.15036011 -0.08168367
-0.15855184 0.19924125 0.41118589
0.06311852 0.19646133 -0.32670054
-0.04182578 0.10354893 -0.40449649
0.14702667 -0.04569535 0.11496446
0.13102178 -0.11333273 -0.21072668
-0.09781201 0.02155515 0.39095008
-0.05360499 0.19651973 -0.35448122
-0.01888137 0.15643694 0.27737311
0.06129390 -0.09388333 0.40184572
-0.05915757 -0.04175048 0.03956310
-0.04628265 0.20144077 0.17730942
-0.09316411 -0.13460951 0.38812456
0.15876716 -0.03533632 0.34243497
-0.02073465 0.05486817 0.09242587
0.12004264 -0.12321782 0.36626047
-0.01614990 0.10485467 -0.07687443
0.13915537 0.06682397 -0.39894417
0.02342099 0.06479510 -0.40370873
-0.12199044 0.20229809 -0.13387606
0.16240370 0.04675495 0.28424847
-0.06973273 0.20553675 -0.32274142
-0.08909106 0.18485893 -0.40730023
0.13111761 0.19306311 -0.38444602
-0.09487552 0.13199699 -0.09906538
-0.09817486 0.00030840 0.24042861
-0.15794517 -0.02375247 -0.40580466
-0.00258855 -0.11435349 0.32321736
0.16871034 0.02341628 0.19651631
0.07567620 -0.12671293 -0.00030242
-0.00659022 -0.12743650 0.38349664
-0.02646643 0.17348053 0.41962373
-0.16172771 0.02636364 0.39922971
-0.08520570 -0.11598383 -0.18019803
0.14690956 -0.08329961 0.00869806
-0.16508126 -0.04867539 -0.17008264
-0.10198086 0.12240716 -0.02792463
0.09922865 0.05399763 -0.34168801
-0.02013040 0.17802897 -0.25793353
0.09347701 -0.12104888 -0.11631665
-0.17434089 0.16497108 -0.26935327
0.04484640 -0.11921011 0.14558144
-0.15616696 -0.15405262 -0.38535613
0.15387526 -0.08546802 -0.35174426
-0.00382120 -0.03016988 -0.37566379
-0.16572474 0.00908540 -0.11673498
0.10473132 0.09274057 -0.02371289
0.09877829 0.06884118 0.26444250
0.13956252 0.12183486 0.35074723
0.15564859 -0.01456565 0.12507977
-0.16784739 -0.05512913 -0.18180773
0.12927331 -0.07397912 0.38293257
-0.09529860 0.19067173 0.09177589
0.17056231 -0.00967954 -0.08118814
0.08835982 -0.11404616 -0.06804492
-0.05006663 0.20988069 0.25683784
0.16764200 -0.06954037 0.10775356
0.00239128 0.19009958 -0.14901088
0.13951662 0.00920161 0.12609625
-0.11547678 0.13529699 -0.07000744
-0.01449770 -0.03302653 0.39582631
0.00759338 0.20048642 0.37594363
-0.03871291 0.08767670 0.15816888
0.00557056 0.01488579 0.34362760
-0.16569835 0.09328918 0.30358967
0.04834480 -0.04140403 0.39915034
-0.13625939 -0.11811007 -0.10730627
-0.16821700 -0.00879715 0.32741496
0.07367489 0.03451876 -0.40219495
-0.01393835 0.18743758 0.24368927
-0.15346164 -0.04482224 0.16852394
0.14066608 0.12031322 0.34091696
-0.17254943 0.16476350 -0.33958161
0.08418567 0.06511761 0.25435230
-0.16373362 0.06326552 0.33639851
0.13061148 0.04942479 -0.39274135
0.16005394 -0.17199394 -0.38353813
-0.03679063 0.11930014 -0.30325904
0.12226546 0.04363639 -0.05715420
-0.07677699 -0.12037943 0.28401133
-0.08988443 0.10469348 0.18849549
-0.14813039 -0.06955521 0.00390084
-0.16824672 -0.05976330 -0.12949026
-0.09816317 0.13015708 0.36734647
0.17086893 0.00395159 -0.31250894
-0.15162238 -0.11847649 0.19641444
0.04290086 -0.11943638 -0.21897022
-0.15452114 0.19154364 -0.03118986
0.13733673 -0.13506190 0.37912062
0.10001669 0.16947308 -0.34078765
0.16836500 -0.06005889 -0.14327215
-0.02918510 -0.11717885 0.02845655
0.12273000 0.17101598 -0.41077387
-0.16690926 -0.00597750 -0.10512778
-0.02815107 0.04049117 0.40701130
-0.16673164 0.08489414 0.08245388
-0.09299174 -0.08260164 -0.40270689
0.02015715 0.13556542 0.07708821
0.01120610 0.09877382 -0.37750667
0.05887593 -0.12065092 0.39055192
-0.16632140 0.09997310 0.00029254
-0.03723472 -0.12224012 -0.13613096
-0.14738271 -0.18414244 0.37060532
-0.05333415 0.20721614 -0.35045654
0.07979577 -0.12195711 -0.01706727
-0.03492151 0.04326917 0.38255519
0.14527851 -0.01986939 -0.21579663
0.16699657 0.02024462 -0.09983316
0.12364262 0.02032197 0.41196403
0.16544978 -0.09477305 0.20435122
0.02996252 0.11847036 0.08380802
0.01859164 -0.02831633 -0.40647757
-0.14847523 0.03174556 -0.10865251
-0.16632822 0.01360195 -0.04955653
0.11367532 0.16100353 -0.40414849
0.15437199 -0.12430093 0.23241636
-0.03487975 0.07036719 -0.40100163
0.16910389 -0.06355555 0.36174098
-0.16767824 -0.00930384 -0.21665850
0.17691940 -0.09647726 0.31098306
-0.05900764 0.11630362 0.21440578
0.08647607 0.10196094 0.36116186
0.01629600 0.14026444 -0.34742633
0.13905525 -0.11807899 0.27453798
-0.15044010 0.01650275 -0.39994255
-0.11799327 0.04903701 0.01432033
-0.05489964 -0.05909324 -0.32374021
-0.15412515 -0.11538520 -0.07656163
-0.13550943 -0.12260327 0.01800611
0.05237360 -0.08096182 -0.40414402
-0.17146491 0.16441037 -0.21449134
0.00945497 -0.12293760 0.06539474
0.09175187 0.14278708 -0.34377113
0.03448760 0.09832571 0.13955390
-0.14863303 0.03801681 -0.23771897
-0.05577950 0.21496840 0.40813822
-0.16808325 -0.06518169 -0.36992922
0.15060827 -0.18730915 -0.39166361
-0.01965662 0.10819167 -0.23653343
-0.12673467 0.21290274 -0.21660750
0.17033535 -0.07928365 -0.10305814
-0.16004421 -0.00882057 -0.40169299
-0.14326322 -0.12240866 -0.14225291
0.03848996 -0.10947932 -0.18159284
-0.11996897 -0.01237301 -0.20514534
-0.00064645 0.19897170 0.28332910
-0.16770597 -0.08943060 0.17890149
-0.08635338 -0.11924468 0.40511078
0.17873490 -0.10270842 0.34401780
0.03785355 -0.11870070 0.05511861
0.16902177 -0.11479479 -0.36968535
0.12642308 0.19430332 0.25072685
-0.11901936 -0.14149158 -0.37923238
-0.16958997 0.00175293 -0.09931418
-0.16788909 0.09265845 -0.18792520
-0.05883106 0.19269967 0.00078411
0.15670532 -0.04739540 0.40952626
-0.16239864 -0.09740992 0.02125496
0.16719946 -0.07462796 0.30143303
0.00783481 0.16302145 -0.38224506
-0.14524908 -0.10079464 0.39492571
-0.00758760 -0.00672999 0.40638912
-0.08975301 0.21053433 -0.41219899
-0.12445039 -0.03113611 0.40314278
-0.16740108 -0.02654285 -0.29950696
0.12593566 -0.00720980 -0.40408367
-0.16430248 -0.10871882 0.20156138
0.16448431 0.09784181 -0.36373478
0.07752327 0.19632857 0.33300960
0.12486266 0.17839372 0.30256420
-0.15667845 -0.16239147 -0.34376651
-0.04179182 0.19179994 0.41330940
0.02290498 -0.11826919 0.31834659
-0.04296873 -0.12798654 0.02024243
-0.04433465 -0.10273474 -0.39311221
0.04486033 0.13006428 -0.29614010
-0.15730940 -0.10185470 0.28048438
-0.12308647 0.18565571 -0.16812691
-0.16777191 0.12812065 0.25678316
0.15985391 0.19695391 0.19585483
-0.02841284 0.17881796 -0.32786757
-0.05676339 0.14052674 -0.38672698
-0.03823859 0.21154700 0.08546833
-0.17180240 0.19917209 -0.25884491
0.17150496 -0.13212106 -0.26662716
0.16925998 0.08662924 0.16204992
-0.16273545 -0.10934371 -0.18229321
-0.16684331 0.05295946 -0.01610510
-0.01699739 0.19213837 0.36310160
-0.01607073 0.13499181 0.35305470
-0.10259425 0.20745142 -0.28955302
-0.09395510 0.21380743 -0.03330332
0.12670194 0.10005543 0.22704268
-0.10365187 0.09944287 0.14156672
0.11380700 0.08216698 -0.22740777
-0.15757573 -0.11276110 -0.04316847
-0.11132399 -0.02192795 0.40618685
-0.16081038 -0.12540559 -0.19818883
-0.16771440 0.04420388 0.05554078
-0.09584988 0.20307750 -0.34858492
-0.08586839 0.14361878 0.22048128
-0.05118981 0.20278518 0.33629367
-0.14468005 -0.01537455 -0.08258998
0.15825020 0.19776182 -0.36499670
-0.15755768 -0.11840034 -0.02142511
0.16705544 -0.01744466 -0.05675070
-0.03510297 0.06972077 0.41148719
0.17154999 -0.04459430 0.40010050
0.10456701 -0.11875387 -0.04497506
0.05188283 0.04063832 0.00256252
-0.07324936 -0.12255438 -0.08888325
-0.06916454 -0.12415476 0.11764055
0.11718313 -0.11742276 0.25521344
-0.16183956 -0.12301539 0.21503165
0.11677270 -0.07692289 -0.34584016
0.11074222 -0.10912824 0.19457735
-0.09370125 0.18314034 0.10369421
0.00552386 -0.04466996 0.40725082
0.11922581 0.08963947 -0.18661368
0.11837946 0.19689393 -0.27748930
-0.16731870 0.06376493 -0.09015734
0.15890515 0.05815157 -0.18372943
-0.16668603 0.02668629 -0.16203810
-0.14426616 -0.08954412 0.28875554
0.14134550 0.11842513 -0.12665915
0.03305351 -0.12052650 -0.11177334
0.10344649 -0.12579706 0.11998336
-0.16207600 0.18660592 -0.41440254
0.00706454 0.16219045 -0.34378844
-0.13178888 0.19393085 -0.07508548
-0.05091672 -0.11891425 0.19263773
0.15929896 -0.11511434 -0.13481669
-0.01485253 0.18463157 -0.37946713
-0.16318108 0.07543944 0.32088783
-0.08648430 0.19467768 -0.33322722
0.16668396 -0.10230436 0.00974801
0.14570472 -0.10821525 0.21793257
-0.15973279 -0.11388081 0.30907813
-0.02509384 -0.02976018 -0.16768143
0.07083277 0.07009595 0.32412523
0.13297816 0.08711976 0.00517966
-0.11086074 -0.11757308 -0.18850985
-0.04778052 -0.11318599 -0.38633838
-0.04727630 -0.00927255 0.34565967
0.15702726 -0.03488313 0.11250812
-0.16741875 0.02529227 -0.24536893
-0.16684301 0.02056056 -0.03988680
0.00643121 -0.05401744 0.38562977
-0.16556957 -0.03794529 -0.25222918
0.16931610 -0.06946445 0.06713879
-0.16912179 0.21963035 0.27936751
0.01681239 -0.00135605 -0.40666321
-0.03254277 0.19589588 0.10847564
-0.10969809 -0.11698437 -0.13704859
-0.15059018 -0.09447826 -0.40132660
-0.16445535 0.00637706 0.25342864
0.10775940 0.01725114 -0.32224467
0.15169379 0.03832550 -0.27298993
0.16208352 -0.01260692 -0.40801904
0.16078942 -0.15531570 0.36609924
-0.02304806 0.17038393 0.06593803
-0.14665513 -0.13412209 -0.39556262
0.11007558 -0.11831430 -0.21941280
-0.08178633 0.19886768 0.13172603
-0.16529161 0.20742780 -0.32525766
-0.02727923 0.15372856 -0.40921226
-0.16380751 -0.11597979 0.39550418
0.16056949 -0.11459660 -0.26871428
0.15066908 -0.12746249 0.13146722
-0.16540118 -0.12063026 0.31621075
-0.16389376 -0.12649786 0.34117514
0.13334000 -0.09799161 0.08291851
-0.01664346 -0.11624444 0.24836707
-0.07249837 0.19610554 -0.38930139
-0.15871680 0.01425892 0.40127406
0.17126229 -0.09956298 0.35107234
0.17706016 -0.01007386 0.35680312
0.00292072 -0.11467364 0.27804512
-0.16356914 0.04260626 0.30475867
0.09925160 0.01731993 0.22182213
0.09470281 0.10525982 -0.32416660
-0.13801889 -0.08811325 0.08270732
-0.16685905 0.11984771 0.04894399
0.07275656 -0.10225192 0.40265805
-0.17252013 0.18627951 -0.33643180
-0.01592025 0.01050314 0.13799803
-0.04710801 -0.11874402 -0.35337734
-0.07136685 -0.02425240 -0.39939076
0.09129208 -0.10142157 0.34570974
0.11580580 -0.10697111 -0.34240630
-0.15198633 -0.13683493 0.36966342
0.17600788 0.14475454 -0.40720370
0.16286364 -0.10023360 0.40744379
-0.11700009 0.11896987 -0.25389913
-0.06844313 -0.12676065 0.16941185
-0.16809522 0.12279455 -0.03842646
-0.16771579 -0.05666118 0.33452389
0.05530898 -0.11020011 -0.14813229
-0.05540582 0.14606042 -0.19286217
-0.08953306 0.08687045 -0.33983383
-0.00697564 0.17288499 0.41137290
-0.07640953 0.21635495 0.30996439
0.17071678 -0.09940127 0.03780592
0.04673363 -0.11773181 0.19250697
-0.16734380 0.07439394 -0.05910856
0.16221774 0.07328995 -0.31205261
-0.17286824 0.19769703 -0.20377909
-0.00483600 0.03262619 -0.40130860
-0.03026533 0.21108347 -0.40763763
-0.01673378 0.13822562 -0.40735254
0.13554959 0.04301251 -0.33987325
0.04355904 0.14143087 -0.31344658
-0.01333938 -0.11757682 0.12839529
0.15931192 -0.05794081 0.07242344
-0.04224374 0.19572370 -0.34154326
0.17155220 -0.03871274 -0.39192912
-0.14864756 -0.03252699 -0.07818068
-0.17405970 0.17568944 -0.08966256
-0.12029003 -0.11190516 0.39642015
-0.16353518 0.19406977 -0.08295633
-0.00618934 -0.03914885 -0.07331440
-0.07340226 -0.11587977 -0.27905723
0.14685026 0.15173826 -0.08606702
-0.16688584 0.05441462 0.21689518
0.04828913 -0.10981429 -0.22606564
-0.05240303 0.19539143 -0.02814751
0.10117555 -0.12228326 -0.40255475
0.00975430 -0.11820543 0.02134944
-0.12208981 -0.12597235 0.20496327
0.16277425 -0.02757317 -0.39265862
-0.13498065 -0.09535603 0.40555614
-0.00625850 0.16605778 0.08003103
0.15996422 -0.14221378 0.40813780
-0.16725400 -0.03479155 0.38217801
0.08800034 0.03139419 -0.40316471
0.08307296 -0.11424034 -0.01469906
-0.16706517 0.01845985 -0.37341151
0.02909814 0.18435259 0.41595417
-0.01512840 -0.12412336 0.25083339
0.10247769 -0.12883246 0.18871436
-0.01204728 0.08842002 -0.08846399
-0.05559766 -0.05887819 0.40978351
0.16935344 -0.07545085 -0.40165731
-0.16405402 -0.00345588 -0.04817719
-0.11898393 -0.04014039 -0.12133925
-0.06958053 -0.11493596 -0.23003688
0.16814296 -0.18417203 -0.39028117
-0.10579892 -0.05364165 -0.35512149
0.14812173 -0.01830515 -0.24739878
0.16487965 -0.01005719 0.18286335
-0.09029005 0.02540500 0.35749340
0.07710378 -0.12897836 0.14931422
0.14510621 0.00480070 -0.24839509
0.16521184 -0.15943626 0.37935162
0.12306413 -0.04582603 0.07444218
0.03301635 -0.11991593 -0.09690054
-0.06525599 0.12899534 0.13010575
-0.10936953 -0.06137479 -0.39484191
-0.12031598 0.05609383 0.40706864
-0.10547087 0.10927512 0.12183022
-0.03038923 0.20817925 -0.31283426
-0.16981390 0.12140689 -0.27949387
-0.05105445 -0.11545009 -0.18409096
-0.11661677 0.08083607 0.37493041
-0.00232327 0.08327270 -0.35247856
-0.04018544 0.19015816 -0.31979153
0.12504950 -0.08810151 0.03104660
-0.13001440 0.19752866 -0.22659209
0.14636481 0.04619796 -0.27290255
-0.16650233 0.01291113 0.00509714
-0.01762267 0.01787797 -0.36573860
0.15833943 -0.01697205 -0.15820661
0.16515039 -0.06860545 0.28018928
-0.07495252 -0.12287988 0.33692604
-0.17498414 0.18882908 -0.25208190
-0.16388468 0.17983672 0.29436249
-0.04707203 0.11551311 -0.38851222
-0.16802944 0.11266408 -0.00359720
-0.16997576 0.04086957 0.39979511
-0.15307486 -0.16066976 -0.36613336
0.17088975 -0.00042565 0.10649681
0.17030336 -0.02415123 0.14329325
-0.12451581 -0.11480387 0.30744180
-0.09294578 -0.12282917 0.08886553
0.15223303 -0.05460499 0.15838848
-0.06825236 0.05563321 0.38532758
0.10676066 -0.05268344 0.23388551
-0.16487421 0.16389406 0.39345375
0.16477825 0.02314232 -0.18044008
-0.11454812 -0.11950876 -0.02516853
-0.03787713 0.20902918 0.27512482
0.17011198 0.10717941 -0.15469462
-0.09032741 -0.12952107 0.34011284
-0.00707419 0.02506632 -0.34482852
0.02633717 -0.10290299 0.38733405
-0.12593529 0.21208492 -0.14057380
-0.17379320 -0.11132035 0.39211214
-0.17201556 0.20643756 0.16193046
0.15946403 0.00418584 0.37939644
-0.12670028 -0.13914241 0.38898811
-0.16303952 -0.02277039 -0.27884796
-0.16859040 0.16226965 -0.05970082
0.08691366 -0.08656043 -0.39863878
0.14981437 -0.08871510 -0.00349903
-0.16862111 0.12650380 0.22158033
0.16908327 0.02885926 0.25238860
-0.09651283 0.19223903 0.00622496
-0.14613712 0.19871032 0.05846637
-0.10284062 0.06080820 -0.30216640
0.11835483 -0.04066232 0.08633845
-0.08854401 0.18541153 0.35368302
0.14542049 -0.04564855 0.05486934
0.13697475 0.08139311 0.13225900
0.00073754 0.01952121 -0.32084304
-0.12725458 0.04243038 -0.39948079
-0.12494263 0.02726058 -0.39602351
0.06292744 0.21038575 0.37412784
0.07082004 -0.11115874 0.36434880
-0.13049653 0.20916763 -0.38295415
-0.15332478 -0.14795306 0.40028253
0.15347457 0.14143705 -0.11482016
-0.14311031 0.00240561 -0.13832915
0.16258715 -0.06772269 0.19155504
-0.16633968 0.17113489 -0.22054777
-0.12450042 -0.12268539 -0.05469070
-0.08958048 0.21105930 -0.08240385
0.00785686 -0.04232927 -0.36875871
0.06099394 -0.11157958 -0.26250482
0.17149377 -0.10600611 -0.01472984
0.12602670 0.10969346 -0.33324417
-0.12024462 0.04353690 -0.26286989
0.16456226 -0.10211065 -0.15902849
-0.07540125 0.18004937 0.17615871
-0.10818107 -0.01565029 0.33056366
-0.17040275 0.17336281 -0.15299504
-0.16634673 -0.02482019 0.33721799
-0.16506225 0.13663815 0.37970260
0.05280866 0.16223973 0.39528424
0.16744855 0.01148899 0.14972450
0.05592253 -0.04265495 0.02145337
-0.15488060 0.19707496 -0.00790729
0.13115844 0.17743984 -0.41208327
-0.16642880 0.03379997 0.12543344
-0.03894327 0.16218972 0.15771087
-0.16625328 -0.00599147 -0.29744077
-0.07532749 0.20851380 -0.24421088
-0.16828659 0.07617545 -0.32311830
-0.14919297 -0.12208695 -0.24399135
0.16911463 -0.05920293 -0.17256810
-0.16529265 0.04285587 -0.12912452
-0.01732918 -0.12085594 0.14719039
0.14465389 0.18321906 -0.40476775
-0.09927233 0.09440127 0.40523294
-0.15400660 0.17652258 -0.41498965
-0.16667348 0.06114838 0.15413418
-0.09310090 -0.11632452 0.30593371
-0.15840687 0.21182455 0.02205872
-0.07220643 0.21150008 -0.13401671
-0.12359527 -0.07524769 0.37138835
-0.16040507 -0.03961771 0.29394171
0.16737309 0.08485581 -0.24573691
0.12507860 -0.10352554 -0.00194163
0.16564731 0.00239894 0.41148081
-0.11799654 0.06003754 -0.16840680
0.06706628 -0.11201043 -0.10556821
-0.12888141 -0.12732691 0.12863724
0.06319124 0.04801601 0.09311374
0.16590963 0.06220780 0.22751370
-0.10099173 -0.12838520 0.38078022
0.12884843 -0.11753775 -0.30265802
0.08628404 0.11913390 -0.39840257
0.16604319 -0.08907473 0.24810398
-0.07186505 0.01057507 0.35334608
-0.12295473 0.18618681 -0.41329679
-0.16935709 0.08124808 -0.21048741
0.08061510 -0.11169538 -0.37693968
-0.16593449 0.04612118 0.05077406
-0.11903781 -0.08622640 0.37669456
-0.07492916 0.11143003 -0.37976941
0.09027442 0.02633776 0.15537168
-0.11836480 -0.04527099 0.22570768
0.15810730 -0.10118567 0.07851936
-0.11237586 -0.12378231 0.33249161
-0.07529306 0.05108701 0.20332417
-0.07519005 -0.11272185 0.23143116
-0.09626772 -0.11513183 -0.29787788
0.17714101 -0.09821158 -0.35404328
-0.00042462 0.15349467 -0.18377006
-0.16313902 -0.05413914 0.17719527
-0.14182775 -0.10661714 0.06899170
-0.09271833 0.17756817 0.41347170
-0.16314141 0.12890342 -0.38112825
0.09568290 -0.10847423 0.13000827
-0.15155594 0.03171247 0.10287122
0.14434376 -0.02035340 0.28130320
0.16734344 0.12198960 0.10504690
-0.17097038 0.13617861 -0.25850490
-0.14610830 0.11394945 -0.07896282
0.07526763 -0.06213875 0.36063787
-0.16376564 -0.08947584 0.15462363
0.17090787 0.08527842 0.35391748
-0.16350943 -0.07122158 -0.27811307
-0.15710033 -0.09700522 -0.01978653
-0.16542336 0.04839875 -0.36674201
0.07248750 -0.10009605 -0.35762885
0.16827685 -0.01187855 0.23042233
-0.16102521 -0.11584251 -0.29646516
0.06022174 0.14709176 -0.13552934
-0.12873471 0.09643782 -0.12598789
-0.02242682 -0.10695922 -0.37514591
-0.14631161 -0.16343433 0.40017688
-0.16215466 -0.07996180 -0.00023351
0.12991445 0.12198429 -0.17557447
0.07076500 -0.11326951 -0.13700373
-0.09582158 0.18578060 0.13184687
-0.07661162 -0.11732282 -0.22352985
0.16669615 -0.00802040 -0.04522385
0.03809208 0.11657060 0.29959917
-0.12782803 0.03720951 0.40091830
0.11928225 -0.10309287 0.12061676
0.01853046 -0.11632786 0.27952510
0.15225482 -0.08040241 0.30452824
-0.11808662 0.08904162 0.39938575
-0.06070978 0.05970934 0.36337969
-0.07296706 -0.11611073 -0.17056277
0.09888171 0.01527366 -0.40270373
-0.08628216 -0.11773890 -0.26636338
-0.01217739 0.09368536 -0.36036959
-0.10569152 0.12520459 -0.40015966
-0.11754139 0.10645585 0.07143980
0.13343352 -0.12195820 -0.26762098
0.12741543 0.13431406 -0.19964252
-0.16064097 -0.14063011 -0.35818541
0.15467769 -0.05008710 0.36559463
-0.05566903 0.15358555 -0.12836666
-0.00056888 0.17421167 -0.04860172
-0.05901401 -0.11833350 -0.13287410
-0.03233701 -0.10398271 -0.39762983
-0.00969255 0.18589534 0.06130093
-0.15934028 -0.05900830 0.30357802
0.13113984 0.13164635 -0.37624979
0.14424394 0.18365335 -0.38752630
0.14120016 0.06491392 -0.03261448
-0.12268360 -0.11309960 -0.34986538
0.15970938 -0.12100669 -0.31895617
-0.02677284 -0.11342444 0.39383444
-0.10528539 0.20860183 0.33140203
-0.05572040 0.20697753 0.25932524
-0.10293902 0.18223518 -0.11800081
0.15901159 -0.05138506 0.40666363
-0.17077780 0.20376441 0.10870886
0.05647398 0.19942793 -0.41312885
-0.13772763 -0.01836835 0.28931186
0.16271697 -0.05525429 -0.02769661
0.14081824 0.11251520 -0.40785435
-0.13181539 0.02563823 0.14174733
-0.16606461 0.16038133 0.40472561
-0.08222142 -0.08662874 0.37108281
-0.08356149 0.21459286 -0.08516607
-0.07798024 0.20150550 -0.03780306
0.03343831 0.01197339 0.36262068
-0.16418104 -0.06709479 0.05511108
0.14251877 0.11376739 0.35932979
-0.11063844 -0.12215910 -0.27614397
-0.12796921 0.18503335 -0.09595080
0.16325568 0.05948864 -0.13206343
0.14550176 -0.07404964 0.40589622
-0.08325126 -0.01744180 0.28210580
0.17665683 -0.09125886 0.29107189
-0.16464873 -0.10540088 -0.33906740
-0.15015814 0.18343413 0.09747776
-0.11779606 -0.11670344 0.26703116
0.10573711 -0.09967474 -0.01468860
-0.11314286 0.18758717 -0.22352223
0.13067654 -0.04511707 -0.25261274
0.04753189 0.13915114 0.33070675
0.15297626 0.10160203 -0.16838787
0.05976328 0.16677569 -0.34978166
-0.06459962 -0.12910563 0.32951897
-0.01863560 0.20388885 0.05401166
-0.10913496 -0.04225995 -0.33304298
0.02967102 -0.11945590 0.09471016
0.12832807 -0.11109734 0.18632939
0.14751005 0.08074990 -0.40849072
0.04426150 -0.05725466 0.38546860
0.07283777 0.17305192 0.39561659
-0.10304675 -0.11884014 -0.15345226
-0.16619122 -0.03425723 -0.27635834
0.16902420 -0.00820085 -0.23528205
0.05129129 -0.12052061 -0.14405318
0.13903351 0.07736009 0.09582922
-0.02775729 -0.12087806 0.12788373
0.04912120 0.15409192 -0.33429143
-0.16812852 0.15093680 -0.36505872
0.16641760 0.02947789 -0.32404590
0.16716203 -0.08632240 0.17152426
0.16880071 -0.04326766 0.20666054
0.15140210 0.09380789 0.14628042
0.16986632 -0.09433144 0.25669479
-0.15303144 -0.04298712 0.26842996
-0.13690569 0.09026256 -0.03164676
0.16658080 -0.10102373 -0.13085884
0.14763817 -0.00127426 -0.40910551
-0.17141321 0.13682278 0.06811405
0.10835205 0.09238366 -0.39259496
0.16380648 0.03610375 -0.31115428
0.14571203 -0.03174412 -0.30677530
0.05280015 -0.12028980 0.07011142
-0.16329844 -0.14326103 0.38176668
0.13118309 0.07780564 0.24577941
0.04622230 0.20695251 0.37877858
0.17526244 -0.08515644 -0.25178581
-0.13760109 -0.12405461 0.08550300
0.14700319 -0.03072693 0.40327302
-0.04194667 -0.11431369 0.31191659
0.04243849 -0.04153489 0.30874676
-0.00618252 -0.04378773 0.38585994
-0.04945840 0.19682902 -0.30415711
-0.15494753 -0.06777575 0.37916583
-0.16634804 0.02153854 -0.06316338
0.14008304 0.03300445 0.41173166
-0.06312601 -0.11304390 0.30255371
0.16406940 0.03531277 -0.30718166
-0.11475411 -0.02102621 -0.06205418
-0.05134780 -0.03155485 -0.39690065
-0.16802987 -0.06452241 -0.05916838
-0.12443151 0.20763239 -0.28542045
0.03830285 -0.07186160 0.40698239
0.13531540 0.13289215 -0.16899318
0.16500516 0.12603307 -0.04906662
-0.15043718 -0.00684993 0.40854281
-0.03090396 -0.03120026 -0.10836390
-0.15260592 -0.12327215 0.34476650
-0.00944618 -0.11283706 0.32835162
-0.02993507 0.16915923 -0.18405901
-0.08466127 -0.09294482 0.40541318
-0.16369817 0.02053840 0.19776605
-0.17078978 0.13205856 0.11129849
-0.06736892 -0.11900914 -0.23322602
-0.12379966 0.19433965 -0.23999493
-0.13215750 -0.09094487 -0.15864837
0.16116153 -0.07089657 -0.28636274
-0.15952729 0.18956891 0.41166705
0.12978387 0.12974507 -0.41399062
-0.12585963 0.20769782 -0.18488815
-0.11436819 0.10126714 0.24997167
-0.16993514 0.09767729 0.22306438
0.12713772 0.06246268 0.20348375
0.16122389 -0.01943962 -0.24202353
0.13518465 0.15130675 -0.41521552
-0.16222908 0.06971972 0.14516369
-0.06316646 -0.11857189 0.25949267
0.12644228 -0.04743351 0.40220949
0.02303268 -0.11338060 0.21384397
0.15344205 0.09124774 0.36768585
0.14447679 -0.00491514 0.32921323
0.17042200 -0.00421818 0.34674978
-0.15233251 -0.04236596 0.20027666
-0.04331255 0.16285065 0.00025671
-0.10855114 -0.11769837 0.02736601
-0.09972003 -0.12178288 0.04897000
-0.11603374 -0.11981745 0.30810034
0.16975953 0.04946723 0.34743759
-0.13576059 -0.05253398 0.30750507
0.11246426 -0.07751010 -0.40200958
-0.07092456 -0.13532205 0.39528042
0.15165770 0.14768453 -0.41599512
0.10278837 -0.11810827 0.37400511
-0.08872232 -0.00172737 -0.39480630
0.17097883 0.06725942 0.10504593
-0.16487998 -0.03042229 0.18220693
-0.13822068 -0.08367248 -0.18039005
-0.07616627 -0.10401965 -0.40016073
-0.12989967 0.20163926 -0.33401781
-0.02091933 0.20348120 -0.02317561
-0.04334251 0.15031053 -0.33249465
0.09230900 -0.10927258 -0.31239468
-0.02390598 -0.00192501 -0.40450019
-0.08517024 -0.13282679 0.34650862
0.06928293 -0.10778170 -0.22032054
-0.08885284 0.20967343 0.16122827
-0.05481274 0.13481215 -0.00554390
-0.17261840 0.18437387 -0.00274339
-0.09492978 0.21360824 0.14093827
-0.14616007 -0.02119455 0.38753581
-0.16925365 -0.04605506 0.36565152
0.09555268 0.12912248 -0.19980001
-0.16783378 0.08050761 -0.07635453
-0.16536485 0.09330264 0.39993140
-0.04750947 0.17254148 0.00887850
-0.16626820 0.11233655 0.13368720
0.16794056 -0.01527900 -0.02476064
0.09745095 0.18289295 0.33770198
-0.16520829 0.05821534 0.22426954
0.10265770 0.09237224 0.01119962
-0.11588906 0.21829571 0.31299710
-0.14778069 -0.09356453 -0.22864868
0.14979629 0.04910561 0.24411716
-0.11011317 0.16252157 0.15256600
-0.15232326 -0.11509860 -0.00540241
0.01757517 0.19804431 -0.21694572
0.03065306 0.09340993 0.01207465
-0.10030680 0.05160220 -0.01256247
-0.10702506 -0.14271040 0.40321186
-0.16669759 0.10280909 0.09954411
-0.08984873 -0.11738715 0.30302390
-0.01943026 0.12629610 -0.40314591
-0.17334585 0.20119110 0.05367254
0.05784125 0.20243473 0.31935996
-0.01330524 0.20473051 0.01002188
-0.16513963 -0.08877341 -0.06051069
-0.17032474 0.18175249 0.02620518
0.17414345 -0.03949042 0.29526156
-0.12338448 0.20841508 0.09948592
0.10029396 -0.01853831 0.40752608
-0.11911432 0.02866324 0.11236933
-0.01092288 0.11826187 0.21344291
0.07204570 -0.03620787 -0.40702406
-0.06139011 0.14263529 0.30571014
-0.07691047 -0.01669911 0.40847716
-0.01375649 0.12490031 -0.40817717
-0.03089590 -0.12000663 0.17688538
0.16873299 0.13844849 0.01312310
-0.16536377 0.07723922 0.23168153
0.02578626 0.19538483 0.37274456
0.01962787 -0.11892413 0.40143645
0.16711381 -0.19131389 -0.39042798
0.00012513 -0.12155470 0.03076608
-0.00809629 0.11439694 -0.36379409
-0.15925446 0.01233905 -0.40593648
0.16583504 0.00543286 0.25699618
0.13211550 -0.11667340 0.08902355
-0.16978195 -0.05264106 0.33237946
0.16622379 0.06889911 0.01528506
-0.04724549 0.16273245 -0.18554702
-0.16624619 -0.01288537 -0.22451556
0.12011092 -0.11693919 -0.08850507
-0.15751378 -0.08494604 0.31013191
-0.13648285 0.06616609 -0.23386073
-0.16674457 -0.02901744 -0.09493402
-0.08913366 -0.11626401 -0.35731679
0.10668915 0.13824843 -0.40461332
0.10473510 0.07799932 0.08993192
0.14219497 0.08334044 -0.32341474
-0.16762358 -0.05917980 0.04498377
0.16538304 0.03617798 -0.21436426
0.14626586 -0.02591679 0.40950993
0.16843687 -0.10236394 0.23256725
-0.11916080 0.12755413 0.22596338
-0.07283246 -0.12723652 0.37913966
-0.06030354 0.16125962 -0.23810445
0.03864422 0.11365733 0.40256745
-0.16668060 0.10275628 0.21906236
-0.17201404 0.19900535 -0.12919298
-0.10588427 -0.08227123 0.28526419
0.13483530 0.08386818 -0.13513714
-0.15613203 0.21546876 0.23194095
-0.08446154 0.13612877 0.16803390
0.15678409 -0.08677673 -0.36277398
-0.11573015 -0.04674071 0.24648239
0.17119581 -0.00195606 0.37099496
-0.14030929 -0.17594755 0.36650404
0.04877341 -0.11857753 -0.24303727
-0.04392194 -0.11672079 0.06104879
0.12812991 0.04820768 -0.33008188
0.12265236 0.15020195 0.36104643
0.08681918 0.01335683 -0.13613957
0.13872260 0.18976493 -0.39468157
-0.02156889 -0.12118756 0.17273130
0.07836934 -0.05000180 -0.18389198
-0.07149069 -0.11888145 0.28973356
0.00344889 0.15345135 -0.10281581
0.12746266 -0.11619540 -0.32223773
-0.14394660 -0.01844953 0.12286846
0.13549055 -0.05009644 -0.37797672
-0.02338106 -0.07327067 0.37906545
0.12138816 0.08854040 -0.06620173
-0.03895503 0.16928741 0.32118386
-0.12229816 -0.01576733 -0.13348159
0.16096708 -0.05559101 -0.20988597
0.09759880 -0.10041486 0.32463989
-0.11982893 -0.00470171 0.10165265
0.01213546 -0.07782181 -0.39794335
0.09352228 0.00481965 -0.39278495
0.16095062 -0.07816704 0.04666173
0.12367540 0.14175262 -0.14301851
0.11598109 -0.07300618 0.34787866
-0.16776374 -0.05058607 -0.11285786
0.13330500 -0.03553632 -0.40588933
-0.13276425 0.05861337 0.32033008
-0.00383611 0.08988260 -0.26505637
0.13215888 0.15386765 -0.07251792
0.06995114 -0.11707643 0.23318237
-0.12361407 -0.02874980 -0.10058322
0.07183295 0.13647984 -0.36803544
-0.13792706 -0.11741059 -0.37433138
0.14192417 0.06079879 0.29465950
-0.16752103 0.15635711 -0.25152448
0.10617781 -0.11788605 -0.21209458
-0.01799221 0.12054654 -0.35767806
0.03196275 -0.11856650 0.04943294
-0.11521897 -0.12092403 -0.27516156
-0.03198232 0.19420283 -0.36566204
-0.12895504 0.04458681 0.15833169
-0.16431119 0.20815445 -0.40194863
0.16732581 -0.09093818 0.23409091
0.00508532 -0.12206306 0.07022301
-0.16791077 -0.01150070 -0.06002278
-0.02267168 0.11359228 -0.29126877
0.16647349 -0.03443241 0.00837845
0.16371736 0.07377895 0.18393707
-0.09582092 0.10899298 -0.40826437
-0.16723931 0.08191852 -0.30709857
0.08648225 0.08133174 -0.10084394
-0.13585871 -0.09561031 -0.40578422
0.12894098 0.03031471 0.02506362
-0.12845378 -0.10079078 -0.10649648
-0.06962878 0.15398219 -0.15470475
0.10035086 0.17846221 -0.40501603
0.16081946 -0.13215260 -0.39544845
-0.17049725 0.16307513 0.07596788
-0.01280321 0.10912649 -0.40778196
-0.09739248 0.14182162 -0.11974183
0.02038210 0.17848729 0.29495904
-0.05158474 0.08752449 0.41013527
-0.11052599 -0.11029313 0.11982784
0.16399245 -0.06900664 -0.00856600
-0.16586158 -0.06492755 -0.34578770
-0.02403550 0.15760753 0.19386321
-0.16741712 0.09808595 -0.16194114
-0.02575224 0.17790779 0.05113042
-0.03825299 0.19935638 0.09309068
-0.04146665 -0.12075696 0.01970510
0.17021458 0.02149650 -0.00265144
-0.14970075 -0.18902384 0.38046259
0.07883655 0.12789352 -0.14126353
0.12612215 -0.09938425 0.40071830
0.15126427 0.15703437 0.12770182
-0.03939196 0.12784530 0.05766410
-0.09244566 0.21113068 0.09137911
-0.07081422 0.15645580 0.33333385
0.17028654 0.11392710 0.00413161
-0.11761950 0.15664650 0.22323905
0.09584906 -0.11341614 0.22777396
0.03148593 -0.05511390 -0.40083945
-0.05232633 0.20994502 -0.03868960
-0.15018825 -0.19080669 -0.38952994
0.07404426 0.13691896 -0.16009304
-0.00188691 -0.11590365 -0.11293721
-0.09958424 -0.13376342 0.35463408
0.03127960 -0.03771593 -0.38101819
-0.16618355 0.18421158 -0.34175459
-0.00097038 0.15065220 0.30382445
0.03819266 0.15277357 -0.37095395
0.11419716 -0.01802025 0.40710062
-0.17128778 -0.07311808 0.38927513
0.05568185 -0.10947663 -0.35852844
-0.17213342 0.17376758 -0.07804154
-0.05083544 -0.12034574 0.05780968
-0.03075390 0.16549730 -0.35352907
0.14075151 0.11853373 -0.38613823
-0.16697526 0.14510033 0.09790359
-0.16407534 0.12639809 -0.36395156
-0.16645654 0.03306165 -0.16120818
-0.09771420 0.20120884 0.26861000
0.02064584 -0.00150100 -0.35252690
-0.16821891 -0.08834934 -0.21647111
0.16581865 0.03576500 -0.34592548
-0.16577250 -0.01064101 -0.30364716
0.09212174 0.02824210 0.21743776
-0.04199644 0.13201895 0.00154272
-0.09948231 0.20708247 0.40099677
0.15752716 -0.03943431 -0.03808663
0.15550163 0.07419159 -0.19239822
0.13655940 -0.12301545 -0.39614978
-0.09842275 0.20554735 0.25259635
0.00571445 -0.11652987 -0.24570265
0.14064156 -0.08755202 0.38432863
0.16180196 0.07307044 0.05557048
0.16579327 0.08563964 -0.00267870
0.09153942 0.19378507 0.39109081
-0.16838624 -0.08065529 0.09380976
-0.09775294 0.18671128 0.21092780
-0.14688812 0.00066257 -0.40290555
-0.02272132 -0.02705295 0.37276721
-0.11058275 0.17193019 0.13726416
0.15188439 0.14541173 -0.01423536
-0.12047336 -0.13880515 0.37385511
0.05733254 0.04472228 0.02544283
-0.07352296 -0.11332364 0.28036061
0.08823075 -0.05038594 -0.16084445
-0.02021194 0.20574504 0.06668976
-0.07565922 -0.11702815 -0.28052700
0.01267306 -0.05326524 -0.40560472
-0.16570993 -0.11444960 -0.16234365
0.15144640 -0.09395196 0.35267466
0.13763997 0.11015472 -0.09325963
-0.05491284 0.05862987 -0.37167573
0.17062387 0.08762441 -0.40626317
0.06321986 -0.10874607 -0.30451190
0.04609397 -0.11622602 -0.26691288
0.07596738 -0.12493224 -0.31153563
0.14575557 -0.12633845 -0.28110015
0.05919661 0.03100714 -0.40647209
-0.17172407 0.18623754 0.22081199
-0.16834262 0.08815530 -0.12206751
0.06479406 0.14549579 -0.08258788
0.08734845 -0.11062559 -0.27639401
0.16872023 -0.12662774 -0.32920301
-0.05288346 -0.12312498 -0.10385145
0.17041676 0.13187398 -0.03886473
0.08626457 0.04899163 0.36221758
0.10946862 0.08055444 0.15214562
0.06112894 0.09429689 0.40682679
-0.11159886 0.19502865 -0.38778231
-0.03601766 -0.04520541 0.14819929
-0.16442320 -0.04375534 0.15079230
0.02401154 0.00973629 0.33116430
0.07262398 -0.06458756 -0.40571648
-0.01666333 0.19769686 0.21403694
-0.16492094 0.02862815 0.26096237
0.08454785 -0.13778718 -0.39493591
-0.16790374 0.04267931 0.08210497
-0.16843757 -0.04630642 0.24428871
0.16815664 0.00074164 -0.38419709
0.17038165 -0.11060710 -0.23316754
-0.15614788 -0.11177061 0.11005282
0.05250638 -0.11311254 0.37987971
0.17534240 -0.10975090 -0.29755157
-0.08862717 0.09459210 0.37628248
0.01698399 -0.12256247 -0.07207591
0.16822538 -0.03703751 -0.22117843
-0.15058507 0.21701980 -0.09532329
-0.16988792 0.12079032 0.10790992
-0.11863874 -0.02870176 0.34279200
0.15143317 -0.11225919 0.08501548
0.06267766 -0.11182978 -0.21815655
0.16919544 -0.16646323 0.37663227
