0.16720474 0.14946270 0.38552013
-0.07571235 0.21790296 0.13297318
0.08857442 0.21779643 -0.18888755
-0.21599153 0.21977910 -0.24222115
0.20975089 -0.13052163 -0.38297519
0.10410167 0.22511321 0.25380960
0.08798692 0.21903835 0.37830490
0.17950192 -0.02088150 0.37308687
-0.13910985 0.16085795 0.29614323
0.14099871 0.20181808 0.03137356
-0.08494949 0.16622320 0.33921468
-0.15909117 0.17357010 0.05782730
0.04779978 0.18573579 0.34124106
-0.18433408 0.22877568 -0.30606189
0.21121705 -0.16134325 0.38619131
0.11667849 0.21641496 -0.26759768
-0.19344810 0.20824018 -0.18824285
-0.04084204 0.22423771 0.08439998
-0.10596421 0.14935935 -0.03002468
0.12791882 0.11444512 -0.36052346
-0.03493663 0.13920419 -0.36832297
-0.13006845 0.22675075 -0.23887812
-0.18753062 -0.01596688 0.38355085
-0.09836958 0.17788847 0.09081485
0.21061957 0.18978915 0.34650487
-0.15359057 0.22811268 -0.17200728
-0.21196780 0.17786248 -0.06506009
0.08086203 0.21865575 0.36174089
0.19499010 0.10656932 0.33633336
-0.21662128 0.21622944 -0.15450266
0.18646425 0.22255187 -0.33719772
-0.19386220 -0.02100245 -0.32801998
0.20689863 0.15161286 0.21728782
0.21264866 0.00505000 -0.35944000
0.03689659 0.21879868 0.05639694
-0.21005243 0.22932406 0.20333007
0.00456874 0.20973986 -0.13226552
0.21387462 0.16273905 -0.02502251
-0.03862449 0.16218923 0.33534268
0.18390507 0.21609643 0.11579560
-0.21281351 0.17258789 -0.38210747
-0.20566937 0.22300635 0.33392543
-0.09842250 0.21389115 -0.38259020
0.17663302 0.19284499 -0.27620667
0.07864835 0.21104118 0.08706896
0.09548648 0.16245325 -0.14313081
-0.17223319 0.18372506 0.38377446
-0.19623078 -0.04090980 -0.32443881
-0.03365489 0.15754342 0.10365226
-0.01588753 0.21492745 -0.10551073
-0.21854219 -0.03999221 -0.35226983
-0.19780168 0.11857571 0.37966105
-0.02935192 0.22702880 -0.12815997
-0.21163493 0.16034962 0.34943494
-0.12239401 0.23049767 -0.36566401
0.00224440 0.17077948 0.18091257
-0.21196158 0.20046517 0.26600343
0.20561898 0.20229441 0.10836833
0.03313817 0.14813745 0.17487481
-0.14210205 0.17532508 -0.28949830
0.08077473 0.13664053 0.34853870
0.20546320 0.16134371 -0.24455616
0.04953549 0.15069869 -0.33389825
-0.07677567 0.22557607 0.10017166
0.20658387 0.20146357 -0.30248380
0.18338916 0.14416358 0.15042271
0.19444147 0.22656731 -0.14191978
-0.16943339 0.17519988 -0.23697186
0.11551511 0.18917033 -0.38014194
0.15453281 0.15188418 0.15103704
-0.14128067 0.21178070 0.25406203
0.04007623 0.15043937 -0.04734570
-0.18803583 0.17574507 0.09435023
0.21330406 -0.09789258 -0.38496238
0.11936216 0.21439432 0.38475507
-0.11545463 0.19515015 0.06641646
0.04614365 0.19185454 0.07280574
-0.03845277 0.19132081 0.01256159
-0.17538549 -0.07912342 0.38316754
0.16487046 0.18694104 -0.38098413
-0.01868772 0.14950249 -0.01513696
-0.00948714 0.22176842 0.38338253
-0.16147681 0.22999856 -0.36591929
-0.06661008 0.20838635 0.15680574
0.09039775 0.15518501 0.22082499
0.20885485 -0.14277518 -0.36746946
0.18773630 0.17515443 -0.35322919
-0.00298846 0.17924623 0.31101641
-0.04467095 0.15516150 -0.33413851
0.14684145 0.22552004 0.01064691
-0.11960173 0.22899804 -0.31294852
-0.06433318 0.15078564 -0.07979204
0.18649372 0.05061406 -0.33690608
-0.18035933 0.15894718 0.32021269
0.01489215 0.17306155 0.10132951
0.18725015 -0.22396070 0.35427383
0.20827189 -0.18056838 0.38161463
0.08047244 0.13900013 0.08974748
-0.01554669 0.14594164 -0.01889653
-0.21501729 0.18302484 0.05941006
-0.19034278 0.21401742 0.27263823
-0.22175658 -0.05877461 -0.35096216
0.06777045 0.15412720 -0.24345765
0.21284714 0.16176201 -0.14002401
-0.21422215 0.19900896 0.33100641
0.01366792 0.22446518 -0.33437875
-0.21172515 -0.08940806 -0.38201421
-0.20834106 -0.14229174 0.37924364
0.20965022 0.19826996 -0.06919394
0.21972294 0.18140650 0.37590039
0.10719287 0.12919945 -0.20684350
-0.20609735 -0.19872575 -0.38057363
-0.04597934 0.14539883 -0.21330976
0.07314054 0.21356957 -0.07061027
0.17590116 0.23130354 0.25353095
-0.20757696 0.18871729 -0.25815389
-0.20872489 -0.06814492 -0.33821854
-0.21227029 0.17213875 -0.17446004
-0.20865804 0.16124372 0.18176834
-0.21515374 0.16833079 0.05913968
0.11004436 0.20447333 -0.02893293
0.09022322 0.14333476 0.04646613
0.19610660 0.17491847 0.07528536
-0.01699581 0.14171760 0.01207197
-0.17550443 0.16462770 -0.09214861
0.11353359 0.21679263 -0.38119170
-0.17998625 0.22829475 -0.17937694
0.09904703 0.15134899 0.27129313
0.07899209 0.16233049 0.11415301
-0.19859429 0.15644754 -0.01766535
0.14144892 0.16646869 0.23583734
0.01556902 0.18755430 -0.14664753
0.00555186 0.21993098 -0.38075840
-0.01959074 0.13082483 -0.07046109
0.05880994 0.15273027 -0.38525549
-0.20768508 0.15708385 -0.19244060
-0.14091985 0.21307755 -0.08154531
-0.17441471 0.23093003 0.19660154
0.20894182 0.22435501 -0.20058259
-0.18251422 0.16011137 0.08122642
-0.19197772 0.17331594 -0.10560676
-0.18164712 -0.22062796 0.37484136
0.16812435 0.15387760 0.29650915
-0.12060010 0.15168266 0.17635758
0.03794083 0.13730240 0.06656437
0.11078824 0.21933976 -0.06849878
0.04035984 0.16634649 0.25497401
0.18810745 -0.23061086 -0.37290666
0.21322490 -0.19263297 0.34620509
0.11625680 0.20728274 -0.08031784
-0.13368300 0.16167322 0.33190185
-0.21608908 0.09690610 0.37651464
-0.18802209 0.17246881 0.22662169
-0.14788765 0.22586253 -0.06196416
-0.05800895 0.21325915 -0.22042914
0.01586783 0.15255667 0.36766136
-0.07098258 0.18408483 0.02736126
-0.21903574 -0.05756355 -0.35787973
0.21069686 0.19858152 -0.36164752
-0.14827023 0.22333826 -0.12847745
-0.03867464 0.22178812 0.37100619
0.16990285 0.10217711 -0.32458928
-0.18688571 0.22561507 0.17862257
0.20126908 0.22798970 0.08168172
-0.21081077 -0.03819691 0.37905249
0.00952243 0.13939695 0.37270787
-0.20267332 0.09082963 0.38383171
-0.21396492 0.14989574 0.31531712
0.17366390 0.21297282 0.09351591
-0.12853862 0.14813857 0.07326049
-0.20806012 0.15167727 0.15975763
0.20589226 0.19748260 -0.32534802
0.21100973 -0.14876384 -0.37700942
-0.18818043 0.15566716 0.33400330
-0.14193568 0.22619398 0.20164992
0.19109719 0.20853224 -0.18794852
-0.20242919 0.22492139 -0.13077678
-0.19323558 0.16505106 0.27520680
-0.17952642 -0.01236630 0.35072249
0.21386729 0.18073562 0.29523227
-0.00138484 0.22288641 -0.30909511
-0.18844421 0.21929662 -0.22148719
-0.17494620 0.22526558 0.10547527
-0.19170900 0.22931926 -0.35198364
0.02746126 0.21397087 -0.22233517
0.20703796 0.18413715 0.38434562
-0.06704354 0.16180074 0.05706024
-0.20495202 0.02375422 0.33912504
0.07303290 0.22263090 -0.15497878
-0.18994217 0.18331125 -0.38426170
-0.17525940 0.22612914 0.05797770
-0.15608361 0.18164830 0.37382033
0.01033898 0.15623161 0.32275274
-0.19805610 0.22555843 0.29677838
-0.20718306 0.06433442 0.38169706
0.16677998 0.14619127 -0.00241446
-0.13276541 0.14134519 -0.37555841
-0.16101807 0.16700092 0.32618898
-0.00772556 0.22017515 -0.12264312
0.15026560 0.19921555 0.20406035
-0.19321217 0.07714225 0.37857398
0.15875535 0.21693157 -0.08731468
0.04157478 0.13820955 -0.37765554
-0.02173835 0.15870303 -0.38517505
0.03493528 0.22138721 -0.31393170
-0.06014490 0.21936004 0.20037524
0.20785032 0.21427491 -0.13002028
-0.17434804 0.22513480 -0.35369739
-0.18677410 0.20494735 -0.05174274
0.10074497 0.21266943 -0.37207091
0.14861485 0.19136885 -0.38654122
0.20540541 0.21162146 -0.07423248
-0.10400901 0.19449252 -0.20019299
-0.17749679 -0.07999941 0.38242283
0.09979680 0.22368357 0.20321147
0.20830500 0.18919969 -0.24973218
0.21458857 0.19638260 -0.24850374
-0.04763995 0.16526681 -0.03704999
-0.15427315 0.17950426 0.13443151
-0.13876566 0.22628005 -0.15771583
-0.18967564 0.23198634 -0.30483371
-0.07870368 0.15316884 -0.04448665
-0.00827217 0.22343762 -0.37186199
-0.20010963 -0.16677979 0.38276494
-0.20550446 0.22764517 0.01412479
0.15692481 0.21682598 0.37838286
-0.12067541 0.22693291 -0.13166404
-0.07607087 0.15865317 -0.30170420
-0.01073872 0.21384773 0.28150696
-0.21697411 0.15505350 -0.26742110
-0.17729332 0.02152788 -0.38473850
-0.02433522 0.14614628 0.18193637
0.19635898 0.09089979 -0.38883504
-0.19866642 -0.16593494 0.38187811
0.04286258 0.21817505 -0.13088019
0.00660633 0.22835822 0.21313865
-0.02444299 0.14039624 0.10059740
0.13469368 0.20748995 -0.19038397
0.20211254 0.21863905 -0.35617036
-0.21131551 -0.03622423 -0.37964648
0.10250476 0.15126815 -0.32412171
-0.18134227 0.22954197 0.01465775
0.15143752 0.15847270 -0.04243102
-0.12714994 0.13025832 0.38486823
0.17663902 0.20157190 0.01655414
0.17158209 0.15614817 0.38851783
0.20726813 -0.21938078 -0.38225242
0.06889001 0.14506617 0.00872998
-0.17408116 0.15606025 -0.22847022
-0.01570731 0.19648629 0.37447271
0.21450351 0.16861889 0.28963822
0.21092671 0.20480624 -0.08155303
0.20996366 0.22549574 -0.27012280
0.21021511 0.18403909 -0.36680225
0.02339989 0.22475545 0.35507891
0.19456518 -0.03234960 -0.38852200
0.14687984 0.21755907 -0.17622903
0.19100398 -0.18739928 0.38437477
0.14853717 0.21078506 -0.38642401
0.04048837 0.22070448 -0.28375167
-0.19379948 0.13366032 -0.38855776
-0.20437184 0.22541496 0.02785028
-0.04092958 0.14752445 0.22223026
0.21815003 0.18940091 -0.01361568
-0.15299162 0.22279045 -0.36326575
0.08064354 0.22123469 -0.30789065
-0.06277850 0.15149705 0.11296992
-0.12175035 0.22504546 -0.03596032
0.18714029 0.10605203 -0.37300712
-0.02490541 0.21925503 -0.33475277
0.14423501 0.22563478 0.04547534
-0.14966492 0.22737992 0.29804075
-0.17592454 0.06646752 -0.34078723
0.19948494 0.21495241 0.16209544
-0.04618290 0.21616165 -0.15541740
-0.10056332 0.19174123 0.11689957
-0.01474062 0.18971966 -0.14927192
-0.17679818 0.16488226 -0.19083938
0.08114877 0.13874577 0.17423768
-0.09969163 0.21941200 0.38081601
0.03776828 0.15233733 -0.37973714
-0.18316147 0.22501677 0.34025317
-0.09474975 0.22261088 -0.36445558
0.11858222 0.22135063 0.16022764
0.12879287 0.20503789 -0.38834053
0.04657611 0.13569809 0.24946195
-0.21321428 0.18612018 0.03464130
-0.17736396 0.07976726 0.37917930
-0.17094748 0.03175942 -0.34838554
-0.13147242 0.22037055 -0.05396192
0.12518470 0.22463290 -0.34347212
0.09714390 0.22151874 -0.09892090
0.05426489 0.13845150 -0.12054904
0.07746058 0.12954010 -0.25889802
0.11817975 0.22599155 0.16394016
-0.21720333 0.16692959 -0.29289106
-0.21144719 0.18958594 -0.38406035
-0.19996014 0.22853276 -0.27210486
-0.17122313 0.22578704 -0.20041098
-0.19366910 0.18551944 0.03255492
0.17862751 0.00244250 0.34539637
0.06812544 0.16165373 -0.38183203
-0.06963835 0.22452362 0.18109478
0.21275355 0.09009428 -0.36663425
0.00311892 0.17111127 0.04938300
-0.12762447 0.22603464 -0.28435931
-0.06206384 0.22279127 0.21492392
-0.14901268 0.22906257 -0.14535221
0.21372195 -0.11788543 0.34662884
0.11378225 0.21075809 0.16474980
0.17870796 -0.06267172 -0.38320392
0.16484268 0.14183398 0.30419472
-0.07788073 0.15624054 0.21010944
-0.03639963 0.14962390 0.16026923
-0.08932541 0.23445956 -0.33258590
-0.18260373 0.00794885 -0.38119793
-0.01216542 0.21698327 0.01797850
0.09806147 0.14762065 0.13430324
-0.05575801 0.21597326 -0.37056831
-0.21421009 0.19143589 0.06769481
-0.19510244 0.16259362 -0.11106278
0.09586588 0.21843722 0.04024725
0.17216839 0.09332722 -0.38504192
0.05049782 0.22409172 0.32610199
-0.06370696 0.18404415 0.01387076
-0.21198928 -0.17487989 0.37985080
0.16928400 0.21707483 0.35684377
-0.20014770 0.16356735 -0.19375703
-0.02031080 0.14691451 -0.37781993
-0.20084767 0.15146087 -0.33051047
0.10754415 0.17597480 0.21247247
0.09046207 0.15298574 0.18152116
-0.13084337 0.22726576 0.01175999
-0.01097389 0.14609458 0.37053427
-0.15682620 0.16567001 0.02066750
-0.18617932 0.14550284 -0.15762888
-0.10633504 0.22171791 -0.17293537
0.03292267 0.21231483 -0.22923492
-0.08665387 0.20066854 -0.34029332
-0.03401348 0.18242475 -0.04429217
0.02262423 0.15766075 0.31327891
0.03639971 0.21404725 -0.04872401
-0.11703779 0.17794117 -0.18323058
0.12648708 0.21169955 0.14798482
-0.17270990 -0.11736216 0.38171542
-0.00498876 0.14669465 -0.19458652
-0.09139393 0.22333193 -0.01414149
0.07144406 0.19725713 -0.27382752
0.11662874 0.15909214 0.10776902
0.08805629 0.22242719 0.22619514
-0.16776145 0.22366197 -0.27046925
-0.15162233 0.15091686 0.38695207
-0.05180760 0.21854962 0.13729000
-0.10331818 0.22509640 0.25482702
-0.12971328 0.14803450 -0.15989657
-0.16942690 0.22574136 0.03169483
-0.22145320 0.19414070 -0.33895928
0.00510168 0.18468821 0.12203598
0.11479622 0.14789203 0.05799501
0.06075905 0.22516766 0.20807508
-0.21212128 0.18138750 -0.21951601
-0.21064745 -0.14126869 0.34471375
-0.07203218 0.21600185 0.00603240
0.20953846 0.18969518 0.33473602
-0.19062588 0.22372545 0.38667122
-0.18314654 0.22743842 -0.35555911
0.15157931 0.16756968 0.33980873
0.20886101 0.12727723 -0.37479830
0.06802201 0.21807444 0.25737238
0.05474400 0.21429768 -0.24351209
-0.17533836 -0.09054347 -0.36057058
-0.19608070 0.10381947 0.36061689
0.21343274 0.22298764 0.11791907
-0.18250245 0.01353073 -0.38271460
0.03126370 0.13581055 0.08369960
0.02187317 0.22346486 -0.15625045
0.10227682 0.17901045 -0.08481109
-0.19274838 -0.13606524 -0.34242249
-0.13861394 0.14868450 0.19580789
-0.01136509 0.15509313 -0.22953202
-0.20405930 0.22181758 0.09282333
-0.18877603 -0.00782057 0.38409540
-0.21826760 0.15491344 -0.33367732
-0.08093947 0.21647748 0.16608854
-0.03898902 0.18851894 -0.33885112
0.12990107 0.22384217 0.11412081
0.01659109 0.17498268 -0.06278689
0.02519175 0.18349442 -0.26022038
-0.02840886 0.15892306 0.34029415
0.21690406 0.16958378 0.19329956
-0.19869444 0.17394450 0.21948244
0.19959594 0.22672313 -0.27948165
0.04561200 0.22163573 -0.31930211
0.06011928 0.21706071 0.11754900
-0.03269375 0.22209811 0.01017087
-0.01593873 0.20964134 0.09221486
-0.21140367 0.17560439 -0.36879984
0.10631490 0.21327350 -0.19294433
-0.21472965 0.16434416 0.15035084
-0.19509311 -0.03269561 -0.38686031
-0.03663229 0.18279532 -0.04489993
-0.18075536 0.14271317 -0.24303301
0.13242932 0.22332928 -0.30003101
-0.15278570 0.13915890 0.37131605
0.11452223 0.21813558 0.33714330
-0.19176394 0.20716138 0.14030343
-0.02517868 0.22072071 -0.26860508
-0.20750143 0.18587501 0.13121437
-0.08382829 0.18490997 0.08528677
-0.19492869 0.22936295 0.17098194
-0.06096027 0.23299725 -0.11160523
-0.11673565 0.15829559 -0.34244350
-0.18758601 0.15976968 -0.02949416
-0.21864507 -0.19828179 -0.35284677
-0.19766834 0.23073079 -0.35309711
0.21267553 -0.13644353 -0.37704614
0.21826881 -0.13476253 0.36075968
0.17247254 0.23270750 -0.33293244
-0.02719447 0.14096196 0.07425366
-0.21595141 0.02713623 -0.36716506
0.08830059 0.13091612 0.08607136
0.21312797 -0.12917493 -0.36584049
-0.14015888 0.17499121 -0.18507403
0.20337564 0.14891303 -0.12352267
0.17000887 0.16869752 0.14348836
-0.17320049 0.15250610 0.26112974
0.06442923 0.16505083 0.01779366
0.21170171 0.11382087 -0.34058610
0.01423182 0.22538477 0.36847934
-0.03634871 0.15718669 -0.13892753
-0.20730312 0.19193396 -0.03482041
-0.06631897 0.22586288 0.14886308
0.07968598 0.22563559 -0.33204013
0.18448941 0.23118730 -0.28704837
-0.02087227 0.18190849 0.38850534
0.13758029 0.14932600 0.29295594
0.02579491 0.21707483 -0.24390996
0.05405072 0.16621399 -0.34003043
-0.16665833 0.20193520 0.38366318
0.04151621 0.21813449 0.02289404
-0.12500773 0.21917352 -0.10609058
-0.21672539 0.09092855 0.37980032
0.12878373 0.12997229 -0.22626100
-0.18556960 0.22562671 -0.16841124
-0.04373521 0.14942701 -0.29102033
-0.21404953 -0.14135394 0.35169813
-0.08188282 0.16010955 0.34562677
-0.13695276 0.20732221 0.10103658
0.20079927 0.22780587 0.30989999
-0.19267720 0.21647562 -0.06777176
-0.18361631 0.22139882 -0.32915726
-0.18655171 0.22959897 -0.14070615
0.18925709 0.14511827 -0.24897236
0.03584193 0.14489959 0.36127850
-0.18967742 -0.04648886 0.34599239
0.21585438 0.16809919 -0.29338443
0.13473243 0.15947080 -0.01163691
-0.10049639 0.20960636 -0.05603150
0.11498644 0.15491167 -0.17261119
0.05876299 0.21445166 0.10272841
-0.10317578 0.19325173 -0.22639725
-0.05971120 0.22685018 0.37380192
-0.11925039 0.22313605 0.03948759
-0.10255345 0.16101760 -0.38826546
0.14629653 0.18073630 -0.39214715
-0.21635841 0.17453110 -0.13662544
0.06640528 0.17231634 -0.38711303
0.21274655 0.20590267 -0.13425373
0.11996744 0.14169902 -0.13497233
0.11759627 0.13976754 -0.14017326
0.11118191 0.22404113 -0.29655102
0.01343541 0.22008218 0.03215011
0.19251013 0.15603547 -0.10353148
-0.10555118 0.15152898 -0.28064683
0.17420685 0.21398185 -0.02095391
0.20775993 0.15004353 -0.17810372
0.01629672 0.21896060 -0.22976136
0.09690470 0.22249559 -0.34053594
-0.21440822 0.07272071 0.36098298
-0.08672322 0.22829473 0.37677097
-0.17075707 0.18584588 -0.36253166
-0.18179710 0.22920726 -0.17220199
0.20488535 0.14709461 -0.33055282
0.04604772 0.21566415 0.07558700
0.20204750 0.22310576 -0.16107716
0.08604857 0.12914233 -0.10419113
0.14147842 0.22772679 0.21541849
0.18355183 0.16406606 0.36775169
-0.00473490 0.16777152 0.25056535
0.16000713 0.22007816 -0.10611328
-0.18383272 0.22691992 0.25454998
0.00350551 0.19182402 -0.08793703
0.17088546 0.22140637 -0.24308556
-0.17636366 0.14025657 0.32037109
0.14641954 0.22503865 0.28034016
0.18897556 0.22909251 -0.25906774
0.02003294 0.21746068 0.18325266
-0.15521246 0.12511577 0.34332690
0.03090721 0.19177388 -0.21384591
0.21910390 -0.04621156 0.36244899
0.21100508 -0.12693633 -0.37479165
0.18579434 0.05835187 0.34847164
0.01127501 0.15474094 -0.31019136
0.09372738 0.21263942 0.25190869
0.20279916 0.15327321 -0.35537064
0.19283985 0.10434528 0.32622102
-0.19313556 0.16084006 0.32503760
-0.06598737 0.22267744 0.01204284
-0.21497503 0.18777415 -0.21321298
-0.21094497 0.17556101 -0.00456941
-0.21787539 0.17201310 -0.24625182
-0.08851500 0.17770262 0.29794937
-0.02918273 0.20499651 -0.38741651
0.04175714 0.15699859 0.34725302
0.20940684 0.21026298 -0.34964854
0.09872342 0.14948918 -0.15149079
0.20867147 0.15593642 -0.21400161
0.06751630 0.21899983 -0.04807798
-0.21584131 0.22226070 0.04798002
0.09118652 0.21186720 -0.33044001
-0.15734009 0.15467204 0.16638528
-0.18810290 0.16992240 -0.37933296
-0.14802441 0.15544850 0.10939616
-0.16844931 0.22938244 0.02421501
0.13042860 0.20720282 -0.23339483
0.03730691 0.20832562 0.10413841
-0.06629009 0.21466681 0.23397052
0.14700229 0.16235290 0.35822165
-0.19444370 0.18968727 -0.06803677
-0.10622535 0.14228757 0.16426538
0.12170875 0.14467001 0.19212195
-0.17524999 0.16509275 0.20074517
0.18993008 0.15045601 -0.06807224
-0.21029535 0.21622959 -0.23351665
-0.19914548 0.23122858 -0.21883568
-0.07268062 0.14463294 0.02057715
-0.04885884 0.20798630 -0.36801296
0.01313862 0.14944677 0.26824996
-0.03279446 0.15410572 -0.37724584
-0.01220729 0.13778138 -0.16638336
-0.17508362 0.14600599 -0.07396191
0.11461402 0.17598507 -0.39169443
-0.09160627 0.16370675 0.34078273
-0.01515005 0.14476149 -0.12273607
-0.10804232 0.19790527 0.38189557
-0.05076713 0.20133008 -0.21583337
0.21046297 0.16743162 -0.18798769
-0.20660360 0.17547880 0.04245446
0.06632848 0.14494509 0.37091556
-0.06865710 0.17981234 -0.38530448
0.10003265 0.14239927 -0.31554735
0.07148673 0.15543664 -0.20337643
0.00527559 0.21861823 0.03155167
-0.02089823 0.15843086 0.37066230
-0.05306030 0.21942934 0.17225429
-0.18139578 0.08849923 0.37973949
-0.21460545 0.19792844 -0.23154177
-0.09141216 0.18800497 -0.38376993
0.09185182 0.20120865 -0.22710954
-0.06736704 0.15226884 -0.28229922
-0.19222063 -0.07861775 0.38802892
0.01254601 0.22168724 -0.11296789
0.14210208 0.23170713 -0.34453359
-0.16380544 0.16220717 0.31705573
-0.03230947 0.21751319 -0.33893606
0.06361303 0.15123186 0.34496778
0.21273951 0.02416210 -0.37514526
0.14536202 0.14556320 -0.38956538
0.17588355 0.17808893 -0.35655776
0.18431103 -0.09912725 0.37399888
0.17087524 0.21728560 0.23528831
0.03153470 0.14505689 -0.12171444
0.15426971 0.20844926 -0.03495320
-0.12126867 0.14457460 -0.37522224
0.02604778 0.22127302 0.21873659
0.19675085 0.22995652 -0.33529371
-0.09283216 0.14195409 -0.05309365
0.19241534 0.07470108 -0.38242650
-0.05850634 0.22937419 0.26402536
0.21605387 0.14548366 0.29986393
-0.12899542 0.19765756 0.15851828
0.09184571 0.21470457 -0.35363525
0.19162911 0.01847225 -0.38366863
-0.15942883 0.15562516 -0.14949164
-0.21327165 0.19947030 0.30292806
-0.14007612 0.22285877 -0.08640985
0.07175058 0.17501175 0.25880304
0.16488703 0.21587288 0.34998479
-0.21859422 0.05376478 -0.34712443
0.10345718 0.21861207 -0.20820147
0.09497669 0.14862429 -0.04601958
-0.11990021 0.22142231 -0.22101875
-0.20073389 0.01029987 -0.38756892
0.19822335 0.15636879 0.15420993
0.08605380 0.21216871 0.37818512
-0.16752495 0.22718674 -0.04358128
-0.17044047 0.23014550 0.09369579
-0.20919287 0.15754884 -0.24060786
0.10587025 0.22902517 0.30768943
-0.04296183 0.22694348 0.32211399
-0.20456003 0.17010431 -0.34403273
0.05459449 0.15662843 -0.29877463
0.15036668 0.14006352 -0.01145392
0.15751554 0.20377606 0.08646698
0.08442813 0.13299645 0.23885229
0.04492856 0.15747783 -0.16842267
-0.17377362 0.18774685 -0.07587780
-0.18835098 -0.11063210 -0.38493741
-0.00726885 0.22213621 0.20280930
-0.01772152 0.22010127 0.26389953
0.21343075 -0.11553333 0.34242672
-0.18764681 0.15801719 0.27532810
-0.18128464 -0.21846099 -0.37389797
0.11993632 0.14924166 0.21474358
0.05109719 0.14561307 -0.13918291
0.03551118 0.22886680 -0.31093830
-0.15219799 0.15670986 -0.17830586
-0.17441097 -0.17014860 -0.37905648
-0.09500529 0.14774573 0.04856405
0.13011895 0.22992206 -0.03459683
0.01820866 0.21776274 -0.15690559
-0.10591375 0.22687070 0.16116846
-0.13497059 0.14634854 0.25152168
0.11585343 0.12847102 -0.00516451
-0.16838002 0.22406770 -0.23798396
0.16855341 0.15077822 -0.30917135
-0.18641141 0.21591644 0.08648352
0.07783352 0.18720856 0.00182301
0.04811154 0.22687082 0.30400783
-0.00377354 0.14724861 0.00271953
-0.08016223 0.19952816 0.01478806
0.19526596 -0.02905951 -0.38502625
0.22309189 -0.05020026 0.35732380
-0.16107599 0.13272050 0.33151954
-0.21714579 -0.13810991 0.35636824
-0.15260834 0.19470701 -0.34665719
-0.16748777 0.20317455 0.08112456
0.14075914 0.19158418 0.37913957
0.21266377 0.10543174 -0.35956469
-0.00372744 0.14594117 -0.37045720
-0.03763641 0.13890526 0.05059214
0.19408360 0.20910382 -0.38870603
-0.16427603 0.22693510 -0.07487507
-0.20662339 -0.14240232 -0.37683347
-0.00315114 0.21943799 0.01066567
-0.05425576 0.21960080 -0.25235289
0.00848129 0.15966976 -0.29324573
-0.00735460 0.21357596 -0.31316480
0.21349667 0.15170290 0.29071841
0.11345351 0.20149866 0.15488519
0.21042545 0.16395248 -0.23099223
-0.02804867 0.22259705 0.29090905
-0.15108214 0.22749032 0.21851783
0.00681626 0.22043391 -0.30476812
-0.11762331 0.14717895 -0.00305674
-0.09145655 0.20915292 -0.10632492
0.13805942 0.21825512 0.09743076
0.05869049 0.14998381 0.20583418
-0.13398188 0.22817251 0.12913023
-0.20615833 -0.17582871 -0.37914008
-0.14335784 0.21696188 -0.26291019
-0.18287243 0.14426211 0.24646761
-0.13567668 0.22697611 -0.08063024
-0.06093989 0.21923731 0.38381988
0.06735004 0.21457842 0.17780337
0.20889722 0.15926449 0.07591159
0.08409493 0.15550302 0.16753390
0.20796268 0.15155137 0.38042957
0.16116413 0.21016783 -0.30873021
0.20143002 0.20839709 -0.20436972
0.17274463 0.12100112 -0.39013350
-0.15657644 0.22523715 0.34258476
-0.00572534 0.16522352 -0.35596371
-0.09122196 0.12733082 0.37343216
-0.16183317 -0.03611476 0.35345453
0.17117667 0.16207366 0.37071925
0.03156292 0.22462703 -0.11832898
-0.18936720 -0.11305034 0.34640574
0.17409012 0.21558043 -0.36444828
-0.15814801 0.21047211 -0.14181556
-0.15411948 0.22995570 0.31114992
0.19469711 -0.06293333 -0.38698483
-0.15154453 0.21701850 0.07242591
0.21184357 0.22456753 0.15551458
0.09033637 0.15475427 0.18570922
0.21106873 0.19097228 0.10947567
0.00241036 0.22067526 0.23775183
0.10659808 0.14947282 0.02100431
-0.09598397 0.22386208 -0.10886945
0.13069944 0.22633865 0.10454547
-0.18161824 0.22641347 -0.33659515
-0.21571021 0.17313357 -0.32225439
0.20406298 0.07937381 -0.36630797
-0.11450330 0.22520527 0.32738739
-0.17219043 0.02201336 -0.36368588
0.05481539 0.18334316 -0.35456434
0.10655562 0.22344384 0.32473627
-0.21682875 -0.20221010 0.35395250
0.02757734 0.22014959 -0.29829401
0.11093037 0.13021387 -0.07581473
-0.11347546 0.15525457 0.01184728
0.20914613 0.13332267 0.27370986
0.11121881 0.12963867 0.14032458
0.21460463 0.15717080 -0.11014251
-0.09123392 0.21906652 0.24300779
-0.03064026 0.16405311 -0.38329864
0.04460207 0.22566259 0.23779935
0.11522032 0.20238623 -0.30278191
0.12329669 0.21282136 0.02147896
-0.06790659 0.17875923 0.38385728
-0.14072236 0.22302912 0.27299583
-0.16653246 0.22801924 -0.01953290
-0.07742854 0.22008418 -0.21190113
0.19141819 0.15088436 0.12038538
0.16033217 0.16582951 0.36729884
-0.18198399 0.23113047 0.05325838
0.18068305 0.15783153 -0.17335446
-0.09656290 0.17746745 0.23375016
-0.21307957 0.21492806 -0.19825684
0.09689802 0.15157044 -0.27145237
0.10898566 0.14376627 0.34131134
-0.00354037 0.17265843 0.37892798
0.03268655 0.22143123 0.09818122
-0.21670561 0.17478916 -0.23377420
-0.21727745 0.19361939 -0.34984225
-0.05990688 0.21371093 -0.19088009
0.11234997 0.14296204 -0.27143243
0.09870158 0.21164019 0.03601407
-0.03570576 0.21731906 0.03575596
-0.06932127 0.20274542 -0.02328854
0.20880175 0.16221215 0.03060166
0.21276939 0.20981327 0.00484811
0.00822693 0.21842684 0.11993915
-0.17606834 0.19930895 0.06996252
-0.18680783 -0.06570034 -0.38510638
0.11096517 0.22690934 -0.34793839
0.14618225 0.14191277 -0.08069474
-0.00060011 0.21026976 -0.37446386
-0.16935031 0.23068064 -0.11293405
0.02906440 0.14932758 -0.07047511
0.07185403 0.19132428 0.09404426
0.17662320 0.22244965 0.24909687
-0.07610322 0.23048040 0.28324297
0.19902813 0.17280795 0.19860856
0.20972157 -0.03866551 -0.34295946
-0.18516141 0.21752718 -0.11387626
-0.14532638 0.17820424 -0.17065018
0.20661929 0.09172192 -0.38384366
-0.21598569 0.15485686 0.31833547
0.10456655 0.22100951 -0.14498907
-0.00762876 0.15562338 0.08433402
0.19969983 0.20328020 0.36691082
-0.21284159 0.17928679 0.25125271
-0.07632424 0.20692378 -0.04754347
-0.06875747 0.20498189 -0.14771333
0.14004381 0.21345703 -0.06977315
-0.21307938 0.13921772 0.36261898
-0.03188758 0.21569069 0.08622684
-0.03266217 0.20600659 -0.00778981
0.12643275 0.15234712 0.07831807
0.10791142 0.17072405 0.38754055
0.18957031 0.20778167 0.28892887
0.20635745 0.12769692 0.35795444
0.18644568 0.20438328 0.18736914
0.21573336 0.00592017 0.35007647
0.00321873 0.21612799 0.38124517
-0.21500167 -0.00018339 -0.36099449
-0.00470244 0.16658799 0.27079958
0.00039997 0.21936610 0.00602530
-0.21613036 0.04076783 -0.36888492
0.16325775 0.22615045 0.36478955
-0.08079953 0.21645488 -0.23867872
0.16149911 0.13952106 -0.02752475
0.18771501 0.11892414 -0.28467065
0.15255126 0.11238929 -0.13368034
0.21796863 -0.00349679 -0.33560079
-0.15769564 0.23121972 0.27603823
-0.04761853 0.15976691 0.16887829
-0.18119133 -0.23203801 0.37331671
0.06887558 0.21350944 -0.20829198
-0.21650705 0.13667756 -0.38751444
0.08110614 0.21174707 0.22731683
-0.08398493 0.21988355 0.20778966
-0.09353882 0.23046288 0.20038944
0.07189658 0.14360702 -0.26893288
0.21268384 0.18561688 0.19771796
-0.19020693 0.16803506 0.33622560
-0.21593389 -0.09290534 0.35461691
0.04252776 0.21090101 0.37748069
0.14494079 0.15915290 0.20641862
0.07015906 0.21725366 0.06680027
0.20653476 0.13710882 0.36810750
0.02421346 0.21862110 -0.11401714
-0.21583442 0.22034171 -0.18029034
0.17100413 0.16443014 0.21733892
-0.04421084 0.21678087 -0.11387321
0.00726760 0.20536633 -0.26788870
-0.02340322 0.18037248 -0.13250385
0.14236191 0.22600731 0.33161503
0.20812075 0.12140889 0.29486623
0.15760656 0.21372159 0.28073454
0.00249998 0.15609182 0.11361670
-0.21668576 0.19779806 -0.09834799
0.20871286 -0.19767319 -0.36880246
-0.02232427 0.21937789 0.22969921
-0.17166935 0.15362895 0.04535399
-0.04059673 0.16074748 -0.20610166
0.18081163 0.14475983 0.04595466
0.21080095 -0.15354003 0.35827413
-0.07709409 0.22473907 0.25650802
0.03631685 0.15002465 0.05010487
0.02150128 0.18337940 -0.05094075
-0.05947561 0.21221314 -0.30963054
0.17388971 0.11224410 -0.33922958
0.11945908 0.17766784 -0.35070631
-0.14950185 0.22613625 0.07236725
-0.19909176 0.22782248 -0.31334087
-0.21023205 0.17115644 0.27578831
-0.21743189 -0.14322686 -0.38082105
0.05446542 0.15008388 -0.38059458
0.04834285 0.21520726 -0.21289147
0.08103124 0.21835503 0.28942326
-0.21848525 0.18922171 0.28618822
0.21265021 -0.21676148 0.37761202
-0.20180707 0.12102716 -0.33070084
-0.04666739 0.21986535 0.12137673
-0.21167408 0.20024908 0.38900340
-0.09081704 0.22452600 -0.21562274
0.07657109 0.19393069 0.13432717
0.17445028 0.22293980 0.29187009
0.13149059 0.22217931 0.35811114
-0.04499135 0.22221854 0.05848537
-0.02049641 0.14856844 0.36965132
0.22185051 0.07617202 -0.37859058
-0.12608829 0.17929712 0.05093331
-0.07802126 0.21581014 0.10685020
-0.04344587 0.21902493 0.34612006
0.00404157 0.16474769 -0.11117818
-0.07830630 0.21545509 -0.23908322
-0.18976523 0.21591456 -0.32336411
-0.16083243 0.22316800 -0.23626286
-0.13017845 0.22387716 -0.18692327
-0.06805263 0.22425824 -0.37922391
-0.20537676 0.15676565 -0.23068196
-0.11540186 0.14028996 -0.33455738
-0.05613154 0.19313815 -0.17331374
-0.21718132 0.11760791 0.37877414
-0.16525990 0.20232056 0.03174563
-0.21193488 0.16282578 0.19495831
-0.10202450 0.21917905 -0.13330814
0.16014987 0.22080874 0.24321927
-0.07317823 0.22017336 -0.24650368
-0.16565879 0.07324177 0.34667197
-0.03172667 0.21267705 -0.17665967
0.18954769 0.17662147 -0.32119551
0.06558285 0.21234410 -0.09418824
-0.00973167 0.14460339 -0.08018167
-0.02666033 0.16590898 -0.37924841
-0.17494147 0.21002579 0.21690419
-0.11070404 0.22971472 0.37815320
0.14756167 0.22983256 0.26266611
-0.15213215 0.22663559 0.32562020
-0.01224655 0.15475610 0.17369685
0.02260578 0.19590276 -0.00799114
0.19605888 0.12239214 -0.25730249
0.02361108 0.18704341 -0.12030467
0.08768697 0.21598823 -0.19618939
-0.05227378 0.22110505 -0.23533243
0.01206415 0.21939188 -0.07070481
-0.09348924 0.17043269 0.09031801
-0.20795175 0.17876670 -0.09067415
-0.21383478 0.17840721 -0.02572532
0.00142549 0.22184701 0.09692466
-0.14687726 0.22418921 0.23686895
0.06581146 0.22388460 0.33256453
0.19133390 -0.13098308 0.39057693
-0.06058254 0.16411859 0.35045701
-0.14089908 0.17778228 0.34466386
-0.08169203 0.22380267 -0.23050706
-0.05011219 0.21188746 -0.18493173
0.17111813 0.22269471 -0.14807369
0.01402271 0.20535012 -0.03581582
0.01456363 0.22275378 0.29207301
-0.02487434 0.16363974 -0.35542423
0.07608324 0.22192681 0.19963348
0.06047299 0.22085948 0.13916872
-0.18700436 0.22571592 -0.03480197
0.10459409 0.21922150 0.02837957
-0.18054636 0.05685714 -0.37714696
0.14490071 0.14603370 -0.26761806
0.05043771 0.22074933 0.13608536
-0.20034301 -0.19318189 0.37605253
0.18322451 0.21554099 0.16818377
-0.12653078 0.22371556 0.17376718
-0.19861963 0.17504871 0.00447121
-0.07726887 0.13807638 -0.19417332
0.00012884 0.22285366 0.18926167
-0.12342099 0.22901702 0.38549539
0.20086215 0.18327582 0.34461582
0.08717415 0.21514343 0.36845487
-0.08866151 0.16093357 -0.33436480
-0.21846594 0.15710604 -0.22843994
-0.03392749 0.21591765 0.15196972
0.01460415 0.21126164 -0.01679961
0.14552046 0.12776965 -0.37336391
0.20104764 0.22843219 0.03435209
0.15025254 0.16854908 0.21183667
-0.17611156 0.18633740 -0.35140115
0.12804484 0.14670882 0.30533046
-0.17881463 0.23020755 0.02829762
0.21026354 0.11434606 0.37073767
0.13004585 0.20510557 0.16821413
-0.21288142 0.18929575 0.20964077
0.13524526 0.21565822 0.25652778
0.01033652 0.22173940 -0.24970412
0.20566389 0.19431783 -0.32635665
0.11355844 0.16632110 0.31664234
-0.19506459 0.16565232 0.29607216
-0.21285896 0.18134990 0.24485914
-0.11720334 0.16202982 -0.33526611
0.21364148 0.22702578 -0.28555733
-0.05066808 0.21846747 0.37172860
0.08184031 0.17526872 -0.35146585
-0.05076080 0.22140066 0.38507193
0.17972045 0.13380556 0.33803299
0.20698722 0.21765521 -0.26006314
0.02981600 0.15425031 0.18045723
-0.08305366 0.15153386 -0.04800815
0.02800967 0.19110747 0.03476337
0.07125568 0.13301420 -0.26414394
-0.18681306 0.18806216 0.35389686
0.19575541 -0.16792847 0.38837883
0.15638508 0.12459347 0.35735917
-0.18389210 0.14627583 0.27989075
0.12069928 0.20798066 -0.00347522
0.20792581 0.13677469 -0.38474283
0.16878897 0.14729652 -0.27867126
0.20140348 0.15968190 -0.19067565
-0.17158224 0.18127762 -0.16467693
0.17594099 0.20790410 -0.16233355
0.20152485 0.22499472 -0.19694400
0.15650576 0.14564517 -0.32820138
-0.08716678 0.21906142 0.13417733
0.20606728 0.14804465 0.14566033
-0.21042168 0.22437979 0.27790338
0.10892674 0.15824358 0.28961167
-0.02443535 0.16906527 0.11357768
-0.13968258 0.16071115 0.38890341
0.18772475 0.14122468 -0.01075229
-0.08198041 0.21975277 0.04791432
0.04078718 0.21739393 -0.29994413
-0.15813677 0.16433558 -0.15485652
0.14438723 0.15525347 -0.36157310
-0.03226544 0.21505010 0.00239774
-0.18051586 0.22609298 -0.10723075
-0.05522318 0.22534864 0.33221376
-0.08261231 0.21811457 -0.10324661
-0.16064948 0.11248738 0.32059199
0.03986955 0.17613612 0.38192877
-0.16624478 0.09721024 -0.35733595
-0.10363961 0.22296989 -0.29925072
0.07204172 0.18415499 0.18499579
-0.03440442 0.14826190 -0.32787585
0.18637148 0.14195096 -0.34219441
0.17986318 0.13311672 -0.08869602
0.01662875 0.15130904 -0.21509211
0.17206866 0.22465618 -0.27593273
0.21235511 0.20544802 0.10992731
0.00596539 0.21545573 0.00265205
0.09477396 0.22963418 0.11396849
-0.07714941 0.21620280 0.19050707
0.14560206 0.13990507 -0.02373350
0.21620834 0.15549682 0.24936898
-0.19848408 0.15767860 0.04497933
-0.13076651 0.19464259 -0.27294788
0.10692396 0.22326133 -0.38277966
-0.21752296 -0.19786806 -0.35390717
0.20785002 0.20088129 0.27984497
0.19182143 -0.21177576 0.35302743
0.20629719 0.14993881 -0.20526819
0.20210591 0.22642867 -0.18897806
0.10746468 0.21728337 -0.24464050
-0.06744650 0.22536460 0.36848798
0.07789743 0.17676279 0.37349752
-0.04530606 0.20609367 -0.38179448
0.20520657 0.15552960 -0.35915929
-0.16808288 0.15921032 -0.00010214
-0.21171448 0.18553129 0.37052920
-0.18470411 0.18195131 -0.09209520
0.07702241 0.22301425 -0.38632968
-0.07001518 0.14782652 0.11396562
-0.00086208 0.15879405 0.36628678
-0.18675393 -0.18049660 0.38646942
0.21436350 0.09994898 -0.34820959
0.18983422 0.16314852 0.06299129
0.20649378 0.14651862 0.20561746
-0.00754287 0.14541924 -0.22017352
0.11145894 0.14176491 -0.28973839
-0.00652983 0.21905614 0.20337516
-0.19082516 -0.14887853 -0.34446812
-0.02965647 0.21907672 0.23343833
0.11442171 0.14166868 0.18096526
0.16792248 0.15622070 -0.00726895
-0.00950885 0.14426135 -0.06244455
0.21308096 0.16826412 -0.07864860
-0.15298165 0.22292684 0.16288555
-0.21664040 0.11345622 -0.39273840
-0.07701208 0.14255778 -0.33777979
0.15478110 0.21501411 -0.00983337
-0.14118892 0.22229935 0.30610442
-0.19340378 0.15817571 -0.16054550
0.17758489 0.18319055 0.38056844
-0.02343890 0.22086343 0.12118839
-0.02287290 0.22853225 0.36346453
-0.21439633 0.17523673 0.33670121
-0.03996850 0.22055691 0.32774743
0.14441027 0.22181682 -0.05154395
-0.19887251 0.18692729 0.09258755
0.15765351 0.18076052 0.00757660
0.02370249 0.21684156 0.35192615
0.01819467 0.21264648 -0.13311851
0.07829759 0.22250837 -0.32527438
0.13665837 0.21908437 0.21690793
-0.19706202 0.14799552 -0.23587891
