0.22339080 0.11984418 -0.22078124
0.05236276 0.03359524 0.32228529
0.19123827 0.12058817 -0.23612709
-0.08684000 -0.01519673 0.23066492
-0.14982785 -0.09794824 0.30425414
-0.27756840 -0.07545882 0.21811758
0.21017618 0.14560972 -0.26692599
0.20405495 -0.14603329 -0.33222049
-0.25699285 0.08966728 0.17141165
-0.25136855 -0.15423791 -0.17558399
0.09701172 -0.14076759 -0.31842130
0.26149228 -0.12238581 -0.15130018
0.22874154 -0.15690640 -0.28504243
-0.28387362 -0.16052406 0.25987345
0.09439570 0.09904633 0.15712793
-0.20205395 0.12792470 0.34623960
-0.25345892 0.11419652 0.30536637
0.04560918 -0.10162526 -0.28963858
-0.30289876 0.15101708 -0.27163815
-0.12996453 -0.17892730 -0.29631257
-0.06650065 0.03777555 0.31465876
0.23971841 0.10714582 -0.32110059
0.26715109 0.04332524 -0.28158501
0.14670186 -0.08902583 -0.16217472
-0.23971970 -0.06103443 -0.17991015
-0.21475773 -0.15087938 0.23801251
0.03241436 -0.16902193 -0.27546746
0.23703259 0.03077379 -0.33029857
-0.26227164 -0.14032327 0.17520799
0.06502574 -0.05702452 -0.24607305
-0.16784135 0.04773410 0.27197760
-0.23838095 0.12739471 0.10053374
0.01192029 0.12000559 -0.33115074
-0.29426616 -0.13987336 -0.25101203
0.29482979 -0.08141546 -0.30180743
0.08333231 -0.15950969 -0.25129452
0.01264034 0.07418902 0.31727698
-0.00187145 0.15179189 0.29606396
-0.01293439 0.13712324 0.21467134
0.20210084 -0.08183307 -0.14411351
-0.16472124 0.11351767 -0.27220997
-0.17300305 0.14296204 -0.31950045
-0.29105559 0.11137983 0.27137452
-0.04017825 0.00821822 0.21105543
-0.06014965 0.14396398 0.21413061
-0.29008922 -0.08110128 0.20570582
-0.28543270 0.00851230 0.18725990
-0.05290166 0.11794113 -0.22835995
0.11685597 0.08739925 0.16387518
-0.20764330 -0.08655569 -0.31954077
0.02033555 0.05228437 -0.32940316
0.18583609 0.13969725 -0.20669246
-0.07878793 0.16369097 0.22058958
0.01054799 0.01924181 0.16388488
-0.19011211 -0.17613749 0.30329382
-0.27261370 0.01618300 0.27598804
-0.28319594 0.13157497 -0.30312857
-0.16113074 0.11624743 0.26782909
-0.14531305 0.03019648 -0.32495916
0.13531134 -0.03170017 -0.22304420
0.02090889 0.13826634 -0.31164160
-0.09503609 -0.00680357 -0.17462891
0.30682862 0.11836351 -0.29646519
-0.27186060 0.10177594 0.09707394
0.28530195 -0.09058621 -0.20176052
-0.05617297 0.03332097 -0.22241725
0.13673182 -0.15789014 -0.31496751
0.06771334 -0.12809210 -0.32339278
-0.28306308 0.08274150 -0.31082791
0.03528427 0.12205406 -0.10390805
0.15215662 0.08910538 -0.04606908
0.08414352 0.08301037 0.20454642
-0.29451525 -0.07507963 -0.25630143
-0.22703885 -0.05246404 -0.22453238
-0.24880674 -0.18263680 -0.27237153
0.28275290 0.09512541 -0.22614121
-0.06165476 0.13808157 -0.22256336
-0.23098166 0.14796175 0.30264124
0.17133708 -0.09474894 -0.11038341
-0.17902485 0.12275209 -0.11005913
-0.27952638 -0.08278252 -0.14562975
0.13617012 0.13141751 -0.23464549
0.12083732 0.10445542 -0.12271053
-0.03936767 0.11221005 0.24556643
-0.23604769 0.10513944 -0.30397034
-0.26157531 -0.10272330 0.22227414
-0.11485317 0.01152934 -0.33313739
0.18932033 0.11771188 -0.20755523
-0.25239563 0.15842900 -0.10549786
-0.23663868 -0.18146589 -0.26154119
0.20441172 0.09055373 -0.23409232
0.05915347 -0.04321115 0.30222708
0.26045990 -0.05870114 -0.03877516
-0.03134791 0.14169805 -0.05610894
-0.18034984 0.07029047 -0.19637108
0.03308147 0.02990849 0.29715160
0.00600310 0.09777915 0.07874610
0.02966407 0.13539323 -0.08889105
0.22583912 0.09213184 -0.33717269
0.15956305 0.07451655 -0.30590907
0.06421566 0.11854494 -0.21969540
0.07395245 0.15956956 -0.17948015
-0.17307074 0.13858666 -0.23119058
0.11989599 -0.09442846 -0.30836663
-0.07814100 0.01147281 -0.19155553
-0.26800799 0.10832391 0.19310129
0.22164288 -0.10334706 -0.22616293
-0.02432087 0.11198559 -0.12543340
-0.26755598 -0.02030537 0.15143205
0.00284272 0.15871233 -0.31132922
0.12032879 0.03468702 -0.25366059
-0.01183874 0.09397515 -0.32507950
-0.20399021 -0.18710825 -0.30552027
0.27089095 -0.12297861 -0.18577030
-0.17441455 0.14785792 0.11651387
-0.23430631 0.11223920 0.33259505
0.26281521 0.07778697 -0.11377536
-0.06731183 0.14075425 -0.22714916
-0.01068607 0.13504857 0.28956670
-0.23018096 0.13447565 -0.09540454
-0.18412407 0.15266809 0.25444540
-0.12058981 0.15028003 -0.30895007
-0.13283588 0.14413130 -0.01968940
-0.06549925 0.11585364 -0.09880894
-0.09033655 0.15144470 0.31022504
-0.26182958 0.14385495 0.16457613
-0.00871071 0.13126177 0.08304508
0.23800930 0.10294566 -0.24103443
0.06643250 0.13590972 -0.33054107
0.30700815 -0.01291415 -0.23990567
-0.28939444 0.12469325 0.26445675
0.31126782 0.05247607 -0.33275262
-0.20260587 0.15831205 0.22087544
-0.29770893 -0.10383680 -0.08779869
0.27996823 -0.04124531 -0.21760215
0.14585532 0.12829906 -0.21038672
-0.11558692 0.10849039 -0.28426337
0.03795791 0.04956467 -0.26471195
-0.11454448 0.12121489 -0.16204666
-0.24155837 0.03318516 -0.12310052
-0.28242072 -0.17703134 -0.26478505
-0.23928291 -0.00136527 -0.17508696
0.23759972 -0.12083188 -0.20808737
-0.19749449 0.10935912 0.14285251
-0.07561867 0.10233603 -0.33072659
0.10341570 0.02705267 -0.05087402
0.17732492 0.14234081 -0.32110724
0.28330782 -0.11891681 -0.28024694
-0.11357009 0.04263389 0.32520670
0.22880511 -0.02152714 -0.23440360
-0.06685804 0.04051302 0.23474249
-0.03718171 0.04392980 -0.24802835
-0.23272109 -0.05374404 -0.20895097
0.24477577 0.10317044 -0.27518156
0.17695856 -0.02575193 -0.32922944
0.05791146 0.05429767 0.27365357
-0.30035460 -0.06397423 -0.27636963
0.10856950 0.07965748 -0.33172542
-0.08926129 0.15831031 0.17724863
0.05953214 0.08757092 0.28570187
-0.20309174 0.15337737 0.27831706
0.05042797 0.10474079 -0.29622039
0.27989075 0.14366826 -0.29609954
0.05351278 0.13549988 -0.25123069
-0.16344854 0.04073313 0.28621483
-0.25370401 0.15448076 0.09383836
-0.08418147 0.12480826 -0.06353287
0.24431904 0.05528744 -0.33939821
-0.28921393 -0.06265255 0.08087934
-0.26034659 0.12172121 0.16817529
0.14712054 0.12372763 -0.19005463
0.18796940 -0.04827290 -0.24620126
-0.21615557 0.12475515 -0.27773529
-0.22009936 0.05662743 0.27632302
0.05152391 0.14964241 -0.12943101
-0.08075190 0.11015379 0.04874538
0.04917264 0.02726949 -0.29246810
0.02934441 0.12377705 -0.22900596
0.03799883 0.07929820 0.23499547
-0.13731657 0.12426118 0.22691615
-0.18810852 0.11381334 0.13210918
0.29692298 -0.00779822 -0.28431505
0.26798218 -0.12318285 -0.23329414
0.02108517 0.10705755 0.33247441
-0.20534338 -0.03366300 -0.33118030
-0.26684082 0.11386125 0.17509703
0.16133159 0.11794500 -0.22223613
-0.30304942 0.13525261 -0.07838161
-0.14948231 0.03519004 0.18871464
-0.15405007 -0.17295718 0.30219251
-0.01773255 0.03094403 -0.31747210
-0.29168031 -0.09144627 -0.31129888
0.16438943 0.12711981 -0.21810117
-0.05358304 0.05226514 0.20442484
0.14348364 0.08323850 -0.30474994
-0.29171550 0.04243378 0.22812968
0.26081115 0.04871460 -0.27426139
-0.17959741 0.08819932 -0.18272112
-0.26520619 0.10849367 0.31287929
-0.04566677 0.03436690 0.19368027
0.01364330 0.13957073 0.14585756
0.30324566 0.10940462 -0.25299743
-0.02920969 -0.02690612 -0.32362738
-0.29465854 -0.12062511 -0.30567908
-0.14213772 -0.05489103 -0.31992635
0.05460070 0.03323648 -0.32032648
0.02182372 0.14717826 -0.07583188
0.02243595 0.10045931 -0.17577337
0.19492605 0.06673029 -0.32716584
-0.09858085 0.12100928 -0.06546237
0.29073948 0.10483926 -0.22172911
-0.10439499 -0.00774205 -0.33781469
-0.22892742 -0.07893565 0.16431297
0.14969598 0.14479965 -0.32312712
0.00419602 0.12211712 -0.25002354
-0.28132892 0.11633815 0.17015506
-0.13001399 0.10080576 0.05071899
-0.06052220 0.09015509 0.33989263
-0.25542107 0.07286286 0.11111014
-0.27638978 -0.17106633 -0.26885405
0.11634266 -0.16735385 -0.27619451
-0.20929804 0.12383576 -0.25555122
-0.23918040 0.05441474 0.21460140
0.09969425 0.10237561 -0.13443694
-0.09981942 0.14021581 -0.06122960
-0.29301244 -0.07505485 -0.27823874
0.09958740 -0.02244327 -0.18403976
0.11085729 0.09256822 0.26598495
-0.16756649 0.11853817 -0.27800789
-0.30330479 0.09947272 -0.26778862
-0.24572906 0.02774227 0.14043149
-0.27494803 0.15539676 0.28329477
-0.15693398 0.08421701 -0.00532927
0.26993117 -0.16336671 -0.32726365
-0.07842406 0.15177730 -0.32676366
0.28887108 -0.05447476 -0.23342285
-0.15241900 0.10000367 -0.11130364
-0.13933721 -0.07983285 0.30556047
0.28075367 0.16709766 -0.33974025
0.26274511 -0.12265202 -0.20179702
-0.19238883 0.13842200 -0.22797447
0.22423634 0.08155582 -0.30392581
0.14537300 -0.09619353 -0.24504784
-0.27524614 -0.04060205 -0.31916940
-0.15239973 0.13162698 0.24873437
-0.12199539 0.08474465 0.07715924
-0.11568881 0.04449793 -0.18820798
0.17092159 0.10254946 -0.08350310
-0.13192973 0.10639775 0.26428646
-0.09807421 -0.02591860 0.31502083
0.27935150 0.09375179 -0.14576702
-0.16378039 0.15689448 -0.01497761
0.13611314 0.07122342 -0.16955283
-0.05228001 0.11968364 -0.20438124
0.13248447 0.15389135 -0.31769377
-0.24767826 -0.18886150 0.28974617
-0.22286151 0.01386259 0.31113806
-0.26503077 0.15019098 -0.19828695
0.03657096 0.08578050 -0.04839244
-0.26792115 0.15499978 -0.14538491
0.13139738 0.11957116 -0.21256769
-0.26201379 0.14691049 0.33342281
-0.27116683 0.08818159 -0.30765116
-0.04185327 0.11930370 0.30705443
-0.17666093 0.14442661 -0.34302178
-0.20030718 0.13309427 -0.30048090
-0.05230129 0.13902970 -0.18700719
-0.13728951 0.15690185 0.27315158
-0.13867985 0.14738947 -0.32558030
0.11595187 -0.10789870 -0.28416973
0.29501617 0.08665052 -0.30123720
-0.21517542 -0.01838231 -0.24877106
0.28938004 0.08515171 -0.25305369
-0.22539836 0.13582721 -0.09563424
-0.27752957 0.16047181 0.24897780
-0.18752785 -0.18383721 -0.31791455
0.28130829 0.10004219 -0.29149127
-0.20375615 0.16193354 0.33514324
-0.26907486 0.12245514 0.31505802
0.16701193 0.07548790 -0.32831979
-0.13775277 0.10901155 -0.20445813
0.12842746 0.12593603 -0.34970927
-0.11152177 0.14684656 -0.23788276
-0.23652439 -0.17531821 0.29541704
-0.25581890 0.04232860 0.15455076
0.22330384 -0.04730820 -0.23118679
0.10485927 0.06319720 0.20852232
0.20684111 0.01613329 -0.31767282
-0.10594194 -0.10054944 0.29753363
-0.18210819 -0.00946991 0.30723253
0.27960157 0.12058488 -0.28972059
-0.29453081 -0.09600499 0.26572207
0.19301686 -0.01474435 -0.03693043
-0.14394760 0.04102225 0.32553789
-0.08816913 -0.15313485 -0.32015640
0.06134993 0.09666459 -0.16133118
-0.21342710 0.09786297 0.22401370
-0.29965189 0.14447419 -0.06983700
-0.29753202 -0.09458686 -0.15236811
-0.05850578 0.01621233 -0.07022949
-0.16790390 0.11879209 0.14802274
0.20328341 0.11110238 -0.20893233
-0.14057505 0.12893362 -0.04102016
0.19856167 0.14886834 -0.24957292
0.13240802 0.08261472 0.03532732
0.23378690 -0.02584346 -0.07514061
-0.25538811 0.06232919 0.22091104
-0.29384354 -0.08983837 0.10348861
-0.13777000 0.04952351 -0.32899812
0.30461204 0.11596184 -0.29735896
0.02880453 0.06907665 0.19714826
0.21809648 0.12320249 -0.25561950
-0.20545053 0.13117734 -0.17795095
-0.24258225 -0.14353122 0.24083845
-0.17072305 0.11351493 -0.03028776
-0.07223773 0.10309764 -0.29746491
-0.16106352 0.13192394 -0.13561136
0.22218949 -0.12402460 -0.19757691
0.21161039 -0.11567120 -0.18898007
0.01681937 0.08858383 0.33061653
0.20030490 0.09564961 -0.17258197
0.01570811 0.07090323 0.07684736
0.15230212 0.13627322 -0.29842964
-0.09822434 0.13577314 -0.13287653
-0.02255537 0.02631867 0.25914228
-0.30633119 0.07042399 -0.29323611
0.02772109 -0.03809841 0.26535603
-0.29714939 -0.02382520 0.27329186
-0.29990050 0.14879602 -0.29459360
-0.19462627 0.12735440 -0.00629261
0.03773268 0.14213471 0.00750348
0.02895649 -0.04955808 0.31499177
-0.24460094 0.12515232 0.31108728
-0.06793088 0.13003023 -0.05162394
-0.29409176 -0.15319544 -0.24806517
0.06474644 0.16005945 -0.32781765
0.13514975 0.05862590 -0.14595351
-0.15105590 0.12884150 -0.14275669
0.11368316 0.14210477 -0.28837413
-0.12022294 0.08100461 -0.26913261
-0.30461472 0.12490952 0.18461308
-0.02572211 0.14637516 0.23488459
-0.11170941 0.13548706 0.14372399
0.24387024 0.10936733 -0.27459556
0.15309504 -0.08681367 -0.25869539
-0.29143858 0.04218611 0.14637825
-0.09166163 -0.11201879 0.32425165
-0.19710691 -0.18327755 0.31463930
-0.20517446 0.13612178 0.10225806
0.13456933 0.09827256 -0.00870637
0.19480927 0.11594412 -0.17490005
-0.29865542 0.02973504 -0.21717180
-0.27308735 0.15138972 -0.22941321
-0.30788291 -0.05581956 -0.27594078
-0.18679917 -0.02362064 -0.32483605
-0.11838761 0.12886879 -0.23597999
0.00459720 -0.11683705 -0.22447252
0.21479568 0.09633044 -0.05306860
0.15271875 0.17068657 -0.33649692
0.14341547 0.09940144 -0.18775931
-0.02093010 -0.13364825 -0.30928901
0.03629431 0.09158724 0.31957024
-0.24191472 0.12486137 -0.22693667
-0.28994888 -0.05151588 -0.19110204
-0.19509566 -0.01931759 -0.25355655
0.09952647 0.13162816 0.25180328
-0.15151131 0.07057239 0.26714855
-0.03471218 0.14178281 0.21063080
0.12531818 0.11958942 -0.08182159
-0.05941723 0.06291097 -0.19679305
0.00052216 0.12290125 -0.15926322
0.02755765 0.03810734 -0.21672618
0.28355712 0.13519205 -0.29425940
0.15084904 -0.01218084 -0.02683707
0.21249348 0.09575076 -0.10951272
0.25950038 -0.05648712 -0.04624927
0.18932551 0.04570066 -0.29883417
-0.24991950 0.15466721 0.08351156
0.11899588 -0.06894077 -0.23530400
-0.11884097 0.04942288 -0.24272554
-0.25078964 0.02793828 -0.31789914
0.14244464 0.16914794 -0.32490826
-0.27110687 -0.03594643 0.16798574
-0.28963628 0.01585194 0.25633177
-0.17858940 0.12314401 -0.26368761
-0.18871060 0.10299357 -0.27975568
0.13529733 0.08114680 -0.31981277
0.17544577 0.04427708 -0.22943130
-0.05703506 0.14086983 0.30827332
0.03608785 0.09662173 -0.15557115
-0.26349214 -0.04559103 -0.23388751
0.13599183 0.12189303 0.02598379
0.23810013 0.12021022 -0.22619526
-0.25619492 -0.12216026 0.32180268
-0.15304336 -0.05810287 0.33111262
-0.26873073 -0.02311011 0.31238824
-0.06058615 0.15493861 -0.32812342
0.30115992 0.09003162 -0.27434692
-0.27605444 -0.13398279 0.19660775
-0.03526136 0.06324291 -0.33120394
-0.03490625 -0.09114862 0.31272745
-0.19318077 0.07841276 -0.20817243
0.02281103 0.09585105 -0.27515104
0.26833552 -0.00676698 -0.28288785
0.02934379 0.13774569 -0.27803537
0.08723203 0.08920653 0.11011413
0.31820109 0.13904907 -0.32553515
0.04005340 0.08523578 0.17701036
0.21656851 0.00004529 -0.31081671
-0.21582690 -0.14314103 -0.21097784
0.24496123 0.02291177 -0.29577860
-0.20322302 -0.00830258 -0.31857798
0.08388530 0.12072425 0.08672260
-0.20674643 0.13381790 0.25051433
-0.21720463 -0.09319046 -0.15361960
0.21662390 -0.07631254 -0.15709680
0.27090353 0.08532584 -0.34526509
-0.27702901 0.16045581 0.27506977
0.30920660 0.10291224 -0.22469592
-0.16261598 0.14555068 -0.23154189
-0.08411417 0.12250452 0.24723388
0.09112567 0.16793562 -0.32908937
-0.27061766 0.12712292 -0.12901840
-0.10243939 0.12272447 -0.03197110
0.06119450 0.13064784 -0.03858786
0.10597433 0.11600431 0.07717130
-0.27109754 -0.02724743 0.15916054
0.19871023 0.11819678 -0.22864644
0.20934345 -0.15944636 -0.33291435
0.03022215 0.05877537 0.17965533
-0.10426003 0.10005473 -0.13148101
-0.27905944 -0.05617879 0.14733683
-0.16010059 0.11013708 -0.21377936
-0.01250057 0.09683761 0.26314762
-0.19415180 0.14597608 0.32183951
-0.08519471 0.01748140 0.20999038
-0.25228307 0.14602356 0.20995665
-0.01617785 -0.04860490 -0.31941789
0.12280519 0.05477296 -0.33010408
0.09133562 0.06035518 -0.25097746
0.13671145 0.07568469 -0.12150166
-0.22445390 0.15484294 0.07369062
-0.10548215 -0.06698214 0.22970259
-0.08261497 0.13824466 0.07865641
0.09764665 0.14047889 -0.27531874
0.02499434 0.11749193 -0.02542850
0.29775420 0.07927250 -0.25288928
-0.18693739 0.13054384 -0.23740155
-0.29978952 0.08301623 -0.20366718
0.09042349 0.07455908 -0.26380742
0.16716313 0.11484250 -0.22066535
0.16825825 0.07761557 -0.26315945
-0.24626207 0.12010618 -0.22490881
-0.27596596 -0.15048739 -0.21214245
-0.14380485 0.10364411 -0.26351538
0.13237017 0.07629391 -0.30655614
0.13488437 0.09256427 -0.23789749
-0.09017213 -0.02353618 0.32908407
-0.30343229 0.14137188 0.26568264
-0.03559690 0.16142009 -0.34276339
-0.25249687 0.04348620 -0.20601432
-0.29491797 0.07300393 0.21729746
-0.18959109 0.06245355 -0.32687286
-0.29056680 0.08371146 0.33371866
0.31199619 0.04175466 -0.28070185
-0.03507895 0.09119614 -0.30766174
0.10035595 0.12699711 -0.21074708
-0.23228517 -0.04421613 -0.32220453
0.01591307 0.13483980 -0.14840300
0.02041387 0.12580085 -0.01510105
-0.28202146 -0.08587783 0.33308333
-0.28883111 -0.16094674 0.23970070
0.30635971 0.05222489 -0.29002827
0.15830165 0.08116632 0.03288755
0.07658034 0.13032919 0.17506410
0.25560138 0.09407982 -0.25134492
0.12134476 0.09760222 -0.03040373
-0.24243255 0.07915903 0.25748110
-0.30688915 0.13334346 -0.28699195
-0.05787588 0.12624024 -0.21675594
-0.08969924 0.07637730 0.06280049
-0.22593465 0.12603655 -0.13090217
0.00760925 0.02649984 0.30818751
-0.02060743 0.07376976 0.32158166
-0.07349692 0.11978743 -0.11484224
0.01821557 -0.07163842 0.24976447
0.01334504 0.04510422 0.31662303
-0.16612874 0.10900096 0.26384762
0.07463156 -0.07496293 -0.31545958
-0.24349996 -0.17523456 0.22826675
-0.00806661 0.10417685 0.03110691
0.17119309 -0.05265910 -0.34521160
0.11907285 0.09931557 -0.01299524
-0.27812287 0.10981807 0.33687714
-0.22768906 0.14037646 0.06665548
-0.27362034 0.13448822 -0.20223403
-0.05719487 0.12733094 -0.18792546
-0.27969331 0.12900257 0.32747072
-0.07974844 0.13901010 0.33498141
0.29907542 0.07028161 -0.24448635
-0.10248887 0.13773338 0.01031231
-0.29607862 0.01718917 -0.18602961
-0.01924952 0.12880652 -0.18301909
0.27159649 -0.08894806 -0.17446811
-0.08814794 -0.03252635 -0.33293030
0.12946352 0.10952416 0.10993521
0.20936820 0.10942012 -0.23281460
-0.27428806 0.05040520 0.28112066
0.02548247 0.10877299 0.05154081
-0.27087304 0.12753128 -0.14746782
-0.28817159 -0.19060184 -0.30742323
-0.29899693 0.12645893 -0.28259212
0.27231660 -0.09856337 -0.29179996
0.30358118 0.06130449 -0.34102044
-0.20817791 0.06632683 0.27503693
-0.20599219 -0.14111376 -0.18085404
-0.15006112 0.15852670 0.07784405
-0.15845320 0.13871035 -0.24395433
0.14474796 0.11575868 -0.21453658
-0.16103500 -0.12976693 -0.22139484
0.16022542 -0.04509648 -0.32047728
0.13952240 0.14778642 0.26739359
-0.20000979 0.13962093 0.16854827
0.02933482 0.13119674 0.07847682
0.01685181 0.12730905 -0.17368607
0.06553006 0.09314559 -0.18980294
-0.04920771 0.13903841 0.33937943
0.10076023 -0.07332400 -0.23303749
0.02576884 0.10845312 -0.13040403
0.30605444 -0.08320537 -0.18674366
-0.04212161 -0.12396856 -0.32353410
-0.10960390 0.05662541 0.29357573
-0.11046450 0.12404375 -0.05633919
-0.29862714 0.11715811 -0.21741712
0.11991037 0.11309572 -0.03657306
-0.01239313 0.12007643 -0.22191861
0.02188327 0.12438188 0.16001983
0.11928303 0.11620767 -0.18198639
0.30145213 0.04848984 -0.29264072
-0.29608133 0.06242136 0.32588932
0.21941231 -0.04370443 -0.27252215
0.00490432 0.07717228 0.23987100
-0.27379972 0.11985886 0.07634559
-0.14979178 0.11606859 -0.03989355
-0.26111504 0.07140571 0.19619474
0.07785027 0.13939515 0.33519995
-0.23785688 -0.07880058 -0.08425845
0.17020741 -0.07553641 -0.31676888
-0.04428389 0.15963164 0.22462542
-0.29373756 0.13475187 0.33711782
0.01272154 0.04566169 0.03992662
0.04771556 0.14084098 -0.31628302
-0.08639131 0.10538488 0.00900345
-0.29210308 -0.15924984 0.29930964
0.17378186 0.05113986 -0.32504955
-0.12246639 0.12217427 -0.03067549
-0.13440871 0.08022520 -0.31733313
0.00148616 0.11153553 0.19601353
-0.16778228 0.14167982 0.28284016
-0.07298932 -0.11789741 -0.24808221
0.24780416 0.12442182 -0.22526805
-0.27371883 0.13569605 0.22538306
-0.12464236 0.10237346 0.23737715
-0.06319710 0.12542151 -0.27192065
-0.18369417 0.11409587 -0.06381384
-0.26286951 0.16016279 0.27390373
-0.30421051 0.02275716 0.27638128
-0.19380845 0.14697675 0.28018126
-0.09233710 0.12730461 -0.02093437
-0.19608068 -0.17280987 -0.28665876
0.02820203 -0.18963042 0.28207046
0.01767941 -0.07443805 0.32394454
0.13454853 -0.11234298 -0.23256175
-0.14249550 0.12842196 0.17981157
0.01340435 0.13842370 -0.33642375
-0.07347634 0.15789928 -0.26860341
-0.26969403 0.09282856 -0.32333776
0.27631584 -0.02513619 -0.31799850
-0.24337034 -0.01509886 -0.14969504
-0.28166622 0.15736979 -0.31337899
-0.05546281 0.00895201 -0.33166021
0.08897937 0.09966921 -0.09258033
0.19812223 0.14559689 -0.33671924
-0.28944778 0.01032182 0.31094173
0.13965407 -0.07409529 -0.29580006
-0.29398111 0.12019504 0.15750091
-0.22935379 0.07339926 0.21942733
-0.27577892 -0.13377272 -0.16027926
0.05522319 -0.04041538 -0.06542082
0.25131598 0.02166673 -0.33411384
0.26710227 -0.11968104 -0.19721791
0.21976545 0.11119484 -0.25087622
-0.29600340 -0.16514239 -0.31637970
-0.22398052 0.14021979 -0.20749559
-0.12150119 0.12294878 -0.02477330
-0.10093220 0.15549935 -0.29707280
-0.18149567 -0.12858109 0.23094061
-0.07341414 0.11784162 -0.08097317
0.31463006 0.10662971 -0.27028161
-0.29153374 -0.10522398 0.23777074
-0.28062803 0.14904428 -0.15742458
0.08257879 0.06915504 -0.32236755
-0.26258767 -0.16475450 -0.21799733
-0.30087927 0.14942744 -0.08188046
-0.22809829 0.15773867 -0.00971758
-0.07275357 0.10450343 -0.21082589
-0.05217033 0.13783111 0.07040152
0.17795035 0.15212691 -0.28267688
-0.22086732 0.13690227 0.05325911
-0.14537278 0.16387305 0.30282968
0.30432603 0.08141375 -0.25347906
0.11301236 0.09585551 0.17209393
0.09281585 0.12245725 -0.31410310
-0.13618572 0.01862561 0.32454595
0.20151360 0.10874400 -0.14421166
0.27454531 0.08344835 -0.20541820
-0.17511132 0.12050842 0.32466704
-0.29194120 0.01530725 0.27337164
-0.27194589 0.14003344 0.25375059
0.08922178 0.16532958 -0.30819339
0.11818790 0.10942480 -0.09842268
-0.26036638 0.12962379 0.32962450
-0.18618193 0.15004249 -0.05433413
0.16190723 0.09224793 -0.34213871
-0.29358140 -0.02470839 0.21818823
0.03436916 0.09713326 0.18781410
0.03764756 0.11605138 -0.11343864
-0.13767247 0.03568414 -0.33799669
-0.29440233 0.02891257 -0.29788819
-0.19654749 0.13496323 0.24429309
-0.12413583 0.06006102 0.08189128
-0.23409596 0.15046774 0.18983945
0.15337807 -0.14070681 -0.32032567
0.17546052 0.13056719 -0.17664361
0.23100027 0.08558874 -0.23484240
-0.26387972 0.16601329 0.26096737
-0.29491493 -0.10522453 -0.13481055
0.20306306 -0.03728637 -0.03404576
0.17209703 -0.14055657 -0.27813065
-0.30507919 0.13093984 0.27501538
-0.09154263 0.11139774 0.30793464
-0.06510288 0.07017586 -0.22428741
-0.01542222 -0.12663250 -0.23469588
-0.09178982 0.15057950 0.08310882
-0.14035255 0.09453806 0.11680785
-0.08729403 -0.05479217 0.22480486
-0.10993141 0.04338121 0.21383658
0.22511978 0.10086147 -0.17957416
-0.26875842 0.05718915 0.09023410
0.13005611 0.14883748 -0.33915254
-0.30547255 0.13599631 -0.14870147
-0.30778411 -0.14229658 -0.32265794
-0.28197637 -0.16007350 0.32074997
0.19142015 0.11205349 -0.33155602
-0.14382365 -0.04678648 0.32192433
0.00535236 -0.08610284 0.30268636
-0.02839681 -0.01719820 0.21125281
-0.21565127 0.12087375 -0.06260614
-0.13455066 -0.01715446 0.32609513
0.04697063 0.11497557 0.17587103
0.18740541 0.03396019 -0.26505074
-0.27324307 0.15375154 -0.02468628
0.15783717 0.15460849 -0.32833970
-0.17549266 0.11327305 -0.34442419
0.07618697 0.12227105 0.26599163
-0.14260571 -0.14599948 -0.28782663
0.16426374 0.06732159 -0.05028607
0.07970072 0.10971522 -0.20395426
0.08562541 0.07954363 0.26635003
-0.12261791 0.07432713 -0.13986339
0.09548353 0.13956122 -0.19222154
-0.26173559 -0.07102848 0.27145383
-0.21033987 0.10222011 0.01086728
0.23713519 0.02877349 -0.32028496
-0.27421889 0.13850379 -0.32518107
0.20417185 -0.00983063 -0.04050329
-0.03185662 0.02456387 0.28518730
-0.07077120 0.08907919 0.33194715
-0.14690420 0.11901982 0.32537517
0.30896693 0.00588658 -0.33920366
-0.17367509 0.10809950 0.14927125
-0.03062114 0.12935889 0.28629377
-0.26936212 -0.10536272 -0.27689904
-0.13955151 -0.00237375 0.33067596
0.03998215 -0.05323047 -0.08926915
-0.05716641 0.08580561 -0.13956246
-0.11947736 0.03801695 -0.25495753
-0.12018415 0.10005990 -0.32530698
-0.27851126 0.10414781 0.06626035
-0.19345760 -0.12111375 0.26969650
-0.18363710 0.12941821 -0.09147855
-0.29705682 0.12417179 0.27491644
0.14393800 0.15924603 -0.24454705
-0.06819539 0.11998755 -0.02793312
0.01829654 -0.03443266 0.30086535
-0.19133656 0.13107669 -0.29672340
-0.27911767 -0.09602273 -0.01240319
-0.20670894 -0.00054894 0.22046337
0.20309061 -0.04987711 -0.23786880
0.12836811 0.11086446 -0.21579161
-0.10288360 0.12668949 -0.27895632
-0.02461614 0.03779902 0.20225179
-0.29290086 -0.08083814 -0.26296470
-0.16061381 0.15273714 0.09178486
0.04850835 0.15121789 -0.29269725
-0.17483631 0.13640530 0.14572325
-0.29470789 0.02133730 0.32388422
0.27561539 -0.12693316 -0.27735871
-0.08699656 0.05905203 -0.27741072
-0.07236107 -0.09556317 -0.16006431
-0.21758413 -0.12774019 0.31078002
0.00730063 0.10448238 -0.23290993
0.23445219 -0.04521644 -0.17540205
-0.20988330 0.15169297 -0.32782364
0.04432218 0.13218603 0.29060119
-0.18960862 0.06195261 -0.32735986
-0.24735214 0.04354772 0.28873661
-0.25476387 -0.10749637 -0.32304963
-0.23951742 0.15015593 0.07671971
-0.24070477 -0.06797215 0.31715035
-0.17913239 0.00210124 -0.31343496
0.07038775 0.05407707 -0.25650692
-0.30121228 0.03486300 0.32409143
-0.26990682 0.05941709 0.13233095
0.31627566 -0.03636703 -0.32575542
-0.00808890 0.11583807 0.00250210
-0.23754244 0.14408655 0.07541727
0.29816160 0.01374252 -0.34263602
0.32136834 -0.01753160 -0.31341219
-0.25899509 -0.14931199 -0.17252551
0.01798948 0.12737529 -0.29099494
-0.12833057 -0.14321730 -0.31805804
0.00531965 0.06479630 0.07070014
-0.27230692 0.11223537 0.21049698
-0.27600443 0.09065827 -0.10892537
0.01805381 -0.19698325 0.28424111
-0.12154242 0.10714741 -0.06466588
-0.06056736 0.12006515 -0.26138416
0.25309613 -0.05481986 -0.22995178
0.30137774 -0.01185602 -0.33031547
0.08325399 0.11357455 0.32503954
-0.16647822 0.07981713 -0.07649071
-0.13802794 0.14696036 -0.11536600
0.07881285 -0.11733601 -0.28848955
0.02658452 -0.17657098 0.29183838
0.23124430 0.09694105 -0.13028896
0.14853844 0.08064279 -0.04508334
-0.03160674 0.08589727 -0.25938746
-0.06247381 0.10708120 -0.22698873
-0.02491112 0.08567315 0.23683061
-0.29681528 0.06980059 -0.15726183
0.01841998 0.04950448 0.30333972
-0.13879992 0.12027666 0.13391529
-0.08573633 -0.01302788 0.26743904
0.26403204 -0.12442759 -0.18652606
0.25639552 -0.12246700 -0.22306693
0.17338702 -0.02714057 -0.32368043
-0.29515752 0.15381142 0.31392893
0.23980358 0.08661050 -0.19458726
-0.27822560 -0.17619763 -0.23305559
-0.26441398 -0.17414372 -0.27845383
0.03245512 0.02897889 0.01555572
0.00507760 0.02845599 -0.21974063
-0.15968908 0.11685471 0.08623683
-0.02005461 0.09099970 -0.01572273
-0.30560774 0.14229766 -0.27603588
-0.04170579 0.12286460 -0.02811661
0.31639937 0.07070196 -0.32834575
0.10388447 0.10750540 0.24943869
0.13301677 0.09068303 0.26207486
0.00496459 0.13373567 0.12812416
0.00413107 -0.01115493 -0.18452702
-0.29818192 0.14475310 0.31032109
0.03702129 0.15288296 0.25776541
-0.16928534 0.11620390 0.24121581
-0.04306795 0.08472916 -0.19751480
0.04567654 -0.02501255 -0.18615390
0.21760057 0.14747658 -0.23762967
-0.29599544 -0.04323403 0.33507323
0.17132407 0.09803688 -0.35505891
-0.08871634 -0.16329232 -0.29983285
0.09209430 -0.17298602 -0.27490065
-0.19704568 0.01288587 -0.11662998
0.30265936 0.03736274 -0.33941969
-0.26445621 -0.15399978 -0.21457297
0.00200128 0.12249927 -0.33392134
0.01434842 -0.14944072 -0.30459708
-0.16094342 0.11789477 -0.09646811
0.00019112 0.13065629 -0.21707384
-0.05827055 0.12587343 -0.10536522
0.09269033 0.12273445 0.16361195
-0.08197984 0.15821357 0.22744997
-0.19964904 0.12975071 0.25881919
-0.23860341 0.00482531 0.13351208
0.19418076 -0.09826102 -0.25212994
-0.30899468 0.12778160 0.06342936
-0.28419563 -0.08293636 -0.06362441
0.31936616 0.11707947 -0.31873888
0.12114486 0.08475830 -0.16264063
0.13989902 -0.05904967 -0.16282411
-0.18393385 0.09929098 0.10241640
0.28383720 0.12172399 -0.27568141
0.30490968 -0.03373264 -0.32549757
-0.15741387 -0.06687098 -0.13604572
-0.27057037 0.15712595 -0.28136545
-0.17055435 0.14382277 -0.32497206
-0.10356147 0.04715904 -0.18055387
0.30611551 -0.00740536 -0.25453243
-0.09714630 0.07935284 -0.32228437
-0.26283041 -0.07201248 -0.04288233
-0.15251160 0.11732374 0.13989124
0.00909361 0.13761988 0.08096414
-0.08663707 0.11747912 -0.04252083
-0.07679950 -0.11835343 -0.23062673
-0.05141640 0.12083733 -0.22305545
-0.09513299 0.09048264 0.02537415
0.14921063 -0.12997030 -0.17595010
-0.12392568 -0.13081194 0.32095739
0.03649116 0.06052006 0.28699055
-0.21852942 0.13592961 -0.25321555
0.20633942 -0.09177034 -0.31544703
-0.11680371 0.12235671 0.22045542
0.26669452 0.09502195 -0.25723699
0.17326415 0.13320425 -0.19814187
0.06630780 0.16584615 -0.34202108
0.19047539 -0.11468850 -0.30580160
0.19033340 0.07366945 -0.31772363
-0.26517195 -0.14258665 0.31106129
-0.20341523 -0.08372086 0.32920706
0.29938132 -0.07573016 -0.24155141
-0.25408280 -0.14689936 0.26012677
-0.28237602 0.07153899 -0.14758769
-0.07763898 -0.08246692 0.26281604
-0.28074291 0.10625760 0.33964044
-0.04462446 0.09262966 -0.29472336
-0.26444381 -0.01914514 -0.25389838
0.21009845 0.11724320 -0.25986886
-0.25853196 0.13843924 0.24557742
-0.04933767 0.07740143 0.01354766
-0.28145710 0.14576980 0.19298305
0.30196777 0.01586313 -0.25020570
-0.16627292 0.12465230 -0.12766971
-0.27310625 0.11208202 -0.32816425
-0.04097117 0.12126711 -0.09715287
-0.29703230 0.12025992 0.31555653
-0.00883942 -0.05750068 -0.33027411
-0.27531904 0.15649155 -0.25246066
0.28523624 0.10053721 -0.18359679
-0.10168036 0.11105359 -0.01644662
-0.08185475 0.17119962 0.30498067
0.06744088 0.17866556 -0.33529100
0.16241081 -0.02221259 -0.32708925
-0.23804152 0.10820784 0.29738322
-0.01025079 -0.08162570 0.25161606
-0.29005325 -0.12823819 0.21251355
-0.00848488 0.11592748 -0.16156296
-0.19069266 -0.04869920 0.13588648
-0.10087873 0.12507094 0.31893590
-0.29816115 0.12069159 -0.10207565
-0.25019073 -0.16450325 0.29341292
0.05541095 -0.08433569 -0.17377727
0.03862909 -0.08340272 -0.32749879
0.21361102 0.06783782 -0.22129264
0.02341212 0.13853155 0.31000435
-0.13093299 -0.14660917 -0.30514124
0.15344881 0.11640228 -0.20947269
-0.05665041 0.15652299 -0.15037806
-0.19583170 0.10038684 0.30249375
0.00916151 -0.10360869 0.26083979
-0.29910210 -0.01813885 0.27930269
-0.28333330 0.06581617 0.17133595
0.01304905 0.08406004 -0.06001170
0.16300701 -0.04959394 -0.26359171
-0.28019226 -0.00890574 0.33509523
0.01977715 0.15651867 -0.30610126
0.00325492 -0.11426620 -0.28125817
-0.25063998 0.09849073 -0.12974384
-0.29112417 0.13235106 -0.35588107
-0.15716603 0.07039934 -0.20277730
0.10583851 0.13187270 -0.24306531
0.09932038 0.07101083 0.31037578
-0.18103576 0.00239219 -0.31832516
-0.28715095 -0.01363336 0.26371410
-0.08431514 0.00748835 -0.32048267
-0.01696643 0.03581116 -0.32620394
-0.25369644 0.08312486 0.19900700
-0.22575513 0.06417732 -0.11134089
-0.29628628 0.13838221 -0.20691173
-0.01732828 0.10585637 0.21624228
-0.18882789 0.14122716 -0.08108959
-0.26300779 0.15554538 -0.28118798
-0.21090055 0.13723975 0.13973387
0.07289173 0.11325265 0.00724249
-0.09656730 0.10438045 -0.21901582
-0.21860225 0.09615517 -0.16865678
-0.03393403 0.12233654 0.01067046
-0.28108799 0.02499814 0.21466555
-0.29514495 0.14153050 0.25732285
0.29411405 0.09888799 -0.18354638
-0.28172216 -0.05846283 0.30613503
0.00531829 0.09172928 -0.25987870
0.23241855 -0.15777892 -0.28608635
-0.28033715 0.13516343 0.19188839
-0.10758582 0.13448204 -0.33999217
-0.30175418 0.02863688 -0.25278023
-0.23540062 0.02108404 0.12206230
-0.16996878 0.09851383 -0.33679163
0.02767867 0.04152206 0.05977980
-0.09211075 0.15466173 -0.31719175
-0.16457342 0.07824997 0.29493204
-0.26660502 -0.12527584 -0.18608759
0.03561815 0.11164603 0.11080930
-0.00243719 0.08165979 0.09110535
0.00778151 0.10066137 0.02496403
-0.27188557 0.16029465 -0.28115773
-0.07632831 0.08369607 0.02348276
-0.30067483 0.13731280 0.33992121
-0.04470376 0.15022773 0.29503161
-0.20417103 0.10103136 -0.22904846
-0.19205415 -0.12441884 0.32650247
0.22125541 0.10284035 -0.29938710
-0.02415814 -0.05402119 0.28732979
-0.23252197 -0.15493223 0.26037282
-0.13434380 -0.08246844 0.32300958
0.25926837 0.08094145 -0.12746909
0.28289422 0.09117477 -0.32604802
0.01317076 0.00027317 -0.20861338
0.23336336 0.12742199 -0.27746481
-0.14312352 -0.17092256 0.26210049
-0.07629140 0.00902119 0.20342238
0.13046432 0.00692433 -0.33211333
-0.26055169 -0.15195079 -0.19322273
0.23980196 0.09328885 -0.16030635
-0.02542665 0.10730551 -0.06101275
-0.03722686 -0.07280961 0.26561695
-0.17927000 -0.18525794 -0.28057498
0.17027913 0.07811078 -0.25647402
0.05762943 0.12173698 -0.29880333
-0.15721585 -0.15249211 -0.20381512
0.14265826 -0.08670331 -0.24203156
-0.24329899 0.13704281 -0.11643071
-0.29173455 0.09742833 0.12455352
-0.18066597 -0.14494908 -0.31657907
-0.22721130 0.11535534 0.32936746
-0.24894926 -0.16864048 0.31811348
0.17679644 0.09826797 -0.33419916
0.15651807 0.10617562 -0.26830643
-0.10596704 0.10315086 -0.07384944
-0.23461844 -0.03404928 -0.09483651
-0.02565533 0.13840315 0.19452393
-0.16362087 0.12450141 0.21520557
0.00622182 0.14267580 -0.19231179
-0.09383556 0.11243860 -0.17716746
-0.30398151 0.13205633 -0.27319613
-0.23471583 0.15615714 0.25764012
-0.12681605 0.01973787 0.13419512
0.15809032 0.13138178 -0.24617097
-0.19277817 -0.14697640 0.25389469
-0.29964873 0.06189896 -0.19980289
-0.11273701 0.09735453 -0.02041113
-0.19586560 0.14068946 0.13471816
-0.28654709 -0.01155909 0.28764084
-0.28854427 0.05922448 -0.31696391
0.09819302 0.05792890 -0.21752542
-0.22884874 0.08851735 0.08589261
-0.13392462 -0.06418322 -0.32750008
-0.13821191 0.15687111 -0.12479126
-0.03275325 0.15041755 0.29368445
-0.07194687 0.10650210 -0.27539778
0.05623924 0.14102176 -0.33862168
-0.25392291 0.09425810 0.31076232
0.22790089 0.11828283 -0.27249429
0.05389075 0.13949034 0.28838927
-0.24356456 0.13466705 0.08469075
-0.05348508 0.05718768 -0.33579344
-0.27447471 0.01336537 0.32843828
-0.24647048 0.12192667 -0.26223335
0.04347405 0.12847577 -0.24036773
0.01008744 0.02978798 0.30575460
-0.02794242 -0.12709779 -0.22658421
-0.14593843 0.12670165 0.07232368
-0.14528167 0.11973217 0.30707261
-0.29820865 0.15742028 0.30112216
-0.14524832 0.13990946 -0.04546302
-0.29496470 -0.13459426 -0.13903986
-0.25666207 0.08851799 0.05842775
-0.26869494 0.05744248 0.31286496
0.07969867 0.15829265 -0.34554195
0.07800877 0.10484886 -0.32570663
0.02854683 0.13401860 0.10334758
-0.05736154 -0.13103318 -0.23012866
-0.24343288 -0.16330954 -0.15651301
-0.22175816 0.14910981 -0.10747325
0.22137824 -0.08189619 -0.32892469
0.26753977 0.04567151 -0.28822687
0.23031205 0.12761427 -0.27262270
-0.22079521 0.13874559 -0.11833370
0.03140279 0.10314838 -0.06984493
-0.29347479 0.05799265 -0.25617602
0.11266541 0.12352277 -0.22186153
-0.25521070 0.15738344 0.01952733
-0.06381363 0.11026754 -0.23688965
-0.27989209 0.10879219 0.23307033
-0.18405335 -0.08853646 0.32836786
-0.19061574 -0.05926607 0.16917434
0.00430021 -0.07582773 0.31284529
-0.01742001 0.12035194 -0.33895162
-0.26494700 0.06141260 0.32049137
-0.09020388 0.13070865 0.06396982
-0.06235743 0.11405557 0.00115221
0.23312184 0.10485778 -0.05589984
0.11904524 0.09405798 0.09886941
0.13513973 0.16143669 -0.32954520
-0.06930029 0.15211931 0.23404577
-0.25567046 0.09567902 0.27818710
-0.26268181 -0.08904258 0.17187047
-0.22534493 0.14537351 -0.06711404
-0.26642805 0.08763763 0.22780870
0.27479458 0.01434056 -0.31437829
0.04128592 0.08751960 0.05697069
0.05499966 0.06262461 0.32436618
-0.14942709 0.07153968 -0.33020002
-0.20866773 0.00227188 -0.31638154
-0.29797953 0.10548270 -0.28553230
