-0.00646963 -0.13907209 -0.34392163
-0.00835130 0.14612637 -0.10247955
-0.15233058 0.16369556 -0.22527239
-0.03072024 0.16989644 0.04316193
-0.12519857 0.16510807 0.24744280
-0.19980423 0.15189794 -0.30267525
-0.21358551 0.17563947 -0.12335462
-0.13547590 0.16789362 -0.38011026
0.16097106 0.17745511 -0.17967924
-0.16791438 0.13423470 -0.14046739
-0.17253114 0.07029680 -0.34720689
-0.16622770 0.15562995 -0.11001779
0.02319982 0.16712567 -0.32419160
-0.04375954 0.17133273 0.35743901
-0.14778118 0.06118809 0.30547959
-0.16237850 0.16695012 -0.06644227
-0.10135223 0.16453166 -0.32509929
-0.11656174 0.16826534 0.06907831
0.03284784 0.08865877 -0.27602184
0.20411658 0.16772348 -0.37791583
-0.02040140 0.06785116 0.37956983
0.13190383 0.14296997 -0.24794896
-0.13438582 0.07845514 0.34716591
-0.19342779 0.14015891 -0.24170557
0.05067580 0.14323437 0.40204558
0.08433218 -0.16105734 -0.31850177
0.21116635 0.17261584 0.14691107
-0.10354329 0.11536712 -0.25997716
0.14581856 0.07245307 0.38057989
0.19959608 0.16008040 -0.12285418
-0.08510561 0.16837469 0.14910749
0.11253534 0.09011253 -0.24858768
-0.13232675 0.08827747 0.34265861
-0.09983619 0.03642194 -0.29545480
-0.20167257 0.15301378 0.12266623
0.04546189 0.14968616 -0.20396598
0.20400338 0.17494379 -0.00515400
-0.06291549 0.16942154 0.04969030
-0.13739765 0.16630661 0.30971989
-0.09506716 0.16574277 0.13901803
-0.09328152 0.16912220 0.00764488
0.14543194 0.17430587 0.15626517
0.14093317 0.16080920 0.40783596
0.07561984 -0.15199171 0.32652554
-0.15245529 0.16689050 0.07906281
0.06681135 0.16189867 -0.40172151
0.12650089 0.17318855 -0.00625435
-0.10381928 -0.17399269 0.34410825
0.03190592 0.16805594 0.05575719
0.18859403 0.17978100 0.15755351
0.01647152 0.15808427 -0.03104251
-0.14338215 0.16742425 0.33596140
-0.07185822 0.17154704 -0.09381263
0.04338189 0.16337752 0.02593555
0.02699480 -0.13857456 0.34739295
0.05750931 0.15047577 0.40806538
-0.13835850 0.15708479 0.10115896
0.20094597 0.17919318 0.05927663
-0.09755051 0.15160793 -0.31823930
-0.14392146 0.16495641 0.32612503
-0.01992138 -0.03085191 0.34329864
-0.07144453 0.13736652 -0.10197103
-0.06239406 0.17140920 0.28230011
-0.01044842 0.06007785 -0.34432748
-0.11572636 0.12998146 0.28243527
0.08920784 0.16639248 -0.14674051
-0.03319142 0.12427030 -0.34593502
0.02880055 -0.14816368 -0.36171752
-0.14906122 -0.16274884 0.33646405
-0.12724823 0.17022473 0.11939562
-0.13516973 0.16336359 -0.36194918
0.10261125 0.17097196 0.08130334
-0.09012894 0.16781032 0.11643823
-0.11531052 0.16625261 -0.40838063
-0.20569758 0.16458744 -0.02844138
-0.01257376 -0.13009323 -0.12618642
0.16648601 0.17214219 0.17156236
-0.05218359 0.14764583 0.34798869
-0.04226545 0.13294460 -0.34616214
-0.07908835 -0.13542052 -0.09393575
-0.07066922 0.10903789 -0.39409748
0.16465674 0.17021981 -0.12932411
-0.20893152 0.16097565 0.08186133
-0.04650325 0.06927381 0.19779472
0.05006253 0.01046511 -0.30354339
0.06250833 0.15802450 0.18181589
0.16391847 0.09609959 -0.35754198
0.02682032 0.14494732 -0.16049770
0.00582598 0.11021050 0.14489360
0.17495589 0.14626338 0.28013518
0.07671319 0.00483879 -0.34555975
0.09089375 0.17254075 0.11003974
0.03729801 0.16898549 0.22104010
-0.10297338 0.05680991 -0.33442891
0.13837948 0.13961403 -0.39425680
-0.13693275 0.16410947 -0.11919910
-0.20227484 0.16783866 0.33769435
-0.11814570 0.17321841 -0.30526263
-0.12128133 0.16713357 -0.33837998
0.10964169 0.10244179 0.34463251
-0.20851213 0.15922801 0.17872646
-0.03725451 0.13973227 0.38431990
0.02871745 0.16127741 0.36598843
-0.15132956 0.14147207 0.17393309
-0.00989268 0.17178568 -0.32149076
0.03914419 0.17093030 0.33253986
-0.12268513 0.03735928 -0.33641815
-0.04599980 0.15771350 0.02234789
0.18143329 0.17959781 -0.04704293
0.03156641 0.08590472 -0.22630958
0.03739147 0.16968562 -0.09863268
0.17539938 0.17538573 -0.07726490
0.17623632 0.17719246 -0.18569934
0.16831289 0.16835876 -0.40304968
-0.03132926 -0.12655699 -0.32132086
0.01572709 0.14283857 -0.04989113
-0.08580460 0.16893785 0.34915993
0.12250347 -0.00553664 0.35420766
0.12134881 0.02594841 -0.27609518
-0.01518947 0.15842018 -0.37045291
0.01314245 0.05949076 0.24642472
-0.04242527 0.16560714 0.27032620
-0.07672743 -0.15936965 0.34893781
0.00300217 0.08699429 -0.34284195
-0.13087632 0.13058637 0.30691239
0.07294081 0.11078866 0.31695262
-0.06446236 -0.12802753 -0.34476948
-0.05534789 0.09954070 0.14285672
0.09928131 0.08522129 -0.15035111
0.11103840 0.17169964 -0.09741628
-0.05102625 0.16882852 -0.13966644
0.01804152 0.15869948 -0.40393308
0.17408320 0.15648718 0.38980192
0.01793067 0.09998962 0.36678356
-0.02489446 0.01904737 -0.35839510
0.11842445 0.12356185 0.25870341
0.21171731 0.16634114 -0.00571845
0.12973972 0.12796642 -0.05331511
-0.11977993 0.11202499 -0.34305263
0.11462720 -0.15361479 -0.36133012
0.04393759 0.15956129 0.09441739
0.17891571 0.14010574 -0.19974904
-0.09733203 0.14061899 0.16264275
-0.14887418 0.15652376 0.32351801
0.06017798 0.17066264 0.16995086
0.08899955 0.15093833 -0.16063337
0.15867782 0.12932640 -0.39881340
0.09876826 0.15371935 -0.22136788
-0.03371769 0.16467853 0.00464769
-0.05925750 0.16950113 0.03819446
-0.07227385 -0.13882945 0.34116229
-0.05169342 -0.12140562 0.24433962
-0.03993755 0.11943343 -0.00992256
-0.00065322 -0.13353424 0.34454018
-0.01143615 0.16926512 0.18303426
-0.01284583 0.17085223 -0.21229276
0.13279700 0.17216317 0.01854111
-0.08018614 0.13972960 -0.14406626
0.14599329 0.13742839 0.36581025
-0.04688945 -0.03492144 -0.29489210
-0.06261899 0.13122866 0.41545749
0.20220949 0.15945585 0.12079228
-0.04655987 0.16891822 0.33928129
-0.20229125 0.17001805 0.20501025
-0.11908080 0.16617762 0.22911650
0.17757678 0.15375473 -0.12966055
-0.20979220 0.17401437 0.25691625
-0.05596241 -0.08007737 -0.23927189
-0.11632055 0.12803796 -0.13488925
0.18302850 0.17394423 0.05995198
-0.19077127 0.15565057 -0.10312879
-0.02704140 -0.08411013 0.30743670
-0.20114787 0.16005847 0.28210521
0.01109304 0.17319296 0.09861871
0.01083530 0.14901984 0.35898337
-0.16715325 0.16841896 0.31176919
-0.01859755 0.13146444 0.33922854
-0.06517750 0.10316892 -0.32504496
-0.05746029 0.14987387 0.37784827
-0.03353973 0.16317947 0.19551928
0.04718984 0.16984388 0.21111730
-0.02839717 0.17241199 -0.04452858
0.13690840 0.05821927 -0.30587095
0.00022922 -0.12368165 0.26492751
0.00323765 -0.04854053 -0.35108572
-0.20912568 0.16171788 0.24228686
0.15094154 0.17948203 -0.13488609
0.06318199 -0.15910664 0.33842796
-0.18806492 0.15755309 -0.12155844
-0.00137331 0.17370756 0.05689181
-0.02797071 -0.09461993 -0.33689451
0.10039292 0.02471718 -0.35795480
-0.03300279 0.08406119 0.24643588
-0.18534914 0.15368243 0.32718608
0.01493645 -0.12483271 -0.34416360
0.04341660 0.17535086 0.18311237
-0.01143651 -0.11722218 0.32136571
-0.06270361 0.15721825 0.32165515
-0.15328212 0.15429005 -0.39659411
-0.14110547 0.12925155 -0.36938253
-0.03888115 -0.15026700 -0.30809996
0.01670854 -0.14783937 -0.32679030
-0.02997845 0.14815485 0.31573027
0.18531859 0.15604655 -0.27271548
-0.05218028 0.16817476 0.31683138
-0.10843728 0.16568995 0.10248182
0.09240043 0.04879802 -0.26104784
0.20321895 0.17598966 -0.33575100
-0.05784783 0.12771454 0.31154278
0.20371005 0.17365696 0.25161237
-0.14500874 0.16976938 -0.24479544
0.00033980 0.14195983 0.39280501
-0.03087817 0.14644606 0.31357545
-0.02721236 -0.15112381 0.34825027
-0.05832938 0.12700267 -0.19759084
-0.00272354 0.10521796 0.21893488
-0.02055203 0.11826415 -0.38878149
-0.06327420 0.16802143 0.28603351
-0.02050999 -0.15717281 0.35432199
0.10445504 0.17161413 0.20462507
-0.11179176 0.15879536 -0.36318463
0.15447900 0.06201312 0.30985400
-0.16733192 0.12780651 -0.17879367
-0.03107011 0.15404144 -0.28497529
-0.00644282 -0.00748495 0.34769049
-0.18374012 0.17196485 0.13752480
0.06855511 0.13719219 -0.34901777
-0.09364197 0.14603311 0.34926435
0.20032904 0.14706162 0.39836875
-0.08780304 0.16828173 -0.33022991
-0.14416517 0.13448800 0.18513842
0.06785997 0.12387979 -0.33930472
0.12520742 0.16556911 0.40612194
-0.04085926 -0.08604260 -0.33538520
0.10277564 0.14919862 -0.07978303
0.13783318 0.00350292 -0.33970013
-0.11223895 -0.01999663 -0.35434148
0.20355351 0.17559941 -0.19120871
0.05669807 0.05857287 -0.06213173
0.01191101 -0.10596494 0.32992151
0.08399074 0.15942198 0.17925104
0.17820853 0.16124272 0.17143041
-0.16976723 0.16841687 0.09761703
0.08593910 0.15596732 0.06964111
-0.16052742 0.16747384 0.27218148
0.21021023 0.17263517 -0.11733695
-0.07959728 0.16700748 -0.07347520
-0.12588935 -0.15614916 -0.34566978
-0.00705470 0.09512775 0.05064103
0.03123150 -0.11027932 0.03972633
0.03283957 0.05139893 -0.05879074
-0.07453910 -0.13221268 0.34180945
0.02760438 -0.08507615 -0.31615216
0.15217830 0.04589069 -0.37433681
0.02699746 0.17615998 0.25892296
0.12731351 0.17393062 0.34214142
-0.21044002 0.16322751 -0.24149258
0.05116431 0.15628590 0.21681724
-0.02290906 0.14671887 0.27185059
-0.05489046 0.16949709 -0.06927277
-0.04777309 0.14159991 -0.35751188
0.19956020 0.15131496 0.02540452
-0.03372753 0.17096338 0.03469335
0.06921168 0.08014162 -0.36084813
-0.18455598 0.16538286 -0.28884450
0.11501069 0.11195979 0.28856164
-0.18786132 0.14639117 -0.40124619
-0.04572459 0.14238437 -0.25372282
-0.19855860 0.15486060 -0.08441769
-0.04898226 0.14732313 -0.17011546
-0.06744950 0.16885622 0.01855214
-0.13044304 0.09648655 0.20289306
-0.01282088 0.15465201 0.33139312
0.09411570 -0.15332538 0.35440895
-0.05373337 0.16973576 0.23529765
0.12530032 0.16503523 -0.15378073
0.01042783 0.14011033 -0.35284588
-0.00142957 0.16967240 -0.11170848
-0.12111174 -0.15675840 -0.30426326
0.01534342 0.16706558 -0.11323508
0.09729706 0.16930100 -0.28505024
-0.07871598 0.17179397 0.36235431
-0.14022169 0.06772907 -0.26585579
0.19447458 0.17259288 -0.21798730
-0.06037657 0.08303306 -0.24653113
-0.07649462 0.16738701 -0.06991585
0.12082108 0.16344957 -0.34628761
-0.03109264 0.17027694 -0.39182901
0.19719194 0.15792963 0.16646449
-0.06125223 -0.10512306 0.29487684
-0.01199480 0.12930314 -0.40151656
0.13785934 0.14612235 0.11518820
0.02430860 0.16817524 -0.13857061
-0.08393925 -0.08577138 -0.34287816
-0.20975073 0.16430661 -0.17405823
0.10691664 -0.02715936 0.35474396
-0.14291680 0.12468880 0.28285196
-0.02102816 0.17037588 -0.09466301
0.16019517 0.15012689 0.03408788
0.10068106 0.14940792 -0.10727842
-0.00999006 0.07010493 -0.26213253
-0.04333124 0.17099389 0.16952258
-0.06340331 -0.00734670 -0.24883486
-0.19559065 0.16657487 -0.40568167
0.18581994 0.13728946 0.07056890
-0.01799360 0.05385423 -0.34286267
-0.09530039 0.01968185 -0.31872064
-0.09829332 -0.00028516 -0.28161123
0.08938143 0.17269604 0.28698882
-0.04318738 0.15428717 0.41235855
0.15052894 0.16555592 0.07167789
-0.11896296 -0.12677774 0.31036717
-0.17884937 0.10302243 0.12583613
-0.04719421 0.09871449 -0.33342308
0.00564940 0.12769754 -0.19784038
-0.20602584 0.16956091 -0.12776724
-0.04404944 0.16984038 -0.36850387
-0.14619415 0.16389933 -0.40713111
0.02473053 0.16952208 -0.09171683
0.00617215 -0.10820396 -0.36545643
-0.01706877 -0.12492042 0.27703330
0.07265063 0.16990152 0.21389972
0.04531575 -0.13518040 -0.26902875
-0.09973544 0.12261083 -0.25252578
-0.07504545 -0.12595595 0.22649199
0.01907262 0.15489517 -0.38668093
0.06561954 0.13603960 0.30828515
0.19807707 0.14894402 -0.22691067
-0.12440822 0.13767201 -0.11326449
-0.03856689 0.15981714 -0.23259756
0.20896472 0.17388371 0.01978830
-0.15883403 0.14249541 -0.12990576
0.12892234 0.17435850 0.29937345
0.01282295 0.15992929 0.13054818
0.06415923 0.17212200 0.18114766
0.16360824 0.16013075 -0.33256042
0.00396883 0.13871518 0.15941519
-0.05823823 -0.15564297 -0.36061352
-0.16428904 0.16146715 0.37270868
-0.01297016 0.03324347 0.39318359
-0.18973641 0.17393415 0.29648411
0.06076368 0.15451984 0.40885070
-0.14897023 0.13351165 -0.16707642
0.01480735 0.01954149 0.28605342
-0.15910308 0.16759823 -0.04456359
-0.03651290 -0.11128927 -0.36597139
-0.10689015 0.06532411 0.33339554
0.04075949 0.02454890 -0.35049766
-0.08868631 -0.03380969 -0.30075106
-0.18714674 0.14683166 -0.16062963
0.02670380 0.14390059 0.26217911
-0.08206212 -0.13224882 0.35673273
-0.03339148 0.16790012 0.40976939
0.17166625 0.17549877 0.30561703
-0.05645008 0.16203994 0.09369853
0.03710314 -0.12668693 -0.28397921
0.06093577 0.17281836 0.33344805
0.04894442 0.14879306 0.21108885
-0.01083165 -0.14297836 0.32353583
0.10145712 -0.16614488 0.35794395
-0.09944546 0.16537195 0.41504335
0.06622741 0.14700112 0.40497035
0.03818626 0.16620533 -0.29125452
0.09212936 0.14837949 0.36737549
0.04266933 0.15885121 -0.27682877
-0.01502131 -0.12224395 -0.28695780
-0.04031112 0.09331510 0.16733861
0.18050596 0.06952807 0.30226213
0.04462258 0.09097041 -0.16637182
0.06765899 0.13315865 0.21556906
-0.18172447 0.14580171 0.26569736
0.08973138 0.17081168 0.26609492
0.18719991 0.17314795 0.17346260
0.08674978 -0.04028907 -0.35885215
-0.01290079 -0.14987166 -0.36031690
-0.01765254 0.04198428 0.24919233
0.10833405 0.01514855 0.35695016
-0.10312159 0.16013256 0.29745591
-0.04884138 -0.15582721 0.34876359
0.05446967 0.14913467 0.27498698
0.10716943 0.17138198 0.07729127
-0.06286994 0.16518451 -0.32705039
-0.06270514 0.13817829 -0.17347348
0.19140619 0.17342496 0.13555819
0.02134718 -0.14974968 -0.14661665
-0.06350917 0.13919580 -0.34904748
-0.01870936 0.17183840 -0.36822399
-0.19863436 0.16013622 -0.15009263
0.20442976 0.17162775 0.02773581
-0.18587029 0.16487090 -0.03366800
0.00839630 0.07419898 -0.16378649
-0.09270780 -0.15970559 -0.29462573
-0.15679330 0.15293920 0.13366990
0.18837887 0.16181044 0.40006658
-0.18431953 0.13163880 -0.11752010
-0.14226921 0.08738534 -0.20442568
0.00689252 -0.03667456 0.29477608
-0.00178020 -0.11514565 0.05588448
-0.04465913 0.13291125 -0.34701750
-0.05860418 0.16921254 -0.15805808
0.18352447 0.12703647 -0.04862496
0.06199519 0.14867309 0.19774425
-0.14541392 0.09148076 0.18673876
-0.09346797 0.16378328 0.13487110
0.07609911 0.15935931 0.37049615
0.05881730 0.14843561 -0.14538887
0.02926709 0.16416954 -0.26662087
0.03449802 -0.15392062 0.32901040
-0.05398657 0.01622966 -0.34414101
0.15222953 0.07281901 0.28952563
0.08225096 0.05794269 0.39271963
0.09370428 -0.07608805 -0.34366712
0.02432059 0.15372969 0.16072376
0.21037188 0.16532795 -0.31077126
0.20695606 0.17149147 0.23807932
-0.05901591 0.16869459 0.26324072
0.03757653 0.15759900 0.26310858
0.08624521 0.08425369 -0.11033535
-0.14754619 0.16828680 -0.13184693
0.12136784 -0.00451811 -0.33397317
-0.07006557 0.14141464 -0.03859743
0.02161133 0.06842478 -0.35184556
-0.18056394 0.15912804 0.26171437
0.14570174 0.14834987 -0.39995325
-0.10221343 0.10316980 0.06856387
0.02559661 -0.05367631 0.32619745
0.02743410 -0.04070247 -0.23501863
-0.11171564 0.16977322 -0.12010214
-0.04317299 0.16821328 -0.38163775
0.00027059 0.05044045 -0.36817271
0.15038078 0.16210587 -0.04495683
-0.04941553 0.16856031 -0.39043319
-0.04569472 -0.14235260 -0.36502278
0.06084473 0.16682030 0.39671078
0.19760336 0.15461794 0.01327948
-0.21156089 0.16822506 -0.28422847
0.07592912 -0.14023164 0.29334581
-0.01496532 0.17209461 0.28443959
0.04703519 -0.11314602 -0.33169472
0.13077474 0.16651441 0.05551111
0.17062181 0.15927349 -0.23817170
0.15641202 0.12350212 0.22819552
-0.07909400 0.16598491 -0.35423487
0.06920601 0.14847861 -0.10051458
0.12453084 0.13517089 -0.02483156
0.13178149 0.17848004 0.12129959
-0.15580982 0.15772727 -0.20400360
-0.02227605 0.11408654 -0.20539093
-0.02695167 -0.14252189 -0.25381717
0.11688691 0.12181921 -0.35499659
0.10059203 0.10387470 0.34040594
0.18412514 0.16947301 -0.20723267
0.11338644 0.16214176 0.35406211
-0.07512689 -0.12539122 0.24771431
0.14442468 0.17428787 0.36316097
-0.15988256 0.15564539 -0.33326548
0.20329748 0.13707602 -0.39632645
-0.18096164 0.16170728 0.35926881
0.00796235 0.03649274 -0.37962985
0.00022044 0.11147963 -0.38293824
-0.06600681 0.14790687 0.31461310
-0.20324644 0.17095290 -0.08810767
-0.00015971 0.04424841 -0.36635950
-0.13868576 0.17066762 0.29616252
0.17940515 0.17061557 -0.38702032
-0.03620300 -0.10483677 0.04972760
0.01880683 0.16551043 -0.13020876
0.15010323 0.17550486 0.04661820
0.05634933 -0.01609168 0.33923233
-0.06165095 -0.11913920 0.10763595
-0.16636877 0.14754027 -0.06972376
-0.08909670 0.17019615 -0.22003886
0.14519779 0.08840557 0.28336728
0.16451602 0.15054651 0.39228263
0.12956674 0.14639518 -0.01543929
0.20898056 0.17198822 0.28686485
-0.01567059 0.02791215 0.20922528
0.03278178 0.13207529 -0.33675969
-0.13288336 0.16048548 -0.31101316
0.15354466 0.17769678 0.12838499
0.17212480 0.12949494 0.04216585
-0.09654794 -0.00212162 -0.29468802
-0.11546171 0.15219852 -0.40460989
-0.01982911 0.07606306 0.33855820
0.12320889 0.04744166 -0.20725136
0.11819054 -0.16179849 0.33792502
-0.18662305 0.13675688 -0.19365956
0.16638714 0.17496105 0.28431019
0.13913570 0.17222597 -0.19109149
-0.07212257 0.17293632 0.31783926
-0.18258464 0.15369891 -0.35287356
-0.10123748 0.16402797 -0.10094431
-0.03291364 0.13088192 -0.35502231
0.10964189 0.13606237 -0.22616167
-0.00205423 0.07343078 0.24648535
0.10612971 -0.14437561 0.34980622
-0.05640566 -0.06982451 0.29651126
-0.04314455 0.17256789 0.06591383
-0.20062901 0.16004814 -0.19626375
-0.02835313 -0.14792109 0.28296226
0.00300738 0.17188282 -0.18015818
0.01835264 0.17054084 0.18107300
-0.08837145 0.12896943 0.13566084
0.08469875 0.14347808 0.31621990
-0.15074112 0.14455818 0.10737327
-0.20029579 0.16118500 -0.37265584
0.08066811 0.16899812 0.23234835
-0.05236873 0.15973946 0.23701528
0.09494333 0.07994638 0.37225714
-0.05942297 -0.13195731 -0.17912868
-0.17859350 0.15331408 -0.39137542
-0.02389403 -0.14237757 0.36010435
-0.17118061 0.16965808 -0.21322082
-0.08489446 -0.10798483 0.34663206
0.03703745 0.16879140 -0.17499030
-0.18281028 0.17377573 -0.16801414
0.16505328 0.17662698 0.04355740
-0.02844654 0.16583028 0.30433798
0.09983639 0.14748643 0.20038329
-0.09346385 -0.13649490 -0.25603399
0.09229051 0.16126806 -0.06450359
-0.03623952 0.01495912 -0.38552591
0.10340875 0.13893002 0.31992355
0.07634123 -0.11983965 -0.36743656
-0.02806255 0.16399556 0.12612456
0.12656693 0.01223158 -0.36410987
-0.06188947 -0.02285223 0.33258736
-0.08997393 -0.06576096 -0.32555848
-0.20887193 0.15832640 0.33747071
-0.20924769 0.16513985 0.28419042
0.06194444 -0.13568775 0.31742316
-0.20484415 0.15032446 0.13819441
-0.14040235 0.16884361 -0.19377202
-0.03598411 0.06573442 -0.20001969
-0.06511387 0.16755070 -0.32322609
-0.08912583 0.14241776 -0.27518946
0.15788330 0.16029720 -0.20830430
0.11586286 0.15696277 -0.05956920
-0.01946235 -0.14493980 -0.08132342
-0.06900157 -0.16724370 0.33701685
0.04052123 0.02352043 -0.35859033
0.01497873 0.13719307 0.00054830
0.03680429 0.11024553 0.11684939
-0.08820923 0.17058645 0.33394331
0.14031234 0.14277817 0.04940706
-0.01060724 0.16350593 -0.24222232
0.06289884 -0.11208006 -0.09506765
-0.18637304 0.13831039 -0.21556202
0.10887037 0.16951992 0.29203099
0.14380477 0.14115071 -0.31977877
-0.18895707 0.14148784 -0.28977272
-0.06178821 0.12948534 -0.28164315
0.06301109 0.16956156 -0.28850931
-0.12123163 0.15666385 -0.15163842
0.20762376 0.16737008 0.33037025
0.09940155 0.18012176 -0.13834402
-0.06706976 -0.16307649 0.34968305
-0.13394958 0.16400798 0.28963029
0.02256657 0.17230494 -0.23528615
-0.10683614 0.17094009 -0.02398293
0.08507077 0.17074640 0.10124183
-0.19811171 0.14516501 -0.03367417
-0.02067518 -0.11108375 0.20499417
-0.08879973 0.03705613 -0.34244281
0.17287382 0.11137365 0.30738267
-0.00012908 -0.14216371 0.33968738
0.04274669 -0.16306472 0.34569162
-0.06928119 -0.06305243 -0.33626509
0.05614770 0.16950628 -0.02614297
-0.06764334 -0.02297165 0.33352762
0.10330169 0.15706950 0.16412202
0.12174707 0.08898233 -0.39091074
0.10827785 0.17570879 -0.00363943
0.18030699 0.17241941 0.15028970
-0.02874335 0.16686520 -0.04292746
0.00964216 0.15502673 0.38152790
-0.02272097 0.16350272 -0.24291565
0.13617153 0.16386853 0.26495269
0.07059730 0.16831367 -0.38931841
-0.11828055 0.00103390 -0.33904091
-0.07819524 -0.12261912 -0.32678282
-0.14436908 0.15598613 -0.20191871
-0.03382186 -0.12903929 -0.35887423
-0.15119965 0.13232732 -0.24110475
0.12697835 0.14929965 0.38546148
0.03208146 0.16874896 -0.40666696
-0.06645574 -0.06784509 -0.35670567
-0.12890203 0.16641213 0.23182228
-0.08785857 0.10359627 -0.36041325
0.20885384 0.17178090 0.30594182
-0.19787708 0.15934095 0.09279871
-0.04786634 0.09125104 -0.25263575
-0.05769347 -0.14400047 -0.35749137
0.09032306 -0.15573281 -0.33128443
0.00635996 0.14811568 -0.37984124
0.00006358 -0.16294847 -0.33067146
-0.07322830 -0.15685761 0.31625772
0.16412763 0.13049555 -0.30516478
0.16367546 0.14081411 0.06573805
0.19287139 0.17337421 -0.13632795
0.00102272 0.09119843 0.28493524
-0.06828478 0.16315630 -0.12420818
-0.19394960 0.14576627 -0.31752279
-0.06628637 -0.14810303 -0.30905119
0.11579503 0.08228210 0.30972776
-0.13478838 0.13737583 0.26629466
-0.03856844 -0.13494363 -0.34258974
0.16716121 0.11385992 0.07025804
-0.00489314 -0.14123684 -0.36219171
0.11512591 0.04946184 0.26052377
0.05770832 0.15063894 -0.14839604
-0.11509970 0.15399994 0.14608240
0.09515008 0.17339104 -0.26758778
0.14712752 0.13745703 -0.36531892
-0.19538569 0.15469767 0.10083756
-0.06749816 0.03870464 -0.20137545
-0.11112150 0.12374739 0.01652060
-0.16682357 0.12308253 0.39898181
0.11065628 0.12380056 0.14189363
0.09207759 -0.12167055 0.33474964
0.01270350 0.13695043 0.21460904
0.20770106 0.15873247 0.25518748
0.20238063 0.17036179 0.23411715
-0.02480122 0.08810535 0.30359158
0.14087255 0.15079349 -0.27517989
0.04731893 0.08243932 0.33463562
0.01980533 0.11069356 0.33643037
-0.05333702 0.17156734 0.31801450
0.01752902 0.12577435 -0.38648504
-0.05109099 0.12913311 -0.25770995
-0.10621012 -0.02906971 -0.29322383
-0.05924487 -0.11512063 -0.36536217
0.18501379 0.14254589 -0.14513084
0.17132056 0.17064814 -0.37184218
-0.15324023 0.16847564 0.20312166
0.09123290 0.14950974 0.09653305
0.10568235 0.16849460 -0.12613226
-0.08670622 -0.01511764 -0.29959127
0.02449453 -0.14615999 0.35788000
-0.16623828 0.12832305 0.23600976
-0.17882213 0.12373777 0.17329995
-0.01512614 0.14926873 0.36070764
-0.15008678 0.16690932 -0.09880190
-0.17825821 0.12761094 -0.28917789
-0.15597519 0.17337480 -0.27739844
0.06512896 -0.14689186 0.34994313
-0.05117745 0.17249054 0.25863695
-0.08355995 0.13972634 -0.17635843
-0.06071139 0.00589453 -0.34226570
-0.10290076 0.13703579 0.38871843
0.09482551 0.15097532 0.03183141
-0.05570646 -0.15262508 0.35019740
-0.08929334 0.17094195 -0.34470978
-0.17079873 0.15794694 0.15752180
-0.05581438 -0.14531019 -0.32628399
0.19427325 0.15505995 0.01351369
0.03170770 0.16648550 -0.07013124
-0.02390885 0.07230312 -0.34853891
-0.18738092 0.17105804 0.17682886
0.09330973 0.16456839 -0.22810084
-0.02106416 0.17085679 -0.24165405
0.21086046 0.17162669 0.07430985
0.13775393 0.15226679 0.02388478
-0.04115343 0.14407283 -0.25528634
0.09806282 0.13281739 -0.12086877
-0.20279475 0.15488230 -0.02028091
0.08446569 0.06275165 0.36756679
0.16325162 0.14853615 0.16149572
-0.19797158 0.15127558 0.25793204
0.14940143 0.12334335 -0.06818427
-0.20300107 0.16142799 -0.11710803
0.09085976 -0.05710964 -0.35262883
-0.19287701 0.11800954 0.37843663
0.09557385 0.17062548 0.40406054
-0.15455033 0.08207162 0.36172691
-0.11084956 0.15447593 0.18581516
0.14679278 0.13982460 0.25194332
-0.05290975 0.16119692 0.08083318
-0.08981493 -0.13605563 -0.34524187
0.20698602 0.17330149 0.14598189
-0.02082661 0.16819629 0.30893663
0.21297444 0.15909533 0.36203676
-0.10920084 0.02414084 0.33846760
0.01533489 0.15893573 -0.26985455
0.07746880 -0.14367129 -0.16939156
0.03375241 -0.05496870 -0.32608438
0.08274005 0.16090778 0.01060898
-0.08803205 0.01695609 -0.26184925
0.07639924 0.17435357 -0.07387441
-0.18782926 0.13102335 -0.37046245
0.04921038 -0.08533484 -0.31628603
-0.13617560 0.12575793 0.33975595
-0.07381738 -0.09675354 -0.15129165
-0.12192868 0.08767106 -0.09632464
-0.03995608 0.03980692 0.25169998
0.09942430 0.16412948 -0.12936287
-0.07469252 -0.14681314 0.35287735
-0.02863566 -0.04198852 0.34574190
-0.14754345 0.14170098 -0.24914752
-0.02338592 0.16190970 0.25020894
0.10966496 -0.15899003 0.34950468
0.03752267 0.16994980 0.18418883
0.02534871 0.16486651 -0.34643725
0.14972450 0.09868433 0.30368224
0.01833929 0.05027362 0.37475315
-0.18569382 0.13533996 0.38562751
0.03370596 0.08398862 0.13255337
0.10532676 0.12144828 -0.07861301
-0.01589056 0.16000131 -0.21783057
0.03312414 0.17044471 -0.20596020
-0.16493523 0.14182495 -0.31364778
-0.11125451 0.14947282 0.03858118
-0.06408558 0.07583261 0.38492426
0.00288166 0.16921125 0.01684951
-0.11229852 0.07490473 -0.34641027
-0.14751115 0.16663624 -0.02762027
-0.00653365 0.13810547 -0.38021946
-0.01146183 0.16604762 -0.30790940
0.19538936 0.16335984 -0.02984925
0.19377933 0.15282768 0.11931990
0.11351792 0.16369158 -0.32093421
0.06501770 0.12652542 -0.38507092
0.05967299 0.17472254 0.26991028
0.08330908 0.12013315 -0.19999245
0.10972503 0.13988787 0.26623762
-0.01592094 -0.10929117 0.32606313
0.18546641 0.15676132 -0.19299226
-0.00495542 -0.15112048 -0.34776714
-0.05940413 -0.12670746 -0.28259215
-0.03392684 -0.07819834 -0.35996741
-0.20947057 0.16182706 0.10318232
0.05667289 0.16367845 -0.32307595
-0.10296554 0.13282518 0.02866439
0.07703297 0.17465569 -0.31561247
-0.06217438 0.17170425 -0.04471241
-0.09608323 0.15410325 -0.33531213
0.21031955 0.17498213 -0.01465348
0.03579789 -0.14507571 0.35330987
0.10725944 -0.01877092 -0.32721707
-0.19328117 0.14061219 0.31856319
-0.11176151 -0.06491455 -0.35067427
0.09326127 0.14533338 -0.10193709
0.08789039 0.10873210 -0.18682821
-0.03378878 0.09588260 -0.38967782
0.10055904 0.15382016 0.09142016
-0.12091850 0.05871796 0.30817097
-0.03158909 -0.01730915 0.25490594
-0.09345085 0.16691995 0.32716116
0.13631734 0.11832984 0.36498150
-0.11374606 0.15589191 -0.40250111
-0.20393445 0.15503307 0.02659105
-0.01338177 0.10505009 0.19043826
0.02292671 0.05351195 -0.01311640
-0.09740517 0.16624913 0.03835722
0.12652747 0.11218402 -0.15554839
-0.18940851 0.16696890 0.14685823
-0.18206355 0.16795932 0.01942269
0.01957837 -0.00109554 -0.25677922
-0.17451423 0.16025479 0.15647048
0.12970488 0.00775312 0.31695238
0.01812081 -0.00662189 -0.28876647
-0.16053493 0.17370351 0.05132184
-0.12040131 0.09028889 0.16206411
0.05329246 0.01896374 0.33226338
0.10225329 0.17150319 -0.10586334
-0.19751546 0.16926321 0.14511554
-0.17869498 0.12436078 -0.31492680
-0.20317273 0.16144718 0.32995328
-0.00731107 0.12072392 -0.36249012
0.17717941 0.17272761 -0.34475785
0.03394842 0.16606651 0.00327579
-0.13992259 0.16646345 0.07907948
-0.02597356 0.02627375 0.36735535
0.10201097 0.14202200 0.03018454
0.04141534 0.08905743 0.09694269
0.01187817 0.03727341 0.36677518
0.19612849 0.15425548 0.25685352
-0.15993954 0.16482601 -0.36174265
0.11697198 0.17288193 -0.13652110
-0.04726142 0.16887121 -0.21694440
0.08147444 0.16983123 -0.22726220
-0.02532405 0.16974631 0.19724657
-0.11594447 0.16668023 0.12764812
0.00855693 0.07744018 -0.34985721
0.13307273 0.16855913 0.30103216
-0.20490667 0.15283123 -0.10279141
0.00867357 0.17007929 0.08887998
-0.14334035 0.15760678 0.20703572
0.00205817 0.06813550 0.30635700
-0.15186214 0.13092838 0.34772444
0.06267941 -0.02902815 0.35892051
-0.16020937 0.13599366 -0.32608193
0.12157154 0.17300643 0.37035814
0.00844121 0.13786195 0.03942052
-0.13372375 -0.16483717 0.35222328
-0.03650389 0.08670998 0.08235860
0.04150672 0.06733228 0.36140364
0.02315054 0.15235673 -0.12176400
-0.03356957 0.06837641 -0.26958472
-0.07341017 0.17007744 0.26345989
-0.05937548 0.13310689 0.04382615
-0.00131010 0.15484139 0.17585787
0.03238419 0.16959509 0.31903327
-0.19357999 0.14711677 0.19198373
0.05829701 -0.13808359 -0.35912108
0.20656300 0.17471099 -0.01671434
-0.20162626 0.15498103 -0.14263013
0.04404448 0.09978745 -0.27374884
0.06443179 -0.12977758 -0.34356952
-0.05948733 0.17429587 0.30713180
-0.01266754 -0.12514120 0.35180831
0.06984261 0.17016709 0.12421289
-0.18696365 0.14574456 0.19148223
0.21211351 0.17413257 -0.08230960
-0.01917041 0.06498224 0.17833129
-0.05550784 0.16502950 0.13796845
0.02630489 0.12793428 0.06402615
-0.01984067 -0.14350140 -0.16898796
-0.06666552 -0.03807187 -0.35277650
-0.21472627 0.16167372 -0.36777151
0.05543442 -0.11919168 -0.34065846
-0.07726796 0.17133787 -0.21056247
0.11410987 0.14180416 0.28433940
-0.18959193 0.16465341 0.15833195
-0.03656555 0.06723374 -0.18792313
0.21024352 0.15924129 -0.25844342
-0.13578112 0.11987594 -0.14850751
-0.08389633 0.14881948 -0.26643813
-0.10521128 0.16650592 0.07053061
0.09015284 0.16844192 -0.20125093
0.05853428 -0.05327513 0.33887160
0.06659704 0.17444402 0.00906055
-0.19976890 0.14820543 0.06243687
-0.05752090 -0.08705483 -0.31473997
-0.00411252 0.16808738 -0.36433285
-0.11648933 0.11556757 0.27831391
-0.09930078 0.16092402 0.33085105
0.11133992 0.16251484 0.12165641
-0.04481306 0.14622717 -0.31286061
-0.08795413 -0.16020299 0.33500394
-0.00721315 0.12284517 -0.35381514
-0.09000849 0.11167201 -0.35669455
-0.03084351 0.11913916 0.37103826
-0.19859648 0.16241430 0.15491423
0.17879617 0.15420520 -0.21138905
-0.03340246 0.15258215 -0.15326594
0.05777108 -0.15081401 -0.33611280
-0.13758337 0.09552357 -0.37538266
0.01510208 -0.14589703 -0.05893634
0.19829288 0.17347085 -0.09177409
-0.01343372 -0.09374698 -0.33466324
0.19166690 0.17108372 0.23501351
-0.10547438 0.15553850 -0.12778892
-0.12918499 0.13055757 -0.19173773
0.05521381 0.08960725 0.36538786
0.02740324 0.12623760 -0.00651643
0.11044435 0.10872585 -0.26765239
0.08701183 0.15485050 -0.00726547
0.12750550 -0.04703965 -0.33587635
0.15997562 0.16826534 -0.06372817
-0.16276646 0.16188283 0.10420848
-0.03986729 -0.12837645 -0.34301522
-0.15235595 -0.16645831 -0.32833642
-0.19910593 0.15965083 -0.07625477
-0.03669804 0.14451616 -0.39155951
-0.07155973 0.02629610 -0.21068142
0.17461242 0.13729611 0.15828058
0.15544878 0.17708036 -0.13654737
-0.01909774 0.16138473 -0.38292757
-0.01450179 -0.15856284 -0.33402097
-0.19362202 0.12934709 -0.06599297
0.00360145 0.16503456 -0.30293787
-0.10714705 0.06471083 -0.25461939
-0.06399617 -0.11092526 -0.36559442
0.03632916 -0.15731238 0.34584746
0.11249486 0.14220095 0.36559159
-0.04074055 0.16262095 0.40306574
-0.12613110 0.11387534 0.17337485
0.02825153 -0.10185188 -0.36153591
-0.02233561 0.16007914 0.22331053
0.13634875 0.16371328 0.30278337
0.01603345 0.17352983 0.40277743
0.20460285 0.14536922 -0.27388611
0.15793318 0.12123810 0.10881501
0.12685572 0.17594580 0.37252742
-0.01905538 0.16663824 -0.21517421
0.10447051 0.17115587 0.01432988
0.19678904 0.16835789 0.28363076
-0.14380851 0.09434672 0.26369873
0.02651873 -0.03325249 0.35210058
-0.12217793 0.17006238 0.22659749
0.11148977 0.15072317 0.12928234
0.13694683 0.17588744 0.10560656
0.20688322 0.17012851 -0.35316801
0.09096426 0.13047189 0.30678529
0.13518038 0.16602570 -0.05976276
-0.07946423 0.15983213 -0.01539323
0.16262059 0.13157143 0.02574743
0.07991023 0.17532265 0.21469225
-0.21095741 0.16602448 -0.33485782
-0.16956140 0.14015901 -0.22459204
0.01533021 0.15564792 -0.05168570
-0.06138753 0.12547031 0.10668796
-0.16826035 0.16567707 -0.30946073
0.07837673 0.08624522 -0.31528759
-0.15134645 0.16466403 -0.01335233
-0.00563477 -0.14077429 0.35017034
0.04202243 -0.02161518 0.27669743
-0.19175056 0.11884991 0.31325406
-0.05900940 0.09891953 -0.27289400
0.20449305 0.16391815 0.38795847
0.11423038 -0.03837755 0.34978503
0.07232340 0.14031839 0.39386904
-0.21020076 0.17066044 0.02689946
-0.08196846 0.15914991 0.28670931
0.10642003 0.16083717 -0.27327055
-0.14181641 0.15349665 0.33400378
0.10253555 0.14972186 0.14873070
-0.03797694 0.16368914 0.30063993
-0.01113703 0.09757553 -0.22807974
-0.11668945 0.12780364 0.25943416
0.08543703 0.17698385 -0.01996699
-0.14743911 0.13264756 0.22149879
0.17645292 0.14622624 -0.22497822
0.20560636 0.15029439 -0.06218515
-0.15417621 0.10009258 -0.12814014
-0.09120092 0.12136987 0.33401415
0.00483469 0.13757585 0.28406405
-0.08677737 0.10749871 -0.02682985
-0.18718734 0.13968134 0.09643138
0.07267222 0.16946429 0.03483436
0.09188791 -0.15438998 0.34652197
0.05222384 0.16650955 -0.04148531
0.11026356 0.12673369 -0.39857957
0.00412622 -0.13502945 0.29997173
0.11471666 0.17400786 0.00506367
0.08477217 0.01385434 -0.26351818
-0.12871513 0.11704814 -0.39987844
-0.09529591 0.09329324 0.24990648
-0.19171600 0.15804975 -0.06381901
-0.11874019 0.15584779 0.41153395
-0.10436899 0.05889801 0.27234676
0.03859713 0.15511781 -0.19595197
0.01856524 0.11330798 0.01802929
0.03088197 0.17220183 -0.37724277
0.05551643 0.09260542 -0.39039156
-0.11644291 0.16465598 -0.03499354
-0.07205842 0.16161840 0.14930680
-0.04696234 -0.14545427 -0.25165862
-0.11773333 0.11723579 0.25216606
-0.10139743 0.15015236 0.26317394
-0.14741397 0.16927662 -0.40089434
0.05521029 0.07718486 -0.28291628
0.00773993 -0.03072926 -0.24977545
-0.18648554 0.16825816 -0.31069374
0.02098277 -0.08008227 -0.34420514
-0.14343713 0.15898465 -0.07976235
-0.05333721 0.15477379 0.29951820
0.00828080 0.07349524 0.26722300
0.00794098 0.02968274 -0.29771259
0.00340714 -0.00395947 -0.35406536
0.18780722 0.15209092 -0.05608295
-0.12078984 0.02637685 -0.28953445
-0.22124906 0.16496314 -0.37286642
-0.02083274 0.08252098 0.07323045
0.04782320 0.15055320 -0.08265811
-0.12115613 0.16826786 0.19032790
0.18271738 0.11339495 0.29489109
-0.16708410 0.14793496 -0.17751829
0.12894270 0.17517427 -0.09412273
-0.12951660 0.17114443 0.03195138
0.11173242 0.15971962 0.25183201
0.04526027 -0.10555157 0.05622564
-0.10970736 0.05038014 -0.26021999
-0.01207223 -0.00255461 0.37465832
-0.00272423 0.14036365 0.08315756
-0.16794702 0.16796921 -0.18576093
-0.16968517 0.16972469 0.28259727
0.03283016 0.15481053 -0.13180397
-0.20436972 0.17002758 -0.22759917
-0.13801160 0.16170089 0.02129093
-0.03178217 0.17041768 -0.16532114
-0.15860111 0.10099597 0.31175950
-0.14812630 0.16849250 0.32740951
-0.05747094 0.17023392 0.34796852
-0.07034433 0.14808778 0.10138150
0.05387363 0.16343962 -0.11746820
-0.21116394 0.16766179 -0.20469256
0.08792876 0.16211471 0.07212397
0.15297394 0.17174561 -0.38763386
0.02600019 -0.14254989 0.34840542
-0.05566188 -0.15044305 0.30590272
0.04707267 0.08847039 0.34011179
-0.11119744 0.16995165 0.20731862
0.04190291 0.14550032 0.06608872
-0.20703226 0.15918425 0.14235914
0.03763528 0.00593720 -0.30565071
-0.12377171 0.16398755 -0.22667965
-0.15023516 0.13995740 -0.15400225
0.20111892 0.14883780 0.01805452
0.08358880 0.15166333 0.08491828
-0.16528293 0.11879701 0.15194602
0.18367273 0.16878542 -0.15444516
-0.11294496 0.16388157 -0.14662996
-0.18674420 0.15642689 -0.23305045
0.15598807 0.17630121 0.20350766
-0.15512067 0.16514429 -0.09636106
-0.04020628 0.15776797 0.23244709
0.21274161 0.12616539 -0.39627135
0.13008456 0.15930301 -0.33359930
-0.16799051 0.14457040 -0.03534780
0.02580474 0.15266739 0.34921846
-0.08363631 0.17319517 0.05853642
-0.10042518 0.02165478 -0.26130465
0.00949563 0.16518706 0.38157442
-0.06703450 0.16833813 0.17165196
0.17328271 0.15375784 0.19553542
0.01227939 0.15874298 -0.19970617
-0.02309046 0.15215462 0.10517125
-0.16279878 0.12069363 0.02413730
0.05949385 0.17143118 0.23324358
0.08533679 -0.13610165 -0.26411593
0.05509572 0.08346504 -0.30412725
0.17092803 0.17131166 0.35264677
