0.14396599 0.14863206 -0.02383895
0.16706605 0.15376845 0.36890405
0.06571336 0.15146863 -0.36437455
-0.18600568 0.16180392 0.37390107
-0.05709277 0.15474492 -0.16843633
-0.18326759 -0.14378457 -0.38092452
0.13006875 0.15440412 0.35520351
-0.10892639 0.16185811 0.37001330
-0.09162158 0.15060401 -0.41247168
0.15484330 0.15385590 0.26264220
0.08655331 0.15305209 0.10134217
0.03006368 0.15551025 -0.28180513
0.07702613 0.15465106 0.26208806
-0.01339966 0.15281379 -0.13569036
0.17726380 -0.13814197 -0.38539541
0.00492673 0.15915313 -0.00748003
-0.15888605 0.08905666 -0.41585907
-0.07103375 0.16315447 -0.32053596
0.17033750 0.14724527 0.41932276
-0.08491662 0.16694085 0.14926133
0.10406296 0.15411203 0.04590595
-0.14540808 -0.12932494 -0.38396472
-0.19411002 0.15851058 -0.03106835
-0.19168763 0.14993401 0.14656739
0.12732625 0.16490309 0.01972753
0.05715197 0.16147172 0.41920629
0.12582198 0.14909618 0.42487052
-0.15840013 0.13731109 0.36249307
0.07848751 0.15955490 0.28404665
0.18060109 0.15151985 0.31537363
0.01595184 0.16321464 0.06673377
0.15534373 0.08295783 0.40954912
-0.06519878 0.16082039 0.16309687
0.17876358 -0.13861631 0.40574604
-0.02858769 0.13525571 0.40403625
0.14082977 0.12130104 0.41354442
-0.07287777 0.16440216 -0.01349346
0.18716814 0.16276300 0.21109077
-0.18928565 0.16297530 -0.03253671
-0.16175763 0.13005756 -0.41573405
0.18209761 -0.04479594 0.40782920
0.00125695 0.16205849 0.40428412
-0.17904603 0.09071768 0.36664990
0.12731349 0.15275261 0.31982651
-0.17374885 0.15103659 -0.25306338
-0.17762406 0.14815639 0.39580095
0.10164013 0.15918060 -0.36387780
0.12393464 0.15658341 0.33916888
0.00586672 0.14751329 0.37627459
-0.11897129 0.15116595 0.38415927
-0.03714363 0.15479401 -0.24666268
0.05843032 0.15121004 0.37775493
-0.12805305 0.15452400 -0.05412884
-0.18281028 -0.14564936 0.38970372
-0.10797852 0.16160883 -0.22920997
-0.19565374 0.15144888 0.04744289
0.13073663 0.16256180 0.31061602
-0.19446483 0.15785456 -0.31508631
0.17548552 -0.13794997 0.38434768
-0.03158922 0.16137442 0.27686939
-0.18185860 0.15675148 0.29927784
0.11439634 0.16231938 -0.37512770
0.18377462 0.07127577 -0.40944940
-0.05348562 0.16272189 0.38069671
0.18264875 0.15220632 -0.07294619
0.07484920 0.16329175 0.37134221
-0.00903125 0.16189021 -0.41831449
0.18036452 -0.02330089 0.41363671
-0.13261485 0.16061866 0.39868662
-0.17203809 0.15552241 0.30338269
-0.16679180 0.16714843 0.14140041
0.18864150 0.15569986 -0.20483088
0.09274003 0.15352996 0.06009284
0.19228089 0.16118905 0.37678504
-0.14760876 -0.09562223 0.38006341
-0.18312976 -0.08085041 -0.40657222
-0.16859268 0.13689074 -0.14436080
-0.03909898 0.16201347 -0.23177488
0.05697214 0.16254197 0.02386057
0.17608540 0.06186327 0.41762379
0.09030844 0.15437344 0.22630891
0.00783621 0.16384690 0.26976821
0.14428608 0.12081736 0.40893057
0.05700158 0.14005844 0.40156415
0.15063930 0.01009328 -0.39323902
0.13996276 0.15095183 -0.02285205
-0.13902463 0.15136252 0.17234695
-0.02984340 0.16615662 0.09059166
0.18524307 0.13725597 -0.41513520
0.18349877 0.13327706 0.03833506
-0.15690443 -0.13845173 0.40807429
0.15081227 0.14913711 -0.36759600
-0.18001302 0.14929190 -0.12304333
0.15956043 -0.06987917 -0.40988013
0.07209012 0.13425188 -0.40061963
0.01375155 0.15955879 -0.23911415
-0.14543369 0.16024572 0.24571139
-0.11489571 0.14918526 -0.41302758
-0.10858469 0.16261022 0.29470286
0.09035006 0.16246659 -0.14733279
0.12022286 0.16646551 -0.00161888
0.01376082 0.15043302 -0.11839293
0.17433698 0.16202869 -0.41690579
0.01658821 0.15769365 -0.20502424
0.14262889 -0.09077005 0.41104132
0.18706320 0.06373242 -0.39459878
-0.03844047 0.13806358 0.38622636
0.18177234 0.16239518 0.27831256
-0.14332972 0.12736756 0.40699553
-0.16206123 0.13316509 0.26702088
0.01178358 0.15523168 -0.13945197
-0.12242132 0.15095176 0.41824630
0.14328487 -0.11964637 0.38676172
-0.08393005 0.16284639 0.36135656
-0.16067758 0.02345009 -0.38624486
-0.15666778 0.15319191 0.42427820
0.03022829 0.15358885 0.11716739
0.17944114 0.14118893 0.27570838
0.16545951 0.16304487 -0.17022695
0.17996730 0.15235405 0.25328860
-0.09913831 0.13061666 0.36496508
-0.08099374 0.16234654 0.23640579
-0.01003033 0.15666410 -0.04088753
-0.08965726 0.15574558 0.05532039
0.02686024 0.16085175 -0.20473227
0.19222231 0.16447872 -0.33668512
0.15393865 0.15172954 -0.33157873
-0.11743604 0.16313113 0.23923108
0.00827087 0.15535067 -0.40417427
0.08302590 0.15543939 -0.21144077
0.09983358 0.16248609 0.20376205
-0.08662725 0.16433296 -0.02440661
0.17179772 0.15340827 0.35757574
0.18679050 0.07046437 0.37442428
0.15177019 -0.16139512 -0.40470737
0.17675994 0.16333443 -0.17909735
-0.13377753 0.16280924 -0.25053161
0.03536268 0.16018367 -0.41976604
0.06165965 0.15673785 0.30822363
-0.16122523 0.14306226 0.07591662
0.16434808 0.15678048 -0.13998164
0.16715884 -0.10009485 -0.38281897
-0.17771998 0.14758137 0.01851854
0.17882861 0.14024605 -0.13102312
0.19217233 0.15885776 -0.40647432
0.15952301 0.16501178 -0.21867225
-0.11293599 0.15873331 0.34567171
-0.06623323 0.15979216 0.26479572
-0.15424588 0.15104869 -0.06798143
-0.15974659 0.03533993 -0.38452780
-0.18906553 0.14637993 0.01310393
-0.11052663 0.16342925 0.33217138
-0.01188783 0.16447465 0.14777429
-0.13148667 0.14387399 -0.03301468
-0.05102864 0.14677145 0.40072492
-0.06791891 0.15477590 -0.33219436
-0.16955729 0.16439667 -0.09918614
-0.19437197 0.15732205 0.28512833
-0.18876821 0.14703415 -0.17824098
-0.17871444 0.14761537 0.13451785
-0.18168238 0.13310964 0.10189894
0.19280101 0.16159347 0.03525016
0.12516664 0.15150569 -0.25957829
0.00153218 0.15922657 0.16760343
0.16405672 0.13363881 -0.11129747
-0.15172291 0.14921561 -0.38850448
0.18500619 -0.11112124 -0.39392987
0.14920086 0.09661520 -0.40846169
-0.11570238 0.15806995 -0.00038664
0.13756983 0.16322878 0.34564421
-0.13088587 0.15936001 -0.35449207
-0.00062921 0.15003121 -0.07587929
-0.11416084 0.15402471 -0.27315867
0.06212307 0.16014199 0.17093466
0.14404067 0.16271536 0.35486877
0.19436087 0.14875272 -0.36537725
-0.03098346 0.16042516 -0.17054352
-0.15165660 0.15594529 0.41998488
-0.19046399 0.16178311 -0.06612587
-0.15359989 0.16369599 0.02024900
-0.02601262 0.15284482 0.35087794
0.01625571 0.15038601 -0.04636182
-0.16268007 0.05957906 -0.38177997
0.17992826 0.16574623 -0.37276509
0.08765213 0.16133924 -0.28672460
0.18322608 -0.03844824 -0.38854438
-0.17608839 -0.00403318 -0.36428261
-0.12384006 0.16233057 0.25257078
0.16755094 0.16472763 -0.21016419
-0.10752866 0.16498394 0.01529319
-0.00041966 0.15459409 -0.13996431
0.01243315 0.16113199 -0.17868173
0.06076635 0.15536720 -0.19954817
-0.16990317 0.16137153 -0.15749079
-0.18756476 0.16168727 -0.00851360
-0.15118302 -0.13008468 0.40674114
-0.08854449 0.16519137 -0.29764339
0.07247102 0.14429726 -0.37234244
0.14126086 0.13311587 -0.38061982
0.05803978 0.16057216 0.15260880
-0.09053951 0.16074269 -0.36912769
0.12925926 0.14777045 0.14072041
0.05611580 0.15118650 -0.03427269
-0.16116343 -0.01053495 -0.38740936
0.04044706 0.15073134 -0.06727771
-0.06431529 0.15826178 0.04345804
-0.01138085 0.15133750 -0.05856889
0.18356806 0.16314894 0.21578322
-0.16520774 -0.12071016 0.41386706
0.18762185 0.16198879 0.20225282
0.07934123 0.16230109 0.36399370
0.02735292 0.14740929 -0.05730287
0.15560144 0.05766653 0.37581003
0.19240749 0.16182408 0.29947969
-0.08198898 0.16316484 0.33816496
-0.00091621 0.16201732 0.40817684
0.19163132 0.15942822 -0.02440896
0.15569051 0.15984596 0.06486561
0.10294537 0.13614558 0.40757251
0.16751678 0.16318868 -0.06817384
0.15561046 0.15377320 0.30741158
0.19586995 0.15484124 0.04259021
0.01360998 0.14855683 0.18126675
-0.02062443 0.15850371 0.20039897
-0.08605532 0.15421963 0.23878020
0.18715550 0.13558039 -0.10007834
0.13567957 0.16046368 0.40401122
-0.13490826 0.16393030 -0.03746446
0.04414628 0.16032219 -0.02569109
0.00370207 0.15302068 0.40798223
-0.17260139 0.14846966 0.10669591
0.00082545 0.15946470 -0.25107625
0.06029743 0.15429984 0.04325896
0.11098783 0.15402630 0.36929560
0.04681956 0.16481145 0.23430844
0.17596856 0.02817331 -0.41530579
-0.02375290 0.16085169 0.37047270
0.03376504 0.13890041 -0.40906906
-0.18139035 0.02852855 -0.39034557
0.16766390 0.15010703 0.27497733
0.07836496 0.15943708 0.24050063
0.18572785 0.14264636 -0.29513639
0.07867682 0.16009869 0.21094817
0.15323557 0.16158475 -0.12861654
-0.13159025 0.16510569 -0.14868726
0.10764693 0.15965252 0.07678266
-0.17995043 0.12003509 0.14398952
0.17076354 0.16524810 -0.09761018
0.00205307 0.16325758 0.08601925
0.08672515 0.15698801 0.38637394
-0.18365315 0.13452683 -0.22417849
0.04260928 0.15553483 0.32176384
-0.05945226 0.15453771 0.35815158
-0.14845982 0.14211819 0.12777448
0.16960937 0.16454197 0.32657573
-0.03222787 0.15360406 0.23202530
-0.14751786 0.16457175 -0.36095104
0.00464677 0.16439360 0.08855907
0.08597650 0.15325648 0.25609824
-0.03700991 0.16246721 -0.14976674
-0.16188058 -0.08599083 0.41173667
-0.17815846 0.06067832 0.40623248
0.07002491 0.14881475 -0.35521871
0.08622398 0.16019632 0.20992804
-0.11084562 0.15727921 0.18797165
-0.11099275 0.16363309 -0.33206823
0.09262295 0.14569476 -0.00169804
0.14147435 0.15562508 -0.21120523
0.02902790 0.14965056 0.06502120
-0.14399493 0.15254383 0.41647276
-0.15866923 0.14705874 0.12092490
0.16809051 0.14413159 0.13606420
0.17377156 0.13554855 0.31944466
0.18988253 0.15547492 0.14861761
-0.15130340 0.16134655 0.33781812
-0.19005574 -0.06137504 -0.38947397
-0.17654666 -0.15110439 0.38394728
0.15317059 0.16079170 -0.20744999
0.14777130 0.15780625 0.05189198
-0.01158634 0.15150844 0.41631776
-0.18151513 0.12751241 -0.26280087
-0.19407713 0.15366083 0.35584721
-0.12954906 0.16207376 0.39700878
-0.08297781 0.16157055 0.08518590
0.10897794 0.15117408 -0.04643397
-0.03988581 0.16005807 0.05867275
-0.18712275 0.13535695 0.18550493
0.04383826 0.15943947 -0.41609317
-0.17822734 0.15222161 -0.27703902
0.18581969 0.09940785 0.41226903
0.07353325 0.16171238 -0.15930465
-0.13112058 0.16157670 -0.14081120
-0.04829392 0.16247375 -0.27591535
0.01951942 0.16041178 0.23007664
0.16405243 0.16469514 -0.23609294
0.09810326 0.15465198 -0.13758335
-0.10461718 0.16138424 -0.22055484
0.09070018 0.16386922 -0.02375379
-0.08033101 0.16317333 0.21040145
-0.14999801 -0.12786631 -0.40868476
0.17453404 0.12491892 -0.13972229
0.15637884 -0.06450767 0.37733909
-0.18009013 -0.00051800 0.41076708
-0.17826119 0.13175036 0.07272640
0.15951735 -0.04583000 0.41523242
0.01306477 0.16597021 0.22286706
0.12279294 0.15512753 -0.06123505
-0.07795077 0.16129608 -0.03182305
-0.16075060 0.11914695 -0.41901338
0.05468347 0.16118129 -0.08784547
0.17940588 0.14209801 -0.15766880
-0.04143488 0.16277939 0.16041359
0.06384198 0.15678784 -0.15516710
0.13170169 0.14337280 0.13249558
-0.17962368 0.15765746 -0.02010306
0.16710454 0.15382645 0.30955210
-0.06040399 0.16294640 0.28255042
-0.07385705 0.16061012 0.14836834
-0.13798642 0.16084462 -0.31477317
0.17846739 0.14669921 -0.19766140
-0.18465863 0.12385326 0.09202393
0.08702532 0.16126528 0.41664749
-0.17287748 0.16877449 0.16331652
0.09201797 0.15409482 -0.16764705
-0.16381054 0.15298501 0.23006178
0.12238210 0.16310439 0.25326914
-0.06957836 0.15154253 -0.15908431
-0.13685709 0.15043476 0.22930329
-0.17521070 0.12185098 0.09912047
0.17777023 0.06890760 0.41424423
-0.18258077 0.15784055 -0.11229284
0.02636785 0.16538328 -0.09615469
-0.11885728 0.15984911 -0.42139181
0.17954028 0.13352299 -0.12005751
-0.07165846 0.15216966 0.31560439
-0.01582613 0.15160723 -0.18039779
0.14458232 0.16454722 0.03286093
0.09869906 0.15974802 0.00726230
-0.19645381 0.16093323 -0.30936074
-0.08472693 0.16235594 -0.41578656
0.17963694 0.13447945 0.06974313
0.15819420 0.16004641 -0.15460129
0.16332455 0.16130611 -0.30161247
0.16046663 0.16355523 0.15770997
-0.15296574 0.16184999 -0.03378513
-0.16211769 0.15085009 0.36493275
0.13733383 -0.10178871 -0.39139587
-0.06463628 0.16486943 0.37010583
-0.05457239 0.15469879 0.07462293
-0.06362946 0.16123332 -0.35601598
0.19160508 0.15766056 -0.34888718
-0.11815220 0.16224407 -0.34262240
0.16691601 0.12993348 0.39367470
-0.00564631 0.16182294 -0.23109570
-0.08109622 0.15494283 0.03227800
-0.13101779 0.16299863 -0.02981717
-0.18601586 0.10929589 0.39116383
0.11007772 0.15294167 -0.06998751
-0.07891520 0.16209079 0.25321561
0.09897126 0.16436684 -0.16936062
0.08820149 0.16006257 -0.14929579
0.18092121 0.07075032 0.41674542
0.05313582 0.16075000 0.25384879
0.16347052 0.16197020 0.25966796
0.18318257 0.03359757 -0.40608627
0.17859913 -0.16342473 0.39959618
0.15800346 -0.09491070 -0.41368344
0.05684285 0.16054286 0.05517065
-0.19177552 0.14517321 -0.37275657
-0.01642767 0.15900236 -0.01711070
0.18489957 -0.05561035 0.41452190
-0.16719589 0.00829836 -0.41895607
-0.15977757 0.13811408 0.36066887
-0.17952871 0.14600876 0.21484925
-0.15691324 -0.15371883 -0.38446876
0.18983014 0.14149959 -0.08307207
0.07580549 0.16201672 -0.33077270
-0.17705387 -0.15130478 -0.40885171
0.16171791 0.14450268 0.14473400
-0.13927113 0.15894039 -0.08936991
0.16649891 0.16349767 0.02496570
-0.07410583 0.16069248 0.03041312
0.17987496 0.16499171 0.15257809
0.00229796 0.15359585 0.38081771
-0.06143345 0.16217574 -0.03356883
0.15329120 0.14881514 -0.42006490
-0.02653084 0.15637475 0.09225278
-0.11469026 0.16460158 -0.32791430
0.01232605 0.16462541 -0.00821324
-0.18739405 0.13045999 -0.18815364
0.18078609 0.16284399 -0.07581957
-0.08811162 0.16131264 0.23994687
-0.16979283 0.14636514 -0.42443460
0.10752754 0.15162420 0.30296722
-0.10193710 0.16127387 -0.11887562
0.01964315 0.15536812 0.27715564
-0.04437861 0.16191359 0.22527951
0.02960539 0.16087614 -0.00927567
-0.02599964 0.15985158 -0.23463377
-0.18227944 0.15644515 0.18703443
0.14981607 -0.12348374 0.41409174
-0.17998621 0.15174454 -0.21378200
0.08681878 0.12166028 0.40655059
-0.12849930 0.14492238 0.03941847
-0.01844892 0.15129073 0.16024417
0.16820797 0.16241084 0.20958914
-0.08513962 0.15938291 -0.06515224
-0.09889257 0.15916510 -0.23723821
-0.00625889 0.16558805 -0.38035250
0.15346548 -0.13060746 -0.41216320
0.11616488 0.15363857 0.16628259
0.16104864 -0.12305839 -0.40985540
0.09433463 0.13448516 0.40654927
0.06402303 0.15659177 0.26705763
0.07456259 0.14187974 -0.40647179
-0.02896994 0.15441217 0.26175439
-0.15064588 0.15249363 -0.07464885
0.13937132 0.15811902 -0.03912322
0.16592453 0.14984457 -0.05583994
0.12786004 0.14200400 0.08594662
0.15967025 0.07708589 -0.38316146
0.17628041 0.13354646 -0.02137920
0.19191483 0.14168902 -0.13543746
-0.15323879 0.14761436 -0.03747005
-0.18617137 0.11506966 0.33757746
0.03821205 0.15635391 0.04813012
0.19727060 0.16264570 0.24630079
0.12492266 0.15892658 -0.27305934
0.15115352 0.14943819 0.41407189
0.18969305 0.15683442 -0.29767546
-0.17795376 0.03377994 0.41257578
0.13863213 0.16416904 -0.03872733
0.19702911 0.15763073 -0.07460158
0.09555521 0.15214455 0.30172592
-0.15968464 0.14088944 0.37667963
-0.15811677 0.16046011 -0.13652827
0.06867464 0.15286741 0.01129873
-0.11923803 0.15196520 -0.41082773
-0.16894607 0.12405395 0.29134774
0.01266638 0.16366725 0.22442226
0.10474234 0.16370457 -0.40716758
0.19856119 0.15859474 -0.29945087
-0.04843219 0.16300766 0.10909505
0.18162605 0.16650139 0.23839745
-0.14317580 0.14932001 0.00413359
0.18201637 0.16390815 0.30998769
0.08377645 0.16127251 0.15311548
0.14570889 0.15290304 0.27265188
0.18033931 -0.01706555 0.39696676
0.00362381 0.15956335 0.25082305
-0.14713836 0.15952371 0.34677175
-0.03129105 0.14822562 -0.39955741
0.12785138 0.16369575 -0.01054190
0.19064175 0.14077802 -0.31332988
-0.18717007 0.14527953 0.03602122
0.03124740 0.16180032 0.28325811
-0.17510359 0.16207196 -0.25365722
-0.02207040 0.15873182 0.37720296
0.05531162 0.15399304 -0.30419627
-0.04993825 0.16163100 -0.31852278
0.10487393 0.15563250 0.36221260
0.08401416 0.15407017 -0.33745605
-0.16399328 0.02284289 0.37721342
0.18242849 0.13376471 0.31227437
-0.18676670 0.12766185 0.18188392
0.13143678 0.16159050 -0.13847035
0.18252774 0.02181313 -0.41374016
0.18293042 0.15880007 -0.17097321
-0.09495801 0.16313773 0.26124048
0.06304129 0.15033656 -0.22634280
-0.17375112 0.15069573 -0.34710661
0.16491005 0.14210781 0.29731226
-0.17991522 -0.14301242 0.41000262
0.15282665 0.15390038 -0.24031404
-0.13229051 -0.15019992 0.38752717
0.18252116 0.14167412 0.27156124
0.03411465 0.14945669 -0.00201984
-0.02643294 0.16115636 0.39745572
0.18584253 0.07592303 0.41524726
0.15832585 0.04001410 -0.41431621
-0.12868838 0.03983383 0.40797985
0.10375431 0.16104741 -0.08831610
0.08579253 0.16199879 0.41311172
-0.00044180 0.15620744 -0.33365753
0.11110228 0.16170913 -0.39091036
0.16874884 0.16242297 -0.11840078
0.15037106 0.12166942 0.41345605
0.17275634 0.12266392 0.32385719
-0.15745938 0.16104530 0.19918557
-0.17037356 0.12492740 -0.28293762
-0.18579391 0.13696486 0.23532172
0.05851395 0.16541958 -0.09908395
0.14738813 0.16353999 0.29326993
0.03937266 0.15186410 -0.00858064
0.14671448 0.14941196 0.10432557
-0.16517864 0.04655176 0.35966134
-0.17988303 0.15295324 -0.19631633
0.11995801 0.16160892 -0.30391747
0.18052036 0.13991356 0.22469328
0.19080302 0.16326593 -0.27220666
-0.18225181 0.08218887 -0.41094714
-0.17455220 -0.14533381 -0.38783973
-0.16348144 -0.04237328 -0.41407439
-0.07381207 0.15769498 0.30648965
-0.00077502 0.16153906 0.19464804
0.07931478 0.16134574 -0.17937005
-0.06876568 0.16132466 -0.28256774
0.18801032 0.13370119 -0.05992343
0.07061121 0.15623927 0.21471538
-0.17123120 0.16268538 -0.18886802
0.09453024 0.15447190 0.09123016
-0.18603046 0.13484213 -0.31427750
0.16362651 0.00148641 0.40862471
-0.05948574 0.16157582 -0.16891502
-0.09219311 0.15133122 -0.10800610
-0.07082549 0.16453283 -0.39867097
-0.02477034 0.15313455 -0.08075832
0.15975891 0.16414723 -0.06657039
-0.09966113 0.16240506 0.04121789
0.17751448 -0.11608419 -0.38553897
-0.11957534 0.13007520 -0.41259772
0.05361533 0.16451843 0.15618563
-0.16875328 0.13626155 -0.18518957
0.12488244 0.13637088 0.38734341
-0.19719416 0.15912551 -0.08993012
-0.12947601 0.14540718 0.40169144
0.19564337 0.15836349 0.14265580
0.12810336 0.14377496 -0.17568283
-0.15246189 0.15373214 0.15329002
-0.10619894 0.15365559 -0.25435048
0.18319872 0.16419852 0.32525545
-0.03141233 0.15809114 0.28497371
-0.16724230 0.16426523 0.20570365
-0.05856555 0.15952082 0.29177231
-0.12063770 0.16071711 0.17104015
0.15946151 0.14608605 -0.07785952
0.12868260 0.16590536 -0.11601666
-0.19083345 0.14330022 -0.10482325
-0.17300610 0.16247207 -0.09686659
-0.00296437 0.15372266 0.28411645
-0.06617419 0.16004567 -0.08421194
0.15110859 0.16691716 0.23809588
-0.18219356 -0.02850479 0.40351453
-0.16321971 -0.11284338 0.37911889
-0.14045112 0.16240332 0.15254399
0.17493713 0.13976812 0.00591654
-0.18722714 -0.09046579 0.40130258
0.14361820 -0.04161303 -0.40817702
-0.16327111 0.15809470 -0.03306869
0.06245854 0.15706037 -0.30595785
-0.06965730 0.15464504 0.36136711
0.06497566 0.16472751 0.12835141
0.17253208 0.14363578 -0.41490132
0.18540162 -0.00315225 0.38424516
-0.08960437 0.15203606 0.28395125
0.11383827 0.16238470 -0.20034605
-0.13885948 0.15236531 -0.40052900
-0.19304413 0.14845957 -0.40988481
0.01621377 0.15622230 -0.02689029
0.02092945 0.16160166 -0.04767255
-0.16255783 0.14620960 -0.23973654
0.09121658 0.16570124 -0.31760097
0.12317640 0.15697624 -0.20619431
0.18229827 0.16332804 -0.08408841
-0.10606815 0.15262501 -0.00541333
0.11880922 0.15095961 -0.18819687
-0.11527941 0.16086809 -0.30003282
0.01459636 0.16270143 0.34378952
-0.07780188 0.14919952 -0.34682521
-0.11467350 0.16306704 -0.01552809
0.18680273 0.07479565 0.38523069
0.17213663 0.14466609 -0.08611480
-0.11259864 0.15221646 -0.40495679
0.09433199 0.14992028 0.33666876
0.02715067 0.16167592 0.14053018
-0.16635932 0.11560323 0.35053074
0.18633679 0.16714367 0.29769349
0.14888251 0.01719403 0.40449488
-0.14029817 0.16407752 -0.20657426
-0.12709358 0.16339472 0.35155010
-0.16157548 0.06137907 -0.38406837
-0.11902392 0.13914338 0.32016698
0.16013260 -0.01249131 0.39019322
-0.00094895 0.15472572 0.03928953
-0.08569486 0.16062202 0.17121957
0.03257293 0.15602222 -0.10601130
0.11441764 0.15757401 0.19142833
0.11317705 0.16213484 -0.23288718
-0.19249788 0.15079698 -0.20821831
-0.15159556 0.15722239 0.41499794
0.08939017 0.16368461 0.38131660
0.07168347 0.15795828 -0.36819708
-0.04443473 0.16055803 0.04988410
-0.14976010 0.14903970 -0.05594648
0.14300534 0.16126701 -0.00491680
0.11877353 0.13833070 0.40744764
-0.09670775 0.15507440 -0.17564467
-0.13962282 0.16167696 -0.25039923
0.16463855 0.16353115 -0.36671284
-0.03846918 0.14852837 0.27912301
0.03988915 0.16232108 -0.18750387
-0.09662996 0.15478173 0.35866004
-0.18008557 -0.13502802 -0.37839678
-0.16455756 0.05333680 -0.41674185
0.19313015 0.14730161 0.27354786
-0.05627972 0.15944734 -0.02382227
-0.14096020 0.15215848 0.42534962
0.17403917 0.07958876 0.41161019
0.14735793 0.16081281 0.12957644
0.16072051 0.15118393 0.31931570
-0.02474449 0.16416843 0.21952507
0.09408374 0.16013448 -0.09348002
-0.18890287 0.13806023 -0.14138950
0.18142331 0.15366276 0.28861755
-0.12826234 0.15304874 -0.42183298
0.15931180 0.16237172 0.38455403
-0.16029972 0.01949459 -0.38119531
-0.16120778 0.15966548 0.41573671
-0.13537259 0.16160864 -0.12630688
0.08216859 0.15796226 0.10528985
0.12166511 0.15940414 0.02333516
0.14667930 0.14150530 -0.32029659
0.16140224 -0.02231970 -0.40942010
0.02426609 0.16384976 0.21317874
-0.01786949 0.16219611 -0.29149359
-0.02195336 0.16232941 0.28590640
-0.17573917 0.15129554 0.04272636
-0.10002904 0.15273789 -0.20359296
0.17856403 -0.14618541 -0.41308212
0.15049656 0.07322291 0.38418773
-0.07413732 0.16316719 -0.28572807
0.02774280 0.15875956 0.09197424
0.04028249 0.15314576 -0.13018245
-0.18425588 -0.07891677 0.40721604
-0.18307628 0.05167369 0.40990278
-0.17088732 0.15153602 -0.22604395
-0.17761573 0.14919814 -0.26526970
0.14003204 0.16399558 0.14093027
0.18234880 0.13695727 0.16885494
-0.15903929 0.15053619 0.05057409
0.17524441 -0.12141467 0.41701838
-0.05755122 0.16148902 0.12562118
-0.03673868 0.15256886 -0.14510484
0.19202967 0.15883070 -0.41048104
0.18462324 0.08381647 0.39790979
-0.15509503 0.14441787 -0.39363873
0.15402871 0.15147296 -0.25784975
0.01206750 0.16145238 0.38639945
-0.17871112 0.16429183 0.11359455
-0.18431027 0.13749361 -0.18150264
0.15232114 0.08833317 -0.41225311
0.15728793 0.14636727 0.16103458
0.19769919 0.15733260 0.33424395
0.19030353 0.13308129 0.05488309
0.07995423 0.16302757 0.03621926
-0.14292525 0.15559593 -0.10228577
-0.15510310 -0.11258002 -0.41589698
-0.19107303 0.15766944 -0.21882775
0.19297838 0.15338425 0.17402732
-0.15489918 0.14228974 0.09258290
0.19356236 0.15686548 0.27771503
-0.12904416 0.15985921 0.05569563
0.15754452 0.09512429 0.41576487
-0.06171447 0.16233665 0.23086992
-0.04445035 0.16097526 0.04548073
-0.17990783 0.15500872 0.20648286
-0.17308061 0.16335149 -0.40450993
0.18406062 0.02464048 0.41654626
-0.18857722 0.13485336 -0.17520441
-0.17337422 -0.09633824 -0.37811783
0.14668609 0.16521399 -0.13705164
-0.12505135 0.16101702 -0.16337171
0.18562858 0.13669394 0.14981073
-0.16063125 0.16225408 0.04968102
-0.09268342 0.16351594 -0.25107023
0.19608283 0.16169323 -0.04641959
0.07068463 0.13502382 0.41230571
0.18298799 -0.15113199 0.39702943
-0.19489937 0.15182234 0.06130520
0.16214353 0.15193044 0.29467329
0.14582115 0.16101016 0.41159374
-0.09516734 0.15164949 -0.27517113
-0.02268409 0.16363990 -0.31964958
0.17577393 0.14891806 -0.34232122
0.18174304 -0.07110926 -0.41353902
-0.04045821 0.16327074 0.38943002
0.18633652 -0.09189367 0.41064417
0.11242651 0.15261534 0.22224882
0.07889399 0.16240840 -0.04859767
-0.18494236 -0.15878010 -0.38536260
0.09088356 0.16324386 0.35701591
-0.17747311 0.14673473 -0.25687140
0.05695896 0.16382112 -0.38650933
0.16123787 -0.00728492 0.39026165
0.08372949 0.15805703 -0.14909595
-0.18615480 0.13195756 -0.07368682
-0.18321660 0.16263439 0.30533314
-0.15143465 -0.02153485 -0.41059834
-0.06546357 0.15781526 0.14386718
-0.18578802 -0.09915523 -0.39596975
0.18830290 0.13631098 -0.21506140
0.13381958 0.13139039 -0.41203806
-0.00888211 0.16265592 0.28208974
0.08603786 0.15778661 -0.20066816
-0.07711779 0.15073903 0.22528055
-0.02439971 0.16458793 -0.41343957
-0.03036669 0.16234973 -0.32337278
-0.11553543 0.16323203 0.27495676
0.11768153 0.15709434 -0.09163485
-0.05566313 0.15867116 -0.11177906
-0.05910276 0.14629765 -0.42140925
0.06374243 0.14534348 -0.39922509
0.16861315 0.07819496 -0.36982891
0.13396505 0.16126895 0.15495646
0.01428632 0.16312502 0.20058823
0.14715751 0.15786262 -0.26598632
0.02320584 0.16337599 -0.31189722
0.03970253 0.15320969 -0.14914666
0.15425280 0.15167120 -0.05951400
0.17728329 0.13412671 -0.23849504
0.19065347 -0.12524790 0.40224454
-0.17403394 0.12632866 -0.20709333
0.14927448 0.15087445 -0.24156803
0.08711630 0.15193191 -0.41946679
-0.15901190 0.15714803 0.05767009
0.03094720 0.15364809 0.37781566
0.15109923 0.16133639 -0.10834417
0.16832785 0.16402002 0.11254102
0.14236556 0.12026746 0.37489530
0.05090134 0.15900567 0.34272203
0.16882542 0.13318963 -0.39058363
-0.08317718 0.15910350 0.01607591
-0.12421425 0.15316182 0.41778877
-0.14306580 0.16104089 -0.25210989
-0.17318216 0.15345831 -0.39162755
-0.03540532 0.13693768 0.40144715
0.14632867 0.16018862 0.08233548
0.01785240 0.14991701 0.35778505
0.18142252 0.08397608 0.40545511
0.04351587 0.15503313 -0.12629402
0.15925969 -0.01346762 -0.39342356
-0.13495001 0.16202852 0.11225767
0.05365499 0.15325829 -0.20997378
-0.11869280 0.14802229 -0.40537342
-0.08301070 0.16159506 -0.26188406
0.17188765 -0.14474063 0.41084555
-0.00531209 0.15230544 -0.14617132
0.09269145 0.15140299 -0.05180367
0.00818237 0.16041984 -0.15769415
0.12912519 0.16287602 0.33835784
0.13907655 0.13224682 -0.40745032
0.11567786 0.16322769 -0.12548831
0.14323014 0.13071431 0.41478518
-0.17371246 0.15899675 0.38956028
-0.04502435 0.16409704 0.36154658
-0.16028951 -0.10630435 -0.40789694
0.03505502 0.16441761 0.00869961
-0.18679315 0.14993986 0.06823285
0.18569431 0.15044387 -0.09696279
0.02377026 0.15839157 0.33615091
-0.17268154 0.13799548 0.01751185
0.12119465 0.16214736 -0.19634536
-0.12048514 0.16178422 0.14229585
0.18988991 0.14100043 -0.26822516
-0.10409253 0.15387633 0.15546183
0.02134458 0.15355051 -0.37584308
0.16266707 0.16072443 -0.02181149
-0.07812005 0.14947847 0.35238984
0.02941119 0.16103262 0.33335930
0.18627310 0.16145444 -0.04828232
0.17113039 0.08041349 -0.40648782
0.16174285 -0.11214630 0.41665578
-0.17156219 0.16902192 0.19080408
0.17689708 0.03768972 -0.41696060
0.17733434 0.15748465 -0.39066496
-0.19222187 0.15086307 -0.28597608
0.17889597 0.16387688 -0.12894790
0.17611365 0.16705580 0.12002679
-0.03406668 0.15319246 -0.33410326
-0.16148266 0.15865958 0.42341703
-0.18734051 0.15801002 0.15436344
0.01410071 0.15585350 -0.38100943
-0.18565580 -0.11877735 -0.39424238
-0.16444504 0.14975186 -0.00155495
0.19223885 -0.10287208 0.38940609
0.02657353 0.15231843 -0.35450354
-0.15401442 -0.06898522 -0.41095603
0.18473223 0.14289150 -0.33468443
-0.07472378 0.15998039 -0.16187009
-0.03893206 0.15017708 0.05522057
-0.13457660 -0.09415470 -0.40792155
0.19242555 0.16098285 0.20219165
0.17472668 -0.11445774 -0.37787610
-0.07694450 0.14788105 -0.41882214
0.18111905 0.00711911 0.35723683
0.01125313 0.15358748 -0.07493745
0.18227665 0.14320397 -0.26773727
-0.10073248 0.16477945 -0.19207036
0.02537294 0.16283280 0.15033373
-0.00527465 0.15879004 -0.00534077
-0.14169271 0.15214151 -0.11709172
-0.07830513 0.16205661 -0.39732012
-0.14393249 0.16228996 0.16197519
-0.18263388 -0.00353893 0.38660154
0.05925487 0.16439494 0.20526570
0.01499086 0.14818515 0.24262428
0.03725661 0.16633797 -0.37232041
0.15252465 -0.04640473 -0.38964492
0.00135502 0.16091961 0.12456701
0.18415879 0.15889794 0.27240786
-0.03531419 0.15008363 0.17795818
0.14117043 0.15150228 -0.41766474
0.01478910 0.16698535 -0.37282464
-0.17913240 0.13735372 -0.36045408
0.04637505 0.15186308 0.01093119
-0.09234306 0.14669614 -0.38737229
-0.02094013 0.15635785 0.28994748
-0.12062296 0.11402949 0.40306029
0.05365193 0.16044557 -0.22019908
0.07451879 0.15883088 -0.02170696
-0.02059589 0.16311280 0.09180108
0.05262503 0.16594508 -0.37711346
0.18040720 0.15364811 -0.11348990
0.09100618 0.15533282 0.17096291
-0.11799535 0.16216516 0.01060693
0.13281710 0.15576568 -0.19922777
-0.18917334 0.13671070 -0.20491342
0.19281699 0.16352652 0.02830482
0.05289219 0.16116449 0.35012522
0.05575562 0.15137802 0.36635619
-0.01568666 0.16498758 0.01463485
-0.03338122 0.15400471 -0.17563431
0.07647717 0.15500788 -0.24159333
0.18415202 0.02236317 -0.37626389
0.15420786 0.15255998 0.33169162
-0.17483667 0.16304113 -0.16781621
0.12930815 0.16456836 -0.02663084
0.01069776 0.15992494 0.03649349
-0.06373481 0.16144621 -0.04154504
-0.18016374 0.16268203 0.18390450
0.07336580 0.16325520 0.12711063
-0.14192799 0.15380682 -0.28785655
-0.16895632 0.06060529 -0.35592905
-0.11345394 0.16666441 0.22740453
-0.18286225 -0.11401875 -0.39812887
-0.05018868 0.16261981 -0.25867313
0.17590743 -0.07576827 -0.38167655
0.15564099 0.16389699 -0.28490311
-0.05242892 0.16655168 -0.33718506
0.19243133 0.16316165 0.11526982
-0.18180503 0.13412139 0.30333143
0.17858766 0.14118214 -0.17170842
0.17293401 0.06913316 0.35812598
0.15828973 -0.06368705 -0.39025980
-0.15468669 -0.14151430 -0.40822268
-0.02504512 0.15311332 0.20402515
0.17512214 0.15913294 -0.25321245
-0.18664882 0.13607480 0.16010882
0.13560364 0.15204850 0.16519475
0.17851366 0.15117462 -0.13467562
-0.17382251 0.15985183 -0.12442079
-0.11249479 0.16250555 0.26269090
-0.15763582 0.13450222 0.36362642
-0.17125580 0.14326389 0.06394243
0.16645283 0.14684710 0.02885720
0.14391904 0.16287774 -0.36536229
0.18616819 0.11192075 -0.35962507
-0.01317013 0.15572020 -0.30037689
-0.15225174 0.15555966 0.32180506
-0.02918642 0.16248350 0.21335869
-0.10050226 0.15394101 -0.26513815
0.14838399 0.15353861 -0.33745134
-0.14297560 0.16313136 -0.30200654
-0.17247823 0.09445955 0.36131108
0.08458014 0.15965800 -0.31894702
0.07407958 0.16086785 -0.26793709
0.16687696 0.15191509 -0.25318369
0.12650900 0.16197972 -0.27500978
-0.14633864 0.15919219 0.26577020
-0.05464637 0.16361569 -0.18728743
-0.09086995 0.16795322 0.26094371
-0.02805248 0.16007648 0.27968559
0.04448996 0.15952313 -0.13652217
-0.16214389 0.14432062 0.13556935
0.18983871 0.14039101 0.29769519
-0.17976846 0.15079862 0.15760027
-0.06700999 0.16437773 0.18432388
0.06868372 0.15989202 0.25733736
0.19313058 0.15331759 -0.08278462
-0.15097599 -0.01534818 -0.37807229
-0.17679890 0.14422333 0.27234438
0.01770098 0.16132887 0.11324282
-0.16151379 0.15707847 -0.42537475
-0.14026217 -0.05861252 -0.39450082
-0.06097600 0.16295700 -0.32994008
-0.18494102 0.12454830 -0.41305056
-0.01063924 0.14982432 0.01599293
0.07546721 0.16072215 -0.24165264
0.16624025 0.14688297 -0.12109619
-0.05750224 0.16122676 0.21945651
0.15376742 0.14677964 -0.05532251
-0.16624442 0.15295082 -0.16589499
0.02346897 0.15365475 0.42120397
-0.02969633 0.16292876 -0.08330481
0.16112462 -0.03976610 -0.38300502
0.10578422 0.16305551 -0.05873784
-0.08883888 0.16223942 -0.14033543
-0.18183833 0.13548112 0.20071134
-0.14600515 0.15183356 -0.21209866
-0.18566471 0.04848507 -0.37992781
0.08890541 0.15195562 0.35559827
-0.15656120 0.15458329 -0.10309401
-0.13482000 -0.06394818 0.39565185
0.14056045 0.16283944 -0.08113842
0.02032767 0.16491766 0.05947867
-0.14369458 0.16369657 0.22074723
-0.05552468 0.14367574 -0.41847959
0.17879044 -0.14876342 -0.38418892
-0.06504616 0.15981892 -0.23441441
-0.13427502 0.05893151 0.41119403
0.17635398 -0.04709911 -0.38603783
0.18043140 0.12102267 0.30098873
0.13903116 0.16187204 -0.31538603
-0.18821314 0.15314238 0.41446468
0.01665205 0.15265089 -0.08499305
0.06240420 0.16060795 -0.13609001
-0.13465375 -0.15065980 0.38859126
0.18614787 0.08229022 -0.40922263
-0.09164929 0.15514041 0.22580487
-0.17753620 0.16281883 -0.01306543
0.13052431 0.16701363 0.37260890
0.17939328 0.13494033 0.03283520
-0.11167923 0.14801215 0.29309559
0.00476943 0.16205487 -0.40281776
0.15044177 0.16282794 -0.37150991
-0.18363030 0.07281362 0.40283072
-0.13594981 0.15917487 -0.17697658
-0.18007149 0.13504583 -0.33840355
-0.06157997 0.15053660 0.26581857
-0.17005499 0.15169826 0.01580675
-0.18076345 0.05763591 -0.34959853
0.18494757 0.04140666 -0.37006095
0.14776254 0.16217104 0.15403758
-0.05848154 0.16003911 0.15716513
-0.17313950 0.13434623 -0.35709032
-0.00701461 0.15497161 -0.05313640
0.09237053 0.15753686 0.23428735
-0.01925145 0.16166224 0.35229784
0.09446466 0.15392207 0.21063964
-0.05761187 0.15998219 -0.26661322
0.05291649 0.16262388 0.25528753
0.17695755 0.13801691 -0.28062573
-0.02462959 0.16285343 0.38630387
-0.10669867 0.16365084 -0.30499038
0.05764708 0.15577291 0.35761189
0.16520390 0.15094076 -0.24335238
-0.17797200 0.15166947 0.02146570
-0.10056899 0.16388831 0.30579281
-0.14400490 0.14326932 0.07143764
0.04567252 0.16366875 -0.20600910
-0.17860481 0.15178634 0.11070360
-0.18651137 0.13430393 -0.19361190
0.04805048 0.15286086 -0.16655640
-0.10480907 0.15559037 0.24712929
-0.03412319 0.15516637 -0.37330449
-0.18843690 0.13251604 0.06887499
0.00455107 0.15914118 0.39835677
-0.18383501 0.11945480 -0.37576866
-0.18460463 0.15455323 -0.23226695
-0.09457353 0.14922211 -0.35397229
-0.18152812 0.15250717 -0.35124052
-0.18034729 0.16170339 -0.32472536
-0.14582554 0.15273276 -0.31254801
-0.13391355 0.15292095 0.25741065
-0.00908471 0.16298899 0.39153850
-0.18792197 0.14540114 0.23246440
0.07402644 0.15904143 0.22240397
-0.08769842 0.14488876 -0.41344452
0.16284138 -0.05189245 0.41719452
-0.18039022 0.15621567 -0.30441886
0.06451964 0.15709722 -0.10236441
0.05345482 0.15526122 -0.15056640
-0.18350857 -0.09425123 -0.40964565
-0.11306398 0.16385570 0.23705010
-0.09764076 0.15424988 -0.32036176
-0.05841799 0.15267187 0.21254107
0.06280179 0.16404824 -0.41141260
0.17827125 0.13991819 0.24184309
0.00819733 0.16268127 0.03296303
-0.04976109 0.16408914 0.16085227
-0.18261363 -0.08171870 -0.38085321
-0.18655095 0.08423742 0.39784864
-0.00023136 0.15709302 -0.41951266
-0.15773243 0.15975970 0.00611265
0.15937464 0.01836489 -0.41022411
-0.17958711 0.04362386 0.40696260
0.19238034 0.16424087 -0.27671131
0.06984440 0.14762005 0.15252943
0.19209354 0.14313486 0.33982292
-0.08908989 0.15233327 0.20660703
0.01655978 0.15574801 -0.37573853
-0.16095708 -0.05947289 -0.38175702
-0.13866071 0.11826187 -0.40186912
-0.13656759 0.14940771 0.39863798
-0.13736708 0.15484400 -0.26381373
-0.01572642 0.15897916 -0.12283894
-0.02806842 0.15937033 0.29954031
0.18364517 -0.05081947 0.41366193
0.15486945 0.14650530 -0.26202127
0.06155802 0.14527458 0.40986484
-0.17345132 0.16216260 -0.14635709
0.07402619 0.15108351 -0.27876318
0.05412042 0.15469499 0.03670956
-0.05479469 0.16242093 -0.30979213
0.09784690 0.15660216 0.35471135
-0.16626476 0.16074421 -0.30652153
-0.07380439 0.15384376 0.17465559
0.03607048 0.15010163 -0.24241385
-0.06259967 0.16088200 -0.40108255
-0.03622565 0.15243374 -0.10296179
0.01123947 0.14839922 0.23365049
-0.18017091 -0.06209930 0.38429552
0.15159173 0.15552676 0.12658796
0.05385396 0.16465119 0.39608058
