-0.18131340 0.25214365 0.22287720
-0.29417038 -0.13720934 -0.29329965
0.19576189 0.25136805 0.17199159
0.19859181 0.25529754 0.11553352
0.13974550 0.22786044 -0.27772218
0.26060417 -0.03169783 0.27468547
0.29213664 -0.20120329 0.29451555
-0.28869072 -0.11022560 0.29881725
-0.28450990 0.07680815 -0.29323727
-0.29650605 0.25651732 -0.23850028
0.28828812 0.07101686 -0.27466056
-0.13780813 0.25775710 0.19125621
-0.03339291 0.26119518 -0.04390465
0.28964233 -0.07436740 -0.26171136
0.28140399 0.15701696 0.29541048
0.18259649 0.22089507 0.29765764
0.29618123 0.01790564 0.27433765
0.01115295 0.26254946 -0.09684511
0.10174509 0.24496903 0.06421553
-0.25390577 0.22110359 -0.29355896
0.26990756 0.15487601 0.28042185
-0.01365275 0.24399950 -0.30222520
-0.14981169 0.25971815 0.13743629
-0.27780008 0.26015192 -0.09136572
-0.26770630 0.21890841 -0.05485917
0.11754826 0.25698033 -0.09129972
-0.02262411 0.23912750 -0.06521635
-0.08565234 0.24442406 -0.24871394
0.03242511 0.23813573 0.09646820
-0.06406589 0.24493371 0.18425727
-0.22469108 0.22299445 0.22697461
-0.27689752 0.26235127 0.13885747
0.00935984 0.25828451 -0.26365837
-0.04612496 0.23881742 0.23654330
0.21875599 0.24289180 -0.30628353
-0.29520997 0.25843960 0.04917265
0.24200723 0.24650490 -0.23756713
0.29298550 0.26379743 0.23437591
-0.25107092 0.25896925 0.29691163
0.23655118 0.26017955 0.22305208
0.06048874 0.24389496 0.13980640
0.09880404 0.25196436 0.16315407
-0.13108082 0.25882965 0.25935513
0.16050306 0.23871323 -0.30183867
0.26956448 0.23522216 0.26115027
0.26020426 -0.22718421 0.27887321
0.26255733 0.21125484 -0.10515256
-0.26146060 0.09863385 0.29021737
-0.04928561 0.25664720 0.28261706
-0.20396520 0.24324869 -0.13324690
0.24103668 0.26252529 -0.12189373
0.14301567 0.26142952 0.14013353
0.09760847 0.26747990 0.14949563
-0.28765789 0.15038246 -0.29304755
-0.06683433 0.26491925 0.18318041
-0.15550448 0.26120716 -0.10776699
0.13546602 0.24159350 0.08427665
-0.23939818 0.08340938 0.28685880
0.02667782 0.25645241 -0.22404000
-0.06673028 0.26104802 -0.17121445
-0.21542285 0.26378447 -0.19919881
0.22393379 0.24213697 -0.13709065
0.03778771 0.24501841 -0.25994882
0.07211717 0.25748843 0.03309038
0.29107285 0.23783977 0.24018407
0.02527369 0.25290781 -0.04566052
0.01282143 0.26057002 -0.01970351
0.22311798 0.25993478 -0.18768854
-0.18963388 0.22420207 0.27493185
-0.27096677 0.21992606 -0.20021780
-0.24540386 0.18882120 -0.25678560
0.21069604 0.23509535 -0.24136920
-0.24687313 0.17300820 0.29198140
0.29164934 -0.04499204 0.30962259
-0.08938715 0.25516430 0.29664397
-0.29384223 0.00727293 -0.29674962
0.26535654 0.25165135 0.30410859
-0.28218865 -0.18657877 -0.29877353
-0.06176243 0.26292196 0.02573666
0.28843188 -0.10619050 0.29111156
0.09565440 0.26030537 -0.25429446
-0.08982681 0.24663325 0.30052066
0.00642170 0.23974293 -0.10007001
-0.29601040 0.25518748 -0.29326496
0.21919896 0.23354617 -0.19576241
-0.28679931 0.03540307 -0.29437238
-0.24149200 0.22909264 0.26539174
0.28983942 0.16963087 -0.29723987
0.06238176 0.25427926 -0.04320870
0.26932469 -0.14622974 0.27381903
-0.19384360 0.26195231 -0.02708964
-0.28371385 0.08297949 0.30129749
0.17245409 0.25980920 0.13394743
-0.16802427 0.26344550 0.14176993
0.12909730 0.25771603 -0.16860968
0.13974668 0.25357002 -0.23204625
0.26229385 -0.04077721 0.30302012
-0.05880616 0.25755391 0.19666883
-0.28274903 -0.00194602 -0.28724253
0.28892574 0.23750974 0.16395423
-0.28077626 0.20417200 -0.00659872
-0.17188652 0.26405725 0.23124067
-0.27291226 -0.14987880 -0.30152729
0.07517965 0.24997073 0.22400424
0.27826166 -0.10410428 0.29872838
-0.24773975 0.26311615 0.12454152
0.28084302 0.24384400 0.05312669
0.27057669 0.20435040 -0.13920279
-0.16003053 0.26195487 0.09985226
-0.24295762 0.25832558 0.07404251
-0.22509675 0.26283711 -0.08536703
0.03911611 0.26372945 -0.08306744
-0.15748760 0.26192051 0.25613239
-0.04433719 0.24283272 0.11266098
-0.29270536 -0.07085600 -0.29377922
-0.24840307 0.24032950 0.13205080
0.05672155 0.25494239 0.15700310
0.02269236 0.23363765 0.30010349
-0.29209197 -0.18344361 -0.29614681
-0.28708601 0.24944611 0.29847065
-0.29306224 0.23527491 0.04090820
-0.23857559 0.17127091 0.27624187
0.25579804 0.23925312 -0.05971933
-0.27784491 0.20238174 0.22050345
0.07269169 0.26755768 -0.03318812
0.26556534 0.21250686 -0.18123291
-0.27633938 0.22339150 0.04458276
-0.25581190 0.22211762 0.27804545
-0.26958680 0.10925964 0.26135892
-0.25827694 -0.14425081 0.29505932
-0.24922997 0.23140031 0.14981638
0.26259536 -0.22283399 0.27952734
-0.08087753 0.26398245 0.25483704
-0.29612109 0.25739890 0.19467603
-0.21052784 0.24379596 -0.15581669
0.28321335 -0.06152606 -0.29857132
-0.29781422 0.24460666 -0.17686148
0.12766236 0.24637476 -0.22192024
0.11811137 0.25785911 -0.22383037
0.10850332 0.26143965 -0.21921574
-0.01727897 0.23808886 -0.10272805
-0.28215134 0.23273841 -0.27301958
0.22303095 0.25430071 -0.10251619
-0.28196928 0.22326462 0.24256602
-0.25940716 0.26553813 0.22794634
0.23247147 0.26630449 0.26585719
0.25896475 0.07953234 0.27669141
0.01234543 0.24029149 0.22967516
-0.16505590 0.24065624 0.29914325
-0.29683191 0.24281481 -0.23690279
-0.29044589 0.23408051 0.16207209
-0.28629872 -0.24419728 0.30044979
0.05783103 0.25820860 -0.23613343
0.26682720 0.24550007 0.02825560
0.01178745 0.24603252 -0.10942076
-0.08367223 0.26543278 0.09364668
0.01303519 0.20700683 -0.29361689
0.21716751 0.09152451 -0.27652007
-0.29084095 -0.22165249 -0.29552433
-0.28684738 0.22694635 0.14225304
0.04963940 0.26124611 0.09469016
0.28246462 0.25891569 0.28561175
-0.06973900 0.25241125 -0.29888567
-0.26142141 0.26671490 0.13053086
-0.26923633 -0.08880591 -0.30103335
0.23433816 0.23560756 0.00363255
-0.25120214 0.20116962 -0.23775755
-0.28856644 0.23052640 0.08239825
-0.16157676 0.26442280 0.01524906
-0.27362353 0.25920361 -0.30318007
-0.29607296 0.24730179 -0.15607716
0.09453733 0.26764697 0.26923725
0.09909219 0.26586631 0.19508697
-0.00840760 0.22467516 0.27677530
-0.03025079 0.25964218 -0.19769952
0.27420121 0.23519130 0.27775556
0.22447073 0.26010400 0.23767988
0.26665080 0.25865054 -0.10782558
-0.20598780 0.26034635 0.22097428
-0.02763102 0.24051946 0.27047616
-0.19532162 0.26092020 -0.27356890
0.29173025 0.24363969 -0.19479403
-0.00489788 0.26115721 0.01486288
-0.01632946 0.25857091 -0.28862196
0.26100647 0.18574457 -0.29877892
-0.23686500 0.26290217 0.02787232
-0.22537677 0.23315309 0.01058883
-0.26834670 0.21034378 0.16544025
-0.27843630 -0.02258926 -0.26991045
0.13891521 0.26076338 0.17397341
-0.27277762 0.23620453 0.01714032
0.28645280 0.26139739 -0.29377151
0.03448733 0.26172826 0.00337344
-0.27713567 -0.11176964 -0.25929430
0.17489937 0.24436806 0.17103569
-0.19842902 0.26626167 0.26330858
0.28172135 0.22122534 0.12847447
-0.14728063 0.26776639 -0.11217606
-0.07403843 0.25683421 0.11464699
0.26212326 0.17211744 -0.28738126
0.28983864 0.23803364 -0.20061752
0.29157767 0.09816150 0.29745090
0.17786446 0.25131312 0.30187812
0.20588264 0.25797552 0.30233589
-0.29673135 0.25384182 0.10465961
0.29073259 -0.17066756 0.29993150
-0.15491441 0.26212537 0.06315183
0.18734223 0.25963682 -0.05733656
0.15834156 0.25374141 -0.14849471
-0.29725406 -0.02237728 -0.28016984
-0.02371339 0.24336407 0.19040012
-0.28780836 0.22175114 -0.25837496
0.01323823 0.25318104 -0.24697864
0.22327389 0.23828854 0.16308096
-0.26231822 0.25050807 -0.25094602
0.28448191 -0.00209866 0.30536252
0.25801283 -0.08373053 -0.30415669
-0.28613085 0.20671047 0.26744357
0.25390518 0.04377545 0.30167753
0.03858799 0.25605351 0.25428501
-0.10377720 0.26748341 -0.03545914
0.26343489 0.23994572 0.17532007
-0.18764786 0.23084325 -0.28593573
0.19896099 0.22850795 0.27232102
0.26703200 0.21757072 -0.00336905
0.13777381 0.25903320 -0.13983817
0.00046940 0.25763753 0.27456003
-0.26415363 -0.03329843 0.29659492
0.10208210 0.24456316 -0.05552951
0.12328814 0.23402871 -0.25780228
-0.26732698 0.20161477 -0.26077566
0.27053985 0.03553671 0.29761222
-0.04286650 0.25872454 -0.07113186
0.00305520 0.24813703 0.20183215
0.29135722 -0.03337441 0.31615353
0.29330018 0.24468584 -0.08742797
-0.24092612 0.26295453 -0.10224200
0.24847013 -0.01096196 -0.29390204
0.14594862 0.25995535 -0.23399344
-0.15296008 0.24577680 0.15896162
-0.28100571 0.07378746 -0.26478544
-0.16679104 0.26032546 0.22494262
0.04025891 0.23591360 -0.24203210
0.29531500 0.25411633 -0.16774172
0.00322304 0.26272359 -0.17026906
-0.23762077 0.24294059 -0.20931418
0.18035531 0.22344302 -0.28195712
-0.12772298 0.26070005 0.16479190
-0.12710963 0.24732649 0.00864990
0.29417104 0.25643963 0.02003878
0.27449769 -0.01479420 -0.27663279
-0.29357287 0.24577929 -0.21395992
0.25381494 0.26606461 -0.21682048
0.06106507 0.25461957 -0.07500760
0.27996975 0.25865620 -0.01348175
0.28740725 -0.18412323 -0.27958110
0.15928964 0.25814518 0.29242656
-0.24188042 0.20848542 -0.29551598
0.20098142 0.23894489 -0.18031368
0.05082522 0.25535983 -0.03861666
0.27203655 0.25533751 0.09447046
0.12722422 0.26772261 0.02162351
0.28350785 0.19291115 0.29519993
0.10874038 0.24525894 -0.06364107
-0.22424214 0.26064056 -0.03542384
-0.25251710 0.24269730 -0.14014848
-0.22296926 0.25928399 -0.26995718
-0.05510449 0.24026923 0.20471558
0.04869469 0.24693350 0.06613265
-0.04251634 0.24576356 -0.09091567
-0.23370060 0.24056011 -0.10988588
-0.29231605 0.25582775 0.16706839
0.05032053 0.26820484 -0.13783316
-0.17550090 0.24040999 0.19018687
-0.07975165 0.24278080 0.25527319
0.26454562 0.05089753 0.30198127
0.02019008 0.24500087 0.03436422
-0.27450219 0.22168133 -0.20110379
-0.28749996 0.05437314 -0.29503700
-0.26475853 -0.26353955 -0.29673877
0.28000572 -0.14996123 0.30604255
-0.25785202 0.23075220 0.29956135
0.27502823 0.20917021 0.21627213
-0.25054762 0.26277146 0.09328161
-0.12193558 0.26476276 0.02768018
-0.27151841 0.26233578 -0.25073001
0.24005195 0.26514491 -0.01850349
0.18843049 0.25585619 -0.29174516
-0.24231289 0.26195315 -0.04900375
0.28611305 0.00478931 -0.26166940
-0.08810914 0.23323321 -0.29927173
-0.19437754 0.24560212 0.04632108
-0.28476340 0.23457918 -0.18437067
0.06348357 0.26365039 0.08567928
-0.26634023 -0.18559811 -0.28941932
-0.27543658 0.26467839 0.19917698
-0.23180859 0.23661461 0.01963549
0.17879412 0.24578407 0.12869969
0.19048855 0.25458765 -0.11581272
0.07244772 0.25367749 0.22330536
0.10472859 0.26025739 -0.26483488
0.12273291 0.24839109 0.19532032
0.06375708 0.20816070 0.28836262
0.16473033 0.26656213 0.09889613
-0.18748136 0.25849634 0.14406227
-0.26647797 0.22710599 -0.27103475
0.17429653 0.24416746 -0.29205719
-0.11499912 0.26068324 0.18893111
0.27222809 0.26410225 0.18059938
0.14617819 0.25744659 -0.29907873
0.17364681 0.23922707 -0.23511934
-0.27107570 -0.10177176 -0.30059153
-0.29199299 0.23423842 0.16717836
0.25331268 0.20152646 0.27447432
0.00193609 0.26192340 0.02559136
-0.28296995 0.06881228 0.29702887
-0.25403723 -0.05057944 -0.29589537
0.22954932 0.18834479 0.28183189
0.26562008 0.22026524 0.09380922
-0.04643858 0.25606436 0.00426655
-0.28507584 0.21196572 -0.13642743
-0.04890805 0.24699144 0.17049825
-0.29048136 0.26545203 0.21610701
-0.29470977 0.25111994 0.09620784
0.16031374 0.26829067 0.20838387
-0.23404010 0.26096779 -0.12759392
0.24354148 0.23335160 0.17794375
-0.18186773 0.26049897 0.28857207
0.03505515 0.25862506 -0.25841850
0.04045153 0.25417235 0.29966035
0.27555028 -0.01586503 -0.30230254
-0.16914690 0.25270712 0.20808986
0.13518317 0.22073878 0.27893761
-0.27746460 0.18792108 0.29329407
-0.12125655 0.26038706 -0.03648050
-0.04061828 0.24417327 -0.03942764
0.06511668 0.24711329 -0.16328169
0.03662772 0.22634864 -0.27026162
-0.15733103 0.24824776 0.07477622
0.10433281 0.25469491 0.12624156
-0.18658790 0.23861942 -0.28870624
0.29020452 0.21646661 0.05954986
-0.26931518 0.02946466 -0.30302492
-0.02539796 0.25627643 0.15935706
0.07526418 0.25939852 -0.18705857
0.10811442 0.24278137 -0.11617649
0.00957807 0.26725426 0.25633249
0.24688689 0.24300858 0.19110546
0.00413347 0.26212445 -0.12340044
-0.27688715 0.21514343 -0.03011692
-0.23224537 0.20697480 0.28019613
0.28467470 0.22745490 0.14454874
0.15069373 0.24363491 0.06335483
0.28966764 0.23932201 0.13069257
0.28461388 -0.00123078 -0.26289177
0.26642400 0.10972341 0.28826550
-0.14254911 0.24411672 0.04302448
0.28867441 0.25684294 -0.01792994
-0.03741541 0.21971656 -0.29149050
0.15608329 0.25895175 0.00223270
-0.13916710 0.26587993 0.23629126
0.15991390 0.24458119 -0.30150992
0.08872954 0.26908922 -0.04732817
0.14776564 0.27032354 0.22821112
0.25593191 0.09665504 -0.28963843
-0.26027176 0.00686561 0.30199212
0.27412769 -0.01824771 0.25985667
-0.20626457 0.24923342 -0.29675263
0.23270039 0.23471637 -0.02663771
0.08610919 0.26812541 0.23447421
-0.28859282 0.23133445 0.18110442
0.04893083 0.26006383 -0.15753882
0.27550799 0.24513912 -0.00141826
-0.05038964 0.23823300 -0.23592471
0.28966248 -0.17227469 -0.28139320
0.18513250 0.26589993 -0.23692283
0.26377177 0.25476062 0.12646018
0.27996466 -0.00108219 -0.29943302
0.12389234 0.21939477 -0.28682122
-0.25302148 0.27025110 0.19892360
-0.04001904 0.25681630 -0.27131811
0.28830048 -0.08643651 0.27237126
-0.28169549 0.10923733 -0.26363224
0.21718784 0.25728542 -0.20384566
0.18912295 0.26607853 -0.07669103
-0.24003249 0.26212788 -0.02690811
-0.13861570 0.25990278 -0.05350494
0.26561883 -0.20343056 -0.27115011
-0.17735915 0.24791408 -0.30513969
-0.03485151 0.25157991 0.05319805
-0.05713330 0.24212974 0.24165908
-0.29202703 0.16046414 0.27452537
-0.27045599 0.21343035 0.13125984
-0.05437233 0.26122820 -0.12026882
0.20145071 0.26173148 -0.08306676
-0.24346626 0.26164269 -0.29459387
-0.11733952 0.24495165 -0.05945738
-0.27153113 -0.11069357 0.28779590
-0.27019161 0.21015953 0.19507396
-0.28874180 -0.02478546 0.26677820
0.28643757 0.11234283 -0.28765234
0.09193839 0.26468304 0.09444626
-0.22698966 0.26365861 0.20530394
-0.16022275 0.23090044 0.29935870
0.12475400 0.24945390 0.30033195
0.24524164 0.19636433 -0.27077761
-0.21117827 0.24598609 -0.24129738
0.29017252 -0.09965165 -0.27328670
-0.14852536 0.26357564 -0.17750129
-0.28329712 -0.00325016 0.29537505
0.14106593 0.25414833 0.02374947
0.01721302 0.25813201 -0.05681582
-0.20927003 0.26309273 0.23588130
-0.25071868 0.10710102 0.29288363
-0.16663036 0.24095626 0.29146233
-0.13048549 0.26266435 -0.25835693
0.01217857 0.26177481 -0.00293553
-0.28783926 0.16012430 0.29450145
-0.15500954 0.24920070 0.01454717
0.08491975 0.26461756 -0.23077425
-0.19499652 0.23384212 0.27021894
-0.26638505 0.23128796 0.13995548
-0.01052211 0.25410703 -0.25685143
-0.19119768 0.24919328 0.30098984
-0.15220399 0.26753300 -0.07521539
0.28053898 0.21704441 -0.16030577
-0.22129512 0.23966160 -0.26623112
0.26980338 0.25724331 0.09021302
0.18334347 0.23925729 0.04676795
0.29001191 0.23114020 -0.22889228
0.16184340 0.25975484 -0.04684392
0.12316846 0.23095900 0.27772817
0.06550113 0.25775415 -0.09842204
0.27839515 0.23155740 -0.16606562
-0.28258079 0.02124384 -0.26699096
0.28984830 0.24073647 -0.17352656
-0.18570614 0.26207045 0.08927307
0.22365668 0.16813594 0.27705941
-0.26944575 0.22511294 -0.11387479
-0.08870148 0.25558001 0.01091310
0.21547088 0.25454992 0.30109084
-0.29562867 0.25503606 0.18269482
0.21717286 0.25851449 0.05746981
0.03744524 0.26165557 0.18292390
-0.19458467 0.26066580 -0.19404520
-0.17469268 0.24615458 0.30003145
-0.08602154 0.25993389 -0.04292367
-0.28910640 -0.11374135 -0.29686651
0.11703710 0.25531167 -0.04963867
0.24831191 0.22230962 -0.27360862
-0.01386176 0.25896868 0.28882354
-0.25566080 0.23375122 -0.12046225
0.14058423 0.22151792 -0.27537513
-0.28769010 0.15596086 0.27333084
0.27846295 0.24378684 0.12717338
0.27012858 0.20882180 0.02465699
-0.16134647 0.25067142 0.28940511
0.07587747 0.25753054 -0.00209026
0.16465260 0.23602580 0.25533521
-0.02165501 0.23151119 0.26189998
-0.03014964 0.20519525 0.28878388
0.16686141 0.25953597 0.25225163
-0.25421146 0.13152859 0.28777730
0.24911673 -0.16265680 -0.29410830
-0.27896413 0.25090206 0.29232755
-0.06252326 0.25824365 0.24055761
-0.19274907 0.26503888 -0.08574001
-0.25893378 0.22954985 -0.15242665
0.18330477 0.26052940 -0.28227186
0.18766254 0.24676961 0.23882155
-0.29441822 0.24446893 -0.21764797
0.26801223 0.21346040 -0.04649082
-0.26855624 0.26008582 -0.14874676
0.06576606 0.24324681 -0.04324565
-0.06612358 0.24350126 0.20633733
-0.26560426 0.23997588 -0.19127737
0.15676792 0.24086772 -0.27061209
-0.22007477 0.26225740 -0.06544314
0.29003048 -0.01113881 -0.29761925
-0.18610944 0.24738960 0.24939272
0.00103391 0.23947218 0.21435514
0.11958970 0.26105425 -0.16617896
0.00552502 0.24839441 0.05886251
-0.07372892 0.24256220 0.21982254
-0.29524672 0.24866928 -0.12289089
0.03721830 0.26033965 0.14646791
0.03665277 0.26422343 -0.12035941
-0.02098058 0.25518611 0.29478461
0.25616652 -0.18544070 -0.29954544
-0.21852307 0.26159179 0.09840792
-0.05639762 0.23853315 0.24766998
-0.27618733 -0.14863092 -0.25426024
0.19142227 0.20966636 0.28594011
-0.28829071 0.24969900 -0.20587966
-0.10352882 0.24507600 0.25248319
-0.01632600 0.26395103 -0.19052872
-0.26311517 0.24822286 0.02406805
0.28012279 0.26076978 0.02457238
-0.28940740 -0.25050595 0.29414427
-0.14105774 0.26216030 -0.04508259
-0.26958719 0.16574511 0.29645613
0.27457234 0.26444614 -0.22150785
0.07428294 0.26437458 0.26295015
0.19192573 0.24305688 -0.03102052
-0.17177793 0.26312917 0.27943712
-0.26036537 0.23066378 0.23352221
-0.28345928 0.25647646 -0.21855053
-0.29239735 0.09306794 -0.28121459
-0.12249242 0.26822856 0.16739777
0.19817407 0.24112372 0.15671971
-0.29622287 -0.16349995 -0.26327986
0.24750979 0.19655111 0.27065128
-0.13910633 0.25842556 0.00845325
0.15353060 0.25907305 -0.07109843
0.03434445 0.22109811 0.29835832
-0.09339271 0.25700918 0.22849646
-0.27077404 -0.03266370 0.27969411
-0.03771125 0.26077342 -0.11751714
-0.19932383 0.23852037 0.27109551
-0.28860888 0.24452808 -0.17439885
-0.19749357 0.26790106 -0.23636562
-0.03662482 0.25725049 -0.16175775
0.26863971 0.25653484 0.24541466
-0.18400775 0.26838040 0.23961893
0.28698793 -0.03521870 0.27319986
-0.22162211 0.23250782 -0.30214125
0.10324490 0.25678712 -0.09520912
-0.12999620 0.24453534 0.25226641
-0.12792329 0.26364422 -0.09034711
-0.28433856 0.10376569 0.29071307
-0.26448247 0.21340358 -0.24813083
0.19797212 0.26154393 -0.20012301
0.25226077 -0.13478199 -0.30124956
-0.18372813 0.24859451 -0.30347350
0.09525995 0.24626991 0.03412956
0.26100585 0.09180209 0.30061701
0.27251372 0.26372501 0.22238031
-0.20316029 0.26620305 -0.21200515
-0.26480150 -0.21936309 0.30662775
-0.28777072 0.16123500 -0.25649795
-0.19803086 0.22844891 -0.29519692
0.03885490 0.26065633 -0.14091742
0.27355427 0.20995241 0.14701214
-0.26768711 0.22769246 -0.12997125
-0.13138859 0.25957647 -0.14757115
-0.23575115 0.24473064 0.15061866
0.09919182 0.25788945 0.16450673
-0.06424629 0.25774589 0.03668681
-0.26074690 0.07548812 0.29775441
-0.28677854 0.22872068 0.05809367
0.28225091 0.06770284 -0.29733613
0.28594658 0.20772997 -0.20656289
-0.05117100 0.26010191 -0.02496054
-0.23443487 0.24290028 0.18281861
-0.16399264 0.26203856 0.17652981
0.19985679 0.24182625 -0.09603907
-0.22731164 0.26363221 0.06651901
0.18320815 0.26185206 -0.04679011
0.29122633 0.02265216 -0.29173633
0.18735918 0.25424775 -0.05642826
0.24509738 0.23404841 0.28142902
0.25865403 0.06864320 0.29645768
0.27657139 0.12547490 -0.27392027
-0.26944956 0.24924646 -0.29978606
-0.19069836 0.25933984 0.06535686
-0.07191906 0.25419942 -0.21117820
-0.09619551 0.26281688 -0.13239279
0.20567775 0.26454768 0.23832053
-0.17800398 0.26097718 0.20163025
0.17769271 0.24403644 -0.09865474
-0.26218969 0.18353125 0.26331276
0.28929856 0.25141692 -0.06762595
0.27642202 0.21887095 0.11152166
-0.08068527 0.26722914 0.08152796
0.04137641 0.25737068 -0.04725856
0.01244349 0.26003012 0.13255815
-0.03621001 0.24491918 -0.23402025
-0.12308167 0.25402346 -0.03629166
-0.25692564 -0.04124361 -0.29500669
0.29715803 0.25197834 -0.03256604
0.25503802 0.27138492 0.21800013
0.24646986 0.26014844 0.29428864
0.05490739 0.24217428 0.12993732
0.27516726 -0.18255424 0.27398497
0.30015782 0.07425088 0.27907723
0.25257421 0.26015937 -0.17432314
-0.26998675 0.07055138 0.29548171
0.00305708 0.25237712 -0.04918870
0.15415646 0.25682828 -0.09375781
-0.11821011 0.25101253 -0.14195687
0.06980725 0.25501576 -0.13298298
-0.27521661 -0.14229712 -0.25444561
0.04073630 0.25889683 0.07259677
0.13908499 0.25786290 -0.09261802
-0.10588625 0.26307276 0.12733412
0.22396356 0.26078829 -0.02266572
-0.24952361 0.23861147 -0.26879060
-0.28484911 0.04334873 -0.29528359
0.29534429 0.00187026 0.31655037
-0.29267621 0.24405196 -0.22702177
-0.28243497 0.21373616 -0.18268490
-0.18403031 0.24384753 -0.16437750
0.15530415 0.23164873 0.30240265
0.05795972 0.26240844 0.15786602
-0.26632413 -0.05219867 0.26456153
0.05971910 0.26274806 0.27357936
-0.07361551 0.26302323 -0.00896495
-0.27607948 -0.00415481 -0.26923609
-0.14251515 0.24059068 0.07003003
-0.27314132 0.18143305 0.28674901
0.16989492 0.27002105 0.21457121
-0.09053063 0.24372011 0.17762406
-0.03142107 0.24175762 -0.00847485
-0.26103351 -0.26515880 -0.29803467
-0.18853591 0.26308128 0.17719404
-0.20450956 0.24416679 0.26874378
-0.11645794 0.26390502 0.19214934
0.12454151 0.26251873 0.24425498
-0.29598787 0.25292158 0.05120849
-0.28639537 0.23456186 0.13603464
-0.20667665 0.26107332 0.10456754
-0.18616867 0.23639137 -0.27744287
0.20456479 0.26260620 0.19022956
-0.10368919 0.24029724 0.19417481
-0.27894607 0.26352277 0.17570196
-0.22873694 0.23792490 0.16411996
0.29756379 0.01473482 0.29902011
-0.28568995 0.18570794 0.27308127
-0.25202653 0.22984309 -0.04170804
-0.26623249 0.22129029 -0.16437297
-0.24315265 0.21871415 -0.26842803
-0.07838772 0.26254010 -0.20739017
0.29391322 0.24943608 -0.18114743
-0.15036844 0.26553792 -0.04762013
0.25505111 0.12434259 0.29130566
-0.29074758 0.23572956 0.19590144
-0.25096768 0.23334806 0.20949453
0.26791054 0.21263808 0.19465560
-0.18568252 0.26290700 -0.11876088
0.26685390 0.10451983 -0.28154239
0.09542745 0.25686041 0.27320850
-0.13566190 0.26331508 -0.11389106
-0.09152982 0.26042992 -0.28040400
0.00877165 0.26491955 -0.25616306
0.00604668 0.24187733 0.18316102
-0.29417515 -0.21885403 0.26869795
0.18237188 0.25604245 -0.15619862
-0.24821560 0.25536343 -0.23598258
-0.08892830 0.26512313 0.11544606
-0.04010237 0.27111018 -0.22818230
0.01450143 0.25969869 0.15099655
0.01721561 0.25868890 -0.05232208
-0.01071057 0.25752223 0.24936467
0.11310098 0.26688701 0.00093328
0.14992008 0.26260862 -0.24420676
-0.17517810 0.24587178 -0.25505999
0.26146871 0.23797251 -0.03748360
0.25761676 0.22856757 0.27393875
0.28439960 0.20869218 -0.26100945
0.05222793 0.24840996 -0.04964180
-0.28048098 0.20275718 0.01850310
-0.26978695 0.25997576 -0.05427159
0.02646999 0.24238098 0.11827140
0.27176073 0.24660784 -0.09240410
-0.27845520 0.23316395 -0.14757556
-0.27705413 0.26020315 0.08238655
-0.29388624 0.25404203 -0.16217069
0.26321521 -0.02919390 0.28804204
-0.06315106 0.26406243 -0.09794530
0.26594564 -0.22358319 -0.27191716
-0.00442851 0.26663533 0.22987071
0.11319987 0.23951896 0.16939583
0.28970033 0.05734503 0.26252303
-0.00466638 0.24451803 -0.16165167
-0.29689750 0.25615987 0.18406826
-0.18031372 0.26580688 0.04899414
-0.29725891 0.25787807 -0.14872932
-0.28308690 0.23952094 0.24615349
0.05921997 0.25293803 -0.30127850
0.28040123 0.20293757 -0.24995244
0.05712426 0.25668418 0.28543735
0.28392106 0.26179779 -0.27027941
-0.06383356 0.24478456 -0.25604999
-0.26878732 0.25512305 0.29057866
0.28832573 0.25910741 -0.29079258
0.27975833 0.21766369 -0.21262835
0.08487557 0.25874144 -0.19844273
-0.28912622 0.22664590 -0.09160824
0.26215479 -0.08522974 -0.27269772
-0.11448310 0.24105044 0.26576862
-0.28496376 0.09261299 -0.26262426
0.29240528 -0.22316608 -0.29862937
0.06390162 0.22986373 -0.27560812
0.26602337 0.22871152 0.19208017
-0.26766765 0.03920778 0.26712200
0.28681836 0.19764806 0.26302028
-0.29025969 -0.15421626 0.30141661
0.26541618 -0.03029421 -0.27615306
0.27907586 0.26314405 0.29399565
-0.08097941 0.26284897 -0.05210570
0.04875095 0.26275975 -0.24859068
-0.10598311 0.23786253 -0.28325635
-0.25810686 0.25670975 -0.29075795
0.28243494 -0.08254271 -0.30180088
-0.20343541 0.21247678 -0.29947671
0.22944689 0.10111780 0.28997213
-0.06382395 0.25402230 0.09884180
-0.28120559 0.25858563 0.02454691
-0.19770996 0.24463129 -0.01967949
0.18298963 0.23256971 -0.28834102
-0.11361796 0.20936450 -0.27211058
-0.25408429 0.24426833 0.29540771
0.06149632 0.25097027 -0.10879624
-0.15776849 0.26076031 -0.28953043
0.02391672 0.26591626 0.00195479
-0.28542715 -0.18920165 -0.27635285
-0.02738598 0.26391694 -0.23959152
-0.13004485 0.26235709 -0.21136391
0.27643952 -0.18379039 -0.26978642
0.15197229 0.25675115 0.30216303
-0.03762407 0.26209784 0.03251696
-0.15802661 0.26762611 -0.18312582
0.14465293 0.24643523 0.11232471
0.26269326 0.07374179 -0.29990014
-0.25311300 0.15544440 0.29025251
0.26814020 0.20343724 -0.16406530
0.28985626 0.23914099 -0.14119053
0.26103351 -0.19352177 0.30213818
0.21731810 0.26168981 0.20720924
-0.13665378 0.26343653 0.05163545
-0.08414455 0.25960255 0.00463841
-0.18606105 0.26426867 0.14764243
-0.28104892 0.01268224 -0.27602422
-0.14653146 0.26083198 -0.20582202
-0.27857798 0.09251081 0.30107445
0.26556548 -0.21880470 -0.29785097
0.16053462 0.24755858 0.04006024
0.19981021 0.25822240 -0.12904572
0.08912259 0.24116723 0.02951377
-0.25308537 0.13642001 0.28020298
0.27951941 -0.16480552 -0.30189860
0.23669338 0.25368047 0.20893396
-0.23916186 0.24054644 -0.27165979
-0.18154198 0.23628521 -0.05894196
-0.18744868 0.25590965 0.30133510
-0.10209990 0.24956729 0.29945391
0.26137850 -0.10100187 0.28308311
0.29901117 0.02357536 0.31654221
0.27588552 0.00238895 -0.30273527
0.28411576 -0.10955372 -0.30081108
-0.20619509 0.26194111 0.19041392
-0.11178775 0.24186423 0.29893559
-0.28639531 0.21550091 0.23378107
0.00138275 0.23992786 -0.26378334
0.24317396 0.24095973 -0.18007587
-0.14339392 0.24224956 0.00558499
-0.11209579 0.24918169 0.24702203
-0.28582928 -0.21472561 -0.27094707
-0.04266055 0.22838746 -0.25577515
-0.28969264 0.06996763 0.27170727
0.11527897 0.25836146 -0.04817542
0.25227439 0.25598663 0.17737274
0.15068871 0.22564919 0.25437117
0.26665038 0.24290055 0.07501075
-0.26204139 0.25782663 -0.04132745
-0.02843976 0.22832371 -0.25863457
-0.26849905 0.22877419 0.04564657
0.15853420 0.26017037 -0.21236151
0.00592824 0.25979370 -0.16084212
-0.02355971 0.24766093 -0.16923720
-0.18630226 0.26169851 0.01857627
0.25295746 0.23077841 -0.00591714
0.06363590 0.24976557 -0.09654784
0.16820766 0.24211876 0.00743197
0.28773949 0.24837500 -0.03371713
-0.28986925 -0.14685102 0.29367092
-0.25545353 -0.01156160 -0.27760240
-0.06147505 0.25221962 0.30030480
0.00635987 0.23901412 0.28716138
0.23795843 0.26276252 0.02107568
-0.26274607 0.19815515 0.24313085
0.07046959 0.25178921 0.08672016
-0.16366684 0.22137208 -0.26333132
0.26958385 0.23306940 0.07294995
0.22343780 0.25894678 0.20565946
0.16535476 0.26180574 0.18104458
0.22623515 0.24571794 -0.09963942
0.04291236 0.25799268 0.12481118
-0.11876971 0.24526446 -0.20031209
-0.00942396 0.23521754 -0.29692522
-0.28068891 -0.10247336 -0.30150810
0.25584689 -0.15001869 -0.30381379
0.25570488 0.24668351 -0.25828722
-0.30052370 -0.18779257 -0.27073961
-0.03377227 0.23698932 0.29004079
0.10435768 0.23257999 0.27611569
-0.14047348 0.25938511 0.24328141
0.28105035 0.26286665 0.12124707
0.18620303 0.26138696 0.05118839
-0.23675857 0.26020378 0.08204783
-0.14239956 0.24046262 0.21803622
-0.08980411 0.24028820 0.21076110
0.08505975 0.25986901 -0.16223869
0.29158741 0.25704503 -0.00590318
0.01268108 0.25769541 -0.00223126
-0.22926730 0.26247811 0.00612704
0.20336050 0.24652033 0.11880501
-0.05906657 0.24640708 -0.26693255
0.28434971 -0.21669275 0.27538207
0.01670684 0.24063915 0.22105570
0.25404751 0.15197180 0.29831409
0.16105098 0.25886911 -0.23776284
-0.14630131 0.24330032 0.12697555
0.17665540 0.25049630 -0.30304170
-0.27651724 0.16807817 0.24367854
-0.29350767 0.25876871 0.05864817
-0.17656195 0.23429537 0.26184604
0.27201101 0.21270634 -0.25976479
0.26836902 0.23729211 0.15860754
0.09736061 0.26817459 0.06143939
0.17317927 0.26355475 0.30419824
-0.15065663 0.23723185 0.24347901
0.04917458 0.25261533 -0.25443360
0.20658521 0.25421712 -0.05758598
0.04727200 0.25931752 -0.13257320
0.03038816 0.26738927 0.24365582
0.13203460 0.27005094 0.20573258
-0.20742691 0.20374522 -0.28115129
0.00057749 0.26351976 -0.00496764
-0.03014462 0.24360269 -0.29256731
-0.05011977 0.21336454 -0.28798941
0.25705567 0.08259081 0.29709610
-0.13461342 0.26145428 -0.07753243
0.22802541 0.23619068 0.07711696
0.09325087 0.22067396 0.26532573
-0.29738116 0.25743687 -0.25154847
-0.05039278 0.25874335 -0.01925339
0.19151263 0.24444568 0.24947889
-0.28663835 0.22162008 0.24038182
-0.29169792 0.23703559 0.12585042
0.28501549 0.22707240 -0.08146064
0.03796180 0.23870347 0.21205309
0.05518068 0.26476312 -0.27322325
0.02942233 0.24199998 -0.15409981
0.00350825 0.26277095 0.10113437
0.18294293 0.25667244 -0.28926212
0.28051463 0.24364831 -0.00755137
0.27105868 0.23016143 -0.26426330
0.12484799 0.25920141 -0.23732960
0.18879178 0.26710996 0.12965947
-0.06126998 0.26320797 -0.00606678
-0.16716243 0.26566792 0.12233227
-0.28913042 -0.05150258 0.26133123
0.23086849 0.26443771 -0.13402766
0.25462204 -0.16171312 -0.30619329
0.26054165 0.00989447 -0.29843047
0.00394573 0.21479405 -0.29425824
0.18556121 0.24553920 -0.30069903
0.29058751 -0.06319625 -0.29295945
0.02547304 0.26877257 -0.10266447
-0.23536357 0.26011160 0.15296412
0.26553527 0.25582123 0.25307542
0.18335716 0.26303506 0.07686874
0.21693483 0.24157056 0.17867000
-0.06466835 0.24971659 0.16719867
-0.29498318 0.25633991 -0.03841259
0.11195947 0.24128371 -0.01747718
0.04607975 0.25965697 -0.09011225
0.28221914 -0.22531621 0.28953034
0.26534680 0.25411838 0.26107842
-0.19675347 0.26018557 0.29732841
-0.00422360 0.24163413 -0.30224407
0.18086977 0.23994495 0.11845911
0.29477695 0.10722078 -0.25674447
-0.08476928 0.26844454 0.09477600
-0.01345010 0.26583806 -0.05002493
-0.28850618 0.25585416 0.03134118
0.14665657 0.24205065 0.03234015
0.17733574 0.26271060 -0.07523548
-0.29124343 0.24036065 0.26193857
0.10234729 0.25758275 -0.16900530
0.08090930 0.22408932 -0.28849164
-0.26047090 0.22986105 -0.27710247
0.01931578 0.26002485 0.01327196
0.03619419 0.25985831 0.13840625
-0.28145850 0.23275284 -0.04521443
-0.29019237 0.22937647 0.22212787
-0.28888795 0.23077282 0.04753015
-0.07238473 0.24190548 0.01223382
0.06582952 0.23138806 0.24461178
-0.24447830 0.23907261 -0.06850977
0.28621334 0.19305758 0.26255858
-0.26120892 0.26375142 -0.20183679
-0.29246646 0.22248751 -0.25025386
0.16514699 0.26522544 0.22327237
0.09046072 0.21292239 -0.28368160
0.26291046 -0.07688586 -0.27769548
-0.06089728 0.24335085 0.09558259
0.18381225 0.25304189 -0.19040754
0.29064777 0.16959861 0.29041484
-0.28834352 -0.07835311 0.29404548
-0.26793906 0.15251383 -0.30065340
-0.25182852 0.26088640 -0.26819226
-0.23986228 0.26261333 -0.05477658
0.28376096 0.22987996 -0.03671266
0.23721285 0.25908062 0.00802292
0.00824223 0.23080724 0.27491260
-0.18416761 0.26464206 0.01940031
-0.28460723 0.11922774 -0.25702724
0.15511344 0.25881585 -0.03789719
0.11441274 0.24748804 -0.05223805
-0.29191995 0.23387271 0.01070868
0.14955290 0.26120237 0.08059302
0.08191046 0.26664260 0.07198931
0.09522528 0.26635471 -0.02617856
0.29182523 -0.01918505 -0.29284340
0.26868045 0.23638864 -0.15870291
-0.26023102 -0.02822641 0.30702004
-0.03352479 0.25745064 0.00826894
0.08186123 0.25149909 0.13856426
-0.28462598 -0.02445471 0.28887874
-0.28494105 0.25522363 -0.30073473
-0.25668785 0.26464215 -0.25945330
0.19781935 0.25748813 -0.30571479
-0.28067595 -0.06366363 -0.30057427
-0.26897967 0.23175530 -0.20605791
-0.20125602 0.26481482 0.16193055
-0.26403821 0.25857404 0.02627322
0.28546786 0.21055911 0.18895109
-0.20714736 0.24444477 -0.06597833
0.28167415 -0.00764362 -0.26512441
-0.01071914 0.26807228 0.11875820
0.12598363 0.25126067 -0.28155085
-0.28235474 0.17752218 -0.24621642
-0.28220990 0.20688798 0.24284686
-0.27897313 0.26109219 0.07219965
-0.18758468 0.26693389 -0.20613852
-0.28951925 -0.15275942 0.27018863
0.24166700 0.25184464 0.23340279
-0.19370785 0.26335773 -0.24727516
-0.27078617 -0.03051109 0.29927441
-0.17865627 0.26428810 0.13834155
-0.26591051 -0.11662439 -0.27137077
-0.25430226 0.24779010 0.19624272
-0.15904385 0.24676862 0.13873188
-0.04280746 0.25881851 -0.16691475
0.16389994 0.24345790 0.19238612
-0.03983788 0.26060817 0.09286072
0.13892934 0.24274118 0.00190068
-0.23963732 0.25932366 0.11078274
0.04329110 0.26256478 0.09188636
0.29356557 0.26357692 0.26642326
0.27600178 0.25755867 -0.25001246
0.14453080 0.26100108 0.12972115
0.14124814 0.25346565 -0.30409366
-0.29468295 -0.09325241 -0.29404563
0.26628172 0.24770592 0.10832457
-0.20217051 0.24166529 -0.20281780
-0.09717135 0.26151544 0.15724558
-0.13084790 0.26144180 -0.28871697
0.15312622 0.25878450 -0.03877997
-0.14905711 0.22641976 0.27342573
-0.11833400 0.24038602 0.20150404
-0.26795074 0.24282672 -0.17044257
-0.26447570 0.23120981 0.04703653
-0.20550454 0.26373523 0.04062513
0.09379173 0.24183610 -0.19181708
0.29197454 -0.18836057 -0.29185566
-0.29273677 -0.12056495 -0.29392835
0.14065020 0.25496298 0.23697245
-0.29564372 0.25531757 0.00805205
0.21008652 0.19899039 -0.29569694
-0.24159910 0.23901133 -0.23297870
-0.04962987 0.23984540 -0.15733311
-0.13109919 0.26554954 0.03394770
0.01634357 0.26298359 -0.29748654
0.26799241 -0.22436011 0.30346486
-0.02979739 0.23924105 -0.24491838
-0.26127139 0.23711306 -0.28150237
0.10640796 0.24702574 0.29862595
0.07361554 0.25763261 0.21238187
0.26260397 0.21489249 -0.06254392
-0.10044180 0.26422903 -0.26367024
-0.27200711 -0.07880194 -0.29890159
-0.20731987 0.25990862 -0.19739921
0.12599979 0.24139790 -0.05545692
0.19915730 0.24114679 -0.23998371
-0.29270276 0.23313887 0.28842413
-0.04018505 0.24108581 -0.10633758
-0.26952225 0.22841777 -0.08682810
-0.26419941 -0.13805409 -0.29996213
-0.13998175 0.24276876 0.12125085
-0.13434669 0.21647529 -0.25920886
0.26762378 0.23759437 0.12078878
-0.22967544 0.22129533 -0.28585815
0.04284145 0.25903159 -0.30073768
-0.14433128 0.21660297 -0.28523779
-0.29784185 0.25694185 0.03274222
-0.01032106 0.25552571 -0.02473575
-0.25817540 0.23186104 -0.15243976
0.10732338 0.21858899 0.29437581
0.25859156 0.19916004 -0.25641766
0.27241755 0.16070201 -0.22314720
0.06576359 0.24778879 -0.16444600
-0.17309527 0.26440939 -0.11516154
-0.16202666 0.23982626 -0.10364253
0.01373568 0.26251638 -0.25344020
-0.22857139 0.23765425 0.29438856
0.26703450 -0.12724182 -0.29814681
0.20279199 0.24482217 0.05783184
-0.15863854 0.26182377 -0.06680238
0.25896686 0.26464608 0.02681191
0.25825793 -0.16172922 -0.29939777
0.14281419 0.26086065 0.30299544
-0.25412777 0.23648271 0.30127031
0.00167485 0.24005385 0.05944054
-0.15662827 0.26077816 0.20253459
-0.29509676 0.25647861 0.20548639
-0.25187421 0.20279077 0.29527044
-0.16747925 0.24098657 -0.16952574
-0.27102703 0.24950869 -0.13628165
-0.26475203 0.24039045 0.12869442
-0.04108293 0.24468671 0.15622091
0.25350633 -0.11961237 -0.28493574
