-0.16669720 -0.12508583 0.07682946
0.05695791 -0.02923646 -0.17463750
-0.02988251 -0.05794457 -0.17692004
-0.11656979 -0.08792201 -0.08422962
-0.27829638 -0.20907876 -0.03549151
-0.04443559 -0.04106010 -0.07059349
-0.34918472 -0.05413873 0.01009359
-0.32751691 0.06761692 -0.12719972
0.13139498 -0.03941534 0.19042216
0.09651572 -0.05803308 0.11061022
0.18975660 -0.17315689 0.12952217
0.00815543 -0.09254629 0.21084380
-0.01620260 -0.09552368 0.03612649
0.04661492 0.00259078 0.03376016
-0.33463889 -0.17806411 0.08718594
0.08353698 -0.07352837 -0.02424706
-0.12758596 -0.02968627 -0.01111632
-0.30797613 -0.15212715 -0.15090561
0.07419824 -0.11502491 0.07746576
-0.09138963 -0.18957438 0.15531547
-0.31427220 -0.10536678 -0.17381728
-0.11571334 -0.20058988 0.14194056
0.18331972 -0.12072662 0.16950969
-0.06275812 -0.13015717 0.09128365
-0.03128699 -0.03911829 0.08674097
0.00071422 -0.19704098 -0.03905193
0.15030186 -0.19065823 -0.07951941
-0.33884281 0.20464665 0.13474634
0.26016298 -0.19323935 -0.06946696
0.32935286 -0.01712651 0.01668370
-0.02057202 -0.16136444 -0.02497588
-0.22163823 -0.09707899 -0.01747575
-0.32707265 -0.00424662 0.00465782
0.02001042 -0.02336488 0.21287236
0.10917920 -0.02462058 -0.17874670
-0.30682939 0.05444126 0.15017968
-0.15632290 -0.24153233 -0.09749416
-0.17390992 -0.11355062 0.12883846
-0.26187181 0.06054667 -0.11021905
0.17770737 -0.20635994 0.13500325
-0.27290243 -0.00385146 0.10779773
-0.10127720 -0.13072275 -0.21560603
-0.16629702 -0.21357755 -0.07332345
-0.01436451 -0.20379399 -0.12678240
-0.06176406 -0.03433448 -0.18900910
-0.12058874 -0.04172467 0.22387758
-0.30126181 -0.06378637 -0.02560445
-0.17921181 -0.01575934 -0.13789368
0.10094307 -0.03688798 -0.07977299
0.01716710 -0.04583476 -0.10662946
-0.23923300 -0.25582087 0.11142220
-0.31126037 -0.07075725 0.06257899
-0.06207449 -0.13916227 0.19344872
-0.33194393 -0.13852139 0.04930909
0.06435143 -0.11554474 0.04363483
0.06160660 -0.15341941 -0.02560630
-0.18103758 -0.03594762 0.08300735
-0.33748144 0.19632657 -0.09403533
-0.26114929 -0.04669686 0.17164032
0.12690745 -0.20932470 -0.07599690
-0.30483851 -0.22878823 -0.03205182
0.28644615 -0.09867234 -0.07601473
-0.31171137 0.21274096 0.01735020
-0.31396925 -0.12945728 0.05437037
-0.13835973 -0.06448932 0.03100033
-0.07273279 -0.08632094 0.21156187
0.07432461 -0.07285859 0.01161899
0.25605154 -0.19517848 -0.02403699
-0.03109110 -0.20063004 0.10732958
-0.32890856 -0.09631868 -0.09269576
0.09627025 -0.09218065 0.16788015
-0.14540778 -0.19693923 -0.11713717
-0.32364419 -0.11167959 -0.02351305
0.16195077 -0.19840208 -0.10097143
-0.17760608 -0.08198957 -0.15988280
-0.26995128 -0.11422017 -0.11127487
-0.10882692 -0.14078821 -0.01509959
-0.15716152 -0.21444800 0.12352732
0.11920848 -0.05946369 0.18038936
-0.32359812 -0.07243332 -0.01080705
-0.25107855 -0.20483914 0.00928200
0.06917107 -0.08874943 0.17050251
0.10913826 -0.20931634 0.08400962
-0.17243443 -0.08203335 0.10862899
-0.18970738 -0.16539107 0.01135684
-0.06311469 -0.03672884 0.17180443
-0.32383358 -0.15080191 -0.03091187
-0.31968689 -0.02192280 -0.03225987
0.03024564 -0.03470267 0.21350685
0.01508987 -0.19768129 -0.09537726
-0.25637144 -0.10877165 -0.05831734
-0.33629939 0.04545754 -0.06944390
-0.25400898 -0.07846766 -0.13081378
-0.37527138 0.17231569 -0.07395494
-0.19358942 -0.20178805 -0.00881602
-0.37202901 0.15875199 0.10063353
-0.26164761 0.00677992 0.13180195
0.35035452 -0.12210122 0.06344307
-0.10061191 -0.22174633 0.15927017
0.12736210 -0.21619487 -0.01130853
-0.22913942 0.02685685 -0.18507861
-0.18193860 -0.00459222 -0.13819824
-0.25172126 -0.19841440 0.02497092
0.02033829 -0.03558169 -0.15878184
-0.32554549 -0.17821759 0.07705508
-0.28143632 0.03015281 -0.09549583
-0.32583085 0.11853372 0.18585280
0.11968054 -0.20340168 0.13925458
-0.29436722 0.04183243 0.16645108
-0.36075991 0.11243593 -0.09156454
0.13091336 -0.13369788 0.12206101
-0.21575490 0.00033026 0.19553721
-0.05014530 -0.20157704 -0.06855109
-0.31972513 -0.15498674 0.05188489
0.22019728 -0.03339060 -0.13788265
0.33448863 -0.03398713 0.11441515
-0.31236035 0.21640936 0.08686218
-0.29103562 0.06736760 0.01971349
0.15141991 -0.18947028 -0.09950937
0.09673604 -0.02779008 -0.14813729
-0.11212760 -0.21300477 -0.02652668
-0.11736158 -0.02185052 0.12148000
-0.19664314 0.00432100 -0.12745973
0.18721233 -0.04682440 0.13610563
0.16521120 -0.21464786 0.10586570
-0.09710248 -0.07737382 -0.12242960
-0.35566700 0.22186956 0.10118010
0.24929032 -0.16386896 0.14370741
0.34146246 -0.11050115 0.14895394
-0.24152158 0.04306675 0.11558590
-0.31895405 -0.03865197 0.12811625
-0.13946041 -0.11941068 -0.00293976
0.14507821 -0.07606529 0.12805457
-0.24487056 -0.02695550 -0.09330189
0.05076742 -0.05377306 -0.11073107
-0.26121512 -0.19926475 -0.11619127
-0.05490954 -0.08212353 0.17605163
-0.28631359 0.17141674 -0.15163328
-0.30894276 0.22445434 -0.03237600
0.14907186 -0.04633484 0.15375285
0.17693409 -0.00759004 0.16622923
-0.23662287 -0.02801557 0.12715355
-0.05868719 -0.10379054 0.03892929
-0.29038814 -0.21936369 0.00042191
-0.12864015 -0.06695016 -0.03970300
-0.11331104 -0.08846266 -0.17984194
-0.28619218 -0.22460240 0.12111419
-0.23022909 -0.17882405 0.16326815
-0.22938943 -0.22016671 0.12802136
-0.11424103 -0.19575068 0.03014720
0.31049237 -0.01841302 0.10933274
-0.05504009 -0.06710182 -0.03808957
0.05789050 -0.17073418 0.10050014
-0.29445300 0.17984904 0.13177040
-0.24965563 -0.19820228 0.05898569
-0.33847108 -0.11151120 -0.03866459
-0.26008582 0.00086550 0.18960695
-0.05865577 -0.19246793 0.17004752
0.12306016 -0.22190374 0.11322917
-0.36031607 0.03572900 -0.12078869
0.07629862 -0.00658555 0.00754133
-0.03039195 -0.19992121 0.02832272
-0.14871123 -0.20010689 0.11118862
-0.20614877 -0.01946444 0.18146326
-0.17313358 -0.07145964 -0.07225294
-0.17807160 -0.22876789 -0.11938366
-0.23777495 -0.19490039 -0.02359205
-0.31764475 0.02990643 -0.09199286
-0.08436269 -0.04253527 -0.01250158
0.07784078 -0.01518713 -0.18048339
-0.26979056 -0.22052398 0.06011121
-0.29592222 -0.13875902 -0.17518115
0.14892805 -0.20602804 0.11517093
-0.34993219 -0.09632432 0.01689295
0.28188828 -0.14176498 -0.00341137
0.34711510 -0.08554206 0.02984626
-0.30834240 -0.21249802 -0.05912976
-0.35344264 -0.03240852 -0.01025574
0.30816215 -0.13243003 -0.06076493
-0.37671053 0.14491163 0.03412768
0.13431650 -0.20263636 0.10464990
-0.00532885 -0.21428369 0.12915498
0.11354895 -0.01937673 0.00348530
-0.28246140 -0.07117557 0.03541207
0.18090791 -0.14698473 0.10132407
0.29067701 -0.07382856 0.10449182
0.24611950 -0.02870118 -0.11963332
0.08325486 -0.21091844 0.08811241
-0.30703771 0.22469418 -0.00221128
-0.14100538 -0.19215226 0.08721391
-0.33925471 0.10022694 -0.11204754
-0.30045089 -0.10890437 0.04935100
-0.31824383 0.00694036 -0.15504946
-0.16984020 0.01401933 -0.10221104
-0.28750005 -0.14309043 -0.16273078
-0.08514951 -0.08102199 -0.08373295
-0.12352635 -0.19732212 0.02672417
0.04697467 -0.12216639 0.09061964
-0.30774337 0.16288124 0.18121207
0.04760633 -0.17114392 -0.16904595
-0.21679586 -0.14909035 -0.03031212
-0.31152263 0.05990608 0.13579299
0.26815274 -0.05626700 -0.06453144
-0.30488274 -0.08005787 -0.11348823
-0.11031319 -0.19654325 0.14747770
-0.15898970 -0.20647119 -0.02109269
-0.37005821 0.10261084 -0.00042414
0.30293119 -0.13354695 -0.09986619
-0.13189197 -0.06026758 0.20605427
-0.18227735 0.00159935 0.17065519
-0.30575258 0.11639126 -0.07225490
-0.30664527 0.10485141 -0.13477607
0.19761005 -0.21138611 0.08819428
-0.27143937 0.06454669 -0.13207407
-0.36463964 -0.00884011 -0.01249233
0.13247769 -0.17134994 -0.19297132
-0.15500790 -0.15817249 0.11039369
-0.25437263 -0.21021813 0.05180493
0.31011340 -0.08876026 0.09610768
-0.20075196 -0.02050409 0.16928390
0.00934261 -0.21209815 0.14544079
0.12027407 -0.21475951 -0.11883960
-0.13293518 -0.10225245 -0.05399020
-0.18262728 -0.20427589 0.03934195
-0.28183201 0.21773864 -0.11592398
0.06282029 -0.21352935 0.01113345
-0.30851766 0.20226632 0.11798718
-0.25298390 -0.18323503 0.21696913
0.23518369 -0.10617069 -0.13048458
0.00781948 -0.21318609 -0.00047523
-0.03762892 -0.14608504 -0.13384196
-0.36760524 0.19239290 0.10813527
-0.22270405 0.00958347 0.11512427
0.28145942 -0.07981308 -0.00390740
-0.37728402 0.06330086 0.04653658
-0.28875554 0.02383721 -0.12305105
-0.30107024 -0.17237420 0.10346805
-0.29229373 -0.01306510 -0.03220972
-0.18216953 -0.21444619 0.01382757
0.09270712 -0.15832475 -0.20088947
0.23735383 -0.14770305 0.11461121
-0.32079479 -0.16992104 0.03796387
-0.30021235 0.18995023 -0.01587444
0.31636390 -0.06616797 0.15074229
-0.13524270 0.02284448 0.12691641
-0.33286488 -0.04819502 -0.08178968
0.07248773 -0.01346883 0.10401988
-0.27684751 -0.25011599 0.10478546
0.27239585 -0.05057859 -0.10971700
-0.30423060 -0.22072574 -0.06340499
0.04198408 -0.03052247 0.18107872
-0.28125504 0.15692766 0.05891307
-0.24282148 -0.03234471 0.12299232
0.03624612 -0.04025244 -0.13205935
0.32444230 -0.04115088 0.05705129
-0.33612168 -0.08989403 0.04314115
-0.19856985 -0.22931121 -0.07791363
-0.32011461 -0.15736540 0.01143898
0.07121360 -0.16434595 -0.19041978
-0.04325660 -0.04523177 0.18425061
-0.10951878 -0.21929219 0.10831354
-0.28496793 0.09819224 -0.02036840
0.27090925 -0.00241844 0.03286116
0.02007936 -0.20642355 0.02282890
-0.10872203 -0.13611791 -0.02963100
-0.18061577 -0.22290206 0.11571366
0.13208346 -0.09489498 0.16205876
-0.33373505 -0.00162375 -0.07328288
0.31499323 -0.01011524 -0.03080118
-0.11688259 -0.07014198 0.05183180
-0.03046460 -0.07279124 -0.08628649
-0.37512127 0.16003801 -0.04903897
0.20271471 -0.00901609 -0.03229680
-0.32583338 0.18000630 -0.02027477
0.00291756 -0.04236681 -0.02944986
-0.06070860 -0.06186613 0.02961323
0.23848048 -0.13013743 0.16257854
-0.32387978 0.14569256 0.15675235
-0.08986524 -0.03731027 0.10946104
0.25897986 0.00396346 -0.08566357
-0.27974820 0.06548314 0.15074362
-0.27834734 0.06588987 -0.02338490
0.05604924 -0.04637038 0.19628356
0.02924907 -0.07789757 -0.12475920
-0.30230278 -0.00236494 0.16752531
-0.30250266 -0.21029875 -0.13396545
-0.26080036 -0.21845619 0.12710001
-0.31213444 -0.14487955 0.08571355
-0.07025831 -0.21913074 -0.11956877
0.03247392 -0.21257901 -0.03968446
-0.12164827 -0.06462125 -0.13346957
-0.00972156 -0.01420817 0.11647929
-0.01025352 -0.13062774 0.12518312
-0.03630674 -0.15918660 0.17418934
-0.05888336 -0.07501337 0.18266775
-0.27178288 -0.22331914 0.13819523
-0.34245667 0.16676553 -0.08257116
-0.12565094 -0.15982461 -0.10045223
-0.34435844 0.20611967 0.00363448
-0.22861654 0.01367873 0.16657621
-0.35302475 0.19248161 -0.06915884
-0.31679553 0.02398952 -0.10502195
-0.31050184 -0.21118049 0.01217095
0.07690816 -0.05357702 0.11286933
-0.18521866 -0.17468180 -0.15891662
-0.31887245 0.09192444 0.17735894
0.05082012 -0.05294527 0.10085174
-0.05124419 -0.02331731 -0.19189790
-0.36569533 -0.02261743 -0.00217047
0.03672442 -0.12518156 -0.08156805
0.03597585 -0.11212104 0.18800519
-0.02916482 -0.05137991 0.20078142
0.22863129 -0.20413050 -0.08511716
-0.30840692 -0.18828940 0.09789796
-0.33226648 0.18007328 -0.11737622
0.16008967 -0.01561573 -0.06245964
-0.04746564 -0.04339584 -0.18313840
0.12783766 -0.05216347 -0.13924979
0.04956529 -0.21495885 -0.01170935
-0.34305197 -0.11308636 0.08043742
-0.18580922 -0.22913879 -0.08948141
-0.10272157 -0.01333823 0.07805911
-0.31692615 0.21731794 0.18680468
-0.32030919 -0.07986517 0.03447235
0.14576192 -0.21448506 0.01221174
-0.17752525 -0.20527488 -0.13121647
-0.17416361 -0.04826001 -0.05828578
-0.09716565 0.01931846 0.16325492
0.26418316 -0.04696516 -0.16065165
-0.36457846 -0.03756289 0.04112798
-0.03896772 -0.02255749 0.09661508
-0.25096434 -0.03418230 0.08280121
-0.24481420 -0.19877309 -0.15207973
-0.33400676 0.14834967 -0.05478847
-0.34442067 -0.04839144 0.03804003
0.05779681 -0.21117076 0.07626547
-0.21243292 -0.18528260 0.00769777
-0.16727239 -0.10823812 0.18446223
-0.32905704 -0.11088486 -0.15316115
-0.11237155 -0.17282471 -0.16536616
-0.02823670 -0.04980996 0.16387336
-0.13657860 -0.06487043 0.15577896
-0.07951788 -0.06435814 -0.09337250
-0.24116506 -0.19597441 0.03381663
-0.02103719 -0.11062010 -0.01581827
-0.26917866 0.03729042 -0.01436688
0.06154648 -0.21114133 0.14945418
0.02606566 -0.21529038 -0.03615751
-0.16933164 -0.24687506 -0.15223736
-0.04778770 -0.22283991 -0.01435027
-0.32190657 0.04979318 0.07509499
-0.13614228 -0.23902558 0.15640111
0.14741261 -0.20002478 -0.14059263
0.01626334 -0.22319992 -0.15247929
-0.20378526 -0.04049133 0.19064769
0.28661215 -0.13065939 -0.10142840
-0.00128536 -0.09036096 -0.18196346
-0.35199347 0.10199316 0.07806750
0.02457934 -0.08281042 -0.12429099
-0.31728145 -0.10723059 0.13571261
-0.33850256 -0.18713164 -0.04556194
-0.25499058 -0.16120391 0.14440183
-0.05478832 -0.04638793 -0.02552500
0.03682965 -0.11542758 0.04834732
0.28033429 -0.05126486 -0.09135436
-0.05131269 -0.21971084 -0.12089133
-0.27376553 -0.01793115 0.11991435
-0.34924820 -0.07791890 -0.12850481
-0.30529737 0.09606543 0.04564649
-0.33282974 -0.09799574 -0.04198715
-0.27198395 0.04213313 -0.10950463
-0.16938934 -0.10967012 0.03890131
-0.12339046 -0.16506633 -0.18351072
-0.30677807 0.02471659 -0.16314922
-0.20627695 -0.22287421 -0.11672676
-0.28961831 0.18990779 -0.05507363
-0.33732247 -0.12965420 0.07320225
-0.25863650 -0.14978850 -0.14658281
-0.05554922 -0.01300849 -0.06719703
-0.26037300 -0.21436962 0.07587641
-0.34868547 -0.05703606 0.10868040
-0.21487805 -0.01215857 -0.05592961
0.00798143 -0.21892491 -0.08456476
-0.30081329 0.04867850 0.13898444
0.04172753 -0.11471073 0.09588522
-0.17546336 -0.02658668 -0.15196657
0.12264278 -0.10696073 0.02104571
-0.24726346 0.04545500 0.17763789
-0.25096947 -0.20747817 0.09337262
0.27118823 -0.04281293 0.14789696
-0.33224523 -0.06930345 -0.06592052
-0.19028164 -0.21553275 0.00609760
-0.30245599 -0.16481872 0.17359900
-0.29970962 0.11672115 -0.11377473
-0.06794582 -0.06927747 -0.02901951
-0.16074409 -0.20811220 0.04655842
-0.33775201 -0.14356062 0.07507052
-0.03488827 -0.00178923 -0.15593715
0.07785326 -0.04427703 -0.03870666
-0.31515586 0.17620364 0.13636607
-0.23200278 -0.22058813 0.08161782
-0.33184767 -0.10422769 -0.03567753
-0.37131050 -0.01697232 -0.03000644
-0.27745193 0.10348284 0.18232504
-0.33943805 -0.01576696 -0.00738176
0.11478557 -0.19166288 -0.06293464
0.06967788 -0.21362060 0.09385940
-0.13822313 -0.18586263 0.15423535
-0.28596747 -0.01665695 0.15581855
-0.09267873 -0.08984919 0.18448973
-0.33072743 -0.06126382 -0.00525978
0.11562349 -0.20179877 -0.13228419
-0.29444075 0.13711324 0.03671662
-0.22997504 -0.04682311 0.14137544
-0.20520210 0.01514220 -0.13907886
-0.10661418 0.00595390 -0.11601275
0.02732768 -0.10301419 0.04286034
-0.01643503 0.02181965 -0.10635183
-0.16775733 -0.21365342 0.14444140
-0.02505697 -0.06817815 0.14966589
-0.30588380 0.04502583 0.18922549
0.05159101 -0.20935662 0.05380308
0.19527768 -0.18586244 -0.09373112
0.18073906 -0.18752678 -0.11684110
0.13730982 -0.16292727 0.12477825
-0.30368155 -0.05146527 -0.02242250
-0.32767856 0.21101016 0.06872906
-0.01598294 -0.09697653 0.19076625
-0.31005263 0.21664418 -0.10758712
-0.03392356 -0.02842542 -0.08156142
-0.27787673 0.19302234 0.13499753
0.09061734 -0.09314022 -0.12265089
-0.34074342 -0.02870592 0.05643478
-0.34996149 0.13238978 0.07250393
-0.34214485 0.08220387 0.14826249
-0.35218555 0.22084114 0.03608318
-0.34246457 0.13313085 0.09607423
-0.34168392 0.21497411 0.16885693
-0.07731555 -0.19877695 0.15505692
-0.30427429 -0.19568618 0.16983776
-0.02160805 0.00907084 0.00287554
0.33667511 -0.13242733 -0.06120380
-0.30780575 -0.09838790 0.08535693
-0.36540639 0.17033507 0.03601596
-0.29757166 -0.18360598 0.00949907
-0.33428332 -0.04805000 -0.07263034
-0.31860116 -0.15886077 0.01734765
-0.30077860 -0.22307216 0.07537688
-0.32027486 0.19201683 -0.09625565
0.10271184 -0.09683164 0.00439686
-0.20400399 0.07158121 0.11272168
0.03986698 -0.12366764 -0.18054029
0.07951626 -0.20158617 0.05257425
-0.33487102 -0.13409191 0.05107356
-0.13291663 -0.02176549 0.18583730
-0.29122311 -0.21106258 0.07133147
-0.16635266 -0.16409454 -0.11016820
-0.00090104 -0.08803421 0.20986520
-0.37544295 0.15502512 0.05727555
0.34566551 -0.07803030 -0.06919777
-0.36832371 0.18248570 0.09966301
-0.24017218 -0.19299139 0.02563544
0.30134851 -0.09245212 0.15409769
-0.24213508 0.14900550 0.19139706
-0.32487786 -0.03780644 -0.06382822
-0.02377445 -0.00958170 -0.10681328
0.29266009 -0.04545315 0.00079824
-0.31897894 0.22762623 -0.07156562
0.11721864 -0.04559816 -0.15964086
-0.26635194 -0.00286205 0.10313508
-0.30985224 0.04911643 0.08522356
0.05368409 -0.18985249 0.07904477
-0.18652743 -0.04620335 0.14696901
0.26453027 -0.02673235 -0.06997005
-0.00335650 -0.08315716 -0.11243631
-0.25380400 -0.00380308 -0.12959811
0.20179063 -0.21593283 -0.01374774
-0.21347290 -0.18233007 -0.14094162
-0.04397869 -0.13254945 0.15129901
-0.01767386 -0.02109879 0.10926853
-0.12386401 -0.16971183 0.18710740
-0.26068634 -0.16433991 0.21459648
-0.30585498 -0.12325514 0.08524582
-0.35452801 0.14313637 0.10275792
-0.18692128 -0.18517801 -0.13611567
-0.30191272 0.22478652 -0.13357657
0.22086540 -0.05296775 0.09226559
-0.33547014 0.05127121 0.17094925
-0.17729521 -0.09153388 0.19651259
-0.21108958 -0.19110227 -0.17041287
-0.24651080 0.15770675 0.17911763
-0.01352646 -0.06247731 0.08777051
-0.33009076 0.22699580 0.01231772
0.11804799 -0.01714261 -0.12294303
-0.15585586 -0.23937899 -0.06064701
-0.37209523 0.19707994 0.04652308
-0.30526587 -0.13603754 0.03868286
0.18128371 -0.05076960 -0.18196915
-0.30279243 -0.15562816 0.10809910
-0.06126304 -0.16518050 -0.15450077
-0.06434260 -0.02288736 -0.16255960
0.21812543 0.01970033 -0.09516382
0.07697433 -0.21042311 0.06646394
0.12229694 -0.10936569 0.18203539
0.14443189 -0.04285972 0.11581658
0.24880335 -0.21156575 0.05300403
-0.30553544 -0.10631168 -0.09293008
-0.03675512 -0.21557125 -0.02659893
-0.11833680 -0.12792052 0.16788845
-0.30696264 -0.21158917 0.06504120
-0.04623803 -0.22298771 -0.04970489
-0.36770135 0.01944204 0.01915079
-0.06929956 0.04538064 -0.17430395
-0.31624472 0.18634400 -0.11552163
-0.00739592 -0.09455743 -0.06815544
0.21922444 -0.00572914 -0.02432437
-0.10135852 -0.13259847 0.17133240
0.00614353 -0.10022414 0.18947583
-0.23520222 -0.19800818 -0.14949517
-0.33202827 0.19016001 -0.08893146
-0.03891337 -0.07047148 -0.01400844
-0.30028096 -0.17642152 0.13724831
-0.33438259 0.21904629 -0.03243800
-0.15821837 -0.13405156 -0.05019630
-0.28659654 -0.22040941 -0.09289169
-0.10468878 -0.19249868 0.16638985
-0.06962492 -0.20083492 0.06373443
-0.34876227 0.22363666 0.03256771
-0.33058843 0.14969157 0.17075746
-0.26827615 0.06182379 -0.12185701
-0.28058594 0.05923550 0.14249098
-0.31547451 -0.22840790 -0.02562511
-0.31922925 0.22317885 0.19075201
0.29992795 -0.05143837 -0.10641879
-0.28673702 -0.21631068 0.10830252
-0.28518611 -0.00981722 0.00978148
-0.23208903 -0.16482767 0.18504573
0.05870179 -0.08804241 -0.17994739
-0.31249279 -0.11884597 -0.08648559
-0.22772186 0.01690969 -0.00693889
0.23773390 -0.10615446 0.11819357
-0.20304093 -0.17708372 -0.16353993
-0.06134895 -0.03484401 -0.13716127
-0.21386001 -0.22100113 -0.04190615
-0.36586347 0.10693762 0.01691639
-0.06440036 -0.03434914 0.19418953
-0.07158013 -0.08688769 0.19638783
-0.28771272 0.17142846 -0.09567121
0.01205187 -0.02559220 -0.02890675
0.13730992 -0.13517746 0.14316508
0.17522407 -0.09413188 -0.13053471
-0.19452785 -0.20462246 -0.00884964
0.04324895 -0.20285243 0.04310458
-0.34296918 -0.03188028 -0.02042928
-0.35805637 0.20201267 -0.01416812
-0.15971132 -0.04143864 -0.08341625
-0.29555920 0.06766214 -0.05894656
-0.33338356 -0.05075973 -0.02764184
-0.33274651 -0.05475881 0.02348475
-0.23771273 -0.20077300 -0.08804882
-0.01763784 -0.16489078 -0.09202038
-0.16822489 -0.01967101 -0.10626063
-0.31827596 0.22860251 -0.02450588
-0.01735007 -0.14494632 0.21066609
0.09120212 -0.13248086 0.16441199
0.15589309 -0.20857194 0.14091650
-0.17506862 -0.04925474 0.18578097
0.05302242 -0.19412468 -0.13107389
0.03958347 -0.08430500 -0.05236707
-0.35424539 -0.10112473 0.00108439
-0.29424471 0.18367635 -0.10830124
-0.34790006 0.17800491 0.06610214
0.10277567 -0.22180948 -0.12678999
-0.23410577 -0.14630517 0.15579131
-0.25386772 0.03438720 0.08340067
0.20591287 -0.00467815 0.00217540
-0.28772479 -0.15909600 0.11988616
-0.24601381 -0.08362920 -0.15827617
-0.25625917 0.05905557 -0.13101424
-0.25911292 -0.23122045 0.13730547
-0.33829489 0.10197031 0.12062544
-0.21532622 -0.09498245 -0.02124810
-0.32680145 -0.09681621 -0.03968101
-0.19776464 -0.02788434 -0.07042164
0.04238548 -0.00531527 0.11428408
-0.12170449 -0.03855379 -0.17552395
-0.26878348 -0.21899283 0.04522705
-0.06624369 -0.20057005 -0.13089345
-0.33454651 -0.12224410 0.04556530
-0.19767973 -0.23176838 0.13348521
-0.25451732 -0.14924052 0.20692779
-0.10713691 -0.00635659 -0.19902003
-0.01377165 -0.19652900 0.11417457
-0.25263292 -0.09734964 0.02072090
-0.26146054 -0.15001574 -0.03684032
-0.37057778 0.18997759 -0.07371767
-0.36082798 0.09464452 -0.04127165
-0.19252566 0.05331010 -0.17495477
-0.03295135 -0.19206716 0.15246697
-0.26916474 -0.15073799 -0.18542030
-0.25299466 -0.04093815 0.12642974
-0.10124199 -0.17216621 0.17175442
0.33904153 -0.08823752 0.17009594
-0.22325483 -0.19693458 -0.13579552
-0.15737912 -0.12559725 -0.15439773
-0.34608984 0.05180388 -0.01257174
-0.08352308 -0.13427790 -0.14067560
-0.25194713 0.03758356 -0.13978848
-0.21942994 -0.15058738 0.14259483
0.25302130 -0.12470085 0.13683884
0.23034413 -0.00118654 -0.02470125
-0.16288716 0.04621069 0.16725868
-0.23087336 -0.03390542 0.10911571
-0.29744789 -0.04285935 -0.17340416
0.14493592 -0.20478889 -0.09742990
-0.17898586 -0.21348375 0.06494622
-0.01687261 -0.00024154 -0.13768798
-0.32018742 0.01894915 -0.12187336
-0.12655298 -0.09230252 0.07947602
-0.04347825 -0.19520941 -0.09624205
-0.34345376 0.18774207 -0.07758150
-0.13258843 -0.15965053 0.10361637
-0.29596934 0.11836407 0.07280667
0.06410717 -0.15851851 0.18398646
-0.04301237 -0.19943051 -0.12132470
-0.28118467 -0.19428606 0.04209153
0.22062601 -0.06633374 0.12085951
-0.11952477 -0.14038420 0.21155250
-0.15704964 -0.09511412 0.03440891
-0.22080365 0.01725652 0.07764202
-0.30950376 -0.03712511 0.19112976
0.08222636 -0.00048612 0.06864378
-0.35052657 0.22515674 -0.00455558
-0.26921645 -0.08975556 0.18324018
0.30402043 -0.03951180 0.01563704
-0.33516127 0.20921406 -0.09803003
-0.01581394 -0.21303587 -0.07832607
-0.31400573 0.23435166 -0.01131894
0.11526212 -0.07379477 -0.15087737
-0.30234319 0.14127281 0.15907650
0.25639966 -0.18933874 0.06277788
0.10100923 -0.21176009 0.06731252
-0.33346844 0.20529214 -0.08141136
-0.29325598 -0.25166076 0.16619077
-0.11693675 -0.15304150 0.13470785
-0.23860992 -0.04058555 -0.02529686
-0.25759321 0.01589594 0.17267399
-0.14057812 -0.09998857 -0.11967915
0.20959044 -0.19982088 0.04262399
-0.19687283 -0.05450604 0.03237242
-0.28389442 0.19935745 0.08320144
0.02372656 -0.00288592 0.13367949
0.08306755 -0.03181832 -0.08938556
-0.21274503 0.01897165 -0.15448186
-0.25656635 -0.25447106 0.11541881
-0.34589508 -0.07553003 0.02630913
0.02981293 -0.22109835 -0.01930866
0.16371201 -0.02816352 0.02745865
-0.13138062 -0.17883277 -0.13644885
-0.03536212 -0.17907707 0.18542060
-0.22006306 -0.00644123 -0.05264011
-0.26576239 0.02651791 0.18857028
-0.35419932 0.14012487 0.06782068
-0.13287957 -0.12125359 0.05507063
-0.27672005 -0.04045799 0.18385747
-0.28149194 -0.02480321 -0.05342118
-0.33648399 0.00899367 0.16954933
-0.21312681 0.00791370 -0.14271854
-0.34508216 0.19112591 -0.05837391
-0.08752234 -0.10041990 0.09496254
-0.02225836 -0.12750490 -0.20935391
-0.24037327 -0.14052117 0.19639854
-0.34804565 0.22851588 0.04606792
0.15965317 -0.20804748 0.05008252
-0.11043146 -0.11510428 -0.05570713
-0.04380587 -0.07272618 -0.05035007
-0.32576537 0.15172967 0.04887947
0.14440066 -0.20794864 -0.11710178
-0.30393013 0.07806139 0.17008060
-0.28901330 0.15925308 -0.10476159
-0.32934487 -0.18875925 -0.03165893
-0.35716820 0.17976913 0.11947786
0.35539818 -0.15569636 -0.03491466
0.03157930 -0.02812078 -0.04315428
-0.21703947 -0.23327444 0.09509575
-0.09846194 -0.02640275 0.19487818
-0.14302737 -0.20136687 -0.08181676
-0.19382343 -0.21406969 0.16493998
-0.03667486 -0.10679640 -0.19703069
-0.32544973 0.22931106 0.00004351
0.31298688 -0.04849615 -0.12507872
0.05973975 -0.20277698 0.11922817
-0.29751974 -0.19953677 0.16708468
-0.35363963 0.18401673 0.12988527
-0.11558288 -0.17481521 0.19504128
-0.03135801 -0.06616989 0.16880226
-0.26809949 -0.23269023 0.05616785
-0.31412876 -0.03929225 -0.01134906
-0.28712779 -0.10163403 -0.09995061
-0.36430284 -0.04870185 -0.00739945
-0.01692424 -0.17432015 0.17268403
-0.12796436 0.02457687 0.18920900
-0.38002154 0.07415629 0.00132756
0.32318011 -0.12106785 0.13107592
0.10072316 -0.11941994 -0.00628557
-0.17337382 -0.14499284 0.21135898
-0.26777369 0.17590317 0.18314365
-0.29966426 -0.09210544 0.01397610
0.13484344 -0.21939799 -0.12435857
-0.23089828 -0.20172659 0.08140079
0.11486029 0.00234251 0.09968551
-0.31891561 -0.09653417 0.06037472
-0.23380464 -0.07132342 0.17663060
0.02139549 -0.06975082 -0.00180349
-0.13698089 0.02195480 0.15677112
-0.30132157 0.11078843 0.02124163
-0.11486550 -0.08304463 -0.12428751
-0.21659184 -0.24043363 -0.04720175
-0.27419457 -0.21304552 0.03523595
-0.32678780 -0.17805740 -0.02998298
-0.33082655 0.22964947 0.17862125
0.11666790 -0.16579476 0.14741133
-0.23538873 -0.22502373 0.03018694
-0.26899886 -0.20189527 0.07667150
-0.33398485 0.19716641 -0.13559298
-0.19619486 -0.08539960 -0.15713735
-0.03013358 -0.12729490 -0.17686632
-0.31406543 0.17643844 -0.12561181
-0.34620661 0.19780016 0.08790207
-0.12164801 -0.03976543 -0.14492927
0.05284211 -0.07046658 -0.18226209
-0.18830699 -0.17029567 -0.15571849
-0.33139580 -0.16263160 -0.07645302
-0.06729882 -0.03826043 0.17505381
-0.32698983 0.22919168 0.15400316
-0.29722357 0.08291643 0.08468552
-0.14962235 -0.11857822 -0.18587649
-0.29503226 0.10437654 0.13106127
-0.21631350 -0.06364302 0.13543718
-0.13367538 -0.03374428 -0.15862983
-0.27089605 0.18735990 0.16653879
-0.00073298 -0.12622337 0.20507036
0.12836939 -0.10785059 0.08907844
-0.28810966 -0.21029697 -0.00130405
-0.25666702 -0.22418290 -0.11315846
-0.26394600 -0.06003959 0.19582893
-0.29787543 -0.08457448 -0.11279962
-0.29295781 -0.21551003 0.12559280
-0.03526270 -0.12430874 0.13061312
0.06437791 -0.09798276 0.01397890
-0.23721917 -0.02623787 0.06038184
-0.32267243 0.01217761 0.12902723
-0.22344224 -0.20938610 0.01900746
-0.29408172 0.13840488 0.04358591
-0.07377223 -0.07453947 -0.03944476
-0.10200769 -0.04024500 -0.13090491
0.07211630 -0.09831032 -0.12448756
0.07206348 -0.03196448 -0.09573279
-0.24711251 -0.15693273 0.18047804
0.24326457 -0.17859164 -0.12590691
-0.08311504 -0.08219735 -0.17094007
0.20952447 -0.01062583 -0.01443030
-0.09960018 -0.20292190 -0.01499249
-0.23996770 -0.03242322 0.02286610
0.06895390 -0.20391256 -0.15474325
-0.35188979 0.20875607 0.09163246
-0.30790547 -0.03913525 -0.08282589
-0.05545901 -0.09574637 -0.14383745
0.14107338 -0.20876990 -0.00109112
-0.22551526 -0.21320707 0.03165846
0.14814460 -0.05249653 -0.02748700
-0.15293896 -0.11612847 0.14624545
0.02250505 0.01771989 -0.12014843
-0.03874031 -0.16441344 -0.10621476
-0.02061020 -0.19121231 0.17289510
-0.27773884 0.16578595 0.14055219
-0.31316039 -0.19336513 0.01693559
-0.32211262 0.12656932 -0.04049271
0.24234274 -0.16179015 0.14005886
-0.09188125 -0.01572862 0.11112976
-0.00597450 -0.07258690 -0.02561422
-0.32374293 -0.05646003 0.12763518
-0.16783603 -0.20392781 0.08478970
0.04498640 -0.18304841 0.00809185
-0.36497551 0.15383697 0.03911024
-0.13562138 -0.12453823 0.11820197
-0.19498435 -0.22005031 0.14283657
-0.30927899 0.24245417 -0.03403145
-0.30654123 -0.09345993 -0.08301174
-0.21000241 -0.16408892 -0.19699037
0.04841651 -0.21001047 -0.03632807
-0.30041385 -0.01988320 0.03291992
-0.32434553 0.09429118 0.14859059
-0.27298239 0.00501735 -0.10589837
-0.34214163 -0.00805268 -0.07599809
-0.35921422 0.20999143 0.00660618
-0.17954701 -0.01811358 0.15589209
0.00264118 -0.03964217 0.02933510
-0.16909009 -0.22314866 0.00238361
-0.30999267 -0.17588165 -0.08966266
-0.05348277 -0.17229955 -0.07143550
-0.04053529 -0.22724192 0.11885069
-0.34129593 0.02426964 -0.12242814
-0.17297062 -0.02536795 -0.08162827
-0.36685777 0.14683586 0.03658540
-0.09698616 -0.02828331 -0.18036361
-0.30300313 0.15984255 -0.08461237
-0.22426665 -0.18233646 0.03164917
0.07834308 -0.03337318 -0.06414659
0.35792539 -0.08761465 0.07117566
-0.11985219 -0.20629829 0.06409078
-0.22980946 0.03435733 0.12476030
-0.22747357 -0.08997223 0.16780528
0.19771819 -0.02703338 0.17888847
-0.00496432 -0.08003975 0.00719693
-0.29017407 -0.07020325 -0.19652304
0.07860868 0.00582753 -0.12175684
-0.21238440 -0.01759159 -0.00599061
-0.31795794 0.22411631 0.07534423
-0.09489521 -0.05756424 0.18222977
-0.35393113 -0.06068752 0.00738506
-0.32320935 0.21392033 0.18321583
-0.07624616 -0.04315271 0.12013672
-0.12899452 -0.13037735 -0.16688108
-0.30603543 0.21777993 0.09614020
-0.14407232 -0.06121858 -0.17386915
-0.21467461 -0.11336508 0.21044089
0.27370328 -0.13016884 0.08190434
-0.20155688 -0.05106992 0.12779066
-0.17412286 -0.19560295 0.11347520
-0.34443593 0.17970669 -0.12692839
-0.19528559 -0.25335652 -0.15854238
-0.34564090 0.22559497 0.06052538
0.01743938 -0.21695134 -0.13371295
0.30127388 -0.03667410 0.04711973
0.27315468 -0.03266272 -0.08599466
-0.03344651 -0.02906228 -0.12857200
0.07070515 -0.21570751 -0.12997240
0.15234646 -0.20060103 -0.06791773
0.33753076 -0.07314934 0.12932797
-0.05437549 -0.06721960 -0.16029879
-0.36049664 0.21343052 -0.01897535
-0.31324267 -0.12773558 -0.16345562
-0.29872048 -0.04760984 -0.07021759
-0.25354600 -0.04771752 -0.02321132
0.30509809 -0.17877901 -0.12121949
-0.25201020 -0.20542057 0.00086726
-0.00877501 -0.00492570 -0.17689915
-0.34246805 0.15646186 -0.09669997
-0.26659828 -0.08141528 -0.19408856
-0.37281355 0.13395308 0.12692030
-0.01983778 -0.11149772 0.07307756
-0.32403237 -0.12382105 0.03542382
-0.13338785 -0.18902202 -0.14855675
0.15959263 -0.20260504 -0.07493234
-0.17567630 -0.22303765 0.13288039
-0.00427838 -0.02336066 0.10472939
-0.30924535 -0.16644269 0.06116099
-0.15223402 -0.02835592 -0.19558479
-0.36083737 -0.05730105 0.11021982
-0.32154846 0.04036650 -0.08139551
0.16131714 -0.12334567 0.09989320
-0.29908258 -0.13140392 -0.16222022
-0.27077687 0.15552251 0.16429830
-0.22772777 -0.21179980 0.07792024
-0.02806163 -0.07803735 0.17649189
-0.35098398 -0.13412598 -0.00545392
-0.36828396 0.21616140 0.03218779
-0.21651641 -0.05197170 -0.10662168
0.02356431 -0.05211719 -0.02329905
-0.31827527 0.15827160 0.06718592
-0.21987340 -0.25829569 0.10672799
-0.11453879 -0.13052586 0.18842269
-0.35328540 -0.08099592 0.13136856
-0.21586886 -0.22649540 -0.15476564
0.04056587 -0.20509328 -0.17050526
-0.19505481 -0.20010169 -0.14601716
0.17337878 -0.02749226 0.07189029
-0.25857669 -0.23735209 -0.08753304
-0.30120006 -0.19710535 -0.13593577
0.06463856 -0.22036856 -0.11730239
0.07098207 -0.20803788 0.07567979
-0.34308442 0.04746046 0.14904949
0.10413739 -0.18649258 -0.11812985
-0.30855688 0.07245769 0.01629385
-0.04988514 -0.10643169 -0.13316692
0.07220745 -0.05438963 0.06077674
0.13631552 -0.21950424 -0.02027982
-0.19075610 -0.20970297 -0.05554976
-0.36000556 0.16382819 0.01807062
-0.14938386 -0.01140125 -0.04081337
-0.17165881 -0.18208946 0.19686431
-0.26105791 0.09898029 -0.19087470
-0.26584566 -0.21387897 -0.10931379
-0.33928946 0.03127101 -0.10476879
-0.18713170 -0.10307296 0.14029802
-0.07192299 -0.01459651 -0.14375354
0.06608236 -0.10329886 -0.11975207
-0.18997432 -0.06630082 0.06063899
-0.13149422 -0.11385376 0.00499635
-0.31430879 -0.19567420 -0.01046441
-0.12498371 -0.23657791 0.14920807
0.02209610 -0.02575231 -0.12981026
-0.18145983 -0.07203473 0.07708086
-0.29821348 -0.19861780 0.02950072
0.04127204 -0.09429106 -0.08768865
0.02557710 0.01001222 -0.14952661
-0.23986119 -0.04404081 -0.14835112
0.05458922 -0.20958894 0.05050449
-0.32398248 0.22504786 0.10255688
-0.28286979 -0.21723227 0.11816084
0.34069857 -0.12392311 0.07626969
-0.24116933 -0.00218205 0.18056618
-0.27239221 -0.10900711 -0.08627935
-0.36465159 -0.00607648 -0.05044952
0.00202141 -0.05569511 -0.15549256
-0.17474166 -0.00917226 -0.03139228
-0.34731719 0.11507892 0.08796909
-0.26180011 -0.23832896 -0.13349415
-0.13240696 -0.02106313 0.19712402
0.31816229 -0.00522670 0.04913079
0.36761883 -0.12238012 -0.06647924
-0.25760734 -0.07670565 0.14809632
0.23332570 -0.17193623 0.12816128
0.03161062 -0.21585315 0.05941336
-0.15689574 -0.20580789 0.05853372
-0.18474308 -0.10613333 0.18085608
-0.25321144 -0.19997667 -0.07995537
-0.08830810 -0.16161187 0.07311372
-0.19657457 0.01528721 0.15548581
0.01555078 -0.05395450 0.18573684
0.13625303 -0.05050300 0.18455811
0.02312672 -0.08503236 -0.20776996
-0.19460775 -0.09348179 0.14516099
0.00757091 -0.19847302 0.13343892
-0.17096514 -0.00224502 -0.16193376
-0.34168604 -0.08534214 -0.00327471
0.31364208 -0.12164284 -0.08102763
-0.13245423 -0.06496913 0.15154071
-0.14265984 -0.15094632 0.21786611
0.27726901 -0.14539869 0.03576340
0.21087313 -0.06082147 0.12951230
-0.07135969 -0.01452036 0.06258643
-0.30655059 -0.20240057 0.05907277
0.24010745 -0.15236020 -0.00032227
-0.16006762 -0.21750210 -0.00352598
-0.32831645 0.17449141 -0.10236502
0.13480294 -0.22155814 0.04503103
0.01591056 -0.09803819 -0.12591492
-0.08539087 -0.00836694 -0.05254530
-0.31127188 0.19751672 0.02637828
-0.31092402 -0.07663400 0.16766460
0.01665744 -0.11639448 -0.03384299
0.33080623 -0.06439912 0.12562583
-0.02548310 -0.06897511 -0.12105583
0.11666859 -0.03033194 -0.01571216
-0.15063904 -0.22035836 0.04618306
0.00109709 -0.16008443 -0.16668835
-0.16044497 0.01139040 0.11848523
-0.31837890 0.14369009 0.02680742
-0.23212960 0.02385885 0.04918354
0.11782622 -0.08685739 0.12230780
-0.03807977 -0.05046343 0.05512492
-0.18842614 -0.10516280 0.14605115
-0.31146523 0.22720462 0.04207791
-0.28773877 0.04053264 -0.01725348
-0.30497539 -0.22703482 0.00346104
-0.05875833 -0.06628385 -0.06493184
-0.26499748 0.05675261 -0.15575029
-0.31805399 0.05402511 -0.05192121
-0.04019088 -0.12320372 -0.08663751
0.02126939 -0.16954914 0.16451672
-0.28051755 -0.17508921 0.21489552
-0.00569394 -0.09136224 -0.04216504
-0.29037717 -0.06481879 -0.14131093
-0.34897742 -0.01524605 0.04669558
-0.13062587 -0.08960143 -0.02730503
-0.31950146 0.20683627 0.05602869
0.04424649 -0.06844451 0.19255286
-0.35313287 0.19947369 0.01824281
0.27418759 -0.15451254 0.02325096
-0.35737857 0.13846856 0.00644457
-0.34975940 0.22329165 -0.06139273
-0.22362836 0.06333124 0.19620168
-0.21339488 -0.20238274 0.03207355
-0.18904771 -0.00960322 0.13672456
-0.34454527 0.19809923 -0.12739484
0.04600064 -0.17603604 0.04958187
-0.21619058 -0.02749105 -0.09702638
-0.30890664 0.06296505 0.13870455
-0.32002982 0.00692550 0.16470256
-0.23942284 0.00067922 0.16241655
0.10896961 -0.04481776 0.16557780
-0.18354350 -0.00536546 0.14850488
-0.28380746 0.05915324 -0.06690510
0.02951156 -0.10206807 -0.00475133
-0.27074108 -0.04920414 0.19766012
-0.17292430 -0.22482865 0.07457899
0.19125503 -0.20827624 -0.04041760
-0.08971371 -0.08171428 0.02922243
-0.03067293 -0.05529044 -0.18926358
0.07517231 -0.04498068 0.20130152
-0.34214666 0.11281100 -0.05523170
-0.00193945 -0.12826453 0.14556020
-0.35309327 -0.07316057 -0.02832867
-0.24833289 -0.02171053 0.12579577
-0.06225109 -0.21822268 -0.06698819
0.06229869 -0.07706542 -0.07577015
-0.31571499 0.15379669 -0.08556988
0.06171767 -0.21058382 0.14724618
-0.35354227 -0.02896455 -0.08297881
-0.35818362 0.03651463 -0.02179308
0.33906880 -0.04142760 0.08240908
-0.16879398 -0.21327907 0.05675662
-0.34027237 0.20555112 0.11890598
-0.00901264 -0.13146140 -0.11469904
0.06635725 -0.17149405 -0.11013730
-0.26324758 -0.16463929 0.03701035
-0.30565399 -0.17231007 -0.10626795
0.31347811 -0.11691762 0.14768860
-0.08961569 -0.02396045 0.13633277
-0.22137097 -0.04437619 0.01194992
-0.15941902 0.00436725 0.13261685
-0.26524574 -0.23191762 0.11731646
