-0.30105329 -0.07114136 -0.03089492
0.01579010 -0.05678366 -0.07057897
0.06832445 -0.02159137 0.01150525
-0.09412103 -0.02727151 0.05023822
0.09544322 0.03540355 0.01797879
-0.29533699 0.02079800 -0.05480353
-0.46280715 -0.00415175 0.00796492
-0.40588948 -0.04584021 0.00625955
0.41399711 -0.04998352 -0.03545123
0.22937863 -0.10410380 -0.06258880
-0.01925434 -0.12310569 0.03955826
0.20031101 0.01698467 -0.03620291
-0.14617632 0.03799846 0.02544503
-0.08934106 0.05787577 -0.02053861
-0.01046790 -0.02943885 0.02290316
-0.16372481 0.02510066 -0.07202041
-0.09845274 0.00806838 0.05145037
0.03580181 -0.06557274 0.05689512
-0.06580693 -0.05158840 0.07335433
-0.36222759 0.01584091 -0.06754705
0.29690951 -0.09804665 -0.06903456
-0.14543313 0.00533754 0.07060876
-0.32975262 0.03896242 0.01969249
-0.23168387 -0.10850367 -0.02963203
0.10577160 0.05604512 -0.01160008
-0.02385875 -0.02141754 -0.06754816
0.17126286 -0.12884806 -0.03371829
-0.34708911 0.03528412 -0.06143788
-0.41151449 0.00680311 -0.06522746
-0.30628312 -0.03200965 -0.07103777
-0.20978755 -0.12732251 -0.02854197
-0.34150311 0.03757216 0.06650171
0.11333029 -0.07154985 -0.07896787
0.01563459 -0.02768061 -0.00111355
0.27355185 -0.12774588 -0.02237727
-0.11034940 0.01265535 0.04252470
-0.39260656 -0.08241272 0.00094312
0.17946599 -0.00151122 0.07537282
-0.04173494 -0.13105975 -0.03766391
-0.01974193 0.01838701 0.06940290
-0.13053618 0.01511758 0.03590950
-0.39614505 -0.09217924 -0.05467426
-0.31950349 0.05955666 0.02774230
0.03218395 0.04111169 0.00541996
-0.25784767 -0.06353379 0.06957212
0.32808438 -0.12452075 -0.01396943
-0.00874627 0.01027678 0.00359855
0.26749235 -0.00698758 0.03341112
0.34316427 0.00678430 0.00306915
-0.02634630 -0.11370829 0.05181021
-0.05594989 0.03727745 -0.02778080
0.26655176 -0.07620249 0.05223195
0.24176121 -0.12823239 0.01725787
-0.38545936 0.02147092 -0.06482651
-0.10453010 0.00019723 0.05509129
-0.36453551 0.03377008 -0.01937310
0.15681280 -0.08285274 -0.06428209
0.11673383 -0.06108258 -0.07078667
-0.27900589 -0.06095995 0.05470097
0.06736016 0.02748269 0.06252529
0.19124837 0.04514001 -0.04380544
-0.17013963 -0.00961757 -0.07334038
0.26763138 -0.00352471 -0.03181154
0.07776534 0.02526877 0.05509907
0.34630179 -0.02228393 0.01375006
-0.34993726 -0.06098022 -0.07299069
-0.43227220 0.00573298 -0.02746465
-0.17098664 -0.12360809 0.02631739
-0.37450016 -0.01122252 -0.03114969
-0.15214619 0.04423364 0.01214681
-0.15540005 -0.02122288 0.07371808
0.40222353 -0.03643991 -0.02639206
0.21280614 -0.06179561 0.07584646
0.26759008 0.01165589 -0.07039669
-0.10220046 -0.01550188 -0.07437540
-0.06914515 -0.00796320 0.07458455
-0.31083760 -0.03059367 -0.02940383
-0.19136690 -0.09610184 0.07099963
0.26583469 -0.12935664 0.01197878
-0.28562474 -0.01846011 -0.00714818
0.21604514 0.03403521 -0.04286231
-0.02855575 -0.11154732 -0.05796535
-0.22197199 -0.01384098 -0.07168365
-0.26589397 -0.01281421 0.01700789
-0.21798882 -0.02574174 -0.02569077
-0.41791826 0.03328981 -0.04063483
-0.42464447 -0.01480818 -0.01108546
0.28804386 -0.13383771 0.02406247
0.15109356 0.01241124 -0.01962640
0.30452260 -0.09000279 -0.06393845
0.10060963 0.05447048 -0.04313651
0.27314174 0.01219190 -0.02030264
-0.16169804 -0.01628041 -0.04732305
-0.34961614 -0.05537533 0.07032181
-0.33772579 0.03955393 -0.06183863
0.43561721 -0.06162820 -0.03496855
-0.24193230 0.01012682 -0.04698098
-0.34452936 -0.05821087 0.07185925
-0.10832399 -0.08866271 0.07300516
0.16515866 0.03397734 0.02834988
0.21398461 0.04632934 -0.01598884
0.32676002 -0.13418037 0.00430856
0.06527558 -0.05528857 -0.07922523
0.08923858 0.01781735 -0.07286576
-0.02301670 0.02848075 0.03582511
-0.46187219 -0.08400875 -0.00640608
0.36806035 -0.10809857 -0.03198962
-0.25733814 -0.04921910 0.07272578
0.17029162 -0.10505859 0.07158475
-0.34994546 -0.01993369 0.07256422
0.08171022 -0.11603201 -0.04843523
-0.18794566 -0.12123708 0.00134883
-0.01498973 0.01432376 -0.03463604
0.29060024 0.03569777 -0.00890152
0.46946463 -0.08103159 -0.00564963
-0.45271605 0.01438740 -0.01894049
-0.15730344 -0.07882298 0.05209367
0.13297594 -0.12091865 0.02569258
0.08304032 -0.11849420 0.00044090
-0.18224108 -0.01116335 -0.01548678
-0.14139706 -0.01624922 0.06625521
0.12422404 0.01667388 0.03760944
0.15235817 0.03863937 0.02125625
-0.35809922 0.02097229 -0.01156407
0.26014447 -0.08919248 -0.06383509
-0.20627359 -0.12376837 0.01103812
0.21446502 -0.12535761 -0.00565520
-0.22175246 0.03607939 0.01763476
0.04262761 0.01538935 0.03634747
-0.04639070 -0.12590322 -0.01129066
-0.40307009 -0.09964143 0.02973559
-0.32945254 -0.08958675 -0.03938872
0.10009806 -0.00397539 -0.07126455
-0.37924239 -0.08928062 0.03264860
-0.31153142 0.02297750 0.00136229
0.19288337 0.02299136 -0.00866025
0.00671240 0.00391002 0.04124231
-0.36200783 0.00371438 0.06988315
-0.06566042 -0.10689057 0.06931300
-0.00697669 0.01965426 0.05540407
-0.33456743 -0.02796166 -0.06447313
0.41032660 -0.03817187 0.04622811
-0.24013208 -0.01779797 0.07282991
-0.11122879 0.01504519 -0.07313678
-0.31109861 -0.00274361 0.07094850
0.19610040 -0.00682721 -0.07631594
-0.42021886 -0.02937345 -0.05791690
0.30991256 -0.01217404 0.02691657
-0.07625232 0.03247257 -0.04060590
-0.29926732 -0.11262591 0.05942838
-0.33494800 0.04514579 -0.03298140
-0.19621569 -0.09150083 -0.07484648
-0.05146172 0.01460685 0.07340287
-0.31313467 0.00537163 0.00009837
0.09826992 0.04740967 -0.02532445
0.35437271 -0.01964561 0.03624552
0.06619913 0.00445158 -0.05046802
0.12904683 0.00588624 0.07704506
-0.38821766 -0.06272919 -0.06977170
-0.45238522 -0.07854372 -0.02925260
-0.31986800 0.05588479 -0.02552584
0.06067110 0.02575751 -0.03860227
0.24284205 0.01971022 -0.07028662
-0.38692254 0.00112882 -0.03634291
-0.36904538 -0.00514174 0.01362984
-0.08034112 0.04753086 -0.04124493
-0.15082128 -0.02126606 -0.06121148
-0.46533769 -0.01369247 0.03826359
-0.15400553 -0.00123382 0.04802500
-0.24669313 0.01431951 0.00241315
-0.09876453 -0.11737511 -0.06736730
-0.26726171 0.02836306 -0.07088005
0.27341297 -0.09594454 -0.06662967
0.30791128 -0.01232022 -0.06330572
-0.17097442 -0.01449782 0.07292537
0.14485401 0.01489467 -0.03749356
0.25771680 -0.05173291 -0.00877307
0.12124023 -0.08938759 -0.06334694
0.41600299 -0.03983684 -0.02606126
0.10885726 -0.12767829 -0.01675428
-0.29940814 0.02732587 -0.05257164
-0.14772666 -0.11381418 0.01937662
0.29239127 -0.07636150 0.06930298
-0.39676574 -0.03307870 0.06857996
-0.36924180 -0.02268325 0.06843438
-0.35822582 0.02748861 -0.02296641
-0.24165267 0.03645689 -0.06265995
-0.20086420 0.01608223 0.01895010
-0.36782262 -0.07251461 0.06806598
0.25018409 -0.09194015 -0.06601290
-0.23345330 0.04351043 0.00641846
0.30104652 -0.11099946 -0.05869729
-0.28713730 0.05281287 -0.00329592
0.38144261 -0.05170056 -0.06070247
0.22967571 -0.02921323 -0.00693231
0.18628037 0.00814575 -0.04875906
0.42710611 -0.09256951 -0.01132111
0.09738851 -0.06155264 -0.07580955
-0.28849453 0.00934996 -0.06724495
-0.15983678 0.00921144 0.05842036
-0.43511984 0.01996813 -0.03937741
0.41374171 -0.05922028 -0.05275793
0.13080603 -0.04174067 -0.02971902
-0.12780957 -0.05593085 -0.07505678
0.08311947 -0.09140500 0.07362883
0.01786081 -0.03375023 -0.07135155
-0.34660923 -0.11620416 -0.01518494
0.31322035 -0.04326653 -0.05403866
0.25648022 -0.11820428 0.05998238
-0.14810345 0.01203342 -0.07339144
-0.38904423 -0.00816665 0.07026398
0.34009171 -0.12503743 0.02063470
-0.39093295 -0.04453027 -0.04040014
0.12311244 -0.12567933 0.05755236
-0.12087674 -0.00502047 0.06487688
0.40090585 -0.12010303 0.00286842
-0.26289639 -0.02580208 -0.04512252
-0.04197248 -0.05474944 -0.07877865
-0.44643280 -0.07961287 0.00831934
-0.14620718 0.04615881 -0.01990806
-0.33602700 -0.02599569 -0.00587197
-0.19480181 0.00609833 0.07405563
0.29802552 -0.00217796 -0.04573466
-0.41233119 -0.10722922 -0.00039845
-0.19543853 -0.01122152 0.05692178
-0.26811942 -0.04890946 0.07207677
-0.08927897 -0.04485058 0.03013223
-0.36814871 0.02634344 0.07047299
-0.42905945 -0.07089856 -0.05812206
-0.12798569 -0.02189403 -0.04533016
-0.43713018 0.02285224 -0.05546221
-0.35155809 0.02058045 0.06951528
-0.10258289 0.03429046 0.00975511
-0.09759243 0.06242572 0.00143129
0.21787116 -0.12173151 0.06360561
-0.38752636 -0.02982058 0.07107652
0.09043698 -0.12761961 0.00064372
-0.04408552 -0.12553993 -0.02382292
-0.24311416 -0.00784850 -0.06757258
-0.26607841 0.03826580 0.05455430
-0.19440611 0.01762021 0.07159611
-0.20248079 0.03985211 0.05637937
-0.37462336 0.03300730 -0.02684119
0.06280006 0.00998309 -0.07404079
0.04169339 0.02680955 0.06190005
-0.18073148 -0.13213675 0.00955006
0.24452515 -0.01910088 0.07347953
-0.16272739 0.04991136 0.02850673
0.34832865 0.00169705 0.00532721
-0.09356532 0.01056365 -0.07274384
-0.23193198 -0.11675927 0.05332210
0.17710857 0.00436181 0.07705807
-0.03153642 -0.03567308 -0.05843738
0.09174530 -0.12936477 -0.02382020
0.33747154 -0.08423544 0.05673938
-0.26785374 -0.09393214 -0.07269757
-0.00641185 -0.09568723 0.07211495
-0.19982716 0.00672890 0.07282174
0.22028589 -0.10689699 0.06054182
-0.41165406 -0.00887486 -0.02966934
0.28309464 -0.03957205 0.04138982
0.07292306 -0.00685534 -0.06344362
0.23656861 -0.07208425 -0.07185353
-0.30206639 0.00427406 0.02111053
0.40369180 -0.11218284 0.01357258
0.05597539 -0.00275750 0.07043074
-0.25638556 -0.11908148 0.06087370
0.19332203 -0.00620699 0.03540027
-0.34746698 0.00922197 -0.04555041
-0.35671741 -0.11743630 0.04179080
0.16461056 0.02047386 0.06528639
0.20938598 -0.04801474 -0.03992992
0.09429050 -0.05433998 -0.06689116
-0.14403108 0.04612840 0.00277023
0.28563446 -0.04242569 0.06678016
0.25474957 -0.12240586 -0.04023647
0.14227469 0.04540813 -0.04961167
0.01367626 0.00875757 0.05887107
-0.14382659 0.04465418 -0.00176019
-0.14304955 -0.05279458 0.06316309
-0.21936503 0.04931530 0.02619590
0.18917891 -0.07467536 0.06979553
-0.34370461 -0.01593921 -0.07281068
-0.11521413 -0.03952307 -0.07485141
0.09914386 -0.10307834 -0.07179702
-0.10555825 -0.06116816 -0.07351626
0.08709782 -0.10705142 0.03758302
0.34366980 -0.01196027 -0.01373772
0.07969721 -0.07085635 0.06023192
0.29297632 -0.11888347 -0.05167148
-0.27494729 -0.01568511 0.07237405
0.12813920 -0.04401795 0.07715374
-0.42559642 -0.10392618 0.01372067
0.02772514 0.02090071 -0.00192231
0.31181365 0.02423502 0.01551600
-0.10057377 0.03290015 -0.00323036
-0.27539983 -0.02421140 0.06521355
-0.18239079 -0.05927839 -0.05518295
0.04965469 -0.07516427 -0.07263322
-0.36337438 -0.00079660 -0.06562028
0.29620141 -0.08404893 -0.07149339
0.30613813 -0.07469684 0.07035052
-0.09739530 -0.13027269 0.01230027
0.46622604 -0.06396963 0.00157436
-0.03886054 -0.04406754 0.07382487
-0.32503957 0.02282186 0.03020409
0.40031892 -0.08296972 0.03946850
0.05058130 -0.00096650 0.03528685
-0.12704879 -0.09479257 -0.07298093
-0.03946257 -0.01256591 -0.06059564
0.24193388 0.05262204 -0.01842248
0.28577769 0.03406531 0.00373746
-0.02341558 -0.12633084 -0.02934066
0.08067515 -0.09839407 -0.07283747
0.17921853 0.00143964 0.05822750
-0.34357175 -0.06983736 0.06114222
-0.42288196 -0.02184988 0.07238103
-0.19946177 -0.06001698 -0.07111125
0.05850311 -0.04773980 0.06859153
-0.07964029 0.04652334 0.00689264
0.23610680 -0.12245004 0.04794329
-0.19236809 0.05458825 0.05252430
-0.28819716 0.07693700 -0.01888320
-0.20224488 -0.04292331 0.07004619
0.11847087 -0.03871229 -0.02579957
-0.08258119 0.02009550 -0.04379337
-0.15876204 -0.03247765 0.07363282
0.24368060 -0.04964277 0.06895374
-0.06615794 0.03146870 0.02541694
-0.22462311 -0.01124558 -0.04358635
-0.12523827 -0.12128993 0.04204331
-0.04997610 -0.08672575 0.07152489
-0.31343210 -0.01686250 -0.05818089
-0.18103486 -0.09653660 -0.01555547
-0.36217582 0.02943205 -0.05787240
0.35257414 -0.10792031 -0.03957874
-0.11416077 0.02180814 0.04183656
-0.00182323 0.01444914 -0.04528218
-0.00699250 -0.08527108 0.01067211
-0.27481532 -0.02381020 -0.07139871
0.26080060 -0.13750204 0.02777606
0.30307665 -0.01701907 -0.05999092
0.01836472 -0.10621767 0.05462987
0.07439639 -0.11496323 -0.05712040
-0.25560394 -0.06896739 -0.07084706
0.15756710 -0.12183210 0.06772800
0.42643771 -0.04379429 0.02794204
0.37644261 -0.11611567 -0.01903376
-0.03259370 -0.13507052 0.00890685
-0.32382154 -0.02320153 0.07326021
-0.12922147 -0.01130349 -0.06685092
0.12316512 -0.12068718 0.04610538
0.21863061 -0.04245408 -0.05126016
-0.05367199 -0.02325642 -0.06900813
0.22388090 -0.00636230 -0.07242049
0.33287078 -0.01304838 -0.05413762
-0.25653943 -0.08712554 -0.07176080
-0.41789854 0.00085318 0.07058766
-0.17385165 -0.03387061 -0.03056458
-0.40736821 -0.02716157 -0.01204590
-0.03129917 -0.12163901 0.00074618
0.11447190 -0.06358505 -0.07229818
0.41283253 -0.04871967 -0.00600386
-0.20611544 -0.06922842 -0.07226360
-0.46484518 -0.03650597 -0.00892544
0.12911047 -0.07743996 -0.07230010
0.38728714 -0.04883745 -0.05885536
0.04746904 0.02161023 0.00518727
0.15023766 -0.06742436 0.07454755
-0.43139386 -0.07048748 -0.01948565
0.18387970 0.01564218 -0.03932756
-0.46440801 0.00608887 0.00011539
-0.44958752 -0.01066676 -0.06794129
0.28794953 -0.12139006 0.00974369
0.14478250 -0.10507971 0.02039292
0.10444495 -0.13164726 0.05585077
-0.08460678 0.02015586 -0.07446181
-0.31749040 -0.09582441 0.06774818
-0.04829951 -0.07632259 -0.07089958
0.16664667 -0.12780385 -0.05061794
-0.29550883 -0.02314756 0.05075115
0.31012702 -0.08626860 0.06639104
0.31124410 -0.02618193 -0.06271701
0.12128959 -0.11316931 -0.05780663
-0.06175820 0.03767462 -0.04990602
0.09634230 0.00205196 0.03699616
0.04907706 -0.12247237 -0.04996484
-0.30116150 -0.00256805 0.07161214
-0.26606214 0.05438741 0.03256244
-0.24574983 0.03386684 -0.05972616
0.14816695 -0.04472743 -0.02364932
-0.00606857 -0.04818488 0.00304395
0.08726007 -0.08799944 0.06779539
0.02209680 -0.08982623 -0.07136882
-0.27132291 0.03920528 0.03304202
0.04020867 0.03921563 -0.04079473
-0.23963271 -0.10164195 0.02974023
-0.33653259 0.02057381 0.01818225
-0.11579023 0.03185384 0.02145081
0.37456805 -0.06067702 -0.04733328
-0.16563882 0.02769271 0.07016318
-0.09292784 0.04711586 -0.00405056
-0.44894689 0.02149223 -0.04899281
-0.37384558 -0.08245626 0.05244256
-0.43749258 0.03451145 -0.05244163
0.11932121 -0.09676452 -0.07095516
0.12304348 -0.06751782 0.07083346
-0.18602990 -0.06272801 -0.07171405
-0.38866937 -0.07954084 0.05288561
-0.20157123 0.00804204 0.06807486
-0.10391738 0.03741170 0.03891513
0.17513913 -0.13011333 -0.01795289
0.37954682 -0.02833036 -0.03233375
-0.22481902 0.03886087 0.00031525
-0.29139408 -0.10573055 -0.06590630
-0.15928681 0.02466902 -0.01117089
0.13024811 0.01852376 -0.04756153
-0.18039970 0.03055643 0.02471046
-0.07148637 -0.11173987 -0.07232138
0.01633948 0.00859357 -0.04091262
0.16377857 -0.03661793 -0.03428589
0.14426886 0.03033075 0.00211398
0.01297383 -0.11012656 -0.07136427
0.43239921 -0.02991340 0.00081954
0.07481189 0.01395320 0.01839351
-0.04454796 -0.00248905 0.00677688
-0.24906023 -0.00853654 0.00651144
0.24142423 0.03033219 0.01053732
-0.03832480 -0.07161595 -0.07287507
-0.03154461 -0.02733624 0.07659470
-0.30858210 0.00760145 -0.06694855
-0.41918838 -0.00049888 0.02125320
-0.04694434 -0.01762985 -0.06075360
0.13819143 0.00693751 0.02747206
-0.35656419 -0.06553393 0.07177116
-0.09836143 -0.12045612 -0.05469363
-0.28831381 0.05192726 0.04395365
0.15862226 0.03273446 0.00153523
-0.41344190 -0.09384658 0.03867239
-0.44668609 0.01390061 -0.04904700
-0.23352450 0.02007494 0.04763997
-0.26316074 -0.11443739 -0.06117962
0.21813871 0.02148920 -0.01007041
0.01233567 -0.00038520 0.05904968
-0.08529791 -0.13122778 -0.00379005
0.01816106 -0.04183592 -0.06731465
0.23187831 -0.01374309 -0.06924132
0.36636665 -0.04197620 -0.06388336
-0.09402399 -0.06169607 -0.07214549
0.01251673 0.04170530 -0.05437232
-0.16681907 -0.12939435 0.01074517
-0.03300309 0.00556703 0.03023525
0.07844368 -0.04444014 -0.03092682
-0.02320613 -0.10705075 -0.06968185
0.44347394 -0.10241717 0.01110635
0.33934265 -0.01202854 0.01458054
-0.30210945 -0.12420695 -0.01569766
-0.20531365 -0.13047294 0.03904647
-0.17713661 0.02086531 0.06126969
0.39521256 -0.11284316 -0.02376455
-0.38485369 0.00650994 -0.01877624
-0.03148169 0.01270305 -0.06808972
-0.40568221 -0.03678700 0.07053535
-0.05503868 -0.08135574 -0.07284870
0.41571912 -0.03142351 -0.04589559
-0.12835458 0.01912916 0.06952348
-0.07866439 -0.10298967 0.00751552
-0.37453178 -0.11452543 -0.02795268
-0.42112902 0.03875760 -0.01816814
0.20070601 -0.11379907 0.05542427
-0.40755740 0.03165985 -0.04503659
-0.03866384 -0.00478233 0.07333583
0.07255899 -0.10539773 0.07108885
-0.19051136 -0.10876507 0.05821203
0.16660552 -0.02019802 -0.07174436
0.20276126 -0.09955658 0.04418112
-0.04472540 -0.09025715 0.06752155
-0.14482822 -0.00371913 0.00368523
-0.03210525 -0.07568222 0.05669729
-0.23019484 0.05674217 0.02931353
0.04953860 -0.12259068 -0.05060350
-0.20617782 0.00380570 -0.07112274
0.08948053 0.03705910 0.05667076
0.07762004 -0.03415444 -0.03689384
0.12735149 0.01940261 0.06663305
-0.03671559 0.01821734 0.03691734
0.20647232 -0.11854505 -0.06229106
0.31265441 -0.03302423 0.06555443
0.11399920 -0.07611153 0.01959040
-0.16710912 -0.02421992 0.03257566
0.17942701 0.05558741 0.00179784
0.37598711 -0.11505073 0.03150244
-0.24832752 0.01044772 0.05288891
-0.42281029 0.01074170 -0.06294617
-0.39575061 0.03131497 0.03201066
-0.05245930 0.00224621 -0.06642585
0.32111880 -0.09128138 0.04914235
-0.23407891 0.01757057 -0.05917208
0.01459210 -0.01566435 -0.05780483
-0.19162866 0.00819188 -0.03294440
-0.43579707 -0.00888316 0.06688183
0.35170096 -0.08469893 0.05065553
-0.28345755 0.02419753 -0.06232957
0.37743729 -0.09264235 -0.02679655
-0.36748064 -0.01743671 -0.00133529
-0.22645482 0.02396032 0.00480731
0.29786688 -0.12906049 -0.01295484
-0.20565426 0.04259474 -0.02046378
0.37550884 -0.04705160 0.05354464
0.10125300 -0.06040012 0.07688702
-0.04537402 0.02271947 -0.02163301
0.36985183 -0.11407837 0.01953416
-0.27330640 -0.03281159 0.07359041
-0.39393678 -0.01971701 0.05428668
0.20352353 -0.02791045 0.02961102
0.25449651 -0.01115574 -0.05143107
0.32442650 -0.07632057 0.06115062
-0.06566197 0.01100020 0.03700079
0.00553522 -0.03386772 -0.03372284
0.04357022 -0.12252060 0.04438822
-0.39759779 -0.01805472 -0.02468845
0.36353862 -0.12216265 0.01924830
0.15205351 -0.02053551 -0.07487384
0.03064503 0.03512228 0.03185122
0.28773803 0.00953848 0.02181209
0.19091772 0.00244006 0.01073610
-0.44403270 -0.09896813 0.03119731
0.04206881 0.02026588 0.03302120
-0.32562998 -0.04899537 0.07209854
-0.03563697 0.01330988 -0.00908874
-0.04646536 -0.10115907 0.05532588
-0.02475559 -0.11881520 -0.05044883
-0.11019146 -0.12639536 -0.02209822
0.26992655 -0.00080575 0.04907183
-0.28832787 0.03820629 -0.00558475
0.30967221 -0.12675528 -0.00878038
0.22388525 0.02285750 0.05375879
0.08186103 0.02046726 0.07138001
-0.12132123 -0.00003884 0.06990804
-0.01006987 -0.04418044 -0.07161423
-0.09430477 0.00944204 -0.07454172
0.05745319 -0.04524551 0.01625064
-0.36393389 0.05788571 0.02598657
0.08096712 0.00032074 -0.07538409
-0.13954128 0.01927505 0.03236210
-0.07805801 -0.12451367 0.04372007
0.02490142 -0.08738204 0.07128872
-0.29447919 -0.04071922 0.01599038
0.15115176 -0.12746695 -0.00261517
0.13136341 -0.00130107 0.06881584
0.05756922 -0.12457739 0.04729119
0.17330064 -0.03944365 -0.07030990
-0.46773139 -0.03002289 0.00449776
0.40068167 -0.06037126 -0.04357774
-0.00351309 -0.01612980 -0.07900573
0.43545657 -0.12039194 0.00099195
0.15860726 -0.02659533 -0.00423664
0.30243075 -0.11091981 -0.03941830
-0.13940370 -0.01957371 -0.06580812
-0.09915632 0.02861615 -0.03601499
0.08351040 0.00490928 0.06450456
-0.44814762 -0.09466730 0.03720549
0.02403722 0.00899477 -0.01661081
-0.24247715 -0.12697388 0.02584279
-0.15969810 -0.07629963 0.02818699
-0.22475587 0.06179632 -0.04312060
-0.18222968 -0.08424171 -0.07016203
0.26736069 -0.11071462 0.05525117
0.30683380 -0.12628730 -0.02537742
-0.15300196 -0.10028697 -0.03416922
-0.45489758 0.02017003 0.00002555
-0.29866642 -0.09235930 -0.07134969
0.27850693 0.02418217 0.03541178
-0.09907832 -0.01727829 0.03444482
-0.28728801 -0.10429899 0.06735825
0.21224326 -0.08886883 0.07227834
-0.08324290 -0.10139970 0.07002100
0.23780321 0.00275673 0.04531510
0.30559054 0.01287262 0.05714431
-0.17548119 0.04323497 0.00994655
0.11941651 0.01337779 0.07246041
0.38010818 -0.06487256 0.05363882
0.10132168 -0.00353713 -0.07434995
-0.27286622 0.05263703 0.04180074
0.34578538 -0.03102564 -0.05764184
0.33857918 0.00207700 0.01135960
0.28087032 -0.02314711 -0.07157403
0.13367341 -0.06640149 -0.07514531
0.26887488 -0.04979820 0.07166987
-0.03690957 0.01672910 0.06791923
0.27988094 -0.01906800 -0.06366766
0.27233681 -0.07622113 0.06497124
0.05401688 0.01036090 0.06633793
-0.26827505 0.00347398 -0.00081467
-0.01649296 -0.03874934 0.07374249
0.20917511 -0.11806616 -0.03818293
-0.22664130 -0.11731964 0.00381108
0.09573885 -0.01346255 -0.05138341
-0.12514201 0.02721952 -0.02736375
0.05053147 -0.12123968 -0.06251421
-0.25602311 -0.12360455 0.02243307
-0.31046909 -0.02204181 -0.06576567
-0.31502762 0.02994289 0.00645646
0.13065442 0.02259052 -0.03609194
0.13869542 -0.11820675 -0.05841842
-0.06165752 0.03134726 -0.05798783
-0.10338629 0.03560611 -0.03499263
0.18981487 0.01946517 0.02194904
-0.39935467 0.05149852 0.03809731
-0.46713617 -0.02877074 0.03137080
0.23922896 -0.04407547 -0.02203685
0.08152552 -0.00821063 -0.07076321
-0.24148208 0.03936848 0.03634504
-0.37223530 0.00172589 0.00492820
-0.12260730 0.04340551 -0.00047174
-0.44243529 -0.09376868 -0.03294180
0.23684864 -0.00818544 0.07544024
0.08887427 -0.02822603 -0.07540277
-0.15587051 -0.12210891 0.02007615
-0.33038998 0.03984872 0.06243368
0.21665993 0.03676778 -0.04573753
-0.10945453 0.00997984 0.04127928
0.03906094 -0.00086491 0.06403976
-0.10156853 -0.04743588 0.06784173
0.29364601 0.00371505 -0.02456871
0.32229945 -0.00592321 0.05847830
0.01305468 0.03180968 -0.05647037
0.13581352 -0.00916684 0.06749614
-0.42160982 -0.03713237 -0.05994605
-0.34606576 -0.02662063 -0.01530022
0.42176935 -0.06465691 0.03450108
-0.03897473 0.02559503 -0.05112728
0.19460338 0.03521460 0.04480033
0.33237725 -0.12067218 -0.02701785
-0.30845803 0.04176290 -0.03620233
0.25401181 -0.04045296 -0.04982527
-0.10333353 0.04385686 -0.05140986
-0.24757862 -0.10508639 0.04373907
-0.40314144 0.00676572 -0.00208529
-0.28280970 0.04360473 0.02258501
-0.25647846 0.04979907 -0.05573162
0.07892832 -0.12126422 -0.01380138
-0.16824196 -0.11151987 0.06162013
0.12388434 -0.12563471 -0.04352533
-0.22130311 -0.01080376 -0.03846024
-0.29294279 0.02002605 -0.02679008
0.33978507 -0.07651567 -0.06824299
-0.02914229 -0.09411007 0.07177631
-0.18038677 0.01908989 -0.07423177
-0.38229525 0.01359163 -0.06728593
-0.31370547 0.04876014 0.02001694
-0.28371531 -0.05506127 0.05714747
-0.32922590 0.03331796 -0.02288909
-0.18812317 -0.04466692 0.06109174
0.33311364 -0.02546207 -0.01075420
0.23726773 -0.00055574 0.06814400
-0.43682790 0.00767763 0.00142772
0.20189145 -0.04723632 0.03577982
0.25953183 -0.11847922 0.02896877
0.42807853 -0.12182055 0.00537485
0.01839700 0.01176647 0.05994175
-0.10209800 -0.01016947 0.07241738
-0.44829631 -0.06382295 -0.05677494
0.13719924 -0.08086146 0.07258909
0.25342628 0.02905518 -0.01607402
0.00203885 -0.04609603 -0.04995551
-0.42206660 -0.09837926 0.04778903
0.26516685 -0.02922042 -0.02817564
0.24820557 -0.13619286 0.00152743
0.00454139 0.01061478 -0.01102216
-0.05377790 -0.06974918 -0.07582954
-0.21541505 0.03483893 0.03872114
-0.30838007 -0.10412011 -0.06610204
0.43769327 -0.11692745 -0.00907096
-0.42628336 0.01708725 -0.01833482
-0.14277904 0.04350940 -0.06831662
-0.32086298 0.07891814 0.00238475
-0.45236552 -0.00008389 -0.06605455
-0.20082814 -0.07580295 -0.07437395
-0.10507001 -0.09649849 -0.06801978
-0.44003528 0.00804168 0.05564155
-0.30492723 -0.02900469 0.05879686
0.04947630 -0.04474983 0.00856125
0.03025737 -0.00049403 -0.03223572
0.09764591 -0.12189315 -0.04631976
-0.06123928 0.02182989 -0.00097952
0.02827582 0.02134314 0.06553493
0.21587045 -0.03368993 0.07281434
-0.17388514 -0.10650069 -0.06538139
-0.00898901 0.02569307 -0.04768180
-0.22758935 -0.11163608 0.05134345
0.38917851 -0.10452404 0.01713585
-0.17639713 -0.01938703 -0.05598262
-0.04780097 0.04408651 0.01914857
0.03287232 0.02526022 0.06304570
-0.31853652 -0.02760318 -0.00799535
-0.23154317 0.03221330 0.06920481
0.27460292 0.00292484 0.06576646
0.04506347 -0.03417099 -0.07644456
-0.30767220 0.03607965 -0.00283022
-0.08699657 0.04456237 -0.02285908
-0.32788140 0.05199451 -0.04478798
-0.16330315 0.00035871 -0.02833723
0.12447087 -0.08394670 0.07225569
-0.04576813 -0.11801497 0.05234524
0.00612877 0.03693455 0.05844369
0.15717721 0.04253668 -0.02332265
0.16827035 -0.01673649 0.07264687
-0.35165960 -0.10450379 0.06602254
-0.38257590 -0.10444088 -0.04485178
-0.16346210 0.04305227 -0.00948000
0.23651668 -0.11488251 0.03595413
0.04658812 0.01192873 -0.00226452
0.11662935 0.00310312 0.04492464
-0.41996863 -0.07077366 0.06385969
-0.06794092 0.02727201 -0.04517319
-0.44909161 -0.08080690 -0.03304100
0.28602406 -0.04817464 -0.06735419
-0.35871068 -0.07791278 -0.07188872
-0.35687637 -0.01329747 -0.05489215
-0.27667308 0.01746790 0.04884586
-0.29270732 -0.09474239 -0.03278252
-0.34503710 -0.05978768 0.05162078
-0.18993570 -0.11726239 -0.00388725
-0.13697331 -0.00840258 -0.04531696
0.42501411 -0.05665318 0.04770177
-0.24947445 -0.09639109 0.05496910
-0.44994980 0.01100610 0.00841278
0.15319702 0.02588888 -0.07236499
0.20683663 0.06459063 0.00027705
-0.45710379 -0.06485866 0.00990092
0.19089369 0.04110425 -0.04137836
-0.45541832 -0.08351672 -0.03941771
-0.42696100 0.00694520 0.06960844
-0.17461061 0.01723415 -0.01825463
-0.01640827 -0.03208055 -0.06513401
0.35130268 -0.05247477 -0.06062009
-0.21431296 0.08047044 0.00729886
-0.07826105 -0.06138603 -0.07359585
-0.28052646 0.02781441 0.00037197
-0.13382262 -0.07699940 0.06986006
0.07273450 -0.09893300 -0.00730462
0.25018299 -0.04817927 0.07338139
-0.29066592 0.03251304 -0.03770963
0.01668958 0.02401230 0.03820258
0.27487007 -0.00870657 -0.07249918
-0.29383004 -0.01683360 -0.07174993
0.04194715 -0.12384537 -0.05115545
0.19856098 -0.02933553 0.05137970
0.07180921 -0.07346343 -0.07477409
-0.24371296 0.01705803 -0.06815620
0.27411520 0.01755862 0.06163955
-0.02116505 0.03123445 0.00883575
-0.17348090 0.01863976 -0.06680980
-0.31698021 -0.12103806 0.04099466
0.25684416 -0.11909705 -0.02442343
0.20791256 0.01177865 0.07398716
-0.18775459 -0.10447414 -0.05917612
0.24274997 -0.12505268 -0.02872034
0.45024937 -0.04009012 -0.02536322
-0.44317055 -0.00802248 -0.05762625
-0.38076860 -0.07468401 0.02610455
-0.43638468 0.00036701 0.00405281
0.20450029 0.03522532 0.02041757
-0.13154358 -0.05515840 0.07306340
-0.25492802 -0.02729532 -0.07127981
0.21062793 0.00310123 0.07955030
0.37774429 -0.02175744 -0.03607908
-0.28061071 0.03145915 0.03898264
0.07884040 -0.11854036 0.06261006
0.24689178 -0.06449120 0.06767242
-0.02966846 0.03141356 -0.02259643
-0.45658785 0.00314876 0.00713581
-0.28940004 -0.02533974 -0.02884139
0.10366383 -0.11916286 -0.04724682
-0.40352732 0.02201718 -0.06604204
-0.01733715 0.01204914 0.04800376
-0.39294896 -0.11693168 -0.01099912
0.04243714 0.01456404 -0.05753208
-0.14900482 0.00169562 -0.05157914
0.01729745 -0.02213103 -0.06569419
0.06651480 -0.00718308 0.07704108
-0.25251251 0.02028189 0.04719213
-0.42142513 -0.01208999 0.05720349
-0.02464348 -0.11035491 0.06755442
-0.06394973 -0.04064769 -0.03555865
-0.35483161 -0.10761388 -0.06342088
0.29318011 -0.10484394 -0.05578939
-0.00130586 0.03531553 0.04856679
-0.06159155 0.02245973 -0.06078881
-0.31829926 -0.00408605 -0.04847150
-0.18230207 0.04455498 -0.02799231
0.01117207 -0.10927323 0.03860041
0.03669981 -0.02626847 0.06083085
0.22558267 -0.12408578 -0.04109927
0.28726307 -0.09436820 -0.06537935
-0.27026495 -0.01602034 0.02417712
-0.32948875 -0.12308450 -0.02040160
-0.42029047 -0.06818902 0.04622914
-0.01232240 -0.02906231 0.07268462
0.24580829 0.00176787 -0.05049740
-0.36830506 -0.01076288 0.07035907
0.21609008 0.01367968 0.05751677
-0.13894153 -0.12664136 0.04195825
-0.32303768 0.00898414 0.07163998
0.18576564 -0.03837570 0.06331673
0.29184332 -0.08716352 0.06772619
0.43559855 -0.09514950 0.00924401
-0.11516911 -0.07552835 -0.07221527
-0.16596651 0.03446701 -0.06325733
0.23591566 0.01277922 -0.07060801
-0.23996049 0.03840961 -0.00061831
-0.23919025 -0.08813436 -0.07294858
0.06967305 -0.03736719 0.07418974
-0.34153682 0.05857745 0.00102327
-0.01048727 0.03121728 0.04483671
0.18942417 -0.12346198 0.02550372
-0.43749610 -0.07383664 0.04431815
-0.38005352 -0.07425461 0.07077148
-0.02996273 -0.04245255 0.03257361
-0.26014283 -0.05001291 0.07415017
0.13676649 0.02725220 0.06292401
0.02617030 -0.04508032 -0.02368906
0.19087490 -0.10968748 0.01786352
-0.05360819 -0.04793169 -0.05533998
0.28233990 0.00685973 0.02623546
-0.06583360 -0.04824389 0.07402478
0.20009452 -0.06680287 0.07346665
-0.28352255 -0.12144534 0.06380407
0.05701355 -0.02893598 0.00064317
-0.28931335 -0.02987815 -0.03729598
-0.39659879 -0.00429283 0.06904720
0.07518449 -0.12493391 0.02002592
0.30469668 0.01050674 0.02197148
-0.10882550 -0.05508710 0.02755676
-0.11003464 -0.05407289 0.07198949
-0.22103047 -0.02819090 -0.05288390
-0.01592898 -0.12646990 -0.03683515
0.23834522 0.01213842 -0.06661022
-0.27987641 -0.09960245 0.06824104
0.02110179 -0.08465930 -0.07959154
-0.25529331 -0.02450728 0.07493752
-0.05546633 -0.10852674 -0.07355817
-0.42895898 0.03368587 0.02309620
0.28572071 -0.12439341 -0.01751553
-0.17319015 -0.11961365 -0.02879415
-0.19247380 -0.12548745 -0.00320400
0.23412804 0.01077491 -0.04372169
0.01832560 0.02107857 -0.07586280
0.14808995 0.03274889 0.03023279
-0.38839129 -0.10772281 0.02175638
-0.00550129 0.03256448 0.00187397
-0.40420991 -0.11382565 0.00795066
-0.05715177 0.01400065 0.07127373
0.24515131 -0.08339635 0.07241002
0.16602582 0.01155780 -0.01479191
-0.17151326 0.04205195 -0.04487868
-0.22283608 0.05291668 0.03182898
-0.26733890 -0.11308913 -0.04677846
-0.09833933 -0.10697225 -0.07386379
-0.39737776 -0.02675649 0.02267150
-0.25249290 0.03420469 0.02892232
-0.05814431 -0.08862855 -0.03385065
-0.33675539 -0.02712758 0.01617626
-0.06761327 0.03676080 0.02048020
-0.08183907 -0.05326680 0.07421512
-0.34347412 -0.12061945 -0.03029676
-0.12868382 0.00839455 0.00705634
0.11346363 0.01519241 -0.02025760
-0.36006612 -0.00501159 -0.04071344
0.01088681 -0.10116202 -0.01366571
0.04959568 0.01314498 -0.04869828
-0.08687737 0.04649909 -0.05878639
0.05195113 -0.11024076 -0.06865302
0.10490654 -0.11208677 0.07068113
0.03121756 -0.11288917 0.07301508
0.02800164 -0.13525647 -0.00554345
0.28333020 -0.03724934 -0.01887915
-0.46501130 0.00588853 -0.01021250
-0.08425996 -0.10435317 0.01099524
0.10601331 -0.10661381 0.03599660
-0.01471721 -0.07312058 -0.03768775
0.06332979 0.02808383 0.04067508
-0.23900804 -0.10234948 -0.00378677
-0.26315844 0.01624769 -0.05158405
-0.13750054 0.00256319 -0.06080328
0.14218970 -0.00124291 -0.07199381
0.39092588 -0.05826193 -0.05263025
0.04976831 -0.05366554 0.02451910
-0.23609820 0.05180504 0.04976357
0.26625162 -0.09268740 -0.07088362
-0.08519077 -0.11533338 0.06806396
0.07035797 0.01681342 -0.00383390
-0.43679440 -0.00080322 -0.07080798
0.19846143 -0.04322992 0.01932411
-0.21763921 -0.00297478 -0.06709184
-0.05093338 0.01568534 0.03825269
-0.08244337 -0.03173254 -0.02731816
0.15636449 0.02268999 -0.05372009
0.19732325 -0.03457280 0.00721460
-0.34159365 0.01681824 -0.01917572
0.24964441 -0.13231862 0.05106343
0.05617693 -0.12433042 0.02090205
-0.46702987 -0.00544974 -0.01655843
0.24250355 -0.03510259 0.07423412
0.22129636 -0.05042242 0.07599761
0.43384695 -0.05762927 -0.03879631
0.04752341 -0.00261771 -0.06758690
-0.09891520 0.01718115 0.03646460
-0.42737305 -0.09051098 0.00473632
-0.20913568 0.01253419 -0.05061442
-0.10776094 -0.06593196 0.07434895
-0.12341772 -0.05717772 0.07138316
-0.39492327 -0.11696137 -0.00464243
0.14112419 -0.03236156 0.06363533
0.26205733 -0.12604785 -0.02323671
-0.25884762 0.04990196 0.03487267
0.11060480 -0.01570579 -0.07501091
0.01318663 0.03104673 -0.05827365
0.35315400 -0.10784663 -0.04933669
-0.35053167 0.05039927 -0.02049047
-0.26242071 0.01389261 0.07317437
-0.13950658 -0.12653457 -0.03268409
-0.21005164 0.01034430 -0.06697154
0.32165188 -0.01770031 -0.04242287
0.20201235 0.00235296 -0.07036002
-0.22468668 -0.10504043 0.02342369
0.15297489 -0.01937501 -0.06707127
0.27071363 -0.00406905 0.05968354
-0.27142176 -0.09811721 -0.06954537
0.24900801 -0.07589250 -0.07307293
-0.38260540 -0.05943830 -0.02787926
0.01287324 -0.10616585 0.06721915
0.25737566 0.02377992 0.00985180
-0.00170542 -0.11606739 0.06422230
-0.27640352 0.05470482 -0.04746119
-0.34419894 0.03200058 0.05032854
-0.02468222 -0.06735228 0.06656111
-0.24097639 -0.12567678 0.01889340
0.14306954 -0.04449323 -0.07488383
0.14656232 -0.04273533 0.03840294
-0.14992088 -0.03749832 0.03341881
0.05894233 0.01712578 -0.01243864
0.23981701 0.00750791 -0.05115652
0.15804604 0.02484504 0.01926053
-0.12925994 -0.01790889 -0.07482726
0.21969868 0.04186948 0.02035668
-0.31288436 -0.02686360 0.07161903
-0.39746240 -0.11039611 0.01311114
0.42267042 -0.06713394 -0.03907107
0.37380546 -0.02207968 -0.05979332
-0.20422396 -0.09101126 0.05952253
-0.16120544 -0.00001204 -0.05954726
-0.14354250 0.02840779 -0.03745738
0.20765102 -0.09641203 -0.05851922
-0.31171435 0.03233761 0.07055987
0.38182977 -0.12923305 -0.01048562
0.17771658 -0.09118220 0.07078826
0.29599813 0.02124828 -0.03310025
-0.17914435 -0.08559426 -0.07317705
0.46432427 -0.05808929 -0.00183882
-0.06598981 0.01033376 -0.00797749
-0.24040422 -0.00781948 -0.07456800
-0.46413663 -0.05522434 0.01473905
-0.06551175 0.05699746 -0.00364857
0.08039420 0.03740645 0.03446760
-0.18307877 -0.04021476 0.07187400
0.05592270 -0.13156791 -0.04513032
-0.07243411 -0.05889494 0.07460933
-0.02576043 0.01811881 -0.05602636
-0.34352869 -0.07428711 0.05448332
-0.33849818 -0.09915125 0.04606377
-0.30821586 -0.07650556 0.07110704
-0.16042840 0.03024195 0.06509237
-0.33829278 -0.04181585 -0.07185216
0.22214554 0.01222265 0.05519148
-0.33674446 -0.05134085 0.01507218
-0.13782011 -0.10961721 -0.06342530
0.27585787 -0.00453816 0.00248015
0.39838582 -0.04806878 0.05406164
0.03200015 0.02570909 -0.00628482
-0.16443594 -0.00033329 -0.00565965
-0.03987766 0.00500612 -0.06091482
-0.08913281 -0.08364666 0.07228424
0.12598912 -0.05302056 -0.07327212
0.06915904 0.03160172 0.02823675
-0.06888500 0.03260526 0.00225605
-0.42955190 -0.08015633 -0.05750060
-0.34255570 -0.01668962 -0.07344187
-0.36740553 -0.09641439 -0.00385368
0.24713713 -0.04460397 0.02540785
0.24846153 -0.04063822 -0.07680067
-0.15485474 0.00841756 -0.06362747
-0.23379028 0.00680591 0.07208219
-0.05555713 -0.10748629 -0.07343494
-0.45400211 0.00829599 -0.01678700
-0.38099408 -0.10292299 -0.05418391
-0.39054823 -0.00780739 -0.05668574
0.13599524 0.02692194 -0.00718168
0.04298489 -0.04531834 0.07424007
0.04715262 0.02367469 -0.01062102
-0.20344637 -0.12610981 -0.01312642
-0.25345176 0.06291665 0.01270601
0.26611578 -0.05472726 0.06350499
-0.21164733 -0.00358319 -0.00525713
0.40773672 -0.09023295 0.04148098
-0.37764660 -0.00012870 -0.04297685
0.01237446 0.04489570 0.03622792
0.05003781 -0.10920060 0.05548086
0.12071995 -0.00116046 -0.07591728
-0.43538150 -0.08426406 -0.03438916
0.19075626 0.03867264 -0.02809424
0.23345836 -0.09766359 -0.07278191
0.26175892 -0.13209298 0.03657351
-0.25200686 0.01502613 -0.07348509
-0.28024322 -0.11572435 0.03837817
0.16947928 -0.08509962 -0.07195586
0.14282279 -0.03047874 0.04355291
-0.40815467 -0.00363776 0.06987431
0.14292420 -0.04195058 -0.01315839
-0.42901412 -0.04189188 -0.06662191
-0.44319475 -0.08134042 -0.03495850
-0.08072729 -0.07214948 0.07162639
-0.21922630 -0.07878117 0.05825921
