-0.18793871 0.00788194 -0.01861856
-0.40710866 -0.00653619 0.04162992
-0.04389577 -0.02641578 0.06889153
-0.40010503 -0.07316688 0.05978399
-0.08232543 -0.02338680 -0.04580945
0.12994383 -0.02192288 -0.00238722
-0.29346484 0.00502541 -0.04217032
-0.31175902 -0.08050469 -0.02328459
0.14140117 -0.02642221 0.06690068
0.11623576 -0.02878604 -0.06998278
-0.37193453 -0.01947870 0.07010698
-0.23988320 0.01751223 -0.04537885
0.21187717 -0.08294532 -0.03157124
-0.06293087 -0.01087999 0.05512012
-0.06604882 -0.08058301 -0.00930415
0.34865814 -0.06591832 0.01015694
-0.16784209 0.04173955 -0.00127598
0.37731892 -0.02590168 -0.01871311
-0.11526969 -0.00202082 0.05014537
0.02549644 -0.07306330 0.02512388
-0.40318537 -0.01129634 0.02827588
0.12794849 -0.02698355 0.06461355
-0.28051576 -0.05724308 0.06121998
0.23372114 -0.01564260 0.04701338
-0.21478468 -0.08306640 -0.01004042
0.08525514 -0.06009608 0.06472629
-0.07058996 0.00780299 -0.01150191
0.24297218 -0.07297807 0.04568981
0.19032525 -0.07552183 -0.03705519
-0.43569750 -0.08072672 0.01840781
0.24658740 -0.02612733 -0.00639640
-0.07955827 -0.02093058 0.05475179
-0.04879958 -0.00957565 0.05629552
-0.08678901 0.01062053 0.02299214
-0.22734335 0.02315668 -0.05389158
-0.13381329 -0.04336716 -0.07185815
0.00635705 -0.01131703 -0.00876577
0.30000523 -0.01798034 -0.03565076
-0.43423355 -0.07490029 -0.05761829
0.01657806 -0.03548289 0.06108585
-0.19651911 0.03324471 -0.04922407
0.28955695 -0.04968831 -0.04206563
0.36986989 -0.03652153 -0.02915319
0.38520998 -0.03222046 -0.02161011
0.09971072 -0.08148288 -0.00152235
0.01201719 -0.00729005 -0.05232023
-0.24467680 -0.07813008 -0.02760735
-0.12955013 0.01572039 -0.04712492
-0.14952090 0.02294828 0.02521083
-0.41111547 -0.05163636 0.06722687
0.28760788 -0.07294127 -0.03825179
0.25762835 -0.03935144 0.05839410
-0.16169682 0.01749216 -0.01543600
-0.05592591 0.01734142 0.02011280
-0.07735202 0.00666067 0.06052059
0.12260594 -0.01499436 -0.00594960
-0.22026300 -0.08117191 0.01644910
-0.04799498 -0.07597647 0.05759411
-0.05327465 -0.07790145 0.05493787
0.05209956 -0.01837471 -0.00910106
-0.16746888 0.01173348 -0.05382473
0.11035068 -0.00014957 -0.05560973
-0.06569991 -0.05156321 -0.06436399
0.00568590 -0.07110302 -0.06064422
0.38020825 -0.04707868 0.01516779
-0.05139991 -0.03846080 0.06736101
-0.04407950 0.00664936 -0.04546382
-0.03612875 -0.07011020 0.04718372
-0.18120225 -0.07673652 0.05167980
0.05741072 0.01537702 -0.01395545
0.19210999 -0.01169042 -0.02134435
-0.31175262 -0.07876246 0.04806283
0.07044474 -0.01629698 -0.06736057
-0.46584666 -0.07223826 0.03957138
-0.23414707 0.03490818 -0.05648320
0.17484650 -0.01255564 0.01699429
-0.22188962 0.02016285 -0.00553297
-0.37415972 -0.08468477 -0.00939565
0.22213607 -0.03667722 0.06224938
0.21638140 -0.06482547 -0.05279526
0.12347689 -0.02121720 -0.05156121
-0.47271219 -0.04184874 -0.02211621
-0.26232094 0.04169598 0.03996579
0.10240979 -0.02108710 -0.06719854
0.33676517 -0.03776849 -0.02788106
-0.12496764 -0.01874706 -0.07195128
-0.22853397 0.00338003 0.04156494
0.24018309 -0.01943028 -0.04283125
-0.19610205 0.01728349 0.00664810
-0.37713325 -0.05216770 0.06576412
0.17360000 -0.02732603 -0.04301133
0.29532433 -0.06721320 -0.02631297
0.17483154 -0.08197524 -0.01297062
-0.13721499 -0.02411880 -0.06865740
-0.00811351 -0.02149961 -0.06513618
-0.19726850 -0.03833017 0.06141164
0.07182910 -0.01587247 0.04944032
0.02811072 0.01477341 0.04232922
-0.16981882 0.05248718 0.02102042
0.25143921 -0.01857472 -0.05747706
-0.22998472 -0.02274531 -0.01872174
-0.13656695 -0.01425961 0.05755964
0.25037044 -0.02621620 0.04980496
-0.14153881 0.01515374 -0.06003625
0.19693996 -0.00545639 0.01207100
-0.40710789 -0.03803053 0.06275715
0.04508875 -0.02527970 -0.04307446
-0.41897446 -0.03336282 -0.07122127
-0.27014142 -0.03159731 0.03485655
-0.00322798 -0.01279954 -0.05987075
-0.48069122 -0.05845047 -0.03307673
0.18515655 -0.01719508 -0.04873056
-0.38003355 -0.05170856 -0.04941155
0.31353888 -0.05003974 -0.04907579
-0.27089435 0.04536916 0.03363112
-0.12802145 -0.02550649 0.04112195
-0.26004517 0.01836677 -0.05723945
-0.25563437 -0.03039178 -0.06919972
0.36309916 -0.06801318 0.01342395
0.27400637 -0.07599002 0.03440192
-0.11441531 -0.07790766 0.04525557
0.14947720 -0.08253933 -0.01423523
-0.32030222 -0.08659462 0.00698898
-0.14344117 0.00602369 -0.05819118
-0.33235410 -0.08099034 -0.04881412
-0.25849408 0.04327478 -0.01439908
-0.10326743 -0.07732561 -0.04795885
-0.08692262 -0.07505667 -0.06133444
0.12037581 -0.03441870 0.06361824
-0.19911157 -0.07975789 0.01876200
-0.04530227 -0.00361534 -0.00676930
0.04768604 -0.00347655 -0.01580424
-0.27851811 0.01676774 -0.00610915
-0.15389682 -0.03411509 0.06219945
-0.14256774 -0.02471061 0.02081142
-0.42092243 -0.08037586 0.02853249
-0.15380403 0.01526351 -0.05411473
-0.14508145 -0.07551340 0.02726428
-0.23741026 -0.05270079 -0.06634776
-0.28904441 -0.05594521 -0.06696949
-0.25833938 -0.08234709 0.00124669
0.01382897 -0.00308339 -0.02125099
0.12306294 -0.01880578 0.05347415
-0.33962888 -0.01168822 0.01672559
0.12993382 -0.03341024 0.06306976
0.41595820 -0.02630093 0.01406776
0.15396255 -0.07406668 -0.05698764
-0.41404662 -0.06811740 -0.02552686
-0.34880590 -0.00846030 -0.02089956
0.42971489 -0.03665390 0.01127786
-0.44941163 -0.07323395 -0.00978617
0.10533664 -0.02240968 0.01587359
-0.28826874 -0.00992897 -0.06735443
0.06863065 -0.04412611 -0.06934659
-0.34819472 0.01318583 0.02643424
-0.12491672 0.02738140 -0.04051459
-0.13838944 -0.07743175 0.02452348
0.18807942 -0.08287046 -0.02167135
0.31776762 -0.02429130 -0.00843217
-0.28145233 -0.07843038 -0.03267217
-0.26258281 -0.03899248 -0.06728654
0.12938523 -0.07445659 0.03734928
0.33109951 -0.03414653 -0.04306047
0.19338375 -0.02793922 0.05046684
-0.22523735 -0.01059807 0.05740641
-0.10730362 -0.01384293 -0.05884345
-0.27750874 -0.01767385 0.05607584
0.16494554 -0.01408858 0.04788248
-0.17031604 0.02124530 -0.00452755
-0.22096753 0.03473646 0.03006834
-0.26855168 -0.01821637 -0.04603686
-0.05192791 -0.08742052 -0.02028215
0.08855016 -0.08189972 -0.02716686
0.03750161 -0.08138815 -0.01687531
0.08390334 -0.06070267 0.06367149
0.25513136 -0.01982611 0.01238427
-0.10528538 -0.08137289 -0.03307714
0.17224640 -0.02160445 -0.02043358
-0.09393977 0.00801460 -0.04966602
-0.06830521 0.02077045 -0.02516259
0.14267132 -0.05785377 0.06224908
-0.44140163 -0.07923069 -0.00454007
0.08761265 -0.02070622 0.06407536
-0.21967770 -0.05973127 -0.05972248
0.19558011 -0.02414266 0.03393140
-0.26388630 -0.02422848 0.00438233
-0.25284874 -0.04600203 -0.06619850
-0.23191901 0.06023363 -0.00856064
0.38893479 -0.02853145 0.01275758
0.06583817 -0.01906108 0.04352523
-0.33368933 -0.01759079 0.05770662
0.02726231 -0.03904711 -0.06765884
0.47659257 -0.02843490 -0.00604564
0.00496407 0.00740187 0.00001220
0.14352685 -0.02590376 0.06166159
-0.11278166 0.00915077 0.04325326
0.31594625 -0.03677286 -0.04186057
0.06580110 -0.00193598 0.00993185
-0.01279065 -0.01826023 -0.06905092
0.01428421 -0.08021697 -0.02596364
0.22394653 -0.02104479 0.01235501
-0.39794675 -0.02775007 -0.05177805
-0.16211256 0.02858622 0.05490216
0.32064918 -0.08091550 -0.01197581
-0.21179029 0.02078268 -0.04250895
-0.17206654 -0.05659319 0.06144608
-0.09561951 -0.01207525 -0.05161545
-0.16533840 -0.08173154 -0.02625007
-0.30834144 -0.01073716 0.01928410
-0.21957302 -0.05714157 0.05902242
-0.39476049 -0.03024303 0.01579381
0.21865067 -0.06800197 0.04491265
-0.02130977 -0.07902685 -0.04249381
-0.05693236 -0.08476930 0.00356431
-0.33707893 0.01183515 0.03769005
-0.25197646 -0.04723812 -0.02952500
0.42197174 -0.03553878 0.01771613
-0.45607093 -0.03330974 -0.03065803
0.25371909 -0.02571818 0.04098246
-0.01605045 -0.07139805 0.01783760
-0.18393849 -0.00248362 0.04931952
-0.07123180 -0.04976013 0.06521554
-0.32398504 0.00225315 0.04673892
-0.33912742 -0.03759982 0.06891211
-0.02086571 0.00303699 -0.02926676
-0.47230810 -0.04163649 0.00195565
-0.26383242 -0.02792077 -0.07246191
-0.21374457 -0.02730276 0.00099314
-0.11197938 -0.00689249 -0.05420243
0.02317131 -0.00196973 0.03489345
-0.12773967 -0.00791771 0.06251270
-0.25229019 0.03091904 -0.02831148
-0.13978378 -0.07175566 0.05563657
-0.19285256 0.01350014 -0.05295137
0.02265940 -0.02322231 0.06897506
0.17528710 -0.08173236 -0.01002427
-0.04923897 -0.07225155 0.05486491
0.06215099 -0.00971977 -0.05602189
-0.06247137 -0.00027435 -0.06190874
-0.00346344 -0.02001920 -0.00950494
0.12952630 -0.00962448 -0.01975159
-0.28670347 -0.01674145 0.06303342
-0.18686946 0.02271544 0.01822993
0.21459755 -0.03124818 -0.00197107
-0.05623157 -0.01167267 0.06185685
-0.43969256 -0.08374093 0.01575007
-0.25696978 0.02815528 0.03788121
-0.42908943 -0.03952657 0.04731943
-0.25989982 0.05341056 -0.00496082
-0.38385063 -0.02557603 0.04990415
-0.31584382 -0.03361252 0.06675716
0.02401311 -0.00061536 -0.05197016
-0.02092814 -0.02072747 0.05402659
0.17626029 -0.01008464 -0.05834853
-0.01477138 -0.07036150 -0.00081256
-0.18840128 -0.07559089 0.01198792
-0.23231351 -0.05435449 0.03982338
0.06275611 -0.07181793 0.06070430
-0.22090954 -0.04896030 0.06652073
-0.28966546 0.00761538 0.05619985
0.11043397 -0.03474600 0.03995914
-0.21658596 -0.00859897 -0.05379588
0.30924049 -0.08553670 0.00911498
-0.26232246 -0.05756421 0.06180348
0.37485942 -0.05747265 -0.01457928
-0.20250271 -0.08304317 -0.01671782
0.10233109 -0.07460896 -0.05510715
-0.32585821 -0.00474952 0.01688064
0.08717458 -0.03671883 0.06836594
0.37436309 -0.04671600 -0.01512861
-0.26648289 -0.05105979 -0.07117931
-0.24224111 0.00127721 0.04302792
0.04062605 -0.03907788 0.06706831
0.21803585 -0.03010100 0.06190353
-0.05350833 -0.02003931 -0.03900940
-0.01232908 -0.01438924 -0.06316712
0.00272185 0.01449152 -0.04671462
-0.26167345 -0.03094437 -0.06829230
0.21132946 -0.01516723 0.01216122
-0.29338181 -0.00948890 0.01474249
0.24902694 -0.02781307 -0.06071923
0.27939373 -0.02692730 0.03903911
-0.27677020 -0.02025235 -0.05467746
-0.15110439 -0.00319436 -0.05616324
0.21328756 -0.00561370 -0.03303405
0.33684224 -0.02194181 -0.02168728
0.21375652 -0.08350675 -0.00693502
-0.22627679 -0.07307123 -0.03542347
0.18542443 -0.07629018 -0.04360329
0.00316093 -0.03905193 -0.07202994
0.05045967 -0.07815269 0.03047943
-0.03264357 -0.04441248 -0.07056303
-0.44658551 -0.07896304 -0.03685315
0.25771663 -0.02681218 -0.02185054
0.36638665 -0.07035194 0.00870256
0.04017172 -0.00130901 -0.02238429
0.19999510 -0.08501662 -0.00128874
0.04856493 -0.02814950 -0.07325450
0.06916580 0.00177851 -0.03011662
0.02700639 -0.08567625 0.02153778
0.13659610 -0.02802610 0.06855039
-0.34688804 -0.07796506 0.05981411
-0.10878540 0.04460345 0.02065339
0.14855999 -0.07487839 -0.04507805
0.05783731 -0.02732548 -0.07313149
0.28588092 -0.08469317 0.00268892
-0.27250540 -0.01212549 -0.00433984
0.02676486 -0.03206757 -0.07004458
-0.23987676 -0.06836613 -0.06036779
-0.06937923 -0.07464639 -0.04432545
-0.26203474 -0.05153555 0.06403773
-0.15985090 -0.03319830 -0.06777104
-0.27455810 0.00334090 -0.05448017
-0.20028040 -0.08442443 -0.00140098
-0.05481875 0.00542407 -0.00895009
0.17564443 -0.00337809 -0.03463548
-0.42728758 -0.06912433 -0.03586593
-0.05409589 -0.02098440 0.04776369
-0.03837723 -0.01558727 0.06943840
0.18812260 -0.06306598 0.05834972
-0.15741028 -0.07154478 -0.01720250
-0.32500148 -0.03305305 -0.03175354
-0.29979467 -0.08314095 0.02941353
0.35839084 -0.07778423 -0.01840597
-0.16978283 -0.06589524 0.06192307
-0.29358763 0.00096272 -0.01667583
-0.19129471 0.01622761 0.04003261
-0.14477916 -0.00890614 -0.03575145
-0.03242910 0.01701543 -0.05073781
-0.06882109 -0.05883671 -0.06268582
-0.16753925 -0.05664174 -0.06177743
0.38701597 -0.03705392 -0.02949075
-0.09253860 0.01049710 -0.05248315
0.20411620 -0.05956011 0.05393873
0.11022614 -0.02999180 0.06822938
-0.32170627 -0.02994075 -0.06526114
0.37567610 -0.07381514 -0.00084773
-0.24008413 -0.01019499 0.04243766
-0.26844028 -0.00116063 -0.05471759
-0.45805714 -0.08385760 0.01817332
-0.28372419 -0.04781719 0.06560472
-0.06656858 -0.02626856 0.04606500
-0.20850272 0.04766767 0.02123693
0.24087578 -0.00896623 -0.02118881
-0.01742373 -0.01169704 0.05977555
-0.23477724 -0.07973204 -0.04847919
-0.25915337 0.02300245 0.00583645
-0.27491471 -0.02297225 -0.07039554
0.08886226 -0.06093189 -0.06467060
-0.17324871 -0.08369297 -0.00582370
-0.25852773 -0.03984240 -0.05111317
0.47623888 -0.02874746 0.00064829
-0.20580898 -0.02364565 0.04479818
-0.35971701 -0.00604846 -0.03072555
0.35596037 -0.07995263 -0.00498347
-0.29760143 0.00705147 0.01635135
-0.18907465 -0.01656787 -0.04534474
-0.08106033 -0.06889720 0.06049379
-0.40484628 -0.03569027 0.03898390
0.33278763 -0.07550167 0.00777879
-0.22966260 -0.08560751 0.02254761
-0.37391526 -0.01843553 -0.01645881
0.23695616 -0.06015800 -0.05244450
0.19918324 -0.08171880 0.02014526
0.16096559 -0.01458381 -0.04042866
0.17494804 -0.08558325 0.00911646
-0.47207412 -0.04096423 -0.02550945
-0.07026346 -0.08024821 -0.04769073
-0.12895975 -0.05902376 -0.06361693
-0.33240452 -0.02765840 0.05605077
0.30780986 -0.07910649 -0.00826908
-0.14546001 0.01753873 0.04457553
-0.27786404 -0.08473306 -0.02850467
0.35843098 -0.02494599 0.03194590
-0.39334345 -0.01179799 -0.04792041
0.02614618 -0.07620563 -0.04541574
-0.45720887 -0.03630845 -0.06851514
0.15367043 -0.04031164 0.06600314
-0.37375420 -0.03348449 -0.06252392
-0.34359813 -0.02158432 -0.02211775
-0.34984401 -0.07308806 -0.05027526
-0.18666229 0.04632468 0.04604854
-0.34989557 -0.08362499 -0.03408875
0.11442937 -0.00500658 0.02418542
0.23105721 -0.04045042 0.05667527
0.27959055 -0.02418886 0.05121848
-0.27274072 -0.08328718 -0.04869236
-0.04445821 -0.08018862 -0.02114500
0.41041875 -0.03262927 0.01795124
-0.26622170 -0.04623099 -0.00084805
-0.37603933 -0.02584621 0.01250530
-0.29124764 -0.02401338 0.04584242
-0.32972819 -0.01953895 0.06654313
0.34084058 -0.03634173 -0.03056449
-0.44734028 -0.06687552 -0.06281180
-0.22018439 -0.06335915 -0.05322247
0.41126662 -0.03440313 -0.01460317
0.12138328 -0.05601927 -0.03185962
0.01152749 -0.01035022 0.06440739
-0.19249280 -0.02823484 -0.02005550
-0.18286037 -0.02879599 0.06603061
0.07851057 -0.02013157 -0.02707832
-0.38275859 -0.05287366 0.06636783
-0.41831023 -0.03911057 0.06574178
0.03048754 0.01700943 -0.02197770
-0.10017486 0.01116208 0.02862296
-0.32834440 -0.06642156 0.06380285
-0.31663427 -0.01943840 0.03909560
-0.17023538 0.01649112 0.03962721
-0.42386365 -0.03337688 0.07149450
-0.05941704 0.00074573 -0.03195971
0.32696843 -0.02565955 -0.00338140
0.00555613 -0.07282922 -0.04902380
0.37004513 -0.05572563 0.02274748
-0.21684948 -0.02414868 -0.06677833
-0.04486729 -0.02857940 -0.04021611
-0.14926338 -0.04638181 0.06625166
-0.27074295 0.02834681 0.02043239
0.19619229 -0.02092942 -0.05652761
-0.37597683 -0.08303455 -0.04916235
-0.43812525 -0.05480647 0.05771377
-0.47572523 -0.05328010 0.01032075
0.10057002 -0.01513149 0.05580290
-0.03403510 -0.02710343 -0.04532837
0.20247579 -0.02106593 -0.06470428
0.08247638 -0.01749904 -0.02212954
0.06141141 -0.03978448 -0.04373847
-0.29223147 -0.07052082 0.06125664
-0.02352304 -0.05728904 -0.06143315
0.18083887 -0.02437152 -0.04269362
-0.31979713 -0.05394415 -0.02438246
0.16662431 -0.07968406 0.00943534
0.09769243 0.01082040 0.00887501
-0.10220906 -0.04315601 0.06539141
0.11643634 -0.01414074 -0.06111903
-0.26155573 0.03167818 0.02108095
0.09535050 -0.06261903 0.05959503
-0.43783000 -0.05278267 -0.06324247
0.09679298 0.00236339 0.05124338
0.01875755 -0.01029694 -0.01876968
0.13921864 -0.02335586 -0.06655132
0.29650167 -0.04225373 0.05324507
0.44284600 -0.02706843 -0.01373997
-0.24978079 -0.03197794 0.06756002
-0.05230563 0.00175102 -0.05699632
0.37428805 -0.03480653 0.00030015
-0.18660763 -0.02784848 -0.04796344
-0.29445946 0.04862447 -0.01069794
-0.44144383 -0.02634858 -0.02678589
-0.18600795 0.01866268 -0.01383335
0.30190632 -0.04802609 0.04675809
-0.19688112 0.00057058 0.04095357
-0.34528974 0.01739998 0.03540548
-0.16241318 -0.06364292 0.04791762
0.27048701 -0.08038678 -0.00697667
-0.05049330 0.03586326 0.00288300
-0.29647237 0.02472736 0.04541919
-0.41861591 -0.02396785 -0.05103653
-0.41535056 -0.01095097 -0.00418121
0.19477814 -0.04696058 -0.06580581
-0.23028809 0.05114925 -0.01735423
-0.16769770 -0.06374224 -0.06344492
-0.02890766 0.02027948 0.02014387
0.10068365 -0.06251791 -0.06388730
-0.28155982 -0.04637153 0.06351453
-0.07740080 -0.07429161 0.01329906
-0.09956901 -0.03399771 0.06992867
-0.03699222 -0.00388071 -0.05142745
-0.16909932 0.04182487 0.03089597
0.15403725 -0.02165637 0.05928107
0.15843889 -0.01495763 -0.05775789
0.35520005 -0.03045310 -0.04050592
-0.07472133 0.03070446 -0.04334895
-0.40963051 -0.04233685 -0.06415914
-0.15252374 0.01560952 0.02705626
0.16857746 -0.08208872 0.00076250
0.02850197 -0.02296120 -0.05886946
-0.19956908 -0.02837679 0.01405390
-0.19374785 -0.00198695 -0.01653105
0.10858422 -0.01187614 0.00828150
-0.09570400 -0.04285583 -0.06890141
0.01630655 -0.03532436 0.06716465
-0.23762263 -0.08392571 0.03271765
-0.21823558 0.00206935 -0.05841887
0.16346073 -0.07921036 0.04974649
-0.14107838 -0.01269487 0.03369100
-0.21709917 -0.02957139 0.01104961
-0.20199932 -0.04708916 -0.06595486
0.08947749 0.01045447 0.01513727
-0.45050225 -0.05176006 -0.04925334
-0.11704520 0.02852073 -0.03741119
0.30976868 -0.02653901 -0.04810159
0.19230914 -0.04138752 -0.06851828
-0.29596689 -0.02652884 0.06554251
-0.04256487 0.03011947 -0.03976441
-0.37912264 -0.01876006 -0.06835120
0.18168333 -0.01182065 -0.04364950
0.32151967 -0.07302703 -0.02827550
-0.44372454 -0.04119431 -0.03844346
-0.09226081 0.02074075 -0.02650350
0.18446898 -0.06154197 0.04856513
-0.40316895 -0.07805575 -0.02418219
-0.09468344 -0.07242115 0.00517687
0.10961749 -0.06548751 0.05877542
0.13637355 -0.02927838 -0.06739355
-0.27547643 -0.02249039 0.00787225
-0.03608701 -0.02208101 -0.06556920
0.02919330 -0.08046778 -0.02865728
-0.02545747 -0.08334985 -0.02054535
0.06004316 -0.01965196 -0.01696478
0.12081775 -0.02821471 -0.04924234
-0.30547160 -0.01462928 0.01264812
-0.22260477 -0.00959632 0.02206488
-0.29776374 -0.08430675 -0.01929042
0.31505066 -0.07326601 -0.03238436
0.09944335 -0.06985358 -0.05737934
-0.24168582 0.01067535 0.05910494
-0.26030448 0.00737867 -0.04432175
-0.18992609 0.01828662 -0.02241046
0.04436706 -0.05997488 0.06357093
-0.10589978 0.01042443 0.04947951
-0.19228114 0.00045972 0.02966763
-0.43005767 -0.04227618 -0.01378270
0.07332953 -0.04536408 -0.05101988
-0.21399735 -0.00833008 -0.06624565
0.29941410 -0.02715993 0.00257474
-0.16554958 -0.06240634 -0.04178266
0.07829154 -0.03258793 -0.06916150
-0.30613920 -0.08381981 -0.04379406
0.13865560 -0.07481226 0.04828404
0.19403759 -0.07621558 -0.04533763
-0.21840587 0.02347144 0.01370901
-0.36357269 -0.04285184 0.01235037
-0.03392976 -0.00157800 0.00223296
-0.12130409 -0.06085762 -0.04431105
0.10575093 -0.08066610 -0.02448037
0.12822270 -0.02139918 0.06303405
0.12528339 -0.01037999 0.03396921
0.05761497 -0.02620057 0.06520472
-0.25124323 -0.08055135 -0.01149737
-0.33006173 -0.06786752 0.05966812
0.28440157 -0.02687095 0.02512548
-0.43136939 -0.04326191 0.04934371
-0.05505248 0.00737716 0.05005497
0.02812990 0.00791819 -0.02861374
-0.00681867 -0.01126286 0.02797015
-0.16107695 -0.04901532 0.06362802
-0.06723537 -0.00997288 -0.05352056
0.01548267 -0.00173390 -0.03599830
-0.17794995 0.03090181 -0.03710276
-0.02668818 -0.06567910 0.06102273
-0.02578320 -0.02448712 0.02200596
-0.19718128 -0.01072109 -0.05437721
0.06398831 0.01357445 -0.00512271
-0.29259765 -0.03640464 0.06709769
-0.18001020 0.00717876 0.04286183
-0.02157388 0.01092311 -0.02682970
0.00680931 -0.07834364 -0.04166698
-0.25045383 -0.04798941 0.00027561
0.36541685 -0.06498159 0.01448199
-0.26463085 -0.02569619 -0.02184726
-0.23864876 0.00480227 -0.05441606
0.30377570 -0.02039407 0.04314671
0.32641444 -0.03095384 0.04343781
-0.01537876 -0.02602035 0.05696726
-0.12365784 0.01944756 -0.03323730
0.37006992 -0.07622362 0.01076031
0.37517723 -0.02351996 -0.03603819
0.30102170 -0.02018819 0.00204740
-0.27013072 0.02540226 -0.03078478
-0.02489962 -0.02756567 -0.07338872
0.23776895 -0.02196043 0.01344986
-0.21590969 0.00891388 -0.00035618
0.09117393 -0.08076101 0.05021900
-0.45338148 -0.05325218 -0.03347272
-0.15776649 -0.02353429 0.02607299
0.24894729 -0.01230783 -0.03850599
-0.29562920 -0.06218946 0.02308036
-0.40685534 -0.03360712 -0.02420237
-0.13137901 0.02229240 0.03594511
-0.30205724 -0.00862915 -0.00207854
-0.23323727 -0.08273946 0.02510283
-0.45441979 -0.04731829 0.05715811
-0.07593681 -0.02465458 0.06655415
-0.14721480 0.02758104 0.02505253
0.38508832 -0.04542940 0.01183938
-0.00628067 -0.02566409 0.05693680
-0.12330426 -0.06147086 0.06515358
-0.15500563 -0.04432497 0.06275868
0.36667788 -0.07749065 0.00791978
-0.27199030 -0.02691399 0.06833237
0.31244874 -0.02407968 -0.01134678
0.10781213 -0.01933073 0.02770091
-0.09100686 -0.01581049 0.06733097
-0.23388195 -0.04794167 0.06296857
-0.13689853 0.00037349 0.05996194
-0.23537610 -0.02121252 0.05578697
-0.44883683 -0.06442597 0.05021748
0.21530475 -0.08309950 0.02890510
0.19853516 -0.08195468 -0.02254761
0.07544640 -0.05895726 -0.06486642
0.24879679 -0.01386849 -0.02967813
-0.07140165 -0.08232501 -0.00086708
0.30856767 -0.04329368 0.04896463
0.09372211 -0.01279604 0.01593152
0.30307546 -0.07765082 0.02547980
0.22921252 -0.02629165 -0.00021997
0.13801134 -0.02370898 -0.06679253
0.19355948 -0.08592291 0.00840094
-0.35805064 -0.00363381 -0.02909283
0.23615798 -0.03346896 0.05751950
0.16393609 0.00888783 -0.00348131
-0.21562719 -0.08298245 0.03652124
0.03226281 -0.07687075 -0.05113785
0.04993481 -0.01888667 0.05725315
0.00195526 -0.02803786 -0.02548437
-0.04926387 0.03690701 -0.03438456
-0.35329464 -0.05953477 -0.06798393
0.21592818 -0.00697905 0.03599130
-0.38870397 -0.02571794 0.03917891
-0.20360915 0.03543436 0.01534562
-0.15406995 -0.03794645 0.06950285
-0.17176911 -0.05833403 0.06209169
-0.18127573 0.02280557 -0.03577016
-0.09991214 0.01432431 -0.04619900
-0.34855089 -0.03320738 -0.07320523
-0.44117633 -0.04105835 -0.04498618
-0.06048114 0.00751524 0.06238357
-0.25370729 0.01717714 -0.04882952
0.36787540 -0.02088515 -0.03278488
0.06341851 -0.02049125 -0.03295520
-0.29885077 0.03446412 -0.00496590
-0.09685738 -0.08102182 -0.03236390
0.16521996 -0.02689859 -0.06955971
0.24387349 -0.01541390 -0.02334923
-0.39700770 -0.07507822 -0.05431861
-0.31017783 0.01579717 -0.00736030
0.27412996 -0.04765322 0.05534350
0.20073979 -0.01351175 0.02373482
-0.05519941 -0.02768201 0.05669439
-0.44379961 -0.05189713 0.04219152
-0.11109508 -0.04250290 -0.07161655
-0.25642782 0.01297346 0.04520291
0.10523809 -0.00977011 -0.03046717
-0.13081451 -0.02377198 0.04437762
0.14034024 -0.08319013 -0.00165651
-0.26574445 -0.02337908 0.06269006
-0.09581329 -0.00423587 0.03223810
-0.35598913 -0.08188526 -0.01012050
-0.03433974 -0.08227888 -0.00922238
-0.26651666 -0.08317347 0.01629570
0.31062403 -0.07506515 0.03076111
0.33265823 -0.02878512 0.01750486
0.06238170 0.00116796 -0.05033093
-0.41003793 -0.05774047 -0.02429680
0.33198243 -0.02346203 -0.04199089
-0.12209646 0.00101081 -0.03558957
-0.05787205 -0.00668955 0.04436228
-0.09452385 -0.02944737 -0.04369920
0.35143769 -0.06030871 0.02564944
0.15806267 -0.01241899 -0.05191476
0.22781448 -0.00872537 -0.00530054
-0.15695468 0.00991735 0.05436210
-0.17074215 -0.00344684 0.06076162
-0.28809127 0.00456639 -0.04793440
-0.11440901 -0.01375710 -0.01047897
0.09449580 -0.00940493 -0.03132955
-0.17825316 -0.05068940 0.06457032
0.35519972 -0.02470244 -0.01600854
-0.09903737 -0.08592021 0.00662445
-0.44211853 -0.06551807 -0.05921289
-0.29933220 0.01931020 -0.04370435
-0.08496241 -0.07576197 -0.00386567
0.40145305 -0.03823200 0.01861743
-0.37749219 -0.02376187 -0.07068442
0.29466388 -0.04889448 0.04131261
-0.29513749 0.01688997 0.03954790
-0.31730291 -0.08452471 -0.00705740
-0.32355866 -0.04149132 0.06979793
-0.22509912 -0.02985663 0.06776310
-0.40760550 -0.02097797 -0.01500564
0.19962493 -0.07953031 0.02849857
0.37484929 -0.02867002 -0.00636058
-0.00918697 -0.07284707 -0.05810023
-0.09820165 0.01409274 0.04419948
-0.45315418 -0.04760272 -0.02234263
-0.20213386 -0.00002359 0.01596081
-0.19775501 -0.08183707 -0.00725260
-0.45987409 -0.03642733 0.04161156
-0.43682265 -0.03877157 0.02332161
-0.10569550 0.01516733 -0.05577299
-0.32724994 -0.00809261 -0.02097431
0.07549967 -0.00456819 -0.02391106
-0.45333531 -0.05372585 -0.06336468
-0.14396325 -0.01382154 0.05689249
0.04488643 -0.01959377 -0.06814345
-0.45316526 -0.05029749 -0.02194002
0.17708991 -0.02265315 0.05968879
0.16930270 -0.07783208 -0.03946455
-0.40380725 -0.08027448 -0.04065436
0.26235679 -0.08480949 -0.00495136
-0.16944799 0.01797736 -0.00225208
-0.05043754 -0.00486778 0.04554462
-0.28961799 -0.01916516 -0.06857006
-0.02643515 0.01727514 -0.04245751
-0.14319651 0.02683157 0.04427285
-0.33264136 0.01932346 0.03977547
0.17333080 -0.06620117 -0.05866611
-0.26370978 -0.00608583 -0.07052787
-0.41902235 -0.03435185 0.04871419
-0.19606374 -0.08122230 0.04526995
-0.25352862 -0.01409079 -0.04788777
-0.21522093 -0.02170769 0.00463663
0.20360772 -0.01867908 -0.04795844
-0.07196520 0.02127834 0.04046743
-0.28991047 -0.02431756 -0.01478249
-0.24492656 -0.01074490 0.06287977
-0.11362380 -0.00232871 0.02697962
0.39651084 -0.03848788 0.02693258
0.33967587 -0.03315685 0.03994832
-0.42567685 -0.04058095 0.03821623
-0.46323133 -0.04851776 -0.06939051
0.36185846 -0.06145842 0.02528076
-0.22221354 -0.06308349 -0.06600581
-0.20694019 -0.02719115 0.06576754
-0.37091830 -0.05581982 -0.03118623
0.02619274 -0.01354216 0.01031823
0.08525017 -0.07875428 -0.05359100
-0.35111064 -0.05562142 -0.05226777
0.24966967 -0.01981831 -0.01906887
-0.36499944 -0.03809137 0.06861313
-0.40586492 -0.07992955 -0.02890883
0.27581125 -0.01970582 -0.05346544
-0.05319958 -0.07048444 -0.05267005
-0.05478025 -0.00058835 0.06160944
-0.25396106 0.02706389 0.00399673
0.09225351 -0.01645840 -0.01824495
-0.30277142 0.02064707 -0.02845010
0.16014145 -0.01064370 0.05145183
-0.37076500 -0.08231446 -0.03365692
0.35408366 -0.02090847 -0.03375456
0.08974531 -0.00871432 -0.00426094
-0.38708267 -0.08391534 -0.01333554
-0.47124735 -0.07499340 -0.03744967
-0.13224536 0.02132960 0.05190512
-0.05979391 -0.03309240 0.05831363
0.01052962 -0.00877702 0.01657971
-0.24106568 -0.01069774 -0.05438660
-0.28100416 0.00264868 0.03536240
0.02776871 -0.01736623 -0.00167940
0.19283037 -0.06486225 -0.05588224
0.10293063 -0.02282796 0.00888114
0.09387321 -0.00728097 0.06094857
0.08938198 -0.01545831 0.04312871
-0.39923748 -0.03105895 0.04791835
-0.43160737 -0.07198099 0.05713607
-0.10001360 -0.08366149 0.02249341
0.01762172 -0.01180798 -0.05537396
-0.40494853 -0.03863643 0.05794011
0.29644510 -0.02267687 0.03362264
-0.11003596 -0.06116765 0.06397118
0.07122791 -0.00795932 0.00647583
-0.00413840 -0.08144116 -0.01903581
-0.08760656 -0.00620905 -0.04868660
-0.35043681 -0.07720003 0.04534305
-0.37467313 -0.07659645 -0.05655163
-0.43133387 -0.08674039 0.00412315
-0.18225864 -0.02432335 -0.00484350
-0.18291402 0.04693098 0.01161923
0.38353822 -0.05310504 0.02248085
-0.27118567 -0.04767680 -0.03115177
-0.10842524 -0.05122136 0.06613707
0.42683762 -0.02626980 -0.00436622
-0.10156200 0.04435844 0.02158903
-0.24318865 -0.01310541 -0.05288813
0.34073392 -0.03138606 0.01571151
0.00612178 0.00054077 -0.03801440
-0.03742950 0.01248114 -0.03220477
-0.42525756 -0.07218627 0.05764649
0.27161494 -0.03882437 -0.04966187
0.42108619 -0.06640118 -0.00677887
-0.47704136 -0.06857600 0.00476695
-0.40552160 -0.01629985 0.01359223
-0.36888689 -0.01224451 -0.00061616
-0.13389112 0.04220653 0.04664432
-0.10516486 -0.07771137 -0.05041705
-0.06820237 -0.07856963 0.00829021
-0.30838916 0.00776152 -0.04223369
-0.03311563 0.00302482 0.04523505
0.13348635 -0.08083181 -0.01506940
0.12875758 -0.03071878 0.06565530
-0.22388844 -0.07853053 0.01547346
-0.16604896 0.00720498 -0.04898171
0.00784894 -0.00852152 0.06160417
0.06793376 -0.04178655 -0.06869909
-0.10458516 -0.02851657 0.06160780
0.47264433 -0.02827403 0.00381690
-0.15280509 0.01297915 -0.03239826
0.05736929 -0.00854468 0.03295107
-0.40939480 -0.03332140 -0.07548249
0.23584992 -0.03510538 0.05130488
-0.45030850 -0.06231429 0.05057782
-0.39904127 -0.02951729 -0.04899462
-0.32368216 -0.07863180 0.05870406
-0.42580852 -0.05824525 -0.06535253
-0.32513154 -0.00975858 -0.04626315
-0.16574852 -0.03151512 -0.07257716
0.00697400 -0.08330164 0.01303554
-0.01155859 -0.00785636 -0.01000844
-0.22857110 -0.00257741 0.02446653
-0.01786400 -0.01405595 0.06215949
-0.19068713 -0.08363789 -0.02636904
-0.37183112 -0.00203970 -0.01022098
-0.10986582 -0.01046368 -0.05493651
0.02936959 0.00804586 -0.04449247
0.29372129 -0.03229853 0.00218785
0.14875771 -0.07962587 -0.01723002
0.16451168 -0.01600567 -0.06649496
-0.32627353 -0.03056392 0.05096835
-0.07723095 0.01395871 -0.05327492
-0.03258680 -0.08406997 0.00428497
0.03003169 -0.01472330 0.03874035
-0.33405307 -0.01619161 -0.06404176
-0.09088574 -0.04872639 -0.05172811
0.05310309 -0.01142332 0.06124880
-0.04043711 -0.08425718 -0.03717547
-0.17782865 0.02921660 0.05282203
-0.15995002 -0.03110418 0.06068029
0.19171388 -0.07894472 -0.04066842
-0.07381465 -0.06203198 -0.02248422
0.20699398 -0.03378625 0.05747756
-0.30257323 -0.02682318 0.00198552
0.05342449 -0.01434322 0.05469633
0.23872449 -0.07425521 -0.04385840
-0.14964789 -0.08321474 0.01578452
-0.45125115 -0.07462545 -0.05137809
-0.15687713 -0.01191452 -0.04996371
-0.43008074 -0.02948992 -0.02541708
-0.11606146 0.03076341 0.03557117
-0.47260243 -0.05253045 0.05715645
-0.37592608 -0.07560541 0.05785257
0.29337826 -0.02192944 -0.01338469
-0.03193646 0.00691198 -0.04286260
-0.17193623 -0.01245647 -0.03452489
0.08190165 -0.01722652 0.05298009
0.09865594 -0.02263455 -0.05077347
-0.22975443 0.04313188 -0.02251603
-0.36233529 -0.01786411 0.01618744
-0.40517086 -0.06478388 0.06351359
0.14497848 -0.03642097 -0.05860837
-0.09334933 -0.08122107 0.00514286
0.00828832 -0.04763000 0.06424990
-0.30645096 0.00115550 -0.04801567
-0.45866215 -0.04371371 0.06450634
-0.43720531 -0.05943600 0.02643209
0.23572579 -0.02333967 -0.05914655
-0.01556029 -0.01517524 -0.06287386
0.11507428 -0.06038732 0.05966946
-0.10878129 -0.02195415 0.00802831
-0.07266305 -0.03183518 -0.02742010
-0.30298993 -0.05998473 0.03042993
-0.09592848 -0.01052323 -0.05529886
-0.23896530 0.02379972 0.04815661
0.05502110 -0.01402923 0.04110288
-0.29169023 -0.08228315 -0.04882798
-0.04328587 -0.00214686 -0.05196201
0.39184284 -0.07459784 -0.00365126
0.28494382 -0.02386483 -0.03515542
0.16876324 -0.01338791 -0.01616983
-0.30381015 -0.01411237 0.04541596
-0.27222025 -0.00195043 0.06066650
0.09581834 -0.06447342 0.06014496
0.16416444 -0.02462374 -0.06025970
-0.07959145 0.00678412 0.06277005
0.03390227 -0.01108787 0.03401949
-0.29711258 -0.06330465 -0.06081877
0.16683701 -0.02525967 -0.06652988
-0.14300549 -0.06613658 0.02952958
-0.21518825 0.04010434 -0.00519726
-0.05868313 -0.08050549 0.04193293
0.06056698 0.00805380 0.04345178
0.06660730 -0.02763646 0.06235942
-0.36673898 -0.06830805 0.06479606
0.36426908 -0.07866449 -0.01272597
0.29812291 -0.02937919 0.04427158
-0.35762870 -0.05181275 0.06472524
-0.37480274 -0.03539963 -0.06240049
0.03389977 -0.07527351 -0.04356509
-0.03997669 -0.05139051 0.06473596
-0.33524573 -0.08491590 -0.01058886
-0.33336839 0.01135432 0.05205988
0.43835789 -0.03639795 -0.00520720
0.05818366 -0.03073532 -0.07150480
0.05237597 -0.08381186 0.00207319
-0.18589886 -0.02557496 0.06566071
-0.28492194 0.00160626 -0.05208994
-0.22685044 -0.00948630 0.05639756
-0.18216331 0.04032215 0.03706223
-0.39186460 -0.08495323 0.01043648
-0.28701279 0.01929158 0.04309239
-0.02769082 -0.02076188 0.04950485
0.24921916 -0.02696036 -0.02298338
-0.44063914 -0.08216678 -0.01045718
-0.15490898 -0.01034843 0.05270797
-0.14687215 0.01142054 -0.00754998
-0.47443065 -0.06897999 0.02300059
-0.03235336 -0.07098673 0.06107270
0.22818370 -0.02015665 0.02472496
0.17733128 -0.01780485 -0.02585641
0.07760026 -0.05835097 0.05369283
-0.42121169 -0.05296014 0.02074644
-0.10474857 0.00001162 0.04787333
-0.04582906 -0.07881082 0.04038350
-0.05701959 -0.01255153 0.01617432
0.04687578 -0.02415926 0.01098145
-0.47036278 -0.05444029 0.05629312
-0.44261253 -0.02793290 0.06404583
-0.00295391 0.00181633 -0.05001230
-0.04005593 -0.02646516 0.05792605
0.08283161 -0.04386947 -0.07161956
-0.10433306 -0.02526573 0.06466942
-0.14579871 0.00746685 -0.00819059
0.07769175 0.01046500 -0.03069858
0.07285544 -0.03078999 -0.06898470
0.09472176 -0.07932930 -0.04473488
0.19621451 -0.03125890 0.00417895
0.26524013 -0.04870695 0.04928413
-0.34127241 -0.07261217 0.04339284
-0.01854022 0.00762293 -0.02690009
-0.10423096 0.01147015 0.05585987
0.28185317 -0.02912360 0.02466904
-0.23118153 0.04187005 0.01587554
-0.04173751 -0.06825655 0.04849662
0.09804221 -0.04066703 0.04297750
-0.20264743 0.04889331 -0.04600424
-0.33869228 -0.08516631 0.01085630
0.05611780 -0.00355381 -0.00723078
-0.07847828 0.03143997 -0.04617934
-0.18160695 -0.00016520 -0.01413548
-0.06817041 -0.02378338 -0.00985604
-0.14572613 -0.06912933 -0.04874836
-0.29958671 0.03588812 0.04206280
-0.03623784 -0.01865538 -0.06399743
-0.09569506 -0.02915140 -0.06677610
0.27305821 -0.01389069 0.03566698
0.08126224 -0.08145545 -0.03651369
0.35926294 -0.04369481 0.02818939
-0.20043482 -0.06835993 0.05668967
-0.06444464 -0.01946761 -0.04787703
0.06052184 -0.00225688 0.03525972
0.21896100 -0.01379338 0.00686261
0.04159989 -0.08052944 -0.03198130
-0.06615014 -0.00086820 -0.03281309
0.22203431 -0.07732179 0.00921088
-0.01735845 -0.07939512 0.01653530
-0.44200218 -0.05465271 0.05217215
-0.38771498 -0.09048254 0.00670659
-0.42184699 -0.03095284 0.01040271
-0.37186015 -0.03890020 0.06675402
-0.05259402 -0.02596194 0.06539458
0.43892643 -0.03067844 0.00493296
0.29071829 -0.01518498 -0.04267654
-0.16837186 -0.07360646 0.03077439
-0.06039666 -0.03574958 0.07217478
0.01687780 -0.02724198 -0.00498628
0.04067035 0.00026976 -0.03995137
-0.01748152 -0.04866979 -0.06939078
-0.44066665 -0.05207519 0.06480835
-0.46463299 -0.06867088 0.05754900
-0.36705601 -0.08240473 -0.02904204
-0.45868057 -0.04431532 0.06324703
-0.41201222 -0.06213812 0.04347188
-0.01344332 -0.08438329 0.01149749
-0.47686192 -0.07020777 -0.01364184
-0.31858405 0.02908658 -0.03632790
-0.10884449 -0.08315689 -0.00569830
-0.07879633 -0.05915176 -0.05925990
0.19771245 -0.01315354 0.04113459
0.19034505 -0.03482967 -0.02799715
-0.18608120 0.03372844 -0.02292710
0.02637691 0.02203031 -0.01078296
0.26150474 -0.01681245 0.03118843
0.00051193 -0.02648487 0.06798979
0.20684487 -0.06625268 -0.05164727
-0.19054607 -0.02319641 0.05645702
-0.07894058 -0.00552794 0.06360608
0.32016212 -0.02389553 0.03042924
0.03004011 -0.00602234 -0.03153449
-0.20240445 -0.05347658 -0.06325564
0.00287326 -0.07111542 0.01825475
0.03337819 -0.00048137 -0.04956992
-0.24250287 -0.00566724 -0.05587665
-0.10902123 -0.08502170 -0.00042933
0.27059016 -0.07594367 0.03334115
-0.29272184 0.00321404 -0.02033872
-0.09067670 -0.08530023 -0.02973719
-0.31364679 -0.07740840 0.02642677
-0.31441134 0.01072297 -0.04507163
-0.31062478 0.00386424 -0.05339419
-0.40306896 -0.06587747 0.03951600
-0.36653036 -0.08527780 -0.02484271
-0.27906910 0.02763096 -0.04807449
0.14655422 -0.02324018 0.04169403
0.39081636 -0.03174178 0.02644170
0.02560380 0.00402105 -0.03127673
0.43816712 -0.03091742 -0.02000416
0.38494420 -0.02310160 -0.00422325
0.06172432 -0.03186738 -0.06814890
-0.34933522 -0.04479222 -0.05289157
0.15727349 0.00115824 -0.03909547
0.05628343 0.00100601 0.04902786
0.36961180 -0.04588801 -0.04051464
-0.21122919 -0.00223548 -0.06547708
0.07039772 -0.02110854 0.06938510
-0.19273773 0.03792970 0.04229166
-0.26954550 -0.03953443 -0.06831726
-0.08122516 -0.02488018 -0.06497592
0.13877381 -0.07537791 0.05110009
-0.07712922 -0.07832679 0.02284931
-0.21438155 0.02917850 0.00868427
-0.01952088 -0.07386135 -0.02319170
0.44113252 -0.04776206 -0.00811041
0.02483000 0.00543374 0.04346227
-0.16665179 -0.07626414 -0.05099358
